0.85774
0.833621
0.859078
0.863605
0.862779
0.857236
0.856074
0.86347
0.848386
0.860196
0.859442
0.866654
0.859641
0.852804
0.864947
0.854513
0.866308
0.856769
0.858134
0.856457
0.858654
0.859033
0.859838
0.855495
0.865331
0.862769
0.8492
0.855048
0.856362
0.864159
0.858795
0.858715
0.859091
0.860921
0.855501
0.850677
0.85827
0.850821
0.839307
0.862721
0.85911
0.85777
0.858618
0.860995
0.858207
0.857279
0.851308
0.856432
0.860401
0.865182
0.861235
0.852132
0.855148
0.858235
0.861911
0.855386
0.858856
0.85473
0.835051
0.854129
0.853226
0.856734
0.859835
0.85267
0.852307
0.855416
0.865151
0.856631
0.861206
0.856181
0.852159
0.849406
0.859434
0.859802
0.862559
0.859092
0.865621
0.869037
0.854028
0.858223
0.858741
0.858535
0.86683
0.840102
0.860849
0.865864
0.85786
0.861173
0.856332
0.850386
0.849274
0.864495
0.855455
0.858483
0.859273
0.858375
0.863031
0.862096
0.854926
0.851752
0.842876
0.858114
0.860509
0.85099
0.859489
0.858742
0.858488
0.860575
0.857698
0.855588
0.864714
0.861029
0.852023
0.855904
0.861198
0.862231
0.859196
0.855623
0.869115
0.861783
0.858933
0.868854
0.853179
0.857276
0.855151
0.857929
0.854326
0.856771
0.850923
0.855195
0.854211
0.856555
0.852249
0.856877
0.854987
0.859343
0.856213
0.853044
0.860636
0.85991
0.861031
0.86267
0.857782
0.862525
0.85868
0.862767
0.859442
0.856766
0.85727
0.852791
0.84968
0.861273
0.857032
0.844108
0.867864
0.854228
0.858356
0.857137
0.855881
0.863419
0.837694
0.862535
0.856427
0.854455
0.858742
0.860874
0.862201
0.861162
0.857633
0.860637
0.859605
0.858348
0.859823
0.860678
0.859261
0.858708
0.861274
0.861465
0.862888
0.855638
0.857816
0.856113
0.85414
0.867378
0.860823
0.860912
0.850941
0.860317
0.856167
0.862768
0.840865
0.864829
0.863027
0.860828
0.852641
0.854552
0.84942
0.859425
0.865463
0.855536
0.864771
0.865021
0.855842
0.859772
0.858656
0.853758
0.856431
0.868913
0.85543
0.855701
0.842462
0.857779
0.8466
0.85638
0.856498
0.856644
0.857848
0.859374
0.855618
0.862174
0.858867
0.848556
0.862374
0.859251
0.853727
0.8518
0.852887
0.862171
0.861127
0.855565
0.85884
0.866436
0.859571
0.861134
0.864059
0.868941
0.857706
0.85907
0.853808
0.857514
0.859724
0.85491
0.860546
0.856927
0.860978
0.862547
0.853368
0.85672
0.858892
0.851954
0.856056
0.858017
0.851066
0.862199
0.860556
0.857184
0.858907
0.861754
0.851527
0.854026
0.860729
0.857863
0.862777
0.858183
0.851218
0.861285
0.862516
0.861715
0.859925
0.850406
0.857644
0.852273
0.858532
0.861978
0.862737
0.841059
0.870525
0.853551
0.846597
0.859738
0.866832
0.862507
0.85425
0.867117
0.853247
0.85863
0.856829
0.855463
0.854912
0.860819
0.859126
0.85723
0.861104
0.857327
0.867221
0.862621
0.868385
0.859877
0.85824
0.854645
0.863566
0.859654
0.861613
0.86393
0.85236
0.861333
0.853792
0.860579
0.852112
0.855272
0.862044
0.857211
0.857687
0.864927
0.857624
0.859125
0.845713
0.850118
0.854093
0.8613
0.858099
0.860563
0.85665
0.85647
0.859045
0.859963
0.851052
0.841654
0.864306
0.858442
0.868701
0.865791
0.861855
0.854796
0.853216
0.864365
0.860249
0.860268
0.834163
0.858944
0.859147
0.859847
0.862029
0.862157
0.85577
0.855228
0.864086
0.857485
0.859879
0.862501
0.87168
0.848956
0.831432
0.857122
0.856808
0.85618
0.8648
0.857648
0.855575
0.852595
0.858482
0.856005
0.848867
0.860849
0.861258
0.860864
0.857861
0.863007
0.860306
0.85648
0.853981
0.846182
0.858832
0.861508
0.852878
0.862894
0.8625
0.850723
0.857175
0.858452
0.856657
0.86198
0.860913
0.855298
0.85596
0.862859
0.864154
0.854943
0.860946
0.855298
0.852348
0.866055
0.857378
0.86236
0.857761
0.844311
0.848912
0.861837
0.862961
0.867918
0.864616
0.857355
0.844407
0.854877
0.857028
0.859299
0.858181
0.864013
0.860512
0.857774
0.849709
0.857729
0.860037
0.854106
0.865485
0.856711
0.857955
0.851758
0.865424
0.853543
0.855009
0.85861
0.861812
0.854235
0.861963
0.854108
0.856699
0.857831
0.858132
0.860435
0.868397
0.854361
0.854056
0.859855
0.859382
0.865022
0.85291
0.860829
0.853682
0.85035
0.85888
0.859982
0.849403
0.853495
0.843387
0.853579
0.857228
0.855832
0.844624
0.861138
0.850963
0.859897
0.854454
0.851926
0.850708
0.85595
0.864162
0.855421
0.8393
0.863352
0.855087
0.86102
0.835666
0.852773
0.837252
0.860417
0.855653
0.862062
0.854781
0.855195
0.854565
0.862229
0.843195
0.855712
0.870148
0.859345
0.863462
0.863318
0.860654
0.859644
0.858842
0.857377
0.854229
0.855214
0.860721
0.851751
0.861226
0.859822
0.851255
0.861131
0.854783
0.86204
0.850658
0.859473
0.864931
0.855854
0.859123
0.855
0.865048
0.865238
0.852529
0.862829
0.861637
0.853782
0.85441
0.855429
0.856369
0.86258
0.857964
0.861792
0.857346
0.862369
0.864245
0.863598
0.859314
0.859317
0.865336
0.853785
0.867873
0.856419
0.850324
0.861042
0.858217
0.860491
0.845062
0.856035
0.8423
0.854504
0.849658
0.857687
0.858562
0.852718
0.855601
0.852504
0.865349
0.852326
0.843452
0.862001
0.832119
0.85803
0.862249
0.854784
0.865801
0.865828
0.850043
0.836854
0.855161
0.862251
0.859071
0.858257
0.848916
0.854893
0.861831
0.849927
0.857775
0.861254
0.858001
0.851553
0.864054
0.857311
0.859186
0.852981
0.854617
0.856019
0.860771
0.856399
0.859355
0.861103
0.852944
0.869957
0.859529
0.8639
0.843663
0.856417
0.863339
0.836863
0.858027
0.854412
0.860802
0.858164
0.855913
0.860791
0.861761
0.863663
0.863392
0.862866
0.855265
0.854117
0.852378
0.853617
0.856703
0.85701
0.857982
0.849517
0.854179
0.851787
0.86319
0.863194
0.861751
0.852146
0.858746
0.854064
0.859257
0.868714
0.857557
0.859209
0.858791
0.861078
0.864922
0.858569
0.856113
0.860222
0.858988
0.858174
0.862424
0.856888
0.863727
0.85901
0.85596
0.860688
0.856978
0.856315
0.856288
0.864172
0.858128
0.854578
0.860686
0.8606
0.86008
0.859857
0.864375
0.861416
0.864303
0.858588
0.864159
0.8392
0.874306
0.850881
0.858766
0.852864
0.864986
0.869134
0.854562
0.857069
0.856947
0.85859
0.862026
0.854343
0.858033
0.853726
0.866314
0.85658
0.839389
0.86229
0.857088
0.852731
0.857074
0.861246
0.86102
0.856235
0.853322
0.859798
0.854635
0.85374
0.862424
0.856544
0.864413
0.850085
0.858517
0.861066
0.860893
0.858836
0.858295
0.85782
0.867919
0.865152
0.849848
0.860317
0.862345
0.84664
0.85875
0.861256
0.85361
0.857407
0.861311
0.86617
0.859506
0.859062
0.864094
0.853338
0.858003
0.871768
0.867436
0.858162
0.852031
0.860698
0.864234
0.860031
0.861499
0.864492
0.859991
0.853874
0.862783
0.863237
0.858604
0.854576
0.857467
0.861813
0.854385
0.853763
0.854581
0.833307
0.850498
0.844569
0.866326
0.850487
0.864677
0.858825
0.855898
0.865826
0.858508
0.842492
0.858765
0.866019
0.860443
0.86073
0.837881
0.855434
0.859439
0.857001
0.855189
0.857132
0.859076
0.862559
0.832061
0.86255
0.858416
0.858282
0.864317
0.86131
0.857379
0.858578
0.866696
0.846239
0.862233
0.862507
0.859092
0.857653
0.867245
0.865674
0.835533
0.861301
0.860438
0.850524
0.860521
0.855735
0.857475
0.859176
0.855034
0.851516
0.864238
0.857479
0.859435
0.858471
0.859572
0.85896
0.854856
0.855499
0.861258
0.853925
0.85608
0.853467
0.859251
0.857917
0.856629
0.853622
0.856238
0.857831
0.85703
0.833912
0.860699
0.866165
0.858598
0.861004
0.833875
0.856624
0.856813
0.861506
0.861243
0.866251
0.852592
0.86018
0.856693
0.859276
0.853523
0.858857
0.861725
0.855977
0.864835
0.853167
0.853897
0.853119
0.863679
0.862879
0.859916
0.854886
0.856334
0.853566
0.857628
0.8626
0.857406
0.855522
0.861125
0.851906
0.856824
0.853319
0.857059
0.856254
0.855103
0.86363
0.86407
0.862253
0.869398
0.854037
0.844932
0.838671
0.851222
0.840243
0.851933
0.856062
0.8555
0.866928
0.848453
0.856508
0.85208
0.862735
0.857493
0.86407
0.863637
0.854116
0.862173
0.859234
0.851476
0.845503
0.857056
0.858097
0.86188
0.861161
0.853768
0.868024
0.852989
0.864136
0.868305
0.857572
0.861933
0.844823
0.855054
0.852375
0.858142
0.854766
0.867635
0.848368
0.859308
0.864324
0.853052
0.85937
0.855303
0.864906
0.859213
0.852157
0.864864
0.862426
0.849977
0.858408
0.849277
0.859021
0.85669
0.866042
0.864074
0.859419
0.870656
0.861884
0.851106
0.855039
0.855775
0.860423
0.840778
0.859893
0.852198
0.858086
0.867759
0.835081
0.859908
0.848615
0.859071
0.855603
0.857373
0.861567
0.860091
0.856522
0.850309
0.853363
0.857445
0.863513
0.863072
0.857453
0.861033
0.831519
0.860602
0.855209
0.85392
0.861359
0.859213
0.858573
0.863289
0.843191
0.85638
0.866057
0.854722
0.858246
0.865417
0.857138
0.862669
0.864399
0.861211
0.855663
0.863887
0.859456
0.862968
0.855878
0.855205
0.852091
0.857548
0.852633
0.847762
0.858649
0.855107
0.84994
0.857039
0.859979
0.856891
0.864479
0.856125
0.855853
0.865761
0.865856
0.863995
0.863079
0.856694
0.858971
0.859536
0.853092
0.843772
0.856239
0.850419
0.853671
0.860781
0.862906
0.86315
0.852176
0.857909
0.848386
0.857678
0.863782
0.859276
0.85224
0.858617
0.862151
0.860398
0.858677
0.862938
0.856937
0.859585
0.860021
0.860849
0.867557
0.856624
0.860408
0.861811
0.838836
0.857471
0.856978
0.852628
0.851086
0.863626
0.859358
0.856708
0.859858
0.855402
0.861695
0.855706
0.865509
0.858713
0.851355
0.860638
0.862398
0.859633
0.856601
0.862952
0.864067
