1303.58 0.886884 0.00238641
1409.54 0.880177 0.00233238
1446.82 0.88871 0.00245636
1536.26 0.890782 0.00243694
1234.88 0.890048 0.00235301
1343.98 0.882602 0.00240085
1297.6 0.889915 0.00230436
1499.04 0.890189 0.00205011
1504.54 0.874653 0.00239342
1315.52 0.874033 0.00237093
1486.6 0.87863 0.00235379
1398.06 0.887961 0.00189398
1542.73 0.882885 0.00240797
1390.04 0.881902 0.00239071
1237.42 0.881558 0.00240037
1558.76 0.887967 0.00242694
1310.41 0.887283 0.00233052
1276.66 0.889775 0.00241715
1307.86 0.881274 0.00237115
1572.52 0.886343 0.00239197
1414.67 0.888858 0.00233665
1251.11 0.875393 0.00236497
1279.79 0.888833 0.00241299
1389.03 0.889367 0.00224968
1275.2 0.885469 0.00230872
1327.25 0.883227 0.00236132
1416.85 0.87944 0.00228949
1248.51 0.886445 0.0022742
1494.37 0.880595 0.00216036
1314.35 0.887302 0.00214308
1349.12 0.882016 0.00247049
1298.63 0.881975 0.00239877
1298.86 0.888559 0.00224803
1387.87 0.88342 0.00235145
1282.3 0.882312 0.00241664
1301.86 0.887431 0.00238016
1356.81 0.890834 0.00189278
1309.34 0.888649 0.00232206
1303.29 0.885507 0.00237957
1245.13 0.886592 0.00244881
1528.61 0.880259 0.00230737
1400.54 0.888737 0.00236103
1385.04 0.880576 0.00237316
1307.29 0.87968 0.002245
1429.43 0.878433 0.00234251
1429.21 0.888913 0.00246955
1439.89 0.884655 0.00235772
1585.52 0.879721 0.00349763
1846.85 0.874734 0.00233729
1185.72 0.88845 0.00226434
1348.64 0.885516 0.00232308
1348.92 0.882312 0.00237754
1257.32 0.890209 0.00239818
1284.42 0.878248 0.00233169
1387.38 0.882493 0.00232732
1391.2 0.880606 0.00228379
1320.64 0.883151 0.00243829
1344.94 0.892855 0.00216924
1388.64 0.890405 0.00204605
1270.93 0.886021 0.00249015
1381.67 0.885305 0.00238921
1527.13 0.883091 0.00235642
1450.97 0.882255 0.00193949
1375 0.879678 0.00234859
1364.03 0.881926 0.00228307
1326.09 0.889847 0.00237099
1325.35 0.880039 0.00243309
1275.08 0.879257 0.00230577
1367.83 0.887898 0.00233291
1348.01 0.889132 0.00229647
1356.13 0.874364 0.00234135
1339.07 0.888778 0.00238759
1247.73 0.885046 0.00241504
1687.7 0.890341 0.00248118
1266.73 0.880904 0.00234743
1311.09 0.880695 0.00233173
1344.07 0.885118 0.00234045
1351.88 0.873884 0.00240522
1307.86 0.88789 0.00236356
1254.09 0.887455 0.00241513
1336.93 0.890324 0.00240683
1304.06 0.884689 0.00256375
1311.93 0.886719 0.00236125
1488.07 0.891973 0.00195562
1312.56 0.889813 0.00232522
1236.62 0.884917 0.00231212
1282.16 0.882819 0.00220005
1458.05 0.878563 0.00232312
1281.07 0.891214 0.00241463
1452.78 0.892228 0.00242342
1336.13 0.888865 0.00244631
1339.46 0.890311 0.00243019
1286.76 0.885159 0.00234735
1361.3 0.882972 0.0024128
1242.16 0.881132 0.00203822
1271.86 0.889439 0.00232546
1247.81 0.884701 0.00245505
1342.03 0.877306 0.00236847
1401.01 0.887085 0.00235781
1220.86 0.886745 0.00231032
1367.51 0.88354 0.00242579
1577.12 0.893128 0.0024132
1337.49 0.88754 0.00202274
1262.35 0.876483 0.00228196
1225.41 0.885969 0.00199265
1267.9 0.887641 0.00240471
1335.69 0.881254 0.00233084
1365.06 0.883933 0.00232745
1382.62 0.877991 0.00236372
1330.17 0.889236 0.00227953
1309.28 0.879289 0.00224349
1288.86 0.883117 0.00232266
1197.97 0.888838 0.00237722
1301.27 0.884197 0.0022938
1245.88 0.88573 0.00222203
1296.4 0.884131 0.00239847
1463.13 0.88197 0.00236101
1380.05 0.885679 0.00230262
1367.52 0.886559 0.00235793
1450.23 0.890951 0.00244261
1385.02 0.878346 0.00210004
1288.58 0.885685 0.0023568
1388.98 0.883675 0.00245928
1196.57 0.884449 0.00240469
1525.53 0.880025 0.00242127
1336.03 0.885581 0.00227468
1268.79 0.881993 0.00235003
1284.96 0.889844 0.00237985
1485.07 0.882038 0.00236454
1163.6 0.889237 0.00231526
1338.76 0.887318 0.00231954
1312.36 0.886729 0.00237246
1344.54 0.890036 0.00240587
1361.49 0.893936 0.00253499
1244.91 0.879682 0.00233438
1243.96 0.889088 0.00237287
1265.63 0.883232 0.00237695
1248.53 0.891033 0.00243047
1242.75 0.885112 0.00231859
1319.62 0.884363 0.00236391
1200.82 0.881568 0.00235862
1340.64 0.880287 0.00235555
1353.47 0.882011 0.00244898
1276.25 0.886256 0.00231437
1341.46 0.881286 0.00236347
1338.33 0.882045 0.00238361
1409.43 0.886402 0.00230234
1421.45 0.890677 0.00237178
1358.18 0.881175 0.00217808
1256.18 0.889485 0.0023691
1376.16 0.885046 0.00212217
1483.21 0.885163 0.0023534
1363.08 0.88128 0.00230846
1256.51 0.88857 0.00233833
1401.41 0.891004 0.00243581
1385.21 0.881267 0.00229513
1270.02 0.883035 0.00233217
1295.76 0.888934 0.00239776
1376.27 0.88631 0.00234141
1328.04 0.880709 0.00233531
1368.95 0.88454 0.00233658
1446.87 0.87749 0.00234804
1375.12 0.890845 0.00261257
1363.24 0.882057 0.00240918
1314.3 0.882315 0.00231473
1345.13 0.886894 0.00236747
1325.6 0.882661 0.00233444
1270.73 0.883716 0.0023758
1425.63 0.874586 0.00232403
1328.64 0.886197 0.00240205
1548.99 0.878539 0.00241572
1385.19 0.888315 0.00200492
1475.8 0.88134 0.00235193
1333.66 0.876169 0.00234511
1314.32 0.887361 0.00234261
1271.4 0.884233 0.00239445
1343.24 0.882542 0.00232468
1377.7 0.887567 0.00256222
1442.86 0.883659 0.00239951
1410.73 0.879229 0.00240563
1356.45 0.883684 0.00240524
1451.05 0.887328 0.00219988
1401.04 0.885794 0.00246309
1272.98 0.881468 0.00234809
1240.77 0.893424 0.00235163
1440.45 0.882547 0.00234976
1244.23 0.882035 0.00241636
1323.7 0.883901 0.00236269
1448.52 0.886145 0.00211652
1373.11 0.889349 0.00242694
1343.59 0.886371 0.00236668
1251.57 0.880825 0.00216841
1466.06 0.886138 0.00228768
1333.67 0.887852 0.0023618
1347.8 0.885838 0.00223449
1308.27 0.885561 0.0023343
1521.12 0.885769 0.00240023
1453.38 0.883549 0.00235116
1306.24 0.887349 0.00245445
1212.87 0.886805 0.00239156
1442.93 0.875081 0.00236932
1203.14 0.889165 0.00230295
1418.1 0.888019 0.00248728
1302.87 0.883861 0.00234681
1352.02 0.881552 0.0023695
1349.36 0.883272 0.00237652
1275.37 0.889072 0.00244122
1329.71 0.880975 0.00236744
1280.47 0.887012 0.00231483
1316.06 0.879326 0.00238091
1386.14 0.878566 0.00237357
1428.68 0.880678 0.00238853
1416.43 0.891539 0.00232507
1390.32 0.887621 0.00239638
1292.34 0.884705 0.00239699
1459.11 0.892063 0.00217605
1281.36 0.884445 0.00235366
1495.52 0.890276 0.00234237
1399.44 0.887828 0.00246795
1345.87 0.879712 0.00232797
1334.34 0.889082 0.00246996
1600.6 0.890058 0.00241647
1301.22 0.8844 0.00238831
1339.76 0.890015 0.00182459
1588.73 0.884292 0.00242616
1232.91 0.880518 0.00238172
1291.46 0.884891 0.00198431
1268.41 0.885641 0.00229551
1276.65 0.887996 0.0024284
1222.54 0.881077 0.00234908
1274.2 0.881989 0.00236735
1312.11 0.883323 0.00240877
1301.17 0.876728 0.00236378
1334.37 0.879831 0.00238775
1413.14 0.88374 0.0023648
1497.29 0.881646 0.00228703
1164.54 0.882478 0.00240298
1164.66 0.88627 0.00242601
1290.85 0.88023 0.00237003
1222.99 0.879671 0.00227958
1416.37 0.883059 0.00237354
1302.36 0.891366 0.00235278
1327.94 0.890296 0.00227951
1312.94 0.885362 0.00228279
1266.67 0.875792 0.00237461
1330.29 0.87885 0.0023173
1329 0.880166 0.00233035
1503.19 0.890296 0.00217974
1238 0.881276 0.00238663
1613.57 0.88635 0.00243001
1320.64 0.886688 0.00235301
1406.3 0.890939 0.00238897
1537.25 0.872006 0.00364474
1271.29 0.888784 0.00235873
1346.3 0.887843 0.00239157
1393.21 0.879922 0.00230996
1486.91 0.88265 0.00239331
1377.94 0.889939 0.00208462
1372.15 0.882951 0.00230216
1392.59 0.882482 0.00233253
1181.21 0.88603 0.00236929
1446.35 0.886964 0.00242392
1302.99 0.891389 0.00242102
1277.42 0.884733 0.00239077
1295.57 0.882159 0.00238772
1225.93 0.88256 0.00238516
1266.38 0.883128 0.00237548
1290.84 0.889238 0.0023836
1389.49 0.884146 0.00198056
1335.19 0.890011 0.00233056
1323.32 0.890918 0.00216461
1294.36 0.879385 0.00212252
1460.5 0.882102 0.00228651
1481.67 0.888353 0.00210941
1444.33 0.889175 0.0023698
1254.36 0.889444 0.00247033
1358.37 0.881618 0.00238994
1318.31 0.88755 0.00228741
1336.91 0.882521 0.00238378
1284.54 0.885038 0.00232608
1349.66 0.880404 0.00240288
1383.3 0.890857 0.00202044
1398.16 0.883158 0.00236592
1371.09 0.886716 0.00245421
1363.24 0.881316 0.00232823
1260.24 0.885118 0.00235711
1248.32 0.888541 0.0023681
1163.01 0.887583 0.002355
1311.28 0.886543 0.00246616
1392.82 0.887678 0.00247406
1364.93 0.881239 0.00238367
1498.73 0.886581 0.00231944
1379 0.889868 0.00241816
1320.87 0.887088 0.00230067
1355.28 0.884376 0.00237703
1281.55 0.889863 0.00212537
1224.28 0.884515 0.00232751
1590.28 0.878394 0.00232368
1337.18 0.876699 0.00237311
1350.11 0.885674 0.00232883
1632.26 0.873294 0.00240727
1272.63 0.883607 0.00244954
1388.6 0.889511 0.00238898
1436.64 0.885871 0.00233135
1378.45 0.886237 0.00243933
1394.88 0.885774 0.00230487
1336.33 0.888819 0.0023163
1269.78 0.879741 0.00219331
1539.11 0.882004 0.00238265
1308.8 0.881753 0.0023079
1310.67 0.889502 0.0022777
1250.09 0.878597 0.00233756
1451.41 0.88537 0.0024124
1308.43 0.883807 0.00238268
1324.17 0.886243 0.00238221
1335.22 0.883693 0.00241253
1359.52 0.887379 0.00238358
1594.71 0.896243 0.00210171
1362.34 0.888801 0.00234523
1386.97 0.884332 0.00242076
1335.2 0.889821 0.00220937
1349.68 0.88741 0.0024264
1391.95 0.887426 0.00239256
1316.72 0.88352 0.00235501
1300.18 0.882455 0.0023302
1519.21 0.88139 0.00237122
1413.71 0.888917 0.00242468
1382.95 0.875719 0.0023238
1474.59 0.890119 0.00237377
1326.62 0.881993 0.00236951
1260.32 0.887316 0.00244321
1513.85 0.890957 0.00237628
1372.93 0.889513 0.00238674
1432.01 0.889349 0.00248093
1463.75 0.886732 0.00237391
1381.26 0.884791 0.00234387
1292.15 0.882016 0.00236992
1316.82 0.879391 0.00236203
1282.16 0.885658 0.00238726
1334.47 0.889671 0.00234456
1415.87 0.879262 0.00233839
1203.61 0.88701 0.00241699
1243.62 0.887308 0.00207257
1309.35 0.884115 0.00229604
1366.92 0.886039 0.0025058
1292.19 0.881249 0.00240656
1353.72 0.879813 0.00240373
1260.11 0.884442 0.00235269
1338.71 0.884756 0.00242184
1283.42 0.89303 0.00208341
1319.61 0.88455 0.00239689
1481.95 0.889049 0.00237846
1277 0.883619 0.00235163
1471.84 0.888252 0.00196515
1376.3 0.89038 0.002347
1320.04 0.887891 0.00233598
1249.37 0.889232 0.00231079
1252.98 0.884089 0.00238089
1452.89 0.888478 0.00193401
1300.76 0.885029 0.00211332
1360.73 0.887459 0.00204678
1329.26 0.884032 0.00242065
1468.76 0.875956 0.00235904
1545.37 0.875545 0.00232713
1423.48 0.884375 0.00245039
1333.89 0.881908 0.00228931
1487.09 0.892472 0.00203811
1307.22 0.88365 0.00246707
1332.86 0.879632 0.00237794
1303.41 0.884744 0.00235956
1287.33 0.87986 0.00227551
1233.58 0.883075 0.00240913
1242.91 0.881315 0.00255497
1613.26 0.885475 0.00230514
1318.68 0.884614 0.0023784
1259.66 0.882097 0.00224923
1269.59 0.884555 0.00234835
1376.99 0.876154 0.00233431
1424.89 0.885293 0.00242004
1451.03 0.88554 0.00240549
1351.34 0.881474 0.00237792
1394.1 0.889462 0.00246315
1219.13 0.885395 0.00237309
1344.34 0.891406 0.00246281
1364.81 0.877305 0.00232877
1351.3 0.889079 0.00239197
1285.3 0.893637 0.00238782
1542.78 0.887817 0.00234667
1319.98 0.884198 0.00230928
1339.24 0.883311 0.00244006
1298.55 0.879538 0.002349
1475.89 0.889401 0.00241658
1215.98 0.886005 0.00237331
1490.28 0.88338 0.00243349
1249.56 0.882184 0.00240074
1274.55 0.888358 0.00222767
1366.84 0.879824 0.00228616
1333.96 0.885687 0.00241431
1326.47 0.886439 0.0023246
1239.32 0.889716 0.00237703
1300.54 0.881199 0.00239246
1339.37 0.883764 0.00244615
1615.51 0.873141 0.00242722
1259.74 0.879294 0.00241406
1308.18 0.886255 0.00240761
1225.58 0.889092 0.00209415
1373.82 0.887604 0.00210527
1362.43 0.8928 0.00238037
1335.33 0.887394 0.00245551
1534.72 0.894131 0.00216532
1328.32 0.894555 0.00235481
1458.85 0.885385 0.0022811
1577.93 0.877751 0.00232258
1399.58 0.876813 0.00229036
1320.94 0.888745 0.00241357
1444.16 0.892354 0.00201668
1364.17 0.882481 0.00247117
1327.1 0.8804 0.00237488
1303.73 0.882029 0.00233545
1419.19 0.888782 0.00245858
1430.38 0.879807 0.00331584
1290.56 0.889905 0.00194333
1524.8 0.893182 0.00236606
1273.75 0.890401 0.00219296
1359.7 0.885473 0.00232735
1377.54 0.882717 0.0023404
1317.26 0.884371 0.00236729
1365.04 0.888798 0.00235582
1370.72 0.887079 0.00229075
1401.9 0.889801 0.00242209
1271.94 0.878008 0.0023767
1584.62 0.888688 0.00183885
1261.31 0.884187 0.00235453
1266.39 0.883457 0.00240703
1407.06 0.886451 0.00235324
1234.71 0.885358 0.00240618
1237.37 0.886625 0.00242435
1337.16 0.88014 0.0023344
1367.34 0.886749 0.00236434
1338 0.883417 0.00238924
1301.42 0.884011 0.00237633
1243.38 0.877788 0.00240311
1302.36 0.88734 0.00228827
1357.32 0.88879 0.00245764
1323.98 0.879546 0.00235313
1395.78 0.882388 0.0024081
1288.23 0.883821 0.00209632
1500.3 0.882573 0.00246793
1309.37 0.88441 0.00238715
1389.26 0.877763 0.00236639
1321.82 0.889933 0.00241668
1338.9 0.89011 0.00251541
1254.76 0.883844 0.00234541
1270.87 0.888083 0.00235914
1278.43 0.879996 0.00238897
1247.3 0.885014 0.00238155
1423.39 0.889011 0.00208073
1324.2 0.890451 0.0020904
1325.13 0.87843 0.00237134
1497.81 0.880457 0.00237207
1350.83 0.881349 0.00233638
1418.18 0.878739 0.00235973
1312.86 0.888775 0.00240822
1182.05 0.883147 0.00240058
1407.81 0.888831 0.00214461
1361.15 0.890564 0.00207101
1308.11 0.885083 0.00234169
1292.69 0.882181 0.0023952
1616.75 0.882222 0.0024075
1320.01 0.886315 0.00238521
1323.83 0.892093 0.00239111
1378.87 0.883064 0.00234208
1414.63 0.882752 0.00223639
1333.89 0.884033 0.0023005
1405.83 0.881281 0.00242492
1360.82 0.888415 0.00240636
1307.18 0.881771 0.00235884
1339.37 0.87686 0.0024138
1388.08 0.878429 0.00234615
1460.14 0.892691 0.00232401
1351.49 0.87857 0.0023812
1411.57 0.88231 0.00235123
1594.17 0.886847 0.00237514
1423.37 0.879691 0.00241532
1285.49 0.882838 0.00246366
1449.71 0.873389 0.00238886
1532.52 0.880246 0.00240713
1378.73 0.882407 0.00229881
1322.95 0.889125 0.00242559
1147.88 0.887213 0.00235222
1330.3 0.874515 0.00234988
1429.17 0.873803 0.00243061
1435.4 0.877755 0.00207283
1416.78 0.875118 0.00232802
1260.02 0.882066 0.00236663
1440.45 0.881286 0.00237115
1462.16 0.879767 0.00234042
1393.29 0.872184 0.00362967
1363.64 0.887867 0.00238771
1365.05 0.884809 0.00237089
1310.92 0.88275 0.00233758
1295.85 0.880612 0.00243604
1297.11 0.88899 0.00232516
1295.37 0.87884 0.00241743
1261.82 0.888213 0.00234337
1461.85 0.878343 0.00239479
1600.18 0.869605 0.00238185
1378.45 0.881527 0.00237902
1296.8 0.887167 0.00233967
1739.04 0.875535 0.00231879
1582.2 0.890195 0.00237518
1293.77 0.880683 0.00237138
1276.83 0.883926 0.00243023
1263.52 0.884189 0.00241496
1431.03 0.890499 0.00242617
1491.02 0.886221 0.00238105
1273.36 0.8827 0.00236371
1286.55 0.88499 0.00206577
1474.67 0.89014 0.00204756
1223.52 0.887838 0.00237031
1283.54 0.885984 0.00232861
1316.16 0.884699 0.0022853
1296.25 0.885662 0.00240301
1234 0.88709 0.00234608
1338.95 0.883828 0.00239411
1403.93 0.88863 0.00220624
1321.2 0.888221 0.00234478
1309.04 0.884807 0.00237279
1379.33 0.882679 0.00210914
1351.18 0.892063 0.00191625
1393.79 0.872538 0.00362226
1324.41 0.882834 0.00237723
1400.75 0.889039 0.00234791
1500.92 0.879689 0.00235054
1268.97 0.880647 0.00224913
1263.94 0.883714 0.00233719
1261.61 0.88743 0.002437
1396.22 0.880274 0.00237724
1415.74 0.879628 0.00234731
1392.04 0.878372 0.00234173
1372.26 0.888154 0.00241724
1362.06 0.885937 0.00194314
1434.85 0.889246 0.00229221
1351.27 0.887101 0.00233725
1565.91 0.887115 0.00243692
1600.14 0.877453 0.00236411
1400.49 0.884857 0.00206425
1296.04 0.882664 0.00229957
1410.32 0.882487 0.00242905
1158.42 0.884525 0.00238137
1235.7 0.884131 0.00231597
1398.98 0.891776 0.00232888
1219.92 0.883782 0.00223147
1307.49 0.888055 0.00238011
1302.65 0.890905 0.00229598
1227.37 0.884811 0.00230171
1248.33 0.892014 0.00243452
1438.21 0.89232 0.0023983
1382.6 0.888853 0.00231554
1366.18 0.882533 0.00239774
1499.84 0.886299 0.00213191
1388.21 0.888402 0.00238088
1381.81 0.890283 0.0019314
1376.99 0.880895 0.00235723
1390.71 0.89298 0.00236623
1275.81 0.882759 0.00231109
1265.56 0.878857 0.00239265
1327.19 0.881818 0.00234529
1484.63 0.888231 0.00237377
1291.51 0.884462 0.00253154
1389.83 0.881728 0.00241976
1318.24 0.888574 0.00225172
1317.26 0.88235 0.00244216
1492.49 0.889126 0.0024625
1322.5 0.885502 0.00239331
1415.29 0.882881 0.00233809
1327.11 0.881887 0.00225293
1245.69 0.889673 0.00238372
1304.72 0.885091 0.00239599
1244.63 0.881607 0.00207485
1392.69 0.879036 0.00239831
1371.22 0.887834 0.00228315
1379.55 0.887212 0.00236147
1454.74 0.891497 0.00236854
1290.79 0.883931 0.00227998
1519.26 0.880624 0.00234927
1252.34 0.885647 0.00234241
1298.55 0.886094 0.0023828
1346.24 0.884756 0.0024074
1365.68 0.887305 0.0024298
1419.82 0.8822 0.0024075
1220.39 0.883569 0.00243383
1495.43 0.89255 0.00239381
1278.62 0.882559 0.00242519
1280.45 0.881118 0.00242032
1345.45 0.876084 0.0023325
1249.57 0.887144 0.00240459
1436.41 0.89006 0.00242389
1309.3 0.872542 0.00234395
1312.78 0.878185 0.00240587
1339.82 0.887074 0.00238357
1209.02 0.89144 0.00231929
1359.95 0.883845 0.00238301
1292.19 0.885063 0.00227779
1491.05 0.881998 0.00240275
1238.35 0.880498 0.00232328
1427.21 0.88411 0.00234462
1300.12 0.885837 0.00220218
1322.6 0.88836 0.0023608
1297.3 0.887168 0.00241318
1506.51 0.88192 0.00232087
1250.07 0.888053 0.00234564
1330.02 0.882945 0.00233293
1371.73 0.880835 0.00230108
1383.07 0.886667 0.00240613
1409.3 0.883517 0.00235439
1384.29 0.888714 0.00240335
1385.26 0.883283 0.00235608
1433.34 0.893839 0.00233772
1269.78 0.883808 0.00240401
1398.07 0.891608 0.00244611
1231.57 0.882225 0.0024068
1436.46 0.879672 0.00232269
1287.09 0.888852 0.00234491
1367.59 0.884794 0.00241825
1352.57 0.886708 0.00235309
1305.81 0.884885 0.00232364
1278.17 0.883445 0.00235033
1338.13 0.884902 0.00235679
1553.44 0.886391 0.00235921
1248.96 0.882905 0.00233456
1492.93 0.890545 0.00222314
1397.98 0.883311 0.00238613
1251.42 0.885522 0.00238234
1336.65 0.88259 0.00241179
1457.42 0.878748 0.00238268
1381.07 0.882583 0.00228728
1277.83 0.882001 0.00239024
1193.37 0.8802 0.00240544
1282.25 0.882174 0.002422
1342.04 0.885436 0.00238542
1383.25 0.88442 0.00237518
1210.41 0.888282 0.00239281
1541.78 0.891176 0.00236633
1284.2 0.883217 0.00229617
1355.38 0.890141 0.00240112
1359.94 0.882611 0.00236851
1433.48 0.879458 0.00238681
1384.17 0.883918 0.0023823
1301.85 0.885896 0.00232634
1219.57 0.882776 0.00224426
1376.18 0.882377 0.00236384
1397.05 0.889523 0.00234439
1559.5 0.887276 0.00236842
1294.25 0.888781 0.00236464
1286.03 0.887732 0.00240104
1198.97 0.886134 0.00237051
1329.01 0.885845 0.00244235
1379.79 0.889012 0.00229917
1384.8 0.879201 0.00235033
1253.42 0.885704 0.00200882
1560.79 0.873122 0.00242901
1597.21 0.890065 0.00229379
1303.16 0.88557 0.00236268
1495.13 0.887209 0.00241127
1478.32 0.886398 0.00244253
1355.08 0.878879 0.0023673
1413.39 0.892505 0.00220638
1346.42 0.877482 0.00235747
1352.06 0.888349 0.002371
1306.25 0.888787 0.00236629
1344.63 0.883907 0.00239594
1318.49 0.888765 0.00240201
1631.81 0.887365 0.00208438
1145.77 0.888966 0.00234231
1360.4 0.883619 0.00232778
1186.43 0.88494 0.00241945
1309.47 0.880158 0.00233161
1373.34 0.886828 0.00243402
1431.75 0.880783 0.0023706
1233.1 0.879767 0.0023505
1319.7 0.884551 0.00230401
1482 0.879419 0.00235954
1411.38 0.890099 0.00244531
1252.61 0.891205 0.00240207
1407.53 0.890646 0.00203334
1429.6 0.883863 0.00239212
1222.44 0.879761 0.00237582
1298.15 0.885075 0.00239949
1420.01 0.89485 0.0018068
1240.52 0.877982 0.00231012
1334.26 0.883574 0.00242944
1299.91 0.884996 0.0024421
1399.18 0.888853 0.002371
1469.75 0.879297 0.00247579
1290.29 0.887008 0.0023761
1435.23 0.88797 0.00249822
1307.87 0.888001 0.00244305
1259.68 0.883079 0.00240606
1455.32 0.885306 0.00237887
1391.72 0.885894 0.00250213
1368.44 0.889698 0.00235025
1525.34 0.881191 0.00234554
1284 0.88101 0.00237731
1267.11 0.88646 0.00242224
1355.93 0.896021 0.002307
1202.99 0.886898 0.00246049
1263.81 0.888477 0.00236989
1287.12 0.884441 0.00232822
1404.46 0.883155 0.00240797
1400.53 0.880108 0.0023156
1225.29 0.890258 0.00236676
1566.86 0.885521 0.00246085
1284.8 0.892186 0.00231789
1277.74 0.887925 0.00240572
1342.36 0.887708 0.00229043
1521.54 0.871912 0.00296819
1362.05 0.882655 0.00254305
1302.16 0.888987 0.0019694
1637.35 0.895403 0.00178432
1327.92 0.885722 0.00236663
1276.08 0.886868 0.00257046
1305.72 0.890065 0.00244795
1228.87 0.888036 0.00229209
1282.6 0.88726 0.00209425
1317.34 0.885779 0.00235907
1404.91 0.88133 0.0024256
1419.18 0.877771 0.00237942
1196.34 0.882978 0.00230548
1299.35 0.885318 0.00235011
1348.75 0.880219 0.00237901
1385.06 0.881013 0.0032439
1300.1 0.882031 0.00233652
1310.2 0.886604 0.00231535
1359.42 0.882261 0.00236194
1232.23 0.880485 0.00232761
1267.28 0.880198 0.00231625
1331.51 0.890272 0.00234831
1314.38 0.884915 0.00233404
1267.79 0.880456 0.00227047
1295.6 0.879474 0.00235208
1369.15 0.883973 0.00240186
1371.55 0.882993 0.0023563
1380.01 0.880316 0.00234229
1266.03 0.888196 0.00243578
1337.73 0.879244 0.00239667
1276.46 0.88588 0.00240832
1219.03 0.885897 0.00239398
1335.11 0.879793 0.00233543
1449.6 0.882981 0.0023899
1292.34 0.881241 0.00239669
1350.62 0.886099 0.00239801
1322.47 0.883102 0.00232831
1355.47 0.883305 0.00232302
1301.3 0.889945 0.00247447
1268.77 0.889084 0.00235028
1187.37 0.884826 0.00235949
1189.12 0.888726 0.00235431
1295.65 0.883498 0.00234514
1451.03 0.886017 0.00227302
1313.65 0.887133 0.00236394
1518.6 0.883724 0.00228582
1336.79 0.886561 0.00241791
1389.51 0.884735 0.00230445
1311.41 0.880709 0.00239187
1359.76 0.883471 0.00204992
1360.56 0.878671 0.0024158
1344.13 0.886075 0.00248761
1509.42 0.887723 0.0023143
1380.83 0.891079 0.00242311
1328.54 0.878984 0.00225616
1192.73 0.882028 0.00227417
1501.05 0.877078 0.00237381
1522.52 0.890196 0.00202291
1402.87 0.878185 0.00235068
1337.84 0.885705 0.00244181
1233.59 0.884369 0.00241225
1438.47 0.885087 0.00200272
1246.62 0.885121 0.00238209
1249.36 0.889955 0.00235805
1288.12 0.886197 0.00229762
1388.88 0.879557 0.00237365
1486.37 0.87833 0.00228789
1474.55 0.892684 0.00239298
1296.78 0.887903 0.00222473
1367.15 0.878128 0.00230114
1312.3 0.884354 0.00235527
1294.03 0.88182 0.00235862
1354.32 0.880683 0.00226632
1469.27 0.886042 0.00231056
1280.72 0.890416 0.00191763
1315.83 0.883043 0.00228523
1356.77 0.890132 0.00220562
1476.26 0.879862 0.00234472
1317.56 0.882908 0.00225481
1360.94 0.887179 0.00238125
1271.84 0.878913 0.00236666
1378.02 0.888398 0.0023941
1510.24 0.876031 0.00234226
1255.48 0.881847 0.00241023
1348.88 0.882129 0.00233126
1372.33 0.88251 0.0022736
1374.49 0.884799 0.00233138
1257.52 0.883989 0.00245227
1276.67 0.884426 0.00228998
1210.39 0.885673 0.00239122
1482.36 0.883457 0.00243669
1400.53 0.893305 0.00187051
1295.65 0.876217 0.00243781
1459.62 0.879371 0.00232651
1293.9 0.887065 0.00236491
1592.31 0.878328 0.00247237
1200.5 0.878981 0.00228113
1353.58 0.882791 0.00239565
1454.33 0.884845 0.00206628
1492.29 0.885827 0.00175582
1272.88 0.882906 0.00235267
1365.29 0.884701 0.00238857
1247.22 0.891112 0.00247979
1378.55 0.885366 0.00235197
1518.09 0.885319 0.00248987
1263.2 0.886942 0.00234449
1457.61 0.885138 0.00245518
1425.47 0.884042 0.00232173
1450.78 0.877044 0.00234275
1353.63 0.882466 0.00238401
1324.5 0.881139 0.00240225
1353.42 0.879241 0.00238968
1277.78 0.886928 0.00198722
1305.31 0.885167 0.00239439
1408.44 0.883961 0.00237766
1233.87 0.886962 0.00233873
1323.26 0.881977 0.00238086
1204.06 0.884032 0.002313
1266.09 0.885534 0.00233327
1313.88 0.880562 0.00245799
1317.46 0.883325 0.00237322
1321.7 0.884637 0.00249546
1252.08 0.887178 0.002411
1298.32 0.874775 0.00237954
1273.56 0.889914 0.00237474
1327.93 0.885349 0.00237479
1267.5 0.88434 0.00245439
1264.7 0.881908 0.00235202
1300.39 0.886992 0.00237312
1264.4 0.889689 0.00225549
1412.37 0.887642 0.00240978
1268.32 0.884925 0.00240467
1404.85 0.881834 0.00241597
1324.41 0.885678 0.00236967
1443.51 0.883119 0.0023419
1309.77 0.884839 0.00228086
1443.64 0.884534 0.00242054
1384.75 0.877135 0.00237193
1329.63 0.883939 0.00245587
1287.31 0.887439 0.00237271
1298.1 0.885467 0.00239819
1392.31 0.877058 0.00237049
1360.76 0.887146 0.00233213
1321.5 0.880448 0.00236171
1398.14 0.888716 0.00211687
1305.08 0.87938 0.00234296
1274.03 0.886755 0.00241673
1425.52 0.891005 0.00239525
1389.73 0.879341 0.00242395
1395.75 0.879813 0.00231139
1298.1 0.883337 0.00238826
1354 0.88113 0.00236069
1350.66 0.879576 0.00233234
1333.82 0.883666 0.00237012
1313.94 0.887576 0.00201937
1392.27 0.889721 0.00232783
1335.08 0.883842 0.00239764
1238.11 0.881391 0.00237813
1439.41 0.886263 0.00237813
1382.01 0.884538 0.00231837
1339.74 0.891329 0.00238222
1281.86 0.880086 0.00233833
1376.95 0.877747 0.00236831
1298.55 0.88246 0.00235922
1482.79 0.888411 0.00227336
1246.97 0.882652 0.00241476
1289.4 0.881282 0.00234972
1328.74 0.88107 0.00239286
1488.63 0.875933 0.00235873
1376.06 0.888536 0.00214074
1413.12 0.88653 0.00237712
1293 0.889072 0.00237607
1417.95 0.890213 0.0019526
1285 0.884359 0.00238223
1468.03 0.877344 0.00240736
1462.83 0.885776 0.00231682
1327.77 0.882719 0.00235163
1269.75 0.88394 0.00229163
1278.41 0.884232 0.00240883
1364.04 0.891576 0.00185977
1276.68 0.881165 0.00232022
1362.64 0.892772 0.00196489
1326.67 0.881694 0.00238922
1470.27 0.8866 0.00235324
1331.56 0.887407 0.00244605
1399.77 0.881245 0.00238706
1392.47 0.882335 0.00235942
1331.93 0.890132 0.00234736
1494.55 0.885702 0.00237356
1349.38 0.883435 0.00236644
1515.41 0.874734 0.00353305
1302.01 0.881676 0.00240961
1171.31 0.885836 0.00234162
1462.33 0.884386 0.00231773
1353.07 0.883645 0.00243398
1317.39 0.888032 0.00242862
1219.35 0.887568 0.00225645
1351.79 0.888306 0.00249005
1369.19 0.88806 0.00235838
1389.24 0.884842 0.0023794
1275.17 0.885738 0.00211318
1451.37 0.889891 0.00239838
1446.47 0.880275 0.00237141
1655.05 0.894073 0.00230629
1413.1 0.88575 0.00202698
1464.01 0.87243 0.00368232
1491.44 0.878885 0.00231052
1414.23 0.892263 0.00244117
1435.85 0.877557 0.00231031
1598.71 0.884045 0.00242725
1291.43 0.88376 0.0024039
1311.28 0.886087 0.00264916
1317.48 0.890293 0.00226484
1421.11 0.883798 0.00239057
1462.36 0.885129 0.00199837
1283.43 0.885167 0.00235858
1281.04 0.890139 0.00232479
1370.09 0.881221 0.0024372
1329.56 0.886886 0.00209664
1196.71 0.885575 0.00238663
1375.07 0.891217 0.00219114
1401.97 0.889954 0.00239978
1232.66 0.886274 0.00233965
1214.38 0.881611 0.00235606
1364.13 0.886802 0.00234651
1493.8 0.887333 0.00236613
1309.48 0.886092 0.00226396
1372.41 0.884797 0.00235249
1302.37 0.883005 0.00240683
1405.65 0.880368 0.00235426
1330.49 0.892418 0.00246751
1447.05 0.884441 0.00239451
1253.15 0.881109 0.00232526
1242.22 0.890038 0.00243267
1512.19 0.869253 0.00237945
1520.13 0.887237 0.00219902
1367.76 0.88561 0.00232964
1290.57 0.88952 0.00243092
1276.35 0.884804 0.00233397
1344.44 0.886286 0.00245866
1439.77 0.887376 0.0024834
1253.49 0.88201 0.00237057
1447.41 0.883496 0.00239523
1434.22 0.890929 0.00234306
1248.67 0.889367 0.00210553
1297.2 0.886936 0.00236011
1239.04 0.883169 0.00238474
1397.26 0.880252 0.00241516
1475.77 0.879434 0.00235994
1385.93 0.880953 0.00239617
1374.27 0.883398 0.00240903
1302.23 0.886219 0.00232903
1398.92 0.888632 0.00235137
1289.91 0.878673 0.00237137
1442.08 0.886802 0.00241949
1324.64 0.885123 0.00242693
1691.54 0.881883 0.00236365
1430.96 0.896759 0.00191333
1354.01 0.889007 0.00233371
1335.12 0.885179 0.00226581
1320.57 0.885999 0.00237781
1288.24 0.884281 0.00240723
1368.76 0.881516 0.0022622
1361.03 0.883274 0.0023219
1403.53 0.879501 0.00235565
1517.11 0.883367 0.00246128
1490.21 0.886323 0.00233654
1372.45 0.880712 0.00235697
1364.55 0.871481 0.00265473
1274.12 0.88417 0.00231131
1374.96 0.885325 0.00236479
1352.95 0.88064 0.00245433
1345.53 0.888302 0.00231677
1273.57 0.881669 0.00238082
1256.99 0.889072 0.00235093
1261.63 0.889349 0.00230007
1214.99 0.886897 0.00241616
1218.38 0.883545 0.0020986
1288.65 0.879797 0.00244291
1210.37 0.889762 0.00242365
1393.53 0.885648 0.00248337
1290.74 0.879682 0.00231979
1259.52 0.885604 0.00242021
1422.5 0.877334 0.00229178
