0.903088
0.909852
0.909031
0.91009
0.911813
0.906264
0.91101
0.910453
0.908835
0.907578
0.906757
0.913793
0.909414
0.912672
0.908109
0.910301
0.899682
0.909349
0.908562
0.906631
0.906332
0.906636
0.907862
0.90839
0.912553
0.910355
0.911736
0.90916
0.911661
0.909802
0.908183
0.90722
0.911659
0.913283
0.908388
0.910777
0.904635
0.910347
0.910149
0.90708
0.907234
0.910263
0.904562
0.905014
0.909069
0.906262
0.910642
0.904386
0.899425
0.907609
0.913953
0.911041
0.910892
0.911023
0.910182
0.907808
0.907087
0.910645
0.907974
0.908744
0.907909
0.897687
0.910176
0.906706
0.909143
0.908958
0.90848
0.895526
0.908927
0.911526
0.909441
0.909218
0.907568
0.908268
0.912493
0.909791
0.908237
0.909933
0.905571
0.907347
0.909401
0.907924
0.906116
0.906878
0.910514
0.912476
0.908306
0.912086
0.914228
0.908104
0.906755
0.911858
0.907163
0.906444
0.907404
0.911756
0.911684
0.910755
0.905926
0.908722
0.91495
0.911581
0.904853
0.907506
0.910079
0.910944
0.909747
0.912505
0.912972
0.915597
0.911037
0.912325
0.908611
0.907896
0.907553
0.896698
0.906563
0.909921
0.912807
0.909982
0.911508
0.906474
0.909916
0.908408
0.901821
0.902029
0.904
0.909659
0.909092
0.908104
0.90696
0.907528
0.911966
0.906798
0.909204
0.911466
0.907002
0.908815
0.902488
0.905324
0.910195
0.905455
0.911629
0.903757
0.909814
0.9077
0.908203
0.904279
0.908402
0.908806
0.906545
0.911731
0.909268
0.905368
0.913113
0.908541
0.912449
0.910288
0.906398
0.904757
0.908059
0.899285
0.911778
0.90873
0.908283
0.911329
0.910004
0.90575
0.909458
0.912301
0.908161
0.911743
0.908637
0.908313
0.914743
0.913014
0.90999
0.911102
0.911199
0.908126
0.909061
0.914652
0.911347
0.909939
0.911909
0.911457
0.910476
0.912203
0.906219
0.908067
0.906766
0.910605
0.912024
0.90753
0.908294
0.908998
0.912242
0.911451
0.908777
0.906966
0.90889
0.908487
0.910922
0.909217
0.90623
0.910407
0.910196
0.908573
0.910037
0.907071
0.909668
0.908512
0.909876
0.909794
0.911177
0.911541
0.914948
0.909026
0.905606
0.906456
0.908121
0.91098
0.911645
0.904633
0.900723
0.908269
0.911649
0.907523
0.910068
0.908499
0.910518
0.911517
0.906237
0.914917
0.915122
0.901304
0.907775
0.906919
0.911071
0.90609
0.91014
0.910224
0.912522
0.912094
0.909871
0.908326
0.910609
0.907236
0.908363
0.909606
0.900269
0.910744
0.910246
0.913985
0.912249
0.899925
0.910302
0.90559
0.895215
0.907211
0.911123
0.909843
0.909275
0.903427
0.912099
0.908215
0.907208
0.912813
0.894402
0.90925
0.909762
0.911678
0.911991
0.914391
0.908887
0.906852
0.896932
0.907453
0.912536
0.913477
0.912233
0.912484
0.908048
0.909254
0.909059
0.910216
0.90177
0.91047
0.909943
0.909157
0.911519
0.907171
0.903743
0.909394
0.910988
0.904346
0.913693
0.908614
0.904977
0.910383
0.90882
0.907016
0.907263
0.906691
0.898442
0.907271
0.902587
0.909216
0.9072
0.906069
0.907641
0.89595
0.905303
0.908711
0.910186
0.907649
0.897727
0.911908
0.910277
0.911022
0.911298
0.913955
0.907206
0.907703
0.909543
0.911788
0.907381
0.909782
0.908911
0.906389
0.908117
0.902271
0.908617
0.908571
0.912937
0.908499
0.91057
0.911335
0.909569
0.906695
0.908979
0.906961
0.908279
0.910819
0.907892
0.906485
0.907839
0.909876
0.911822
0.907426
0.910197
0.909102
0.908449
0.909014
0.90202
0.903405
0.888859
0.909159
0.909736
0.911784
0.912126
0.90882
0.900524
0.906169
0.908498
0.91048
0.909857
0.909854
0.910371
0.912749
0.903165
0.905678
0.907307
0.89881
0.909528
0.907177
0.896572
0.911245
0.904835
0.906745
0.909644
0.909331
0.91866
0.910467
0.906968
0.905916
0.908997
0.909144
0.915811
0.911972
0.908522
0.910699
0.893857
0.90601
0.908691
0.907406
0.911329
0.909117
0.911598
0.910783
0.908388
0.913365
0.911343
0.909349
0.907979
0.90675
0.90403
0.902285
0.906999
0.914477
0.911598
0.908632
0.906468
0.90608
0.904389
0.908272
0.90822
0.91098
0.916257
0.906674
0.908135
0.913401
0.909906
0.91208
0.909652
0.912569
0.909649
0.901104
0.910858
0.909572
0.910127
0.910076
0.904243
0.89261
0.906838
0.907936
0.909702
0.90799
0.909235
0.906539
0.909066
0.895691
0.894207
0.905847
0.912575
0.90763
0.90061
0.902196
0.907589
0.909359
0.908946
0.906007
0.909349
0.913646
0.907297
0.914439
0.906288
0.901044
0.910459
0.90621
0.905294
0.908287
0.89494
0.907641
0.910491
0.909936
0.908662
0.91038
0.909157
0.911099
0.910028
0.910061
0.908738
0.908674
0.906422
0.910601
0.908348
0.906365
0.912244
0.910754
0.910164
0.910365
0.911902
0.906194
0.913859
0.905944
0.909357
0.899277
0.906817
0.909037
0.909043
0.908409
0.912916
0.913745
0.910375
0.906054
0.91321
0.910675
0.909033
0.908951
0.910226
0.909308
0.911175
0.906596
0.907471
0.910991
0.9073
0.907522
0.913608
0.909828
0.909963
0.902073
0.913476
0.9094
0.907328
0.906356
0.909028
0.907806
0.910073
0.910118
0.906107
0.911656
0.909567
0.910989
0.907545
0.909015
0.912335
0.905854
0.910551
0.90795
0.909564
0.908712
0.910008
0.91089
0.909474
0.910493
0.908715
0.911154
0.894996
0.907416
0.910667
0.91041
0.912204
0.8979
0.905991
0.90873
0.908707
0.910342
0.910944
0.91023
0.909614
0.904685
0.912239
0.905495
0.909325
0.906375
0.903764
0.905171
0.90725
0.910522
0.905916
0.907852
0.908787
0.905827
0.912062
0.911922
0.90538
0.907215
0.90958
0.907587
0.906501
0.90744
0.911943
0.909049
0.907616
0.90991
0.911916
0.912221
0.906361
0.910494
0.910671
0.907706
0.908604
0.912545
0.909812
0.914269
0.90991
0.909197
0.915201
0.908129
0.912389
0.906391
0.91013
0.911216
0.908633
0.907637
0.911011
0.908831
0.908476
0.911246
0.906185
0.906516
0.909045
0.9066
0.906638
0.909356
0.910644
0.908819
0.908865
0.900938
0.901811
0.908447
0.906091
0.913008
0.909013
0.909541
0.907593
0.90688
0.909845
0.906585
0.908086
0.908037
0.909687
0.90928
0.90668
0.910001
0.909819
0.9115
0.915845
0.912203
0.912219
0.915204
0.905966
0.909391
0.909766
0.912245
0.908811
0.910602
0.909962
0.908945
0.910365
0.909585
0.910134
0.908843
0.909693
0.911268
0.911028
0.908151
0.913964
0.910181
0.910689
0.913113
0.904243
0.907708
0.907732
0.906155
0.906808
0.910962
0.907727
0.908147
0.90732
0.910127
0.912065
0.911115
0.910178
0.909527
0.912157
0.911117
0.909157
0.911812
0.912857
0.911514
0.909818
0.908384
0.907502
0.911064
0.908843
0.910914
0.908413
0.907995
0.909123
0.907885
0.908833
0.910111
0.909183
0.899853
0.913101
0.906476
0.907811
0.907434
0.910997
0.90801
0.907552
0.913371
0.908756
0.914841
0.909484
0.902451
0.910259
0.912316
0.904062
0.912513
0.90662
0.909306
0.908556
0.907799
0.909421
0.907269
0.902267
0.907651
0.910049
0.907117
0.911196
0.910386
0.906418
0.911057
0.911459
0.905241
0.909609
0.910896
0.909401
0.910961
0.911812
0.909886
0.907925
0.907601
0.913414
0.909293
0.909345
0.908616
0.900102
0.908753
0.909107
0.909437
0.909014
0.914067
0.907
0.90783
0.908974
0.908592
0.910162
0.907874
0.910637
0.90277
0.910442
0.89952
0.909962
0.910698
0.910114
0.911561
0.909382
0.909336
0.910343
0.908196
0.910034
0.90815
0.906953
0.915269
0.908358
0.910711
0.902256
0.907651
0.902362
0.91181
0.906723
0.906591
0.908384
0.907017
0.894611
0.910671
0.911073
0.913279
0.914038
0.911862
0.912524
0.911291
0.90935
0.908416
0.910779
0.906984
0.893554
0.901311
0.907444
0.913899
0.91517
0.911806
0.913029
0.913548
0.907293
0.906199
0.909328
0.907809
0.909319
0.91187
0.913001
0.910074
0.909697
0.910362
0.907368
0.912405
0.904994
0.909917
0.909406
0.910043
0.916574
0.908231
0.907781
0.910188
0.911622
0.910222
0.906169
0.906875
0.906248
0.913571
0.908595
0.906606
0.910928
0.900502
0.906397
0.91817
0.90802
0.910578
0.907445
0.908961
0.911877
0.91295
0.89105
0.90525
0.910069
0.907398
0.917052
0.913361
0.909592
0.911174
0.908594
0.907806
0.9112
0.909662
0.911446
0.911519
0.907553
0.909541
0.910544
0.910125
0.906752
0.911891
0.91021
0.908301
0.908052
0.911829
0.910624
0.90739
0.908916
0.90791
0.901074
0.90561
0.911522
0.913202
0.909355
0.911542
0.90987
0.910356
0.909312
0.899465
0.909758
0.908186
0.91042
0.906844
0.910976
0.906956
0.910921
0.915302
0.909679
0.905526
0.910372
0.911281
0.908684
0.914241
0.911063
0.911061
0.914802
0.906899
0.905981
0.912838
0.907568
0.913724
0.910271
0.907224
0.914547
0.912062
0.911992
0.909527
0.907526
0.914144
0.910427
0.911769
0.913222
0.911795
0.91003
0.907392
0.909161
0.910374
0.908988
0.907803
0.912523
0.9102
0.911418
0.906679
0.909577
0.903823
0.909715
0.90695
0.909135
0.909688
0.909845
0.906562
0.907699
0.909917
0.909147
0.908326
0.912488
0.912375
0.908621
0.910168
0.909331
0.911607
0.89755
0.911333
0.905949
0.910842
0.908694
0.907412
0.907147
0.909717
0.910872
0.909243
0.915917
0.90953
0.90732
0.908823
0.908116
0.90982
0.912302
0.903311
0.909562
0.91263
0.908487
0.910223
0.906748
0.913766
0.909115
0.909497
0.906613
0.910844
0.914279
0.911645
0.904613
0.910967
0.906609
0.914444
0.909244
0.907748
0.91011
0.91209
0.903755
0.911036
0.910367
0.905887
0.911844
0.903656
0.911022
0.913075
0.908885
0.910255
0.905956
0.906377
0.908676
0.908255
0.90773
0.91065
0.907917
0.908649
0.896727
0.910004
0.909776
0.909318
0.909146
0.908982
0.908234
0.912698
0.911999
0.909957
0.911732
0.90641
0.90955
0.911211
0.905087
0.908389
0.9028
0.910149
