0.869641
0.873304
0.883391
0.878821
0.870082
0.882341
0.878689
0.880059
0.876945
0.875551
0.86746
0.870282
0.883367
0.878575
0.877338
0.87321
0.880889
0.875234
0.881876
0.877791
0.879044
0.880771
0.875575
0.881855
0.883046
0.879793
0.883502
0.875444
0.874817
0.876417
0.872658
0.875687
0.875819
0.884723
0.872074
0.884634
0.882398
0.877951
0.874812
0.87504
0.875865
0.882234
0.871485
0.885132
0.873796
0.880823
0.881267
0.87666
0.881228
0.879951
0.871075
0.878637
0.880928
0.880322
0.879387
0.877837
0.880474
0.88281
0.882202
0.885045
0.874932
0.875156
0.881849
0.882878
0.874638
0.883578
0.87764
0.886268
0.878309
0.872078
0.887859
0.879708
0.875771
0.873729
0.87694
0.876661
0.870935
0.884496
0.876054
0.883801
0.872362
0.87477
0.882938
0.880051
0.877367
0.872056
0.868649
0.872675
0.873405
0.876433
0.885883
0.872601
0.876302
0.883733
0.873466
0.880905
0.876575
0.875748
0.868928
0.874732
0.88193
0.876697
0.882191
0.883665
0.885655
0.876772
0.881196
0.880312
0.877654
0.880255
0.880797
0.880076
0.865463
0.883397
0.883993
0.873846
0.871362
0.869041
0.874448
0.879671
0.874511
0.873372
0.880266
0.874733
0.87477
0.88348
0.858312
0.88308
0.873609
0.880839
0.878993
0.886154
0.880097
0.876793
0.873108
0.878591
0.878215
0.883238
0.878284
0.877551
0.868598
0.879286
0.882987
0.876768
0.866131
0.873662
0.878161
0.888345
0.87662
0.880582
0.874198
0.872584
0.880976
0.884247
0.876967
0.879295
0.878247
0.875803
0.888182
0.87885
0.877489
0.872935
0.875033
0.872909
0.883505
0.879065
0.877951
0.878666
0.878292
0.87827
0.877308
0.88191
0.880612
0.871664
0.874282
0.88424
0.862136
0.873423
0.87727
0.879354
0.878838
0.872547
0.882519
0.877597
0.869893
0.879106
0.898181
0.879085
0.873223
0.877557
0.87734
0.876616
0.879969
0.886167
0.879265
0.875806
0.875002
0.873527
0.875762
0.887771
0.886222
0.878845
0.885606
0.878033
0.871683
0.882844
0.872089
0.886417
0.879175
0.873516
0.876509
0.875915
0.871635
0.880882
0.880685
0.882467
0.87609
0.874403
0.880689
0.871127
0.879386
0.874905
0.881457
0.878224
0.886976
0.867982
0.868568
0.877384
0.876214
0.879032
0.885736
0.883673
0.875997
0.878441
0.878905
0.873288
0.874168
0.876837
0.865506
0.875125
0.872904
0.879976
0.865895
0.87629
0.881632
0.880817
0.869432
0.882513
0.88354
0.881085
0.873151
0.880309
0.87563
0.881426
0.875982
0.887418
0.875028
0.876735
0.882062
0.882254
0.887243
0.878251
0.876676
0.880222
0.88467
0.848722
0.881508
0.880919
0.878359
0.880326
0.883579
0.879427
0.884377
0.874207
0.876656
0.88478
0.877118
0.887511
0.878296
0.878499
0.86701
0.878225
0.887478
0.877429
0.880737
0.866213
0.873901
0.876947
0.881245
0.877188
0.881178
0.876492
0.879376
0.88598
0.883636
0.879271
0.879309
0.885066
0.87362
0.874274
0.880038
0.883972
0.881683
0.882745
0.883568
0.870525
0.86517
0.870549
0.881099
0.874211
0.87622
0.869409
0.88425
0.885259
0.876534
0.876234
0.881639
0.87906
0.879607
0.885344
0.876604
0.877339
0.869999
0.884527
0.874687
0.881634
0.874853
0.878975
0.870083
0.86882
0.876674
0.873942
0.881022
0.885104
0.875781
0.885381
0.881926
0.877568
0.878801
0.882121
0.881555
0.873218
0.877974
0.885651
0.885458
0.882051
0.880499
0.883955
0.886102
0.882342
0.876584
0.879781
0.876807
0.873825
0.883244
0.875764
0.881971
0.887006
0.875252
0.877482
0.885591
0.881283
0.879138
0.875625
0.874888
0.880285
0.885825
0.873511
0.876639
0.879365
0.879836
0.88045
0.87753
0.876862
0.882051
0.886331
0.882662
0.873901
0.88013
0.872678
0.886032
0.891429
0.876385
0.882055
0.881714
0.876724
0.876776
0.876983
0.878575
0.881199
0.880514
0.872167
0.871655
0.890828
0.878654
0.879455
0.877609
0.874829
0.887763
0.877831
0.868888
0.875018
0.885722
0.875199
0.87512
0.880183
0.87565
0.880248
0.871842
0.881108
0.873394
0.874687
0.879525
0.882419
0.876901
0.875188
0.884651
0.8726
0.874582
0.890254
0.885172
0.879648
0.879044
0.874788
0.884799
0.877297
0.879755
0.885917
0.87817
0.890959
0.884755
0.878079
0.874382
0.880482
0.881734
0.874365
0.879605
0.877559
0.885757
0.878744
0.873735
0.879421
0.878208
0.87985
0.882424
0.876891
0.874777
0.884315
0.883119
0.876153
0.870532
0.8765
0.87636
0.875387
0.878198
0.872889
0.878674
0.87254
0.877943
0.876505
0.874911
0.876267
0.878302
0.879538
0.881117
0.87848
0.878246
0.873164
0.88452
0.873534
0.870864
0.872438
0.87978
0.874982
0.879644
0.8717
0.877567
0.873001
0.877637
0.883279
0.87938
0.881753
0.871758
0.880052
0.879323
0.870726
0.88819
0.878479
0.869421
0.881546
0.881678
0.8761
0.877325
0.869929
0.880571
0.874369
0.87475
0.875486
0.869505
0.886284
0.881709
0.88615
0.874167
0.871259
0.888665
0.883981
0.876843
0.870284
0.875396
0.87455
0.880603
0.878592
0.878969
0.877039
0.880842
0.882247
0.880804
0.884272
0.87323
0.88522
0.87656
0.881625
0.879707
0.883046
0.8711
0.878519
0.882361
0.879088
0.873595
0.879616
0.879786
0.879824
0.887031
0.884233
0.878475
0.872
0.8842
0.877168
0.886332
0.881766
0.876534
0.876336
0.879529
0.862047
0.878467
0.884994
0.879543
0.878015
0.876686
0.875405
0.873055
0.875677
0.881238
0.879487
0.870777
0.87138
0.879127
0.877739
0.875221
0.869952
0.879464
0.881898
0.87689
0.876215
0.885068
0.884475
0.886526
0.876396
0.877925
0.887313
0.879834
0.875266
0.88274
0.868537
0.880922
0.881159
0.87657
0.874553
0.8737
0.867057
0.883334
0.886116
0.880694
0.887957
0.880834
0.877495
0.874035
0.878068
0.875055
0.880435
0.876899
0.879111
0.881646
0.876835
0.877097
0.871225
0.885934
0.874399
0.885846
0.875446
0.880536
0.885967
0.880457
0.86842
0.879756
0.862611
0.877028
0.878584
0.879941
0.861995
0.881493
0.88149
0.869556
0.882661
0.875335
0.884908
0.868575
0.878235
0.878558
0.881327
0.872706
0.872378
0.880539
0.871688
0.874231
0.883442
0.876502
0.887815
0.876692
0.877392
0.871485
0.872776
0.872533
0.870286
0.874502
0.880049
0.884812
0.879634
0.871169
0.883233
0.875267
0.87644
0.880342
0.881309
0.869345
0.880019
0.877019
0.88498
0.880959
0.884518
0.869194
0.88431
0.879723
0.874948
0.870599
0.874901
0.875765
0.886593
0.885783
0.883886
0.843355
0.879773
0.879224
0.876427
0.880144
0.879873
0.88332
0.883581
0.876987
0.876227
0.877081
0.880356
0.885881
0.883187
0.878731
0.875007
0.87623
0.87807
0.88202
0.877677
0.882277
0.883292
0.88094
0.878524
0.879904
0.878121
0.875819
0.874005
0.882154
0.889416
0.888391
0.878178
0.88269
0.876777
0.875872
0.882608
0.885437
0.880687
0.881525
0.878933
0.879098
0.877869
0.884167
0.88233
0.875395
0.881469
0.875744
0.886798
0.877701
0.874995
0.877289
0.882714
0.872184
0.875737
0.883926
0.880851
0.873182
0.877588
0.88213
0.883791
0.873191
0.873782
0.874532
0.881768
0.880418
0.888448
0.872563
0.878869
0.881893
0.874696
0.872366
0.882608
0.874135
0.875935
0.874541
0.874959
0.873994
0.879133
0.879107
0.876336
0.874868
0.876748
0.879327
0.880877
0.887169
0.878033
0.873937
0.874341
0.878755
0.88163
0.878837
0.882897
0.871306
0.867896
0.878422
0.868977
0.88126
0.883135
0.88263
0.882158
0.885027
0.875912
0.877413
0.882568
0.880271
0.879388
0.880759
0.881054
0.876204
0.882911
0.872302
0.877135
0.88178
0.883365
0.876733
0.880386
0.881642
0.875821
0.876384
0.877261
0.873427
0.883364
0.875447
0.88506
0.877845
0.880021
0.873979
0.883492
0.881939
0.881311
0.88328
0.873552
0.876839
0.876415
0.884423
0.880467
0.869892
0.88423
0.880748
0.883058
0.881181
0.874978
0.867849
0.886187
0.886536
0.873716
0.873104
0.872129
0.881055
0.839567
0.888373
0.880342
0.882954
0.8817
0.882107
0.885046
0.883352
0.883755
0.877331
0.881535
0.883877
0.87765
0.882251
0.879805
0.885561
0.872385
0.888327
0.878717
0.87356
0.865063
0.884014
0.873259
0.880242
0.880948
0.884118
0.881185
0.883791
0.878993
0.878436
0.878271
0.886351
0.884366
0.874599
0.889122
0.875836
0.886812
0.877187
0.876409
0.873235
0.888483
0.881403
0.881172
0.877107
0.871125
0.878703
0.879523
0.881495
0.881297
0.882624
0.866016
0.878922
0.871474
0.883692
0.874659
0.88279
0.880758
0.872638
0.882302
0.887546
0.878968
0.875076
0.887521
0.87605
0.879138
0.87174
0.876401
0.883141
0.88203
0.878677
0.876401
0.872103
0.871796
0.878907
0.878239
0.876099
0.878102
0.879143
0.879743
0.879671
0.878509
0.877947
0.879804
0.874733
0.876485
0.878723
0.880305
0.884193
0.879209
0.87674
0.879475
0.882544
0.880735
0.885355
0.880871
0.877668
0.877795
0.884266
0.880438
0.881197
0.873835
0.884123
0.879512
0.870109
0.869015
0.874752
0.876274
0.882927
0.878435
0.877899
0.877541
0.883858
0.873724
0.891813
0.875386
0.881017
0.883823
0.86985
0.878165
0.878118
0.87918
0.88567
0.875355
0.873838
0.884391
0.873745
0.881768
0.882127
0.885881
0.883485
0.883981
0.882377
0.869311
0.880906
0.878195
0.877526
0.871415
0.8795
0.87743
0.884786
0.872621
0.884123
0.878253
0.876633
0.882735
0.877617
0.883117
0.879348
0.883255
0.881093
0.882001
0.882248
0.882297
0.870053
0.877273
0.874948
0.886124
0.879772
0.876961
0.878266
0.891711
0.877178
0.87978
0.873241
0.886095
0.876577
0.882901
0.874949
0.878936
0.883883
0.87957
0.867992
0.877627
0.887014
0.883893
0.877528
0.878713
0.881963
0.877441
0.885678
0.87874
0.878622
0.881069
0.878994
0.884382
0.875945
0.884125
0.880022
0.879219
0.87034
0.877247
