1717.82 0.902517 0.00130708
1557.65 0.907127 0.00137275
1413.01 0.889146 0.00113273
1713.1 0.904612 0.00140261
1807.27 0.910803 0.000862387
1681.96 0.86746 0.00148576
1743.12 0.900309 0.00143417
1912.9 0.902782 0.00121824
1683.15 0.906138 0.00122783
1475.44 0.911578 0.00139414
1545.01 0.909167 0.00141989
1514.94 0.889896 0.00181659
1596.96 0.903569 0.00137881
1434.25 0.88592 0.00158006
2075.79 0.915637 0.000754264
1938.59 0.911899 0.00083453
1663.49 0.905217 0.00131473
1573.2 0.906108 0.00142232
1604.34 0.914865 0.000996581
1708.67 0.904468 0.00135284
1690.17 0.911002 0.000772381
1554.9 0.90969 0.00139144
1721.56 0.906792 0.00143006
1905.36 0.911974 0.00131183
1595.24 0.917358 0.000967194
1576.91 0.909024 0.00138576
1663.9 0.905854 0.00143194
1540.04 0.912223 0.00078845
1944.4 0.907806 0.00139152
1743.32 0.913998 0.000899057
2110.95 0.90317 0.00135119
1473.1 0.884801 0.00198671
1629.18 0.909175 0.00151312
1667.32 0.905936 0.00136569
1670.56 0.908163 0.000927824
1726.97 0.86137 0.000887751
1597.31 0.905311 0.00142363
1663.7 0.908845 0.00133391
2001.09 0.902136 0.00142457
1731.01 0.916781 0.000941779
1691.1 0.877451 0.00131537
1602.33 0.908137 0.00139395
1537.84 0.913254 0.000908697
1624.86 0.909646 0.00136229
1629.67 0.908946 0.0014071
1676.87 0.877454 0.00119328
1626.7 0.904833 0.00138073
1874.74 0.907589 0.00142844
1776.15 0.904154 0.00116651
1581.88 0.910879 0.00134103
1668.39 0.90508 0.00136274
1500.62 0.909923 0.00131931
1547.27 0.906727 0.00131448
1532.46 0.910455 0.00138203
1496.22 0.907383 0.00144517
1672.71 0.907025 0.0013917
1671.79 0.913094 0.000828792
1805.22 0.911507 0.000740618
1575.96 0.870959 0.00191424
1983.87 0.906054 0.00144975
1637.14 0.908945 0.00145757
1890.53 0.881148 0.00173305
2136.43 0.914357 0.000852444
1616.5 0.887366 0.00135795
2142.81 0.90237 0.00146734
2036.29 0.906062 0.00130151
1688.26 0.910019 0.00142393
1627.17 0.909613 0.00140013
1900.71 0.910138 0.000861261
1619.56 0.90747 0.00141936
1807.62 0.909334 0.00144794
1647.87 0.90292 0.00142046
1672.42 0.906233 0.0013477
1425.09 0.888415 0.00125775
1537.02 0.905045 0.00142677
1510.04 0.91499 0.000975028
1644.91 0.915231 0.00101201
1637.98 0.915276 0.00094145
1626.27 0.906796 0.00108795
1533.36 0.885331 0.00179148
1707.86 0.910969 0.000992831
1671.9 0.907452 0.00140237
1601.48 0.912618 0.000829354
1632.62 0.906256 0.00149322
1938.98 0.907939 0.0025585
1641.18 0.907977 0.00133937
1803.76 0.905875 0.00143721
1603.29 0.908612 0.00137658
1666.91 0.90658 0.00141056
1768.44 0.912908 0.000837213
1775.43 0.905005 0.00131008
2206.11 0.884931 0.00197596
1589.98 0.912224 0.00127759
1568.75 0.909499 0.00140628
2136.87 0.911442 0.000848583
1579.84 0.906104 0.00135215
1721.86 0.878708 0.00108801
1543.05 0.908581 0.00133831
2053.31 0.901489 0.00136133
1613.57 0.908119 0.00136212
1646.93 0.906737 0.00106495
1614.6 0.90704 0.00142433
1718.92 0.912003 0.000844841
1984.45 0.910856 0.000850698
1887.84 0.882718 0.00104931
2148.85 0.90094 0.00141418
1571.96 0.88134 0.00177735
1649.27 0.902512 0.00137639
1950.35 0.890338 0.00152195
1778.42 0.874009 0.00182573
2001.16 0.906617 0.00129949
1684.63 0.906401 0.00143233
1595.65 0.9081 0.00138832
1896.95 0.909805 0.000857076
1707.88 0.89048 0.00179329
1744.26 0.910898 0.000865559
1670.04 0.90434 0.00155554
1709.35 0.89291 0.00119177
1613.81 0.904386 0.0014076
1525.82 0.906271 0.00132323
1877.03 0.909877 0.000867479
1860.4 0.910785 0.000845485
1740.35 0.90428 0.00138333
1805.77 0.914292 0.000851833
1611.62 0.914503 0.000839501
1586.42 0.909211 0.00144171
1773 0.912803 0.000830468
1603.24 0.914681 0.000790008
1559.71 0.912806 0.000793892
1683.37 0.907565 0.0014138
1499.16 0.903316 0.00145405
1765.24 0.887884 0.00124756
2090.22 0.908229 0.000877358
1817.48 0.905615 0.00137626
1653.75 0.906637 0.00130342
2033.27 0.908414 0.000877426
1663.24 0.912127 0.000852077
1654.73 0.899879 0.00495815
1578.65 0.913921 0.000820409
1691.74 0.906312 0.00135715
1769.86 0.913287 0.000799458
1617.19 0.909461 0.00137987
1563.97 0.916093 0.000943548
1538.61 0.906814 0.00138551
1450.3 0.889553 0.00172141
1560.99 0.907791 0.542568
1608.69 0.914436 0.000835593
1677.74 0.911887 0.00139988
1625.4 0.90254 0.00146058
1843.05 0.903706 0.00139663
1835.39 0.912032 0.000833285
1929.84 0.909744 0.000873791
1744 0.908963 0.00133596
1760.08 0.913191 0.000824937
1614.81 0.910012 0.00132463
1676.26 0.907065 0.00131055
1811.21 0.914379 0.000844465
1769.71 0.901558 0.00131573
1726.99 0.91038 0.00101484
1645.02 0.905791 0.00137901
1845.88 0.90531 0.00131559
1822.91 0.913695 0.000839697
1592.44 0.883523 0.00188171
1577.96 0.91269 0.000972317
1638.54 0.904337 0.00136069
1827.34 0.909475 0.000843497
1851.25 0.903411 0.00139475
1906.57 0.906567 0.00130644
1606.37 0.911773 0.0014778
1615.99 0.914793 0.000849799
2101.11 0.913175 0.000849911
1684.7 0.907205 0.00133034
1535.04 0.906309 0.00130337
1567.83 0.90381 0.00135962
1609.02 0.909433 0.00131133
1647.42 0.906691 0.00132245
1936.02 0.879422 0.00123354
1852.66 0.902937 0.00141089
1785.85 0.903538 0.00144249
1745.04 0.91726 0.00103201
1751.01 0.908564 0.00135594
1490.69 0.906129 0.00137687
1605.53 0.906392 0.00137299
1590.51 0.885309 0.00126482
1723.83 0.912423 0.000833041
2065.7 0.90961 0.000872916
1528.09 0.912561 0.000847096
1778.71 0.907805 0.00133694
1861.75 0.903987 0.00144027
1621.46 0.905253 0.00139278
1691 0.901883 0.00139841
1701.12 0.905105 0.00141469
1751.19 0.911728 0.000843455
1867.8 0.914269 0.000827306
1803.91 0.90175 0.00137447
1558.79 0.879852 0.00175825
1695.17 0.908468 0.00138892
2089.06 0.901419 0.00131939
1505.95 0.910507 0.00138529
1697.5 0.909799 0.00153165
1737.04 0.903368 0.00140595
1630.85 0.910793 0.000996441
1526.53 0.909008 0.00133697
1479.3 0.910322 0.00141261
1605.35 0.905207 0.00145582
1624.5 0.908742 0.00145654
1733.08 0.913569 0.00105163
2085.48 0.909523 0.000889311
1806.53 0.903167 0.0015705
1708.92 0.906015 0.00136596
1903.46 0.905074 0.00147624
1547.21 0.906243 0.00130986
1590.23 0.882189 0.00129715
1552.4 0.904576 0.541505
1837.41 0.908357 0.000860978
1502.48 0.907494 0.00137207
1541.05 0.917188 0.000993093
1638.33 0.903744 0.00143398
1731.83 0.912901 0.000815884
1688.5 0.912629 0.000716357
1851.76 0.90983 0.00140559
1746.23 0.906931 0.0013151
1513.9 0.906514 0.00145621
1729.77 0.879412 0.00116604
1590.17 0.909131 0.00137456
1810.36 0.912729 0.00085289
1558.94 0.909285 0.00136768
1704.71 0.905185 0.00136389
1650.51 0.910659 0.000862358
1579.65 0.908397 0.00140616
1876.73 0.888545 0.00101573
1676 0.910567 0.00160908
1522.1 0.887085 0.00160278
1550.68 0.914747 0.00102161
1598.31 0.908256 0.00101768
1717.28 0.912401 0.000825366
1536.41 0.908441 0.00141942
2164.15 0.907592 0.00130375
1928.86 0.913957 0.000823206
1686.41 0.906657 0.00144891
1760.99 0.903867 0.00115913
1767.38 0.914332 0.000846724
1525.09 0.909366 0.00139514
1811.47 0.909621 0.00134279
1498.23 0.908288 0.00133729
1593.06 0.915355 0.000974532
1738.56 0.904806 0.00137965
1773.64 0.90611 0.0012981
1586.59 0.910351 0.00141071
1985.27 0.901263 0.00141429
1511.51 0.907072 0.00137074
1922.87 0.895265 0.00173054
1643.01 0.914032 0.544679
1562.82 0.907776 0.00127803
1719.68 0.904412 0.00134239
1567.88 0.906288 0.00152416
1942 0.909191 0.000855544
1629.81 0.913198 0.00140214
1577.1 0.889053 0.00137996
1728.8 0.904325 0.00138751
1746.4 0.902801 0.00140771
1620.4 0.903402 0.00146576
1594.88 0.905953 0.00131204
1584.11 0.909529 0.00103153
1805.47 0.903462 0.00141805
1576.71 0.908071 0.00147168
1588.76 0.908116 0.00127212
1610.11 0.913613 0.000835655
1766.53 0.906066 0.00138347
1738.22 0.911098 0.00138499
1671.62 0.909749 0.00133314
1547.99 0.906085 0.00132682
1807.45 0.911099 0.00135456
1800.31 0.909247 0.543133
1746.19 0.902077 0.00143534
1638.95 0.906083 0.00134531
1666.36 0.902452 0.00144463
1575.31 0.896861 0.0016195
1715.58 0.909228 0.00136204
1557.13 0.912469 0.00143548
1638.05 0.90924 0.0013638
1618.72 0.87589 0.00179813
1816.05 0.910798 0.000829311
1590.7 0.90851 0.00142068
1912.97 0.903124 0.00127553
1551.61 0.907721 0.00129842
1688.28 0.906106 0.00126496
1734.29 0.905881 0.00134287
1656.86 0.910837 0.0013376
1541.71 0.907131 0.00139761
1713.54 0.907066 0.00134925
1600.52 0.908588 0.00126059
1611.52 0.906619 0.00144721
1609.64 0.905728 0.00134741
1475.86 0.909521 0.00136754
1542.6 0.88577 0.00187315
1730.59 0.911858 0.000792537
1714.04 0.902612 0.00130521
1622.05 0.913644 0.000837301
1615.94 0.904183 0.00233963
1593.16 0.906071 0.00127827
2098.75 0.91288 0.000801613
1639.38 0.913452 0.000813817
1541.78 0.91212 0.000940651
1902.19 0.907203 0.00134158
1711.81 0.916737 0.00102479
1644.25 0.913949 0.0010941
1831.98 0.900598 0.00243745
1786.84 0.905813 0.00142419
1758.76 0.904502 0.00139747
1684.93 0.909573 0.543153
2387.23 0.884558 0.00127281
1621.33 0.911133 0.000875309
1593.62 0.906156 0.00143952
1650.25 0.906496 0.00137018
1984.55 0.907588 0.0013088
1710.46 0.912331 0.00083966
1926.59 0.913095 0.000843272
1596.02 0.88345 0.00128486
1600.34 0.907446 0.00133296
1626.24 0.896381 0.0011847
1446.61 0.909683 0.00132163
1613.5 0.902806 0.00140536
1892.19 0.912213 0.000856021
1701.14 0.905965 0.00141575
1560.87 0.910154 0.00143426
1696.52 0.908096 0.0013096
1671.09 0.904811 0.00130974
1605.77 0.911889 0.000844594
1715.62 0.90417 0.00132364
1544.16 0.910514 0.00141005
1710.21 0.903497 0.0014049
1538.22 0.905446 0.00126253
1557.07 0.885143 0.00131087
1588.84 0.90427 0.00134356
1605.12 0.909618 0.00141067
1542.22 0.911479 0.00132794
1603.09 0.907861 0.00141121
1782.79 0.913196 0.000795647
1477.89 0.891328 0.00162788
1591.18 0.909371 0.00141159
1689.32 0.913137 0.000809561
1418.19 0.882319 0.0018118
1618.64 0.881397 0.00171957
1684.65 0.907022 0.542329
1666.56 0.904882 0.00127482
1720.94 0.869975 0.00162441
1497.6 0.91303 0.00123237
1555.15 0.907131 0.00145118
1662.05 0.908669 0.00132162
1652.02 0.913799 0.000793085
1695.75 0.90308 0.00137319
1644.19 0.873952 0.00123807
1712.39 0.909664 0.0013519
1611.47 0.903868 0.00128807
1574.85 0.912102 0.00130975
1986.53 0.911724 0.000835346
1614.36 0.893439 0.00180704
1647.12 0.908797 0.00142562
1680.82 0.908789 0.00136654
1526.98 0.881452 0.00140766
1602.55 0.884409 0.00152208
1558.68 0.908224 0.00132686
1688.29 0.911994 0.000981117
1719.14 0.912684 0.544191
1682.35 0.905513 0.00127928
1546.26 0.908826 0.00144296
1633.68 0.888713 0.00129316
1613.93 0.889523 0.00127376
1603.88 0.907488 0.00135703
1558.12 0.90438 0.00147853
1631.11 0.909435 0.001377
1472.99 0.909923 0.00139522
2083.2 0.91208 0.000834559
1658.8 0.882861 0.00162803
2048.33 0.903648 0.00136153
2003.47 0.904299 0.00143418
1733.19 0.914029 0.0008252
1729.14 0.90626 0.00133915
1755.54 0.900802 0.0012318
1557 0.907574 0.00149938
1526.47 0.908431 0.00138656
1709.14 0.917702 0.00109436
1599.61 0.88685 0.0358086
1636.06 0.904489 0.00148383
2030.71 0.914705 0.000855758
1751.12 0.906018 0.00137701
1846.11 0.91071 0.000864753
1546.35 0.911733 0.00128874
1498.55 0.908864 0.00134851
1695.27 0.908508 0.00139297
1671.04 0.907741 0.00135375
1670.16 0.906894 0.00144733
1630.15 0.887922 0.00132627
1548.82 0.889706 0.00131584
1568.03 0.908367 0.00137907
1727.25 0.913052 0.000850185
1694.92 0.906769 0.00154022
1515.28 0.899257 0.00171133
1639.38 0.910141 0.00102153
1593.09 0.904904 0.00138864
1629.76 0.905713 0.00141537
1691.59 0.911941 0.000832413
1591.35 0.916099 0.00103822
1501.56 0.915384 0.000931585
1629.69 0.897575 0.00134637
1638.82 0.905954 0.00142945
1683.73 0.904113 0.00141452
1774.12 0.9129 0.000851161
1670.61 0.881167 0.00133383
1568.95 0.907458 0.00140843
1586.68 0.896927 0.00176991
1791.77 0.903975 0.00136134
1514 0.876536 0.00120414
1828.17 0.909222 0.000845797
1578.06 0.911286 0.00135463
1747.37 0.91512 0.000504686
1830.11 0.906408 0.00140095
1653.73 0.913792 0.00110588
1886.72 0.904068 0.00137499
1885.75 0.914715 0.000833315
1732.18 0.903935 0.00124907
1491.34 0.909961 0.00143111
1703.76 0.915077 0.000839576
1565.24 0.91004 0.00137181
1731.43 0.90687 0.00140102
1712.82 0.906826 0.00137797
1541.26 0.908961 0.00135858
1599.3 0.905108 0.00146267
1709.21 0.902775 0.00136557
2099.72 0.909074 0.000896781
1572.58 0.904326 0.00136265
1694.2 0.906011 0.00138871
1591.15 0.911615 0.00133484
1585.1 0.907063 0.00141106
1700.01 0.902769 0.00138473
1458.86 0.884239 0.00189556
1620.26 0.905029 0.00126389
1740.62 0.905197 0.00143981
1773.4 0.916903 0.000966308
1619.96 0.913004 0.000848731
1758.09 0.885682 0.00188814
1489.03 0.906145 0.00136538
2029.22 0.913036 0.000836248
1584.49 0.908153 0.00148091
1568.07 0.909805 0.00138691
1625.37 0.905624 0.00130615
1785.47 0.913523 0.00147912
1497.04 0.908357 0.00147002
1766.79 0.916148 0.000947351
1536.27 0.912389 0.000803921
1635.88 0.906599 0.00134088
1711.15 0.910946 0.00144955
1937.16 0.904329 0.00136025
1517.62 0.888009 0.0017958
1962.43 0.912266 0.544112
2069.87 0.905162 0.00136736
1615.34 0.910611 0.000867235
1712.11 0.906282 0.00141793
1522.26 0.90581 0.00141978
1803.71 0.90805 0.00132512
1500.45 0.886414 0.00179927
1597 0.904992 0.00144635
1668.12 0.907571 0.00113393
1705.2 0.906957 0.00131967
2175 0.907806 0.000866964
1616.59 0.903056 0.00129299
1583.34 0.907396 0.00142164
1495.35 0.904771 0.00135724
1692.98 0.888013 0.00117439
1580.83 0.903035 0.00151502
1582.45 0.908026 0.00132882
1593.98 0.912358 0.000836095
1593.5 0.910583 0.00081791
1475.19 0.892944 0.00156704
1742.32 0.910154 0.00129554
1619.83 0.880325 0.00132149
1635.86 0.906968 0.00134402
1686.73 0.907059 0.00145942
2010.67 0.90195 0.00129441
1573.75 0.905586 0.00131968
1694.87 0.913007 0.000829772
1506.05 0.90915 0.00145207
1597.68 0.905984 0.00147325
1685.06 0.903895 0.00146516
1927.02 0.904066 0.00141974
1642.78 0.905073 0.00138202
1709.57 0.903252 0.00142199
1701.13 0.906179 0.00136849
1741.12 0.90396 0.00138138
1803.02 0.916395 0.00105539
1722.44 0.908038 0.00121692
1769.81 0.908027 0.00132387
1721.62 0.908722 0.00135252
2020.55 0.902528 0.00128538
1567.26 0.909955 0.0010241
2141.29 0.875581 0.00184226
1708.56 0.910403 0.00141637
1604.95 0.906394 0.00145169
1750.26 0.90771 0.0012929
1635.23 0.908255 0.00140723
1646.32 0.90587 0.00140722
1631.5 0.91351 0.00101595
1485.92 0.905059 0.00130362
1625.58 0.907446 0.00146624
1563.41 0.90513 0.00114902
1615.94 0.912886 0.000855099
1683.01 0.9067 0.00131349
1618.98 0.912217 0.00134927
1471.94 0.909495 0.00142898
1958.09 0.900652 0.0013905
1554.63 0.908593 0.0012839
1789.53 0.913139 0.000851049
1628.63 0.907375 0.00130028
2401.69 0.894098 0.00355209
1653.61 0.909934 0.00139616
1561.85 0.873397 0.000813425
1453.42 0.908728 0.00131432
1607.6 0.91071 0.000945304
1648.32 0.912388 0.00134687
1610.01 0.908323 0.00124132
1767.62 0.903331 0.00135961
1701.34 0.909511 0.00134313
1686.18 0.902555 0.00132428
1521.38 0.914596 0.00075738
1582.34 0.914828 0.000918702
1790.95 0.906852 0.00135499
1814.25 0.915141 0.000803717
1763.04 0.911776 0.000925684
1445.24 0.893984 0.00183843
1605.78 0.907567 0.00141124
1610.92 0.908632 0.00137894
1720.91 0.909568 0.00144081
1757.61 0.910316 0.000876996
1659.34 0.901506 0.00137031
1771.6 0.913435 0.00142195
1668.37 0.905681 0.00141282
1683.88 0.900933 0.00405528
1814.73 0.914609 0.000830845
2085.78 0.904003 0.00134213
1612.92 0.906754 0.001371
1468.81 0.905488 0.00141773
1584.59 0.90582 0.001434
2152.79 0.909312 0.000865256
1603.55 0.907778 0.00133501
1577.21 0.880405 0.00112047
1679.59 0.907727 0.00132752
1700.33 0.915985 0.000808194
1769.93 0.906316 0.00124081
1568.04 0.905866 0.00143676
1650 0.909971 0.00135015
1579.5 0.906453 0.00145498
1614.28 0.910534 0.000861968
1779.05 0.906509 0.00141715
1725.65 0.910947 0.00092337
1844.79 0.903908 0.00145787
1540.8 0.90772 0.00130275
1868.19 0.914286 0.000837629
1809.93 0.915705 0.000803531
1799.36 0.918387 0.00103543
1623.35 0.910601 0.00141858
1635.88 0.91236 0.000582596
1683.45 0.914867 0.000996427
1721.53 0.903267 0.00141982
1716.27 0.914603 0.000833609
1645.49 0.873258 0.000758232
1695.39 0.917499 0.00107982
1694.97 0.90433 0.00132067
1866.21 0.90347 0.00132286
1569.55 0.906623 0.00143277
1808.39 0.910614 0.000868577
1706.93 0.904617 0.00132587
1726.9 0.909035 0.00144856
1612.7 0.91159 0.000836451
1785.47 0.905082 0.00136832
1617.65 0.906939 0.00129982
1437.6 0.910631 0.00133979
1742.82 0.912539 0.000847062
1561.17 0.902746 0.0123024
1715.15 0.910019 0.543299
1591.46 0.909503 0.00132865
1586.56 0.905488 0.00139868
1670.1 0.912396 0.000865055
1621.67 0.911296 0.00140624
1758.13 0.908649 0.00135739
1686.99 0.90363 0.00145821
1538.48 0.892344 0.00126896
1668.41 0.903609 0.0013884
1608.16 0.912892 0.000828038
1692.05 0.891851 0.00158401
1912.59 0.900452 0.00137169
1911.31 0.904226 0.00136964
1540.81 0.910209 0.00118275
1591.51 0.917833 0.000972404
1572.42 0.907355 0.00134963
2029.03 0.912641 0.000832282
1624.38 0.917235 0.00106001
1877.46 0.913469 0.000882557
1906.15 0.902367 0.00117969
1588.15 0.907205 0.00137026
1874.8 0.910596 0.000851736
1715.3 0.916047 0.00111267
1582.67 0.907077 0.00140653
1550.08 0.889442 0.0011437
1484.87 0.896334 0.0018342
1568.01 0.909951 0.00132458
2080.42 0.918521 0.00114608
2012.23 0.909925 0.000880884
1722.64 0.902838 0.00129222
2109.42 0.901312 0.00138736
1646.06 0.905649 0.00133477
1501.32 0.872886 0.0014514
1682.96 0.915299 0.000970122
1548.24 0.890323 0.00108474
1624.49 0.910421 0.00136865
1821.69 0.908571 0.00132687
1733.81 0.911138 0.00141103
1750.26 0.904307 0.00148576
1503.42 0.906852 0.00143261
1594.19 0.915501 0.000799186
1551.8 0.908039 0.00131298
1600.69 0.907891 0.0012505
1695.16 0.902999 0.00131018
1581.92 0.910569 0.00140468
1534.63 0.909173 0.00133207
1617.45 0.907199 0.00137542
1825.86 0.906428 0.00132978
1756.37 0.901696 0.00130445
1709.41 0.907665 0.00135704
1653.4 0.909667 0.000829796
1713.6 0.912456 0.00141282
1667.83 0.90785 0.00106517
1953.78 0.898316 0.00143295
1887.25 0.912058 0.000895506
1586.88 0.90763 0.00134568
1555.53 0.908991 0.00142125
1603.89 0.893046 0.00195147
1648.88 0.91044 0.00133138
1874.53 0.911353 0.000848308
1587.46 0.909088 0.00155864
1649.59 0.907634 0.00126569
1803.1 0.901503 0.00135955
1811.69 0.911305 0.000785824
1777.53 0.909414 0.00134862
1698.52 0.905799 0.00140913
1518.87 0.913588 0.00130924
1773.47 0.904073 0.00144098
1655.07 0.920871 0.00102951
1489.98 0.914698 0.544841
1726.42 0.909968 0.00140398
1975.5 0.903894 0.00135878
1766.05 0.910985 0.000761064
1656.27 0.913926 0.000797467
1616.64 0.910484 0.00140827
1485.41 0.904666 0.00129365
1717.74 0.907193 0.00139941
1579.6 0.912043 0.00139295
1747.88 0.911328 0.00138724
1576.18 0.907913 0.00136132
1713.46 0.913262 0.000867049
1711.67 0.919397 0.00105111
1494.87 0.909506 0.00142587
1738.5 0.912272 0.000807711
1611.55 0.914105 0.000998257
1673.07 0.904503 0.0013443
1648.4 0.905838 0.00132703
1550.6 0.909332 0.00134309
1550.34 0.909021 0.00142596
1480.5 0.895758 0.001657
1845.87 0.905609 0.00133367
1842.77 0.880398 0.00193084
1869.01 0.905612 0.00133121
1702.17 0.907418 0.00130479
1563.44 0.905979 0.00139913
1606.16 0.909338 0.00132702
1741.49 0.906206 0.00138975
1538.17 0.893617 0.00204376
1729.2 0.905661 0.001332
1866.24 0.907422 0.00141038
1621.99 0.906181 0.00148939
1452.41 0.907472 0.00149165
1679.48 0.875821 0.0014242
2282.37 0.89197 0.00105264
1788.93 0.908976 0.000862824
1637.74 0.911833 0.00144326
1547.86 0.907205 0.00135086
1667.44 0.91429 0.000804749
1504.6 0.911286 0.00131414
1704.97 0.911524 0.00127637
1633.15 0.911562 0.00140723
1914.08 0.878692 0.00171142
1517.51 0.904718 0.00127121
1549.18 0.905633 0.00135469
1967.19 0.912495 0.00128031
1527.48 0.907103 0.00148537
1661.84 0.880865 0.00175074
1568.05 0.90578 0.00146152
1610.36 0.910628 0.00140821
1581.24 0.909073 0.00135672
1691.54 0.894915 0.00133266
1920.83 0.912859 0.000853521
1570.35 0.906728 0.00138807
1459.02 0.886215 0.00105619
1524.91 0.911806 0.00136066
1641.46 0.906564 0.00138659
1719.13 0.912753 0.000859733
1624.46 0.891261 0.536963
1683.01 0.907491 0.00148837
1502.69 0.890033 0.00207109
1628.26 0.906591 0.00139504
1835.28 0.921843 0.00103509
2081.59 0.911831 0.000826395
2050.64 0.901408 0.00127183
2262.48 0.911759 0.000777688
1431.78 0.905173 0.00135964
1708.33 0.91037 0.00133401
1904.7 0.906117 0.000919336
1568.5 0.906391 0.00139922
1648.94 0.909997 0.00137778
1778.07 0.913232 0.000801863
1542.6 0.903557 0.00118511
1709.44 0.905311 0.0013124
1661.41 0.906907 0.00143976
1718.75 0.913434 0.000849618
1820.61 0.90257 0.00136103
1862.88 0.911801 0.000832868
1905.18 0.913873 0.000800911
1565.62 0.878359 0.00187138
1820.64 0.877563 0.00136013
1627.64 0.912846 0.000996543
1842.21 0.903902 0.00142922
1726.67 0.913383 0.000849398
1530.01 0.892137 0.00188432
1639.55 0.905476 0.00139991
1790.17 0.898837 0.00121116
1615.4 0.906569 0.00134332
1557.43 0.908665 0.00134587
1704.31 0.907199 0.00135652
1774.9 0.904663 0.541548
1570.27 0.908305 0.00131197
1605.51 0.907467 0.00137595
1821.78 0.90512 0.00120537
1489.66 0.907586 0.00148993
1555.85 0.90911 0.00142405
1886.71 0.91519 0.000800951
1867.36 0.912273 0.000875517
1841.42 0.906998 0.00133743
1803.31 0.908666 0.00136357
1716.7 0.914878 0.000831176
1570.39 0.911093 0.00145078
1859.97 0.912519 0.000843919
1551.16 0.904633 0.00132436
1588.58 0.908213 0.00134022
1849.09 0.912832 0.00128325
1691.4 0.90624 0.00139611
1713.84 0.905823 0.00140356
2162.13 0.911861 0.000845871
1647.01 0.878265 0.00171814
1808.04 0.90631 0.00127954
1695.97 0.904922 0.00134088
1659.11 0.873728 0.00184121
1645.73 0.902385 0.00140597
1745.81 0.902869 0.00153338
1544.97 0.907295 0.00137826
1667.77 0.908005 0.00142001
1686.94 0.902308 0.00146242
1402.47 0.89327 0.00174769
1578.49 0.888635 0.00146745
1780.69 0.910875 0.00139226
1695.74 0.910576 0.000866508
1770.05 0.905062 0.00126401
1413.21 0.881669 0.00163104
1698.39 0.909428 0.00132712
1418.14 0.884799 0.00180468
1607.5 0.91777 0.001061
1770.48 0.906627 0.00144316
1519.13 0.910219 0.000923745
1951.63 0.908655 0.00137513
1984.9 0.9032 0.0012778
1493.63 0.885272 0.00108707
1788.83 0.906003 0.00143336
2083.18 0.902323 0.00134691
1732.28 0.907117 0.00133593
1480.14 0.906557 0.00175993
1624.08 0.916775 0.000942648
1716.83 0.912711 0.000848911
1848.35 0.915932 0.000992826
1743.27 0.903206 0.00135062
1782.56 0.906051 0.00136976
1673.79 0.904974 0.00144615
1749.04 0.914896 0.000767754
1455.47 0.908996 0.00138306
1769.89 0.906544 0.00141869
1692.51 0.91209 0.000836421
1585.5 0.906444 0.00152861
1826.08 0.90762 0.00130662
1589.41 0.910667 0.0013941
1718.86 0.902858 0.00129973
1558.41 0.887839 0.0025053
1688.62 0.880076 0.00185659
1527.64 0.910302 0.00139649
1529.78 0.909831 0.00136475
1911.87 0.903155 0.00120886
1580.43 0.875801 0.00109625
1490.05 0.906764 0.00137997
1763.33 0.87968 0.00129271
1693.64 0.904941 0.00133254
1718.64 0.912086 0.000846977
2039.28 0.899482 0.00128272
1505.52 0.907504 0.00135431
1629.14 0.912991 0.00141807
1878.5 0.911141 0.000857794
1644.17 0.915034 0.000832818
1778.23 0.90392 0.00144476
1534.18 0.887621 0.00224424
1517.71 0.906715 0.00144421
1682.74 0.903589 0.0012849
1537.84 0.904246 0.00137947
1838.28 0.906146 0.00135039
1908.55 0.908947 0.000881553
1707.44 0.905023 0.541651
1735.68 0.90603 0.00141319
1497.48 0.906077 0.00142615
1798.84 0.909502 0.000848957
1534.77 0.909796 0.00139256
1516.98 0.892589 0.000887799
1596.22 0.905937 0.00143153
1895.45 0.903427 0.00139607
1768.89 0.908368 0.00129405
1624.84 0.905477 0.00136802
1735.89 0.912881 0.000997654
1615.94 0.910098 0.00137413
1490.84 0.909518 0.00134501
1674.12 0.904884 0.00119588
1706.91 0.908521 0.00147069
1786.82 0.907503 0.0014927
1551.03 0.915802 0.00107133
1732.21 0.904718 0.00139299
1522.56 0.90691 0.00136203
1912.72 0.903087 0.00131144
1638.21 0.908475 0.00132257
1541.3 0.905318 0.00147137
1639.5 0.905703 0.00212293
1646.63 0.905789 0.0013793
1495.83 0.910266 0.00136459
2029.75 0.911516 0.000832555
1788.72 0.907231 0.00139818
1582.96 0.902441 0.00144153
1695.99 0.882625 0.00105752
1662.47 0.913843 0.000834973
1564.24 0.881728 0.00147956
2221.48 0.900954 0.00143929
1668.84 0.912589 0.000813943
1488.62 0.906688 0.00135117
1650.37 0.880924 0.0015635
1848.97 0.919539 0.00107031
1749.61 0.911008 0.000830156
1560.49 0.907863 0.0013696
1599.97 0.904249 0.00138591
1797.29 0.90935 0.00133383
1644.5 0.907065 0.00137361
1577.88 0.916564 0.000932547
1665.96 0.912512 0.000849318
1688.72 0.905012 0.00142605
1673.04 0.907454 0.00137105
1640.2 0.903857 0.00140495
1543.84 0.894536 0.00159171
1675.09 0.906653 0.00124985
1606.01 0.908071 0.00134462
1620.77 0.909514 0.00137382
1660.45 0.906855 0.000976516
1637.79 0.906921 0.0013646
1652.59 0.910478 0.00143462
1539.49 0.886267 0.0018753
1632.23 0.904108 0.00146918
1973.04 0.895093 0.00152388
1670.04 0.910023 0.00142183
1765.04 0.887805 0.0014861
1899.63 0.907395 0.00138294
1852.86 0.901533 0.0014871
1729.59 0.868713 0.00141119
1500.85 0.914536 0.000807303
1626.76 0.905804 0.00108699
1755.84 0.878128 0.00115195
1520.91 0.907971 0.00133274
1538.29 0.905448 0.541817
1566.84 0.908308 0.00150671
1776.39 0.91289 0.000820545
1722.26 0.904052 0.00141319
1477.83 0.907761 0.00136494
1725.9 0.874001 0.00145778
1607.44 0.912074 0.00138389
1872.23 0.905825 0.000902809
1544.37 0.912402 0.000835638
1751.83 0.907646 0.00141673
1566.54 0.915933 0.00104221
1590.3 0.907872 0.00139311
2129.78 0.899167 0.00143347
1586.73 0.90747 0.00134703
1717.92 0.903597 0.00126521
1714.78 0.911376 0.00135184
1789.98 0.909321 0.00139823
2192.08 0.875782 0.00116056
1714.12 0.909023 0.000866154
1606.87 0.908289 0.00128628
1596.96 0.908356 0.00138748
1756.06 0.879182 0.00161712
1549.72 0.880201 0.00168411
1799.06 0.913684 0.000770847
1706.96 0.913877 0.000795996
1949.35 0.884939 0.00118979
2033.6 0.910918 0.000893364
1484.38 0.911055 0.00141909
1687.83 0.915479 0.00104793
1453.58 0.905947 0.00145972
1703.11 0.912914 0.000832062
1683.47 0.911682 0.00138399
1637.91 0.90298 0.00137024
1709.95 0.905075 0.00140227
1637.12 0.902426 0.00230537
1848.56 0.909601 0.000863173
1704.36 0.906799 0.00149754
1678.65 0.90646 0.001371
1556.09 0.906148 0.00151484
1535.68 0.902731 0.0014672
1610.44 0.911551 0.00138335
1757.45 0.908773 0.00145672
1598.37 0.879077 0.00137888
1615.29 0.907468 0.00135363
1670.63 0.909277 0.00140889
1779.39 0.912461 0.000773173
1629.41 0.910546 0.00148691
1578.22 0.907921 0.00145243
1610.18 0.902748 0.00144118
1668.32 0.906878 0.00140191
1719.27 0.905235 0.00141078
1649.01 0.908173 0.00144242
1594.73 0.909573 0.00140385
1597.72 0.914469 0.000950678
1691.36 0.908263 0.0013073
1691.52 0.908618 0.00143203
1570.13 0.904564 0.00132239
1542.51 0.905662 0.00140893
1767.75 0.910707 0.000828763
1506.21 0.909284 0.00139926
1640.93 0.909117 0.00139325
1646.06 0.906949 0.00136383
1518.82 0.910181 0.00128805
1563.27 0.91041 0.00134476
2011.01 0.872805 0.00123365
1689.69 0.907616 0.00146172
1559.03 0.882585 0.00142962
1860.76 0.913408 0.000793914
1496.98 0.908699 0.00136892
1490.85 0.909114 0.0013104
2047.83 0.903282 0.00135822
1616.74 0.90704 0.00144479
1802.28 0.913307 0.000790766
1823.96 0.864662 0.00114879
1587.72 0.906704 0.00131742
1728.35 0.907608 0.00104428
2063.03 0.901951 0.00141284
1757.3 0.905174 0.00140301
1591.57 0.908511 0.00126938
1683.25 0.904338 0.00143436
1658.68 0.903307 0.00122256
1494.53 0.907124 0.00106997
1748.44 0.903989 0.00132995
1825.84 0.911808 0.000816691
1538.32 0.911706 0.00141399
1637.81 0.90762 0.00146655
1473.14 0.90669 0.00134707
1558.18 0.909762 0.00132992
2011.03 0.898707 0.00139828
1686.05 0.883179 0.00150996
1531.33 0.911874 0.000756958
1615.22 0.908412 0.00147533
1532.49 0.908454 0.00127991
1590.28 0.905296 0.00144235
1659.62 0.871581 0.000930102
1592.17 0.904139 0.00144125
1780.28 0.901312 0.00175522
1719.53 0.906903 0.0013128
1933.92 0.907764 0.00137041
1609.41 0.901262 0.0014523
1751.73 0.907378 0.00136584
1694.84 0.904879 0.00131022
1452.55 0.895596 0.00125992
1671.6 0.9093 0.000863567
1736.4 0.885689 0.00187611
1693.23 0.902833 0.00118436
1780.15 0.913356 0.0007625
1522.39 0.885859 0.00167223
1598.54 0.910808 0.00134261
1689.94 0.913345 0.000817553
1801.76 0.912822 0.000822899
1766.67 0.906428 0.00137301
1771.34 0.912925 0.000852681
1573.18 0.904913 0.00130552
1925.72 0.904922 0.00132623
