0.885568
0.894978
0.88589
0.893259
0.893128
0.884077
0.890808
0.892994
0.900585
0.8897
0.891305
0.893044
0.888219
0.88754
0.885734
0.891002
0.890304
0.894344
0.891937
0.894098
0.888987
0.897993
0.89443
0.883265
0.896225
0.888101
0.890169
0.889981
0.896215
0.881301
0.890321
0.894116
0.891398
0.890002
0.892073
0.891884
0.884232
0.886668
0.894105
0.888547
0.89076
0.891241
0.891996
0.895845
0.891096
0.887722
0.893367
0.882611
0.892769
0.891425
0.897406
0.883647
0.886723
0.884627
0.894178
0.887748
0.882869
0.894876
0.890104
0.890235
0.888282
0.891152
0.883119
0.895191
0.896904
0.893928
0.899771
0.889368
0.892694
0.894248
0.884898
0.885693
0.884954
0.888957
0.894853
0.893648
0.897256
0.88899
0.895532
0.897935
0.891592
0.888189
0.89177
0.885428
0.894122
0.884325
0.893094
0.895354
0.895051
0.888207
0.885722
0.886667
0.888544
0.88541
0.896945
0.888603
0.889471
0.890716
0.887361
0.889196
0.891364
0.884839
0.899013
0.89263
0.878476
0.887878
0.888131
0.889609
0.896003
0.892722
0.897916
0.890111
0.888683
0.887527
0.89027
0.892009
0.896448
0.891355
0.890055
0.895353
0.884186
0.885957
0.898054
0.890803
0.890351
0.88583
0.896131
0.885504
0.889467
0.890309
0.884906
0.890319
0.885377
0.888379
0.882678
0.889555
0.887436
0.885868
0.891366
0.891487
0.889297
0.887132
0.883077
0.894016
0.89419
0.888718
0.891113
0.888756
0.892771
0.888433
0.890835
0.885961
0.895659
0.89351
0.893117
0.8888
0.884235
0.880702
0.890693
0.890173
0.895241
0.89278
0.885281
0.888859
0.889999
0.893303
0.889107
0.895148
0.897167
0.886689
0.888332
0.894104
0.893651
0.882618
0.891922
0.882693
0.881923
0.889575
0.897843
0.884869
0.889158
0.892198
0.889104
0.892618
0.888372
0.893265
0.884952
0.88921
0.88756
0.892576
0.887581
0.902291
0.887951
0.88961
0.892724
0.891522
0.894118
0.893787
0.89093
0.889951
0.886245
0.884888
0.885889
0.882813
0.884488
0.892138
0.892777
0.895058
0.881272
0.893116
0.88782
0.88416
0.8821
0.888938
0.885988
0.887552
0.882468
0.891112
0.893279
0.887543
0.887228
0.890986
0.886735
0.89367
0.891187
0.888637
0.88857
0.887344
0.891735
0.891014
0.892273
0.886387
0.893396
0.881252
0.894534
0.88643
0.887038
0.894511
0.895791
0.893007
0.897255
0.888691
0.894147
0.896701
0.884007
0.888698
0.890266
0.89003
0.886992
0.883103
0.891721
0.898462
0.88844
0.882933
0.888708
0.889014
0.894879
0.890563
0.885434
0.897986
0.889507
0.894447
0.890391
0.881068
0.893734
0.894493
0.893644
0.892918
0.893753
0.887564
0.888778
0.890728
0.891875
0.890937
0.889432
0.894898
0.882632
0.882017
0.896675
0.888947
0.887329
0.890443
0.891197
0.885132
0.888746
0.900648
0.884558
0.891839
0.894373
0.895371
0.892849
0.898519
0.894411
0.886264
0.893778
0.895883
0.895351
0.890284
0.896356
0.8908
0.889776
0.892051
0.898519
0.887063
0.895019
0.894021
0.890165
0.890924
0.891799
0.893995
0.888621
0.895899
0.89497
0.890063
0.891277
0.894964
0.897195
0.894768
0.884769
0.890566
0.882423
0.892361
0.884904
0.886643
0.879745
0.893195
0.885069
0.891125
0.891039
0.893121
0.893601
0.890941
0.893344
0.899242
0.890352
0.89608
0.882656
0.890097
0.885751
0.885199
0.889948
0.886463
0.886769
0.882693
0.895707
0.889167
0.892483
0.891069
0.897762
0.881363
0.890202
0.88607
0.883381
0.890225
0.8942
0.889638
0.889142
0.890667
0.886962
0.888148
0.891846
0.887191
0.894509
0.893089
0.875652
0.893046
0.89246
0.89401
0.899105
0.888392
0.885905
0.894684
0.888959
0.884799
0.89035
0.877098
0.895738
0.888417
0.887968
0.887032
0.886358
0.894371
0.888139
0.890966
0.881114
0.895646
0.892878
0.890778
0.88026
0.890733
0.887827
0.889648
0.888701
0.886798
0.890895
0.89468
0.884977
0.892672
0.883784
0.891321
0.875077
0.895514
0.887105
0.891294
0.889547
0.885744
0.886874
0.877328
0.885805
0.881079
0.889279
0.894847
0.88535
0.89234
0.889916
0.894472
0.884922
0.892184
0.887963
0.892422
0.889404
0.885272
0.891996
0.897556
0.886049
0.882279
0.891022
0.893074
0.890666
0.888737
0.888557
0.897322
0.890828
0.895874
0.894824
0.895865
0.893073
0.890583
0.880052
0.891786
0.8902
0.881298
0.889482
0.890619
0.887118
0.888524
0.876681
0.895935
0.889131
0.883921
0.893304
0.891864
0.883976
0.886923
0.884077
0.885076
0.886292
0.894726
0.88629
0.891772
0.887398
0.888859
0.895006
0.897412
0.887556
0.889558
0.898792
0.88279
0.893177
0.892782
0.89026
0.883966
0.894107
0.893938
0.883531
0.886658
0.892492
0.893565
0.889878
0.888816
0.893481
0.886381
0.888816
0.892054
0.888864
0.896633
0.888047
0.893821
0.890692
0.884978
0.891891
0.894929
0.892146
0.894214
0.892736
0.883197
0.88712
0.89176
0.887974
0.884071
0.896086
0.893209
0.894585
0.895335
0.888355
0.890941
0.888308
0.890823
0.896167
0.889874
0.893954
0.886957
0.889377
0.89411
0.890959
0.891403
0.892709
0.888618
0.89175
0.888634
0.888976
0.891969
0.888537
0.893953
0.887437
0.886706
0.893205
0.887517
0.883964
0.894682
0.899333
0.880712
0.887717
0.893088
0.899493
0.897196
0.88948
0.885098
0.900012
0.888866
0.883683
0.888166
0.884952
0.891228
0.888253
0.89508
0.892209
0.893239
0.892
0.890458
0.885802
0.895711
0.885916
0.898895
0.891586
0.884219
0.888319
0.886861
0.882056
0.887992
0.890312
0.887107
0.885368
0.885494
0.883914
0.888663
0.896751
0.890292
0.888175
0.89936
0.879389
0.886634
0.890934
0.888315
0.882533
0.891815
0.889451
0.887992
0.892488
0.889259
0.882962
0.884571
0.893577
0.881743
0.891539
0.88902
0.887669
0.891365
0.89
0.89134
0.889782
0.890373
0.883479
0.894255
0.89644
0.900221
0.887132
0.890492
0.891827
0.883913
0.887149
0.894299
0.885413
0.8914
0.888691
0.891815
0.890197
0.890221
0.889953
0.887736
0.886538
0.890677
0.886795
0.890002
0.887187
0.889958
0.893124
0.891128
0.892514
0.889612
0.88975
0.891528
0.894207
0.885178
0.895905
0.884741
0.891964
0.892637
0.892579
0.891021
0.88416
0.884319
0.892979
0.892872
0.889133
0.891592
0.891177
0.8954
0.889884
0.89837
0.895036
0.893581
0.88999
0.892243
0.89242
0.88432
0.893108
0.880857
0.888803
0.894491
0.892832
0.896869
0.891249
0.895738
0.907057
0.887666
0.885757
0.885184
0.889486
0.8914
0.898964
0.885904
0.899138
0.881543
0.89315
0.89445
0.883419
0.885242
0.884368
0.893158
0.887738
0.883671
0.8906
0.889066
0.89361
0.891467
0.889353
0.887076
0.891782
0.887406
0.895342
0.897915
0.886261
0.897857
0.886142
0.893739
0.896938
0.895352
0.885564
0.893595
0.889393
0.892956
0.889652
0.889322
0.889406
0.887459
0.88941
0.893775
0.892204
0.890482
0.896862
0.885156
0.896302
0.887654
0.891841
0.883437
0.889014
0.889078
0.887942
0.890692
0.894482
0.89709
0.890207
0.891805
0.895533
0.890885
0.893274
0.883236
0.893841
0.893684
0.889793
0.889311
0.890627
0.896845
0.893074
0.877752
0.88755
0.890463
0.887956
0.88462
0.894797
0.885269
0.887471
0.883752
0.88484
0.883981
0.887816
0.889965
0.887233
0.890143
0.890599
0.886393
0.887849
0.8912
0.894115
0.892624
0.89118
0.89301
0.892041
0.886951
0.889803
0.894586
0.887045
0.877569
0.889794
0.88945
0.894282
0.887746
0.886369
0.886081
0.884714
0.901615
0.888933
0.892588
0.889915
0.889599
0.893644
0.887723
0.895377
0.881133
0.898258
0.887682
0.884149
0.890467
0.886353
0.893958
0.890236
0.882753
0.888878
0.895516
0.888293
0.890207
0.893081
0.888158
0.878981
0.894485
0.883185
0.890044
0.895316
0.885921
0.890867
0.893495
0.894724
0.881392
0.892553
0.880816
0.881818
0.892883
0.892621
0.891465
0.901639
0.895665
0.890488
0.890129
0.889508
0.896082
0.885487
0.887984
0.888616
0.888401
0.888055
0.887806
0.900405
0.889864
0.890837
0.887808
0.883518
0.892204
0.888371
0.893621
0.893168
0.891465
0.891142
0.882072
0.895766
0.889595
0.895031
0.887526
0.895417
0.889448
0.890683
0.89694
0.884083
0.891048
0.893956
0.890568
0.890457
0.888168
0.884838
0.891048
0.885885
0.88875
0.885566
0.893493
0.882356
0.891415
0.898654
0.882179
0.88977
0.886431
0.886902
0.887057
0.896348
0.890365
0.88575
0.889093
0.891183
0.897075
0.889585
0.897214
0.889803
0.887902
0.888461
0.890927
0.892372
0.896729
0.888949
0.885575
0.886575
0.890754
0.882151
0.891487
0.892263
0.895404
0.884076
0.886755
0.897388
0.884414
0.888641
0.890085
0.887142
0.893521
0.896178
0.888633
0.885549
0.891917
0.889617
0.892505
0.891865
0.890291
0.889944
0.889247
0.885822
0.883934
0.887729
0.885707
0.883655
0.888687
0.894544
0.889008
0.889069
0.895462
0.895853
0.895805
0.890027
0.890766
0.883301
0.885076
0.884917
0.891851
0.887784
0.89071
0.884282
0.894682
0.892142
0.889395
0.890974
0.882647
0.890406
0.885638
0.897433
0.887748
0.884442
0.888019
0.885745
0.88762
0.887192
0.891931
0.88479
0.887461
0.880238
0.886705
0.887663
0.885525
0.886243
0.896915
0.894407
0.895666
0.895171
0.895395
0.885169
0.887948
0.89481
0.890374
0.894331
0.891946
0.891878
0.890166
0.884173
0.891641
0.891948
0.878143
0.88202
0.891032
0.892241
0.880437
0.888837
0.889462
0.887437
0.886852
0.886997
0.889892
0.897682
0.897614
0.897417
0.884375
0.890481
0.888351
0.888671
0.886845
0.892158
0.886953
0.895384
0.893803
0.884787
0.88807
0.894205
0.890502
0.889729
0.884903
0.889746
0.889571
0.888684
0.894723
0.890355
0.888296
0.895596
0.889531
0.88918
0.885016
0.886517
0.894582
0.888205
0.897143
0.88976
0.893383
0.894053
0.885614
0.888633
0.876278
