0.847176
0.850496
0.8596
0.854245
0.853673
0.849446
0.858579
0.857942
0.851225
0.860675
0.848427
0.849405
0.854949
0.845401
0.859481
0.852847
0.848635
0.857635
0.849965
0.854119
0.861539
0.856577
0.848862
0.851725
0.861416
0.861745
0.855348
0.853696
0.849719
0.848305
0.848462
0.86367
0.860607
0.845994
0.852477
0.858042
0.862461
0.852246
0.849215
0.856087
0.848016
0.851352
0.859191
0.862921
0.854232
0.855539
0.845954
0.851616
0.846827
0.85765
0.857756
0.85283
0.853567
0.857661
0.863567
0.855421
0.855144
0.856214
0.852138
0.852644
0.856717
0.857167
0.851189
0.854561
0.850558
0.849133
0.855771
0.857167
0.846292
0.857372
0.851681
0.854344
0.85925
0.85697
0.857988
0.850096
0.856414
0.858886
0.853017
0.854034
0.856847
0.859253
0.853766
0.853418
0.857271
0.848345
0.857018
0.847728
0.846526
0.857209
0.856491
0.849468
0.859402
0.848439
0.850955
0.859555
0.852261
0.842125
0.85673
0.84377
0.857962
0.847595
0.854198
0.855943
0.849961
0.855962
0.856758
0.854659
0.853843
0.854839
0.85116
0.855812
0.851638
0.856239
0.848868
0.858686
0.857272
0.859172
0.836277
0.852924
0.865607
0.851417
0.844012
0.855862
0.854709
0.855884
0.854293
0.852626
0.857504
0.854552
0.858337
0.856452
0.857296
0.855652
0.85887
0.863154
0.846631
0.852572
0.85857
0.857789
0.86136
0.854099
0.853633
0.852901
0.834629
0.858151
0.855322
0.84837
0.859458
0.854858
0.848654
0.851166
0.850425
0.851694
0.860412
0.858692
0.854002
0.85577
0.845635
0.863131
0.85368
0.86085
0.850826
0.854422
0.860331
0.85878
0.852865
0.848259
0.845372
0.851944
0.855467
0.845496
0.853002
0.858355
0.854302
0.848683
0.853297
0.86114
0.858041
0.841115
0.855624
0.851273
0.852493
0.86419
0.854224
0.856041
0.85675
0.850807
0.848812
0.848062
0.855527
0.852778
0.853726
0.861523
0.854053
0.840454
0.856446
0.857699
0.85458
0.857711
0.841991
0.851904
0.85612
0.855584
0.854306
0.859031
0.853893
0.855088
0.853148
0.848169
0.856542
0.857474
0.859368
0.856207
0.845338
0.859238
0.856427
0.846241
0.842678
0.856388
0.855996
0.849666
0.854942
0.862505
0.859038
0.856112
0.857845
0.852527
0.855452
0.847689
0.852219
0.854697
0.850414
0.857753
0.854398
0.847536
0.8528
0.847465
0.860827
0.855893
0.862151
0.852587
0.854228
0.85837
0.858541
0.85791
0.855303
0.854556
0.859884
0.856539
0.854774
0.853534
0.860791
0.857447
0.851541
0.854077
0.851208
0.858314
0.859853
0.858607
0.856754
0.861365
0.852473
0.851949
0.860427
0.848448
0.857312
0.856207
0.857646
0.854338
0.846137
0.858694
0.848671
0.854646
0.854289
0.851329
0.85673
0.852285
0.860906
0.855647
0.85364
0.851219
0.861926
0.861677
0.859034
0.857575
0.850633
0.86102
0.855936
0.853257
0.859433
0.849944
0.857498
0.854483
0.853714
0.856741
0.848876
0.852164
0.856591
0.856124
0.851167
0.857473
0.854949
0.847573
0.855043
0.856945
0.854765
0.850645
0.854059
0.848276
0.86037
0.85048
0.853003
0.850522
0.85935
0.848884
0.84493
0.860957
0.853884
0.85288
0.847156
0.849062
0.853715
0.852871
0.843363
0.851177
0.854097
0.853589
0.852506
0.857084
0.855906
0.847281
0.861089
0.855092
0.853111
0.85
0.859774
0.853139
0.857461
0.863337
0.857631
0.850495
0.856771
0.851227
0.855765
0.858122
0.854389
0.851778
0.864167
0.849937
0.853477
0.840574
0.860183
0.859997
0.851138
0.857272
0.854753
0.852967
0.854215
0.858667
0.865804
0.856923
0.860628
0.852754
0.856786
0.853688
0.854842
0.859658
0.85768
0.852948
0.854383
0.854976
0.859683
0.844977
0.858456
0.850936
0.859412
0.859283
0.849
0.855822
0.850775
0.859475
0.854035
0.858203
0.858086
0.856384
0.856637
0.836745
0.853382
0.850635
0.855811
0.85788
0.849234
0.863526
0.867411
0.853681
0.850834
0.857457
0.861846
0.851578
0.858042
0.855657
0.847993
0.86643
0.864252
0.854062
0.85422
0.85091
0.855405
0.857574
0.857349
0.855009
0.860721
0.85554
0.857578
0.85262
0.856359
0.849916
0.855508
0.85725
0.849911
0.862193
0.854288
0.850488
0.849249
0.849252
0.851588
0.848875
0.846955
0.854541
0.862608
0.855841
0.850371
0.851355
0.858745
0.849843
0.851153
0.857925
0.858853
0.851102
0.853322
0.853739
0.847819
0.863226
0.85438
0.858391
0.853271
0.850423
0.856395
0.863487
0.85112
0.854266
0.852523
0.854253
0.861375
0.860446
0.852916
0.854107
0.855358
0.849543
0.853502
0.844397
0.848151
0.85214
0.863071
0.838597
0.85731
0.849638
0.85416
0.855345
0.850436
0.851744
0.856181
0.848789
0.860914
0.858576
0.859272
0.855351
0.845326
0.847265
0.859132
0.855529
0.856706
0.861654
0.861606
0.857395
0.856409
0.845966
0.859
0.846043
0.854962
0.857657
0.858775
0.849264
0.838531
0.85121
0.851756
0.853468
0.850026
0.861823
0.859759
0.859481
0.862407
0.850345
0.85315
0.850387
0.86472
0.854298
0.853092
0.856365
0.863874
0.860004
0.852067
0.863097
0.854764
0.852614
0.851287
0.856798
0.854277
0.851131
0.854475
0.855292
0.862221
0.854891
0.854649
0.859287
0.847418
0.857451
0.857914
0.857893
0.848436
0.856783
0.850187
0.850967
0.853577
0.854154
0.852074
0.85265
0.851823
0.853129
0.85004
0.852365
0.85221
0.862973
0.848807
0.856175
0.853783
0.856833
0.858103
0.850295
0.861117
0.850227
0.852092
0.863302
0.858074
0.84251
0.858509
0.85649
0.856745
0.855883
0.859313
0.858598
0.853696
0.858518
0.856095
0.856729
0.851862
0.856107
0.858334
0.855949
0.855681
0.866133
0.853774
0.850491
0.858788
0.858333
0.857268
0.850338
0.852269
0.850382
0.848361
0.856112
0.856901
0.855912
0.859552
0.852493
0.859585
0.850607
0.856667
0.851628
0.860468
0.855876
0.831874
0.858815
0.854132
0.857473
0.851466
0.855399
0.850963
0.865796
0.857387
0.851697
0.856936
0.853294
0.843971
0.853614
0.854592
0.836925
0.859793
0.856442
0.858154
0.849449
0.853623
0.85248
0.857543
0.863057
0.861088
0.857553
0.85356
0.851127
0.861326
0.852521
0.850918
0.856547
0.855324
0.846501
0.859748
0.861977
0.856382
0.860975
0.843866
0.858545
0.861049
0.855629
0.857123
0.856943
0.858437
0.85755
0.850635
0.855207
0.853202
0.844759
0.848391
0.858134
0.857258
0.851808
0.853087
0.85303
0.866161
0.866868
0.861436
0.855932
0.851532
0.852512
0.851626
0.857098
0.859244
0.858304
0.846455
0.855847
0.853277
0.846726
0.854356
0.84563
0.860892
0.847551
0.851512
0.857097
0.856054
0.85654
0.859549
0.850609
0.851234
0.855953
0.849838
0.853758
0.861338
0.852884
0.857381
0.844961
0.841146
0.85813
0.858436
0.858301
0.861551
0.853761
0.852051
0.854325
0.85681
0.851681
0.850337
0.859855
0.856364
0.855468
0.862404
0.855656
0.861755
0.85838
0.844196
0.847201
0.86313
0.858185
0.858964
0.855212
0.856081
0.861119
0.853353
0.849967
0.85443
0.860209
0.862039
0.853523
0.850516
0.844609
0.852501
0.850815
0.854765
0.859115
0.856691
0.855658
0.852892
0.854572
0.850764
0.85671
0.859064
0.850177
0.861469
0.857294
0.857019
0.85511
0.85082
0.855961
0.852269
0.857454
0.860369
0.855018
0.859794
0.852787
0.853528
0.848833
0.850682
0.855087
0.858674
0.850125
0.856887
0.862254
0.856655
0.853835
0.854057
0.851904
0.858348
0.855403
0.856933
0.855238
0.863872
0.857958
0.851734
0.856493
0.852527
0.857163
0.855676
0.854948
0.851883
0.857502
0.859593
0.849284
0.847516
0.852286
0.849475
0.849996
0.861861
0.860021
0.86049
0.856837
0.853494
0.8469
0.843618
0.846545
0.847976
0.856685
0.860595
0.85017
0.843384
0.851549
0.854248
0.859833
0.856565
0.858011
0.856417
0.85168
0.842736
0.849998
0.856104
0.858547
0.859718
0.845931
0.853723
0.860824
0.859211
0.850734
0.854749
0.85371
0.856448
0.85929
0.854528
0.856039
0.845492
0.843596
0.850364
0.850226
0.855574
0.856817
0.854407
0.84947
0.849306
0.857802
0.857086
0.860222
0.854292
0.855646
0.854219
0.859255
0.85314
0.851985
0.851985
0.853971
0.845514
0.850978
0.842341
0.847061
0.844379
0.863155
0.854415
0.860948
0.853421
0.852858
0.854779
0.853218
0.856686
0.860898
0.859301
0.854456
0.851757
0.864079
0.856648
0.847985
0.854016
0.857155
0.857881
0.847193
0.84889
0.847215
0.847551
0.859562
0.84853
0.853464
0.865054
0.856906
0.857476
0.854263
0.86034
0.848081
0.858945
0.860074
0.859773
0.855047
0.858169
0.862886
0.848928
0.850875
0.854194
0.862285
0.844897
0.858612
0.848286
0.863079
0.862269
0.839065
0.855083
0.861858
0.855407
0.861054
0.855076
0.854883
0.844135
0.857394
0.851102
0.848915
0.856785
0.855572
0.854185
0.848488
0.846826
0.855695
0.85265
0.855337
0.858985
0.858939
0.857109
0.860071
0.853851
0.854731
0.84913
0.854743
0.849498
0.853734
0.852237
0.859904
0.858699
0.856444
0.854547
0.853875
0.85007
0.852338
0.852657
0.855607
0.842335
0.85282
0.850216
0.852144
0.853611
0.865183
0.86018
0.852254
0.862567
0.86022
0.851696
0.851756
0.856731
0.859333
0.859489
0.855202
0.853404
0.859845
0.850812
0.854573
0.85767
0.849431
0.852678
0.856288
0.853131
0.849684
0.852395
0.859502
0.856723
0.858495
0.84895
0.862183
0.852126
0.851039
0.852948
0.85862
0.861718
0.853667
0.863653
0.85699
0.855904
0.839232
0.849469
0.847881
0.857569
0.864551
0.851649
0.853331
0.853963
0.850754
0.855374
0.854947
0.852471
0.85059
0.858331
0.85825
0.854857
0.855623
0.840548
0.851969
0.852434
0.856102
0.855009
0.856689
0.856938
0.859584
0.855983
0.861387
0.851427
0.859024
0.84741
0.851701
0.852934
0.851826
0.851736
0.851516
0.85662
0.848436
0.855451
0.856007
0.85789
0.840412
0.856323
0.857771
