1551.46 0.875155 0.000929227
2125.22 0.867394 0.00133864
1665.26 0.869205 0.00127702
1476.77 0.851939 0.00189497
1737.39 0.869755 0.00158187
1745.13 0.876627 0.00090913
1753.56 0.869335 0.00172099
1660.94 0.869542 0.00165152
1772.03 0.874345 0.00160344
1588.52 0.85623 0.00179691
1533.48 0.871764 0.00134877
1550.98 0.851294 0.0018278
1714.01 0.865961 0.00127138
1584.99 0.868746 0.00166281
1603.15 0.867946 0.00125375
1589.31 0.874984 0.00114266
1559.05 0.871393 0.00107203
1465.44 0.870712 0.00155717
1686.97 0.873595 0.000889874
1484.86 0.858906 0.0017721
1769.79 0.871239 0.000944653
1695.51 0.872592 0.000926963
1539.39 0.869208 0.00175683
1551.71 0.874636 0.00155413
1915.76 0.872867 0.000905384
1531.81 0.870762 0.00157922
1795.1 0.87307 0.000919739
1896.01 0.875491 0.000828195
1758.55 0.866397 0.00161258
1741.41 0.869 0.00122496
1659.57 0.871293 0.00108174
1595.67 0.877076 0.000905824
1558.16 0.850981 0.00142404
1596.31 0.867753 0.00132759
1778.14 0.869042 0.00163138
1676.56 0.876816 0.000901638
1652.08 0.870484 0.00153396
1517.69 0.871503 0.00155552
1559.8 0.873075 0.00151099
1811.33 0.875666 0.000933755
2043.84 0.873528 0.000915498
1644.93 0.87188 0.00162999
1606.33 0.869824 0.00165351
1761.76 0.870002 0.00145857
1702 0.874045 0.000911105
1685.46 0.86844 0.00130384
1711.01 0.863268 0.00137962
1686.58 0.864358 0.00167025
1638.88 0.862656 0.00163011
1876.48 0.869588 0.00116601
1955.93 0.835703 0.00213582
1588.58 0.869405 0.00150894
1616.79 0.875354 0.000918052
1733.94 0.873262 0.00151599
1664.09 0.834239 0.00171675
1568.15 0.870994 0.00162351
1521.49 0.872125 0.0014898
1542.48 0.846355 0.00143215
1754.1 0.866319 0.0011254
1537.85 0.8672 0.00153603
2131.87 0.873054 0.0009135
1593.54 0.867928 0.00140324
1698.75 0.872599 0.00131272
1698.53 0.859673 0.002044
1557.67 0.86775 0.0015182
2097.43 0.874155 0.000920349
1515.44 0.874787 0.00158367
1606.87 0.868439 0.00162873
1786.28 0.869329 0.00103598
1969.53 0.866427 0.00127322
1590.99 0.867462 0.00217739
1852.56 0.838794 0.00162434
1643.53 0.874089 0.000930251
1515.84 0.869963 0.00109556
1697.22 0.87108 0.00115462
1867.22 0.869133 0.0011475
1554.85 0.877324 0.000921341
1615.67 0.8729 0.00121901
1629.3 0.874229 0.000921678
2165.29 0.872816 0.000835231
1538.63 0.876644 0.00152591
1528.41 0.850631 0.00156351
1582.06 0.874326 0.00152696
1553.32 0.855151 0.000562917
1620.33 0.874764 0.000684839
1663.91 0.872706 0.000923735
1639.69 0.877464 0.000938194
1579.96 0.857746 0.00183198
2204.28 0.865203 0.00113961
1878.27 0.876343 0.000932737
1612.61 0.870712 0.00124658
1526.32 0.860388 0.00186635
1520.65 0.869803 0.00160039
1682.25 0.87296 0.00105729
1760.04 0.867589 0.00111378
1679.42 0.870123 0.00149601
1826.93 0.84477 0.00183954
2054.16 0.868647 0.00147365
1979.48 0.870535 0.00149537
1666.06 0.87114 0.0011059
1581.47 0.868223 0.00146522
1961.72 0.879075 0.000929071
1769.91 0.865632 0.00126536
1723.25 0.872359 0.00153921
1605.35 0.8753 0.000909168
1687.16 0.867658 0.00107018
1777.82 0.870818 0.00111936
1624.28 0.869203 0.0015112
1616.71 0.866344 0.00143533
1679.61 0.873923 0.000876284
2739.57 0.871926 0.000881845
1776.54 0.844817 0.00129974
1617.2 0.872866 0.000962987
1589.85 0.876707 0.00105133
1540.03 0.855082 0.00151794
1506.05 0.868158 0.00160865
1607.73 0.871036 0.000950059
1640.38 0.873437 0.00151844
1494.08 0.870478 0.00126697
1679.8 0.865639 0.00150054
1745.21 0.876435 0.000895395
1390.14 0.87097 0.00126207
1616.3 0.861183 0.00141292
1616.85 0.871221 0.00108846
1713.23 0.873183 0.00093999
1861.39 0.870075 0.00091259
1679.77 0.877153 0.00090719
1823.97 0.878161 0.000908198
1602.49 0.876504 0.000911395
1712.78 0.870322 0.00112737
1804.06 0.87656 0.000926764
1817.95 0.867873 0.00105109
1887.74 0.860848 0.00166704
1637.02 0.853462 0.00125124
1598.82 0.861539 0.00140516
1791.25 0.854558 0.00187281
1684.32 0.867871 0.00112754
1555.73 0.867849 0.0014492
1616.29 0.869451 0.00153925
1716.73 0.874809 0.000904602
1537.77 0.872968 0.00151408
1427.82 0.873602 0.000951406
1721.07 0.875676 0.00148828
1691.32 0.873752 0.00179511
1453.29 0.853087 0.00193396
1572.29 0.871376 0.0010853
2543.36 0.861116 0.00112556
1879.55 0.86326 0.00152647
1805.12 0.871721 0.000909548
1777.44 0.872858 0.000902863
1857.22 0.875073 0.000831894
1657.48 0.87477 0.000939222
1647.42 0.869795 0.00155151
1602.75 0.873195 0.00115565
1529.63 0.871604 0.00149348
1635.02 0.873172 0.00153626
1907.01 0.866867 0.0011976
1584.7 0.86734 0.00145606
1578.18 0.86983 0.00161174
1620.11 0.861755 0.00221527
1784.18 0.87403 0.000914475
1525.21 0.870967 0.00140867
1561.44 0.872525 0.00165318
1512.31 0.853485 0.00198548
1509.46 0.872558 0.00109644
1926.93 0.878557 0.00163867
1624.72 0.871433 0.00154753
1619.55 0.867854 0.00111303
1644.49 0.867316 0.00149931
1625.47 0.870298 0.00162528
1625.34 0.87301 0.00164407
1458.36 0.859659 0.00117796
1780.13 0.866706 0.00156884
1767.91 0.86719 0.0015144
1553.28 0.874388 0.00118005
1859.16 0.864143 0.0013456
1872.79 0.852904 0.00174255
1680.44 0.866027 0.00152598
1734.8 0.874602 0.00116699
1837.94 0.874781 0.000913932
1707.8 0.876663 0.00157739
2042.28 0.864034 0.0014437
1621.34 0.872945 0.00156654
1647.51 0.873269 0.00111956
1869 0.860407 0.00140454
1845.46 0.876577 0.000915283
1611.7 0.851123 0.0016053
1807.71 0.876534 0.00162201
1578.08 0.853432 0.00217705
1709.99 0.867231 0.00150845
1696.21 0.878071 0.000838771
1882.92 0.874224 0.000921598
1674.3 0.874842 0.000908453
1603.39 0.861364 0.00154929
1554.15 0.873308 0.00164669
1641.93 0.870187 0.00146595
1576.72 0.852878 0.00168892
2217.56 0.875663 0.00092514
1684.01 0.874287 0.00104595
1565.33 0.873036 0.00149352
1713.04 0.870497 0.00133226
1591.66 0.873066 0.00155097
1810.14 0.866162 0.00149698
1437.09 0.871553 0.00161389
1670.73 0.86724 0.00157419
1749.32 0.871757 0.000918453
1525.93 0.871311 0.00153114
1849.51 0.876449 0.000889666
1930.04 0.866873 0.00110744
2181.6 0.878149 0.000904296
1668.23 0.878631 0.000709933
1755.09 0.869711 0.00122304
1691.36 0.859956 0.00204269
1694.12 0.873856 0.000902806
1813.58 0.872002 0.00146611
1563.14 0.871074 0.00158043
1561.26 0.865911 0.00152975
1715.28 0.878163 0.00092034
1836.47 0.866782 0.00126659
1704.89 0.847404 0.00183147
1740.91 0.878811 0.000894664
1780.51 0.877051 0.000599797
1615.15 0.863547 0.00173396
1825.93 0.873844 0.000914247
1886.16 0.876498 0.00159446
1811.71 0.872528 0.000927969
1527.28 0.869107 0.00114531
1784.8 0.871079 0.000955225
1653.82 0.875687 0.000927804
1736.18 0.870522 0.00153187
1687.91 0.870586 0.00159956
1645.5 0.846022 0.00127877
1747.4 0.874599 0.000929582
1673.88 0.873347 0.000930387
2031.01 0.862552 0.00118355
1766.28 0.864679 0.00150379
1866.77 0.864483 0.00120578
1843.26 0.875248 0.000920254
1616.31 0.875193 0.00155895
1688.61 0.868918 0.00118743
1558.89 0.874124 0.000922406
1545.35 0.876391 0.000927893
1649.25 0.870346 0.00144463
1689.83 0.870542 0.00091861
1612.23 0.867108 0.00120448
1680.5 0.877791 0.000913804
1626.41 0.873302 0.000917765
1386.98 0.860947 0.00204847
1676.37 0.872861 0.00155827
1728.8 0.867398 0.00151953
1757.76 0.8664 0.00133038
1508.56 0.871499 0.00124294
1523.13 0.849175 0.00145581
1744.86 0.855673 0.00154884
2239.99 0.865774 0.00145052
1475.71 0.871864 0.00120781
1848.63 0.872081 0.000926522
1994.57 0.867002 0.00153071
1641.7 0.877346 0.000913558
1612.16 0.866222 0.00128371
1920.2 0.874759 0.000958791
1585.58 0.867653 0.00116351
1945.92 0.878289 0.000887169
1763.03 0.874224 0.000871561
1518.73 0.861877 0.00216246
1583.62 0.871042 0.00162073
1758.33 0.873316 0.000913686
1973.38 0.878813 0.000931168
1638.87 0.867317 0.00149574
1767.09 0.866558 0.00119894
1600.49 0.871179 0.00113801
1552.34 0.869889 0.00147308
1811.46 0.86844 0.0016451
1797.46 0.864997 0.00147942
2050.88 0.876494 0.000883989
1495.8 0.854188 0.00203884
1540.12 0.876551 0.00104846
1643 0.873701 0.000923805
1789.78 0.868446 0.00213518
1641.92 0.868163 0.00176685
1481.2 0.867894 0.0011252
1521.09 0.869352 0.00182366
1573.66 0.873405 0.00165237
1530.46 0.877229 0.000932184
1897.71 0.872184 0.000724078
1855.99 0.86916 0.00122438
1615.49 0.858699 0.00156294
1767.81 0.870931 0.00156396
1706.79 0.865673 0.00126851
1800.41 0.874476 0.000925031
1809.63 0.872797 0.000907217
1465.78 0.851775 0.00184324
1578.56 0.871276 0.00148507
1794.93 0.876037 0.000895287
1578.72 0.868364 0.00128622
1642.28 0.870837 0.00107159
1694.98 0.869471 0.00097494
1776.56 0.874258 0.000938225
1660.55 0.876493 0.000928852
1483.03 0.849151 0.00159703
1557.25 0.841998 0.00122204
1409.44 0.859901 0.000892211
1574.49 0.874001 0.000912727
1548.32 0.874751 0.000922406
1616.53 0.873887 0.00144874
1712.55 0.853273 0.00116342
1646.79 0.872581 0.00114466
1815.6 0.873189 0.00129681
2388.79 0.870464 0.000854036
1837.23 0.86927 0.00108544
1678.33 0.851751 0.00205916
1535.05 0.856275 0.00127658
1607.9 0.872202 0.00157804
1529.07 0.874549 0.00158689
1859.03 0.873124 0.000879082
1684.46 0.875572 0.00093231
1359.77 0.863344 0.00186255
1537.34 0.869706 0.00165963
1703.02 0.877443 0.000942319
1635.74 0.874716 0.00149047
1563.47 0.870167 0.00158445
1394.45 0.853641 0.00215698
1645.7 0.874394 0.000915595
1722.48 0.836796 0.00173596
1599.54 0.874712 0.00072958
1684.11 0.87059 0.00112605
1594.98 0.861072 0.00232556
1448.33 0.873474 0.0016706
1748.24 0.870377 0.00149149
1641.69 0.874548 0.000878277
1979.82 0.858724 0.00165818
1467.47 0.849809 0.00152642
1549.14 0.845204 0.00189733
1636.85 0.878689 0.000916141
1669.44 0.872707 0.00149367
1678.36 0.868764 0.00117513
1617.7 0.873093 0.0011911
1736.56 0.87779 0.000896268
1639.2 0.867214 0.00161066
1650.69 0.86967 0.0015136
1949 0.871424 0.00181852
1763.16 0.851016 0.0020626
1723.8 0.864628 0.00178277
1920.18 0.869315 0.00123618
1503.15 0.869552 0.0015999
1826.66 0.865985 0.00126622
1738.24 0.867943 0.00105076
1676.31 0.873996 0.00153493
1810.87 0.866753 0.000906117
1871.4 0.868557 0.00127255
1681.15 0.839381 0.00186535
1816.82 0.86746 0.00102913
1658.14 0.871285 0.00123048
1654.37 0.870728 0.00116163
1641.9 0.878272 0.000920445
1584.07 0.866323 0.00154949
1596.52 0.874962 0.000918821
1532.34 0.872167 0.00113678
1574.57 0.869247 0.000139921
1805.52 0.866119 0.00156969
1928.55 0.866322 0.00123586
1649.09 0.876597 0.000923105
1705.35 0.851385 0.00201468
1592.27 0.871236 0.00111665
1677.25 0.866752 0.00116944
1755.43 0.872158 0.00161144
1488.15 0.87422 0.0014391
1600.18 0.873596 0.00156362
1599.25 0.874564 0.000913829
1870.12 0.864549 0.00115766
1670.46 0.864959 0.00143167
1781.03 0.877617 0.000895302
1637.7 0.879623 0.00154531
1564.05 0.872963 0.00101687
1676.64 0.871252 0.00122234
1709.72 0.868853 0.00155512
1552.32 0.873845 0.0015767
1682.4 0.875289 0.000898023
1692.02 0.850843 0.00130172
2188.95 0.87316 0.000900654
1549.43 0.869614 0.0014962
1824.31 0.866491 0.00186098
1657.92 0.873584 0.00157743
1483.14 0.870678 0.00152838
1496.91 0.871328 0.00111045
1660.14 0.875758 0.000924506
1800.01 0.874674 0.00091526
1586.24 0.86923 0.00132979
1739.64 0.864567 0.00126981
2142.26 0.866664 0.00113551
1618.19 0.87386 0.00164251
1889.86 0.873828 0.000914967
1766.29 0.875619 0.000891305
1594.88 0.872965 0.00141305
1585.19 0.847988 0.000997857
1686.44 0.846295 0.0016461
1553.21 0.851642 0.00178108
1624.75 0.86755 0.00122219
1723.69 0.860633 0.00167627
1869.13 0.870915 0.00123097
1654.19 0.868008 0.00152271
1894.5 0.87639 0.000937934
1593.62 0.875587 0.000929051
1630.49 0.875279 0.000921924
1703.29 0.86893 0.00154082
1607.12 0.869604 0.000919259
1520.17 0.871697 0.00151252
1545.44 0.871093 0.00144655
1662.19 0.873979 0.000923759
2008.35 0.876264 0.000925587
1529.17 0.870235 0.00112189
2264.92 0.877941 0.000909436
1537.76 0.876037 0.00090827
1655.32 0.869574 0.0014783
1904.54 0.873112 0.000913591
1522.09 0.875518 0.000884351
1631.42 0.877297 0.00159408
1560.46 0.874041 0.00143916
1558.37 0.868354 0.00121331
1701.62 0.87342 0.00151472
1687.24 0.870503 0.00138653
1725.06 0.875707 0.000947634
1547.82 0.850189 0.00229188
1881.8 0.875624 0.000891456
1610.45 0.869409 0.0015855
1580.8 0.877226 0.000887728
1620.44 0.871255 0.00151964
1641.33 0.870987 0.0012977
1666.94 0.880281 0.00117624
1601.4 0.847857 0.00131412
1578.71 0.866815 0.00165875
1627.11 0.867071 0.00147317
1515.97 0.870917 0.00152355
1751.77 0.863348 0.0012621
1710 0.869798 0.00125894
1700.44 0.839544 0.00217234
1978.12 0.875798 0.00168824
1574.34 0.871986 0.00175025
1638.3 0.873707 0.00152536
1789.41 0.87787 0.000893567
1749.13 0.868219 0.00124134
1623.57 0.87159 0.00156251
1631.65 0.871535 0.00116481
1496.04 0.868711 0.00112196
1599.5 0.850553 0.00168313
1606.17 0.872277 0.00161803
1722.38 0.871159 0.00109771
1874.35 0.869326 0.00125597
1566.7 0.872429 0.00109368
1756.62 0.866364 0.00144658
1634.94 0.874762 0.0006968
1618.4 0.840536 0.00194304
1733.62 0.874097 0.00129781
1588.5 0.866579 0.00227082
1863.66 0.864985 0.00174021
1570.42 0.868979 0.00181109
1462.86 0.873998 0.00150357
1613.25 0.870697 0.00171602
1683.35 0.879669 0.00095394
2019.36 0.871966 0.00092539
1613.62 0.877483 0.000911537
1807.13 0.874964 0.000864852
1748.1 0.876938 0.000884157
1685.28 0.872151 0.000966519
1618.45 0.868486 0.00150936
1682.85 0.868013 0.00138127
1687.32 0.876778 0.000939194
1764.57 0.864645 0.00126953
2068.53 0.866783 0.00129087
1453.72 0.871854 0.00150894
1749.83 0.873937 0.000925473
1707.8 0.875658 0.00170875
1449.07 0.874256 0.00107278
1644.28 0.860758 0.00185622
1806.06 0.856842 0.00204428
1676.84 0.869675 0.00113491
1631.73 0.872493 0.00129119
1887.99 0.873616 0.00091925
1658.71 0.841775 0.00119677
1760.92 0.865538 0.00124232
1600.34 0.872821 0.00153818
1629.33 0.875622 0.000895226
1546.1 0.869283 0.00141975
1590.74 0.874097 0.00149384
1896.04 0.867226 0.0012228
1663.86 0.873165 0.00103555
2040.64 0.875408 0.000845994
1515.81 0.848275 0.00129475
1649.87 0.869709 0.00162702
1814.67 0.866112 0.00157925
1758.11 0.868753 0.00123024
1857.92 0.874334 0.00159036
1597.05 0.854498 0.00202154
1973.22 0.874349 0.000969242
1652.12 0.870947 0.00146851
1548.25 0.87414 0.000988472
1676.81 0.876621 0.000908452
1521.93 0.873901 0.00155087
1698.66 0.874511 0.000903659
1865.11 0.876619 0.000907763
1498.99 0.852927 0.00174115
1898.61 0.876789 0.000912362
1609.54 0.872017 0.00150393
1539.2 0.872648 0.00155526
1684.39 0.869497 0.00127627
1713.41 0.87391 0.000912877
1647.61 0.873503 0.000884071
1611.95 0.869409 0.00126038
1366.66 0.851468 0.00163802
1746.06 0.86824 0.00109657
1911.72 0.871077 0.000901833
1591.64 0.872275 0.00152638
1760.51 0.871633 0.00140306
1806.83 0.87043 0.0013655
1548.47 0.86955 0.00159051
1856.74 0.875701 0.000969656
1813.91 0.871826 0.000912574
1652.35 0.870155 0.00105363
1710.53 0.867754 0.00148584
1760.19 0.874292 0.000924482
1654.87 0.873295 0.00103897
1663.48 0.877427 0.000889822
1555.87 0.875703 0.000963657
1620.38 0.86902 0.00150774
1921.81 0.874323 0.000930668
1806.84 0.877625 0.000913722
1780.96 0.874209 0.00125258
1491.32 0.872149 0.00129909
1797.25 0.875874 0.000867667
1907.09 0.862111 0.001291
1596.58 0.845166 0.00120594
1584.61 0.850593 0.00168555
1514.02 0.872598 0.00114261
1829.37 0.875697 0.000967527
2019.4 0.878287 0.00141628
1779.72 0.873662 0.00087542
1806.24 0.874873 0.000876795
2094.28 0.874094 0.000913577
1496.1 0.867681 0.00131342
1700.29 0.867017 0.0012252
1731.81 0.877445 0.00093692
1827.48 0.87724 0.000940152
1484.51 0.872689 0.00120438
2041.44 0.858293 0.0015268
1940.87 0.865098 0.00169229
1482.75 0.868067 0.00118794
1506.28 0.871359 0.00153204
1600.76 0.870555 0.00158008
1885.3 0.870726 0.000972551
1866.56 0.867534 0.000962494
1714.43 0.865733 0.00150192
1451.67 0.847953 0.00199915
1661.94 0.871239 0.00121749
1583.16 0.874405 0.000919788
1506.42 0.8703 0.00173325
1659.1 0.871283 0.00155493
1589.87 0.858244 0.00176897
1469.77 0.850952 0.00173364
1863.93 0.875855 0.000907318
1528.6 0.872669 0.00153605
1686.79 0.871244 0.00163529
1678.6 0.876823 0.000888132
1769.01 0.853094 0.00173519
1714.04 0.875176 0.000495243
1573.91 0.865951 0.00148394
1744.97 0.870172 0.00147024
1826.33 0.877375 0.000890831
1840.93 0.865941 0.00121487
2152.17 0.866946 0.00144458
1690.65 0.87217 0.00101736
1800.39 0.874919 0.000917457
1403.84 0.853142 0.00186371
1479.72 0.876376 0.00094905
1945.76 0.872997 0.000915883
1730.59 0.875411 0.000900736
1537.28 0.872077 0.00111748
1463.23 0.873771 0.00104095
1593.47 0.865576 0.00152657
1733.31 0.868505 0.00149126
1772.5 0.87639 0.00092604
1618.79 0.87116 0.00150005
1605.01 0.867141 0.00147379
1821.36 0.864507 0.00146448
1779.57 0.874449 0.00151036
1842.74 0.861839 0.00127793
1683.72 0.874034 0.000962863
1556.81 0.869353 0.00154927
1646.2 0.877368 0.000897624
1840.41 0.87412 0.000919465
1618.24 0.875289 0.000942345
1886.03 0.87527 0.000964643
1610.98 0.876243 0.000924274
1608.76 0.864679 0.00210678
1566.43 0.874115 0.000937944
1762.1 0.845612 0.000897559
1762.53 0.87721 0.000916832
1773.1 0.871374 0.0010852
2032.06 0.840228 0.00197829
1544.39 0.867696 0.00121379
1886.88 0.87387 0.00090809
1757.82 0.847937 0.002631
2155.41 0.861184 0.00145549
1606.06 0.872149 0.000918022
1924.34 0.866504 0.00115656
1564.83 0.863994 0.00163875
1658.82 0.84674 0.00167083
1902.58 0.872858 0.000935229
1549.55 0.869465 0.00166117
1565.22 0.87532 0.00164427
1522.47 0.838722 0.00166596
1683.01 0.870416 0.00207834
1747.7 0.874048 0.000906479
1716.7 0.874688 0.000929964
1572.3 0.871592 0.00108958
1686.36 0.866951 0.00124258
1736.72 0.866033 0.00120686
1599.02 0.873926 0.00141957
1981.01 0.875221 0.000909416
1578.64 0.873267 0.00154787
1662.46 0.860771 0.00171222
1893.5 0.866684 0.00101452
1643.17 0.869103 0.00121422
1678.74 0.873698 0.00092019
1743.98 0.874114 0.00149153
1506.44 0.850931 0.00180758
1641.28 0.871876 0.000948318
1543.04 0.871871 0.00153728
1783.3 0.875773 0.000922567
1797.65 0.87343 0.000854856
1700.59 0.876403 0.000990454
1685.84 0.86751 0.00150882
1646.31 0.869733 0.00141222
1557.35 0.869942 0.00117621
1467.62 0.850589 0.00231995
1590.06 0.871745 0.00151701
1700.91 0.869725 0.00165857
1560.88 0.870458 0.00106726
1741.45 0.875382 0.000897778
1731.08 0.866449 0.00125492
1665.47 0.877122 0.000861846
1668.9 0.865635 0.00148768
1569.99 0.870134 0.00160005
1860.14 0.871779 0.000906081
1478.45 0.869114 0.00124656
1750.37 0.871815 0.000887993
1709.58 0.868163 0.00156695
1658.52 0.870339 0.00124339
1605.84 0.871815 0.0015102
1653.86 0.878812 0.000947819
1712.26 0.867568 0.00136573
1625.23 0.846337 0.0015612
1771.65 0.878258 0.000911547
1805.93 0.862145 0.00175316
1562.72 0.867151 0.00164728
1716.49 0.872974 0.00125282
1750.04 0.851331 0.00139984
1498.07 0.875633 0.00092316
1646.14 0.871841 0.00155069
1554.05 0.870948 0.00156597
1499.36 0.851271 0.00216763
1674.25 0.868429 0.00157427
1888.88 0.83997 0.00170371
1510 0.866673 0.0015319
1961.56 0.873872 0.000918893
1677.66 0.875877 0.000918454
1705.42 0.868326 0.00108417
1743.99 0.866544 0.000986021
1655.9 0.874723 0.00147975
1555.71 0.872139 0.00158723
1518.02 0.871741 0.00112993
1657.09 0.852038 0.0018533
1623.35 0.872331 0.00114143
1567.99 0.875779 0.000927303
1577.01 0.875673 0.00154398
2147.42 0.878899 0.000910395
1686.2 0.864407 0.00158518
1669.01 0.874864 0.000924763
1695.25 0.871112 0.00157979
1803.05 0.869173 0.00109559
1658.81 0.874591 0.000941258
1574.2 0.875317 0.000937344
1764.28 0.865431 0.0011685
1660.97 0.87616 0.000895975
1678.77 0.874935 0.000868516
1734.18 0.876608 0.000820006
1570.65 0.848256 0.00154095
1619.73 0.870891 0.00144925
1541.59 0.869864 0.00119334
1502.92 0.849843 0.00173128
1606.72 0.873568 0.00151461
1635.01 0.869539 0.00116967
1649.49 0.865967 0.00162088
1663.66 0.866717 0.0017579
1443.19 0.852491 0.00177203
1538.26 0.848826 0.00233819
1759.24 0.878991 0.000691396
1508.66 0.844618 0.00185607
1643.63 0.867343 0.00121492
1649.47 0.875679 0.0015537
1860.66 0.866663 0.00145837
1738.78 0.877059 0.000925269
1749.32 0.875042 0.0019393
1840.25 0.863865 0.00146289
1684.47 0.847433 0.00196189
1644.85 0.869223 0.00155607
1605.26 0.848642 0.00175496
1615.2 0.871941 0.0016989
1763.6 0.875552 0.000930267
1685.43 0.872702 0.00092518
1687.35 0.86964 0.00150412
1679.13 0.857862 0.00205919
1573.48 0.86789 0.00129526
1791.93 0.874855 0.000906402
1530.38 0.849677 0.00216319
1551.57 0.867546 0.00152021
1527.74 0.870943 0.00141735
1916 0.864922 0.00117795
1562.54 0.851586 0.00190318
1758.12 0.868911 0.00160313
1754.3 0.870036 0.00189614
1914.48 0.867971 0.00199973
1679.3 0.870853 0.0010425
1759.52 0.870675 0.00094458
1609.71 0.870495 0.00130433
1535.6 0.87558 0.000930142
1569.86 0.85923 0.00165665
1514.17 0.868041 0.00136811
1475.63 0.872097 0.00152545
1619.13 0.874085 0.000964677
1869.94 0.874279 0.000920871
1445.99 0.848129 0.0012331
1719.7 0.871047 0.0013847
1658.42 0.853923 0.00200887
1656.48 0.860628 0.00173216
1602.82 0.869775 0.0012704
1706.53 0.869524 0.00176672
1679.6 0.871196 0.00109901
1682.42 0.875498 0.0014845
1628.57 0.875706 0.000997501
1489.43 0.869867 0.0011535
1864.66 0.879233 0.000923795
1486.71 0.858813 0.00201636
1671.99 0.870031 0.0016704
1479.44 0.851851 0.00149368
1689.39 0.871404 0.000814624
1836.58 0.865015 0.00129045
1571 0.874011 0.000891435
1904.41 0.868778 0.00149639
1716.8 0.873947 0.00168378
1719.19 0.866811 0.001518
2859.98 0.872173 0.000943668
1785.52 0.876394 0.000894724
1616.67 0.868298 0.00142644
1498.97 0.870552 0.00152999
1742.78 0.848768 0.00122704
1731.28 0.872856 0.00150015
1862.6 0.87688 0.000916226
1684.8 0.87434 0.00091105
1554.89 0.871042 0.00114287
1652.44 0.863598 0.00194778
1649.75 0.875819 0.000908301
1641.38 0.858207 0.00221246
1855.3 0.871178 0.000973025
1615.51 0.872727 0.0011194
1752.23 0.846675 0.00165837
1566.78 0.875511 0.000930898
1791.7 0.871793 0.00154177
1722.45 0.874941 0.00149782
1570.77 0.844623 0.00171822
1550.42 0.856105 0.00210898
1627.09 0.87813 0.000896188
1685.32 0.87201 0.00109304
1539.29 0.871115 0.00154138
1654.69 0.877059 0.000909772
1544.9 0.873906 0.00148864
1549.39 0.853169 0.00104875
1808.38 0.866384 0.00128144
1700.94 0.872307 0.000905307
1769.68 0.867706 0.0013609
1837.89 0.868352 0.000930928
1595.41 0.868879 0.00157558
1861.3 0.874955 0.000890958
1545.8 0.846436 0.00142841
1755.82 0.869324 0.00161483
1522.11 0.877558 0.000874989
1631.84 0.867674 0.00131032
1610.62 0.87497 0.000905832
1650.06 0.872934 0.000688161
1556.38 0.876701 0.000919111
2109.32 0.877635 0.000889476
1604.66 0.874121 0.000898529
1559.76 0.877194 0.000928609
1770.19 0.868775 0.00148093
1570.36 0.877213 0.000874771
1687.73 0.876782 0.00081139
1752.86 0.878694 0.00158937
1489.33 0.864701 0.00167046
1608.73 0.873378 0.00112345
1512.97 0.854479 0.00215266
1788.2 0.879347 0.000908513
1520.67 0.874288 0.00155531
1542.73 0.871483 0.00106305
1869.99 0.868479 0.00100137
1951.5 0.865946 0.00111025
1742.91 0.869276 0.00101213
1898.2 0.874992 0.000834281
1553.52 0.869712 0.00149441
1736.18 0.866778 0.0014783
1724.36 0.876011 0.000903786
1946.32 0.86403 0.0015639
1552.41 0.869913 0.00115927
1601.24 0.867283 0.00127328
1753.85 0.875053 0.000937908
1608.18 0.878436 0.000947037
1631.57 0.842431 0.51847
1688.94 0.847836 0.00214692
1733.18 0.865966 0.00129893
1812.05 0.86777 0.00143694
1752.87 0.868507 0.00107332
1716.51 0.851404 0.00179732
1692.72 0.875581 0.000935923
1652.13 0.867816 0.0014738
1535.21 0.869265 0.00106245
1732.38 0.873759 0.000907534
2098.38 0.862628 0.0012954
1727.93 0.875528 0.00119304
1766.77 0.876333 0.000921706
1475.13 0.876519 0.000684171
1583.35 0.87378 0.00166212
1849.46 0.863594 0.00141362
1890.33 0.874381 0.000911366
1577.9 0.867625 0.00147618
1626.13 0.871319 0.00104005
1590.26 0.873885 0.000929401
1679.5 0.876878 0.00154982
1617.39 0.876722 0.000909862
1511.79 0.873713 0.00155546
1513.87 0.874931 0.00105637
1752.83 0.868157 0.00102718
1563.66 0.870039 0.00158672
1906.99 0.875006 0.000911377
1555.16 0.871371 0.0015477
1896.7 0.869865 0.0012832
1705.64 0.878169 0.000965918
1690.43 0.868724 0.00154759
1640.08 0.873024 0.000935817
1624.15 0.873615 0.000928392
1858.04 0.86693 0.00166291
1528.93 0.849282 0.00200871
1624.6 0.871136 0.00186769
1610.44 0.843873 0.00222035
1535.67 0.87072 0.0016003
1528 0.872304 0.00123047
1418.32 0.874735 0.000925675
1663.94 0.86779 0.00120026
1764.78 0.873895 0.000903198
1683.98 0.864729 0.00150196
1823.76 0.866291 0.00163003
1806.61 0.876794 0.000935869
1691.07 0.866894 0.52811
1646.72 0.867361 0.00140223
1589.32 0.853927 0.00212595
1723.8 0.866459 0.00125842
1865.99 0.865791 0.00148403
1707.66 0.873939 0.000906907
1670.29 0.874737 0.000942059
1587.39 0.868194 0.0011638
1687.21 0.874839 0.000915664
1588.86 0.869591 0.00159611
1574 0.872368 0.00153906
1559.54 0.851697 0.00186337
1514 0.870024 0.00159055
1894.03 0.882881 0.000926239
1553.06 0.87079 0.00127723
1501.23 0.869039 0.00147543
2031.88 0.873008 0.000907543
1853.65 0.87711 0.000906053
1613.77 0.864045 0.00187556
1567.07 0.876024 0.000924687
1744.77 0.865336 0.00129438
1738.89 0.866543 0.00148606
1609.92 0.870685 0.00140988
1672.35 0.870639 0.000935141
1728.7 0.873051 0.0016348
1615.15 0.874545 0.000915018
1722.49 0.867086 0.0012409
1791.69 0.841714 0.00171284
1525.72 0.871347 0.0012261
1984.97 0.87219 0.000908841
1843 0.858639 0.00168939
1663.18 0.878017 0.000896788
1904.21 0.855642 0.0018095
1611.17 0.867864 0.00148744
1560.69 0.86989 0.0012189
1712.25 0.870339 0.00122781
1546.66 0.85234 0.00194394
1673.63 0.866138 0.00114383
1613.72 0.869639 0.00157347
1658.9 0.871058 0.00152852
1504.11 0.859728 0.00128767
1616.36 0.869216 0.00153005
1746.16 0.877582 0.000907501
1599.08 0.875382 0.00161582
2229.28 0.871208 0.000944623
1771.07 0.874643 0.00149772
1550.92 0.868726 0.00151916
1752.12 0.866925 0.00150624
1812.18 0.876189 0.000937436
1899.36 0.874555 0.000914082
1659.36 0.867682 0.00107499
2031.5 0.869497 0.00111017
1562.41 0.847002 0.00197189
1501.37 0.873933 0.000919081
1630.23 0.872204 0.00159549
1607.97 0.869048 0.00130233
1513.25 0.874848 0.000936719
1667.33 0.877857 0.000928854
1629.66 0.870056 0.00109154
1575.69 0.871247 0.00121262
1931.98 0.862792 0.00125481
1728.02 0.874903 0.000924965
1710.14 0.877191 0.000935005
1660.09 0.874121 0.000915018
1760.97 0.875606 0.000894383
1883.68 0.870916 0.00120894
1789.78 0.872088 0.000924856
1683.07 0.872203 0.00150807
1503.91 0.859157 0.00222869
1556.46 0.869936 0.00142826
1760.72 0.870341 0.00158601
1643.4 0.868467 0.00126312
1759.69 0.869187 0.00125879
1602.76 0.868306 0.00131385
1626.2 0.874566 0.00146428
1799.96 0.867539 0.00128031
1798.4 0.875558 0.000889016
1586.95 0.854107 0.00140748
1588.63 0.868899 0.00137619
1543.01 0.87232 0.00146327
1783.75 0.879002 0.000931943
1707.48 0.875867 0.000900332
1818.47 0.870097 0.0015845
1639.83 0.875887 0.000915042
1666.53 0.841002 0.00186649
1712.74 0.869347 0.0012862
1470.93 0.87894 0.000890192
1820.4 0.870372 0.00106421
1652.92 0.874276 0.00102955
1517.07 0.849752 0.00144085
1759.47 0.866052 0.0015137
1775.05 0.872841 0.00170973
1519.86 0.869857 0.00123756
1844.25 0.865139 0.00145898
1904.13 0.873944 0.000849149
1585.09 0.875042 0.000948913
1873.88 0.869292 0.00123083
1585.95 0.866544 0.00121131
1495.45 0.849248 0.00213053
1646.39 0.872631 0.000936515
1582.2 0.85147 0.0014651
1879.8 0.877289 0.000929927
1483.23 0.870646 0.00157203
1949.87 0.876092 0.000908565
1821.46 0.870808 0.000969658
1462.6 0.873677 0.00126916
1691.51 0.843293 0.00169924
1566.67 0.871491 0.00161009
1827.31 0.876745 0.000932929
1786.9 0.869832 0.00114961
1505.4 0.844856 0.00128037
2565.19 0.869531 0.0009741
1643.24 0.866481 0.00137104
1715.21 0.870375 0.00134172
1634.13 0.855638 0.00144108
1632.62 0.875793 0.000907359
1710.49 0.872994 0.000917632
1534.41 0.874419 0.00102692
2106.25 0.876207 0.000935274
1751.27 0.876545 0.00145118
1673.8 0.874804 0.000920509
1455.47 0.864429 0.00225889
1553.54 0.871699 0.00133682
1439.8 0.871535 0.00164726
2513.97 0.869461 0.000928216
1671.81 0.868324 0.00163704
1564.08 0.878543 0.000871366
1753.09 0.867356 0.00113726
1597.31 0.869807 0.00143112
1783.38 0.879919 0.000880637
1609.6 0.843069 0.00189501
1902 0.864688 0.00139555
1509.28 0.868942 0.00116723
1597.7 0.870997 0.00149219
1664.61 0.876633 0.00149444
1840.73 0.868306 0.00113516
1929.14 0.875704 0.000905722
1565.67 0.877344 0.00138993
1642.84 0.874922 0.000926312
1691.61 0.876194 0.000919925
1540.09 0.867314 0.00165799
