0.925856
0.922966
0.921218
0.921491
0.92864
0.923138
0.920741
0.920796
0.926299
0.925293
0.927379
0.914162
0.92339
0.926783
0.924995
0.918352
0.931681
0.923933
0.923904
0.922339
0.922788
0.919463
0.924718
0.921571
0.921125
0.93131
0.924077
0.923496
0.925345
0.923689
0.920263
0.923189
0.927716
0.928575
0.911807
0.92639
0.925227
0.920271
0.924309
0.922479
0.917883
0.923898
0.924618
0.925696
0.922802
0.926399
0.925181
0.9279
0.925286
0.92734
0.92027
0.925874
0.926117
0.928698
0.921615
0.92354
0.923085
0.916753
0.925906
0.925073
0.923035
0.92791
0.926353
0.922101
0.928831
0.927697
0.925423
0.92136
0.926795
0.923779
0.924143
0.921965
0.923244
0.925908
0.916794
0.923064
0.928602
0.920043
0.927439
0.927509
0.92379
0.916697
0.917522
0.923129
0.927825
0.922924
0.924057
0.923256
0.923961
0.924682
0.923612
0.922461
0.91829
0.927541
0.923274
0.929963
0.92239
0.917058
0.923735
0.932469
0.923102
0.92168
0.923249
0.922102
0.927372
0.928532
0.922243
0.925565
0.924045
0.920208
0.926622
0.916648
0.92753
0.925617
0.926382
0.924279
0.914844
0.92748
0.925268
0.927619
0.925509
0.922641
0.922911
0.917929
0.92032
0.921885
0.939567
0.920588
0.922125
0.923986
0.927423
0.920806
0.923901
0.923291
0.919912
0.924618
0.929718
0.925897
0.92739
0.929426
0.9275
0.917815
0.920453
0.927413
0.925784
0.922479
0.92353
0.920403
0.92592
0.921307
0.920512
0.927022
0.921752
0.925454
0.928855
0.923192
0.924971
0.912155
0.924921
0.92699
0.927659
0.92213
0.924891
0.926276
0.92447
0.929976
0.923684
0.925084
0.926091
0.923783
0.931228
0.928575
0.922374
0.925559
0.926064
0.92565
0.93231
0.919707
0.925475
0.926361
0.920671
0.926273
0.921436
0.92881
0.923525
0.927785
0.92286
0.924229
0.908079
0.924418
0.925671
0.92509
0.918163
0.925507
0.921501
0.919391
0.925638
0.918709
0.92638
0.919552
0.924161
0.920216
0.92054
0.925959
0.926542
0.926208
0.92594
0.929496
0.930995
0.919689
0.927987
0.929347
0.923941
0.929098
0.926379
0.922184
0.928271
0.922902
0.918997
0.918808
0.919226
0.919952
0.928642
0.921428
0.915952
0.923793
0.927193
0.922265
0.926771
0.928495
0.927081
0.920869
0.921837
0.921965
0.923183
0.927081
0.931382
0.927115
0.929637
0.928413
0.927024
0.921935
0.923706
0.919757
0.922876
0.91171
0.914598
0.916738
0.925765
0.926401
0.925275
0.924379
0.941473
0.903122
0.920306
0.927082
0.925267
0.926316
0.918532
0.923241
0.924513
0.925126
0.922996
0.924359
0.921381
0.924772
0.91291
0.925208
0.9267
0.928312
0.923627
0.918795
0.926428
0.920916
0.918476
0.913604
0.926588
0.9235
0.926622
0.92226
0.917952
0.927546
0.924935
0.920632
0.920377
0.928228
0.921543
0.92737
0.924139
0.931727
0.919451
0.923664
0.922305
0.924175
0.928177
0.926495
0.925108
0.921694
0.92734
0.924658
0.921522
0.922389
0.92526
0.925884
0.922493
0.917953
0.922364
0.927297
0.92591
0.927379
0.923563
0.925548
0.921448
0.925544
0.92965
0.927235
0.934384
0.916803
0.916246
0.921837
0.928253
0.922328
0.929246
0.927125
0.922156
0.921269
0.92965
0.92157
0.921878
0.919944
0.926783
0.913197
0.924637
0.921994
0.931074
0.92424
0.923546
0.925512
0.924271
0.931352
0.923408
0.922149
0.923442
0.92278
0.923208
0.922668
0.923861
0.920332
0.925214
0.92538
0.926362
0.924778
0.919388
0.927977
0.91823
0.934416
0.926882
0.921781
0.932807
0.930137
0.929942
0.925811
0.913886
0.927621
0.929446
0.929938
0.925725
0.925112
0.931325
0.92467
0.92338
0.923909
0.914372
0.916783
0.923125
0.919698
0.924112
0.924881
0.922956
0.92106
0.928947
0.922491
0.917179
0.927914
0.920151
0.925684
0.930686
0.922334
0.926808
0.922604
0.931422
0.924284
0.924495
0.927465
0.928685
0.928268
0.926913
0.921135
0.909133
0.921574
0.924819
0.922316
0.92737
0.925869
0.922149
0.923863
0.923902
0.922541
0.927189
0.923965
0.92271
0.918319
0.91691
0.923081
0.926454
0.924333
0.927184
0.924918
0.926568
0.917353
0.921714
0.93113
0.924777
0.924802
0.923563
0.92575
0.920562
0.924936
0.925863
0.924264
0.9263
0.922512
0.930383
0.9303
0.924434
0.923761
0.929624
0.927674
0.919312
0.920211
0.917588
0.929394
0.930867
0.92734
0.915556
0.922766
0.928058
0.927637
0.922763
0.920124
0.939388
0.925754
0.930064
0.922959
0.927171
0.923679
0.923145
0.922855
0.926633
0.924806
0.923649
0.921916
0.925161
0.92433
0.915539
0.921951
0.921187
0.92282
0.925943
0.923187
0.929517
0.9289
0.927286
0.939767
0.920962
0.92193
0.926591
0.926229
0.919865
0.926096
0.920549
0.920325
0.917132
0.927536
0.91969
0.918853
0.916868
0.916237
0.92551
0.920544
0.92165
0.925836
0.920005
0.923663
0.922265
0.93056
0.921356
0.923746
0.928335
0.925804
0.921735
0.922015
0.91808
0.92191
0.918073
0.927517
0.921092
0.923756
0.920258
0.918333
0.922182
0.926136
0.921813
0.921794
0.925829
0.92567
0.927427
0.930052
0.919383
0.912291
0.921633
0.929734
0.924107
0.927485
0.929942
0.925109
0.920271
0.92109
0.922561
0.92751
0.923634
0.928934
0.922893
0.922491
0.924263
0.92494
0.925955
0.924817
0.921761
0.923676
0.923357
0.92746
0.918382
0.914827
0.914764
0.917445
0.921429
0.92828
0.916061
0.929386
0.931978
0.926038
0.920512
0.920566
0.925924
0.924261
0.92861
0.91674
0.919138
0.922215
0.918303
0.920545
0.922624
0.927186
0.921484
0.925437
0.92562
0.925191
0.922403
0.920643
0.91848
0.917331
0.91517
0.923509
0.92368
0.925158
0.920242
0.925718
0.921906
0.925034
0.921642
0.922331
0.92845
0.930488
0.925749
0.920319
0.923351
0.925357
0.922577
0.924528
0.922804
0.922967
0.931531
0.929231
0.918935
0.921977
0.920054
0.920294
0.922616
0.919445
0.921537
0.925489
0.925139
0.928338
0.924554
0.923594
0.922899
0.921835
0.928675
0.923493
0.912275
0.917687
0.91144
0.925332
0.921629
0.923191
0.923239
0.929109
0.915749
0.918954
0.92765
0.922814
0.922792
0.922972
0.92004
0.92653
0.923651
0.920332
0.921543
0.9206
0.919635
0.921763
0.926204
0.926097
0.921321
0.91519
0.923102
0.928615
0.923026
0.924487
0.918063
0.934686
0.921949
0.923087
0.927823
0.920518
0.916146
0.928537
0.919104
0.925364
0.931861
0.919354
0.922408
0.923742
0.923785
0.93023
0.913884
0.925436
0.922527
0.91566
0.930163
0.926569
0.923507
0.923151
0.932583
0.920289
0.920336
0.926503
0.924252
0.926846
0.928776
0.924506
0.925433
0.924815
0.922184
0.922408
0.927735
0.924434
0.927207
0.920773
0.918283
0.920479
0.917522
0.918454
0.918794
0.920641
0.923181
0.913028
0.921258
0.922009
0.91219
0.923736
0.923627
0.922318
0.925083
0.921113
0.923114
0.922316
0.925181
0.927176
0.928633
0.926636
0.919503
0.918846
0.92599
0.926874
0.92285
0.927877
0.930387
0.921912
0.927383
0.926771
0.916961
0.923964
0.924395
0.923575
0.921864
0.92172
0.911431
0.923572
0.92109
0.926278
0.927566
0.920621
0.923853
0.926579
0.925601
0.928302
0.927489
0.921134
0.92348
0.912672
0.925593
0.925356
0.925308
0.920004
0.91845
0.925055
0.918404
0.926992
0.921964
0.923673
0.926143
0.925183
0.91985
0.92592
0.923814
0.923859
0.926059
0.926674
0.920309
0.920838
0.925857
0.915652
0.928665
0.927324
0.927708
0.919035
0.923676
0.923927
0.930554
0.930374
0.919767
0.921828
0.918977
0.923863
0.920119
0.932378
0.92412
0.922376
0.92456
0.92249
0.925184
0.924707
0.918913
0.923952
0.924364
0.925121
0.921438
0.914401
0.916
0.924136
0.930038
0.924981
0.918277
0.923025
0.921584
0.923338
0.92145
0.927459
0.923115
0.920586
0.923069
0.922207
0.928876
0.926936
0.922816
0.899996
0.922385
0.926308
0.921533
0.925273
0.935745
0.929511
0.920509
0.942646
0.920585
0.918825
0.925042
0.922397
0.92513
0.924316
0.922106
0.925059
0.923457
0.921452
0.921197
0.922451
0.920014
0.916609
0.926333
0.922211
0.920049
0.917335
0.930594
0.922091
0.916087
0.925528
0.925683
0.926754
0.921284
0.922477
0.930716
0.917572
0.925033
0.925073
0.926021
0.927884
0.924165
0.930024
0.922599
0.917699
0.923572
0.922281
0.926245
0.921612
0.924136
0.930109
0.922875
0.908376
0.924584
0.923678
0.918814
0.924866
0.923226
0.924695
0.927433
0.924935
0.923592
0.926236
0.925671
0.922839
0.927948
0.921074
0.93081
0.912914
0.924998
0.928152
0.924961
0.926191
0.925844
0.923783
0.924587
0.919911
0.926357
0.929534
0.922014
0.922604
0.929178
0.925514
0.921782
0.921065
0.931853
0.922558
0.909976
0.920446
0.925117
0.923794
0.928156
0.922303
0.918329
0.922561
0.923769
0.92799
0.919127
0.924024
0.921315
0.925958
0.932203
0.925267
0.923325
0.92691
0.924162
0.927126
0.919929
0.918306
0.924559
0.917161
0.925637
0.926037
0.921237
0.91596
0.927245
0.922174
0.927981
0.918078
0.916265
0.924234
0.921467
0.91928
0.922128
0.92341
0.931865
0.925279
0.921131
0.918346
0.919543
0.92419
0.928306
0.932577
0.921408
0.919338
0.929494
0.920896
0.931554
0.92542
0.925987
0.925641
0.920642
0.917078
0.923858
0.923652
0.923112
0.92201
0.916779
0.928285
0.925643
0.928581
0.927825
0.925616
0.923868
0.924658
0.92421
0.92347
0.926567
0.924272
0.926129
0.925535
0.925207
0.924847
0.922815
0.925795
0.925886
0.928319
0.925279
0.917631
0.922566
0.922956
0.92692
0.929702
0.914268
0.928366
0.931097
0.924086
0.934342
0.919016
0.924706
0.919821
0.92623
0.928026
0.927659
0.91955
0.92116
0.925421
0.920707
0.926464
0.919072
0.922731
0.924909
0.930137
0.930019
0.919907
0.916425
0.925576
0.923282
0.927262
0.920309
0.926938
0.930922
0.929577
