2098.15 0.887501 0.00119312
1697.42 0.892441 0.000896538
1528.73 0.89934 0.00101865
1884.22 0.895978 0.00141195
1560 0.896784 0.00118485
1518.5 0.901389 0.00111727
1766.14 0.902242 0.00072612
1526.08 0.897934 0.000962198
1595.49 0.898132 0.00116836
1832.61 0.89917 0.00112079
1764.56 0.893735 0.000919806
1939.55 0.896311 0.000952443
1731.28 0.897965 0.00111205
1600.31 0.895707 0.00137917
1538.41 0.897006 0.00108769
1527.49 0.899593 0.000967778
1509.38 0.894357 0.00085568
1649.59 0.896624 0.000874198
1710.58 0.894265 0.0010888
1806.72 0.89778 0.000649018
1440.01 0.89688 0.000894064
1524.59 0.896505 0.00114287
2079.07 0.896526 0.00129743
1509.78 0.896984 0.00114923
1742.37 0.8909 0.00143118
1730.23 0.894627 0.000877147
1461.22 0.895883 0.000692217
1566.4 0.90194 0.00112738
1487.37 0.894116 0.000902106
1532.33 0.898059 0.00110744
1526.72 0.902044 0.00121965
1658.08 0.900865 0.00108965
1691.67 0.895623 0.000889963
1619.74 0.902185 0.00118194
1626.49 0.892639 0.000867271
1607.59 0.901109 0.000990757
1468.22 0.896217 0.000918435
1877.97 0.891998 0.00089634
1701.99 0.895396 0.000881996
1622.32 0.894334 0.000961722
1571.21 0.899774 0.00125664
1437.78 0.898632 0.000921953
1958.21 0.896441 0.00144375
1456.16 0.901067 0.00113488
1537.3 0.895195 0.000906426
1511.89 0.898605 0.000877429
1633.48 0.893045 0.000864185
1525.31 0.897176 0.00100288
1647.14 0.893153 0.000888126
1535.42 0.895364 0.000776842
1520.55 0.897114 0.000955711
1475.91 0.897537 0.00097085
1706 0.893662 0.00114241
1601.22 0.902733 0.001027
1588.76 0.894657 0.00147681
1527.06 0.896026 0.000809994
1549.91 0.897946 0.00115956
1467.18 0.900559 0.000844632
1803.17 0.896647 0.00102789
1618.37 0.900166 0.00114752
1781.19 0.894174 0.000825117
1547.15 0.895975 0.00133829
1601.24 0.898428 0.00101153
1507.77 0.897599 0.0011376
1709.08 0.894375 0.000900993
1656.37 0.892818 0.000857675
1810.33 0.897107 0.00101386
1885.78 0.896136 0.00134485
1845.53 0.894101 0.000867909
1503.32 0.896128 0.000748826
1614.05 0.899179 0.000898832
2301.91 0.890066 0.000857281
1633.92 0.897024 0.000958033
1579.38 0.900776 0.00103343
1522.42 0.901664 0.00108992
1533.4 0.899752 0.000860345
1569.7 0.89977 0.00106499
1635.95 0.89734 0.0014977
1561.6 0.901405 0.000966606
1468.42 0.896135 0.00129469
1495.37 0.898566 0.000905797
1458.47 0.897222 0.00102425
1637.16 0.894946 0.00132663
1567.76 0.895256 0.000868486
1513.76 0.898361 0.00110192
1654.79 0.87895 0.00127915
1770.7 0.898962 0.00108396
1610.56 0.893037 0.00104387
1566.04 0.896207 0.000559737
2086.19 0.896164 0.00127368
1676.61 0.892571 0.000853994
1836.17 0.891297 0.000934963
1516.35 0.895612 0.00097458
1672.89 0.892815 0.000830309
1725.93 0.894649 0.00135196
1520.14 0.896635 0.00143496
1749.41 0.890892 0.000888383
1494.51 0.900081 0.000985771
1628.39 0.896149 0.000966356
1837.35 0.890009 0.000814485
1544.13 0.895546 0.000895157
1480.36 0.900229 0.000970506
1556.76 0.893918 0.000962148
1397.84 0.895504 0.00155024
1532.45 0.894416 0.00144686
1647.06 0.902965 0.0010132
1400.12 0.896658 0.00140673
1757.98 0.895445 0.000923489
1571.54 0.8994 0.00112186
1591.37 0.899581 0.0013232
1396.47 0.896541 0.00116555
1425.21 0.8963 0.000897154
1432.06 0.89652 0.00098536
1469.5 0.899473 0.00108683
1425.67 0.89612 0.00143638
1644.33 0.897597 0.00132324
1520.24 0.897624 0.00105893
1600.55 0.901455 0.000898569
1669.63 0.899837 0.00107408
1661.28 0.894549 0.000940867
1461.04 0.894353 0.00140877
1582.21 0.895676 0.00145295
1558.1 0.896438 0.000880348
1551.88 0.900946 0.00102796
1549.32 0.901121 0.00117179
1660.8 0.896446 0.00101914
2520.13 0.890073 0.00129051
1549.95 0.896162 0.000940446
1546.99 0.893655 0.000868623
1783.36 0.901254 0.00109079
1607.56 0.890171 0.00140942
1398.71 0.89864 0.00111912
1919.94 0.89191 0.000905685
1774.86 0.896292 0.000887106
1902.65 0.895674 0.000872821
1679.22 0.89721 0.000875772
1512.33 0.898574 0.00110259
1691.46 0.895393 0.00113941
1506.96 0.894829 0.000955938
1703.11 0.901089 0.00104773
1528.05 0.899261 0.00111684
1517.87 0.900146 0.000927082
1609.37 0.897696 0.000945405
1606.63 0.89472 0.0010431
1481.33 0.895145 0.000897267
1529.54 0.893412 0.00140345
1466.3 0.897931 0.00111938
1559.69 0.900275 0.0010166
1599.6 0.897192 0.001206
1801.17 0.889601 0.00128951
1509.87 0.897344 0.00113749
1579.94 0.893149 0.00150321
1485.54 0.898377 0.00104684
1790.57 0.893968 0.000894289
1822.91 0.892745 0.00140073
1593.77 0.900847 0.000993921
1816.13 0.893153 0.000857145
1719.42 0.897456 0.000935797
1697.85 0.899564 0.00126932
1553.39 0.901892 0.00100235
1405.07 0.899243 0.000608129
1759.7 0.891763 0.000883569
1544.12 0.897873 0.00113991
1514.68 0.896264 0.00135987
1614.83 0.89644 0.000834707
1477.92 0.899433 0.00111885
1506.63 0.897647 0.00111918
1546.11 0.897997 0.00112592
1475.67 0.895762 0.000882733
1635.85 0.892647 0.00134426
1552.27 0.897258 0.00105341
1554.37 0.900828 0.00113127
1645.96 0.895406 0.000907312
1603.9 0.896948 0.000996955
1589.75 0.899079 0.00116301
1602.77 0.89863 0.00102044
1645.08 0.895863 0.0014306
1517.71 0.896175 0.00136849
1540.94 0.897227 0.00110855
1566.34 0.897733 0.000758464
1586.53 0.893911 0.000874412
1483.33 0.90058 0.00111209
1691.26 0.898722 0.000856329
1767.77 0.893195 0.00126833
1528.58 0.894811 0.000881591
1518.76 0.898337 0.00104352
1430.12 0.894505 0.000901449
1618.07 0.893653 0.00138329
1449.25 0.899195 0.00115589
1727.22 0.898285 0.00112256
1599.19 0.899449 0.0012667
1662.98 0.89969 0.00121735
1588.07 0.896486 0.000892608
1514.84 0.899902 0.00113682
1596.45 0.894904 0.000909607
1586.96 0.890007 0.00112565
1628.3 0.894154 0.000956823
1697.61 0.898975 0.0011228
1666.44 0.895291 0.000607661
1523.66 0.895629 0.00104614
1878.85 0.892708 0.000895277
1674.43 0.895527 0.000880225
1525.08 0.895786 0.00103135
1566.27 0.898721 0.00104733
1484.45 0.897175 0.00111143
1718.35 0.901322 0.000858059
1665.68 0.897874 0.00106998
1612.46 0.898373 0.00119116
1564.28 0.892182 0.537284
1472.89 0.901484 0.00110751
1691.59 0.893367 0.000916843
2226.55 0.893093 0.000905725
1588.83 0.899019 0.00101711
1523.25 0.898357 0.00118508
1488.22 0.897681 0.000922394
1756.26 0.9001 0.000923271
1822.93 0.898027 0.00105094
1787.89 0.892639 0.00137122
1688.82 0.896034 0.00141431
1669.41 0.901181 0.00121694
1743.73 0.895723 0.000940487
1544.94 0.893998 0.000869703
1459.79 0.898226 0.000849236
1486.57 0.898007 0.000913494
1543.97 0.900992 0.00112591
1492.02 0.892044 0.00142922
1567.64 0.893649 0.0014149
1822.59 0.898381 0.000899827
1561.92 0.90038 0.00113991
1579.55 0.899713 0.00111408
1581.9 0.867512 0.00130634
1499.06 0.896647 0.00117852
1507.99 0.898488 0.00102364
1547.81 0.896752 0.00123848
1479.35 0.893905 0.00161377
1491.7 0.899729 0.00110094
1878.18 0.895119 0.000942498
1748.71 0.892974 0.000863274
1809.42 0.900746 0.000942105
1476.02 0.896414 0.00100841
1523.41 0.896037 0.00113261
1430.12 0.898371 0.00106896
1440.43 0.897012 0.00133387
1782.87 0.890246 0.0014177
1539.56 0.894908 0.000939907
1516.53 0.899814 0.000964002
1765.53 0.878605 0.00147289
2146.29 0.890519 0.000892993
1658.32 0.899918 0.00111061
1711.78 0.896031 0.00114996
1730.61 0.891496 0.0013859
1560.78 0.898912 0.00103469
1386.15 0.898954 0.00112619
1596.24 0.894335 0.0013757
1667.91 0.893757 0.00140659
1574.33 0.898891 0.00133481
1658.88 0.897188 0.0009399
1454.03 0.897864 0.00102691
1518.77 0.896088 0.000908202
1547.66 0.898852 0.00105546
1527.38 0.899808 0.00102951
1513.14 0.896896 0.000821707
1441.6 0.898386 0.00122293
1497.09 0.898333 0.000826849
1694.76 0.898859 0.00100354
1611.6 0.899857 0.00116655
2169.27 0.892309 0.000883631
1673.52 0.899898 0.0011445
1461.65 0.876121 0.00139536
1580.76 0.89789 0.000800706
1530.24 0.875059 0.00167859
1519.45 0.894967 0.000904153
1440.76 0.896651 0.000929914
1545.26 0.893266 0.00138136
1643.27 0.899331 0.00103667
1629.33 0.891757 0.00134763
1507.81 0.900676 0.00102579
1439.64 0.897906 0.00117341
1534.95 0.89736 0.000719572
1582.3 0.89633 0.000921777
1784.27 0.891423 0.000839655
1934.32 0.893554 0.00141302
1579.51 0.898912 0.00101229
1626.8 0.896036 0.00104808
1660.82 0.899538 0.00107237
1460.75 0.896154 0.00120115
1612.63 0.894143 0.00136549
1566.66 0.895639 0.00100768
1442.2 0.897801 0.00098744
1666.75 0.894392 0.000896571
1404.29 0.898327 0.00114781
1614.5 0.900985 0.00119421
1639.24 0.897482 0.000885235
1469.41 0.898086 0.00101545
1488.76 0.898661 0.00106516
1828.68 0.891074 0.00136403
1855 0.894889 0.00101045
1599.75 0.896543 0.00107612
1637.52 0.897977 0.00107035
1378.59 0.899691 0.00114779
1495.57 0.899261 0.00114554
1474.53 0.896006 0.000984825
1475.96 0.900927 0.00123455
1951.93 0.892899 0.000953937
1753.53 0.892851 0.000889411
1743.91 0.898442 0.00111325
1842.99 0.897211 0.00102094
1579.02 0.894053 0.537932
1666.33 0.894465 0.00101558
1586.04 0.896377 0.0011228
1584.77 0.870203 0.00137959
1758.03 0.893783 0.00144096
1739.93 0.895234 0.000958181
1580.73 0.898815 0.0010592
1600.84 0.893985 0.000970641
1539.42 0.897165 0.000879361
1591.55 0.897127 0.000925442
1530.66 0.898164 0.00116804
1834.76 0.892224 0.000896086
1724.33 0.900867 0.00100784
1535.14 0.898218 0.00107043
1490.7 0.89387 0.000904958
1572 0.895043 0.000687468
1508.47 0.894831 0.00105911
1587.34 0.894429 0.000875221
1578.59 0.899351 0.0010604
1826.86 0.899957 0.00113255
1884.95 0.895616 0.000944715
1618.03 0.896293 0.000973105
1703.49 0.89314 0.000888434
1582.94 0.899507 0.00121859
1568.33 0.902353 0.00101761
1572.04 0.897708 0.000866229
1607.75 0.892665 0.00138159
1669 0.897542 0.00116025
1531.09 0.895104 0.00129653
1492.08 0.90113 0.00120649
1520.43 0.895396 0.000994064
1557.02 0.89907 0.00114716
1652.91 0.89571 0.000872551
1646.93 0.892596 0.00135838
1608.93 0.895339 0.000867237
1779.18 0.892211 0.00031675
1592.47 0.900082 0.00107403
1513.09 0.893958 0.000875914
1602.17 0.899992 0.00096521
1498.66 0.897999 0.0010617
1533.1 0.901078 0.00118646
1640.64 0.893821 0.000904992
1666.34 0.895237 0.00121118
1540.36 0.901251 0.00101708
1637.85 0.898093 0.00122267
1510.08 0.898894 0.00103487
1526.08 0.897454 0.00121084
1566.47 0.894675 0.00141392
1587.38 0.892128 0.000861199
1532.73 0.90353 0.00113203
1620.53 0.900684 0.00123312
1635.28 0.893402 0.000881806
1495.72 0.89705 0.00118072
1853.77 0.888752 0.000987044
1577.92 0.898132 0.00103672
1574.72 0.900842 0.000719198
1781.96 0.900275 0.000897628
1497.19 0.901567 0.000830024
1502.92 0.898421 0.00115934
1912.04 0.901169 0.00111501
1699.58 0.89375 0.000679764
1508.01 0.895909 0.00088705
1774.86 0.891754 0.000879445
1430.79 0.897911 0.00105428
1514.34 0.899831 0.00107102
1496.41 0.894724 0.000908341
1645.58 0.896105 0.000876663
1700.25 0.893461 0.00135468
1601.72 0.895277 0.00141008
1745.4 0.895685 0.000824075
1547.71 0.898652 0.000887651
1412.65 0.900996 0.00129619
1748.12 0.895425 0.000967221
1520.41 0.89713 0.000994489
1686.34 0.893257 0.00112058
1499.88 0.897066 0.000792476
1616.33 0.896547 0.000886601
1601.64 0.898217 0.00113495
1494.13 0.897999 0.000906792
1613.73 0.895832 0.000874708
1386.83 0.894348 0.0011709
1515.88 0.896545 0.000879391
1837.52 0.892692 0.000879028
1409.62 0.899659 0.000924733
1602.13 0.893917 0.000890659
1548.55 0.895661 0.000971353
1633.31 0.897091 0.000930218
1539.43 0.892918 0.00125648
1649.1 0.90342 0.00124485
1680.16 0.894625 0.000793393
1365.46 0.899521 0.000860196
1552.69 0.900316 0.000962335
1598.43 0.899027 0.00103484
1710.73 0.895833 0.00105013
1578.26 0.899652 0.00111241
1389.07 0.897173 0.00114559
1777.19 0.899238 0.000876105
1662.48 0.89457 0.000874975
1745.79 0.893623 0.000926613
1402.84 0.901655 0.00122151
1726.81 0.897778 0.00123182
1642.99 0.896872 0.00121616
1767.55 0.896203 0.000979505
1569.89 0.895196 0.00115225
1542.84 0.892767 0.000867684
2055.54 0.889911 0.000877169
1496.16 0.897115 0.000892751
1527.61 0.898525 0.00101621
1526.54 0.900688 0.00104701
1422.88 0.900706 0.00128843
1663.84 0.897242 0.000798762
1502.95 0.895661 0.0015109
1743.56 0.899343 0.00109468
1563.86 0.902422 0.00109412
1852.79 0.896224 0.000998928
1459.42 0.89812 0.00100405
1959.45 0.893333 0.00118923
1578.76 0.897129 0.00115168
1512.88 0.893485 0.000912091
1479.48 0.89767 0.00121392
1640.33 0.898121 0.000973951
1604.63 0.895477 0.000464082
1498.07 0.899723 0.000941164
1609.39 0.89532 0.000930406
1425.64 0.898096 0.00107684
1634 0.896229 0.00124855
1539.61 0.894719 0.00136231
1528.59 0.894789 0.000908731
1483.39 0.898187 0.00105882
1474.9 0.898303 0.00115307
1585.78 0.89373 0.00093803
1414.07 0.897728 0.00109766
1569.24 0.896379 0.0011167
1629.31 0.894767 0.000870114
1948.25 0.89082 0.000872847
1438.07 0.895713 0.000901869
1601.39 0.899415 0.00106642
1466.8 0.896641 0.000974002
1506.25 0.898266 0.0011425
1552.36 0.89607 0.00106644
1591.4 0.893089 0.000936493
1714.02 0.891788 0.000889739
1559.44 0.899774 0.00117014
1614.3 0.898115 0.00100555
1445.2 0.892184 0.00139546
1581.24 0.896626 0.00146179
1390.64 0.8985 0.00103075
1687.78 0.895601 0.000895348
1810.76 0.891648 0.00126757
1582.77 0.891781 0.000887824
1540.2 0.898654 0.000975072
1500.66 0.901243 0.0012134
1825.73 0.894064 0.00092278
1931.84 0.895095 0.000890198
1612.96 0.895988 0.000899556
1555.41 0.890549 0.00147754
1762.19 0.897975 0.000947803
1535.85 0.894362 0.00115548
1510.86 0.898089 0.00111481
1502.15 0.897547 0.00138269
1506.9 0.895863 0.0011419
1704.71 0.899176 0.00107186
1603.95 0.895116 0.000810974
1716.92 0.893457 0.00148731
1660.74 0.902921 0.000777125
1814.55 0.897077 0.000984305
1486.7 0.899926 0.00102622
1706.89 0.895018 0.000881953
1609.65 0.900619 0.0011415
1887.73 0.89215 0.000853618
1549.52 0.898358 0.000907285
1572.63 0.898013 0.00100251
1550.89 0.894128 0.00139155
1679.52 0.897651 0.000933526
1695.4 0.895228 0.000971847
1652.08 0.898068 0.00116742
1525.6 0.895375 0.000912838
1553.52 0.8936 0.000885527
1478.08 0.900499 0.00105248
1394.19 0.896194 0.00136238
1644.42 0.898958 0.00111938
1480.25 0.898534 0.000916946
1478.1 0.898793 0.00100575
1738.76 0.899407 0.000936189
1416.11 0.898074 0.000856507
1539.4 0.899158 0.000973248
1624.8 0.902087 0.00096965
1601.68 0.89486 0.00104381
1732.97 0.900005 0.00136454
1447.14 0.89913 0.00120036
1441.04 0.898958 0.0010061
1684.86 0.892835 0.000871167
1682.33 0.89383 0.000988175
1547.48 0.894733 0.000851825
1475.59 0.898253 0.0008395
1551.23 0.895294 0.00129975
1527.35 0.899027 0.00112862
1465.87 0.901117 0.00117079
1490.08 0.896066 0.000865387
1558.82 0.903278 0.00119177
1565.95 0.893366 0.000927423
1880.15 0.895201 0.000935619
1734.64 0.89472 0.00104779
1991.35 0.891368 0.00103742
1658.12 0.898432 0.00120357
1520.25 0.897844 0.000859765
1544.29 0.897698 0.000929221
1789.69 0.899278 0.00107681
1567.57 0.898481 0.00103295
1571.39 0.89816 0.00104061
1546.01 0.895175 0.00089975
1803.41 0.9054 0.00123459
1732.56 0.897977 0.000914767
1665.38 0.890794 0.0014898
1573.63 0.89184 0.00101909
1535.55 0.896794 0.00097122
1690.77 0.894397 0.000847399
1688.12 0.899775 0.000940852
1667.72 0.897373 0.000753042
1511.27 0.898801 0.00114905
1557.07 0.899342 0.000980158
1694.31 0.896156 0.00112485
1519.26 0.89937 0.000965016
1575.66 0.898414 0.00109481
1586.11 0.897589 0.000850719
1704.26 0.89931 0.000964985
1610.06 0.8963 0.00115839
1688.19 0.897522 0.00101659
1737.98 0.899011 0.00106909
1626.77 0.895708 0.00143818
1742.04 0.89389 0.000803099
1811.57 0.89207 0.000671837
1947.08 0.895711 0.000931398
1590.1 0.895535 0.00111225
1475.58 0.90063 0.00117513
1462.14 0.897807 0.00105165
1479.62 0.876537 0.00126118
1598.64 0.9031 0.00109572
1507.53 0.89879 0.00103475
1691.37 0.900813 0.000930272
1519.02 0.896266 0.00112778
1557.79 0.901636 0.0010623
1546.8 0.89949 0.000906147
1542.68 0.900217 0.00105695
1594.16 0.900945 0.00102858
1486.88 0.898685 0.00107815
1593.03 0.895932 0.000938583
1476.79 0.899308 0.000863688
1729.56 0.893 0.00136209
1710.15 0.891849 0.000883543
1882.92 0.899129 0.000983867
1537.12 0.900454 0.000922818
1489.98 0.899238 0.00109801
1621.5 0.898841 0.00110874
1577.33 0.894624 0.00134561
1631.46 0.895986 0.000876804
1525.63 0.873775 0.000902409
1545.42 0.896492 0.000881273
1810.44 0.895182 0.000866583
1515.19 0.897946 0.0010968
1410.69 0.901453 0.00114936
1502.15 0.899275 0.000957083
1537.54 0.897972 0.00136393
1516.62 0.899738 0.00111314
1705.86 0.89563 0.000919793
1514.92 0.898885 0.00107684
1473.21 0.891628 0.00142549
1623.77 0.895546 0.00133297
1682.83 0.893222 0.000948884
1531.18 0.898899 0.00108936
1570.37 0.895077 0.000871382
1493.17 0.898241 0.00104845
1476.91 0.896246 0.00121025
1507 0.89623 0.00120559
1662.71 0.896185 0.0010191
1564.8 0.89236 0.00088645
1581.12 0.90136 0.00111868
1567.62 0.895364 0.000955428
1465.76 0.898355 0.00104838
1717.45 0.894554 0.00101615
1772.81 0.898558 0.00104887
1616.82 0.89856 0.00106529
1501.7 0.899793 0.00102374
1683.01 0.894707 0.000985233
1554 0.893212 0.000896726
1468.83 0.897988 0.00114285
1575.07 0.897864 0.00103876
1494.24 0.905163 0.000988238
1728.87 0.894208 0.000854616
1537.87 0.893989 0.00141539
1477.71 0.896362 0.00114853
1517.76 0.896438 0.00113424
1530.83 0.898032 0.000919717
1543.34 0.897168 0.00105593
1648.23 0.899052 0.0011838
1554.92 0.898186 0.000982947
1535.6 0.900459 0.00100464
1632.97 0.893081 0.00169119
1606.6 0.893766 0.000895294
1471.92 0.896441 0.000914676
1726 0.895019 0.00149011
1764.69 0.89413 0.000874719
1645.74 0.89786 0.000979929
1519.72 0.897826 0.000813412
1473.68 0.897723 0.0011569
1603.19 0.893215 0.000945758
1509.01 0.894566 0.000898987
1576.6 0.895466 0.00129799
1716.95 0.89447 0.000892242
1657.94 0.898076 0.00102355
1504.62 0.899111 0.00106766
1720.62 0.900591 0.00107865
1610.73 0.897531 0.00111053
2661.54 0.885328 0.00129794
1729.52 0.903294 0.000513927
1450.12 0.899417 0.00104241
1495.58 0.897391 0.000997603
1523.29 0.898393 0.00114961
1556.17 0.89524 0.00140192
1434.44 0.888272 0.00133052
1454 0.897969 0.00115798
1630.12 0.896621 0.00103001
2136.55 0.894569 0.00138439
1724.1 0.896539 0.000889533
1653.86 0.898441 0.00114408
1587.87 0.902519 0.000934518
1589.45 0.900025 0.0011916
1791.55 0.893133 0.00086447
1730.14 0.89608 0.000888494
1440.75 0.898211 0.000939116
1610.52 0.896834 0.00119479
1491.27 0.898394 0.00123767
1782.17 0.903282 0.00107546
1571.05 0.893624 0.000898425
1639.76 0.895927 0.000858371
1712.62 0.894746 0.00144789
1504.53 0.895936 0.000906547
1594.45 0.899276 0.00114759
1722.8 0.895968 0.000899082
1592.25 0.892564 0.00150663
1573.32 0.891579 0.000859154
1792.2 0.901795 0.00123894
1484.96 0.898464 0.00114556
1915.68 0.893749 0.00148247
2000.31 0.896374 0.000903827
1472.8 0.898082 0.00120638
1511.06 0.899115 0.00105701
1722.11 0.893401 0.00107509
1848.24 0.893541 0.000903481
1588.16 0.896007 0.000991687
1954.31 0.896599 0.000971628
1515.33 0.89795 0.00156314
1706.58 0.894386 0.000905183
1880.5 0.892271 0.00121027
1728.41 0.893105 0.000954397
1566.47 0.893832 0.00134662
1490.18 0.897606 0.0006428
1384.51 0.898558 0.000998078
1593.43 0.896212 0.00111402
1729.61 0.893486 0.00139435
1779.18 0.894595 0.00111493
1530.39 0.893031 0.000893211
1625.32 0.895372 0.00133529
1749.79 0.89009 0.00126259
1566.41 0.902309 0.00112242
1919.57 0.898001 0.00126365
1658.15 0.892213 0.00145854
1695.01 0.89823 0.00111353
2314.1 0.890021 0.000879724
1499.39 0.894374 0.000879947
1695.28 0.880445 0.00115642
1628.19 0.897021 0.000898778
1635.16 0.899791 0.0011225
1727.35 0.894943 0.00140742
1544.87 0.896921 0.00120408
1450.26 0.898554 0.00128099
1670.32 0.902838 0.000981563
1516.31 0.900163 0.000974801
1686.18 0.896425 0.00116326
1514.44 0.896581 0.000952033
1585.95 0.893547 0.000894401
1578.79 0.89463 0.00107966
1548.23 0.896976 0.0012081
1678.77 0.90026 0.00111424
1604.6 0.891929 0.00141047
1668.58 0.889481 0.00139141
1611.89 0.900233 0.00115141
1554.65 0.891723 0.0012061
1458.97 0.896454 0.00082198
1430.02 0.896884 0.00114848
1557.12 0.893506 0.00116987
1723.28 0.897995 0.00107314
1521.14 0.895937 0.00111034
1433.72 0.901222 0.00116301
1542.87 0.895601 0.00106444
1633.06 0.903638 0.00118986
1539.09 0.897507 0.000974984
1496.85 0.901361 0.00125914
1477.68 0.89609 0.000875626
1607.31 0.894807 0.000994906
2023.26 0.894287 0.000962799
1608.6 0.896081 0.000964351
1703.23 0.89347 0.000817259
1579.84 0.895579 0.000972366
1592.6 0.897117 0.000948269
1328.18 0.899011 0.00121066
1388.04 0.898898 0.00122715
1435.92 0.897873 0.00093973
2111.7 0.877452 0.00154791
1605.5 0.892761 0.000851984
1452.77 0.895088 0.000882719
1415.72 0.900684 0.000916664
1594.61 0.896041 0.00121872
1517.48 0.893302 0.000853503
1594.71 0.899433 0.0010239
1646.08 0.894581 0.00110715
1594.96 0.896072 0.0010741
2036.5 0.892551 0.00133877
1694.94 0.89241 0.000849943
1626.08 0.89283 0.000857663
1452.69 0.897847 0.00110918
1549.19 0.900274 0.00106534
1604.6 0.897071 0.00102691
1475.76 0.898949 0.00105385
1717.08 0.90145 0.00108027
1486.1 0.895557 0.00114803
1711.94 0.895434 0.000940675
1645.3 0.896284 0.00105013
1615.46 0.894532 0.000911174
1600.22 0.897108 0.00110826
1589.31 0.89874 0.00100407
1955.14 0.893915 0.000903558
1816.26 0.891383 0.000887547
1562.34 0.894737 0.00135704
1740.81 0.895385 0.000995467
1866.89 0.892784 0.000869064
1946.63 0.888648 0.00141638
1808.56 0.891664 0.000663102
1573.67 0.892839 0.00152815
1503.86 0.899394 0.00115246
1616.09 0.898928 0.00118579
1598.27 0.898471 0.00105619
1619.72 0.897636 0.00084651
1763.3 0.8956 0.00141127
1491.39 0.897319 0.00146098
1707.47 0.89448 0.00141363
1601.06 0.897241 0.000976417
1481.01 0.898388 0.00111079
1683.45 0.894393 0.000861919
1997.57 0.891016 0.000908228
1580.98 0.898582 0.00104409
1635.58 0.898711 0.000869852
1887.89 0.896434 0.00094268
1679.25 0.897642 0.00110452
1481.95 0.898991 0.0011018
1560.16 0.89355 0.00143645
1559.61 0.900003 0.00128759
1631.55 0.897923 0.00102104
1523.53 0.89876 0.00124029
1580.25 0.897739 0.00122078
1694.28 0.893652 0.00135936
1477.24 0.898107 0.00088887
1717.04 0.89789 0.00093597
1628.94 0.892934 0.000873033
1569.95 0.902323 0.00105035
1623.77 0.899 0.00126436
1471.77 0.899919 0.00118349
1659.06 0.893314 0.000880068
1695.35 0.900376 0.00118831
1854.59 0.896229 0.00139012
1654.31 0.8967 0.00090444
1669.34 0.893069 0.00139737
1530.35 0.893097 0.000869584
1612.53 0.898449 0.00107158
1462.64 0.898014 0.000932852
1773.68 0.896803 0.00105291
1449.05 0.896304 0.00088987
1532.62 0.897397 0.00109979
1536.52 0.901823 0.00109499
1387.37 0.895122 0.000722137
1707.03 0.894777 0.00109214
1795.83 0.894949 0.000968684
1792.92 0.893962 0.000829533
1584.59 0.901203 0.00100406
1703.79 0.894367 0.000582838
1478.39 0.897259 0.00101365
1613.43 0.892183 0.000858565
1588.49 0.893569 0.000931317
1551.69 0.899714 0.000980169
1601.51 0.89754 0.00107415
1487.9 0.897645 0.0010069
1564.49 0.891697 0.00150681
1470.41 0.896474 0.0013424
1445.26 0.899011 0.000914909
1564.68 0.901578 0.00107857
1446.39 0.896343 0.000882191
1888.6 0.891519 0.000925488
1520.79 0.896747 0.00119079
1562.22 0.892668 0.000896334
1647.16 0.902817 0.000857966
1503.41 0.893062 0.000830603
1568.55 0.894718 0.0011812
1460.91 0.897166 0.000950636
1540.09 0.887815 0.0016616
1647.67 0.901757 0.00129336
1647.3 0.891593 0.00138866
1863.54 0.896481 0.000887476
1588.23 0.891011 0.00144488
1734.51 0.89569 0.000902423
1722.05 0.9045 0.00113839
1650.42 0.895122 0.00142252
1477.68 0.893269 0.00135778
1696.51 0.900237 0.000992435
1702.21 0.897961 0.000943046
1672.4 0.900973 0.00121282
1654.98 0.900124 0.00107921
1527.17 0.896233 0.000977616
1453.4 0.898321 0.0011733
1646.11 0.903367 0.00118456
1514.42 0.897398 0.000838578
1560.98 0.899077 0.0010004
1597.56 0.893961 0.00142127
1553.28 0.899327 0.000943678
1531.05 0.898817 0.00108167
1435.96 0.898779 0.00107011
1795.56 0.892401 0.000880665
1554.68 0.898021 0.00125352
1652.99 0.891878 0.000824162
1599.26 0.894262 0.000942888
1846.2 0.892881 0.000888928
1743.53 0.882111 0.0016091
1714.49 0.900056 0.0029908
1563.83 0.896541 0.00112411
1545.2 0.895219 0.00088072
1713.85 0.892618 0.000903386
1554.98 0.896274 0.00163204
1515.55 0.898212 0.001113
1611.14 0.896631 0.00116431
1890.3 0.889299 0.536278
1631.15 0.89353 0.000947083
1554.59 0.902616 0.00105102
1660.17 0.894065 0.000889194
1746.99 0.896797 0.00103401
1551.39 0.896209 0.0010873
1520.71 0.897721 0.00154615
1610.06 0.893971 0.000792673
1568.23 0.891346 0.000889597
1492.3 0.899022 0.000859325
1546.36 0.898427 0.00117154
1542.87 0.900351 0.00113252
1667.98 0.901916 0.00117087
2099.98 0.891041 0.000885278
1629.04 0.894699 0.00089012
1679.24 0.899464 0.0011083
1478.38 0.902137 0.00114041
1661.09 0.892417 0.000918456
1597.2 0.899927 0.00103773
1771.38 0.894926 0.000951753
1528.91 0.902583 0.00124066
1884.39 0.889381 0.00138359
1581.19 0.895449 0.00089938
1729.98 0.894618 0.00102398
1784.49 0.892188 0.000855811
1572 0.900206 0.00112775
1545.86 0.895564 0.000929196
1560.93 0.895273 0.00139118
1599.81 0.896329 0.000915916
1542.78 0.899019 0.00090421
1641.23 0.897224 0.00106403
1670.27 0.8992 0.0013513
1553.17 0.896972 0.00108767
1599.44 0.896534 0.00101085
1527.22 0.894155 0.00115094
1565.58 0.894556 0.0008785
1679.33 0.898457 0.00103629
1553.37 0.893505 0.000901317
1467.91 0.897373 0.00113071
1343.12 0.896291 0.000881181
1530.51 0.898456 0.000947919
1498.76 0.901534 0.00104276
1487.45 0.897393 0.00108722
1384.93 0.89946 0.00105342
1484.81 0.896474 0.000932618
1529.15 0.901671 0.0010341
1491.25 0.897097 0.00120669
1466.18 0.897192 0.00120578
1444.45 0.899208 0.000991272
1806 0.893515 0.000893057
1694.91 0.892486 0.00145964
1565.81 0.900069 0.00114863
1493.01 0.894898 0.000887189
1554.74 0.897823 0.00119942
1506.62 0.894927 0.000971094
1554.22 0.902066 0.00110973
1604.41 0.900229 0.00113403
1770.97 0.896293 0.00127558
1511.86 0.895408 0.00114581
1600.11 0.895861 0.000879829
1768.33 0.898614 0.00111229
1607.16 0.892918 0.000922372
1543.32 0.898861 0.0011848
1564.06 0.894957 0.000998437
1619.92 0.89763 0.000949383
1535.6 0.892645 0.000884063
1730.86 0.896196 0.000917094
1712.33 0.896828 0.00100099
1766.18 0.89506 0.000854407
1569.57 0.900791 0.00113612
1662.92 0.894615 0.000892063
1648.27 0.900457 0.00119356
1725.76 0.894281 0.00115241
1635.25 0.899176 0.00119544
2096.37 0.895161 0.000911295
1549.08 0.900937 0.00110124
1427.92 0.89871 0.000927809
1657.76 0.896209 0.00100211
1780.23 0.893263 0.000994129
1691.64 0.901614 0.00115217
1990.94 0.875321 0.00122886
1782.96 0.893421 0.000893273
1491.97 0.899718 0.00124525
1606.03 0.900955 0.00113993
1912.39 0.895782 0.000952153
1527.81 0.899638 0.00104467
1514.25 0.88821 0.00144626
1517.36 0.897665 0.0011065
1661.01 0.893054 0.00087051
1574.4 0.897179 0.00135188
1464.79 0.901317 0.00116292
1722.23 0.904197 0.00108033
1607.07 0.896167 0.000955863
1760.99 0.887307 0.00126473
1669.9 0.897338 0.00108779
1473.11 0.899248 0.00109092
1580.89 0.898344 0.000716081
1798.54 0.897875 0.000965706
1614.75 0.892429 0.00135178
1860.73 0.892265 0.000882311
1525.19 0.895144 0.00076061
1788.21 0.895671 0.000971537
1723.2 0.894589 0.000956452
1570.38 0.895498 0.00110826
1652.59 0.902558 0.000873955
1637.51 0.901261 0.00112165
1703.17 0.892144 0.53727
1918.1 0.89317 0.000882448
1406.21 0.898151 0.000979315
1616.15 0.899862 0.00109789
1615.6 0.896901 0.0011776
1567.53 0.899484 0.00101364
1663.31 0.897405 0.000901504
1543.83 0.898667 0.000912251
1537.11 0.895516 0.000894138
1515.37 0.895197 0.00132775
1751.51 0.900934 0.00116886
1801.99 0.896203 0.000883509
1448.39 0.89918 0.00119488
1972.36 0.887785 0.00128278
1622.1 0.898709 0.00130829
1529.57 0.900831 0.0012424
1953.36 0.888545 0.00140624
1641.04 0.896307 0.00137755
1569.67 0.897074 0.00102926
1579.37 0.900401 0.000982691
1759.85 0.892333 0.0008586
1777.24 0.899342 0.000998892
1631.17 0.895771 0.00117955
1418.21 0.90037 0.00120471
1595.01 0.896999 0.000993728
1543.64 0.899079 0.000831166
1508.87 0.900331 0.000731782
1497.66 0.898143 0.00122952
1953.32 0.89015 0.0013442
1703.49 0.901607 0.00114202
1587.5 0.901532 0.00102263
1545.47 0.900187 0.000931323
1440.57 0.899424 0.00111775
1603.98 0.895322 0.000898799
1364.68 0.898518 0.00104639
1435.77 0.899271 0.00111785
1496.42 0.893554 0.000902206
1757.17 0.901689 0.00113552
1702.43 0.898356 0.000919304
1589.49 0.895283 0.000857227
1830.99 0.893738 0.0013582
1526.7 0.894778 0.000985154
1814.94 0.892542 0.00091492
1852.17 0.886513 0.00133249
1897.43 0.891789 0.000875576
1622.73 0.895754 0.00107598
1508.21 0.902767 0.000978838
1493 0.896564 0.00103196
2534.15 0.890121 0.000896977
