1395.71 0.846215 0.00337095
1287 0.844465 0.00330644
1403.38 0.853234 0.00333225
1275.5 0.848427 0.00303328
1304.81 0.848399 0.00332017
1289.65 0.856919 0.00308492
1289.12 0.842096 0.00314182
1222.94 0.840485 0.00337944
1347.52 0.84729 0.00321497
1388.5 0.837935 0.00324016
1602.6 0.851258 0.00345139
1402.41 0.841133 0.00319284
1512.09 0.834524 0.00319983
1339.92 0.847155 0.00330572
1258.14 0.838588 0.00310307
1374.27 0.845649 0.00291479
1375.84 0.846267 0.00320174
1210.1 0.852294 0.00315282
1227.86 0.845985 0.00313909
1325.5 0.847901 0.00322445
1218.68 0.847939 0.0031871
1129.13 0.855536 0.00290658
1194.66 0.850045 0.00305861
1176.79 0.844649 0.00026338
1256.54 0.854168 0.00320028
1214.06 0.844476 0.00303905
1358.92 0.842064 0.00320339
1524.01 0.854136 0.00358104
1296.99 0.852252 0.00310158
1345.43 0.842063 0.00323038
1203.15 0.844473 0.000263559
1222.77 0.848102 0.0028795
1366.39 0.849601 0.00294704
1289.38 0.851292 0.0029442
1430.9 0.849159 0.00342272
1154.19 0.855189 0.00296959
1355.77 0.856395 0.00299671
1263.63 0.849721 0.00307346
1225.86 0.848131 0.00314604
1324.17 0.840499 0.0034493
1193.83 0.850551 0.00313733
1329.03 0.837399 0.003116
1464.03 0.838678 0.00309591
1216.08 0.853398 0.00312528
1282.83 0.844035 0.00320258
1241.45 0.851868 0.00334633
1281.99 0.852585 0.00297073
1389.41 0.848548 0.00323411
1319.28 0.856354 0.00329697
1251.79 0.844904 0.00333347
1439.74 0.846495 0.00281317
1308.76 0.850935 0.00299031
1479.93 0.850695 0.00332374
1252.28 0.847067 0.00322207
1307.36 0.852338 0.00318443
1214.22 0.848204 0.00332063
1251.1 0.854125 0.00298267
1359.39 0.850347 0.00357923
1257.57 0.844315 0.0032642
1212.8 0.831032 0.000267923
1205.92 0.847738 0.0032037
1480.01 0.837773 0.00332975
1279.94 0.84838 0.00305101
1206.32 0.85055 0.00323846
1211.18 0.853079 0.00297972
1215.18 0.844577 0.00313742
1369.83 0.847807 0.00305823
1182.45 0.844013 0.00333343
1351.28 0.853216 0.00300224
1364.4 0.835854 0.0032757
1431.82 0.845983 0.00327572
1397.78 0.84565 0.0032256
1408.7 0.852144 0.00315697
1293.8 0.846504 0.00305445
1342.58 0.80667 0.000277905
1282.78 0.846163 0.00327005
1405.13 0.85293 0.0029526
1202.03 0.853439 0.00302067
1410.26 0.851116 0.00328073
1393.85 0.859336 0.00335755
1635.65 0.837567 0.000266541
1255.31 0.845747 0.00327824
1206.08 0.850213 0.00307713
1230.5 0.82048 0.000271665
1197.87 0.841773 0.00333353
1565.59 0.832006 0.000268368
1339.57 0.852617 0.00323034
1202.51 0.844489 0.00323388
1266.69 0.846898 0.00307694
1282.14 0.846715 0.00336269
1398.59 0.841796 0.00286814
1187.84 0.849505 0.00316764
1210.66 0.849835 0.00301032
1452.51 0.85931 0.00299924
1253.57 0.846404 0.00343731
1192.84 0.849574 0.00330323
1577.42 0.850919 0.00315813
1188.93 0.845945 0.00306028
1423.21 0.848352 0.00330388
1294.53 0.835857 0.00338407
1345.97 0.845853 0.00328208
1640.17 0.833511 0.00338024
1195.91 0.839883 0.00296965
1435.96 0.852457 0.00319873
1424.43 0.849438 0.00348158
1271.44 0.846695 0.00336461
1330.62 0.856947 0.00299222
1336.48 0.844176 0.00322439
1251.89 0.840032 0.00320138
1384.74 0.845202 0.00329146
1457.16 0.84342 0.00324034
1227.94 0.849038 0.00303845
1331.96 0.852669 0.0026482
1360.63 0.846173 0.00320012
1340.31 0.848492 0.00313041
1295.95 0.841064 0.00302382
1314.89 0.852338 0.00323762
1279.09 0.848964 0.00333193
1300.82 0.836949 0.00299957
1397.1 0.837619 0.0033083
1258.59 0.8515 0.00338502
1224.07 0.850843 0.00330589
1333.44 0.847366 0.00295363
1416.45 0.854533 0.00356158
1500.72 0.856664 0.00304789
1393.4 0.844647 0.00342341
1295.72 0.851229 0.00324574
1287.09 0.838868 0.00295073
1392.43 0.83868 0.00326989
1405.15 0.846814 0.00351091
1299.57 0.84031 0.002723
1215.29 0.846294 0.00305897
1165.29 0.847604 0.003332
1213.06 0.851142 0.00306572
1228.31 0.845582 0.00313544
1290.91 0.851566 0.00356891
1240.85 0.851146 0.00319609
1332.82 0.851442 0.00325718
1508.05 0.839238 0.00314282
1199.55 0.84571 0.00324072
1324.45 0.85645 0.00347202
1274.44 0.845191 0.00305394
1278.83 0.851887 0.00334352
1203.68 0.844927 0.00321077
1239.38 0.844164 0.00276139
1521.63 0.853549 0.00332447
1195.19 0.855593 0.00290056
1188.88 0.841576 0.00321964
1410.78 0.846278 0.00346136
1363.79 0.850862 0.00294793
1375 0.844117 0.00335558
1224.6 0.847918 0.0032947
1237.57 0.844658 0.0032214
1176.69 0.846714 0.00298366
1235.58 0.848901 0.00349509
1178.31 0.855094 0.00320041
1399.54 0.846509 0.00337277
1242.3 0.844574 0.000263845
1320.36 0.84973 0.00335443
1349.17 0.846373 0.0033006
1163.07 0.842026 0.00328337
1234.61 0.853319 0.00296625
1156.81 0.84866 0.00323693
1242.83 0.851545 0.00290029
1195.89 0.852208 0.00341909
1188.68 0.843669 0.00327385
1307.42 0.84762 0.0032499
1200.78 0.854912 0.00319432
1318.39 0.844871 0.00342729
1349.57 0.852186 0.00344135
1248.66 0.851717 0.00329537
1291.49 0.854234 0.00304413
1273.6 0.842809 0.0033589
1267.91 0.848931 0.00297751
1458.9 0.840487 0.00327104
1363.38 0.847937 0.00344331
1173.33 0.844625 0.00325247
1295.92 0.852786 0.00322089
1186.99 0.847257 0.00307706
1255.67 0.842322 0.00310448
1459.08 0.851876 0.00301577
1243.97 0.847017 0.00334446
1421.78 0.85153 0.00301132
1215.72 0.848742 0.00293164
1287.45 0.85217 0.00344411
1424.05 0.853852 0.00327953
1225.31 0.851437 0.00323459
1215.38 0.85023 0.00297217
1216.7 0.853382 0.00334066
1281.33 0.841462 0.00357368
1324.27 0.845379 0.00339526
1353.75 0.844353 0.00298383
1394.13 0.857036 0.00308154
1209.52 0.848781 0.00279396
1431.4 0.847114 0.00342931
1394.83 0.844481 0.00331189
1302.41 0.848331 0.0031709
1339.22 0.855652 0.00289871
1449.1 0.844811 0.00336798
1195.22 0.846574 0.00309982
1368.33 0.851492 0.00319144
1233.96 0.846967 0.00330131
1324.57 0.847818 0.00304637
1315.9 0.838587 0.00318737
1284.95 0.853008 0.00320598
1357.09 0.841772 0.00339935
1255.65 0.845753 0.00291599
1294.79 0.844929 0.00312798
1447.59 0.848043 0.00323006
1351.21 0.844693 0.00308462
1263.91 0.855163 0.00319993
1292.07 0.852978 0.00319012
1173.62 0.847179 0.00326215
1449.2 0.848947 0.00305161
1324.32 0.842368 0.0033813
1230.84 0.846831 0.00330469
1496.53 0.843521 0.00344808
1232.56 0.839891 0.00306874
1336 0.850485 0.00344996
1274.58 0.850737 0.00331002
1305.6 0.853204 0.00350924
1278.3 0.853812 0.0033804
1232.66 0.847145 0.00312893
1376.39 0.845604 0.00317875
1261.36 0.849867 0.00307534
1326.88 0.849057 0.00299867
1333.33 0.856318 0.00315894
1393.62 0.853102 0.00305818
1371.32 0.844839 0.00289439
1205.04 0.842626 0.00317329
1268.76 0.849695 0.00313622
1660.26 0.85138 0.00340432
1382.68 0.84815 0.00311199
1269.66 0.845168 0.0032547
1250.7 0.851857 0.0031855
1326.13 0.853313 0.00271533
1365.28 0.850327 0.00338319
1289.14 0.840416 0.00337488
1517.24 0.863565 0.002401
1352.02 0.854244 0.00301554
1368.73 0.842758 0.00330885
1243.36 0.849007 0.00328372
1307.01 0.840887 0.00276493
1431.11 0.861636 0.00238976
1485.44 0.840083 0.0031755
1212.66 0.853846 0.00267824
1313.25 0.849426 0.00312327
1308.71 0.848084 0.00311326
1271.98 0.854872 0.00303101
1268.08 0.842596 0.00308942
1314.38 0.853695 0.00309442
1372.61 0.849843 0.00278396
1236.88 0.848038 0.003235
1358.74 0.851816 0.00287142
1218.76 0.841855 0.00309338
1234.69 0.846855 0.00329147
1338.16 0.842905 0.00322573
1427.59 0.849901 0.00311845
1223.1 0.847431 0.00344759
1340.24 0.85194 0.00279277
1325.32 0.843304 0.0032928
1200.17 0.848392 0.00305784
1171.68 0.848938 0.00312515
1368.14 0.859482 0.00301121
1321.09 0.857754 0.00306163
1289.33 0.851602 0.00334147
1258.11 0.843209 0.00332614
1214.18 0.843948 0.00322483
1212.66 0.845129 0.00296376
1295.48 0.851291 0.00323795
1228.66 0.850177 0.00309147
1241.77 0.845088 0.00332988
1463.52 0.859781 0.00351477
1212.73 0.849939 0.00299277
1345.1 0.845886 0.00322647
1258.84 0.857648 0.00310472
1400.12 0.8415 0.00286455
1312.87 0.846427 0.00320518
1325.89 0.848559 0.00281883
1165.28 0.849348 0.00302198
1349.67 0.842558 0.00325928
1295.63 0.847582 0.00313124
1276.89 0.854979 0.00299713
1284.39 0.853072 0.00305747
1256.13 0.843976 0.00308798
1301.18 0.84975 0.00300677
1272.68 0.844712 0.00318437
1445.91 0.851147 0.0030368
1207.81 0.847096 0.00332137
1295.43 0.850731 0.00345645
1266.5 0.84585 0.00328195
1334.05 0.851153 0.00338848
1408.64 0.843378 0.00291043
1271.35 0.849152 0.00267151
1215 0.839917 0.00326175
1226.77 0.845518 0.00331348
1320.73 0.838201 0.0033458
1295.07 0.849261 0.00275917
1299.31 0.840708 0.00302567
1485.06 0.85716 0.00302031
1312.95 0.856104 0.00314736
1201.7 0.848564 0.00314113
1302.41 0.844071 0.00321585
1328.58 0.845455 0.00342817
1238.47 0.850677 0.0028619
1409.69 0.83812 0.00322897
1231.08 0.849517 0.00332308
1557.12 0.837322 0.00278595
1207.63 0.844962 0.00332677
1309.69 0.837334 0.00312463
1270.2 0.852624 0.00308209
1438.33 0.847728 0.00331945
1363.99 0.853704 0.00321699
1306.42 0.845619 0.00324753
1251.13 0.842672 0.00315477
1360.89 0.843667 0.00311278
1166.35 0.847962 0.00332876
1233.54 0.846509 0.002733
1214.56 0.848678 0.000263027
1338.65 0.837774 0.00316684
1299.72 0.840685 0.00329126
1239.7 0.846568 0.00306956
1476.91 0.854995 0.00341739
1194.83 0.847988 0.00314474
1228.71 0.843266 0.00316104
1308.91 0.850855 0.00339082
1351.36 0.845421 0.00310338
1288.52 0.852739 0.00318893
1221.02 0.846785 0.00311489
1440.27 0.84078 0.00327735
1281.41 0.845882 0.00325915
1297.19 0.842118 0.00322268
1291.94 0.853692 0.00316311
1326.49 0.853674 0.00316443
1253.11 0.85058 0.00304979
1277.67 0.852094 0.00320955
1311.21 0.852894 0.00331795
1286.04 0.853017 0.00334852
1251.08 0.848285 0.00323889
1380.77 0.841406 0.00326378
1233.92 0.85041 0.0030117
1290.48 0.853537 0.00304554
1266.57 0.856083 0.00269367
1275.54 0.851202 0.00327913
1432.32 0.844069 0.00335454
1262.74 0.83819 0.00324588
1249.98 0.846007 0.0033494
1200.92 0.850022 0.00322016
1206.5 0.847198 0.00313261
1205.72 0.848853 0.00282381
1216.1 0.844532 0.00334418
1231.1 0.849279 0.00335359
1230.96 0.851679 0.00303167
1269.98 0.839536 0.00330292
1275.65 0.844724 0.00339603
1255.69 0.847637 0.00321843
1270.18 0.843639 0.00341363
1355.17 0.845736 0.00332225
1213.84 0.854298 0.00290313
1283.39 0.843991 0.0031267
1317.3 0.848406 0.00316362
1402.47 0.842911 0.00293805
1278.92 0.855127 0.00303103
1556.48 0.839413 0.00313704
1253.28 0.846435 0.00320754
1231.23 0.848681 0.00317825
1299.43 0.850605 0.00311246
1290.37 0.845614 0.00314652
1241.15 0.846598 0.00304312
1215.43 0.844288 0.0029483
1361.09 0.844868 0.003189
1222.64 0.846942 0.00328888
1289.14 0.852535 0.00313426
1213.87 0.84322 0.00308933
1276.51 0.856089 0.00321517
1348.82 0.842885 0.00316334
1189.71 0.845276 0.00296792
1376.59 0.852334 0.0029978
1385.73 0.844822 0.00338757
1276.27 0.846921 0.00319559
1271.66 0.849416 0.00276833
1222.06 0.845491 0.00326585
1231.64 0.848268 0.00305486
1249.7 0.842306 0.0031478
1377.96 0.846195 0.00315411
1463.54 0.848576 0.0033586
1424.96 0.849169 0.00282027
1361.68 0.849005 0.00301692
1409.49 0.847793 0.00331375
1286.55 0.851681 0.00323424
1389.78 0.852656 0.00293948
1160.3 0.847991 0.00335515
1220.74 0.846845 0.00295838
1319.88 0.847532 0.00302393
1311.87 0.840389 0.00294149
1334.62 0.85538 0.00318576
1232.51 0.849057 0.0029115
1222.96 0.84536 0.0032815
1393.06 0.835101 0.00326298
1181.97 0.845414 0.00322589
1211.37 0.845146 0.00323876
1303.01 0.833371 0.00325355
1125.73 0.84702 0.00308865
1337.03 0.848764 0.00341615
1325.89 0.851191 0.00334037
1289.49 0.850996 0.00331833
1217.41 0.850836 0.00324208
1282.83 0.849992 0.00292228
1277.67 0.855668 0.0029917
1218.54 0.844054 0.00350772
1299.86 0.846422 0.00311057
1256.06 0.847881 0.00322884
1256.63 0.841031 0.00332371
1231.73 0.854174 0.00318338
1376.97 0.838652 0.00315826
1223.14 0.854243 0.00309096
1483.13 0.842201 0.00323606
1194.07 0.843073 0.00298639
1316.36 0.847741 0.0031343
1372.56 0.849532 0.00316642
1188.04 0.84923 0.00322762
1200.97 0.846805 0.00303231
1332.2 0.852751 0.00269986
1240.06 0.84491 0.00310699
1303.64 0.856339 0.00325789
1228.18 0.838513 0.00317402
1151.11 0.852685 0.0029439
1227.4 0.852198 0.00280106
1322.15 0.842208 0.00285648
1274.23 0.851065 0.00301083
1460.09 0.854769 0.00294629
1402.92 0.856823 0.00315263
1447 0.838497 0.00288768
1259.18 0.8548 0.00331485
1290.04 0.843172 0.00295764
1358.88 0.855002 0.00295732
1347.75 0.852372 0.00290826
1335.17 0.844835 0.00323136
1253.83 0.846833 0.00353656
1192.41 0.845182 0.00332268
1434.89 0.846236 0.00318761
1167.58 0.853547 0.00269861
1444.43 0.837044 0.00326239
1393.02 0.855204 0.00332938
1367.44 0.842003 0.00324217
1187.45 0.846713 0.00279891
1164.06 0.849243 0.00323682
1246.88 0.8496 0.0032121
1171.16 0.846559 0.00309841
1239.18 0.848688 0.00316114
1428.08 0.844554 0.00329872
1557.21 0.812721 0.000274306
1228.01 0.84888 0.00337136
1256.48 0.84872 0.000262533
1414.07 0.842415 0.00344639
1193.32 0.848531 0.00307919
1291.86 0.841951 0.00334162
1265.24 0.849114 0.00292142
1265.37 0.850538 0.00318687
1449.87 0.84171 0.00305793
1320.22 0.850198 0.00310818
1312.91 0.853668 0.00309112
1195.43 0.848028 0.00323542
1307.19 0.844977 0.00309329
1261.82 0.847879 0.00326316
1253.21 0.834362 0.000267558
1185.64 0.847716 0.00327171
1303.41 0.84396 0.0031113
1539.49 0.848488 0.00300577
1572.71 0.835814 0.00330803
1492.17 0.84164 0.0030592
1459.11 0.838629 0.0029714
1349.3 0.846954 0.00334065
1205.41 0.85121 0.00321063
1246.66 0.850541 0.00322982
1435.13 0.824194 0.000270489
1509.05 0.849552 0.003178
1309.02 0.848077 0.00312744
1162.01 0.84253 0.00305928
1320.06 0.846854 0.0030852
1299.51 0.839985 0.00298771
1330.96 0.85213 0.00318452
1168.84 0.846956 0.00281497
1211.52 0.847278 0.00307427
1379.79 0.840862 0.00323038
1208.83 0.849166 0.00324627
1295.19 0.845848 0.00304377
1215.6 0.843144 0.00302053
1165.71 0.844195 0.0032445
1237.93 0.843075 0.00330589
1386.27 0.856523 0.00304036
1381.87 0.850214 0.00342079
1190.26 0.846301 0.00329975
1405.23 0.855087 0.00317885
1282.56 0.851536 0.00367741
1133.05 0.845611 0.00325198
1257.07 0.846174 0.00306183
1245.06 0.848047 0.00273079
1369.83 0.848792 0.00320667
1316.49 0.848738 0.00319498
1305.42 0.8425 0.000263526
1354.17 0.843964 0.0028323
1613.32 0.862381 0.00293554
1332.19 0.842398 0.00317742
1358.81 0.850494 0.0032106
1219.02 0.842595 0.00319354
1266.47 0.852427 0.00284748
1305.8 0.846222 0.00335856
1312.25 0.849733 0.00330489
1263.65 0.842122 0.003082
1293.48 0.849789 0.00304916
1259.11 0.849435 0.00306626
1432.02 0.843372 0.00304054
1284.44 0.849895 0.00324191
1407.96 0.840887 0.00316292
1319.77 0.852158 0.00315388
1201.97 0.842106 0.0032632
1217.27 0.84384 0.00337653
1280.91 0.847373 0.00285289
1340.83 0.850865 0.00313762
1248.87 0.852629 0.00299023
1400.92 0.834054 0.00328981
1643.63 0.843946 0.00328109
1149 0.849149 0.00317102
1243.04 0.854144 0.00340465
1364 0.841245 0.00333118
1527.62 0.849224 0.00338774
1237.74 0.854305 0.00308717
1230.81 0.846447 0.00288202
1202.62 0.846068 0.00329094
1231.73 0.84475 0.0033836
1194.75 0.846304 0.00319137
1375.06 0.857745 0.00331494
1241.61 0.85336 0.00283781
1278.46 0.843151 0.00324528
1176.06 0.843821 0.00311924
1279.11 0.847461 0.00303741
1284.31 0.851895 0.00329754
1176.99 0.845599 0.00318999
1349.97 0.850634 0.00338134
1277.54 0.842063 0.00302836
1338.61 0.853622 0.00289843
1252.29 0.848707 0.00295263
1274.76 0.846765 0.00308118
1354.71 0.845389 0.00266389
1440.37 0.845659 0.00303563
1368.08 0.847786 0.0031452
1374.62 0.846319 0.00343698
1247.56 0.843562 0.00337616
1445.45 0.838437 0.00325512
1452.82 0.850146 0.00335419
1280.7 0.849702 0.00346293
1195.63 0.845107 0.00279309
1199.04 0.840174 0.00300292
1296.22 0.849442 0.00274882
1268.64 0.850401 0.00294886
1342.58 0.842132 0.00319882
1204.47 0.846145 0.00313491
1488.23 0.849105 0.00294007
1306.44 0.837066 0.00342594
1327.2 0.854721 0.00314242
1288.87 0.84587 0.00292269
1416.59 0.850479 0.00334732
1361.41 0.852452 0.00313328
1304.34 0.844137 0.00261768
1161.4 0.841203 0.00303356
1488.97 0.843015 0.0033772
1221.05 0.84755 0.00321232
1269.61 0.853872 0.00301606
1352.15 0.843027 0.00323823
1249.94 0.849015 0.00300521
1318.4 0.84559 0.00324037
1291.9 0.85014 0.00318386
1290.71 0.854698 0.00321157
1403.67 0.842908 0.00315679
1332.77 0.843363 0.0027323
1338.21 0.848715 0.00357194
1211 0.846747 0.00326487
1270.03 0.848641 0.00329204
1243.94 0.846236 0.00316391
1285.63 0.839925 0.00316758
1207.5 0.844983 0.00301238
1359.31 0.843691 0.00341716
1385.42 0.830309 0.00326778
1386.82 0.842738 0.00321558
1224.32 0.849578 0.0030984
1220.32 0.845643 0.00320256
1209.09 0.847352 0.00326765
1318.78 0.850696 0.003217
1342.89 0.841012 0.0032987
1288.72 0.849932 0.00308119
1414.99 0.847789 0.00324417
1183.32 0.850646 0.00321738
1175.9 0.848029 0.00314389
1522.05 0.844218 0.00342578
1359.7 0.842741 0.00321732
1369.68 0.842177 0.00324858
1475.91 0.851999 0.00345245
1431.52 0.859008 0.00311407
1424.13 0.846891 0.00325381
1323.89 0.849947 0.00315599
1331.24 0.850757 0.00315815
1226.04 0.851083 0.00326472
1223.66 0.850077 0.00324156
1269.04 0.843095 0.00308213
1299.42 0.851456 0.0029652
1248.37 0.840648 0.00301901
1352.42 0.851833 0.00314464
1327.74 0.85286 0.0032983
1260.94 0.850856 0.00300049
1441.87 0.841155 0.00301224
1230.64 0.842317 0.00325174
1221.74 0.844309 0.00270356
1236.62 0.848617 0.00333985
1279.94 0.845399 0.00328355
1283.61 0.849158 0.00343332
1291.95 0.843341 0.00321591
1147.76 0.849684 0.00309133
1326.14 0.846184 0.00341345
1281.17 0.842385 0.00314535
1219.3 0.847893 0.00330176
1302.58 0.841698 0.00309934
1352.21 0.8464 0.00317319
1155.2 0.845374 0.00326893
1410.66 0.852595 0.00336409
1295.88 0.84066 0.00302293
1247.22 0.853669 0.00306956
1288.12 0.845138 0.0031335
1191.57 0.857357 0.00323748
1235.4 0.853896 0.00291278
1320.46 0.845778 0.0031798
1287.57 0.845127 0.00314347
1356.99 0.840644 0.00318574
1405.59 0.853475 0.00295513
1217.21 0.846816 0.00326726
1266 0.845681 0.00314624
1288.98 0.842902 0.00285574
1299.74 0.84808 0.00329026
1253.23 0.847868 0.00337511
1180.25 0.842405 0.00268452
1274.98 0.849886 0.00323389
1274.12 0.845174 0.00298859
1402.45 0.84544 0.00297284
1247.53 0.842739 0.00332326
1352.88 0.847575 0.00326297
1340.33 0.851369 0.00297645
1438.81 0.85501 0.00308094
1279.12 0.848857 0.00276052
1290 0.849077 0.00342317
1352.6 0.852094 0.00322002
1158.14 0.846637 0.00326705
1328.15 0.848421 0.00319739
1354.24 0.846922 0.00333472
1191.6 0.843547 0.00279398
1258.96 0.845159 0.00318676
1556.71 0.855665 0.00323109
1255.21 0.858223 0.00286574
1214.34 0.840169 0.00311148
1275.44 0.854537 0.00333486
1209.15 0.850288 0.00317543
1568.12 0.842009 0.00316643
1460.92 0.851253 0.00244929
1363.03 0.838132 0.00328806
1370.21 0.848606 0.00342126
1364.99 0.840065 0.00305118
1286.48 0.84023 0.0031929
1436.04 0.847761 0.00342429
1243.21 0.852779 0.00299086
1160.89 0.847241 0.00311788
1429.71 0.856388 0.00312732
1213.88 0.847 0.00282938
1286.79 0.833933 0.00326943
1262.99 0.83713 0.00324698
1279.47 0.854245 0.00317962
1221.63 0.848983 0.00329645
1356.29 0.841087 0.00316508
1417.56 0.849043 0.00321572
1267.98 0.841426 0.00349356
1356.06 0.853613 0.00309941
1260.55 0.84358 0.00321384
1646.15 0.850957 0.00344717
1284.8 0.852374 0.00298781
1308.88 0.850101 0.00325885
1366.1 0.850451 0.00344996
1228.34 0.851763 0.00337238
1350.31 0.851885 0.00315693
1311.91 0.848922 0.00329322
1229.6 0.851284 0.00304319
1337.87 0.855618 0.00234727
1317.25 0.853303 0.00340236
1313.09 0.848547 0.00324096
1262.33 0.844779 0.00310605
1234.19 0.847096 0.0031721
1183.07 0.843503 0.00315435
1217.86 0.850951 0.00334543
1327.62 0.846392 0.00327409
1430.5 0.855182 0.00348368
1182.43 0.845272 0.00316113
1221.38 0.847382 0.00315426
1271.13 0.843461 0.00268579
1375.93 0.848717 0.00310192
1232.03 0.851663 0.00331241
1265.84 0.839316 0.00305342
1185.62 0.850051 0.00319579
1201.16 0.843516 0.00325361
1445.62 0.849695 0.00284012
1257.25 0.84543 0.00284864
1241.95 0.848737 0.00289373
1245.06 0.848674 0.00334242
1433.32 0.853624 0.003004
1300.99 0.854375 0.00288725
1282.04 0.851029 0.00286823
1205.72 0.839151 0.00315618
1745.38 0.858684 0.00321958
1260.08 0.847999 0.00324793
1291.23 0.855161 0.00288315
1282.9 0.847794 0.00288756
1256.22 0.844996 0.00326611
1370.85 0.858029 0.00313329
1283.66 0.841098 0.00297288
1324.28 0.855447 0.00308906
1339.09 0.841247 0.00321302
1260.88 0.84849 0.00313563
1297.65 0.843774 0.0028951
1271.84 0.841096 0.00316456
1229.8 0.846792 0.00315093
1279.83 0.850259 0.00322875
1369.96 0.854263 0.00331269
1272.46 0.845182 0.00325766
1304.84 0.848128 0.00329347
1240.46 0.848125 0.00330207
1238.54 0.848214 0.00311951
1245.3 0.85199 0.00302637
1280.66 0.852699 0.00297648
1649.08 0.836947 0.00315999
1274.14 0.851729 0.00301284
1417.92 0.860051 0.00304094
1376.41 0.83982 0.00323007
1269.47 0.851971 0.00279786
1297.09 0.849032 0.0030427
1200.59 0.846553 0.00314509
1179.29 0.859952 0.003182
1250.54 0.846317 0.00326972
1291.88 0.851009 0.0031659
1260.61 0.85303 0.00321155
1590.14 0.859623 0.00239989
1245.76 0.841527 0.00331786
1290.02 0.847285 0.00331334
1242.05 0.835549 0.00319633
1194.56 0.844113 0.00319816
1274.51 0.838616 0.00296542
1228.95 0.848094 0.00282229
1136.21 0.844708 0.00302389
1264.34 0.848087 0.00291036
1201.34 0.853501 0.00325959
1175.29 0.844943 0.00339715
1281.02 0.843199 0.00337016
1159.62 0.847958 0.00318994
1203.23 0.850881 0.00318058
1536.78 0.841908 0.00306774
1453.72 0.853884 0.00335007
1236.73 0.85607 0.00293189
1272.57 0.847587 0.0032161
1240.81 0.850524 0.00323661
1490.11 0.846552 0.00302885
1318.25 0.846302 0.00324894
1350.99 0.850681 0.00329318
1157.46 0.848424 0.0030225
1279.23 0.850074 0.00320997
1574.1 0.851857 0.0029375
1317.69 0.847558 0.00281002
1651.6 0.841728 0.00330958
1225.63 0.851377 0.00330203
1337.21 0.846897 0.00303497
1196.57 0.85269 0.00346886
1219.71 0.845807 0.00345455
1232.24 0.846109 0.00282476
1239.6 0.850275 0.00330937
1294.64 0.851393 0.00291913
1262.11 0.853207 0.00303366
1173.61 0.852953 0.00309531
1541.55 0.835869 0.00322898
1238.31 0.847432 0.00341813
1247.91 0.84746 0.00301948
1397.65 0.841221 0.0027878
1262.13 0.851858 0.0032253
1187.96 0.846401 0.00277983
1261.04 0.837658 0.00313491
1333.35 0.841174 0.00263873
1395.36 0.851663 0.0031065
1429.82 0.84843 0.00344031
1285.91 0.849061 0.00322186
1190.02 0.851643 0.00321867
1278.19 0.846505 0.00316173
1315.32 0.845196 0.00302582
1518.99 0.847211 0.00327954
1208.87 0.852148 0.00332007
1411.26 0.856117 0.00305559
1475.64 0.849562 0.003121
1281.46 0.843847 0.00286663
1333.11 0.848471 0.00318615
1386.34 0.852958 0.0028378
1274.82 0.852462 0.00285634
1317.9 0.841258 0.00320439
1302.17 0.855195 0.00322034
1418.82 0.846387 0.00330033
1263.67 0.846117 0.00326085
1516.25 0.843204 0.00339153
1122.64 0.842424 0.00310864
1238.61 0.846505 0.00322247
1350.27 0.839793 0.00329677
1293 0.849357 0.00317872
1120.37 0.845353 0.00316659
1232.33 0.846025 0.00302534
1293.87 0.844334 0.00328301
1389.53 0.847779 0.00314581
1302.97 0.841769 0.00319424
1177.83 0.841995 0.00326267
1234.95 0.853807 0.00284713
1346.59 0.850975 0.00308777
1331.28 0.844665 0.00316861
1300.47 0.846711 0.00276604
1206.6 0.845859 0.00325633
1336.86 0.852206 0.00320665
1224.48 0.84904 0.00329939
1489.15 0.856496 0.00307737
1325.42 0.850278 0.00303739
1248.98 0.852297 0.00312533
1244.04 0.845406 0.00319267
1258.61 0.846831 0.0032901
1389.11 0.851416 0.00292998
1363.78 0.843633 0.00318103
1254.41 0.845749 0.00333033
1259.82 0.848723 0.00324405
1358.87 0.853609 0.00327514
1304.29 0.848473 0.00304676
1546.78 0.852557 0.00321552
1210.76 0.849612 0.00323241
1286.33 0.840031 0.00301886
1251.69 0.849587 0.00320842
1484.62 0.849935 0.00279213
1234.4 0.853598 0.00323324
1218.8 0.852207 0.00310054
1229.98 0.850923 0.00309556
1337.56 0.849499 0.0032875
1297.52 0.85075 0.00317887
1243.89 0.853093 0.00296109
1345.51 0.846249 0.00310254
1290.6 0.844892 0.00308924
1347.06 0.850369 0.00315522
1187.13 0.843565 0.00326618
1166.02 0.853102 0.0031634
1248.78 0.844666 0.00326428
1437.89 0.839933 0.00297087
1250.12 0.845968 0.00308532
1329.53 0.850378 0.00294886
1229.82 0.845933 0.00317158
1235.89 0.851101 0.00306531
1490.97 0.840293 0.00328623
1545.53 0.847364 0.00235521
1464.22 0.812459 0.000275744
1346.68 0.852025 0.00273141
1369.18 0.859698 0.00246991
1401.44 0.849899 0.00345097
1344.01 0.8523 0.00295315
1524.19 0.838904 0.00317062
1278.78 0.844731 0.00276263
1389.15 0.843167 0.00324641
1172.98 0.851025 0.00322957
1277.71 0.851294 0.00313823
1283.59 0.853302 0.00301334
1411.12 0.862635 0.00242992
1131.43 0.844832 0.00340877
1238.82 0.84922 0.00322848
1319.5 0.841736 0.0029098
1307.82 0.845928 0.00304813
1162.08 0.849892 0.00291557
1168.88 0.848582 0.00294508
1256.3 0.838506 0.00319506
1288.41 0.845605 0.00327704
1397.37 0.854208 0.00309103
1172.27 0.840597 0.00340377
1204.72 0.852098 0.0030312
1176.77 0.842001 0.00326558
1396.57 0.842208 0.00320572
1252.29 0.84746 0.00342071
1315.25 0.846708 0.00341683
1402.15 0.853749 0.00315345
1258.21 0.847315 0.00310147
1189.29 0.850839 0.00325496
1347.67 0.848994 0.00324738
1236.45 0.848186 0.00302451
1275.67 0.850494 0.00269841
1275.28 0.854341 0.00320255
1316.73 0.837629 0.00276455
1309.2 0.851064 0.00321731
1282.75 0.842938 0.00340478
1373.04 0.849632 0.00305759
1206.6 0.847105 0.00290596
1229.27 0.841143 0.00305591
1422.25 0.84383 0.00323723
1327.95 0.852529 0.00299064
1349.33 0.849506 0.00315181
1235.42 0.849024 0.00334682
1317.74 0.844491 0.00318197
1346.98 0.851691 0.00306772
1294.9 0.846414 0.00317644
1191.05 0.849208 0.00334128
1315.58 0.84781 0.00296265
1381.17 0.854203 0.00278786
1204.07 0.850319 0.00322458
1154.56 0.847653 0.0033116
1230.57 0.839755 0.00314438
1153.7 0.841957 0.00330348
1411.76 0.84452 0.00322842
1254.37 0.842223 0.00330688
1261.05 0.84831 0.00330892
1251.38 0.851408 0.00314625
1383.06 0.84971 0.00308259
1346.15 0.843452 0.00337391
1288.11 0.85618 0.00330717
1364.98 0.850259 0.00350838
1323.3 0.846561 0.00319006
1170.51 0.845337 0.0032392
1427.64 0.841846 0.000263913
1260.89 0.845106 0.00309183
1267.12 0.847216 0.00311626
1216.61 0.853706 0.00332349
1456.5 0.848029 0.00326056
1263.42 0.847954 0.00332336
1207.63 0.852731 0.00329553
1333.04 0.848476 0.00287023
1363.61 0.842082 0.00325661
1182.51 0.847553 0.00280618
1245.83 0.844361 0.00303828
1358.02 0.85306 0.003086
1268.73 0.847388 0.00324695
1388.96 0.843261 0.00326045
1355.26 0.856971 0.00316001
1226.99 0.849559 0.00307856
1241.36 0.851673 0.00310868
1236.52 0.848905 0.00327804
1330.98 0.845693 0.00326249
1329.6 0.850126 0.00317098
1288.9 0.851885 0.00304461
1387.13 0.852246 0.0029038
1177.22 0.850481 0.00314581
1276.43 0.851067 0.00322925
1268.93 0.855438 0.00339627
1241.46 0.847084 0.00303697
1318.17 0.84333 0.00285087
1239.78 0.847389 0.0032336
1315.32 0.854242 0.00314185
1264.22 0.848455 0.00329813
1134.44 0.846499 0.00321965
1207.52 0.846522 0.00324081
1332.69 0.843906 0.00316394
1262.53 0.846203 0.00322531
1308.38 0.850829 0.00334298
1262.27 0.842938 0.00328401
1306.67 0.846826 0.00332976
1378.7 0.846691 0.00322858
1216.59 0.848129 0.0029802
1264.36 0.849756 0.00341175
1608.56 0.855169 0.00323414
1355.06 0.842698 0.0029447
1335.58 0.845282 0.00306805
1430.56 0.835069 0.00331967
1329.4 0.84237 0.00318358
1173.94 0.840258 0.00328016
1250.31 0.852104 0.00318768
1223.21 0.845226 0.00333875
1366.88 0.849588 0.00317363
1276.35 0.854433 0.00338317
1632 0.861524 0.00227812
1432.79 0.854255 0.00308161
1201.02 0.84857 0.00286136
1278.35 0.855361 0.00305437
1383.28 0.843155 0.00313144
1279.99 0.842603 0.00336435
1335.62 0.849898 0.00330913
1398.52 0.852041 0.00336368
1374.26 0.854381 0.0034217
1216.72 0.847717 0.00279829
1139.97 0.851413 0.00308501
1241.29 0.850762 0.00322471
1248.67 0.8456 0.00326459
1337.58 0.842761 0.00336465
1169.9 0.842634 0.00332608
1361.51 0.851789 0.0034801
1293.86 0.851388 0.00334701
1265.4 0.845314 0.00320833
1258.17 0.846818 0.00318138
1243.77 0.848439 0.00301763
1313.48 0.849613 0.00289079
1374.9 0.837543 0.00277002
1234.71 0.847184 0.00324365
1267.74 0.842786 0.00325663
1338.02 0.83871 0.00331574
1315 0.846407 0.00319268
