0.854445
0.870991
0.852651
0.846571
0.872584
0.856271
0.873876
0.870655
0.874095
0.87545
0.887454
0.876867
0.862819
0.852495
0.876878
0.87086
0.870495
0.875675
0.860366
0.873452
0.863566
0.860163
0.854364
0.854202
0.867234
0.861609
0.876487
0.872775
0.874336
0.848877
0.841853
0.853973
0.871935
0.872514
0.876626
0.876314
0.884977
0.860749
0.867584
0.865894
0.885789
0.879715
0.874915
0.86087
0.864862
0.872272
0.865459
0.874569
0.859203
0.863076
0.874698
0.876736
0.873681
0.868439
0.872966
0.859241
0.887378
0.853498
0.872723
0.886787
0.865759
0.840731
0.851629
0.859273
0.862368
0.87409
0.854547
0.873593
0.85088
0.883178
0.872537
0.873848
0.860079
0.860366
0.871436
0.85848
0.865054
0.872813
0.85897
0.854744
0.874359
0.846983
0.859922
0.866867
0.885898
0.870245
0.886457
0.870375
0.859408
0.874374
0.853532
0.860115
0.856285
0.875132
0.855045
0.857699
0.870699
0.861756
0.864237
0.862243
0.842137
0.855132
0.871956
0.86479
0.886038
0.875558
0.875565
0.877798
0.877162
0.861406
0.873783
0.857221
0.850681
0.869919
0.873619
0.876509
0.846515
0.857499
0.862776
0.887185
0.873508
0.880971
0.8422
0.863709
0.873902
0.861511
0.852374
0.873138
0.87524
0.874404
0.873966
0.874578
0.873842
0.871166
0.86001
0.872107
0.874262
0.848423
0.864248
0.875483
0.86943
0.873484
0.887431
0.875768
0.865366
0.872307
0.852763
0.851987
0.873401
0.857107
0.870839
0.884459
0.874344
0.875204
0.846038
0.865103
0.872389
0.870427
0.85023
0.856955
0.857568
0.857996
0.859845
0.871557
0.851126
0.886517
0.855649
0.884778
0.870493
0.854952
0.889761
0.858423
0.885732
0.863602
0.882586
0.858779
0.866184
0.873034
0.855643
0.864256
0.871447
0.860213
0.857892
0.858028
0.863892
0.873042
0.87386
0.840481
0.862097
0.874851
0.875483
0.874101
0.870325
0.873878
0.874933
0.858301
0.877849
0.862296
0.863336
0.84655
0.858893
0.861756
0.859449
0.861899
0.864264
0.8632
0.856977
0.841453
0.860668
0.856865
0.850755
0.853155
0.87469
0.858916
0.868122
0.872436
0.873387
0.858406
0.887229
0.86217
0.848554
0.870678
0.881545
0.851725
0.858792
0.887859
0.854041
0.87362
0.863699
0.882828
0.87469
0.878071
0.872164
0.876166
0.850608
0.875807
0.874552
0.867272
0.878058
0.875197
0.857744
0.856734
0.859979
0.854163
0.863198
0.862368
0.856991
0.876901
0.863472
0.87635
0.857525
0.853957
0.885225
0.89001
0.874496
0.854072
0.849674
0.841616
0.848199
0.871312
0.86017
0.846954
0.850683
0.86424
0.875022
0.848446
0.870845
0.865634
0.885549
0.872196
0.874456
0.855559
0.856182
0.861244
0.870664
0.882221
0.853475
0.873765
0.873892
0.871941
0.86262
0.873889
0.870555
0.873492
0.873522
0.884385
0.87121
0.876394
0.873554
0.87178
0.860598
0.872331
0.857391
0.849061
0.885998
0.851058
0.860008
0.854808
0.888904
0.866821
0.87693
0.854645
0.863814
0.874076
0.858422
0.857424
0.872429
0.8749
0.873268
0.870828
0.870083
0.887096
0.863519
0.875631
0.869405
0.874749
0.863691
0.872045
0.876978
0.842767
0.871689
0.849706
0.857996
0.874864
0.873
0.858025
0.861407
0.873405
0.869971
0.872642
0.873139
0.863217
0.870537
0.857653
0.875288
0.878993
0.857101
0.871398
0.862366
0.852879
0.857104
0.857297
0.856852
0.860427
0.853645
0.85731
0.86676
0.877029
0.861356
0.877156
0.85889
0.870973
0.881648
0.860522
0.865492
0.853904
0.873496
0.876378
0.887105
0.872769
0.871104
0.859886
0.859545
0.851068
0.872776
0.870173
0.87558
0.86759
0.885199
0.860079
0.878975
0.859326
0.853821
0.872549
0.872051
0.874203
0.851262
0.875498
0.862773
0.876375
0.857374
0.869293
0.855427
0.863429
0.85778
0.876371
0.876688
0.87248
0.860177
0.864609
0.867072
0.863959
0.851453
0.854968
0.849522
0.875012
0.871154
0.873234
0.862062
0.862741
0.870214
0.863579
0.858125
0.855503
0.850319
0.873588
0.872351
0.887703
0.858163
0.870753
0.874791
0.871371
0.877086
0.874435
0.867719
0.87313
0.87738
0.884787
0.860735
0.875311
0.852392
0.87162
0.873216
0.872923
0.853574
0.853499
0.856004
0.872849
0.875039
0.871086
0.885287
0.863446
0.876845
0.870796
0.852867
0.875452
0.855724
0.884037
0.853506
0.862147
0.872835
0.876812
0.868095
0.874436
0.85178
0.871922
0.886127
0.872469
0.871077
0.873833
0.862813
0.872495
0.875263
0.871316
0.846276
0.874039
0.851444
0.860254
0.837394
0.875519
0.874961
0.887578
0.850109
0.862977
0.843447
0.860461
0.870544
0.857034
0.873527
0.860735
0.87479
0.860765
0.875515
0.86352
0.848012
0.859497
0.862543
0.855817
0.870055
0.860187
0.886933
0.88189
0.877238
0.866067
0.875653
0.87493
0.871088
0.872259
0.860427
0.872045
0.861716
0.856898
0.862561
0.860527
0.873083
0.872294
0.865563
0.872481
0.854978
0.864211
0.873383
0.871135
0.871064
0.874398
0.885019
0.877074
0.856319
0.868351
0.868204
0.844833
0.86787
0.872516
0.869246
0.8751
0.88614
0.873478
0.859502
0.845377
0.875084
0.886154
0.871369
0.861466
0.852746
0.873553
0.872391
0.872796
0.853467
0.863847
0.872061
0.885178
0.869782
0.874961
0.875562
0.872748
0.84644
0.861974
0.874892
0.874073
0.845937
0.87537
0.859221
0.856591
0.869832
0.861878
0.862833
0.860064
0.857193
0.852146
0.863006
0.877155
0.874487
0.857855
0.847481
0.876487
0.866732
0.864493
0.847363
0.885994
0.873353
0.875421
0.875261
0.86882
0.874023
0.858634
0.870468
0.852226
0.875288
0.850065
0.858722
0.87289
0.851322
0.851501
0.870864
0.873067
0.873164
0.871563
0.858486
0.877001
0.867335
0.870135
0.871768
0.874102
0.852365
0.8575
0.870038
0.878583
0.874372
0.885756
0.885314
0.867848
0.88521
0.864829
0.855613
0.868991
0.871606
0.859236
0.853332
0.882813
0.8539
0.868353
0.875455
0.873772
0.874977
0.855777
0.855031
0.8558
0.841991
0.851703
0.878526
0.87506
0.870138
0.861072
0.85939
0.875
0.866106
0.868244
0.863687
0.860127
0.861299
0.882498
0.862061
0.883597
0.874615
0.862878
0.872993
0.872677
0.873554
0.850303
0.86407
0.85772
0.861066
0.859691
0.880529
0.863306
0.873465
0.848907
0.87688
0.858027
0.875613
0.858671
0.874027
0.871707
0.876383
0.877671
0.85641
0.887613
0.859914
0.876191
0.872893
0.861092
0.873722
0.851441
0.87545
0.848609
0.871614
0.874157
0.873595
0.887932
0.870038
0.858776
0.857951
0.865072
0.87427
0.847945
0.885866
0.871624
0.84842
0.871268
0.859813
0.875134
0.88499
0.839148
0.861125
0.858287
0.862406
0.875387
0.864498
0.863959
0.862039
0.874679
0.871744
0.887276
0.871292
0.868507
0.866149
0.846256
0.851363
0.851375
0.867691
0.862639
0.871537
0.864137
0.848522
0.876309
0.875632
0.885452
0.872487
0.851673
0.883213
0.87553
0.873978
0.851088
0.866396
0.874241
0.864814
0.873457
0.872381
0.86967
0.861297
0.874089
0.87072
0.887111
0.878099
0.86394
0.863681
0.860634
0.876845
0.861896
0.865489
0.863203
0.860822
0.860219
0.876649
0.858048
0.883365
0.867672
0.852392
0.853462
0.853152
0.874637
0.862099
0.855107
0.862985
0.847152
0.848935
0.870805
0.86439
0.852933
0.870523
0.877546
0.871706
0.854224
0.871457
0.876123
0.862674
0.865952
0.872203
0.870911
0.885491
0.855598
0.867266
0.875765
0.856504
0.887731
0.865296
0.87591
0.862752
0.84796
0.870877
0.872444
0.883447
0.860601
0.87529
0.875189
0.849517
0.86696
0.843481
0.85777
0.872267
0.872598
0.84802
0.875148
0.862778
0.87204
0.854509
0.860851
0.861842
0.864922
0.870476
0.876788
0.886027
0.853539
0.87879
0.848987
0.850961
0.856032
0.874125
0.848297
0.86396
0.863485
0.852609
0.875093
0.844326
0.856752
0.870484
0.872777
0.858945
0.857242
0.871801
0.852222
0.856027
0.8593
0.857668
0.850858
0.855332
0.874015
0.860409
0.874621
0.873532
0.87004
0.845363
0.870084
0.877089
0.871121
0.87468
0.857665
0.869106
0.885926
0.873785
0.863525
0.875294
0.85891
0.851
0.855094
0.848743
0.874835
0.858463
0.845912
0.864117
0.873819
0.862293
0.872289
0.867724
0.87544
0.866694
0.848707
0.878271
0.860816
0.875671
0.840027
0.875397
0.85253
0.86347
0.857034
0.874151
0.854221
0.871457
0.853606
0.874064
0.860662
0.872645
0.874518
0.864
0.85914
0.850493
0.874394
0.864205
0.879015
0.853647
0.875411
0.856705
0.869385
0.867306
0.859571
0.853588
0.861713
0.871355
0.871289
0.876702
0.856933
0.86755
0.877233
0.839489
0.845813
0.868932
0.843846
0.871236
0.874628
0.876781
0.872233
0.861994
0.886274
0.847482
0.861708
0.873584
0.84889
0.860468
0.862272
0.856471
0.862554
0.85162
0.884444
0.863175
0.876059
0.857425
0.87092
0.871793
0.864625
0.875077
0.852488
0.872093
0.873451
0.843411
0.860073
0.883852
0.865437
0.857778
0.859643
0.872966
0.85589
0.866792
0.860707
0.873895
0.852192
0.876466
0.859153
0.877442
0.865139
0.874315
0.86631
0.867052
0.862765
0.846012
0.88439
0.85857
0.842175
0.864236
0.872044
0.858748
0.874628
0.884367
0.871086
0.851595
0.86914
0.858624
0.864028
0.874271
0.875206
0.867501
0.873857
0.874318
0.844963
0.872996
0.865987
0.873523
0.872527
0.872772
0.873315
0.867963
0.845397
0.876732
0.872964
0.876685
0.846771
0.853378
0.875432
0.860866
0.86235
0.867227
0.858601
0.870167
0.867825
0.855617
0.859204
0.876907
0.863144
0.875423
0.871129
0.871265
0.860225
0.861348
0.874132
0.874299
0.853371
0.859572
0.874219
0.873588
0.865988
0.863165
0.859215
0.86135
0.847263
0.87638
0.866495
0.877168
0.873911
0.872893
0.844407
0.887597
0.859165
0.870829
0.852357
0.87481
0.875036
0.869876
0.86215
0.870531
0.863931
0.873638
0.870268
