0.883073
0.889754
0.884344
0.860697
0.865564
0.876784
0.875545
0.879488
0.862782
0.865585
0.866543
0.870873
0.873453
0.869079
0.859905
0.864991
0.888214
0.870987
0.867111
0.872787
0.856796
0.85679
0.85195
0.877476
0.871294
0.85709
0.878831
0.867704
0.884768
0.87764
0.868363
0.879869
0.852113
0.853907
0.884574
0.853332
0.870302
0.855134
0.86826
0.889626
0.886265
0.847627
0.870499
0.877522
0.881223
0.859918
0.87206
0.860052
0.886497
0.869225
0.873301
0.889097
0.876545
0.88748
0.869714
0.867229
0.869978
0.859248
0.884586
0.882124
0.863903
0.872305
0.865507
0.875752
0.871264
0.871718
0.868619
0.878639
0.88395
0.873865
0.870061
0.868379
0.89547
0.88624
0.870781
0.880076
0.870292
0.873061
0.864209
0.855978
0.858231
0.876708
0.864069
0.869359
0.866263
0.868528
0.870917
0.872111
0.884319
0.864681
0.885823
0.873662
0.884881
0.863622
0.870792
0.865922
0.855195
0.867471
0.870911
0.884
0.884867
0.875865
0.868423
0.846873
0.872424
0.869769
0.8717
0.865956
0.887972
0.882966
0.882642
0.880065
0.886314
0.874423
0.872141
0.856322
0.885555
0.866982
0.872749
0.882666
0.884272
0.870686
0.884138
0.873695
0.873356
0.855576
0.871174
0.881375
0.871104
0.862363
0.859634
0.878584
0.887135
0.868
0.870704
0.86689
0.869952
0.870186
0.854876
0.867669
0.850018
0.878567
0.879363
0.868383
0.865554
0.895581
0.873465
0.863591
0.872767
0.859458
0.877267
0.870021
0.856183
0.878792
0.868582
0.865366
0.888165
0.884652
0.867102
0.862949
0.87057
0.851595
0.871052
0.87009
0.854052
0.867958
0.857245
0.866548
0.866109
0.851269
0.865215
0.889096
0.871478
0.867523
0.86657
0.855035
0.873676
0.86755
0.877203
0.875488
0.87072
0.869386
0.88015
0.867334
0.869953
0.866046
0.85492
0.869191
0.865039
0.866592
0.871508
0.867223
0.865443
0.876542
0.869072
0.867827
0.855989
0.870019
0.87031
0.858167
0.890313
0.871623
0.875314
0.863034
0.881897
0.876964
0.867123
0.88318
0.870917
0.885252
0.854937
0.871397
0.866529
0.862465
0.870471
0.859296
0.880289
0.876607
0.864689
0.872804
0.873033
0.882582
0.871942
0.884726
0.87118
0.873697
0.878886
0.88106
0.876171
0.864126
0.867385
0.870857
0.857149
0.859285
0.888772
0.883377
0.866103
0.881376
0.865783
0.887837
0.871282
0.886511
0.877494
0.862881
0.865006
0.862856
0.868085
0.866463
0.882131
0.875812
0.854492
0.882544
0.8574
0.888394
0.850229
0.869995
0.874878
0.871314
0.883636
0.876775
0.867295
0.854228
0.869836
0.876267
0.879057
0.849529
0.869144
0.874581
0.881493
0.869752
0.872515
0.885231
0.8866
0.866589
0.873293
0.868326
0.886154
0.851346
0.856918
0.872681
0.865164
0.87475
0.879187
0.888529
0.888692
0.887213
0.870569
0.848183
0.866859
0.863959
0.871894
0.870506
0.8772
0.853101
0.868664
0.852458
0.880966
0.878541
0.867102
0.857239
0.860398
0.866908
0.852225
0.869303
0.883092
0.883881
0.868466
0.883365
0.865183
0.88238
0.874461
0.869356
0.880447
0.872436
0.869935
0.868297
0.868619
0.861623
0.852202
0.885318
0.865466
0.869443
0.884046
0.872453
0.860099
0.885733
0.858014
0.870672
0.868555
0.85736
0.871508
0.852392
0.872978
0.872596
0.863421
0.867388
0.864197
0.855322
0.878093
0.867658
0.882107
0.863803
0.88003
0.873166
0.868675
0.870077
0.888585
0.865075
0.86417
0.866389
0.871776
0.850674
0.86722
0.85419
0.886567
0.854413
0.874904
0.866053
0.853197
0.864663
0.88514
0.88554
0.899693
0.867808
0.88049
0.87929
0.872349
0.868585
0.868272
0.88012
0.868476
0.862307
0.887523
0.87001
0.878025
0.888419
0.868192
0.866741
0.851274
0.865726
0.864139
0.848659
0.866925
0.879374
0.857188
0.854765
0.88849
0.867251
0.872307
0.876382
0.878842
0.877008
0.881466
0.880595
0.863236
0.86609
0.875638
0.888568
0.871667
0.875945
0.871496
0.859547
0.881454
0.875518
0.861569
0.88508
0.879193
0.866779
0.870555
0.857934
0.865558
0.855272
0.86503
0.870334
0.871291
0.879611
0.873087
0.870804
0.865212
0.871393
0.876297
0.880006
0.857102
0.854371
0.860154
0.88523
0.855678
0.867441
0.873225
0.870815
0.882407
0.873269
0.871347
0.856305
0.865522
0.86799
0.869725
0.887689
0.878196
0.885481
0.881874
0.849707
0.86579
0.86257
0.868568
0.878864
0.869572
0.868069
0.879396
0.870119
0.850264
0.876431
0.875545
0.86711
0.886357
0.869158
0.869468
0.856804
0.866327
0.877873
0.869707
0.866474
0.871347
0.84792
0.879304
0.864429
0.86384
0.87366
0.883429
0.871154
0.863219
0.870023
0.859068
0.854169
0.86212
0.887026
0.862036
0.886898
0.862583
0.854342
0.858998
0.866224
0.872501
0.857038
0.856011
0.871222
0.852126
0.887489
0.866532
0.866349
0.868506
0.865789
0.871623
0.870188
0.875235
0.86378
0.874519
0.86436
0.855424
0.879919
0.871326
0.881384
0.86852
0.887275
0.878471
0.864722
0.856379
0.883059
0.867597
0.870252
0.869544
0.888628
0.873557
0.888396
0.875362
0.870401
0.865907
0.854895
0.881935
0.863202
0.858183
0.862152
0.844849
0.880532
0.87676
0.864698
0.875832
0.872412
0.869878
0.86933
0.880284
0.865831
0.863997
0.881689
0.878992
0.857528
0.880459
0.884924
0.869515
0.865633
0.865362
0.857188
0.887535
0.872418
0.866335
0.879698
0.869762
0.876144
0.886804
0.860828
0.882896
0.850527
0.888277
0.882099
0.866273
0.867568
0.879749
0.887413
0.86787
0.876374
0.885218
0.876289
0.880684
0.885306
0.866669
0.872332
0.883773
0.878714
0.878377
0.877543
0.877889
0.871694
0.85251
0.85965
0.885645
0.86922
0.859199
0.878568
0.866368
0.883661
0.867717
0.879016
0.882819
0.871777
0.871403
0.878481
0.855521
0.870067
0.871877
0.878999
0.867237
0.877254
0.864536
0.876591
0.886579
0.869984
0.858435
0.864368
0.88588
0.865646
0.864487
0.886173
0.867884
0.888053
0.889688
0.880273
0.85416
0.855437
0.862601
0.850903
0.865458
0.863679
0.8647
0.864642
0.885943
0.87155
0.862711
0.887522
0.874153
0.877249
0.87656
0.869504
0.862006
0.885777
0.875248
0.856744
0.868247
0.885419
0.869972
0.866389
0.847479
0.867193
0.860267
0.879675
0.854581
0.870347
0.885344
0.8655
0.875157
0.874078
0.87815
0.872858
0.865204
0.867924
0.848024
0.885459
0.870039
0.857933
0.886965
0.857435
0.865829
0.87765
0.872572
0.885653
0.877107
0.853488
0.887194
0.872168
0.863788
0.883176
0.868062
0.874066
0.886238
0.872138
0.86748
0.869302
0.888478
0.852137
0.870617
0.859816
0.870171
0.867107
0.872071
0.863699
0.869458
0.887479
0.884548
0.865192
0.850827
0.870822
0.887595
0.869035
0.885436
0.858421
0.868921
0.874769
0.855947
0.875837
0.868082
0.885698
0.868021
0.870842
0.863495
0.866237
0.883481
0.875006
0.869002
0.87256
0.86204
0.86909
0.873288
0.870912
0.874442
0.880887
0.87304
0.876422
0.855079
0.874711
0.8592
0.8699
0.869138
0.87635
0.877785
0.878447
0.884343
0.865594
0.882377
0.864892
0.864647
0.847841
0.869633
0.878526
0.871542
0.854364
0.870263
0.875422
0.850491
0.883263
0.870151
0.861258
0.875396
0.8864
0.876822
0.864368
0.857299
0.867849
0.858452
0.863424
0.872253
0.867974
0.882661
0.850204
0.875868
0.847388
0.863494
0.872909
0.874145
0.887848
0.86703
0.876606
0.867414
0.862955
0.867139
0.865253
0.855227
0.870997
0.875196
0.851962
0.881351
0.853239
0.855875
0.870042
0.874843
0.860831
0.887227
0.888501
0.859086
0.8758
0.886956
0.845196
0.875512
0.869744
0.870029
0.880482
0.871308
0.866452
0.888465
0.863905
0.8841
0.864429
0.878632
0.866486
0.880152
0.86211
0.874001
0.868834
0.86576
0.88845
0.848656
0.87357
0.884879
0.876275
0.869178
0.886439
0.887718
0.871287
0.857386
0.869079
0.869712
0.879912
0.858729
0.875743
0.855026
0.871352
0.869211
0.848402
0.848854
0.868123
0.866528
0.884066
0.868004
0.886674
0.880994
0.887573
0.888206
0.856051
0.878489
0.887645
0.848034
0.858664
0.872303
0.863075
0.859709
0.863044
0.868814
0.869398
0.871855
0.866518
0.867054
0.878215
0.882886
0.885637
0.856305
0.867079
0.854739
0.887967
0.882374
0.869259
0.869886
0.869306
0.877507
0.867251
0.876721
0.855127
0.869178
0.870985
0.844146
0.888632
0.867297
0.856478
0.884909
0.870082
0.867841
0.850233
0.860534
0.88885
0.868327
0.879036
0.889693
0.875689
0.868066
0.888075
0.870877
0.883677
0.854153
0.887341
0.871779
0.872154
0.880486
0.876644
0.869049
0.858249
0.879867
0.867728
0.873096
0.871596
0.880571
0.890837
0.873908
0.890076
0.86389
0.870329
0.868095
0.884606
0.876324
0.866021
0.870526
0.855714
0.87274
0.888154
0.857135
0.872982
0.866017
0.873361
0.885626
0.868986
0.866346
0.882399
0.855754
0.888205
0.871921
0.864037
0.850894
0.885578
0.872822
0.874633
0.873428
0.872642
0.870903
0.853659
0.870707
0.867402
0.8676
0.866864
0.882294
0.886739
0.877837
0.852261
0.86719
0.885976
0.851199
0.851869
0.878368
0.856989
0.873147
0.866467
0.851771
0.858948
0.877854
0.869109
0.869051
0.878048
0.886154
0.857268
0.888857
0.885436
0.890147
0.857721
0.870334
0.879227
0.87733
0.876957
0.878914
0.879602
0.88649
0.872901
0.865755
0.865705
0.860315
0.871798
0.884883
0.8885
0.86933
0.878559
0.878017
0.850739
0.880875
0.866238
0.85761
0.866309
0.853861
0.883996
0.889571
0.86801
0.866227
0.867679
0.856634
0.887401
0.852679
0.867578
0.881728
0.880278
0.865382
0.866764
0.866782
0.86955
0.872868
0.864703
0.883774
0.879859
0.86964
0.885417
0.878134
0.855834
0.855397
0.863929
0.873437
0.857356
0.869528
0.861131
0.869178
0.888225
0.889348
0.884783
0.867979
0.871244
0.868083
0.884532
0.883211
0.883938
0.872023
0.885121
0.869953
0.870551
0.878711
0.86976
0.871901
0.864462
0.884174
0.857753
0.871286
0.868695
0.875024
0.86335
0.867942
0.846472
0.871756
0.880565
0.852529
0.875141
0.869162
0.870475
0.86838
0.870141
0.880961
0.875342
0.856197
0.852754
0.868598
0.862231
0.865344
0.86659
0.868319
0.879893
0.862312
0.869585
0.861271
0.868381
0.846274
0.885721
0.861168
0.886147
0.879463
0.867985
0.870258
0.885799
0.857597
0.882845
0.877796
0.866935
0.861848
0.880146
0.885446
0.868145
0.864982
0.877002
0.876042
0.885373
0.877687
0.866153
0.880129
0.883095
0.853854
0.885589
0.86922
0.881408
0.859058
0.870468
0.882816
0.887199
0.878463
0.862841
0.874259
0.864221
0.867724
0.851245
0.880695
0.863638
0.863325
0.864643
0.882791
0.865442
0.884038
0.875202
0.883397
0.878797
0.874608
0.887281
0.891529
0.868572
0.881529
0.866561
0.859571
0.88667
0.870826
0.868873
0.886729
0.871396
0.862621
0.849103
0.856376
0.872258
0.869112
0.871692
0.85867
0.869265
0.857413
0.87187
0.87966
0.889687
0.868816
0.857652
0.877625
0.879422
0.874823
0.86977
0.856779
0.865182
0.874836
0.885081
0.86576
0.895471
0.847332
0.869037
0.86586
0.869296
0.862643
0.890643
0.870685
0.869379
0.87026
0.886683
0.868543
0.863053
0.864829
0.889609
0.884927
0.889619
0.866484
0.854499
0.853514
0.879123
0.886173
0.866337
0.878857
0.869855
0.872608
0.870778
0.867775
0.872928
0.86652
0.882065
0.854915
0.853254
0.877842
0.884083
0.868888
0.884405
0.850482
0.873158
0.86108
0.875637
0.874011
0.871948
0.865889
0.882349
0.873106
0.886358
0.868309
0.870557
0.867458
0.878119
0.856431
0.862237
0.869087
0.858312
0.862303
0.857842
0.884558
0.869033
0.855996
0.887413
0.868985
0.888583
0.876791
0.884294
0.865624
0.871542
0.870331
0.888688
0.855946
0.870444
0.867189
0.870617
0.869299
0.874903
0.879911
0.88038
0.875979
0.853344
0.885848
0.870061
0.869245
0.885455
0.873521
0.862307
0.876172
0.873377
0.864938
0.889092
0.874181
0.868402
0.876231
0.869803
0.849219
0.84978
0.867399
0.868994
0.860013
0.876051
0.874858
0.864732
0.852944
0.85579
0.868931
0.861754
0.86689
0.877598
0.88044
0.867695
0.867239
0.858432
0.868812
0.878663
0.867821
0.852081
0.871087
0.883327
0.870986
0.870069
0.877732
0.855564
0.875618
0.887434
0.881059
0.871654
0.882036
0.887104
0.859317
0.880502
0.865434
0.866688
0.870775
0.871899
0.867875
0.854753
0.889059
0.870439
0.88599
0.88715
0.868883
0.873746
0.872297
0.856908
0.871754
0.853745
0.878548
0.870074
0.884586
0.868194
0.869238
0.853613
0.853146
0.863517
0.857827
0.87003
0.858428
0.869793
0.871124
0.871133
0.869624
0.870015
0.861444
0.880722
0.859217
0.856935
0.882892
0.870311
0.872482
0.887783
0.873678
0.85487
0.856377
0.876185
0.875144
0.874306
0.861101
0.871509
0.853194
0.873038
0.888465
0.863104
0.868187
0.866859
0.872454
0.854614
0.868643
0.871832
0.87325
0.859375
0.868924
0.888798
0.874232
0.871988
0.87886
0.865384
0.86936
0.878726
0.864077
0.873586
0.869988
0.878942
0.85711
0.880397
0.86875
0.866387
0.865987
0.887801
0.874107
0.871341
0.861749
0.873396
0.878528
0.865852
0.866203
0.896112
0.885001
0.873722
0.853376
0.87787
0.870649
0.869493
0.878839
0.860451
0.871307
0.88683
0.878907
0.8887
0.889268
0.882621
0.865228
0.864964
0.886964
0.884105
0.855129
0.875581
0.869165
0.874433
0.885165
0.857224
0.867247
0.859971
0.866227
0.867401
0.879583
0.869164
0.853565
0.889359
0.862546
0.866901
0.877117
0.870457
0.87248
0.872803
0.877897
0.849739
0.87928
0.869789
0.874618
0.866069
0.878759
0.880005
0.860544
0.88086
0.848334
0.865906
0.864507
0.880151
0.884662
0.877161
0.845791
0.868205
0.878534
0.868882
0.852832
0.8589
0.887996
0.865886
0.880243
0.882807
0.879195
0.879447
0.875409
0.865401
0.886997
0.867057
0.87646
0.864159
0.885354
0.867606
0.885448
0.872259
0.869958
0.872789
0.869303
0.870437
0.860578
0.901693
0.885553
0.869171
0.864066
0.872292
0.869785
0.858282
0.869635
0.851311
0.854504
0.867937
0.856698
0.877629
0.867534
0.880119
0.870618
0.86108
0.861203
0.867419
0.86966
0.890298
0.881377
0.85294
0.870051
0.865542
0.880921
0.856015
0.867655
0.871432
0.870969
0.853654
0.885244
0.868511
0.867085
0.866285
0.865872
0.863463
0.875084
0.861216
0.867696
0.884231
0.857849
0.861659
0.871842
0.868625
0.861381
0.867314
0.872398
0.872966
0.886809
0.867543
0.868894
0.867117
0.847708
0.856927
0.861318
0.870493
0.865725
0.869465
0.855355
0.888212
0.884247
0.867247
0.887174
0.875397
0.8692
0.886132
0.850837
0.878912
0.86302
0.886786
0.889276
0.863938
0.884249
0.874533
0.888466
0.867489
0.888665
0.870641
0.860404
0.865358
0.857885
0.855111
0.866203
0.860579
0.881739
0.873511
0.888042
0.887702
0.868333
0.87891
0.86461
0.860533
0.868308
0.875009
0.874762
0.853669
0.86709
0.872887
0.878756
0.897705
0.865794
0.883969
0.859001
0.886553
0.873641
0.89979
0.887636
0.871311
0.864471
0.855056
0.870368
0.868215
0.887021
0.876937
0.877538
0.876117
0.865619
0.863339
0.881351
0.870653
0.873654
0.861979
0.866465
0.872328
0.871521
0.871361
0.870767
0.866808
0.867259
0.868642
0.860052
0.869981
0.866565
0.882931
0.847056
0.87099
0.885879
0.863537
0.88483
0.848631
0.869299
0.855475
0.867677
0.872222
0.868428
0.855999
0.864635
0.855738
0.87835
0.85733
0.844364
0.880625
0.861991
0.877665
0.873471
0.869476
0.867392
0.872516
0.870171
0.868621
0.871764
0.868616
0.869842
0.85863
0.864393
0.871518
0.865781
0.871127
0.850666
0.887049
0.878152
0.853855
0.870347
0.868454
0.870323
0.880876
0.875896
0.878577
0.844824
0.86862
0.879836
0.880555
0.872483
0.850995
0.85692
0.872342
0.873227
0.881326
0.890229
0.885554
0.875241
0.879005
0.885173
0.873869
0.866413
0.880694
0.876435
0.87194
0.859845
0.875692
0.870796
0.878801
0.858268
0.87128
0.867779
0.856758
0.889538
0.87196
0.886038
0.874074
0.877391
0.880887
0.865884
0.863839
0.854547
0.860422
0.873534
0.864895
0.890429
0.8701
0.865225
0.848623
0.876567
0.880632
0.868936
0.858911
0.879426
0.883559
0.864746
0.8845
0.877075
0.875813
0.85258
0.853673
0.883681
0.873248
0.878661
0.880973
0.870954
0.879798
0.877594
0.873398
0.870816
0.88465
0.866261
0.868682
0.875218
0.865541
0.847145
0.879147
0.877951
0.877308
0.875112
0.870094
0.852978
0.869897
0.866316
0.873363
0.866352
0.8882
0.858786
0.870379
0.858617
0.884544
0.877052
0.865363
0.869356
0.879687
0.880151
0.868348
0.887594
0.874124
0.871307
0.877903
0.862293
0.880929
0.876511
0.869094
0.868629
0.887776
0.875304
0.8673
0.855384
0.88021
0.870621
0.867704
0.868534
0.877508
0.861785
0.885981
0.867523
0.880963
0.872227
0.886561
0.878638
0.877462
0.860909
0.874244
0.849398
0.88633
0.869227
0.860652
0.871764
0.873178
0.865577
0.882495
0.872009
0.851396
0.8657
0.877105
0.848043
0.870888
0.875617
0.880021
0.885442
0.863084
0.868753
0.858879
0.882626
0.854181
0.867897
0.846582
0.863198
0.865453
0.874782
0.855237
0.868105
0.86541
0.852697
0.870702
0.872178
0.876177
0.879113
0.875378
0.866916
0.872465
0.874815
0.88863
0.889493
0.865136
0.867946
0.855971
0.861492
0.855178
0.870777
0.871516
0.863946
0.856936
0.871565
0.868101
0.866727
0.84589
0.870278
0.866912
0.87205
0.870844
0.858311
0.87867
0.867414
0.862107
0.844083
0.88505
0.876646
0.866487
0.885168
0.866043
0.86722
0.872004
0.885339
0.887619
0.886119
0.865382
0.887111
0.869263
0.881261
0.888117
0.868239
0.865761
0.854036
0.883445
0.864299
0.859428
0.865175
0.851262
0.854876
0.873363
0.870146
0.884084
0.865146
0.88003
0.869175
0.878212
0.870092
0.878108
0.879334
0.865806
0.886871
0.886829
0.880343
0.881844
0.884347
0.851846
0.867889
0.86908
0.876387
0.867621
0.859284
0.85077
0.888057
0.866951
0.879124
0.868697
0.885641
0.875844
0.853819
0.869506
0.866068
0.867767
0.867672
0.878709
0.868497
0.881596
0.872117
0.85443
0.8721
0.883025
0.876215
0.864258
0.886588
0.874641
0.857294
0.850372
0.860244
0.867503
0.880563
0.860223
0.879984
0.870111
0.885583
0.853921
0.867038
0.868773
0.885026
0.872001
0.87126
0.886697
0.870896
0.880207
0.867834
0.870441
0.870287
0.879271
0.8794
0.869686
0.867504
0.854506
0.873872
0.877036
0.865402
0.857035
0.887589
0.875161
0.861568
0.85403
0.864142
0.858392
0.865847
0.865891
0.852741
0.867647
0.876812
0.883416
0.880132
0.866687
0.883396
0.88184
0.880481
0.874253
0.874309
0.856383
0.859196
0.881171
0.859175
0.881442
0.853537
0.870132
0.885832
0.852784
0.853235
0.860064
0.876368
0.87026
0.855492
0.874293
0.867575
0.866951
0.86577
0.885632
0.875438
0.868785
0.88832
0.858143
0.87802
0.871093
0.890491
0.884377
0.881515
0.888398
0.878666
0.869333
0.865353
0.854761
0.885522
0.866276
0.858442
0.870583
0.880443
0.85912
0.867725
0.86072
0.855735
0.865343
0.847413
0.871027
0.869634
0.881116
0.861575
0.858406
0.875932
0.878362
0.879101
0.873992
0.879706
0.88251
0.860878
0.865108
0.849141
0.867259
0.853804
0.867166
0.869406
0.86765
0.848847
0.859889
0.877065
0.865336
0.856644
0.865278
0.881548
0.864833
0.853761
0.86589
0.886752
0.887922
0.851216
0.874724
0.860216
0.887119
0.872424
0.883094
0.875309
0.867316
0.883831
0.8858
0.848303
0.866352
0.878072
0.872079
0.871053
0.879351
0.872265
0.868147
0.859676
0.881307
0.885983
0.879577
0.850889
0.879816
0.8844
0.852678
0.85143
0.861567
0.870566
0.848312
0.886176
0.871044
0.861283
0.886233
0.878403
0.869276
0.884011
0.879039
0.868821
0.872869
0.877797
0.88483
0.873755
0.858845
0.871519
0.868604
0.873782
0.870719
0.859713
0.886366
0.867486
0.878578
0.857158
0.869299
0.879404
0.85415
0.866783
0.885237
0.886364
0.85202
0.869652
0.861754
0.873849
0.876316
0.870813
0.861006
0.854379
0.87712
0.867218
0.869721
0.87132
0.875586
0.857035
0.864873
0.869206
0.87151
0.865359
0.874591
0.86877
0.884608
0.875862
0.889385
0.885013
0.890842
0.880377
0.86067
0.869813
0.869707
0.884815
0.851259
0.857845
0.850313
0.867754
0.872703
0.884609
0.867135
0.855472
0.863302
0.868734
0.854257
0.876482
0.874399
0.865363
0.868423
0.867384
0.865662
0.888662
0.869498
0.865001
0.868466
0.862698
0.855507
0.878237
0.868061
0.871969
0.869843
0.871469
0.872568
0.852806
0.876454
0.863735
0.88645
0.872452
0.868057
0.884495
0.869536
0.873462
0.88062
0.880337
0.872194
0.861478
0.877604
0.899301
0.878687
0.862607
0.863947
0.873402
0.848199
0.868734
0.882082
0.873665
0.880414
0.86352
0.868271
0.87392
0.880174
0.8671
0.87114
0.868845
0.871841
0.884537
0.866187
0.847395
0.84591
0.863974
0.869025
0.88651
0.86882
0.84962
0.850253
0.867536
0.869556
0.882726
0.883605
0.872301
0.883474
0.854586
0.867464
0.863312
0.873553
0.881374
0.857353
0.853477
0.853588
0.880022
0.856907
0.865603
0.876222
0.859599
0.879094
0.863185
0.864696
0.865476
0.854913
0.889369
0.873926
0.887966
0.865194
0.851556
0.883604
0.866071
0.873135
0.867921
0.852376
0.867279
0.879805
0.879932
0.879747
0.878696
0.88502
0.879807
0.855862
0.868288
0.866536
0.869433
0.874077
0.880906
0.857958
0.868647
0.871044
0.856681
0.865278
0.872518
0.885683
0.866999
0.858679
0.868938
0.883758
0.868776
0.859722
0.860451
0.889335
0.871812
0.872162
0.87
0.852117
0.862602
0.877535
0.854318
0.887315
0.873603
0.854101
0.879838
0.858645
0.847259
0.865025
0.882671
0.87524
0.868579
0.869294
0.865984
0.865441
0.882116
0.867258
0.855777
0.87157
0.871143
0.875857
0.889107
0.854636
0.887059
0.866511
0.869438
0.886689
0.864569
0.873838
0.879005
0.866487
0.876995
0.868486
0.86751
0.853759
0.872609
0.853536
0.866156
0.865222
0.854795
0.875638
0.865523
0.867852
0.8643
0.86313
0.874497
0.866915
0.885397
0.887386
0.867583
0.866329
0.87354
0.868217
0.891257
0.862969
0.88882
0.867757
0.8581
0.84842
0.862454
0.857557
0.86992
0.88068
0.888866
0.872419
0.863081
0.873181
0.86248
0.876578
0.866761
0.879044
0.870819
0.887402
0.873851
0.8849
0.868856
0.87046
0.872503
0.871483
0.868168
0.882104
0.869878
0.871399
0.884549
0.870152
0.868557
0.861964
0.870504
0.86765
0.866549
0.879521
0.880748
0.865051
0.849432
0.864045
0.870414
0.877512
0.8548
0.86748
0.868407
0.872608
0.864072
0.866573
0.876277
0.864148
0.866636
0.8875
0.873588
0.879258
0.86004
0.853986
0.890356
0.857013
0.862446
0.873442
0.877428
0.854173
0.872862
0.886163
0.870295
0.869464
0.867879
0.880666
0.862451
0.849837
0.872149
0.868876
0.868909
0.871018
0.873853
0.878525
0.872816
0.855739
0.848886
0.881179
0.887186
0.862405
0.891775
0.865827
0.881201
0.877975
0.872517
0.867705
0.867514
0.877848
0.862348
0.869677
0.866167
0.8899
0.881264
0.887734
0.868678
0.879583
0.884157
0.878233
0.877112
0.869349
0.865212
0.867525
0.874569
0.875443
0.86749
0.869919
0.85416
0.86859
0.867463
0.884782
0.866881
0.865442
0.870174
0.885885
0.869835
0.868214
0.868404
0.875321
0.874932
0.875097
0.878094
0.863509
0.877536
0.852387
0.872067
0.88017
0.864889
0.887632
0.863931
0.882319
0.879123
0.865646
0.868047
0.867681
0.866687
0.86295
0.887644
0.868149
0.888131
0.886957
0.870426
0.863456
0.858086
0.890784
0.870013
0.871438
0.858002
0.885557
0.864336
0.871872
0.88958
0.869286
0.857264
0.870012
0.869986
0.868215
0.886285
0.872027
0.879988
0.868918
0.866612
0.871348
0.864763
0.873743
0.879467
0.861833
0.866108
0.855909
0.857043
0.875619
0.85547
0.868525
0.88148
0.855925
0.874588
0.875993
0.867303
0.87867
0.886316
0.856042
0.873473
0.866493
0.850334
0.88383
0.886302
0.864613
0.867347
0.888699
0.878381
0.865184
0.88138
0.869931
0.867339
0.869743
0.872691
0.866758
0.885089
0.876804
0.875194
0.872495
0.88873
0.851139
0.882203
0.871047
0.872447
0.858808
0.853688
0.879488
0.878141
0.884031
0.878325
0.856191
0.853869
0.863165
0.869686
0.854062
0.869982
0.887644
0.864434
0.885555
0.880421
0.870079
0.854105
0.87805
0.878482
0.881211
0.856503
0.870027
0.871963
0.886713
0.869733
0.879287
0.872462
0.871697
0.86341
0.868836
0.850824
0.87224
0.877109
0.867445
0.894684
0.867379
0.861516
0.868665
0.874041
0.867078
0.880278
0.868006
0.858221
0.855145
0.870397
0.877867
0.863343
0.887397
0.854387
0.852316
0.876008
0.884524
0.866614
0.85461
0.870442
0.865575
0.848722
0.886804
0.869381
0.879057
0.870932
0.869544
0.864793
0.865527
0.849304
0.875308
0.873594
0.887695
0.852795
0.862599
0.886095
0.869808
0.866309
0.860058
0.864165
0.88128
0.872554
0.878048
0.865667
0.868589
0.886323
0.868088
0.868433
0.859018
0.845777
0.863786
0.88516
0.869498
0.873889
0.871909
0.87114
0.882504
0.85754
0.887087
0.870954
0.867272
0.889451
0.867999
0.87727
0.857789
0.858363
0.888214
0.850125
0.852467
0.873406
0.869677
0.875754
0.868275
0.867752
0.873677
0.867473
0.868189
0.878601
0.870491
0.864918
0.865971
0.853243
0.876641
0.886162
0.870944
0.87275
0.868427
0.877002
0.875165
0.883944
0.871361
0.885707
0.883817
0.866103
0.885007
0.88611
0.848207
0.876319
0.881559
0.869894
0.875697
0.867718
0.877971
0.873404
0.87034
0.882059
0.883605
0.854632
0.853519
0.871805
0.868343
0.857341
0.875232
0.8551
0.864362
0.886877
0.849336
0.878196
0.858466
0.880602
0.864026
0.868989
0.882026
0.880692
0.855737
0.875717
0.86636
0.887629
0.889777
0.872947
0.869257
0.874451
0.883631
0.872018
0.848565
0.870324
0.866827
0.867464
0.872263
0.888691
0.867116
0.872203
0.870889
0.867811
0.86643
0.872269
0.856724
0.886236
0.872025
0.854559
0.86784
0.876614
0.867902
0.867322
0.865385
0.883763
0.881898
0.868489
0.875755
0.871371
0.86884
0.863064
0.851354
0.857004
0.875716
0.86864
0.881376
0.87528
0.874396
0.872886
0.858916
0.870819
0.871049
0.871202
0.864449
0.86939
0.882154
0.875543
0.866394
0.87022
0.872362
0.853638
0.871058
0.871822
0.844967
0.875311
0.861243
0.867308
0.851918
0.882361
0.879491
0.885868
0.877792
0.883643
0.889382
0.867622
0.872926
0.869496
0.88796
0.867103
0.870491
0.847701
0.883685
0.869294
0.873569
0.87291
0.867104
0.869555
0.861574
0.873103
0.876465
0.883191
0.879724
0.866739
0.885964
0.866172
0.872578
0.886102
0.872446
0.885844
0.873521
0.868262
0.868048
0.874854
0.880424
0.853811
0.892109
0.863828
0.883596
0.868782
0.863908
0.870341
0.880042
0.871103
0.875766
0.871111
0.87529
0.851766
0.885555
0.887404
0.887199
0.862033
0.868654
0.88053
0.872734
0.867805
0.871465
0.876189
0.868868
0.869646
0.886352
0.871596
0.870281
0.871884
0.887035
0.87392
0.851771
0.85501
0.889257
0.899334
0.888681
0.880329
0.852032
0.873556
0.870826
0.862073
0.887512
0.867717
0.86777
0.872533
0.864314
0.85986
0.877609
0.878938
0.871283
0.86816
0.865303
0.864577
0.853253
0.85314
0.874023
0.868005
0.887802
0.85322
0.878852
0.851743
0.870589
0.888571
0.866763
0.88975
0.855337
0.863867
0.869289
0.877516
0.866952
0.868109
0.858402
0.884252
0.868373
0.865006
0.86685
0.869262
0.864405
0.86535
0.886518
0.884361
0.888631
0.857554
0.867767
0.863237
0.871662
0.850117
0.863978
0.8598
0.866338
0.878908
0.875906
0.845527
0.867715
0.880216
0.86693
0.879851
0.869959
0.871206
0.885376
0.881736
0.866574
0.869695
0.856009
0.874114
0.888081
0.886387
0.852318
0.877638
0.857853
0.868006
0.871873
0.852479
0.857966
0.86844
0.850805
0.848583
0.868039
0.866544
0.850138
0.855714
0.873529
0.885303
0.8696
0.874853
0.857946
0.863951
0.874057
0.861896
0.87903
0.853389
0.849014
0.856175
0.87929
0.85206
0.878249
0.885853
0.859445
0.87029
0.870825
0.875045
0.86647
0.855328
0.863037
0.865515
0.887649
0.868606
0.870241
0.856183
0.861038
0.88364
0.873683
0.886085
0.857134
0.881845
0.853714
0.876661
0.859436
0.87713
0.854311
0.869279
0.859815
0.876476
0.882157
0.871669
0.884996
0.891284
0.869148
0.862615
0.865213
0.872218
0.867956
0.868344
0.887999
0.854271
0.868302
0.871785
0.869379
0.873135
0.856414
0.866537
0.885838
0.887279
0.868599
0.886071
0.868156
0.885419
0.862541
0.859704
0.854689
0.872395
0.873772
0.887689
0.876543
0.879107
0.853798
0.88696
0.868859
0.863157
0.875836
0.876215
0.864185
0.858153
0.858434
0.847297
0.869342
0.852323
0.855301
0.876117
0.873866
0.867026
0.872803
0.86933
0.861575
0.852739
0.880126
0.864914
0.886837
0.883219
0.85708
0.874562
0.859485
0.883739
0.874154
0.885967
0.867965
0.869675
0.865879
0.888106
0.875626
0.853289
0.876295
0.885878
0.875455
0.863999
0.84885
0.873132
0.879024
0.881606
0.870735
0.879206
0.885528
0.869715
0.870178
0.847354
0.851069
0.8734
0.86555
0.864
0.863397
0.857631
0.876809
0.873779
0.87217
0.851384
0.88456
0.889352
0.863169
0.888572
0.86769
0.854673
0.866214
0.855561
0.848194
0.869508
0.866504
0.852987
0.873129
0.881983
0.869722
0.850856
0.878388
0.868361
0.867787
0.886326
0.884159
0.866535
0.871653
0.877175
0.872196
0.856648
0.864016
0.85581
0.887747
0.860507
0.866628
0.87591
0.873702
0.856585
0.875783
0.869258
0.870889
0.866781
0.868173
0.867049
0.869937
0.879247
0.868927
0.877226
0.871234
0.885803
0.865027
0.886501
0.864209
0.860349
0.885546
0.86721
0.885431
0.879398
0.874354
0.868587
0.8801
0.852502
0.862977
0.8509
0.884831
0.854407
0.879614
0.8678
0.880819
0.861527
0.8613
0.849396
0.883772
0.875373
0.866888
0.870374
0.8699
0.865642
0.865741
0.885893
0.883733
0.871796
0.852439
0.88175
0.862117
0.863927
0.879022
0.863188
0.84295
0.862914
0.877802
0.86607
0.856502
0.883559
0.879106
0.856942
0.851279
0.900046
0.864962
0.856625
0.886891
0.879451
0.863
0.855495
0.888418
0.868405
0.854827
0.879168
0.883181
0.877735
0.863958
0.870164
0.854097
0.863447
0.864473
0.870146
0.860927
0.867606
0.865966
0.865754
0.866712
0.870496
0.882366
0.857713
0.879687
0.855636
0.865557
0.858124
0.873802
0.877798
0.865335
0.872278
0.868496
0.878362
0.883557
0.877949
0.86776
0.880726
0.874692
0.880332
0.876259
0.854986
0.850199
0.873261
0.875935
0.872606
0.875151
0.877109
0.869354
0.877826
0.870073
0.871366
0.870288
0.87692
0.878589
0.870832
0.865533
0.88564
0.8719
0.884859
0.878236
0.872418
0.868044
0.887989
0.864998
0.870824
0.852178
0.884101
0.872463
0.871155
0.869357
0.856644
0.88338
0.881849
0.86708
0.884731
0.865623
0.865727
0.86878
0.868868
0.885259
0.881075
0.872546
0.87104
0.853886
0.850749
0.878684
0.851541
0.852061
0.871928
0.878203
0.863311
0.878026
0.856877
0.879389
0.851095
0.871453
0.86241
0.854017
0.872146
0.868392
0.874358
0.870414
0.882845
0.870389
0.879274
0.855285
0.852696
0.855204
0.870482
0.886616
0.887157
0.879271
0.876489
0.861526
0.848782
0.87164
0.871833
0.88517
0.872618
0.850761
0.876943
0.87076
0.868653
0.866882
0.867711
0.87144
0.890124
0.870169
0.857809
0.868762
0.88295
0.86759
0.877342
0.875954
0.86038
0.869352
0.860079
0.869215
0.866782
0.870599
0.881439
0.877504
0.876726
0.86242
0.875102
0.870961
0.886092
0.875726
0.865932
0.885187
0.879012
0.886115
0.857147
0.873164
0.85515
0.890389
0.881645
0.893543
0.867332
0.869982
0.852672
0.883041
0.873881
0.856347
0.862581
0.878047
0.876395
0.855704
0.879932
0.857991
0.849323
0.869577
0.863876
0.876499
0.868163
0.876828
0.853626
0.882753
0.885591
0.859697
0.878949
0.878468
0.849531
0.885784
0.85624
0.859399
0.871873
0.869139
0.854334
0.8677
0.857411
0.856922
0.857368
0.872791
0.880285
0.866484
0.882056
0.869023
0.889066
0.866524
0.860057
0.887671
0.87572
0.874594
0.855269
0.878603
0.870152
0.869004
0.868722
0.877397
0.871739
0.853941
0.885479
0.878463
0.85363
0.868743
0.865801
0.852946
0.860858
0.869267
0.853163
0.887835
0.889292
0.869069
0.871705
0.876374
0.872882
0.877947
0.870115
0.881782
0.897913
0.869912
0.864638
0.884455
0.867768
0.854162
0.888488
0.849688
0.869483
0.866533
0.885678
0.876598
0.877779
0.883674
0.866824
0.847388
0.86772
0.873142
0.887208
0.85297
0.885256
0.867248
0.865172
0.884676
0.886562
0.870046
0.867469
0.870915
0.867289
0.86482
0.878003
0.887119
0.870068
0.862869
0.879754
0.88595
0.866609
0.857043
0.865497
0.868277
0.863303
0.859421
0.859492
0.882393
0.885394
0.859773
0.870747
0.858338
0.870773
0.871267
0.853705
0.879895
0.889248
0.87914
0.857079
0.891526
0.85428
0.884228
0.87417
0.868102
0.879066
0.870445
0.87797
0.86793
0.881998
0.851277
0.872107
0.865351
0.87931
0.855069
0.863887
0.85397
0.856796
0.867089
0.867631
0.852681
0.858381
0.869752
0.845028
0.863319
0.884246
0.860491
0.893364
0.869217
0.875462
0.872537
0.866455
0.88066
0.869005
0.876121
0.870043
0.858618
0.864954
0.868238
0.886378
0.857496
0.893241
0.868949
0.867085
0.87706
0.858675
0.879962
0.879539
0.878162
0.86133
0.870499
0.848722
0.875961
0.871484
0.850763
0.876885
0.869352
0.881718
0.885118
0.865604
0.857179
0.870411
0.86801
0.876833
0.858405
0.887039
0.872839
0.891123
0.864972
0.885583
0.876939
0.863344
0.875179
0.886416
0.874835
0.867856
0.867233
0.859906
0.875606
0.868364
0.867381
0.874712
0.886589
0.87989
0.870406
0.864229
0.867896
0.867655
0.871654
0.854632
0.884539
0.889282
0.866315
0.869595
0.886426
0.89193
0.879609
0.873255
0.875332
0.868082
0.856975
0.880026
0.876293
0.875755
0.859431
0.853249
0.873127
0.8764
0.882588
0.858313
0.873375
0.860562
0.862705
0.884615
0.867493
0.887001
0.856219
0.854301
0.877358
0.868022
0.853688
0.868228
0.879661
0.875624
0.867387
0.883741
0.871553
0.878289
0.877927
0.877837
0.889291
0.88004
0.871529
0.850337
0.867374
0.88149
0.868892
0.871768
0.874083
0.86361
0.859043
0.869794
0.866722
0.869078
0.868989
0.870578
0.862459
0.852717
0.873503
0.877232
0.883251
0.881889
0.854316
0.863784
0.878389
0.870927
0.86179
0.88665
0.855015
0.868639
0.870351
0.863349
0.873176
0.864322
0.861962
0.857326
0.886476
0.877846
0.886243
0.871077
0.870416
0.869867
0.868652
0.869927
0.880767
0.857259
0.870812
0.880704
0.857265
0.88451
0.852233
0.864261
0.871602
0.873246
0.853812
0.870324
0.866062
0.848893
0.87942
0.875697
0.886787
0.889049
0.87504
0.887661
0.857226
0.888523
0.864681
0.867922
0.860271
0.867972
0.865119
0.880958
0.859833
0.870007
0.856078
0.871802
0.8555
0.85532
0.883022
0.856538
0.874386
0.888566
0.86703
0.851043
0.874135
0.877981
0.874899
0.882898
0.844221
0.873987
0.861231
0.854866
0.858724
0.889854
0.85229
0.869773
0.854251
0.872387
0.884385
0.869553
0.869894
0.877654
0.871298
0.85532
0.885917
0.869436
0.862283
0.88038
0.884365
0.87277
0.865745
0.879995
0.878025
0.867636
0.884538
0.867084
0.887525
0.867478
0.890024
0.864457
0.880383
0.871572
0.882953
0.879197
0.888325
0.872283
0.871547
0.888071
0.872647
0.885387
0.867777
0.871988
0.868578
0.869166
0.8635
0.886094
0.851634
0.875328
0.886722
0.868455
0.864257
0.868552
0.87927
0.884883
0.858477
0.863427
0.866755
0.883048
0.867853
0.869722
0.857823
0.871025
0.851211
0.874961
0.874814
0.885249
0.877442
0.864924
0.871607
0.882377
0.8526
0.869076
0.884362
0.866719
0.886699
0.851724
0.86745
0.866423
0.869811
0.873244
0.886595
0.870969
0.859937
0.855862
0.863895
0.876707
0.881973
0.887721
0.853108
0.866358
0.886277
0.867465
0.879159
0.852812
0.877848
0.865144
0.876833
0.865441
0.867606
0.855171
0.878699
0.871064
0.854029
0.888496
0.856767
0.869765
0.888153
0.87903
0.865046
0.879843
0.865062
0.851188
0.874607
0.854726
0.885184
0.864127
0.887518
0.86899
0.879906
0.872588
0.886401
0.852098
0.859
0.85371
0.877162
0.871057
0.87829
0.876531
0.850065
0.853101
0.885526
0.868485
0.887521
0.880332
0.85835
0.873279
0.866196
0.866581
0.870618
0.865603
0.878607
0.869282
0.879888
0.84595
0.87721
0.86466
0.861906
0.866858
0.87987
0.86652
0.869124
0.879124
0.858515
0.883697
0.877525
0.869675
0.896861
0.867823
0.861168
0.8759
0.86923
0.86154
0.874533
0.870183
0.866798
0.870403
0.869681
0.881234
0.882342
0.876782
0.88751
0.884119
0.886945
0.87596
0.878607
0.879445
0.872089
0.877597
0.889242
0.88378
0.865526
0.856132
0.869738
0.867291
0.852511
0.886786
0.852863
0.871396
0.875829
0.872778
0.883652
0.871948
0.886537
0.868147
0.874739
0.88683
0.883324
0.88589
0.875646
0.856707
0.877933
0.865968
0.86981
0.870301
0.88113
0.870191
0.868585
0.889101
0.880187
0.870076
0.866948
0.881674
0.855457
0.886585
0.864805
0.879246
0.869847
0.876099
0.883877
0.87088
0.887027
0.858818
0.866396
0.884993
0.872458
0.869342
0.872721
0.8716
0.869992
0.853829
0.870603
0.861599
0.847597
0.870116
0.856599
0.875515
0.853806
0.884348
0.872368
0.856592
0.877191
0.877789
0.873929
0.871318
0.869409
0.853931
0.887624
0.873768
0.870468
0.885101
0.864513
0.873864
0.872783
0.866999
0.869724
0.875565
0.871197
0.858377
0.86901
0.877747
0.86916
0.855302
0.869686
0.871308
0.870163
0.860382
0.860203
0.874148
0.88411
0.888552
0.866117
0.871015
0.856765
0.870576
0.870597
0.864617
0.864066
0.864844
0.868812
0.853198
0.864311
0.881381
0.85716
0.86848
0.850973
0.889185
0.870621
0.851873
0.85568
0.875984
0.866726
0.853452
0.866698
0.889272
0.884119
0.865568
0.885631
0.878753
0.870477
0.871861
0.878287
0.860197
0.853878
0.865852
0.874525
0.88538
0.881524
0.876952
0.865242
0.853905
0.87242
0.884883
0.888642
0.873571
0.865398
0.88172
0.887596
0.869096
0.868771
0.886911
0.856521
0.855594
0.851408
0.851612
0.865698
0.869463
0.866521
0.858963
0.875398
0.869291
0.874969
0.878069
0.873081
0.855787
0.864396
0.861582
0.885557
0.881757
0.864038
0.865084
0.876689
0.876461
0.873509
0.886154
0.876687
0.876952
0.864737
0.880247
0.868826
0.870156
0.871011
0.868355
0.865762
0.870956
0.869403
0.872107
0.887128
0.88748
0.86953
0.858483
0.88834
0.878995
0.873927
0.872825
0.850843
0.871797
0.86777
0.855342
0.87816
0.863093
0.858818
0.884673
0.869553
0.860928
0.871628
0.873697
0.865332
0.866323
0.864044
0.878696
0.869627
0.886259
0.867921
0.868429
0.855051
0.870886
0.884145
0.869288
0.87972
0.879401
0.861706
0.854018
0.864987
0.870159
0.855019
0.873133
0.864947
0.854831
0.889425
0.870952
0.858619
0.884318
0.885564
0.871302
0.852897
0.871802
0.868296
0.866449
0.880206
0.853659
0.860627
0.863732
0.85327
0.857367
0.868466
0.863424
0.869813
0.866356
0.868891
0.847871
0.869849
0.872117
0.867631
0.862606
0.85651
0.852959
0.888232
0.886471
0.872134
0.871439
0.870714
0.885679
0.878605
0.871204
0.870022
0.886771
0.880478
0.876837
0.892208
0.878743
0.855432
0.865822
0.868286
0.865374
0.853371
0.870321
0.869429
0.852689
0.865308
0.853462
0.869476
0.864504
0.870019
0.861289
0.866525
0.866927
0.86801
0.878514
0.886259
0.863077
0.84969
0.878684
0.867211
0.859385
0.868834
0.881037
0.886133
0.877644
0.88731
0.874878
0.866338
0.86966
0.86157
0.866728
0.877387
0.887838
0.887856
0.8689
0.888307
0.866688
0.88504
0.865205
0.874763
0.861598
0.875666
0.881993
0.883874
0.882042
0.878609
0.866256
0.866663
0.865267
0.864455
0.865198
0.875376
0.858437
0.884142
0.868158
0.868868
0.874154
0.850116
0.866696
0.872873
0.870092
0.871771
0.86898
0.871416
0.858844
0.86143
0.876709
0.889862
0.870455
0.886345
0.885925
0.865397
0.870039
0.867627
0.870593
0.862523
0.877098
0.864643
0.869041
0.851663
0.864004
0.871264
0.866779
0.851173
0.852109
0.871308
0.869012
0.885161
0.865017
0.866418
0.882158
0.878369
0.865987
0.851289
0.87291
0.868669
0.855499
0.867364
0.877774
0.867724
0.852185
0.87729
0.869346
0.855033
0.862048
0.867654
0.869801
0.866481
0.871671
0.879819
0.883566
0.87523
0.888766
0.887272
0.883298
0.861339
0.867719
0.866041
0.861073
0.867025
0.863039
0.88788
0.869258
0.875759
0.870664
0.889161
0.868292
0.872673
0.869358
0.881655
0.864326
0.879596
0.854893
0.868536
0.867995
0.853023
0.871197
0.851749
0.857024
0.867288
0.878675
0.879359
0.880353
0.87038
0.876681
0.865704
0.879525
0.849951
0.872505
0.880624
0.870138
0.872175
0.87228
0.87446
0.868898
0.866782
0.868059
0.863819
0.881775
0.884968
0.872088
0.877694
0.867988
0.865628
0.861575
0.871489
0.874783
0.886427
0.87151
0.861051
0.886343
0.864287
0.872408
0.855364
0.877305
0.868252
0.872036
0.866306
0.878616
0.861979
0.879285
0.866127
0.872167
0.854469
0.871858
0.888307
0.850851
0.865367
0.855604
0.87181
0.880215
0.870262
0.879562
0.880935
0.856907
0.866595
0.875068
0.877729
0.851851
0.869194
0.854414
0.871783
0.87136
0.862693
0.851478
0.872577
0.886499
0.872124
0.871383
0.868636
0.865566
0.882988
0.868561
0.865282
0.869646
0.869518
0.86977
0.863134
0.868521
0.858231
0.856117
0.867663
0.879632
0.851298
0.853409
0.855464
0.864728
0.861749
0.874879
0.887105
0.879338
0.865537
0.865971
0.859192
0.873523
0.865906
0.869573
0.879723
0.858356
0.878242
0.868829
0.867201
0.877885
0.883842
0.869335
0.885221
0.871231
0.876646
0.874973
0.862271
0.878464
0.869379
0.887779
0.868714
0.8683
0.8711
0.887996
0.887449
0.858314
0.876945
0.871846
0.872504
0.85603
0.861889
0.867359
0.879931
0.887342
0.850887
0.862742
0.85313
0.85666
0.859454
0.869918
0.869115
0.886236
0.865044
0.876975
0.862019
0.871583
0.890063
0.868119
0.874925
0.876837
0.862565
0.868653
0.8553
0.865331
0.874322
0.868204
0.892517
0.878333
0.861005
0.869333
0.851191
0.868571
0.872842
0.871263
0.881844
0.86812
0.869226
0.882611
0.86737
0.874041
0.861956
0.88737
0.869384
0.870342
0.866801
0.868109
0.853577
0.887406
0.874273
0.853455
0.854752
0.86892
0.867345
0.858599
0.867714
0.885927
0.862866
0.871168
0.88336
0.868737
0.871892
0.87838
0.87063
0.866901
0.885567
0.854816
0.865892
0.874314
0.864424
0.870613
0.886173
0.874202
0.886564
0.867376
0.878056
0.874155
0.865431
0.866596
0.856874
0.870417
0.867078
0.871583
0.866059
0.860644
0.878828
0.881884
0.85251
0.86931
0.866559
0.867432
0.869472
0.850496
0.886161
0.874186
0.878012
0.871534
0.866273
0.864568
0.879087
0.869264
0.86107
0.868731
0.851531
0.85197
0.866706
0.865591
0.882924
0.875573
0.877671
0.871532
0.878421
0.87117
0.87756
0.860635
0.869111
0.876626
0.864396
0.880339
0.86757
0.8749
0.870477
0.851827
0.858087
0.884392
0.850754
0.865154
0.87201
0.868339
0.877276
0.885641
0.858177
0.879904
0.864997
0.853164
0.878139
0.862564
0.879018
0.889287
0.855412
0.86826
0.869328
0.855851
0.883221
0.849636
0.883437
0.869842
0.86886
0.868707
0.86941
0.855826
0.872896
0.868666
0.870722
0.880086
0.868179
0.88772
0.858899
0.881246
0.879904
0.859179
0.863108
0.867843
0.851633
0.869294
0.866048
0.879484
0.876516
0.886592
0.869786
0.88658
0.867745
0.859929
0.869126
0.865828
0.887876
0.847699
0.871012
0.855701
0.876036
0.869021
0.881109
0.880493
0.878507
0.857433
0.880849
0.868011
0.873737
0.85822
0.876078
0.887581
0.874577
0.877037
0.875103
0.854186
0.875599
0.891181
0.870773
0.88082
0.849191
0.855725
0.859095
0.850818
0.86805
0.85449
0.868698
0.876486
0.871603
0.885318
0.857935
0.887639
0.88838
0.879284
0.868073
0.87166
0.886236
0.869726
0.888579
0.88044
0.874884
0.869161
0.878011
0.868434
0.868464
0.867475
0.862411
0.869656
0.871607
0.868451
0.866191
0.87033
0.871781
0.874134
0.848672
0.853446
0.849833
0.882408
0.887743
0.868815
0.866347
0.864625
0.853507
0.877223
0.854012
0.858272
0.882203
0.872712
0.875778
0.871733
0.867316
0.88202
0.870854
0.858103
0.879226
0.863006
0.864547
0.878063
0.865225
0.885316
0.865913
0.886142
0.860419
0.865497
0.864382
0.879374
0.868849
0.864824
0.867529
0.886463
0.869529
0.864322
0.857249
0.849594
0.878001
0.88631
0.86572
0.856048
0.868002
0.865333
0.866612
0.879066
0.868129
0.877071
0.870054
0.884839
0.865283
0.87389
0.888062
0.868937
0.88171
0.879567
0.870211
0.852917
0.866776
0.867797
0.868494
0.867998
0.874754
0.859314
0.878491
0.885955
0.877621
0.864242
0.88153
0.866857
0.858567
0.861513
0.872125
0.867518
0.884555
0.870502
0.855765
0.866952
0.876683
0.853666
0.877753
0.860839
0.8796
0.885512
0.873704
0.869153
0.85962
0.87986
0.875237
0.868488
0.861473
0.876724
0.89111
0.85731
0.859149
0.844771
0.866694
0.862648
0.891025
0.867467
0.870671
0.873474
0.871334
0.868345
0.844334
0.869731
0.864529
0.876045
0.860429
0.876059
0.866899
0.876742
0.900023
0.876027
0.881154
0.869201
0.887167
0.888071
0.888654
0.858198
0.887484
0.872529
0.864049
0.884628
0.869953
0.879579
0.878269
0.888916
0.855983
0.862437
0.896335
0.869301
0.841632
0.857707
0.883975
0.871762
0.862727
0.875011
0.885333
0.863092
0.873574
0.863382
0.875991
0.887139
0.862201
0.887897
0.872241
0.857234
0.871977
0.868781
0.852235
0.874335
0.843782
0.848839
0.86677
0.876313
0.871742
0.863446
0.868184
0.865787
0.86872
0.866184
0.848858
0.87523
0.859993
0.859316
0.877281
0.886942
0.865563
0.88731
0.867772
0.859937
0.884757
0.874426
0.885322
0.867191
0.876637
0.882417
0.860265
0.866024
0.872941
0.86002
0.869641
0.879476
0.860551
0.876394
0.872462
0.86164
0.888752
0.856786
0.880444
0.856804
0.877688
0.854625
0.878496
0.88345
0.870269
0.869578
0.866435
0.863942
0.868825
0.855419
0.878484
0.884985
0.879269
0.86212
0.886078
0.862726
0.8872
0.867895
0.865781
0.868206
0.881473
0.887934
0.86697
0.867156
0.870223
0.866944
0.876395
0.869108
0.861024
0.872937
0.855735
0.900188
0.869312
0.866936
0.871112
0.888825
0.86484
0.860118
0.869488
0.868541
0.854218
0.855246
0.884399
0.869015
0.873657
0.875741
0.870625
0.865678
0.856865
0.88621
0.867506
0.886387
0.862688
0.874998
0.864511
0.873151
0.874418
0.887109
0.86938
0.864409
0.87082
0.887985
0.867987
0.866548
0.852609
0.878406
0.866431
0.873312
0.88639
0.86747
0.873264
0.851576
0.8562
0.857119
0.861038
0.869225
0.865173
0.869663
0.86725
0.88185
0.866565
0.865605
0.851599
0.866074
0.867213
0.853642
0.868566
0.878669
0.865612
0.885952
0.889672
0.86928
0.871355
0.883648
0.888138
0.86941
0.879608
0.874489
0.879213
0.87073
0.880118
0.871112
0.882958
0.852075
0.889345
0.871609
0.883514
0.889126
0.871233
0.868852
0.866654
0.857321
0.86763
0.863241
0.883278
0.874082
0.865937
0.878297
0.884552
0.873666
0.856424
0.85818
0.867569
0.859377
0.863141
0.875568
0.873096
0.8754
0.884766
0.887779
0.864924
0.88187
0.887005
0.852613
0.863405
0.86942
0.870485
0.875575
0.886593
0.852317
0.853265
0.864281
0.852032
0.868891
0.868181
0.870244
0.88097
0.879464
0.867463
0.855988
0.884759
0.84851
0.862496
0.870108
0.873135
0.88631
0.866399
0.873412
0.87263
0.886794
0.868455
0.859403
0.87843
0.880118
0.868844
0.867919
0.874223
0.872376
0.867143
0.88409
0.853563
0.858568
0.870509
0.858405
0.878456
0.86914
0.866346
0.851479
0.880542
0.869748
0.863036
0.878382
0.864725
0.88714
0.878734
0.867366
0.873063
0.871991
0.851897
0.870241
0.869867
0.869057
0.869514
0.883412
0.867375
0.885887
0.884975
0.886092
0.864018
0.863294
0.873615
0.879227
0.879592
0.865232
0.874434
0.871195
0.853047
0.862733
0.894098
0.870406
0.870699
0.868369
0.874183
0.862562
0.857251
0.872806
0.854422
0.856945
0.876871
0.856047
0.87236
0.865921
0.887036
0.8741
0.888317
0.874655
0.877125
0.851574
0.853012
0.869461
0.881588
0.872779
0.898807
0.870293
0.869777
0.886272
0.869985
0.861787
0.84453
0.85966
0.854476
0.859
0.874017
0.876754
0.866483
0.850482
0.863525
0.888732
0.860706
0.852015
0.882813
0.865989
0.870278
0.861389
0.87221
0.869555
0.870003
0.884397
0.872146
0.867496
0.852987
0.870777
0.888507
0.879606
0.886386
0.882866
0.863896
0.88462
0.888708
0.866024
0.877558
0.861396
0.860049
0.886264
0.883023
0.876806
0.873309
0.870036
0.867513
0.869146
0.865383
0.887341
0.868312
0.846221
0.870685
0.854107
0.884772
0.874514
0.87037
0.886045
0.873007
0.867149
0.855016
0.865572
0.862189
0.853553
0.868661
0.878276
0.880812
0.867054
0.869488
0.884126
0.869311
0.876138
0.872735
0.871041
0.855916
0.872177
0.88625
0.863043
0.867768
0.859433
0.866964
0.882846
0.873805
0.865291
0.872948
0.878227
0.871489
0.872073
0.875404
0.889992
0.872992
0.871283
0.880477
0.866245
0.88013
0.872341
0.858925
0.872859
0.878758
0.868496
0.871006
0.872882
0.887947
0.869367
0.87171
0.860526
0.885511
0.869752
0.885795
0.884517
0.90062
0.884181
0.868009
0.849802
0.889162
0.86873
0.887525
0.868353
0.887541
0.865317
0.856563
0.88921
0.869473
0.853514
0.862658
0.871687
0.879041
0.890549
0.876666
0.868569
0.867053
0.868628
0.883712
0.865832
0.854185
0.881111
0.851302
0.876129
0.868345
0.855676
0.883983
0.880696
0.867494
0.852881
0.880835
0.870237
0.866534
0.879405
0.866929
0.863754
0.856405
0.867893
0.870583
0.857158
0.866883
0.8733
0.864188
0.885615
0.87113
0.870214
0.866576
0.871566
0.856153
0.873748
0.872215
0.860468
0.863323
0.890917
0.885654
0.887608
0.86429
0.872346
0.869024
0.854182
0.887996
0.866356
0.866377
0.879309
0.873106
0.851953
0.850969
0.85933
0.875645
0.863918
0.882751
0.884205
0.854834
0.879598
0.882858
0.88756
0.852309
0.86694
0.849597
0.866699
0.868609
0.877204
0.876918
0.866895
0.886349
0.883496
0.882935
0.857327
0.87473
0.870454
0.861262
0.871901
0.870732
0.877753
0.868527
0.871078
0.854544
0.867448
0.884961
0.867878
0.863656
0.868728
0.867986
0.881039
0.873934
0.852798
0.857237
0.849918
0.863497
0.869067
0.866296
0.883597
0.848927
0.868294
0.875747
0.880084
0.853224
0.866527
0.866912
0.88609
0.886991
0.865636
0.877036
0.888387
0.870899
0.873903
0.869457
0.872153
0.86968
0.869974
0.89606
0.865095
0.861626
0.871885
0.878527
0.867271
0.855324
0.856098
0.890615
0.870737
0.868394
0.888167
0.866314
0.873189
0.862365
0.869147
0.844692
0.858064
0.848912
0.868402
0.859893
0.878989
0.888323
0.87581
0.857166
0.854426
0.890908
0.858628
0.885784
0.865808
0.873602
0.889487
0.877107
0.855578
0.876821
0.869922
0.879337
0.866952
0.862308
0.879962
0.868802
0.856179
0.866596
0.868169
0.867274
0.871177
0.872382
0.867028
0.85745
0.882884
0.875866
0.865997
0.876751
0.856682
0.891159
0.877051
0.862544
0.870533
0.850566
0.884747
0.878118
0.87623
0.87122
0.881533
0.865799
0.867299
0.879022
0.862865
0.858542
0.872027
0.887735
0.868049
0.882628
0.876397
0.852521
0.870428
0.868215
0.863341
0.878741
0.887029
0.869619
0.868732
0.868857
0.874127
0.861607
0.870273
0.870028
0.867559
0.877623
0.876459
0.84755
0.848728
0.880533
0.852746
0.869207
0.855658
0.865062
0.875877
0.855076
0.882114
0.865044
0.877131
0.876814
0.858917
0.865171
0.890936
0.877035
0.862288
0.877557
0.880478
0.85471
0.870741
0.877008
0.864712
0.875952
0.854097
0.873278
0.863506
0.867086
0.852544
0.878518
0.870913
0.867795
0.876101
0.873047
0.850566
0.867565
0.884543
0.853011
0.868577
0.884991
0.853048
0.869402
0.866317
0.867971
0.869982
0.873565
0.867913
0.853669
0.856128
0.876886
0.857649
0.87401
0.885715
0.869002
0.859228
0.882787
0.88182
0.866113
0.887394
0.882759
0.87002
0.870918
0.884932
0.864835
0.886096
0.867849
0.852024
0.87316
0.869047
0.873022
0.884732
0.87729
0.87243
0.873435
0.870818
0.870086
0.850543
0.86239
0.883475
0.865677
0.882706
0.880874
0.86646
0.891431
0.869551
0.882439
0.869634
0.870973
0.872457
0.866018
0.867148
0.879941
0.869562
0.86983
0.887524
0.853397
0.884546
0.878451
0.857799
0.865904
0.863774
0.868535
0.872587
0.890876
0.879357
0.86411
0.868521
0.872116
0.866505
0.856753
0.868752
0.878444
0.853966
0.879917
0.869416
0.871906
0.863426
0.870583
0.86562
0.877358
0.853986
0.868239
0.883858
0.868929
0.856788
0.865333
0.867957
0.869755
0.867374
0.867608
0.873744
0.866686
0.862436
0.875366
0.865385
0.852537
0.869379
0.867563
0.880766
0.872146
0.861295
0.869441
0.858228
0.871274
0.860464
0.869289
0.87436
0.857636
0.866827
0.869853
0.854552
0.852227
0.866987
0.88277
0.87706
0.873694
0.880786
0.869979
0.857655
0.862104
0.868039
0.889123
0.873051
0.886386
0.85835
0.867376
0.875229
0.861479
0.8624
0.868973
0.85851
0.86028
0.844953
0.868963
0.865164
0.88038
0.874673
0.879347
0.868289
0.869387
0.849818
0.865065
0.8526
0.871654
0.88157
0.856924
0.863643
0.858648
0.885334
0.882319
0.8661
0.869255
0.871994
0.86443
0.870763
0.880691
0.892057
0.867495
0.866226
0.850601
0.870415
0.855587
0.889093
0.851567
0.888074
0.886997
0.868886
0.888221
0.847824
0.850353
0.846553
0.877007
0.870725
0.870166
0.864285
0.884194
0.85538
0.869514
0.86652
0.885396
0.868438
0.872464
0.857835
0.864928
0.872375
0.860061
0.849803
0.882025
0.866151
0.882972
0.877034
0.867741
0.885505
0.889938
0.869129
0.868711
0.871291
0.853181
0.867029
0.863283
0.878277
0.878953
0.851418
0.868983
0.880074
0.879598
0.880129
0.853193
0.877865
0.874362
0.859463
0.87314
0.869744
0.882608
0.889377
0.867098
0.867592
0.878301
0.879745
0.856101
0.867237
0.860667
0.853941
0.872556
0.880341
0.860098
0.860797
0.87819
0.852527
0.872392
0.853703
0.888214
0.866482
0.878237
0.864745
0.870812
0.855306
0.869334
0.872132
0.872484
0.873739
0.87088
0.867451
0.86829
0.867667
0.874272
0.864511
0.886731
0.846605
0.879131
0.881284
0.867195
0.866446
0.887246
0.868984
0.887682
0.852221
0.86034
0.851362
0.873495
0.856003
0.864281
0.869775
0.865697
0.869308
0.86546
0.866166
0.886522
0.875902
0.869781
0.883667
0.894999
0.869587
0.862521
0.868581
0.86686
0.866843
0.888031
0.871159
0.867859
0.855544
0.866978
0.866582
0.886669
0.881829
0.887502
0.87385
0.847956
0.878291
0.868512
0.882188
0.870921
0.870965
0.869454
0.876664
0.863844
0.889128
0.860196
0.863069
0.8814
0.872283
0.853167
0.863803
0.87738
0.883527
0.877811
0.864828
0.871282
0.886345
0.882519
0.879167
0.855494
0.870853
0.869605
0.861603
0.877549
0.853214
0.866153
0.875902
0.857645
0.86734
0.870654
0.866815
0.870813
0.86831
0.870543
0.88661
0.870139
0.854586
0.880619
0.857977
0.857731
0.880774
0.862287
0.868169
0.853193
0.849729
0.886634
0.851695
0.858551
0.872269
0.879135
0.873235
0.867095
0.879737
0.872133
0.883752
0.868928
0.855717
0.881048
0.86695
0.868835
0.85739
0.856799
0.858344
0.877789
0.868436
0.860865
0.850733
0.884655
0.866719
0.891208
0.859514
0.890235
0.866074
0.85754
0.889092
0.875913
0.886468
0.866925
0.859397
0.867866
0.869597
0.863653
0.879207
0.867055
0.863241
0.872331
0.882755
0.854804
0.88553
0.855799
0.867615
0.869915
0.86823
0.868039
0.872397
0.880019
0.8778
0.869831
0.867237
0.883178
0.887552
0.873075
0.888592
0.873103
0.889849
0.868251
0.886262
0.880786
0.870132
0.868178
0.87793
0.883759
0.84725
0.865405
0.847003
0.8503
0.870485
0.873114
0.87854
0.848767
0.879654
0.863604
0.868914
0.853706
0.86691
0.879881
0.867578
0.871535
0.869797
0.874744
0.850395
0.878116
0.887034
0.880965
0.889368
0.870249
0.874031
0.857826
0.863477
0.856651
0.875875
0.886733
0.852015
0.856252
0.866885
0.885473
0.868957
0.873538
0.863338
0.849249
0.879446
0.877015
0.888223
0.875625
0.886922
0.876793
0.851599
0.861266
0.867432
0.871435
0.87281
0.888478
0.870574
0.867943
0.858739
0.87078
0.88279
0.86863
0.900732
0.879567
0.873634
0.87255
0.882659
0.87059
0.889039
0.884736
0.853619
0.887137
0.871735
0.880581
0.885122
0.867967
0.879955
0.850137
0.881872
0.891764
0.859741
0.866351
0.866133
0.875591
0.884207
0.877634
0.86224
0.87662
0.873198
0.879177
0.876732
0.863979
0.886214
0.867586
0.865352
0.888205
0.889608
0.854749
0.84025
0.883477
0.870655
0.864804
0.868145
0.855342
0.869264
0.865986
0.879927
0.86436
0.879814
0.862696
0.865427
0.868202
0.864413
0.868337
0.870824
0.860296
0.870667
0.885262
0.866261
0.885539
0.889298
0.868466
0.882227
0.867777
0.87034
0.845151
0.847234
0.859707
0.86574
0.861358
0.879755
0.886127
0.879374
0.874179
0.856864
0.870591
0.847964
0.868847
0.864416
0.872451
0.885871
0.87133
0.884993
0.864695
0.879107
0.877562
0.867835
0.858582
0.865476
0.865035
0.852028
0.863616
0.870038
0.876314
0.881792
0.849685
0.863545
0.8519
0.874011
0.86754
0.853237
0.872916
0.873547
0.869361
0.883925
0.866377
0.888963
0.871896
0.875934
0.85618
0.884291
0.869225
0.870573
0.868797
0.865138
0.876731
0.862106
0.862373
0.869401
0.866423
0.858971
0.870861
0.873919
0.866116
0.871843
0.867929
0.858704
0.87832
0.878433
0.864208
0.865166
0.873137
0.887329
0.879002
0.871148
0.886304
0.873535
0.855229
0.863893
0.8858
0.877598
0.870732
0.866552
0.862243
0.867384
0.865331
0.87596
0.868109
0.89051
0.866444
0.884586
0.875276
0.870639
0.880026
0.866247
0.879102
0.8761
0.881712
0.854059
0.87234
0.878144
0.866595
0.886729
0.866924
0.851937
0.881484
0.884493
0.869669
0.885391
0.863278
0.866104
0.887728
0.862884
0.881049
0.87148
0.880994
0.867165
0.856274
0.881211
0.87188
0.870106
0.869402
0.865302
0.87092
0.864534
0.859065
0.890537
0.884872
0.867161
0.878315
0.872647
0.864212
0.873695
0.866643
0.867876
0.873528
0.871421
0.88499
0.887662
0.866256
0.867794
0.870424
0.8698
0.868396
0.872128
0.850773
0.890163
0.867626
0.874396
0.856677
0.877266
0.871431
0.876985
0.868608
0.877561
0.866554
0.888949
0.869402
0.868409
0.885439
0.859785
0.871745
0.87097
0.888478
0.860423
0.884656
0.848504
0.876826
0.864401
0.859021
0.889358
0.87547
0.863692
0.87835
0.867533
0.870716
0.856885
0.869344
0.888518
0.86936
0.884769
0.872766
0.876959
0.865492
0.869126
0.877834
0.869582
0.86985
0.871217
0.876676
0.880003
0.866854
0.868904
0.870054
0.873699
0.880341
0.867058
0.864823
0.867742
0.876805
0.858401
0.886536
0.881131
0.855737
0.869427
0.862978
0.878419
0.886255
0.882182
0.857578
0.887715
0.854996
0.866385
0.866132
0.85414
0.874587
0.869071
0.877668
0.851916
0.870018
0.870666
0.887624
0.865738
0.870699
0.849315
0.870518
0.876261
0.868984
0.869831
0.871143
0.865374
0.8692
0.889508
0.853675
0.869836
0.87716
0.880215
0.867455
0.877012
0.878091
0.872596
0.87035
0.867219
0.853806
0.864825
0.878232
0.850472
0.86477
0.865951
0.867643
0.878726
0.886419
0.883694
0.885887
0.877033
0.8679
0.887264
0.863236
0.869703
0.879673
0.868609
0.876307
0.869406
0.870314
0.8746
0.887454
0.862836
0.855435
0.86712
0.856503
0.878708
0.886561
0.869556
0.873238
0.865755
0.859633
0.867385
0.874788
0.876369
0.851553
0.888208
0.84894
0.86806
0.866523
0.860224
0.879254
0.870595
0.881416
0.871064
0.864955
0.884037
0.863962
0.884813
0.867235
0.870143
0.876953
0.871434
0.862792
0.858039
0.878805
0.866515
0.886172
0.859196
0.867842
0.884329
0.87837
0.869122
0.871494
0.849144
0.867467
0.86644
0.858247
0.88015
0.857105
0.869514
0.886833
0.86785
0.887615
0.865975
0.888549
0.868682
0.880614
0.869828
0.872588
0.857524
0.886003
0.87436
0.849479
0.879408
0.867889
0.886135
0.885324
0.857328
0.890278
0.877421
0.854329
0.856439
0.86515
0.871344
0.881791
0.853636
0.864833
0.853879
0.865075
0.857729
0.872093
0.871649
0.883741
0.867726
0.873201
0.882365
0.873709
0.854937
0.861338
0.867738
0.873074
0.884206
0.854448
0.875873
0.867211
0.856139
0.878216
0.880046
0.868443
0.891487
0.860865
0.854472
0.882578
0.856584
0.872335
0.86721
0.873291
0.88539
0.891476
0.867124
0.863395
0.862816
0.8845
0.876382
0.871012
0.860637
0.858217
0.870125
0.867921
0.862267
0.868746
0.870548
0.881936
0.878871
0.861639
0.865142
0.869793
0.870147
0.864447
0.849005
0.874173
0.863451
0.887628
0.870588
0.885111
0.871465
0.871647
0.869064
0.886926
0.861082
0.859483
0.883324
0.863591
0.869458
0.871963
0.864282
0.888065
0.862648
0.86843
0.878182
0.882719
0.870734
0.858339
0.876926
0.858877
0.865482
0.879173
0.870716
0.864344
0.869082
0.862625
0.871988
0.894175
0.87133
0.868302
0.870154
0.859183
0.88336
0.865726
0.88905
0.866956
0.854309
0.888904
0.860288
0.867857
0.870028
0.867136
0.881477
0.861266
0.861807
0.868901
0.876478
0.852301
0.85069
0.889526
0.876942
0.88411
0.848182
0.868354
0.856902
0.871943
0.867819
0.875635
0.853308
0.860796
0.86611
0.864136
0.876963
0.885086
0.867815
0.86754
0.873292
0.871988
0.870372
0.887478
0.847341
0.886434
0.863716
0.874571
0.885781
0.880691
0.861852
0.86673
0.857003
0.87765
0.885187
0.868541
0.876691
0.862257
0.868997
0.879718
0.869243
0.879949
0.885802
0.861763
0.86853
0.853362
0.869247
0.855389
0.883886
0.864772
0.884172
0.854813
0.872188
0.867469
0.867863
0.878671
0.864811
0.868722
0.854928
0.885207
0.879972
0.871901
0.865574
0.886887
0.870966
0.858059
0.866118
0.885231
0.887775
0.885394
0.868969
0.858053
0.872113
0.863818
0.872047
0.872156
0.886243
0.881187
0.871696
0.882575
0.883474
0.87043
0.870047
0.866409
0.874818
0.867716
0.861255
0.870434
0.863256
0.871072
0.87146
0.860527
0.87054
0.870462
0.85767
0.889046
0.867276
0.868351
0.871154
0.86576
0.849504
0.871554
0.871436
0.866609
0.869841
0.88106
0.869927
0.859354
0.86613
0.864302
0.867933
0.866374
0.869587
0.857345
0.876691
0.860658
0.883593
0.873007
0.853834
0.883786
0.886395
0.864777
0.876859
0.866322
0.880067
0.871297
0.878347
0.868116
0.848775
0.86967
0.855351
0.865015
0.884101
0.880146
0.888518
0.868956
0.873906
0.865682
0.869708
0.87144
0.876442
0.87634
0.875641
0.849004
0.86743
0.870407
0.867484
0.875286
0.85346
0.885722
0.859435
0.880341
0.86677
0.871274
0.86898
0.875188
0.870648
0.868569
0.868089
0.882835
0.860833
0.873018
0.88715
0.87039
0.877664
0.864086
0.876714
0.857012
0.866897
0.870407
0.866942
0.858419
0.871098
0.856432
0.878485
0.876471
0.849263
0.873955
0.856082
0.867563
0.882107
0.87093
0.885662
0.856713
0.853098
0.848137
0.866494
0.860154
0.867521
0.877015
0.867101
0.873303
0.885668
0.863078
0.87093
0.877114
0.878643
0.873514
0.873322
0.850617
0.848391
0.866944
0.853789
0.862803
0.876004
0.871207
0.854811
0.872105
0.8635
0.85365
0.875806
0.867883
0.866494
0.88068
0.874858
0.876227
0.876153
0.866728
0.857387
0.864793
0.868277
0.87026
0.877508
0.878078
0.869962
0.873407
0.889758
0.863149
0.899446
0.878982
0.87135
0.855868
0.866848
0.865505
0.865742
0.883205
0.873097
0.8462
0.868183
0.865075
0.880694
0.888411
0.879882
0.887516
0.86684
0.871329
0.871101
0.886006
0.880626
0.852049
0.875127
0.86653
0.864219
0.867689
0.87256
0.85207
0.886059
0.851391
0.87431
0.868937
0.855084
0.868034
0.868349
0.8757
0.87068
0.871742
0.882999
0.866433
0.849553
0.870624
0.878528
0.87234
0.877683
0.864705
0.877805
0.875202
0.855095
0.868173
0.871889
0.867663
0.890958
0.858556
0.875245
0.870916
0.856684
0.870558
0.875675
0.88
0.887756
0.874579
0.872099
0.865252
0.884925
0.889495
0.8548
0.874113
0.878691
0.872432
0.873505
0.874614
0.885407
0.871379
0.879238
0.852252
0.877278
0.870851
0.868783
0.866652
0.869731
0.865598
0.851774
0.872492
0.87216
0.868501
0.869097
0.867951
0.868671
0.85093
0.863941
0.868585
0.865983
0.872185
0.870147
0.879953
0.870016
0.870027
0.870319
0.868074
0.868314
0.866711
0.868053
0.87137
0.862621
0.8698
0.864758
0.88037
0.889506
0.862902
0.879408
0.885125
0.866703
0.871066
0.884734
0.868437
0.872343
0.876995
0.863013
0.869673
0.866156
0.878465
0.861695
0.879381
0.868037
0.877099
0.8752
0.868714
0.862286
0.866333
0.850993
0.880295
0.862077
0.866989
0.864595
0.888355
0.893862
0.85144
0.881844
0.863094
0.871102
0.870898
0.876532
0.85293
0.864643
0.870654
0.872953
0.867816
0.85464
0.870609
0.871177
0.866726
0.853358
0.863598
0.871996
0.851835
0.887113
0.867408
0.887287
0.882883
0.874311
0.866647
0.864283
0.870753
0.865623
0.87198
0.851397
0.869602
0.87042
0.886639
0.868761
0.87441
0.878538
0.86714
0.869554
0.857765
0.885773
0.868144
0.875652
0.86623
0.885569
0.855968
0.884282
0.866201
0.874029
0.866642
0.857803
0.882536
0.870746
0.866347
0.86831
0.873412
0.87635
0.86858
0.867663
0.880529
0.873237
0.878098
0.887745
0.881823
0.872652
0.874857
0.871155
0.85488
0.854641
0.870093
0.876504
0.884881
0.883347
0.850595
0.873492
0.848991
0.885353
0.869753
0.87291
0.884989
0.866562
0.878541
0.869597
0.862685
0.888327
0.852869
0.853
0.864655
0.857883
0.871604
0.867754
0.876608
0.881624
0.860218
0.887269
0.846162
0.870507
0.872896
0.868474
0.850995
0.869356
0.867729
0.857482
0.866613
0.860497
0.867792
0.879165
0.870768
0.86834
0.884576
0.861048
0.868281
0.887214
0.862439
0.870025
0.878956
0.866408
0.872078
0.868012
0.871484
0.867972
0.869516
0.883902
0.877575
0.884385
0.859362
0.879332
0.880123
0.867278
0.852327
0.851783
0.869537
0.870917
0.871881
0.879622
0.857385
0.858376
0.88057
0.868129
0.87072
0.869679
0.874621
0.857577
0.868228
0.880133
0.864454
0.85798
0.871162
0.870202
0.87909
0.886501
0.869184
0.865505
0.864584
0.883762
0.890122
0.864619
0.858255
0.849922
0.871164
0.881077
0.850028
0.86574
0.879745
0.851997
0.869721
0.889525
0.870007
0.854072
0.878315
0.870887
0.884025
0.861057
0.878773
0.864457
0.862958
0.86825
0.864863
0.870865
0.869785
0.874674
0.887575
0.871608
0.868408
0.876364
0.887978
0.862581
0.867952
0.86201
0.855572
0.868726
0.862668
0.870589
0.86221
0.878343
0.85687
0.85428
0.884054
0.879224
0.867935
0.887113
0.871432
0.851465
0.869813
0.853721
0.877139
0.876561
0.883633
0.860749
0.844856
0.872785
0.848843
0.873701
0.870193
0.851863
0.86313
0.867831
0.863995
0.886684
0.880857
0.869525
0.867256
0.864764
0.878347
0.88654
0.870698
0.858555
0.883723
0.866877
0.884722
0.871058
0.867707
0.869312
0.864767
0.864309
0.8878
0.863163
0.877525
0.877916
0.865565
0.865579
0.864348
0.86689
0.861586
0.870774
0.872245
0.872425
0.870537
0.864948
0.884683
0.878508
0.849922
0.887764
0.86853
0.870084
0.873844
0.867526
0.84959
0.86667
0.883313
0.888213
0.856922
0.879083
0.871686
0.856137
0.871344
0.864256
0.87014
0.868512
0.870004
0.874578
0.868401
0.872386
0.862299
0.878104
0.873165
0.86658
0.880371
0.863349
0.869544
0.87979
0.885252
0.868232
0.869184
0.889318
0.871912
0.872424
0.854984
0.88473
0.861047
0.886328
0.885012
0.88208
0.889254
0.886309
0.874634
0.884795
0.865129
0.870177
0.871434
0.889575
0.870779
0.853587
0.867991
0.874931
0.866096
0.872717
0.873697
0.881367
0.864839
0.85733
0.866222
0.854206
0.867692
0.878441
0.883108
0.87444
0.863549
0.87606
0.872562
0.883332
0.878342
0.88969
0.869703
0.879094
0.870723
0.866738
0.861445
0.878839
0.855106
0.867711
0.882702
0.866132
0.860359
0.880309
0.866806
0.847813
0.878887
0.874352
0.871533
0.882054
0.886342
0.870313
0.877488
0.882398
0.856063
0.887255
0.884639
0.887277
0.869073
0.857327
0.871636
0.864251
0.873935
0.885647
0.882797
0.85634
0.866085
0.86797
0.867402
0.878353
0.866368
0.856408
0.865383
0.87101
0.865437
0.865017
0.889731
0.868626
0.873659
0.884341
0.874723
0.862181
0.859267
0.875051
0.870463
0.86896
0.887169
0.869286
0.876536
0.862995
0.868484
0.887181
0.872915
0.855642
0.867275
0.859028
0.863545
0.879706
0.869538
0.879493
0.859844
0.865977
0.870463
0.867485
0.870582
0.856845
0.883282
0.872552
0.868441
0.874523
0.88484
0.855625
0.868559
0.861859
0.86447
0.881779
0.885113
0.868218
0.883788
0.864424
0.868692
0.8798
0.872684
0.883659
0.866345
0.878758
0.856068
0.867456
0.869537
0.869351
0.873619
0.84521
0.885241
0.853809
0.88798
0.868305
0.876415
0.871063
0.866558
0.851846
0.869994
0.8631
0.870973
0.870037
0.872531
0.889611
0.866286
0.87275
0.875345
0.878861
0.873562
0.863017
0.870054
0.865551
0.870094
0.858546
0.85762
0.866142
0.884634
0.851593
0.876103
0.86744
0.874801
0.872138
0.886462
0.866427
0.860437
0.866832
0.884202
0.874649
0.866384
0.867537
0.86274
0.882818
0.859381
0.865536
0.885596
0.890089
0.880383
0.863417
0.873698
0.874813
0.878083
0.878527
0.872897
0.870652
0.868113
0.863616
0.887156
0.857113
0.868829
0.887823
0.845955
0.856469
0.87127
0.880078
0.867915
0.885114
0.866619
0.862376
0.870368
0.860235
0.871284
0.850264
0.873552
0.884414
0.866781
0.858018
0.880406
0.850612
0.863367
0.862498
0.877315
0.871942
0.870349
0.859629
0.85756
0.88948
0.900355
0.886624
0.857139
0.855135
0.870462
0.88835
0.876616
0.881467
0.872083
0.867263
0.869613
0.84492
0.851689
0.88774
0.879209
0.863396
0.875319
0.860275
0.871058
0.879586
0.882823
0.874627
0.867474
0.888109
0.865109
0.865848
0.871142
0.878198
0.874454
0.856055
0.868185
0.855981
0.875084
0.874384
0.881008
0.874887
0.866452
0.855741
0.851653
0.857571
0.88498
0.866788
0.875944
0.886559
0.868157
0.888706
0.850503
0.867357
0.867224
0.88138
0.87465
0.865544
0.877177
0.862759
0.874759
0.878464
0.870522
0.886484
0.868204
0.876059
0.878259
0.869468
0.850156
0.8614
0.888021
0.876412
0.867959
0.86992
0.865664
0.858889
0.869719
0.872671
0.854333
0.864945
0.853355
0.869316
0.875587
0.886259
0.870613
0.856542
0.870081
0.848592
0.862189
0.867827
0.871237
0.875748
0.858255
0.877915
0.871928
0.868063
0.881339
0.864137
0.867652
0.866805
0.85446
0.891851
0.869047
0.889952
0.882764
0.857429
0.856169
0.870036
0.885004
0.854921
0.878521
0.852041
0.873431
0.899037
0.857255
0.868963
0.866465
0.873683
0.872829
0.867116
0.881963
0.854417
0.872701
0.853142
0.871436
0.871975
0.865498
0.868253
0.870205
0.872787
0.861096
0.849637
0.859103
0.882507
0.86982
0.868572
0.869759
0.871219
0.849837
0.858717
0.870886
0.884989
0.876633
0.870812
0.875076
0.871223
0.884101
0.868945
0.871387
0.876828
0.87812
0.866142
0.864049
0.876192
0.85043
0.851294
0.877189
0.865674
0.866792
0.882951
0.864588
0.877009
0.883559
0.886986
0.878874
0.869445
0.867004
0.851461
0.876839
0.88335
0.857787
0.870457
0.861165
0.886087
0.860956
0.86978
0.865151
0.881043
0.877426
0.878527
0.865819
0.869868
0.883655
0.870005
0.872837
0.860884
0.868392
0.872139
0.88671
0.88873
0.885353
0.865912
0.877594
0.864033
0.873912
0.86527
0.866258
0.868797
0.877831
0.871264
0.890247
0.871666
0.868231
0.864881
0.854302
0.868944
0.869135
0.880924
0.900878
0.863787
0.868305
0.873225
0.86694
0.871406
0.867689
0.851757
0.877199
0.871174
0.870147
0.877137
0.861743
0.856021
0.871647
0.852661
0.849328
0.864661
0.855425
0.875578
0.869711
0.859275
0.886756
0.878007
0.885236
0.852038
0.868268
0.851901
0.887358
0.871615
0.873125
0.879721
0.885443
0.87029
0.872387
0.849309
0.84196
0.887757
0.852955
0.868315
0.86966
0.874274
0.869266
0.866809
0.887866
0.866307
0.855859
0.882997
0.871421
0.871413
0.875911
0.886944
0.868248
0.888073
0.87409
0.883338
0.87999
0.880664
0.859941
0.878802
0.845876
0.844073
0.845167
0.865038
0.879144
0.8766
0.869026
0.862361
0.864425
0.884714
0.860372
0.850295
0.872045
0.85244
0.885794
0.873752
0.868613
0.856101
0.874088
0.868416
0.866944
0.863731
0.882877
0.88729
0.866671
0.867256
0.86884
0.879303
0.878642
0.862528
0.87864
0.851226
0.884674
0.860075
0.869656
0.871177
0.867407
0.874993
0.865801
0.886172
0.871215
0.877718
0.867493
0.855911
0.868799
0.853338
0.854573
0.885084
0.862766
0.866972
0.878292
0.867209
0.870742
0.855728
0.859368
0.886931
0.86989
0.869275
0.881985
0.875959
0.881017
0.888004
0.87565
0.870653
0.872928
0.88301
0.868852
0.871557
0.872329
0.851064
0.864338
0.878128
0.860464
0.869978
0.887239
0.88729
0.868093
0.869404
0.883161
0.882395
0.885606
0.888847
0.890119
0.858147
0.873957
0.851645
0.877084
0.869344
0.885841
0.881597
0.856978
0.854385
0.878694
0.845936
0.867155
0.879799
0.885382
0.849529
0.849456
0.886733
0.874437
0.864601
0.871961
0.857244
0.868109
0.885543
0.879022
0.900823
0.877701
0.88965
0.865121
0.870463
0.881592
0.878782
0.870476
0.869996
0.868531
0.855857
0.870916
0.868727
0.866448
0.888101
0.872556
0.872497
0.880605
0.878285
0.872672
0.868738
0.862231
0.874204
0.870036
0.889616
0.882759
0.88627
0.857966
0.866799
0.883494
0.880392
0.864975
0.885956
0.869219
0.881239
0.871648
0.892628
0.864835
0.875426
0.866433
0.881686
0.864748
0.867681
0.867365
0.878308
0.868727
0.860516
0.849477
0.871933
0.891191
0.864797
0.849311
0.854781
0.880778
0.861453
0.869201
0.873972
0.871233
0.867927
0.872279
0.877816
0.888499
0.855787
0.877329
0.855619
0.847792
0.861069
0.874727
0.864528
0.879425
0.86617
0.866597
0.870502
0.844275
0.862216
0.886825
0.842223
0.875723
0.867816
0.862146
0.865535
0.865533
0.872905
0.86549
0.871081
0.86673
0.887735
0.864843
0.888817
0.868758
0.874189
0.894229
0.845331
0.856221
0.887584
0.868039
0.875656
0.871783
0.883207
0.878492
0.869647
0.866392
0.854214
0.860622
0.866831
0.883139
0.868216
0.876236
0.871939
0.887458
0.864858
0.863309
0.858929
0.865834
0.867713
0.884089
0.865909
0.868572
0.864044
0.872929
0.864212
0.871161
0.885972
0.880779
0.864503
0.86814
0.854937
0.875462
0.867097
0.876873
0.876552
0.880912
0.860443
0.86832
0.869587
0.863616
0.876274
0.854056
0.863413
0.873035
0.868849
0.865495
0.864833
0.870778
0.889633
0.879425
0.863598
0.878146
0.875641
0.855637
0.867749
0.88471
0.869102
0.873008
0.867598
0.862488
0.889262
0.869189
0.857987
0.870558
0.878791
0.85766
0.868763
0.858204
0.878142
0.862135
0.866555
0.886492
0.871322
0.865714
0.873959
0.871363
0.87805
0.853699
0.869319
0.868169
0.865516
0.878533
0.867389
0.882532
0.881116
0.878624
0.865872
0.875654
0.873878
0.867127
0.887951
0.86066
0.888713
0.858222
0.888667
0.87351
0.855138
0.877683
0.856111
0.869193
0.867974
0.868334
0.873365
0.879279
0.871379
0.867623
0.871516
0.870217
0.871151
0.87107
0.875828
0.877634
0.870874
0.883738
0.868876
0.878131
0.86746
0.875251
0.877093
0.866882
0.867217
0.867659
0.869102
0.865969
0.889079
0.871331
0.869116
0.879511
0.8664
0.86397
0.879971
0.877949
0.862376
0.879299
0.855736
0.875099
0.870906
0.85208
0.869501
0.88759
0.870271
0.878899
0.889923
0.88749
0.866415
0.882544
0.863349
0.853072
0.849662
0.887038
0.866297
0.871315
0.874946
0.881796
0.870331
0.874296
0.850317
0.866413
0.887191
0.886084
0.885425
0.872725
0.887088
0.8847
0.852983
0.86433
0.867809
0.872741
0.876251
0.852369
0.878267
0.858346
0.863594
0.868938
0.85308
0.865991
0.869792
0.865677
0.852978
0.872216
0.883018
0.864542
0.879603
0.887587
0.868049
0.859523
0.883898
0.869347
0.882105
0.857609
0.865447
0.862878
0.860047
0.872329
0.860452
0.868537
0.875609
0.868739
0.864027
0.88755
0.862512
0.883668
0.856773
0.877399
0.868009
0.871924
0.865068
0.863593
0.877302
0.880253
0.888065
0.869494
0.879127
0.868828
0.867999
0.881924
0.868363
0.860618
0.848742
0.880936
0.866985
0.873397
0.873175
0.874238
0.888464
0.852567
0.876089
0.869297
0.85216
0.864869
0.853663
0.857495
0.870468
0.882298
0.868461
0.877437
0.871123
0.854705
0.878941
0.883144
0.868096
0.856953
0.870378
0.852422
0.878811
0.869432
0.887643
0.877791
0.859156
0.867718
0.86759
0.866245
0.859068
0.870758
0.845696
0.871751
0.852491
0.884466
0.863949
0.872495
0.870873
0.869859
0.870856
0.867833
0.869561
0.875421
0.863
0.877739
0.871101
0.876524
0.877395
0.872529
0.868914
0.852275
0.876687
0.849264
0.869717
0.871338
0.883369
0.884659
0.870786
0.880316
0.877717
0.869854
0.869977
0.854526
0.869271
0.887119
0.865897
0.878837
0.858241
0.871847
0.867947
0.865725
0.853332
0.877788
0.876789
0.865914
0.848321
0.853505
0.868439
0.87885
0.854956
0.875573
0.885987
0.847712
0.869471
0.844129
0.877483
0.867434
0.888271
0.870043
0.871361
0.869363
0.880744
0.887478
0.864222
0.881728
0.879849
0.869835
0.871858
0.887681
0.869942
0.856632
0.882276
0.860392
0.881264
0.872292
0.8671
0.877843
0.865299
0.879963
0.860307
0.857524
0.870336
0.850132
0.899516
0.886808
0.889941
0.866786
0.861886
0.863806
0.882676
0.874399
0.885346
0.868954
0.873682
0.870066
0.854838
0.88634
0.864097
0.881787
0.88854
0.867566
0.861143
0.857834
0.879064
0.854111
0.869372
0.88257
0.866843
0.889539
0.869148
0.857208
0.867431
0.881743
0.85947
0.866792
0.884103
0.863064
0.879392
0.871906
0.86592
0.864227
0.867029
0.855906
0.870572
0.867691
0.867434
0.86748
0.853105
0.876983
0.866585
0.854389
0.853641
0.857162
0.856402
0.870194
0.872383
0.870261
0.868917
0.853725
0.858683
0.875612
0.883487
0.86919
0.883343
0.887635
0.870181
0.866465
0.86274
0.860979
0.872349
0.86791
0.878501
0.857121
0.862027
0.869487
0.867784
0.889383
0.872271
0.8861
0.849421
0.885195
0.887545
0.869558
0.863684
0.851932
0.867037
0.852307
0.86478
0.857812
0.848775
0.884085
0.886003
0.854187
0.870713
0.875845
0.858453
0.866302
0.865701
0.8653
0.866525
0.87259
0.862591
0.845144
0.870336
0.869229
0.882053
0.883513
0.883227
0.87062
0.876855
0.868956
0.87686
0.85882
0.867174
0.865326
0.887965
0.867884
0.889265
0.88943
0.856272
0.860818
0.878092
0.888575
0.877955
0.880273
0.867502
0.879446
0.864824
0.858532
0.857293
0.882794
0.8522
0.888164
0.870367
0.861667
0.867461
0.864481
0.871476
0.868971
0.86869
0.887792
0.870149
0.88933
0.853797
0.866395
0.876466
0.865524
0.860559
0.87016
0.882877
0.886565
0.885983
0.869432
0.852967
0.887376
0.871989
0.871137
0.886274
0.873888
0.862698
0.880149
0.886932
0.861769
0.884109
0.85346
0.870603
0.8639
0.868704
0.869228
0.876602
0.875364
0.864713
0.846705
0.873763
0.874345
0.866091
0.867403
0.869626
0.888521
0.862902
0.866877
0.896122
0.873494
0.869517
0.86996
0.875263
0.863316
0.854086
0.86454
0.882402
0.869567
0.87296
0.869785
0.8518
0.852067
0.868298
0.867085
0.882114
0.869822
0.865747
0.891101
0.859857
0.865783
0.869964
0.867209
0.875329
0.867471
0.870063
0.872845
0.869538
0.871264
0.865677
0.865911
0.871091
0.858677
0.865208
0.870454
0.882661
0.878766
0.867048
0.860861
0.883781
0.864526
0.872681
0.873604
0.868392
0.879827
0.880194
0.877821
0.879662
0.879624
0.879222
0.886185
0.860798
0.881059
0.8774
0.858364
0.856117
0.871609
0.884138
0.866285
0.885899
0.862195
0.867703
0.860119
0.885561
0.8657
0.880271
0.868366
0.871391
0.881975
0.857419
0.846259
0.884688
0.879487
0.860374
0.862102
0.881326
0.889242
0.870546
0.866065
0.885251
0.884758
0.861603
0.858907
0.878473
0.855519
0.876832
0.857405
0.879077
0.851821
0.86524
0.878628
0.870619
0.885688
0.871314
0.88464
0.878741
0.87423
0.86631
0.865608
0.864615
0.885167
0.850429
0.868315
0.870076
0.870906
0.865034
0.857174
0.865906
0.8506
0.866173
0.864909
0.838831
0.868152
0.868911
0.886823
0.853157
0.88478
0.874648
0.886344
0.879978
0.861764
0.885143
0.867319
0.86555
0.871119
0.861172
0.872209
0.868338
0.869751
0.868421
0.850237
0.878755
0.852388
0.863727
0.873292
0.848017
0.876514
0.869331
0.869017
0.880569
0.864592
0.86798
0.866964
0.876153
0.888412
0.865921
0.875322
0.886162
0.873876
0.863696
0.879474
0.875091
0.871927
0.866243
0.88719
0.875297
0.86382
0.861299
0.889994
0.873941
0.865619
0.869491
0.879907
0.851125
0.885487
0.868344
0.886678
0.888062
0.871622
0.859058
0.87378
0.866607
0.870667
0.871973
0.871563
0.86722
0.885888
0.867356
0.877076
0.880949
0.874136
0.858419
0.86392
0.879426
0.866609
0.861403
0.869809
0.870021
0.878522
0.855247
0.858244
0.849862
0.866492
0.864966
0.868627
0.873545
0.874712
0.866586
0.865038
0.870218
0.876713
0.879446
0.889727
0.87607
0.875231
0.866324
0.857596
0.869195
0.880372
0.890677
0.888181
0.871961
0.856378
0.872887
0.876523
0.881909
0.885793
0.887574
0.864677
0.886355
0.87273
0.852383
0.871149
0.870893
0.872118
0.859902
0.878954
0.886174
0.884987
0.864285
0.864185
0.867389
0.87367
0.870641
0.871104
0.875894
0.881156
0.857792
0.848029
0.884389
0.858822
0.868531
0.884345
0.867057
0.86648
0.879165
0.872033
0.882012
0.887339
0.866919
0.854328
0.868738
0.875212
0.862446
0.881464
0.864483
0.887499
0.871508
0.860097
0.873447
0.869137
0.862377
0.853719
0.867679
0.879095
0.856785
0.875721
0.883506
0.884405
0.880301
0.865946
0.893467
0.84816
0.883852
0.869615
0.860655
0.867444
0.852672
0.874965
0.876938
0.864281
0.876509
0.867947
0.8831
0.873664
0.879249
0.880402
0.869105
0.870756
0.877524
0.869574
0.870033
0.870052
0.885218
0.870968
0.868149
0.867348
0.869813
0.892388
0.864408
0.852486
0.861852
0.867732
0.868633
0.875416
0.871039
0.869943
0.870501
0.863265
0.87159
0.874577
0.883805
0.868173
0.877483
0.881005
0.859563
0.854142
0.865366
0.885731
0.856405
0.870209
0.881666
0.848572
0.875253
0.870184
0.864564
0.8864
0.867782
0.868277
0.85064
0.876013
0.868071
0.875168
0.857775
0.883269
0.884368
0.877846
0.851209
0.878095
0.857502
0.878363
0.865914
0.880112
0.868939
0.865214
0.851634
0.877958
0.8704
0.879487
0.847371
0.849099
0.860445
0.865484
0.863658
0.863798
0.868986
0.865702
0.879794
0.882712
0.872194
0.873976
0.874229
0.878849
0.871452
0.866128
0.867389
0.867507
0.87641
0.878406
0.871646
0.847748
0.881637
0.880542
0.863096
0.852477
0.862253
0.873589
0.865669
0.879234
0.882161
0.881196
0.851979
0.876867
0.853819
0.852721
0.866442
0.848807
0.853887
0.855701
0.868267
0.873816
0.859775
0.888038
0.880662
0.863597
0.868307
0.882038
0.878117
0.851747
0.887505
0.867257
0.866391
0.853857
0.886176
0.851724
0.853196
0.866669
0.849496
0.875506
0.872376
0.863677
0.871014
0.865087
0.878719
0.86854
0.868386
0.874118
0.888589
0.86392
0.881161
0.874036
0.866223
0.886351
0.889025
0.850048
0.866225
0.85864
0.887579
0.858785
0.871877
0.850402
0.881282
0.874778
0.867363
0.885969
0.868518
0.867258
0.865143
0.867648
0.879786
0.87141
0.869686
0.878538
0.864431
0.865965
0.862671
0.884772
0.885488
0.871857
0.887905
0.887362
0.878852
0.86979
0.862239
0.867801
0.875023
0.866108
0.876243
0.877756
0.865367
0.88414
0.884592
0.871756
0.867483
0.886954
0.86617
0.850506
0.865758
0.858232
0.880465
0.870404
0.872731
0.868913
0.869619
0.867513
0.876037
0.869575
0.884219
0.850761
0.85114
0.867973
0.889604
0.869424
0.880045
0.865036
0.868834
0.86214
0.866277
0.880215
0.880252
0.87573
0.886943
0.870221
0.866024
0.867928
0.877958
0.868846
0.864932
0.88061
0.868107
0.865809
0.855413
0.868444
0.868109
0.866803
0.880109
0.880799
0.867952
0.870333
0.879785
0.868866
0.872974
0.883895
0.889427
0.870339
0.880396
0.880594
0.857848
0.872797
0.886619
0.865025
0.872443
0.878031
0.867157
0.886048
0.869133
0.866533
0.881028
0.870095
0.868981
0.849304
0.869488
0.877894
0.878692
0.869525
0.8667
0.878009
0.880219
0.850586
0.870472
0.872358
0.870823
0.878203
0.885339
0.864792
0.867188
0.862169
0.883243
0.884678
0.866228
0.865104
0.868305
0.876916
0.882079
0.863955
0.876824
0.865584
0.856819
0.887092
0.872697
0.872784
0.856216
0.88847
0.863825
0.855891
0.870555
0.845634
0.869439
0.866502
0.870601
0.878128
0.859889
0.871732
0.887406
0.887084
0.877907
0.874034
0.855098
0.866986
0.859848
0.883688
0.886642
0.856427
0.855865
0.855869
0.884873
0.881949
0.849505
0.887589
0.872358
0.868331
0.871338
0.880925
0.885222
0.856928
0.861879
0.886591
0.864577
0.87118
0.869935
0.873708
0.872557
0.86572
0.85381
0.86469
0.885832
0.864908
0.855687
0.887786
0.881074
0.866954
0.860608
0.865114
0.880251
0.866918
0.882783
0.844899
0.879482
0.864865
0.870651
0.880963
0.851173
0.863128
0.872153
0.858649
0.870533
0.868881
0.870337
0.852047
0.875152
0.856091
0.872366
0.85987
0.876163
0.866204
0.864033
0.866639
0.862251
0.882551
0.869897
0.878608
0.886475
0.854628
0.857214
0.856183
0.881865
0.851354
0.868343
0.869683
0.868029
0.886657
0.8849
0.851603
0.847833
0.871367
0.857262
0.86303
0.870171
0.869625
0.872016
0.88607
0.866021
0.888476
0.856104
0.870914
0.86578
0.870273
0.865861
0.851727
0.853564
0.868795
0.870342
0.873818
0.877656
0.875337
0.861121
0.865675
0.870088
0.863957
0.871413
0.847474
0.870539
0.872872
0.873678
0.865321
0.870783
0.8512
0.866086
0.872249
0.867111
0.877434
0.86734
0.843638
0.88824
0.880848
0.86708
0.870593
0.862173
0.886956
0.867098
0.864861
0.854715
0.888122
0.865295
0.869181
0.872326
0.878021
0.878692
0.864592
0.872245
0.86856
0.86275
0.887103
0.887399
0.867109
0.869413
0.876976
0.882436
0.853541
0.864025
0.869397
0.869509
0.879472
0.881506
0.884267
0.878451
0.868803
0.866335
0.861567
0.852835
0.86121
0.879155
0.87097
0.882267
0.865708
0.854555
0.886525
0.868709
0.877936
0.872266
0.870404
0.862655
0.878812
0.876588
0.879328
0.869832
0.867466
0.871131
0.889841
0.867123
0.88088
0.878601
0.864009
0.869171
0.858095
0.869683
0.88467
0.886224
0.860871
0.877344
0.865457
0.85029
0.87378
0.880719
0.865202
0.869157
0.884046
0.872773
0.852804
0.882546
0.869651
0.854396
0.867067
0.87613
0.867143
0.900764
0.880103
0.881866
0.889723
0.855405
0.87815
0.873431
0.881327
0.864648
0.877782
0.880578
0.866836
0.867127
0.873104
0.877451
0.867753
0.887546
0.858091
0.874665
0.848372
0.877917
0.844057
0.853191
0.870259
0.86806
0.848013
0.86281
0.844364
0.867772
0.87073
0.874615
0.875702
0.868613
0.856827
0.880175
0.88486
0.864613
0.868696
0.87727
0.864631
0.862704
0.881617
0.889719
0.866805
0.872692
0.861776
0.877532
0.858574
0.879473
0.87347
0.883161
0.866766
0.854943
0.888115
0.867314
0.862076
0.855249
0.876238
0.862671
0.870986
0.846971
0.87051
0.856068
0.850244
0.865826
0.88817
0.862843
0.852788
0.854528
0.886452
0.851144
0.880579
0.867099
0.867374
0.866183
0.856337
0.87288
0.870712
0.857237
0.881942
0.857949
0.848157
0.884365
0.870638
0.877152
0.871351
0.869369
0.877791
0.868742
0.864513
0.851074
0.871613
0.871809
0.869117
0.859401
0.881026
0.888158
0.861604
0.858913
0.877768
0.884659
0.890071
0.85568
0.870376
0.851726
0.869187
0.867171
0.886804
0.859989
0.847441
0.871637
0.871674
0.881431
0.877485
0.855327
0.871397
0.877288
0.856898
0.86762
0.871177
0.873459
0.86741
0.865335
0.854952
0.876858
0.883273
0.868279
0.856321
0.882916
0.876546
0.868834
0.86308
0.887563
0.871091
0.876388
0.876894
0.885879
0.884241
0.858275
0.860429
0.864216
0.864804
0.864539
0.88933
0.866973
0.855636
0.874644
0.872056
0.852313
0.865611
0.871096
0.872482
0.867825
0.873333
0.850198
0.879597
0.871565
0.867532
0.867801
0.857687
0.871213
0.86632
0.85612
0.886955
0.855553
0.885395
0.863359
0.848545
0.870187
0.857596
0.867783
0.869497
0.886557
0.868734
0.8777
0.866363
0.885268
0.860184
0.884378
0.869092
0.871698
0.880033
0.885977
0.878524
0.883297
0.851798
0.885968
0.876547
0.884549
0.861779
0.867549
0.851036
0.879001
0.868808
0.870686
0.879596
0.879319
0.886465
0.876267
0.865629
0.868422
0.872444
0.872033
0.869705
0.883456
0.886534
0.856086
0.880229
0.882064
0.882752
0.867672
0.880563
0.870171
0.872208
0.855813
0.871723
0.880119
0.862171
0.888641
0.869095
0.880439
0.871757
0.877288
0.857078
0.872274
0.872563
0.866614
0.877905
0.856207
0.855728
0.870518
0.870175
0.863969
0.87457
0.887492
0.875374
0.876833
0.866313
0.863427
0.865004
0.876656
0.873107
0.860834
0.872235
0.86846
0.882896
0.874709
0.857742
0.884671
0.870648
0.867753
0.871282
0.857018
0.88537
0.858391
0.869804
0.884394
0.854547
0.867452
0.876893
0.862524
0.878927
0.870221
0.874434
0.863626
0.888561
0.880312
0.873194
0.864451
0.870893
0.885542
0.865888
0.856207
0.852514
0.871996
0.853578
0.855012
0.872906
0.867218
0.880692
0.860192
0.843812
0.859838
0.872856
0.854226
0.867754
0.883326
0.863482
0.853161
0.880123
0.877308
0.872083
0.871146
0.875359
0.864782
0.863565
0.887054
0.867756
0.883144
0.886081
0.86968
0.868484
0.876751
0.869359
0.88942
0.884082
0.885727
0.88999
0.870254
0.879729
0.867927
0.868969
0.848113
0.864243
0.86336
0.863506
0.852597
0.870039
0.865882
0.875553
0.864581
0.856158
0.887408
0.869792
0.859603
0.854219
0.868381
0.852732
0.881954
0.871539
0.859763
0.867722
0.871404
0.880883
0.88642
0.868779
0.872201
0.863468
0.870423
0.854156
0.875043
0.846714
0.887718
0.888775
0.876417
0.86471
0.888667
0.867318
0.864413
0.871928
0.868789
0.882687
0.869998
0.875168
0.860759
0.858645
0.876525
0.866073
0.870388
0.863612
0.885281
0.859365
0.865335
0.867216
0.86194
0.883775
0.847674
0.858003
0.871129
0.869716
0.857006
0.884456
0.874667
0.868308
0.859852
0.850169
0.879201
0.867917
0.883566
0.869004
0.854172
0.850233
0.888159
0.86719
0.872641
0.866398
0.877004
0.861562
0.86426
0.865333
0.869958
0.875585
0.881163
0.882142
0.876493
0.866438
0.871444
0.879467
0.887868
0.880046
0.873735
0.870857
0.875643
0.867372
0.879663
0.876661
0.880671
0.885535
0.870054
0.867801
0.852318
0.887104
0.868274
0.879762
0.86918
0.87051
0.873984
0.885886
0.879771
0.869984
0.877593
0.888205
0.874747
0.85438
0.866725
0.885647
0.863537
0.880059
0.870496
0.887167
0.855185
0.867759
0.871273
0.864093
0.866414
0.862758
0.88472
0.85604
0.87763
0.868674
0.871359
0.857735
0.879015
0.87224
0.874517
0.879028
0.886487
0.869972
0.881609
0.853165
0.867503
0.880035
0.865628
0.868353
0.874153
0.872447
0.884955
0.866265
0.874303
0.853522
0.877744
0.86938
0.878391
0.883576
0.875291
0.86728
0.865449
0.859309
0.880177
0.852223
0.847231
0.886534
0.881863
0.889914
0.859064
0.887294
0.871108
0.867215
0.883034
0.878878
0.873694
0.848818
0.854091
0.879957
0.866811
0.867276
0.870442
0.864374
0.864401
0.891858
0.864059
0.869715
0.884947
0.879077
0.889256
0.865162
0.851171
0.853215
0.870937
0.86561
0.858966
0.869346
0.878771
0.871704
0.873804
0.867257
0.883685
0.8711
0.867384
0.867368
0.870721
0.852035
0.867906
0.865658
0.869837
0.877209
0.863944
0.876867
0.875099
0.87065
0.866522
0.885771
0.883667
0.874884
0.870114
0.879696
0.86226
0.876719
0.878466
0.856014
0.877759
0.861501
0.85936
0.857212
0.873674
0.878949
0.873066
0.882741
0.85723
0.858541
0.87624
0.869475
0.867297
0.854398
0.846949
0.888326
0.867394
0.866964
0.884028
0.866541
0.848416
0.870856
0.876356
0.868511
0.884583
0.86093
0.872368
0.865007
0.855706
0.854165
0.87955
0.876392
0.873493
0.854684
0.873788
0.871968
0.865503
0.855345
0.8505
0.887935
0.867086
0.871744
0.866336
0.853321
0.881592
0.881506
0.860301
0.878865
0.849397
0.870335
0.883752
0.858681
0.871836
0.861338
0.885407
0.866688
0.868375
0.885583
0.853984
0.865634
0.878697
0.88474
0.853957
0.888724
0.862864
0.870642
0.87175
0.868839
0.88025
0.864233
0.855304
0.870623
0.861224
0.856435
0.88536
0.877974
0.871674
0.866407
0.852689
0.87473
0.866072
0.867264
0.853117
0.861633
0.85539
0.860063
0.870968
0.870047
0.885656
0.879803
0.870341
0.853146
0.870023
0.854854
0.866922
0.87095
0.867124
0.869561
0.866331
0.849977
0.846273
0.879169
0.868554
0.873527
0.876424
0.886126
0.865835
0.858564
0.876808
0.861036
0.871878
0.866307
0.87102
0.875401
0.871024
0.857847
0.865844
0.886462
0.872007
0.887998
0.856115
0.87029
0.870713
0.853336
0.866576
0.865458
0.859146
0.861729
0.876114
0.859684
0.869149
0.855917
0.874864
0.858675
0.881054
0.877618
0.864146
0.863145
0.869304
0.874933
0.884777
0.864303
0.890782
0.863749
0.874978
0.868723
0.889048
0.858771
0.87084
0.86408
0.855123
0.876941
0.879806
0.880828
0.876705
0.86274
0.875705
0.877969
0.850346
0.86958
0.889215
0.877603
0.865527
0.879911
0.877392
0.880215
0.8701
0.871466
0.871549
0.861785
0.853607
0.880978
0.876688
0.870973
0.870279
0.866817
0.860287
0.879356
0.853072
0.887898
0.885416
0.864599
0.868052
0.865132
0.870107
0.866345
0.879964
0.861359
0.871331
0.882612
0.864154
0.876606
0.845688
0.869239
0.870986
0.86608
0.860485
0.873096
0.87031
0.866817
0.877862
0.867749
0.856031
0.871069
0.885993
0.881285
0.869458
0.873624
0.880212
0.866708
0.861961
0.868296
0.873436
0.880236
0.886333
0.882755
0.865591
0.88275
0.888699
0.871049
0.863337
0.870029
0.888556
0.888966
0.870796
0.866756
0.87277
0.873761
0.864641
0.884074
0.859056
0.853966
0.899982
0.868283
0.878184
0.886291
0.870268
0.884164
0.882612
0.868737
0.858729
0.865013
0.883052
0.867875
0.882125
0.885309
0.877243
0.871039
0.874617
0.871457
0.869471
0.878992
0.869569
0.895362
0.869272
0.882658
0.882197
0.872993
0.889042
0.869235
0.855711
0.886406
0.865625
0.854784
0.8536
0.869951
0.865857
0.877689
0.863486
0.871127
0.862283
0.895496
0.86365
0.859623
0.871048
0.872999
0.867511
0.871086
0.882855
0.859602
0.870016
0.880428
0.878998
0.854893
0.88
0.88833
0.861875
0.868885
0.877969
0.876317
0.87238
0.859782
0.853388
0.86798
0.870171
0.865475
0.876987
0.87496
0.856494
0.866124
0.870254
0.880499
0.888491
0.873171
0.874987
0.867169
0.88182
0.85106
0.87222
0.867557
0.869432
0.883861
0.853597
0.888104
0.866666
0.866341
0.880709
0.887864
0.86402
0.887603
0.872074
0.873917
0.877881
0.849188
0.852434
0.871973
0.872963
0.872386
0.889283
0.864776
0.867195
0.854875
0.871022
0.854439
0.886788
0.849491
0.881767
0.887792
0.866131
0.854876
0.857277
0.870631
0.856923
0.875585
0.887019
0.882689
0.866871
0.899472
0.885643
0.867598
0.889302
0.857617
0.887419
0.873069
0.866161
0.865355
0.861757
0.863625
0.854012
0.865215
0.887332
0.858091
0.875431
0.853756
0.868063
0.887079
0.866713
0.869185
0.871309
0.874538
0.889348
0.88623
0.844394
0.881914
0.869905
0.864555
0.86764
0.870171
0.863148
0.883413
0.854781
0.86915
0.889346
0.869041
0.868636
0.869832
0.870577
0.889466
0.86869
0.875232
0.854033
0.848963
0.868476
0.870209
0.886855
0.890251
0.871614
0.866704
0.870427
0.85976
0.887538
0.885565
0.87071
0.866293
0.875665
0.871784
0.868999
0.885686
0.866623
0.866237
0.872954
0.873342
0.88024
0.852951
0.888471
0.864461
0.873503
0.867212
0.875479
0.866435
0.857366
0.877298
0.882573
0.852807
0.88205
0.890039
0.868415
0.889532
0.887679
0.889644
0.870693
0.88584
0.870279
0.863502
0.868572
0.860026
0.850611
0.881861
0.871376
0.877945
0.884435
0.889119
0.864974
0.879461
0.859394
0.874397
0.877767
0.863592
0.874166
0.867876
0.86773
0.886951
0.866079
0.881291
0.890332
0.845808
0.882912
0.85691
0.881264
0.84581
0.87475
0.872194
0.888291
0.868285
0.860117
0.856157
0.867284
0.860298
0.877772
0.863383
0.869951
0.863255
0.858311
0.873272
0.872513
0.882117
0.87378
0.849851
0.885952
0.85207
0.872115
0.858285
0.879336
0.867402
0.878289
0.867179
0.885611
0.867747
0.88416
0.870053
0.865525
0.877941
0.868922
0.862656
0.853475
0.871107
0.872674
0.872856
0.885269
0.883745
0.865213
0.892129
0.869018
0.885653
0.890238
0.873861
0.871344
0.872289
0.889802
0.888048
0.840503
0.858747
0.888396
0.86499
0.866842
0.868582
0.870022
0.868177
0.871953
0.870931
0.859269
0.88208
0.872698
0.856459
0.869276
0.866459
0.857515
0.856217
0.885875
0.865333
0.858622
0.878074
0.887221
0.86172
0.854583
0.878527
0.870556
0.867957
0.891333
0.864075
0.869078
0.882065
0.86863
0.88781
0.859787
0.87092
0.868252
0.861879
0.875915
0.880224
0.867995
0.869977
0.854133
0.856873
0.886772
0.863798
0.863052
0.868156
0.883782
0.854624
