1435.02 0.877224 0.00541717
1314.14 0.873059 0.00406151
1122.47 0.880527 0.00418531
1227.48 0.888672 0.00409257
1226.59 0.881057 0.00474927
1118.73 0.879218 0.000320526
1218.59 0.855432 0.0058907
1147.01 0.869542 0.000324953
1260.1 0.88544 0.00254466
1205.33 0.878726 0.0047802
1088.71 0.871072 0.00489447
1150.07 0.855705 0.000327874
1083.2 0.837493 0.000336784
1144.02 0.876338 0.00452612
1223.19 0.885443 0.536271
1010.9 0.876845 0.00416806
1115.02 0.882857 0.00271754
1133.77 0.87264 0.00552739
1115.94 0.868231 0.00032475
1093.61 0.86246 0.000326535
1071.13 0.874671 0.00477027
1231.62 0.838876 0.000336338
1148.08 0.865052 0.000325716
1235.06 0.870861 0.00457984
1100.72 0.858762 0.000328386
1195.24 0.880339 0.00395673
1159.58 0.849927 0.000331936
1239.16 0.885359 0.00261086
1176.92 0.892976 0.00317609
1248.56 0.88991 0.00347993
1113.65 0.880561 0.000320223
1116.46 0.858889 0.000327926
1154.55 0.873532 0.000321899
1075.27 0.880818 0.00456435
1180.04 0.845982 0.000333082
1330.78 0.84436 0.000333495
1270.63 0.879677 0.00274236
1144.49 0.886107 0.00271572
1236.69 0.866186 0.000324039
1069.76 0.887437 0.00365759
1198.36 0.856194 0.000325101
1272.92 0.868239 0.00538081
1186.94 0.873148 0.00523647
1220.82 0.894103 0.00259776
1168.78 0.875212 0.000321779
1059.68 0.886473 0.00264735
1068.3 0.8784 0.00439392
1151.56 0.861463 0.00367946
1324.87 0.838071 0.00528813
1497.24 0.901726 0.00315447
1046.59 0.893905 0.00345321
1136.06 0.882539 0.00484781
1256.89 0.876825 0.00479481
1178.6 0.884908 0.000165443
1277.4 0.852424 0.000329462
1105.18 0.883498 0.00429776
1104.79 0.891738 0.000315894
1200.44 0.877522 0.00270097
1265.29 0.856911 0.00652067
1244.93 0.882645 0.00269474
1147.76 0.883788 0.00263456
1236.76 0.847952 0.00033319
1155.63 0.878024 0.00549614
1160.01 0.86782 0.000325178
1185.12 0.878619 0.00469011
1254.69 0.862832 0.00617491
1085.01 0.861906 0.000324768
1641.82 0.864688 0.00386638
1128.09 0.886298 0.0026547
1318.08 0.881984 0.00258367
1093.43 0.873333 0.000323052
1145.83 0.894186 0.00320994
1196.94 0.886354 0.00267159
1164.36 0.886868 0.00258173
1423.63 0.867032 0.00407227
1184.97 0.880644 0.000320765
1401.1 0.870964 0.00450474
1156.36 0.883792 0.00266921
1163.29 0.860607 0.00541588
1203.91 0.868311 0.00513205
1211.6 0.853666 0.00033125
1172.2 0.885875 0.00264553
1329.79 0.874293 0.00406076
1209.26 0.86199 0.00406582
1356.56 0.88958 0.00317597
1203.44 0.888743 0.00450927
1230.1 0.863973 0.00558327
1065.6 0.878464 0.00473845
1098.72 0.873231 0.000322025
1100.15 0.876453 0.0039775
1222.23 0.881603 0.00534316
1141.75 0.888287 0.00345604
1108.46 0.87549 0.00504222
1120.83 0.86449 0.000325041
1204.26 0.88573 0.00488476
1282.15 0.868193 0.000325073
1225.59 0.881362 0.00276299
1225.89 0.881276 0.00274215
1322.39 0.877883 0.0042129
1110.2 0.89701 0.00275548
1269.3 0.882549 0.00271628
1167.55 0.872148 0.000322437
1215.03 0.871885 0.00518491
1216.29 0.88686 0.00358474
1465.97 0.85311 0.00384679
1202.9 0.878644 0.0050316
1186.11 0.885583 0.00538782
1238 0.883832 0.00374836
1178.35 0.884069 0.00503754
1114.52 0.872331 0.00542495
1226.81 0.885441 0.00269127
1118.6 0.871459 0.0058039
1237.57 0.861405 0.00589317
1430.26 0.894523 0.00276891
1173.1 0.869019 0.000323167
1075.82 0.866409 0.00564691
1107.69 0.865601 0.000325627
1221.98 0.878015 0.00515016
1048.64 0.86814 0.00463753
1331.04 0.877779 0.00416067
1186.23 0.870771 0.00622377
1136.6 0.881327 0.00535503
1134.67 0.868532 0.00562565
1236.65 0.890757 0.00508222
1169.97 0.878982 0.00562434
1189.36 0.878303 0.0048343
1155.65 0.870633 0.000300386
1143.31 0.852983 0.00550692
1474.64 0.858434 0.00032729
1179.89 0.88353 0.00272063
1182.55 0.856889 0.000329271
1180.29 0.872873 0.659643
1147.19 0.887364 0.00404268
1182.42 0.874721 0.00554694
1294.69 0.871159 0.0052956
1143.02 0.871669 0.00469986
1238.69 0.858404 0.00427851
1203.71 0.841634 0.000333771
1246.37 0.876979 0.00453447
1084.08 0.884146 0.00261888
1234.2 0.873491 0.00472515
1108.52 0.887668 0.0046367
1073.51 0.888843 0.00260157
1180.61 0.880555 0.000319381
1218.7 0.868983 0.000322337
1110.35 0.879754 0.000320156
1181.93 0.882082 0.000318376
1196.78 0.878675 0.000312906
1218.42 0.867386 0.000324596
1053.61 0.885451 0.00265103
1184.24 0.878322 0.000320274
1267.9 0.888063 0.00310406
1175.66 0.879474 0.00461809
1312.56 0.882461 0.0046237
1084.63 0.883007 0.00417964
1187.69 0.861008 0.000326875
1218.46 0.875695 0.00457541
1329.96 0.881492 0.00454319
1046.5 0.873972 0.000321339
1248.14 0.854877 0.00775631
1216.25 0.893563 0.00271322
1094.85 0.887384 0.00266294
1191.63 0.862387 0.00404378
1359.11 0.892283 0.00388852
1130.71 0.889106 0.00273876
1204.04 0.883412 0.00273462
1099.91 0.873062 0.00406141
1086.02 0.863691 0.00506754
1156.52 0.885371 0.000318389
1119.29 0.875427 0.000320474
1161.16 0.871894 0.00441759
1080.62 0.843128 0.000334047
1176.15 0.852709 0.00516983
1189.9 0.889235 0.0026701
1180.3 0.887938 0.00424233
1087.03 0.879442 0.0051706
1177.87 0.882366 0.00269512
1252.46 0.843705 0.00033417
1185 0.891737 0.000315491
1123.11 0.88373 0.00463643
1211.41 0.87899 0.000319856
1073.87 0.873496 0.000322778
1237.5 0.883367 0.00371502
1200.97 0.887216 0.00269868
1054.47 0.88107 0.00274218
1231.62 0.879567 0.00478467
1108.89 0.867214 0.00630889
1237.7 0.863328 0.00613971
1166.51 0.889396 0.00261729
1160.23 0.880357 0.000320419
1231.53 0.876621 0.00548445
1216.42 0.856397 0.000329029
1192.6 0.886431 0.00330157
1013.03 0.870598 0.00433089
1218.93 0.88658 0.00255403
1111.28 0.860753 0.00032701
1129.28 0.86456 0.000324987
1152.13 0.877915 0.0048317
1223.78 0.860679 0.000327551
1405.1 0.877907 0.0058261
1225.32 0.889755 0.00357901
1228.41 0.877777 0.00382106
1184.07 0.86858 0.00428511
1192.91 0.885281 0.00481981
1287.88 0.883832 0.00266243
1069.44 0.876079 0.00507648
1153.93 0.882948 0.0027091
1195.54 0.880483 0.00511538
1157.43 0.873877 0.00032183
1162.3 0.888047 0.00270318
1170.37 0.873147 0.000322379
1167.69 0.891668 0.00275963
1246.41 0.878498 0.00489808
1276.56 0.890815 0.0026116
1137.49 0.886451 0.00269356
1166.86 0.876577 0.00519729
1078.31 0.888372 0.00284237
1278.96 0.880303 0.00538898
1145.08 0.874731 0.00437993
1152.92 0.883078 0.00404415
1330.7 0.883961 0.00359896
1239.92 0.874758 0.00567368
1181.03 0.869275 0.00286045
1277.76 0.870391 0.00441667
1142.33 0.878242 0.532663
1238.46 0.891325 0.00422071
1204.57 0.894368 0.00277168
1203.77 0.860138 0.000327261
1190.75 0.88034 0.534324
1333.69 0.852373 0.523918
1154.97 0.878773 0.00455439
1076.31 0.894541 0.00294178
1117.43 0.863879 0.00513607
1226.47 0.886937 0.00350381
1406.03 0.833764 0.00487341
1065.59 0.875157 0.00511326
1292.65 0.857566 0.00600551
1208.69 0.868761 0.00605757
1177.31 0.831271 0.0048913
1148.27 0.880327 0.00454208
1095.41 0.85699 0.000329094
1289.76 0.892735 0.0032115
1180.08 0.851293 0.000330255
1264.59 0.889734 0.0026242
1308.06 0.869449 0.00677629
1148.62 0.879759 0.0055701
1231.51 0.881487 0.00707704
1083.78 0.868543 0.0058823
1154.95 0.877057 0.00555163
1240.26 0.876471 0.00502482
1266.74 0.883201 0.00265769
1385.36 0.887625 0.00289013
1108.64 0.875872 0.00522459
1188.88 0.882328 0.0027481
1164.5 0.886321 0.00263075
1111.43 0.876907 0.00531033
1204.31 0.889848 0.00369618
1186.58 0.858216 0.00581671
1151.34 0.8895 0.0026679
1159.47 0.881472 0.00498117
1110.04 0.873546 0.00523477
1132.16 0.881728 0.000319607
1191.05 0.869018 0.00577128
1196.16 0.864086 0.00557627
1197.3 0.85898 0.00613463
974.285 0.874111 0.00582465
1171.7 0.877285 0.0046394
1063.11 0.871029 0.000323123
1228.58 0.843939 0.00598174
1228.14 0.882923 0.00489476
1131.18 0.883165 0.000317199
1172.5 0.880107 0.00391497
1233.9 0.870808 0.00452127
1300.77 0.882052 0.00272833
1190.86 0.873325 0.000322762
1454.5 0.894985 0.0031953
1341.36 0.886297 0.0027577
1057.35 0.858451 0.000327266
1248.86 0.833745 0.000337683
1233.39 0.876603 0.005355
1153.34 0.863329 0.00500069
1143.4 0.865817 0.000325608
1312.16 0.881546 0.00273645
1134.52 0.886188 0.00478262
1200.75 0.876169 0.0050821
1143.27 0.888634 0.00270525
1139.36 0.874765 0.00481134
1228.91 0.875504 0.0048246
1366.98 0.860086 0.00304126
1136.93 0.876224 0.00437846
1274.22 0.867037 0.000323782
1134.78 0.853912 0.000329939
1147 0.874153 0.536317
1049.44 0.849474 0.00692086
1230.83 0.87743 0.000318773
1133.6 0.872524 0.00032304
1140.64 0.878338 0.00502969
1214.02 0.861866 0.000325767
1201.41 0.882855 0.00383206
1119.97 0.86478 0.000325273
1243.58 0.850748 0.521968
1151.33 0.876435 0.00463746
1197.09 0.892259 0.00260424
1135.09 0.876697 0.00452407
1053.88 0.876548 0.00547529
1239.4 0.890723 0.00259464
1105.18 0.877364 0.00511466
1199.26 0.888123 0.00385505
1151.28 0.873553 0.00626584
1162.42 0.872594 0.00495853
1234.09 0.88963 0.00269836
1416.12 0.891326 0.00266756
1239.05 0.885913 0.0027053
1147.06 0.87234 0.00382425
1146.94 0.870566 0.0046651
1143.95 0.872565 0.000322913
1259.16 0.88882 0.00269212
1126.96 0.849989 0.000330394
1341.24 0.870225 0.00588672
1187.89 0.885384 0.00265694
1281.78 0.892004 0.00355539
1179.13 0.87187 0.00441988
1106.31 0.862561 0.000123026
1138.51 0.874375 0.00467575
1061.41 0.887881 0.00265386
1192.66 0.869841 0.00515941
1234.77 0.879175 0.00428139
1275.59 0.87326 0.00650044
1121.57 0.877306 0.00492243
1258.79 0.880137 0.00267944
1276.29 0.873955 0.00567062
1124.22 0.888276 0.00272137
1153.45 0.876393 0.00465253
1122.97 0.875956 0.000321871
1255.14 0.860976 0.00452821
1196.97 0.864025 0.00659924
1208.6 0.886268 0.00364192
1249.37 0.847548 0.52065
1282.19 0.883595 0.0029894
1144.52 0.890658 0.00351004
1265.38 0.879605 0.00503189
1105.49 0.88568 0.00272843
1121.11 0.87996 0.00440039
1151.48 0.876142 0.00578326
1152.21 0.88938 0.00267922
1259.77 0.878888 0.00273116
1375.93 0.880078 0.00375835
1222.1 0.886001 0.00352025
1141.84 0.873022 0.00032229
1456.3 0.896009 0.00406932
1288.22 0.862759 0.00578947
1154.14 0.894597 0.000314252
1132.55 0.874626 0.000242481
1212.71 0.876151 0.000321093
1248.2 0.872952 0.00519773
1180.79 0.849633 0.0101593
1171.11 0.883903 0.00364864
1295.87 0.87105 0.0048446
1214.46 0.859419 0.00306485
1099.29 0.88915 0.00310702
1235.06 0.87759 0.00588197
1218.55 0.8903 0.000298024
1109.47 0.867665 0.00572767
1136.6 0.861943 0.000326887
1325.24 0.828569 0.00418443
1158.81 0.897445 0.0032873
1307.81 0.883753 0.00564341
1116.92 0.880153 0.00264535
1295.48 0.878194 0.00402146
1134.44 0.881205 0.00483498
1244.94 0.881784 0.00485664
1192.98 0.886062 0.00242874
1102.25 0.871147 0.00516758
1084.45 0.854169 0.000327284
1228.66 0.87838 0.00271861
1157.15 0.885761 0.00504003
1140.7 0.889019 0.00266545
1132.01 0.858984 0.000327924
1158.05 0.888815 0.00266797
1065.78 0.888612 0.0027611
1209.02 0.88352 0.00270666
1145.4 0.874662 0.00584077
1452.38 0.900698 0.00285912
1198.82 0.889492 0.0031987
1206 0.872138 0.00559163
1339.64 0.892959 0.00383668
1177.5 0.876762 0.00460524
1210.46 0.876642 0.00551627
1165.76 0.884521 0.00262431
1106.72 0.884775 0.00519266
1185.22 0.879948 0.0040125
1093.73 0.871178 0.00537648
1205.03 0.877099 0.00596919
1226.83 0.887023 0.00267537
1182.39 0.870767 0.00566309
1157.03 0.884981 0.0026245
1234.2 0.868012 0.00341151
1153.96 0.877243 0.00528068
1350.79 0.897034 0.00303173
1111.4 0.890479 0.00279226
1069.59 0.878797 0.00472969
1151.83 0.865315 0.000324811
1231.07 0.881145 0.00268402
1137.49 0.87042 0.00565531
1099.39 0.862975 0.00505629
1192.78 0.862748 0.00590893
1072.62 0.870031 0.000323389
1287.31 0.879173 0.000319988
1415.48 0.884328 0.00389327
1186.06 0.884638 0.00499283
1145.04 0.882539 0.00486089
1204.84 0.8804 0.000318437
1324.38 0.866858 0.00614061
1286.5 0.855519 0.00430881
1144.7 0.883551 0.00031829
1138.03 0.887177 0.00273693
1257.41 0.889288 0.00277848
1097.41 0.885622 0.00273588
1166.42 0.879613 0.00684807
1411.53 0.863891 0.000326924
1093.04 0.888951 0.00262606
1068.71 0.872885 0.00497223
1070.84 0.864905 0.000323949
1128.8 0.856853 0.00608441
1206.21 0.862881 0.00575081
1145.41 0.88582 0.00325727
1305.61 0.877977 0.00555969
1314.49 0.873243 0.00544455
1200.25 0.886724 0.00277317
1248.42 0.885074 0.00279141
1211.09 0.882172 0.00460845
1178.18 0.876342 0.000320675
1231.03 0.8714 0.00465317
1203.48 0.863318 0.000325493
1332.85 0.868797 0.00530782
1122.34 0.873867 0.00440599
1192.49 0.891711 0.00266435
1150.46 0.882529 0.000319025
1115.45 0.87371 0.00504463
1183.43 0.883109 0.00526108
1230.73 0.893078 0.000314222
1238.2 0.891849 0.00600341
1188.98 0.870268 0.00408704
1164.75 0.879009 0.00549262
1187.86 0.876657 0.533032
1350.17 0.875245 0.00510014
1224.71 0.868808 0.00461955
1166.47 0.880135 0.00507671
1232.09 0.864325 0.00453046
1469.84 0.894363 0.00273987
1150.33 0.85108 0.000331139
1183 0.871446 0.00032292
1125.53 0.893405 0.00271383
1265.85 0.880702 0.00507583
1083.64 0.882221 0.00281382
1112.2 0.884865 0.535723
1250.05 0.840797 0.000336117
1251.5 0.85985 0.000328093
1065.68 0.878557 0.00474566
1163.56 0.870913 0.00442903
1147.8 0.853269 0.000330793
1107.1 0.88893 0.00267279
1117.08 0.881147 0.00431641
1207.56 0.875783 0.00530371
1223.3 0.884163 0.00269865
1246.64 0.864349 0.00602459
1379.97 0.893702 0.00341431
1221.83 0.888373 0.00352983
1344.13 0.878038 0.00271213
1234.46 0.866194 0.00642774
1234.57 0.885769 0.00267764
1464.17 0.889427 0.000316061
1317.08 0.874798 0.00579983
1365.44 0.888373 0.00357766
1140.21 0.877734 0.000320037
1146.4 0.876122 0.00577747
1327.58 0.824339 0.000342262
1259.5 0.885078 0.00273712
1158.31 0.842339 0.00373136
1198.64 0.848466 0.00525928
1077.39 0.875816 0.00479433
1078.97 0.881214 0.00406247
1271.41 0.877949 0.00274857
1222.97 0.852941 0.00512434
1291.95 0.882812 0.00264854
1143.03 0.87267 0.00564732
1316.25 0.881036 0.00486171
1160.57 0.883011 0.00459866
1117.35 0.892627 0.00273558
1263.2 0.882993 0.00239228
1183.95 0.881386 0.00484821
1419.39 0.871683 0.00549248
1154.21 0.882466 0.0027244
1232.02 0.862545 0.00032643
1037.91 0.88056 0.00492157
1114.49 0.8779 0.00419047
1493.23 0.894167 0.00418897
1123.01 0.887028 0.00262416
1219 0.881581 0.000319803
1166.62 0.877083 0.00476643
1177.27 0.893085 0.00268785
1213.57 0.875445 0.00426708
1073.71 0.866421 6.33774e-05
1149.77 0.882933 0.00272331
1074.4 0.887717 0.00293356
1107.27 0.873239 0.00529728
1216.84 0.858781 0.00414663
1083.6 0.847784 0.000333185
1119.24 0.889047 0.00270153
1230.91 0.870013 0.00502787
1176.08 0.882125 0.00275449
1115.18 0.877382 0.00532258
1334.71 0.869223 0.00479627
1152.58 0.868744 0.000324172
1192.59 0.877067 0.00515609
1114.06 0.872343 0.000322175
1165 0.885867 0.00276089
1172.79 0.890563 0.000315236
1157.08 0.885963 0.00489984
1058.68 0.869181 0.00561009
1110.9 0.881186 0.00273397
1216.06 0.853164 0.00569911
1182.73 0.864755 0.000325109
1091.57 0.87948 0.00498808
1095.87 0.877068 0.0044304
1200.38 0.872831 0.000322081
1110.83 0.87269 0.000322668
1197.31 0.866892 0.000324938
1125.92 0.885819 0.00271823
1151.46 0.890324 0.00294276
1219.83 0.865366 0.00568357
1138.02 0.882283 0.00283065
1182.95 0.868323 0.00470785
1133.53 0.865988 0.000324944
1195.59 0.889019 0.00266584
1276.31 0.886221 0.0035444
1038.17 0.895131 0.000314071
1183.76 0.880958 0.00626399
1096.65 0.869428 0.000322671
1322.55 0.891696 0.00299234
1165.38 0.879331 0.00427848
1151.9 0.866668 0.000325356
1198.4 0.882772 0.000319217
1105.29 0.876369 0.00404926
1162.54 0.861116 0.000332949
1305.67 0.861518 0.00607599
1258.87 0.865708 0.000326393
1263.58 0.864758 0.528758
1204.8 0.879594 0.00266581
1256.03 0.854109 0.00503217
1213.35 0.87255 0.00495647
1163.14 0.862806 0.527653
1108.99 0.865399 0.00448043
1124.66 0.87281 0.000322847
1126.43 0.869722 0.00439078
1160.64 0.883001 0.00264628
1191.13 0.886644 0.00274667
1192.48 0.880693 0.00462392
1252 0.879177 0.00269294
1131.86 0.866683 0.00603126
1035.74 0.882902 0.00390746
1196.48 0.864603 0.000326192
1244.17 0.863422 0.00579434
1197.41 0.871954 0.00422008
1253.61 0.846255 0.00796486
1179.31 0.876128 0.00479997
1128.83 0.886795 0.00348458
1096.39 0.889705 0.00269064
1370.96 0.849108 0.00618923
1191.94 0.875034 0.00459503
1203.42 0.88286 0.0026814
1229.34 0.891469 0.00272579
1137.49 0.881956 0.00266776
1262.47 0.89239 0.00430597
1173.25 0.873029 0.00449614
1147.7 0.884358 0.00316739
1178.13 0.880317 0.00412096
1067.74 0.873197 0.0036001
1066.94 0.883164 0.00274213
1110.03 0.882416 0.00341434
1192.36 0.858025 0.00832579
1205.64 0.872266 0.000321853
1113.74 0.870932 0.00032309
1056.99 0.872086 0.000322345
1210.61 0.882536 0.000318848
1236.11 0.892884 0.00355427
1214.62 0.871284 0.000285764
1170.61 0.883431 0.00270126
1175.08 0.887301 0.00277094
1091.56 0.882018 0.000318508
1264.34 0.869327 0.00430678
1177.28 0.864544 0.00624089
1199.37 0.875385 0.00439576
1164.33 0.849768 0.00712446
1273.45 0.884719 0.00262912
1086.62 0.876759 0.00490699
1165.1 0.874219 0.00032153
1159.36 0.879193 0.00522948
1329.54 0.858645 0.000284788
1342.7 0.876383 0.00389884
1332.76 0.917408 0.00465527
1099.01 0.853494 0.000330963
1177.42 0.86635 0.00325106
1151.47 0.868816 0.00533141
1106.73 0.883019 7.84721e-05
1180.47 0.865143 0.000325096
1162.37 0.875687 0.00468587
1044.56 0.878971 0.00468198
1225.89 0.869686 0.00540559
1162.33 0.876925 0.00488292
1195.58 0.865988 0.530093
1157.44 0.885539 0.00261867
1213.86 0.87858 0.000319686
1173.17 0.88557 0.00453304
1240.15 0.870036 0.00353391
1317.87 0.856789 0.00526903
1246.05 0.883748 0.00271937
1299.14 0.880865 0.00473049
1089.13 0.891172 0.00273064
1085.77 0.881414 0.0043819
1115.44 0.877143 0.000320989
1223.87 0.879502 0.00497783
1258.85 0.885855 0.00361073
1340.09 0.888776 0.00394709
1309.4 0.876366 0.448384
1110.51 0.87679 0.0051003
1152.07 0.878355 0.00548239
1299.69 0.847968 0.00625977
1131.16 0.887664 0.00269835
1137.59 0.878887 0.00531161
1508.29 0.840235 0.000126234
1371.05 0.851288 0.000315778
1076.02 0.876469 0.00453139
1134.58 0.877942 0.0028749
1083.36 0.876626 0.00479969
1110.36 0.877603 0.00475911
1129.93 0.880402 0.00475035
1267.98 0.885981 0.00260929
1157.14 0.883589 0.00267685
1255.47 0.882976 0.00269202
1276.13 0.872595 0.00608888
1190.94 0.881097 0.00482434
1452.09 0.863486 0.00581209
1411.79 0.87677 0.00268202
1243.67 0.896928 0.00276842
1130.26 0.85676 0.000328284
1165.17 0.886596 0.00269064
1077.71 0.879906 0.00406074
1015.76 0.892461 0.00269633
1113.38 0.873135 0.0052072
1164.05 0.855493 0.000329031
1135.57 0.888193 0.00266308
1171.44 0.884202 0.000318607
1309.97 0.849846 0.5226
1234.52 0.892851 0.00443612
1190.53 0.89029 0.000314659
1329.63 0.868102 0.00434908
1095 0.880423 0.00273539
1135.16 0.89381 0.00385569
1069.77 0.877685 0.00490112
1065.87 0.863242 0.000326507
1232.82 0.891694 0.00272493
1093.79 0.860961 0.00032675
1187.36 0.876616 0.00419703
1230.33 0.871376 0.000322716
1144 0.884992 0.00500846
1264.84 0.871909 0.00554617
1152.18 0.874011 0.00032177
1019.62 0.878183 0.00436029
1130.06 0.878413 0.00350442
1178.28 0.886387 0.00266498
1152.03 0.88817 0.00333646
1526.27 0.877227 0.00401499
1193.8 0.882626 0.00264634
1127.36 0.880591 0.0053791
1174.23 0.868372 0.00592264
1122.17 0.844017 0.000334407
1105.14 0.872169 0.53168
1145.98 0.876548 0.00470391
1218.09 0.846013 0.00702286
1167.61 0.877627 0.00554812
1106.1 0.870068 0.000312302
1091.87 0.869166 0.000323313
1143.58 0.882065 0.00485366
1180.66 0.877604 0.000320786
1092.77 0.859278 0.0067086
1259.59 0.851295 0.0029102
1104.98 0.869773 0.00504735
1118.09 0.872648 0.00530713
1351.08 0.882403 0.00260539
1217.24 0.868427 0.00590941
1303.58 0.87611 0.00507173
1081.32 0.867076 0.00538049
1222.35 0.895688 0.00275118
1320.1 0.890001 0.00453761
1099.43 0.886554 0.000312934
1065.91 0.88038 0.000319837
1093.87 0.860364 0.000327704
1180.27 0.887503 0.00361319
1234.52 0.873294 0.0042533
1275.06 0.874412 0.000321735
1222.76 0.867362 0.529525
1117.99 0.882455 0.541073
1217.78 0.873823 0.000323007
1132.12 0.876237 0.00397869
1234.97 0.886977 0.00265472
1396.09 0.880821 0.00267937
1104.55 0.858118 0.000330458
1103.72 0.873737 0.00400566
1243.43 0.893613 0.00259026
1306.33 0.867228 0.00574946
1122.67 0.874987 0.0061948
1159.41 0.870271 0.000322858
1203.22 0.844736 0.00645139
1205.89 0.856461 0.000297864
1196.45 0.882714 0.000318385
1170.99 0.86026 0.000326836
1088.05 0.881717 0.00414385
1302.24 0.87994 0.00481278
1213.97 0.870905 0.000323249
1017.38 0.887102 0.00268459
1287.97 0.896987 0.0039009
1427.35 0.877637 0.0026866
1164.75 0.873143 0.00479528
1095.47 0.884362 0.00267125
1169.42 0.88098 0.00440937
1217.56 0.875013 0.00537602
1265.05 0.859369 0.00638798
1456.04 0.830694 0.00533434
1100.89 0.859951 0.00493116
1196.71 0.886543 0.00407472
1167.28 0.876259 0.00423239
1328.33 0.889192 0.00511121
1120.75 0.881258 0.0047186
1283.04 0.879517 0.00430033
1307.4 0.895403 0.0039634
1166.82 0.890603 0.00266858
1085.3 0.875939 0.00454342
1196.97 0.886145 0.0031689
1592.09 0.868864 0.00509706
1289.07 0.883029 0.00266087
1155.49 0.862183 0.00614998
1142.19 0.883944 0.00272171
1270.2 0.886538 0.00255805
1218.44 0.864827 0.000324982
1180.75 0.869177 0.00535702
1196.17 0.855639 0.00032984
1185.79 0.873795 0.00463488
1091.05 0.87139 0.00536072
1270.13 0.873216 0.000254659
1207.89 0.852838 0.00673262
1123.85 0.874782 0.00584886
1216.53 0.889998 0.0040179
1323.37 0.878657 0.00271838
1262.68 0.871262 0.00422976
1160.98 0.881626 0.00272394
1197.7 0.870897 0.000322946
1329.89 0.868597 0.00573086
1087.97 0.874082 0.00478537
1139.64 0.869612 0.000321844
1080.84 0.854756 0.0041452
1273.18 0.836811 0.00469194
1054.87 0.88531 0.00274501
1274.21 0.861332 0.00619425
1175.18 0.864419 0.000331244
1186.27 0.874684 0.0046861
1115.75 0.8851 0.00445973
1075.35 0.859542 0.000326771
1227.64 0.881468 0.00458791
1101.42 0.872647 0.0050305
1256.37 0.894419 0.00411926
1460.72 0.886791 0.00409248
1199.49 0.868103 0.533945
1168.66 0.884392 0.00272331
1570.22 0.879304 0.00265705
1067.86 0.879272 0.00441429
1600.23 0.893809 0.00368386
1128.53 0.877662 0.000320428
1185.47 0.87285 0.533998
1133.32 0.873895 0.00530384
1087.75 0.863323 0.00027658
1130.82 0.877191 0.000320327
1478.76 0.835062 0.000336998
1147.3 0.875753 0.518348
1146 0.860609 0.000326411
1262.47 0.881701 0.534024
1168.68 0.882316 0.00276852
1295.67 0.867022 0.00569818
1470.62 0.891822 0.00507219
1270.48 0.886817 0.00287712
1272.08 0.877846 0.00274284
1168.68 0.886446 0.00272609
1220.76 0.87609 0.00575786
1260.71 0.873716 0.00487967
1153.49 0.878791 0.00466596
1204.38 0.882319 0.00290753
1140.51 0.839238 0.000336121
1293.42 0.886034 0.00493367
1144.17 0.853281 0.000329637
1100.86 0.851402 0.000331174
1451.66 0.891984 0.00406546
1176.63 0.867085 0.00498485
1241.58 0.879782 0.00270737
1136.34 0.87977 0.00449062
1095.07 0.884471 0.00482955
1210.49 0.881154 0.00543408
1130.86 0.880751 0.0053845
1109.83 0.883501 0.00509431
1147.91 0.858903 0.000327833
1160.57 0.849652 0.000331857
1153.29 0.87944 0.00533479
1315.84 0.856872 0.00750705
1167.14 0.87963 0.00534522
1136.61 0.867076 0.00031359
1126.82 0.872872 0.00434622
1279.87 0.85993 0.000328676
1353.83 0.88522 0.00824276
1110.96 0.88706 0.00264903
1152.4 0.881572 0.00240981
1124.72 0.879351 0.00412059
1125.49 0.890363 0.00273747
1305.49 0.889813 0.00427704
1157.01 0.86369 0.000326206
1271.02 0.88101 0.000319019
1282.18 0.864172 0.529502
1205.02 0.86842 0.00642198
1193.97 0.88218 0.00370935
1221.78 0.853491 0.00545282
1116.26 0.861771 0.000328004
1104.87 0.887659 0.0027553
1332.63 0.893386 0.00283098
1294.9 0.873691 0.00427449
1308.63 0.847569 0.00381613
1131.78 0.87122 0.000323648
1168.93 0.908391 0.000309169
1153.08 0.867371 0.000324027
1291.02 0.867465 0.00377947
1066.45 0.886047 0.0026787
1196.1 0.87516 0.00434102
1241.17 0.859946 0.0045866
1279.36 0.882418 0.0027135
1232.17 0.857644 0.00012205
1182.57 0.893908 0.000314835
1192.66 0.855584 0.000329902
1092.74 0.875701 0.00460192
1120.79 0.877941 0.000310055
1189.82 0.888163 0.00273762
1208.03 0.888056 0.00264621
1172.03 0.877098 0.00498745
1266.76 0.884253 0.00267265
1208.74 0.878403 0.00408857
1169.15 0.888539 0.00268295
1102.09 0.88592 0.461815
1137.09 0.872545 0.00032286
1162.11 0.862688 0.655178
1095.06 0.879187 0.000320934
1174.89 0.864202 0.00379133
1178.04 0.854137 0.00680832
1255.33 0.869987 0.00437463
1160.34 0.861715 0.000325946
1073.05 0.880054 0.000318514
1171.18 0.898225 0.000312476
1234.99 0.881372 0.00274353
1146.1 0.855851 0.000320486
1104.09 0.864671 0.00708022
1226.83 0.874199 0.000321138
1268.7 0.87854 0.00273156
1124.64 0.847973 0.00033308
1255.88 0.885832 0.00276827
1184.75 0.843209 0.00575784
1209.15 0.879376 0.00417914
1304.54 0.883671 0.00441564
1134.54 0.879668 0.000319871
1179.69 0.873225 0.00535911
1238.22 0.8884 0.00378177
1178.39 0.869237 0.0056603
1226.82 0.856205 0.00505289
1169.9 0.883108 0.00262186
1212.9 0.874723 0.000321144
1128.2 0.830745 0.00627961
1442.7 0.888785 0.000316158
1267.06 0.887053 0.00360031
1193.74 0.897416 0.00332464
1270.02 0.87946 0.00354543
1084.53 0.88144 0.00442161
1163.61 0.882042 0.0034574
1195.26 0.855463 0.000329563
1271.69 0.875281 0.0042574
1341.85 0.83718 0.00494017
1138.87 0.870228 0.00622189
1071.31 0.872473 0.00512585
1136.79 0.862519 0.0053737
1098.67 0.868481 0.000324005
1164.62 0.885745 0.00271244
1385.12 0.860393 0.00597172
1276.22 0.872289 0.00414529
1240.42 0.875243 0.00464247
1166.72 0.876889 0.00540243
1144.87 0.892248 0.00262665
1227.25 0.888165 0.00262105
1139.8 0.886557 0.00274284
1219.66 0.89044 0.00266906
1233.01 0.893519 0.000314138
1116.92 0.880836 0.00553568
1141.82 0.883798 0.00579025
1126.28 0.885482 0.00267652
1266.36 0.87934 0.00547688
1117.99 0.865555 0.000325436
1221.34 0.876391 0.00501636
1394.38 0.892602 0.00446396
1268.02 0.880586 0.00262537
1412.23 0.868464 0.00590726
1220.81 0.885021 0.00335292
1186.7 0.874428 0.00269607
1170.83 0.878373 0.00492575
1017.68 0.880446 0.00521102
1333.31 0.877386 0.00397589
1190.63 0.881294 0.00434599
1193 0.891182 0.00290521
1239.39 0.875997 0.000320313
1054.43 0.853538 0.000330021
1139.88 0.864891 0.00032523
1185.22 0.830351 0.000340345
1151.96 0.880257 0.00498081
1212.4 0.888375 0.0052045
1252.35 0.861078 0.00586717
1219.98 0.877145 0.0048014
1181.55 0.872089 0.000323401
1221.65 0.878713 0.00267807
1041.76 0.851238 0.000331232
1284.76 0.87978 0.0026874
1143.38 0.890233 0.0027109
1169.39 0.874251 0.00386945
1268.19 0.876387 0.0048016
1134.53 0.881179 0.00278227
1201.52 0.865002 0.00032537
1267.25 0.876067 0.000312218
1090.09 0.881901 0.0026618
1141.74 0.874837 0.00499365
1075.8 0.879801 0.00405635
1165.11 0.883919 0.00266531
1106.64 0.882646 0.00265597
1145.49 0.872387 0.532593
1236.57 0.873025 0.0042503
1092.96 0.861392 0.000326704
1168.98 0.874451 0.00483966
1241.89 0.877207 0.00271167
1125.04 0.85389 0.00032963
1274.58 0.886025 0.537843
1103.78 0.890267 0.00373696
1254.92 0.888805 0.00307384
1097.73 0.856083 0.00637861
1239.12 0.883666 0.00265762
1178.69 0.889567 0.00273651
1113.74 0.883312 0.00261002
1241.16 0.859742 0.00623904
1168.41 0.875568 0.00549111
1146.43 0.868997 0.000320142
1064.95 0.880346 0.00526076
1358.07 0.842224 0.000147009
1171.81 0.875522 0.00436064
1281.96 0.842404 0.00536903
1210.5 0.881523 0.00555032
1051.24 0.870622 0.0038421
1175.26 0.874178 0.00444515
1166.87 0.882337 0.000316527
1222.13 0.881409 0.536759
1480.49 0.896753 0.0039019
1183.55 0.866184 0.532325
1079.94 0.866824 0.000325134
1172.08 0.86063 0.00589508
1130.21 0.885608 0.00422185
1311.73 0.874292 0.00493706
1161.61 0.869197 0.00601555
1101.61 0.87583 0.000315947
1185.78 0.876862 0.00481537
1057.95 0.887316 0.00271328
1068.18 0.859052 0.00487318
1165.85 0.868269 0.000323149
1240.21 0.876389 0.00536976
1279.72 0.873079 0.000321927
1237.66 0.86511 0.000310333
1142.93 0.878176 0.000320167
1171.06 0.883767 0.00265112
1067.1 0.866862 0.000324794
1121.74 0.885977 0.00273257
1295.81 0.886352 0.00264629
1231.6 0.876659 0.00271207
1193.36 0.865543 0.666253
1125.51 0.891105 0.00627635
1171.88 0.878149 0.00444878
1182.6 0.880671 0.000319519
1117.38 0.856523 0.000328623
1093.09 0.888336 0.00261054
1136.93 0.87791 0.00566616
1361.03 0.881017 0.000318933
1139.25 0.892111 0.00341398
1495.64 0.871237 0.00436112
1155.54 0.862292 0.614871
1025.72 0.881618 0.00488807
