0.877224
0.873059
0.880527
0.888672
0.881057
0.879218
0.855432
0.869542
0.88544
0.878726
0.871072
0.855705
0.837493
0.876338
0.885443
0.876845
0.882857
0.87264
0.868231
0.86246
0.874671
0.838876
0.865052
0.870861
0.858762
0.880339
0.849927
0.885359
0.892976
0.88991
0.880561
0.858889
0.873532
0.880818
0.845982
0.84436
0.879677
0.886107
0.866186
0.887437
0.856194
0.868239
0.873148
0.894103
0.875212
0.886473
0.8784
0.861463
0.838071
0.901726
0.893905
0.882539
0.876825
0.884908
0.852424
0.883498
0.891738
0.877522
0.856911
0.882645
0.883788
0.847952
0.878024
0.86782
0.878619
0.862832
0.861906
0.864688
0.886298
0.881984
0.873333
0.894186
0.886354
0.886868
0.867032
0.880644
0.870964
0.883792
0.860607
0.868311
0.853666
0.885875
0.874293
0.86199
0.88958
0.888743
0.863973
0.878464
0.873231
0.876453
0.881603
0.888287
0.87549
0.86449
0.88573
0.868193
0.881362
0.881276
0.877883
0.89701
0.882549
0.872148
0.871885
0.88686
0.85311
0.878644
0.885583
0.883832
0.884069
0.872331
0.885441
0.871459
0.861405
0.894523
0.869019
0.866409
0.865601
0.878015
0.86814
0.877779
0.870771
0.881327
0.868532
0.890757
0.878982
0.878303
0.870633
0.852983
0.858434
0.88353
0.856889
0.872873
0.887364
0.874721
0.871159
0.871669
0.858404
0.841634
0.876979
0.884146
0.873491
0.887668
0.888843
0.880555
0.868983
0.879754
0.882082
0.878675
0.867386
0.885451
0.878322
0.888063
0.879474
0.882461
0.883007
0.861008
0.875695
0.881492
0.873972
0.854877
0.893563
0.887384
0.862387
0.892283
0.889106
0.883412
0.873062
0.863691
0.885371
0.875427
0.871894
0.843128
0.852709
0.889235
0.887938
0.879442
0.882366
0.843705
0.891737
0.88373
0.87899
0.873496
0.883367
0.887216
0.88107
0.879567
0.867214
0.863328
0.889396
0.880357
0.876621
0.856397
0.886431
0.870598
0.88658
0.860753
0.86456
0.877915
0.860679
0.877907
0.889755
0.877777
0.86858
0.885281
0.883832
0.876079
0.882948
0.880483
0.873877
0.888047
0.873147
0.891668
0.878498
0.890815
0.886451
0.876577
0.888372
0.880303
0.874731
0.883078
0.883961
0.874758
0.869275
0.870391
0.878242
0.891325
0.894368
0.860138
0.88034
0.852373
0.878773
0.894541
0.863879
0.886937
0.833764
0.875157
0.857566
0.868761
0.831271
0.880327
0.85699
0.892735
0.851293
0.889734
0.869449
0.879759
0.881487
0.868543
0.877057
0.876471
0.883201
0.887625
0.875872
0.882328
0.886321
0.876907
0.889848
0.858216
0.8895
0.881472
0.873546
0.881728
0.869018
0.864086
0.85898
0.874111
0.877285
0.871029
0.843939
0.882923
0.883165
0.880107
0.870808
0.882052
0.873325
0.894985
0.886297
0.858451
0.833745
0.876603
0.863329
0.865817
0.881546
0.886188
0.876169
0.888634
0.874765
0.875504
0.860086
0.876224
0.867037
0.853912
0.874153
0.849474
0.87743
0.872524
0.878338
0.861866
0.882855
0.86478
0.850748
0.876435
0.892259
0.876697
0.876548
0.890723
0.877364
0.888123
0.873553
0.872594
0.88963
0.891326
0.885913
0.87234
0.870566
0.872565
0.88882
0.849989
0.870225
0.885384
0.892004
0.87187
0.862561
0.874375
0.887881
0.869841
0.879175
0.87326
0.877306
0.880137
0.873955
0.888276
0.876393
0.875956
0.860976
0.864025
0.886268
0.847548
0.883595
0.890658
0.879605
0.88568
0.87996
0.876142
0.88938
0.878888
0.880078
0.886001
0.873022
0.896009
0.862759
0.894597
0.874626
0.876151
0.872952
0.849633
0.883903
0.87105
0.859419
0.88915
0.87759
0.8903
0.867665
0.861943
0.828569
0.897445
0.883753
0.880153
0.878194
0.881205
0.881784
0.886062
0.871147
0.854169
0.87838
0.885761
0.889019
0.858984
0.888815
0.888612
0.88352
0.874662
0.900698
0.889492
0.872138
0.892959
0.876762
0.876642
0.884521
0.884775
0.879948
0.871178
0.877099
0.887023
0.870767
0.884981
0.868012
0.877243
0.897034
0.890479
0.878797
0.865315
0.881145
0.87042
0.862975
0.862748
0.870031
0.879173
0.884328
0.884638
0.882539
0.8804
0.866858
0.855519
0.883551
0.887177
0.889288
0.885622
0.879613
0.863891
0.888951
0.872885
0.864905
0.856853
0.862881
0.88582
0.877977
0.873243
0.886724
0.885074
0.882172
0.876342
0.8714
0.863318
0.868797
0.873867
0.891711
0.882529
0.87371
0.883109
0.893078
0.891849
0.870268
0.879009
0.876657
0.875245
0.868808
0.880135
0.864325
0.894363
0.85108
0.871446
0.893405
0.880702
0.882221
0.884865
0.840797
0.85985
0.878557
0.870913
0.853269
0.88893
0.881147
0.875783
0.884163
0.864349
0.893702
0.888373
0.878038
0.866194
0.885769
0.889427
0.874798
0.888373
0.877734
0.876122
0.824339
0.885078
0.842339
0.848466
0.875816
0.881214
0.877949
0.852941
0.882812
0.87267
0.881036
0.883011
0.892627
0.882993
0.881386
0.871683
0.882466
0.862545
0.88056
0.8779
0.894167
0.887028
0.881581
0.877083
0.893085
0.875445
0.866421
0.882933
0.887717
0.873239
0.858781
0.847784
0.889047
0.870013
0.882125
0.877382
0.869223
0.868744
0.877067
0.872343
0.885867
0.890563
0.885963
0.869181
0.881186
0.853164
0.864755
0.87948
0.877068
0.872831
0.87269
0.866892
0.885819
0.890324
0.865366
0.882283
0.868323
0.865988
0.889019
0.886221
0.895131
0.880958
0.869428
0.891696
0.879331
0.866668
0.882772
0.876369
0.861116
0.861518
0.865708
0.864758
0.879594
0.854109
0.87255
0.862806
0.865399
0.87281
0.869722
0.883001
0.886644
0.880693
0.879177
0.866683
0.882902
0.864603
0.863422
0.871954
0.846255
0.876128
0.886795
0.889705
0.849108
0.875034
0.88286
0.891469
0.881956
0.89239
0.873029
0.884358
0.880317
0.873197
0.883164
0.882416
0.858025
0.872266
0.870932
0.872086
0.882536
0.892884
0.871284
0.883431
0.887301
0.882018
0.869327
0.864544
0.875385
0.849768
0.884719
0.876759
0.874219
0.879193
0.858645
0.876383
0.917408
0.853494
0.86635
0.868816
0.883019
0.865143
0.875687
0.878971
0.869686
0.876925
0.865988
0.885539
0.87858
0.88557
0.870036
0.856789
0.883748
0.880865
0.891172
0.881414
0.877143
0.879502
0.885855
0.888776
0.876366
0.87679
0.878355
0.847968
0.887664
0.878887
0.840235
0.851288
0.876469
0.877942
0.876626
0.877603
0.880402
0.885981
0.883589
0.882976
0.872595
0.881097
0.863486
0.87677
0.896928
0.85676
0.886596
0.879906
0.892461
0.873135
0.855493
0.888193
0.884202
0.849846
0.892851
0.89029
0.868102
0.880423
0.89381
0.877685
0.863242
0.891694
0.860961
0.876616
0.871376
0.884992
0.871909
0.874011
0.878183
0.878413
0.886387
0.88817
0.877227
0.882626
0.880591
0.868372
0.844017
0.872169
0.876548
0.846013
0.877627
0.870068
0.869166
0.882065
0.877604
0.859278
0.851295
0.869773
0.872648
0.882403
0.868427
0.87611
0.867076
0.895688
0.890001
0.886554
0.88038
0.860364
0.887503
0.873294
0.874412
0.867362
0.882455
0.873823
0.876237
0.886977
0.880821
0.858118
0.873737
0.893613
0.867228
0.874987
0.870271
0.844736
0.856461
0.882714
0.86026
0.881717
0.87994
0.870905
0.887102
0.896987
0.877637
0.873143
0.884362
0.88098
0.875013
0.859369
0.830694
0.859951
0.886543
0.876259
0.889192
0.881258
0.879517
0.895403
0.890603
0.875939
0.886145
0.868864
0.883029
0.862183
0.883944
0.886538
0.864827
0.869177
0.855639
0.873795
0.87139
0.873216
0.852838
0.874782
0.889998
0.878657
0.871262
0.881626
0.870897
0.868597
0.874082
0.869612
0.854756
0.836811
0.88531
0.861332
0.864419
0.874684
0.8851
0.859542
0.881468
0.872647
0.894419
0.886791
0.868103
0.884392
0.879304
0.879272
0.893809
0.877662
0.87285
0.873895
0.863323
0.877191
0.835062
0.875753
0.860609
0.881701
0.882316
0.867022
0.891822
0.886817
0.877846
0.886446
0.87609
0.873716
0.878791
0.882319
0.839238
0.886034
0.853281
0.851402
0.891984
0.867085
0.879782
0.87977
0.884471
0.881154
0.880751
0.883501
0.858903
0.849652
0.87944
0.856872
0.87963
0.867076
0.872872
0.85993
0.88522
0.88706
0.881572
0.879351
0.890363
0.889813
0.86369
0.88101
0.864172
0.86842
0.88218
0.853491
0.861771
0.887659
0.893386
0.873691
0.847569
0.87122
0.908391
0.867371
0.867465
0.886047
0.87516
0.859946
0.882418
0.857644
0.893908
0.855584
0.875701
0.877941
0.888163
0.888056
0.877098
0.884253
0.878403
0.888539
0.88592
0.872545
0.862688
0.879187
0.864202
0.854137
0.869987
0.861715
0.880054
0.898225
0.881372
0.855851
0.864671
0.874199
0.87854
0.847973
0.885832
0.843209
0.879376
0.883671
0.879668
0.873225
0.8884
0.869237
0.856205
0.883108
0.874723
0.830745
0.888785
0.887053
0.897416
0.87946
0.88144
0.882042
0.855463
0.875281
0.83718
0.870228
0.872473
0.862519
0.868481
0.885745
0.860393
0.872289
0.875243
0.876889
0.892248
0.888165
0.886557
0.89044
0.893519
0.880836
0.883798
0.885482
0.87934
0.865555
0.876391
0.892602
0.880586
0.868464
0.885021
0.874428
0.878373
0.880446
0.877386
0.881294
0.891182
0.875997
0.853538
0.864891
0.830351
0.880257
0.888375
0.861078
0.877145
0.872089
0.878713
0.851238
0.87978
0.890233
0.874251
0.876387
0.881179
0.865002
0.876067
0.881901
0.874837
0.879801
0.883919
0.882646
0.872387
0.873025
0.861392
0.874451
0.877207
0.85389
0.886025
0.890267
0.888805
0.856083
0.883666
0.889567
0.883312
0.859742
0.875568
0.868997
0.880346
0.842224
0.875522
0.842404
0.881523
0.870622
0.874178
0.882337
0.881409
0.896753
0.866184
0.866824
0.86063
0.885608
0.874292
0.869197
0.87583
0.876862
0.887316
0.859052
0.868269
0.876389
0.873079
0.86511
0.878176
0.883767
0.866862
0.885977
0.886352
0.876659
0.865543
0.891105
0.878149
0.880671
0.856523
0.888336
0.87791
0.881017
0.892111
0.871237
0.862292
0.881618
