1092.49 0.867069 0.0062881
952.154 0.902031 0.000426059
1068.82 0.904405 0.00840058
974.295 0.850343 4.80123e-05
1098.23 0.866417 0.475268
1156.93 0.87095 0.00912435
1067.3 0.870989 0.007116
1090.6 0.864046 0.00823892
1139.26 0.856217 0.000278445
1148.78 0.838068 0.00897702
1133.33 0.850508 0.00735945
1129.51 0.860156 0.00468763
950.117 0.868581 0.530448
943.565 0.878136 0.000381014
978.229 0.869938 0.585848
910.909 0.86598 0.000366625
922.326 0.874622 0.00729116
977.117 0.877921 0.00757094
942.921 0.885381 8.44717e-05
1031.09 0.861567 0.00898552
1272.99 0.897263 0.00372397
1001.19 0.860573 0.000445714
1038.04 0.888761 0.00420576
1052.73 0.88185 0.6586
1007.25 0.865219 0.00735991
1200.17 0.850615 0.00482777
1019.02 0.87499 0.00680328
1030.11 0.877012 0.000127944
1051.97 0.870608 0.00798368
1309.09 0.839102 0.00873955
984.06 0.891792 0.00037607
1010.02 0.868023 0.000239765
959.111 0.848677 0.667148
1215.18 0.850181 0.00922941
1076.87 0.880414 0.0047239
1062.07 0.88022 0.0080514
967.722 0.86495 0.529854
987.04 0.874247 0.00397104
1030.26 0.881843 0.533662
1055.91 0.87187 0.00703373
1032.26 0.867198 0.0069946
1099.58 0.855436 0.000102719
945.882 0.877411 0.000175578
1031.59 0.899246 0.00595637
961.611 0.869025 0.000399767
978.779 0.881481 0.0045153
919.941 0.885166 0.00757614
982.509 0.880106 0.000438442
1209.6 0.883502 0.0084589
1109.32 0.855382 0.00725454
1092.65 0.869374 0.00892709
950.722 0.845142 0.000459516
1068.93 0.886284 0.00730155
1043.52 0.877865 0.00894407
1005.04 0.877106 0.00732034
988.641 0.870544 0.000421004
1107.62 0.844681 0.000465498
1099.36 0.899505 0.594306
956.813 0.867335 0.00969653
1007.72 0.88443 0.00549033
1096.19 0.840341 0.00398488
1011.19 0.844693 0.00739503
992.637 0.887315 0.00287369
988.043 0.887041 0.000226364
949.744 0.879026 0.00760752
1044.77 0.856501 0.524152
1049.31 0.882971 0.00303487
1034.15 0.841072 0.000213838
1070.39 0.896853 0.00762256
1198.5 0.876464 0.000426689
1076.05 0.873303 0.00910654
1050.6 0.873994 0.452993
1032.72 0.866058 0.00641164
979.292 0.88129 0.00721934
1013.45 0.875556 0.00759489
1244.95 0.899848 0.0035653
1033.6 0.870035 0.00684264
983.552 0.861648 0.00623182
1075.18 0.875947 0.000425351
992.004 0.864918 0.000447192
1012.6 0.861973 0.0117773
1089.38 0.850115 0.0100417
1008.99 0.872023 0.00010782
976.73 0.86988 0.000181001
1017.95 0.853632 0.00698174
1087.52 0.877602 0.000105466
1062.81 0.858696 0.00952785
980.523 0.877932 0.00648434
1087.3 0.858565 0.00708801
1035 0.868117 0.000172831
979.546 0.878583 0.00702436
986.836 0.859797 0.00690798
1005.16 0.853971 0.000441543
973.309 0.870165 0.00789781
1072.91 0.875801 0.000449586
869.978 0.874076 0.00713707
1120.94 0.909919 0.000376569
1108.23 0.886051 0.010187
980.27 0.869405 0.000442859
1004.75 0.879512 0.420697
953.329 0.885465 0.00308269
1019.12 0.876589 0.00643075
997.584 0.8837 0.00359246
992.571 0.860067 0.00744925
1062.83 0.879653 0.00681075
920.568 0.859044 0.661844
1011.62 0.857549 0.00951436
994.037 0.869452 0.00663684
1020.72 0.878108 0.00586424
1024.14 0.861675 0.00581401
1141.42 0.876592 0.00750545
1056.58 0.892581 0.000310048
988.899 0.872111 0.00748214
1050.44 0.859572 0.00743442
1182.26 0.863216 0.000387813
1073.96 0.859631 0.529378
1073.96 0.886143 0.0001675
1115.48 0.875667 0.532365
929.664 0.868972 0.000439269
969.934 0.857614 0.408646
1041.31 0.851745 0.00694553
986.757 0.86143 0.00591103
1082.43 0.857737 0.000138445
971.4 0.877234 0.456404
1104.66 0.876832 0.536106
989.901 0.865072 0.00037196
980.542 0.90443 0.000158765
963.221 0.871295 0.00676969
945.567 0.86919 0.00685518
1067.04 0.852232 0.00018168
1050.83 0.855333 0.00471497
983.272 0.88306 0.538989
997.642 0.875375 0.00420831
1017.29 0.872902 0.000444453
980.148 0.864677 0.00888856
950.644 0.855524 0.000403206
998.527 0.896076 0.00800448
1150.67 0.888327 0.000122931
1025.7 0.850762 0.00785231
1100.58 0.866271 0.00684367
960.22 0.884501 0.00390694
1033.14 0.855342 0.000456857
993.994 0.870002 0.000448562
1238.12 0.857643 0.00931893
1137.85 0.874054 0.000371842
1055.36 0.88803 0.00919255
980.793 0.887913 0.0037003
967.128 0.865488 0.00692033
1020.03 0.849392 0.00916137
1039.1 0.864062 0.00708868
1073.19 0.869251 0.658059
1048.43 0.869106 0.000370162
1066.11 0.872174 0.00661843
1075.02 0.887494 0.00361846
1014.7 0.876135 0.00614619
981.629 0.871008 0.00747702
1048.29 0.875794 0.00709615
949.716 0.865417 0.00679247
1010.22 0.880319 0.419297
1007.96 0.8592 0.000132642
990.197 0.879736 0.00417453
972.547 0.871114 0.00676538
1136.68 0.897644 0.00384632
1039.76 0.885145 0.00707534
985.754 0.849456 0.00613392
1016.19 0.871477 0.0083988
1048.54 0.882271 0.000408775
1017.66 0.855149 0.00750408
936.706 0.868657 0.00677199
988.677 0.86948 0.000403489
999.718 0.868526 0.00664599
1114.79 0.878499 0.00838281
993.062 0.867193 0.00690394
1147.53 0.879711 0.00773154
958.194 0.857361 0.00946292
1082.4 0.879721 0.447938
1023.65 0.876571 0.00713138
1083.81 0.897206 0.00356029
1020.44 0.868581 0.000425029
1030.2 0.849009 0.00821534
1007.78 0.880109 0.534159
1094.71 0.867006 0.00040062
1113.66 0.858236 0.00981511
1089.69 0.875891 0.00538894
969.151 0.87085 0.00711905
983.878 0.877006 0.529884
912.351 0.876125 9.30384e-05
1061.04 0.865545 0.000292256
1029.74 0.894837 0.00364802
1133.08 0.860831 0.00651875
1029.19 0.879157 0.00711183
993.952 0.86376 0.00764968
1197.23 0.877477 0.00575248
1048.69 0.880307 0.00590239
981.186 0.877647 0.00738924
972.651 0.852855 0.000437127
1004.84 0.857537 0.00709348
968.964 0.861479 0.555464
1064.31 0.861588 0.000409133
978.003 0.885235 0.00300858
1175.57 0.85382 0.012056
1050.25 0.86111 0.00693816
1107.92 0.877375 0.00869728
988.781 0.861283 0.0071323
1092.15 0.866727 0.00848451
995.096 0.873416 0.00757295
1069.13 0.874295 0.00894291
1060.23 0.864796 0.000445003
990.113 0.862838 0.000429665
992.265 0.853197 0.00695111
922.458 0.873071 0.010987
1016.21 0.861667 0.00021196
989.553 0.847215 0.000387994
1181.39 0.853868 0.423194
1263.24 0.882181 0.00975294
964.831 0.857361 0.00045278
1063.24 0.874434 0.00634518
1026.32 0.873489 0.0074561
998.118 0.886316 0.00698231
989.003 0.855227 0.525054
1030.1 0.844777 0.00046725
1092.77 0.872755 0.0472731
1005.33 0.874695 0.00675842
1031.18 0.851286 0.000339519
1088.28 0.868459 0.00619418
1170.78 0.867031 0.00530668
962.245 0.870487 0.00715361
1086.28 0.858156 0.000186059
1053.85 0.88484 0.00282324
950.363 0.89204 0.00380852
1001.61 0.87976 0.000229694
950.36 0.870145 0.000293389
1180 0.881624 0.0057183
952.636 0.86765 0.000443003
969.587 0.881295 0.00392358
907.56 0.890135 0.00301228
1094.29 0.859552 0.0071003
1024.73 0.857639 0.000450764
947.002 0.870085 0.00697601
971.999 0.874567 0.00882077
943.036 0.880489 0.00538495
1049.07 0.857702 0.00734496
1049.39 0.868639 0.000100793
1051.68 0.85751 0.000447827
1173.53 0.842374 0.00814864
997.303 0.860154 0.00040842
967.972 0.886762 0.0042678
1091.12 0.886711 0.00799396
1126.91 0.871644 0.000349004
1055.13 0.866666 0.00738537
1016.58 0.889515 0.00381102
989.761 0.871475 0.000447811
1014.99 0.886179 0.0047009
916.996 0.88333 0.000159746
1096.58 0.874243 0.0119842
975.504 0.873635 0.00660668
1007.02 0.877512 0.00712611
1140.17 0.854197 0.00717097
1037.08 0.88664 0.00287193
1148.86 0.866811 0.00414747
1092.03 0.840632 0.00471472
902.524 0.864023 0.00673997
1009.43 0.87569 0.00021207
974.94 0.860354 0.00765161
1006.01 0.872025 0.000242245
1033.57 0.861217 0.00654161
1068.03 0.857807 0.00906826
1066.03 0.868043 0.00363782
1118.7 0.875824 0.000451122
931.341 0.876186 0.000102317
946.426 0.869313 0.000443499
1054.28 0.856528 0.000464648
1063.2 0.871321 0.00859087
978.359 0.881121 8.84198e-05
977.548 0.883815 0.00312737
1023.54 0.860723 0.00545447
1023.7 0.848122 0.521004
995.1 0.863746 0.00645395
1015.38 0.853973 0.00878617
1032.37 0.882887 0.61918
1035.37 0.865294 0.00741782
1050.94 0.874619 0.00726473
1071.54 0.872085 0.0079861
1147.73 0.858404 0.00852036
1139.72 0.862938 9.76473e-05
1057.39 0.874868 0.531861
944.272 0.88647 0.00535086
1093.93 0.87636 0.00416736
980.08 0.874246 0.000237424
1023.48 0.874494 0.0038357
1039.79 0.885511 0.000352323
1095.03 0.872633 0.000443064
991.28 0.881769 0.00456069
1055.32 0.850037 0.000459045
1039.3 0.877773 0.00704889
1039.42 0.885157 0.00382251
1062.88 0.885939 0.0102121
966.35 0.863096 0.00720865
1070.67 0.861972 0.00631525
962.948 0.87578 0.000375791
1062.49 0.887649 0.00420359
945.876 0.88775 0.00871404
970.393 0.880459 0.00697137
1133.49 0.866234 0.00682723
1085.75 0.877658 0.537227
1073.18 0.862238 0.000423352
953.231 0.875998 0.00608363
1011.22 0.891061 0.00704046
1022.36 0.855582 9.85047e-05
991.231 0.862248 0.000442158
972.279 0.870547 0.000443217
997.74 0.8791 0.00423903
1072.18 0.85273 0.000450639
1010.06 0.871745 0.00722952
1126.57 0.890433 0.0053948
1025.21 0.863158 0.00713871
1055.07 0.85072 0.632369
1122.16 0.838206 0.000406617
966.731 0.861079 0.00646336
893.075 0.848917 0.000448484
1059.62 0.872542 0.00395232
1188.89 0.856955 0.0107577
1003.94 0.892726 9.98778e-05
1169.95 0.895512 0.00723266
1117.81 0.852421 0.00779135
984.875 0.879813 0.00317294
1133.07 0.853112 0.00741982
1094.59 0.880673 0.00709652
1110.75 0.85838 0.0103714
1014.01 0.871938 0.00685039
1090.03 0.879815 0.00431102
919.639 0.869878 0.00700632
1011.79 0.894227 0.00346595
1052.64 0.882676 0.00713507
1093.96 0.872638 0.00903942
1115.57 0.861159 0.00721008
955.216 0.898378 0.000428609
1043.7 0.859636 0.00672155
990.648 0.864329 0.00587089
1012.13 0.87167 0.00787749
1102.88 0.873022 0.00655439
1051.19 0.88929 0.00675257
961.723 0.868574 0.000432345
1082.47 0.870577 0.00680329
1069.59 0.864877 0.000456364
991.538 0.872477 0.00561859
1259.3 0.878407 0.00847536
1132.55 0.902203 0.00718144
954.805 0.886923 0.00286134
1152.4 0.86136 0.53049
1027.54 0.854392 0.00439218
1036.37 0.859056 0.00378396
1019.75 0.872538 0.000442307
988.83 0.862731 0.00722312
996.39 0.892112 0.00881875
1046.08 0.865985 0.00748652
978.849 0.869616 0.00658669
964.228 0.887326 0.00291599
1022.02 0.881409 0.00292507
1025.33 0.880122 0.602096
1036.06 0.861844 0.00886973
1106.63 0.860462 0.44264
1052.24 0.874189 0.00428595
1015.09 0.877365 0.0125276
1010.75 0.879675 0.0088524
1135.53 0.883062 0.00675363
996.571 0.880634 0.00391946
1029.27 0.875583 0.000442076
1154.86 0.862041 0.000101704
1080.6 0.879676 0.000144538
943.114 0.879998 0.00428538
975.193 0.869222 0.000246728
967.687 0.88815 0.00343121
978.935 0.885127 0.00351386
1041.51 0.868254 0.00654035
1057.48 0.866111 0.00671753
1088.19 0.871519 0.000449904
1063.15 0.872712 0.000443901
1130.46 0.885182 0.541995
1084.81 0.872695 0.00642359
1057.45 0.858447 0.00043365
973.009 0.866669 0.0083233
1030.36 0.880495 0.000438936
992.682 0.875316 0.0083942
1135.04 0.893635 0.00361549
1054.55 0.856545 0.00908026
1125.65 0.877542 0.62437
1012.92 0.884542 0.47457
948.244 0.861502 0.000137726
1083.42 0.85698 0.00042845
1103.44 0.855157 0.00595874
985.713 0.869712 0.00673765
1198.83 0.88227 0.000161776
1037.31 0.864732 0.00607389
1075.44 0.871562 0.000119822
1112.47 0.873548 0.5365
984.358 0.874192 0.000263132
1053.14 0.866269 5.92905e-05
965.288 0.861448 0.00702098
1173.99 0.884136 0.000415482
977.909 0.87537 0.0068072
1007 0.866944 0.000447878
1013.97 0.868617 0.000123271
966.886 0.87197 0.00747017
965.17 0.887862 0.00348019
971.199 0.875338 0.00659087
999.051 0.866909 0.000445026
952.133 0.860767 9.15768e-05
1155.35 0.886855 0.516452
1099.19 0.854578 0.000283292
953.206 0.889019 0.562889
968.558 0.85046 0.0121405
1122.5 0.869372 0.000451883
1053.23 0.865541 0.000133534
1249.84 0.886319 0.00651825
952.205 0.876123 0.00712635
1082.76 0.878399 0.00693258
1140.04 0.87602 0.000262693
1155.32 0.855294 0.000174836
986.509 0.893253 0.000431498
1075.19 0.877476 0.00034075
1237.26 0.871793 0.000404783
1087.77 0.879949 6.94492e-05
1354.78 0.876796 0.00671093
1028.27 0.880159 0.00781077
990.233 0.854795 0.00637774
1071.15 0.881921 0.00375447
972.393 0.886636 0.00766075
1071.51 0.869915 0.00670179
1024.14 0.8748 0.00964692
1018.25 0.863344 0.0103199
986.812 0.873895 9.26697e-05
981.406 0.876682 0.00641392
938.363 0.881664 0.000126507
985.688 0.860188 0.00042205
983.109 0.879563 0.537946
1018.02 0.872211 0.00646329
1068.41 0.85716 0.525084
1218.77 0.847242 0.00747497
1010.38 0.902459 0.000414009
1010.02 0.877386 0.00385961
955.106 0.883403 7.95198e-05
1014.25 0.899711 0.000365734
1035.54 0.880794 0.00410804
1176.19 0.839945 0.00685724
1162.88 0.843797 0.000440222
968.874 0.87278 0.00762256
969.519 0.866069 0.00596547
1104.09 0.864987 0.000131594
972.201 0.867298 0.00724681
971.715 0.86239 0.00988972
1030.74 0.834183 0.00709669
997.493 0.884188 0.00290409
995.407 0.842956 0.000458179
986.36 0.861159 0.000374959
963.316 0.855971 0.00657639
958.456 0.872762 0.530238
955.475 0.874592 0.461425
977.203 0.860112 0.000449845
1027.14 0.863952 0.00699704
1189.7 0.867438 0.605771
992.399 0.871277 0.531129
914.294 0.852571 0.000380259
1001.36 0.858291 0.00973979
1006.5 0.873342 0.512714
991.213 0.885137 0.00301094
1027.34 0.880736 0.00666832
935.298 0.888611 0.00403902
1016.81 0.885795 0.00366725
984.866 0.886586 0.00301281
1039.5 0.872944 0.422194
1207.71 0.85436 0.00615836
990.281 0.890367 0.00863794
989.574 0.86818 0.00700446
982.706 0.88257 0.000421367
995.14 0.869072 0.00648279
990.265 0.872592 0.00664421
1020.42 0.844668 0.00570456
960.1 0.872588 0.00810638
1038.37 0.870991 0.465366
997.531 0.875402 0.00043983
999.208 0.861927 0.000382648
985.807 0.869773 0.534826
968.445 0.899671 0.0115149
977.687 0.883998 0.00344164
1064.74 0.878888 0.00592803
1060.79 0.868074 0.00018761
1079.45 0.860394 0.0052359
990.596 0.882906 0.000415378
1140.87 0.866745 0.0123241
944.805 0.859518 0.000456144
1046.01 0.885843 0.000125075
1111.4 0.854014 0.0029065
955.024 0.864068 0.00845312
959.12 0.892328 0.00396587
1292.21 0.860756 0.00570201
958.103 0.871959 0.0073047
959.306 0.857925 0.00705673
1105 0.861535 0.000314404
982.028 0.872564 0.00661218
1009.17 0.890746 0.00290899
1199.32 0.865878 0.000438784
1131.11 0.86358 0.0105472
935.822 0.879581 0.000186211
972.635 0.864394 0.00675031
1013.48 0.887978 0.00294326
991.125 0.859087 0.00776111
965.117 0.856704 0.00691475
972.909 0.876302 0.00622027
1086.68 0.881106 0.449472
1047.36 0.897278 0.0038018
971.728 0.876065 0.536393
1009.08 0.893341 0.000433775
1052.53 0.863662 9.31642e-05
1003.37 0.873115 0.00880179
1060.19 0.880159 0.00664409
1041.18 0.883203 0.525107
1191.07 0.851575 0.000206536
1003.34 0.879815 0.000440201
1050.05 0.869856 0.00696675
1037.53 0.889172 0.00286373
1137.02 0.905323 0.00607117
952.877 0.878766 0.00672361
960.759 0.877352 0.00656939
980.954 0.857842 0.00614244
1006.54 0.868295 0.00432012
976.988 0.852058 0.000190176
1357.27 0.902627 0.00712609
997.861 0.89212 0.00027697
1040.06 0.880176 0.00428307
940.051 0.866426 0.00732041
1240.53 0.887593 0.00581824
1158.08 0.887437 0.00660601
1109.68 0.869185 0.000441869
1040.43 0.857116 0.0070008
1002.75 0.867162 0.0073648
1075.07 0.868793 0.00036694
1063.56 0.862733 0.00671865
1038.24 0.850704 0.000466434
967.465 0.88487 0.00458539
1125.4 0.87577 0.593931
1025.18 0.85815 0.551792
972.382 0.863727 0.00649098
1084.42 0.883522 0.51491
1066.1 0.86643 0.529404
876.715 0.866138 0.00736355
1036.82 0.854462 0.00737167
980.394 0.86491 0.0035985
1009.57 0.853017 0.000110559
1163.88 0.894751 0.0120136
987.885 0.871615 0.000100335
1135.95 0.868417 0.000353303
1029.65 0.910644 0.000418473
1106.81 0.860662 0.00692421
975.316 0.858638 0.490438
1021.76 0.852882 0.00579047
1009.76 0.873234 0.0111404
1007.49 0.870248 0.00016768
970.87 0.869001 0.000358481
1067.95 0.900309 0.00460166
1098.92 0.878562 0.000437236
1149.47 0.857842 0.000455984
1227.23 0.878438 0.00669905
927.722 0.878599 0.000258079
1048.92 0.879743 0.000446294
944.27 0.865861 0.00673829
899.005 0.87622 0.00402543
1131.23 0.871166 0.533836
885.595 0.867952 0.00616057
1148.72 0.855134 0.00762808
1067.73 0.861382 0.00012015
1032.02 0.873095 0.00621982
946.51 0.887855 0.00341447
1169.85 0.873466 0.00686918
1016.06 0.875552 0.00044625
898.707 0.846422 0.00995504
941.071 0.878726 0.00746923
1035.2 0.851271 0.423868
1067.72 0.84071 0.518892
1025.25 0.892268 0.00460515
997.879 0.867252 0.00643138
957.424 0.878946 0.00825233
1021.85 0.887356 0.00320752
1002.99 0.874619 0.000222084
954.619 0.881415 0.00339664
1131.72 0.850011 0.00300545
1156.66 0.856328 0.00810429
1130.33 0.8832 0.00044011
1049.4 0.876175 0.00280535
1016.83 0.852314 0.525641
956.974 0.8566 0.000452106
963.047 0.873746 0.00771505
1048 0.850778 0.00862406
1191.8 0.859781 0.000347957
1077.83 0.864554 0.5006
991.944 0.85715 0.000380201
1065.43 0.84572 0.00720348
1071.06 0.86342 0.000320086
999.138 0.873203 0.00735924
1039.04 0.847583 0.000106179
1345.67 0.89628 0.00415502
1013.03 0.886022 0.00645662
991.288 0.858874 0.00928279
1048.22 0.861592 0.00718114
1163.46 0.894923 0.00839532
999.829 0.862751 0.00744364
993.845 0.878826 0.51679
1004.94 0.860489 0.000163308
1103.04 0.852769 0.000181002
1072.77 0.85583 0.00869551
988.394 0.873971 0.00724411
1157.48 0.88717 0.00601082
1004.94 0.853318 0.000302564
1047.49 0.865764 0.00620265
988.43 0.872072 0.00620196
946.348 0.886188 0.00289018
1046.22 0.881017 0.000439093
958.396 0.869994 0.00629989
1014.9 0.870923 0.00703962
933.097 0.863855 0.00636972
1044.71 0.872782 0.000130039
1031.06 0.860181 0.00040279
1067.58 0.881227 0.000455176
1013.52 0.879036 0.000372857
1167.76 0.862259 0.000253379
1113.88 0.860264 0.00739699
969.745 0.895233 0.000409199
1032.21 0.87516 0.00718696
1076.83 0.873018 0.000118964
1003.76 0.882385 0.00595887
1065.43 0.869696 0.00711254
1081.89 0.871369 0.00816987
1016.21 0.877421 0.00393357
993.052 0.85741 0.00842807
1135.36 0.897424 0.00603799
1057.39 0.867668 0.00525243
1155.85 0.865387 0.0081894
949.668 0.877462 0.00044038
1097.76 0.893151 0.00356712
1040.33 0.867288 0.00708721
940.807 0.880715 0.00746476
1008.56 0.855108 0.00711726
1128.92 0.872389 0.000146604
936.022 0.864355 0.000455634
995.34 0.883465 0.000439903
1025.12 0.881449 0.000375484
1064.66 0.865433 0.0150574
1026.62 0.854809 0.0102587
1006.53 0.865933 0.000373137
1027.19 0.877149 0.00590803
1205.56 0.848835 0.00743981
1007.52 0.869967 0.00041281
966.971 0.869695 0.00695225
1012.76 0.871988 0.664006
1001.8 0.875002 0.00595632
1048.7 0.87796 0.00370095
1165.36 0.884536 0.00812705
1033.69 0.876421 0.428605
946.068 0.858594 0.00730802
1210.72 0.854892 0.000376415
1050.76 0.912598 0.00600636
958.824 0.879379 0.534015
1112.73 0.881123 0.00722641
931.33 0.870447 0.000439098
969.301 0.85974 0.007546
1110.35 0.872543 0.532394
1054.99 0.870331 0.000410076
974.526 0.848839 0.000428126
969.684 0.865254 0.00704505
1037.93 0.883571 0.00293834
1043.85 0.854973 0.527268
972.04 0.859256 0.630164
989.685 0.86448 0.000427319
1088.62 0.875605 0.00815093
1013.46 0.880785 0.00710309
1019.74 0.846882 0.00415205
916.622 0.879163 0.00389283
1035.65 0.886114 0.45752
1076.06 0.877362 0.008567
1059.53 0.849695 0.0085962
1027.03 0.865671 0.000388421
1087.99 0.881348 0.0029926
1104.14 0.874305 0.00751149
1011.83 0.88353 0.000365084
937.229 0.870358 8.54937e-05
1060.88 0.880771 0.00043844
1074.49 0.860317 0.0107024
1023.32 0.849884 0.00717214
1062.6 0.886158 0.00698517
1085.41 0.897495 0.541319
880.971 0.874734 0.000353671
993.823 0.86094 0.0049069
965.805 0.889507 0.00441233
980.383 0.845188 0.000467372
927.105 0.862672 0.00673327
1061.15 0.864451 0.000204697
1047.8 0.862977 0.00900824
1037.7 0.873029 0.00555505
987.352 0.869039 0.00700717
1057.57 0.856699 0.00570575
988.501 0.865605 0.000429084
1072.13 0.858297 0.00742042
1000.59 0.881177 0.000405917
1220.74 0.862512 0.00468119
1062.94 0.868777 0.0061485
901.048 0.876843 0.00832371
1010.11 0.846921 0.521729
986.051 0.870571 0.00653399
1051.77 0.85311 0.00862669
1033.76 0.880201 0.00438793
880.394 0.875706 0.000440027
1068.1 0.85077 0.000173063
1100.96 0.887644 0.00591765
1058.32 0.853011 0.00692812
1004.34 0.857099 0.5095
989.846 0.887357 0.000274471
997.526 0.848741 0.00668404
1050.07 0.864071 0.00597965
948.693 0.883619 0.00315614
989.77 0.875472 0.0093274
1156.47 0.867871 0.000405747
1117.77 0.876091 0.0041684
1023.24 0.874711 9.14092e-05
1240.99 0.865057 0.00699275
1058.05 0.865563 0.00661139
1029.24 0.854988 0.51805
999.429 0.872662 0.000236629
985.01 0.877658 0.00675652
1058.48 0.854887 0.00832779
1079.48 0.854913 0.00745956
965.019 0.886301 0.00334098
1121.38 0.897447 0.00372395
1049.09 0.891941 0.0034559
1118.39 0.869709 0.000226198
962.316 0.88248 0.0108224
1037.41 0.865414 0.00722947
1031.46 0.872951 0.458632
1081.95 0.871153 0.00694164
1076.6 0.89025 0.00035766
1039.04 0.859851 0.00012554
963.888 0.873271 0.00711115
1000.05 0.872558 0.00439803
967.539 0.89027 0.536689
1249.43 0.873998 0.00400134
1173.61 0.910614 0.00574482
1083.83 0.883373 0.000133725
996.001 0.869935 0.000440818
1019.54 0.861172 0.000166307
976.537 0.874584 0.000439589
987.794 0.863796 0.000196793
1003.68 0.841426 0.0096122
1028.95 0.866928 0.0071166
1055.76 0.878409 0.00737896
1066.64 0.870402 0.00668745
1077.33 0.869326 0.00638958
929.788 0.874737 0.00676561
1043.07 0.867967 0.504557
1009.78 0.855077 0.00661838
1166.88 0.898839 0.00382578
977.574 0.883725 0.00734318
1065.34 0.859925 0.00719309
1015.85 0.878165 0.000440936
978.211 0.871034 0.00417211
968.101 0.887154 0.000425333
1020.34 0.895466 0.00629133
964.391 0.871519 0.00679898
1018.66 0.86057 0.00045486
1030 0.877436 7.86498e-05
990.876 0.852239 0.000421577
1072.25 0.862182 0.00751283
1099.41 0.902882 0.00702207
1034.25 0.859209 0.000313942
985.559 0.872074 0.00012599
1192.61 0.883111 0.00902393
920.975 0.865239 0.00811636
1209.31 0.868633 0.00962254
1072.47 0.835973 0.0069139
1061.85 0.860531 0.010309
1013.66 0.881115 0.000443017
1129.57 0.852197 0.421292
963.928 0.876043 0.00622995
1007.58 0.862029 0.666721
1049.31 0.87355 0.000443429
1075.79 0.895914 0.000247291
1022.45 0.877626 0.000431964
973.069 0.870641 0.000441212
993.044 0.879179 0.00362926
1032.41 0.868418 0.00742975
1062.36 0.871168 0.00650141
1059.53 0.874894 0.00693424
1020.87 0.867858 0.00693294
1131.94 0.875732 0.0073895
1034.75 0.869169 0.00580133
1042.06 0.887765 0.00405714
943.325 0.857401 0.000428909
1067.04 0.866847 0.000340321
1260.17 0.830465 0.00693412
1146.09 0.884551 0.00566975
943.583 0.866573 0.00680121
976.458 0.864917 9.79675e-05
1028.43 0.870851 0.00687786
992.522 0.866842 0.00716683
1095.25 0.882503 0.0068064
1013.14 0.875503 0.00725613
928.934 0.874902 0.00854554
1050.04 0.857824 8.79552e-05
1018.85 0.892111 0.00025764
1002.36 0.881341 0.000363622
1077.57 0.876077 0.00431878
1060.26 0.862888 0.00652513
1025.84 0.850929 0.436291
1237.81 0.856474 0.00688392
1326.88 0.864737 0.00834872
1186.57 0.873275 0.000276843
1017.66 0.856054 0.0070273
1036.85 0.87098 0.535436
1016.58 0.881494 0.000427896
989.896 0.877438 0.0040185
1082.78 0.872932 0.00705927
965.813 0.860398 0.000450105
978.389 0.874604 0.531792
1040.51 0.878847 0.00793225
1056.26 0.864533 0.000462789
1027.52 0.886174 0.000198374
1036.43 0.876407 0.00725566
1004.08 0.866829 0.000450555
1096.62 0.826909 0.000433742
1145.65 0.87915 0.447
957.014 0.865032 0.00604657
1044.24 0.850637 0.00578675
916.452 0.883702 0.000412853
1084.93 0.846547 9.71842e-05
944.24 0.848477 0.658485
1066.57 0.892544 0.00371103
1002.26 0.873112 0.0064129
1014.77 0.884045 0.000418009
1056.9 0.86838 0.0080244
1005.37 0.858951 0.0075748
1010.52 0.863798 0.00702946
969.377 0.880305 0.00930404
1141.93 0.854222 0.00518313
949.478 0.87713 0.000288902
988.419 0.867689 0.000358839
1010.24 0.879921 0.000434283
1077.14 0.851072 0.00751614
1405.72 0.877587 0.00710657
1143.59 0.886928 0.00677108
1071.59 0.867521 0.00722804
1110.18 0.859816 0.526102
974.291 0.866434 0.00745718
973.546 0.888007 9.51147e-05
999.06 0.865263 0.00691718
1079.24 0.877599 0.00045517
1002.31 0.881931 0.00294205
987.505 0.874093 0.00657891
1006.07 0.895416 0.00919714
1018.32 0.873617 0.000302785
1038.65 0.867978 0.000163253
955.747 0.874452 0.000423269
1000.79 0.845589 0.00461526
1063.51 0.842444 0.00738236
1042.6 0.86923 0.00610083
1006.86 0.880069 0.54065
955.743 0.875965 0.00371485
1005.44 0.846086 0.496328
891.595 0.887017 0.00298021
1041.77 0.875773 0.00354639
1155.86 0.872983 0.000414388
1019.69 0.871528 0.00634987
998.692 0.872746 0.00900161
990.451 0.865431 0.00681718
1106.38 0.891753 0.000416324
966.902 0.861281 0.000154733
1007.33 0.863042 0.00841818
1104.65 0.866898 0.00693809
989.861 0.860636 0.000434902
953.513 0.863367 0.000447077
948.381 0.876676 0.00608116
1007.98 0.877038 0.00403742
1182.34 0.872137 0.412966
998.858 0.883067 0.00286824
1178.6 0.875827 0.000444873
943.174 0.887444 0.00428814
1037.76 0.863565 0.000187018
977.481 0.861279 0.00700628
1066.55 0.893511 0.0051584
1036.85 0.867952 8.34809e-05
1038.63 0.85489 0.000179655
1053.32 0.860604 0.00589033
960.859 0.886904 0.570763
999.983 0.871711 0.000135564
1073.01 0.86069 0.00715083
1009.02 0.872399 0.0074049
984.613 0.860471 0.00944572
1013.46 0.856916 0.000461072
995.589 0.870156 0.0101644
1047.57 0.869484 0.00542169
1067.68 0.870622 0.00680491
1191.49 0.895811 0.00876972
1029.76 0.868328 0.00629185
944.851 0.873628 0.000437031
919.675 0.872034 0.00750195
1089.29 0.864218 0.000160327
1126.61 0.898181 0.00367015
967.205 0.874275 0.00417374
1022.66 0.873359 0.00695932
1022.63 0.887876 0.000325788
956.265 0.873341 0.00575049
1038.71 0.868609 0.000445999
985.606 0.861608 0.00756309
1069.75 0.846974 0.00873027
1086.96 0.871611 0.415378
925.297 0.876834 0.00430048
1065.59 0.876812 0.00378743
978.018 0.877564 0.00641523
1005.57 0.886104 0.00291272
1013.31 0.867372 0.000103682
1017.37 0.859025 0.432242
1011.54 0.869038 0.000445831
1154.1 0.898181 0.00614921
1060.16 0.864228 0.000447647
1048.8 0.87431 0.00628586
973.806 0.870356 0.00727422
1003.92 0.886643 0.00297679
996.721 0.887116 0.00434568
1093.51 0.862137 0.00686695
1061.52 0.872646 0.00011927
944.98 0.836188 0.0121032
1053.39 0.895107 0.501523
1181.51 0.873604 0.0134272
1198.61 0.868714 0.0093735
1035.64 0.859151 0.00678345
973.351 0.860856 0.000449133
1094.44 0.851782 0.00760135
1116.42 0.846813 0.520476
1137.73 0.85303 0.000443982
1002.35 0.889511 0.0029904
1079.01 0.86954 0.000445262
1038.43 0.846991 0.00897802
1035.58 0.85477 0.000446366
971.175 0.871021 0.000375343
1044.56 0.862093 0.00941758
1131.97 0.886005 0.00743018
1089.32 0.856839 0.00669771
1048.88 0.876052 0.000211105
1038.51 0.884769 0.00915862
1010.6 0.878658 0.000375569
987.219 0.877116 0.000342044
1021.44 0.87593 0.000157022
1035.42 0.878565 0.00727023
961.82 0.858452 0.00904189
1425.57 0.880277 0.0086037
1171.47 0.893945 0.00633353
998.447 0.882313 0.000437679
983.828 0.867559 0.00677788
976.784 0.862192 0.00623138
1037.2 0.853306 0.00447132
1013.43 0.865736 0.000182457
1001.91 0.880145 0.00430665
1002.29 0.875284 0.000217424
969.05 0.851527 0.00730462
1113.04 0.864898 0.00871309
1157.73 0.8719 0.000115867
975.507 0.872994 0.000229666
1106.16 0.867999 0.000111957
1088.67 0.866892 0.607351
1054.26 0.87332 0.00666752
1077.58 0.867303 0.00807218
1057.61 0.849837 0.000392163
1118.09 0.875447 0.000203543
1156.1 0.862742 0.0098664
1042.78 0.878461 0.000121704
916.093 0.888866 0.00567069
1040.26 0.90236 0.000118639
951.175 0.882088 0.00462411
1000.5 0.875713 0.00472708
1013.3 0.87048 0.535231
1085.98 0.875549 0.00797105
929.505 0.880533 0.00510127
1087.41 0.857361 0.528676
1076.95 0.847793 0.00770027
1052.98 0.857046 0.00747262
1005.46 0.88796 0.455269
1017.83 0.868912 0.00625654
966.384 0.865467 0.00682463
1096.51 0.880804 0.00448388
1179.6 0.898234 0.00361901
968.161 0.897185 0.000429566
946.243 0.870497 0.00711478
1011.54 0.86745 0.000355309
1038.61 0.870427 8.50221e-05
1002.64 0.884699 0.000421277
959.453 0.884695 0.00302694
1046.13 0.863951 0.00727089
1037.43 0.842622 0.00771285
1127.21 0.869894 0.0145952
1053.17 0.856276 0.00907592
1009.67 0.886567 0.000420897
1032.61 0.859624 0.006706
1053.81 0.859836 0.000456878
