0.853496
0.854588
0.846355
0.849503
0.850312
0.855468
0.855695
0.853641
0.852731
0.849433
0.852754
0.853397
0.850671
0.851867
0.852728
0.858259
0.857994
0.853656
0.848763
0.857352
0.854432
0.847989
0.854106
0.850997
0.85314
0.854334
0.856748
0.852805
0.850887
0.860005
0.851469
0.852331
0.857741
0.848728
0.848863
0.852916
0.846583
0.853047
0.85045
0.848732
0.852628
0.851734
0.850344
0.865104
0.852561
0.849969
0.851148
0.850213
0.849473
0.855728
0.858816
0.851217
0.853797
0.854882
0.851304
0.854306
0.845839
0.854812
0.84685
0.85219
0.849418
0.849588
0.853921
0.85505
0.853386
0.851447
0.849377
0.851928
0.849609
0.851411
0.85205
0.855541
0.855338
0.853362
0.849426
0.852566
0.85232
0.852942
0.860431
0.852804
0.855301
0.843837
0.854598
0.85297
0.85379
0.851787
0.851569
0.837946
0.844767
0.856942
0.848749
0.851056
0.844879
0.852319
0.848603
0.856455
0.854985
0.851759
0.848934
0.854146
0.854494
0.862476
0.846002
0.854233
0.852676
0.855943
0.853575
0.850272
0.847528
0.857401
0.856788
0.857973
0.853393
0.851879
0.848628
0.847601
0.854756
0.854647
0.862257
0.857193
0.846857
0.859754
0.855403
0.861558
0.850588
0.845596
0.855844
0.851151
0.849459
0.853092
0.857902
0.848983
0.856908
0.854199
0.851267
0.849743
0.848747
0.848045
0.849344
0.856706
0.861188
0.855188
0.851413
0.850298
0.852857
0.858072
0.845497
0.848057
0.850925
0.85564
0.855693
0.858785
0.855804
0.858441
0.846424
0.857391
0.852961
0.855305
0.856197
0.848491
0.852105
0.846441
0.853689
0.846866
0.850141
0.859614
0.850197
0.850616
0.855674
0.849535
0.853775
0.848606
0.853182
0.8601
0.856002
0.850129
0.84488
0.849977
0.854503
0.853356
0.851811
0.85382
0.849046
0.858999
0.848724
0.862397
0.851259
0.850915
0.844915
0.851092
0.861181
0.862314
0.853446
0.843799
0.851204
0.854614
0.852773
0.854241
0.854175
0.859175
0.856024
0.863835
0.852273
0.844119
0.852855
0.852693
0.845004
0.857796
0.845565
0.859395
0.857567
0.849265
0.857398
0.855902
0.850785
0.848806
0.851834
0.853127
0.855572
0.856465
0.847878
0.856407
0.842462
0.848632
0.850109
0.85069
0.854422
0.842161
0.850854
0.853385
0.844303
0.858598
0.857716
0.856285
0.855783
0.857231
0.847548
0.852774
0.858393
0.853762
0.85632
0.849037
0.852296
0.857576
0.860216
0.849178
0.857338
0.850498
0.842515
0.86418
0.851991
0.85512
0.849031
0.854294
0.851064
0.852299
0.853316
0.846224
0.850053
0.857096
0.849505
0.850137
0.857103
0.853625
0.850407
0.856241
0.857071
0.857151
0.85175
0.86156
0.852953
0.851425
0.856163
0.846135
0.857511
0.850648
0.851794
0.850902
0.855777
0.848634
0.851222
0.855445
0.84997
0.864543
0.848629
0.849011
0.845713
0.851294
0.85689
0.849531
0.848939
0.855989
0.858608
0.851956
0.854108
0.850657
0.851041
0.854501
0.850388
0.858471
0.843846
0.850708
0.855386
0.857928
0.849009
0.845628
0.855924
0.852425
0.852387
0.844728
0.848768
0.853819
0.84825
0.84996
0.846334
0.85333
0.855289
0.851152
0.84688
0.855649
0.861224
0.855901
0.856776
0.857675
0.848872
0.853074
0.8504
0.861101
0.851982
0.856631
0.84944
0.850865
0.846557
0.846658
0.856563
0.852321
0.858017
0.852465
0.846647
0.854733
0.851364
0.848431
0.847857
0.849808
0.848544
0.856785
0.846699
0.850988
0.855428
0.858507
0.848706
0.853919
0.855211
0.847852
0.852532
0.855018
0.853596
0.854359
0.854526
0.846954
0.852304
0.848132
0.862487
0.84826
0.852648
0.852697
0.849824
0.849311
0.855761
0.856277
0.853597
0.854348
0.856945
0.851243
0.856539
0.860267
0.859664
0.848541
0.852298
0.854815
0.852363
0.845445
0.849632
0.856936
0.853607
0.860412
0.853594
0.841175
0.851555
0.83809
0.845642
0.857658
0.852908
0.860857
0.860239
0.85004
0.861614
0.852006
0.851963
0.864413
0.860706
0.842668
0.845059
0.851843
0.852794
0.847443
0.84516
0.853829
0.853127
0.85416
0.85749
0.861429
0.845688
0.856526
0.845457
0.846791
0.846733
0.856766
0.855279
0.849859
0.858711
0.853327
0.854882
0.855672
0.852273
0.846237
0.850731
0.856326
0.849731
0.850616
0.853161
0.854384
0.852335
0.855842
0.85302
0.854346
0.852718
0.849854
0.845747
0.848199
0.85208
0.851558
0.849022
0.857334
0.851054
0.851787
0.856585
0.849465
0.85477
0.856284
0.852679
0.850393
0.848993
0.848047
0.855519
0.853708
0.859961
0.853459
0.85333
0.855722
0.84821
0.853561
0.852606
0.852936
0.853942
0.85649
0.848856
0.854833
0.850644
0.844623
0.851657
0.860822
0.851472
0.85202
0.855367
0.852716
0.85605
0.856873
0.849923
0.850095
0.84726
0.857741
0.849572
0.848821
0.854102
0.857157
0.853998
0.845621
0.855556
0.857579
0.849947
0.857866
0.840825
0.85632
0.856387
0.857366
0.849292
0.844789
0.851705
0.855198
0.851504
0.857293
0.851253
0.86232
0.864686
0.854994
0.85888
0.854057
0.851966
0.841418
0.850236
0.837031
0.851105
0.861241
0.851388
0.850072
0.852927
0.846154
0.853839
0.845357
0.853278
0.858263
0.862383
0.856455
0.843451
0.843891
0.856148
0.854523
0.854228
0.855113
0.848723
0.856539
0.846784
0.853161
0.861537
0.854401
0.855059
0.84787
0.849071
0.854408
0.852364
0.847405
0.850694
0.851169
0.848698
0.853543
0.850782
0.854074
0.849774
0.847659
0.848309
0.855769
0.845486
0.859843
0.844428
0.85342
0.860586
0.853239
0.846166
0.846001
0.855406
0.850901
0.850163
0.857948
0.85495
0.848353
0.851213
0.853449
0.854801
0.851156
0.849506
0.847542
0.851159
0.863616
0.856671
0.850001
0.85035
0.857168
0.853622
0.855721
0.855444
0.859071
0.852099
0.850121
0.853968
0.850692
0.833837
0.84766
0.848828
0.852843
0.847684
0.854167
0.847467
0.858242
0.842983
0.849602
0.85418
0.858077
0.843436
0.853129
0.854264
0.84365
0.861184
0.851981
0.852675
0.85079
0.853892
0.852719
0.850003
0.861667
0.850775
0.855835
0.844642
0.856408
0.852393
0.857498
0.852264
0.852391
0.855148
0.85253
0.854958
0.859373
0.853162
0.852023
0.860979
0.852632
0.845961
0.83643
0.849934
0.853739
0.8542
0.859452
0.858127
0.850268
0.851795
0.856956
0.858749
0.850125
0.852902
0.850393
0.849032
0.853074
0.86079
0.854436
0.856833
0.855902
0.834264
0.856781
0.854208
0.859377
0.847611
0.851825
0.84875
0.859777
0.852251
0.850455
0.852954
0.852795
0.859748
0.853417
0.858965
0.855733
0.859234
0.85282
0.855449
0.853949
0.849818
0.854104
0.863924
0.85286
0.849971
0.852745
0.856285
0.847387
0.850376
0.850537
0.842158
0.85285
0.862874
0.841336
0.859849
0.852313
0.849165
0.860049
0.849685
0.850261
0.855251
0.858619
0.847736
0.846513
0.855169
0.864117
0.853092
0.857372
0.845478
0.852053
0.853589
0.847698
0.857568
0.852418
0.844013
0.844257
0.846268
0.84965
0.851816
0.847686
0.853887
0.862883
0.849024
0.84756
0.857565
0.856097
0.850178
0.849213
0.850766
0.850465
0.84937
0.855692
0.85863
0.854601
0.856696
0.847397
0.854414
0.850319
0.848373
0.849919
0.856708
0.84712
0.849889
0.862049
0.860434
0.852513
0.858112
0.86018
0.844641
0.853175
0.85546
0.852362
0.853328
0.853069
0.851616
0.859227
0.852883
0.856015
0.855123
0.84984
0.855632
0.855125
0.848826
0.858846
0.854038
0.84861
0.857676
0.849373
0.847017
0.848117
0.852704
0.858251
0.849529
0.854052
0.853055
0.848657
0.852268
0.85405
0.856214
0.851365
0.857685
0.844309
0.850762
0.853386
0.850694
0.848808
0.854413
0.859141
0.849457
0.857167
0.845612
0.853564
0.85244
0.850682
0.858565
0.857005
0.850487
0.851481
0.849955
0.859143
0.844994
0.857669
0.85758
0.850233
0.857436
0.859973
0.847874
0.854451
0.858667
0.820697
0.855078
0.851683
0.85092
0.854804
0.853582
0.847892
0.840762
0.857494
0.845567
0.854607
0.846761
0.8552
0.850707
0.844645
0.849174
0.855497
0.847527
0.85637
0.855461
0.852759
0.853493
0.853703
0.853185
0.842441
0.850854
0.849555
0.852639
0.856274
0.854349
0.853402
0.846931
0.85261
0.844288
0.853264
0.853744
0.846472
0.857693
0.843865
0.83565
0.852837
0.863045
0.843605
0.85649
0.84931
0.861934
0.853803
0.856079
0.842066
0.853686
0.854384
0.847798
0.850612
0.846648
0.846541
0.855226
0.853933
0.862383
0.859467
0.848924
0.857439
0.84607
0.857779
0.853367
0.862789
0.850554
0.850576
0.84898
0.849976
0.849829
0.84704
0.844387
0.853028
0.849111
0.857541
0.860558
0.852792
0.850851
0.852806
0.853064
0.855547
0.853681
0.854127
0.856409
0.852836
0.846388
0.844223
0.848286
0.85243
0.849445
0.836968
0.859223
0.853214
0.862464
0.856087
0.852112
0.84682
0.858603
0.851805
0.865257
0.851102
0.853745
0.855477
0.862777
0.852944
0.851469
0.85521
0.850043
0.843953
0.852321
0.852417
0.846929
0.84763
0.857587
0.850988
0.85704
0.85151
0.842541
0.854189
0.853551
0.85275
0.850482
0.850257
0.847674
0.847225
0.854876
0.851485
0.858252
0.855856
0.855208
0.856227
0.850519
0.847583
0.854607
0.855015
0.855878
0.843877
0.854659
0.855432
0.851574
0.846124
0.852206
0.848782
0.844279
0.850434
0.850725
0.850745
0.852787
0.856947
0.855668
0.848027
0.840027
0.854764
0.849444
0.853605
0.842759
0.85586
0.856181
0.854381
0.854045
0.851991
0.850883
0.843855
0.85479
0.853049
0.85897
0.857043
0.855043
0.850124
0.856065
0.853965
0.846735
0.850057
0.843588
0.852224
0.863249
0.855053
0.851853
0.859332
0.854418
0.855031
0.849728
0.864365
0.854489
0.855446
0.851879
0.852162
0.854224
0.855705
0.853212
0.843751
0.854526
0.855801
0.853843
0.843312
0.845612
0.850554
0.855251
0.851152
0.850748
0.853148
0.853535
0.857952
0.851769
0.861841
