0.852786
0.851392
0.847096
0.849206
0.840953
0.842794
0.848691
0.846013
0.854684
0.844134
0.841937
0.861502
0.843516
0.851239
0.846034
0.852793
0.848679
0.846106
0.852607
0.844005
0.851649
0.853846
0.851409
0.846797
0.838311
0.845176
0.855908
0.847957
0.845317
0.8468
0.85307
0.845568
0.846891
0.840864
0.84902
0.854606
0.851293
0.851371
0.847941
0.852397
0.848417
0.843467
0.84485
0.84904
0.849985
0.846139
0.840437
0.850266
0.847706
0.837668
0.846088
0.840486
0.854483
0.84742
0.840393
0.848012
0.845861
0.863111
0.854346
0.850912
0.860102
0.854128
0.844957
0.853948
0.837104
0.849435
0.854915
0.847434
0.839164
0.85469
0.824871
0.848796
0.85508
0.840465
0.847349
0.848501
0.847904
0.844206
0.838156
0.844718
0.844502
0.856745
0.856966
0.855758
0.845691
0.84593
0.851124
0.848815
0.838929
0.837897
0.840405
0.848327
0.842043
0.845618
0.844618
0.846826
0.846486
0.848769
0.848216
0.846634
0.84861
0.852545
0.84671
0.84947
0.857144
0.841714
0.843464
0.84169
0.846219
0.840904
0.843828
0.837961
0.847321
0.843737
0.858669
0.856584
0.845247
0.849225
0.851152
0.848066
0.836471
0.845813
0.84816
0.839382
0.850805
0.858591
0.843144
0.843491
0.851416
0.847794
0.848773
0.846318
0.843949
0.842136
0.852623
0.845278
0.848081
0.845379
0.850256
0.846855
0.845602
0.831445
0.852191
0.844099
0.865468
0.852166
0.847079
0.839898
0.853957
0.842577
0.847865
0.85567
0.855741
0.852223
0.852139
0.858406
0.846031
0.855667
0.852828
0.846471
0.84385
0.850998
0.856137
0.838604
0.853492
0.853208
0.843235
0.852105
0.850139
0.845613
0.846218
0.848408
0.85015
0.849615
0.862867
0.840411
0.843854
0.843947
0.851382
0.847771
0.835884
0.855391
0.849243
0.841971
0.846337
0.844327
0.851593
0.845533
0.841383
0.841717
0.846943
0.849517
0.85128
0.832305
0.853213
0.845437
0.848857
0.846642
0.854511
0.841585
0.84792
0.846689
0.852053
0.849389
0.853381
0.848752
0.849599
0.839958
0.851396
0.851916
0.852938
0.855525
0.847187
0.845315
0.854014
0.854639
0.852118
0.846458
0.847002
0.844833
0.84834
0.849507
0.853713
0.848795
0.849463
0.846396
0.848181
0.847531
0.841227
0.848311
0.850333
0.849637
0.862342
0.858157
0.849315
0.845285
0.846819
0.839685
0.851108
0.846194
0.850405
0.845978
0.853502
0.842492
0.852388
0.84424
0.862618
0.854823
0.853884
0.845838
0.847216
0.850023
0.850741
0.848041
0.839448
0.850233
0.849227
0.844805
0.84746
0.848705
0.84243
0.846947
0.841196
0.850055
0.847449
0.842305
0.841721
0.845642
0.848402
0.84108
0.839953
0.850295
0.855417
0.845525
0.851426
0.847226
0.852111
0.841229
0.848044
0.855531
0.85896
0.848355
0.847499
0.857056
0.850829
0.851184
0.847172
0.836993
0.846678
0.846859
0.840987
0.857533
0.856625
0.851103
0.842891
0.845899
0.851571
0.850759
0.853925
0.84925
0.845258
0.843732
0.846709
0.85215
0.84518
0.847491
0.852084
0.84992
0.844838
0.844467
0.863365
0.850854
0.851308
0.841255
0.842921
0.841217
0.847204
0.838304
0.846281
0.849634
0.845778
0.845085
0.852408
0.855539
0.850426
0.840872
0.854823
0.848005
0.86261
0.852679
0.843576
0.852558
0.857343
0.852356
0.843415
0.856018
0.851799
0.858742
0.854537
0.846914
0.847074
0.850742
0.843099
0.852032
0.840516
0.849029
0.852599
0.847224
0.845024
0.848878
0.855871
0.847679
0.847318
0.843953
0.844493
0.855033
0.848087
0.843567
0.848606
0.849608
0.842595
0.848111
0.851487
0.852972
0.852128
0.843956
0.844095
0.846171
0.851788
0.844935
0.842355
0.855132
0.839934
0.850454
0.847608
0.851737
0.845309
0.85095
0.838156
0.860448
0.845796
0.845545
0.85065
0.851022
0.849667
0.84295
0.857046
0.853949
0.853439
0.853812
0.853772
0.846689
0.856587
0.849411
0.849227
0.846217
0.856917
0.85148
0.852953
0.850141
0.85649
0.846056
0.847195
0.8474
0.84794
0.845967
0.847102
0.850498
0.850528
0.844336
0.849202
0.847946
0.843643
0.847831
0.848848
0.844376
0.844556
0.851402
0.846648
0.848841
0.854475
0.846982
0.851605
0.85303
0.847446
0.852089
0.844321
0.84227
0.847563
0.849802
0.844919
0.851362
0.845699
0.847397
0.84867
0.845697
0.847838
0.844687
0.850425
0.844592
0.846107
0.850821
0.843558
0.850973
0.851601
0.853587
0.850464
0.851765
0.851362
0.848892
0.847254
0.845249
0.847802
0.841983
0.851923
0.84405
0.848374
0.86091
0.841306
0.849808
0.848223
0.847677
0.84518
0.843826
0.845608
0.849572
0.85256
0.845096
0.842876
0.840007
0.854001
0.848221
0.849541
0.849887
0.851857
0.856265
0.847491
0.865543
0.845141
0.849199
0.845993
0.852548
0.842287
0.849712
0.84997
0.848874
0.844803
0.841891
0.842953
0.849494
0.845139
0.834846
0.846805
0.837805
0.843793
0.849504
0.856932
0.861368
0.839318
0.850433
0.846631
0.854168
0.838905
0.843286
0.835905
0.85205
0.848761
0.842739
0.844605
0.8514
0.842931
0.853186
0.839847
0.848403
0.846154
0.854407
0.84391
0.860986
0.846174
0.850276
0.847944
0.843118
0.852184
0.847401
0.850087
0.847097
0.843255
0.848958
0.854917
0.840541
0.852374
0.852359
0.847752
0.846322
0.850601
0.851959
0.845323
0.862135
0.842482
0.848424
0.851675
0.845503
0.845774
0.846321
0.856527
0.855711
0.844532
0.85102
0.847355
0.8422
0.851811
0.84689
0.84412
0.853544
0.844898
0.849188
0.848053
0.839074
0.845424
0.846483
0.84949
0.847047
0.854941
0.844429
0.846355
0.849255
0.844803
0.851842
0.85197
0.851431
0.841055
0.847291
0.845793
0.843765
0.854365
0.847507
0.852165
0.843703
0.850908
0.85178
0.851838
0.847843
0.846459
0.858616
0.853148
0.861153
0.855895
0.844516
0.851398
0.853487
0.84616
0.84912
0.856557
0.846737
0.849428
0.850042
0.848746
0.850981
0.850112
0.85918
0.848538
0.84776
0.854392
0.838657
0.83779
0.849566
0.86123
0.842398
0.844407
0.846357
0.838394
0.851427
0.848494
0.854151
0.842021
0.851404
0.849685
0.860573
0.840747
0.85725
0.845689
0.849867
0.846985
0.858717
0.84731
0.847772
0.84312
0.845405
0.850609
0.859903
0.844976
0.850995
0.848148
0.843552
0.846728
0.847521
0.844829
0.846155
0.846723
0.853107
0.853335
0.849259
0.845569
0.843735
0.841247
0.847836
0.849238
0.851952
0.842768
0.829751
0.85201
0.842048
0.856498
0.849715
0.852138
0.846735
0.852284
0.847695
0.849537
0.843664
0.852464
0.845345
0.840691
0.844484
0.849522
0.844525
0.850068
0.843887
0.852246
0.85753
0.839679
0.861027
0.842604
0.83828
0.853315
0.847927
0.84993
0.846074
0.852082
0.851805
0.847655
0.847093
0.850172
0.8469
0.851596
0.851841
0.845548
0.848731
0.855828
0.846178
0.847752
0.844637
0.84993
0.847941
0.84603
0.845547
0.841772
0.849416
0.844565
0.857951
0.842808
0.847981
0.851408
0.850221
0.847224
0.845159
0.845618
0.851897
0.847078
0.844156
0.845958
0.855244
0.847291
0.859575
0.84726
0.848091
0.856556
0.853465
0.847734
0.849624
0.846442
0.844772
0.849826
0.849807
0.851828
0.847739
0.846869
0.835554
0.85165
0.845407
0.844743
0.851298
0.839188
0.843908
0.853258
0.845543
0.849299
0.853386
0.84957
0.846899
0.851879
0.849346
0.850213
0.846038
0.83653
0.845564
0.847351
0.849175
0.853603
0.850392
0.84364
0.850903
0.849286
0.853346
0.847573
0.846206
0.845112
0.85176
0.855172
0.845057
0.843228
0.849552
0.843276
0.840833
0.846986
0.849631
0.840343
0.854465
0.852584
0.843179
0.852187
0.843225
0.853759
0.843941
0.845207
0.84643
0.851732
0.839906
0.842745
0.855285
0.861523
0.84357
0.848381
0.841205
0.849472
0.853787
0.843531
0.850681
0.854819
0.846061
0.850964
0.841945
0.839257
0.851104
0.845098
0.847264
0.85555
0.84542
0.857488
0.855091
0.847765
0.844126
0.849455
0.854389
0.856307
0.843917
0.855644
0.851839
0.842894
0.846485
0.84501
0.843559
0.851783
0.845785
0.851315
0.838714
0.850795
0.851714
0.854692
0.848549
0.842021
0.851764
0.844839
0.852297
0.844885
0.8394
0.844588
0.848878
0.840046
0.845897
0.850692
0.83288
0.846281
0.849685
0.850861
0.847707
0.842388
0.849361
0.840599
0.845115
0.850005
0.860866
0.854405
0.8526
0.850696
0.844654
0.851397
0.854865
0.842074
0.84208
0.838096
0.842977
0.863858
0.843545
0.849703
0.84516
0.848843
0.847874
0.850196
0.844229
0.841045
0.847085
0.845511
0.84681
0.839643
0.812919
0.849349
0.84056
0.846377
0.852149
0.846491
0.853307
0.850113
0.850478
0.860648
0.855099
0.84662
0.86113
0.84763
0.854094
0.828626
0.846127
0.847851
0.849938
0.843994
0.848415
0.849448
0.840686
0.839844
0.857229
0.848494
0.863396
0.847855
0.850035
0.852071
0.844859
0.846015
0.845185
0.846173
0.853809
0.835158
0.852017
0.847457
0.845551
0.843714
0.849356
0.84567
0.849392
0.851001
0.860211
0.847329
0.845572
0.851391
0.842544
0.850957
0.845801
0.838277
0.852536
0.863405
0.844139
0.850912
0.846663
0.845138
0.850009
0.841766
0.839949
0.851842
0.843619
0.84421
0.849155
0.851036
0.839108
0.847282
0.842844
0.847962
0.843442
0.84812
0.853431
0.850037
0.851382
0.846805
0.849113
0.844502
0.849924
0.844641
0.851972
0.847545
0.845588
0.848044
0.854241
0.850112
0.84673
0.854176
0.850123
0.852696
0.841248
0.853402
0.850455
0.847249
0.852071
0.846203
0.850627
0.851775
0.84888
0.850547
0.853511
0.839654
0.850198
0.848
0.847778
0.85048
0.846232
0.845398
0.850955
0.852378
0.862265
0.852659
0.848043
0.846507
0.857882
0.850388
0.849064
0.847364
0.842375
0.846583
0.846778
0.840418
0.848023
0.841158
0.845458
0.851546
0.849981
0.840439
0.863828
0.848816
0.841028
0.850362
0.839192
0.851305
0.848374
