1539.5 0.901332 0.00162411
1538.81 0.898089 0.00145205
1553.41 0.891076 0.00171357
1524.35 0.901183 0.00134496
1476.26 0.898151 0.00162678
1390.9 0.898415 0.00164369
1656.21 0.907914 0.0012891
1456.29 0.898233 0.00156667
1536.36 0.904179 0.00158317
1486.86 0.898008 0.00149117
1633.37 0.895119 0.00166549
1465.24 0.90609 0.00111059
1675.45 0.895015 0.00163473
1436.02 0.902178 0.00155658
1582.16 0.892095 0.00187799
1573.77 0.892368 0.0014986
1537.95 0.897318 0.00150623
1446.81 0.908896 0.00170371
1492.22 0.896405 0.00151185
1632.86 0.892232 0.00165218
1503.75 0.897153 0.00145564
1503.63 0.907328 0.00131734
1456.44 0.904628 0.00129474
1492.6 0.898927 0.00146353
1686.54 0.89629 0.00149074
1521.91 0.898325 0.00144239
1624.91 0.901735 0.00150034
1450.21 0.900881 0.00158978
1660.66 0.902449 0.00166659
1481.92 0.89737 0.0015804
1636.87 0.89828 0.00147142
1394.54 0.899502 0.00156625
1500.01 0.908255 0.00128071
1293.61 0.89788 0.00152766
1354.73 0.902011 0.00124337
1479.17 0.897774 0.00150175
1542.04 0.905734 0.00137484
1412.04 0.901083 0.00156572
1373.17 0.908468 0.00141465
1704 0.897199 0.00175622
1529.23 0.907367 0.00125843
1570.48 0.8973 0.00150634
1648.59 0.893161 0.00161142
1744.66 0.899128 0.00149319
1508.57 0.89468 0.0015561
1703.48 0.892728 0.0016271
1504.94 0.905365 0.0012873
1665.25 0.894762 0.00148366
1719.25 0.908477 0.00111062
1463.77 0.904311 0.00141088
1644.3 0.906865 0.0014123
1523.41 0.902366 0.00154963
1747.79 0.893286 0.00225222
1573.7 0.897198 0.0017544
1588.72 0.907892 0.00143679
1517.71 0.897991 0.0016261
1666.48 0.898713 0.00147903
1492.36 0.900886 0.00138914
1468.58 0.897666 0.00153379
1401.53 0.897486 0.00161113
1534.82 0.908046 0.00141722
1844.4 0.893961 0.00164313
1581.91 0.90557 0.0014055
1525.86 0.893874 0.00147646
1591.92 0.897464 0.00160329
1507.54 0.907038 0.00137594
1458.74 0.894809 0.00135986
1317.7 0.893289 0.00256231
1467.66 0.907021 0.00127002
1458.1 0.905739 0.00137588
1673.32 0.894295 0.00145731
1509.83 0.901387 0.00152778
1393.74 0.904909 0.00130145
1491.68 0.904458 0.00130183
1612.64 0.890491 0.00132888
1447.29 0.893748 0.00165507
1444.36 0.905555 0.00170171
1414.66 0.903928 0.00154287
1273.55 0.90079 0.00152038
1676.46 0.895277 0.00163985
1523.97 0.899138 0.00159439
1553.72 0.896026 0.00158979
1501.22 0.899217 0.00155881
1492.73 0.900044 0.00148944
1442.98 0.899166 0.00162947
1466.6 0.904768 0.00135982
1336.56 0.901662 0.00150999
1352.07 0.905847 0.00129646
1355.2 0.897437 0.00140946
1475.16 0.90038 0.00155572
1480.63 0.898772 0.00159503
1446.34 0.903792 0.0014013
1462.37 0.895757 0.00163781
1488.57 0.89103 0.00231708
1410.83 0.897032 0.00161943
1540.91 0.895862 0.00157289
1586.21 0.898275 0.00166627
1475.49 0.896801 0.00144295
1593.42 0.907909 0.00130843
1495.19 0.907227 0.00139421
1659.03 0.899331 0.00106972
1468.75 0.907028 0.0014646
1728.15 0.904098 0.00133487
1564.11 0.905325 0.00132156
1480.38 0.901581 0.0015515
1412.32 0.895216 0.00143432
1937.65 0.903973 0.0014936
1389.46 0.908187 0.00113977
1576.22 0.897948 0.0014749
1593.77 0.890849 0.00150483
1651.06 0.893901 0.00143913
1536.79 0.908176 0.00164431
1395.58 0.906869 0.0013296
1649.13 0.909255 0.00143846
1380.67 0.901724 0.00152206
1429.25 0.902517 0.00135983
1573.73 0.894636 0.00159498
1500.01 0.89829 0.00156382
1339.02 0.899413 0.00163025
1634.65 0.896095 0.00160181
1606.02 0.904469 0.00135168
1418.84 0.906756 0.00135446
1507.5 0.896877 0.00134936
1825.78 0.891311 0.00163331
1599.91 0.904019 0.0013725
1593.67 0.894932 0.00150069
1512.98 0.901631 0.00139453
1535.09 0.908317 0.00130031
1485.21 0.896759 0.0014502
1410.79 0.907579 0.00132859
1612.66 0.902293 0.00124775
1354.37 0.906737 0.54222
1388.27 0.900846 0.00141217
1522.39 0.906761 0.00135798
1490.47 0.896779 0.00151214
1460.78 0.908448 0.00142197
1536.26 0.906242 0.00129084
1506.47 0.904877 0.00134884
1409.45 0.899173 0.00149639
1431.56 0.898793 0.00207376
1402.46 0.897745 0.00167082
1675.85 0.894405 0.00145031
1563.38 0.900607 0.0010382
1630.07 0.894643 0.00144305
1602.88 0.898447 0.00136506
1730.39 0.897823 0.00146912
1503.11 0.905878 0.00134421
1798.28 0.911972 0.00147103
1335.87 0.905804 0.00140293
1463.3 0.897415 0.00176414
1494.64 0.907223 0.00131272
1402.24 0.906075 0.00150441
1475.42 0.905996 0.00136989
1447.48 0.910833 0.00130785
1737.43 0.894183 0.00194134
1590.98 0.9006 0.00147007
1611.64 0.902567 0.00141188
1448.9 0.902043 0.540656
1470.93 0.909491 0.0012084
1416.12 0.901254 0.00151687
1483.92 0.904645 0.00145544
1407.57 0.899912 0.00148532
1366.33 0.898219 0.00165828
1605.45 0.908485 0.00141327
1498.69 0.901146 0.00154357
1606.73 0.895843 0.00162528
1689.6 0.896192 0.00157455
1396.37 0.903621 0.00160515
1495.75 0.903095 0.0013394
1732.83 0.896566 0.0014311
1472.79 0.907699 0.00134837
1477.76 0.900235 0.00167161
1750.06 0.895234 0.00162833
1515.91 0.909469 0.00138453
1576.67 0.893795 0.00138476
1462.89 0.898575 0.00164022
1602.85 0.892127 0.00146126
1549.71 0.902799 0.00124026
1612.71 0.907085 0.00145767
1450.51 0.899102 0.0015451
1551.25 0.897011 0.0015073
1572.08 0.898275 0.00154057
1527.6 0.906852 0.00132134
1490.11 0.899223 0.00156498
1561.76 0.910335 0.00130557
1431.93 0.902843 0.00158592
1408.77 0.902536 0.00155639
1560.22 0.895388 0.00148639
1537.78 0.910417 0.00128562
1432.87 0.898241 0.00162143
1444.2 0.893712 0.001496
1621.66 0.893501 0.00155278
1651.61 0.902975 0.00128318
1763.39 0.892871 0.00149344
1504.07 0.898921 0.0015475
1430.6 0.903577 0.00145732
1634.44 0.899242 0.00131329
1455.79 0.903134 0.00123567
1513.69 0.907467 0.00138314
1640.68 0.89548 0.00160751
1493.95 0.894519 0.00159396
1616.37 0.907472 0.00137793
1594.64 0.902952 0.00153671
1561.72 0.906732 0.00136114
1495.98 0.898379 0.00165426
1583.35 0.904962 0.0011592
1659.65 0.890269 0.00164177
1491.01 0.897255 0.00158835
1590.36 0.89395 0.00169823
1432.53 0.907079 0.00132062
1481.19 0.899855 0.00175505
1831.25 0.913561 0.00137256
1586.68 0.899071 0.00150578
1446.32 0.899283 0.00161383
1470.33 0.903059 0.00153192
1803.58 0.904701 0.0015332
1513.07 0.897224 0.00105543
1474.76 0.895564 0.00146484
1663.02 0.896145 0.00152227
1419.59 0.901646 0.00166747
1488.27 0.891437 0.00156873
1794.45 0.891785 0.00144139
1452.5 0.905543 0.00122787
1450.38 0.898974 0.00156055
1455.25 0.905438 0.00133395
1429.17 0.908218 0.00145059
1560.54 0.907004 0.00140714
1481.46 0.905078 0.0012711
1477.11 0.907152 0.0013172
1593.31 0.905713 0.00138179
1479.52 0.904546 0.0014617
1442.92 0.896387 0.00165551
1441.54 0.902945 0.00155241
1650.65 0.892926 0.00148075
1524.39 0.893118 0.00148098
1487.01 0.894214 0.00149022
1370.88 0.89572 0.00134678
1572.48 0.895136 0.0015112
1568.16 0.902853 0.00152331
1478.64 0.90854 0.00162473
1335.56 0.896548 0.00155679
1644.73 0.894323 0.00153503
1468.52 0.898679 0.0016136
1518.6 0.89766 0.00159231
1527.05 0.896707 0.00130925
1499.71 0.897956 0.00159373
1533.07 0.89699 0.00139297
1327.02 0.900867 0.00142452
1485.5 0.900895 0.00151193
1608.97 0.901717 0.0016061
1583.88 0.903579 0.001627
1551.75 0.8926 0.00159176
1644.68 0.898605 0.00140042
1616.87 0.89411 0.00169814
1560.7 0.895614 0.00152697
1382.96 0.898533 0.0015453
1592.01 0.908411 0.00137517
1530.36 0.896887 0.00161561
1458.45 0.898818 0.00149495
1541.78 0.901538 0.00165018
1527.58 0.897211 0.00171781
1442.99 0.904636 0.00138321
1702.81 0.906962 0.00133945
1571.21 0.898243 0.00148651
1535.11 0.900985 0.00148426
1494.05 0.903985 0.00135485
1519.47 0.899485 0.00156375
1437.09 0.899353 0.00146395
1389.23 0.901449 0.00161628
1404.59 0.898758 0.00155751
1734.49 0.911887 0.00143097
1760.92 0.889842 0.00164598
1435.52 0.898689 0.0015058
1462.59 0.905588 0.00136419
1571.46 0.905226 0.00113581
1746.27 0.894829 0.00151422
1341.21 0.901516 0.00156917
1664.07 0.88854 0.0015829
1599.48 0.895129 0.00147724
1445.29 0.904518 0.00135754
1363.78 0.900637 0.00153386
1450.02 0.903082 0.00159114
1468.14 0.908499 0.00130734
1652.82 0.897929 0.00146488
1460.77 0.902752 0.00159051
1475.65 0.90269 0.00159501
1535.21 0.909909 0.00129887
1783.42 0.892549 0.00161293
1379.27 0.895439 0.00157914
1590.74 0.899102 0.0014684
1445.96 0.899947 0.00150172
1454.31 0.899976 0.00164798
1462.64 0.905235 0.0013649
1583.9 0.907614 0.00139932
1461.08 0.902649 0.00159324
1418.69 0.898132 0.00142505
1443.42 0.88071 0.0022688
1462.67 0.901616 0.00165311
1553.91 0.908767 0.00142424
1437.05 0.897615 0.00150771
1391.96 0.89888 0.00151667
1546.63 0.909323 0.0013583
1510.85 0.905387 0.00129402
1787.74 0.895609 0.0016228
1699.22 0.912561 0.00147193
1645.51 0.906171 0.00137639
1399.28 0.900624 0.00159384
1504.28 0.896108 0.0014847
1463.62 0.894982 0.00153033
1608.94 0.89705 0.00157738
1402.87 0.888202 0.000177427
1435.44 0.900968 0.00158868
1377.9 0.89598 0.00156057
1431.23 0.898369 0.00154327
1522.73 0.907172 0.00134756
1718.98 0.90984 0.00138489
1547.59 0.906467 0.00135087
1468.15 0.906926 0.00139255
1434.36 0.902711 0.0015395
1275.55 0.901239 0.00148381
1387.64 0.899647 0.00142892
1525.32 0.897502 0.00149486
1566.64 0.905067 0.00153257
1453.46 0.901475 0.00157396
1421.57 0.892253 0.00150032
1366.84 0.905916 0.00129179
1582.01 0.906636 0.0014664
1629.24 0.90446 0.00133907
1457.12 0.899417 0.00148748
1391.74 0.903117 0.00157866
1517.72 0.894138 0.00167332
1418.95 0.893416 0.00157785
1691.09 0.892516 0.00136704
1434.82 0.896406 0.00142554
1674.17 0.891879 0.00166653
1533.05 0.910451 0.0013796
1505.17 0.894814 0.00155271
1354.42 0.892286 0.00222403
1389.31 0.899588 0.00135371
1433.92 0.901202 0.00152398
1665.65 0.896071 0.00153336
1459.47 0.911201 0.00140682
1746.21 0.909533 0.00121351
1577.49 0.898147 0.00150762
1427.47 0.908295 0.00130359
1438.03 0.898209 0.00148936
1560.05 0.903929 0.0014907
1505.03 0.900047 0.00153448
1653.89 0.898978 0.00168252
1812.4 0.8946 0.00170559
1931.89 0.887223 0.00148507
1485.01 0.90336 0.00134646
1602.36 0.897119 0.00159766
1381.54 0.904804 0.00136509
1570.13 0.907032 0.00125641
1728.58 0.910484 0.00137406
1618.48 0.892674 0.0014265
1743.06 0.902497 0.00146419
1566.25 0.901946 0.00158574
1391.5 0.899925 0.001508
1403.1 0.906285 0.00136876
1439.99 0.899478 0.00161129
1805.38 0.903693 0.00137382
1467.37 0.892426 0.00149126
1524.23 0.902866 0.00163492
1368.55 0.897757 0.00145151
1460.55 0.903004 0.00131745
1482.36 0.898534 0.00152789
1480.51 0.900647 0.00157162
1488.27 0.907411 0.00134054
1505.28 0.897689 0.00160274
1542.9 0.898916 0.00160001
1431.99 0.907498 0.00133017
1388.72 0.897104 0.001509
1433.68 0.897002 0.00145567
1439.4 0.903939 0.0014249
1458.64 0.905881 0.00141871
1440.63 0.907384 0.00163185
1435.01 0.900098 0.00146802
1404.57 0.908893 0.00142803
1538.7 0.896154 0.00157443
1598.45 0.908519 0.00141406
1383.96 0.908062 0.00145848
1528.21 0.904453 0.00112913
1412.78 0.900427 0.00152168
1510.01 0.900002 0.00156634
1507.61 0.895564 0.00151259
1390.04 0.903405 0.00126473
1600.76 0.906344 0.00123249
1389.06 0.897804 0.00153789
1480.03 0.901359 0.0014811
1438.46 0.894193 0.00147971
1424.54 0.899601 0.00157618
1505.24 0.908459 0.00132293
1530.49 0.898223 0.00155377
1699.36 0.895637 0.00144887
1668.61 0.896497 0.00160064
1431.81 0.905826 0.00132539
1419.11 0.900522 0.00165315
1713.43 0.893248 0.00168826
1478.89 0.896719 0.000798154
1636.13 0.896242 0.00160683
1497.77 0.905946 0.00118923
1455.74 0.896386 0.00149068
1301.67 0.901643 0.00167196
1503.78 0.901266 0.00167217
1423.41 0.895564 0.0016061
1395.05 0.902225 0.00152757
1636.9 0.904933 0.00151287
1471.5 0.893615 0.00157421
1518.28 0.903336 0.00131571
1616.16 0.895268 0.00158451
1439.18 0.900851 0.00152101
1349.68 0.895207 0.00192354
1611.59 0.901134 0.0016064
1644.07 0.896217 0.00162727
1801.97 0.888545 0.00174466
1531.7 0.898248 0.001488
1460.38 0.896837 0.00139529
1576.02 0.898908 0.00155036
1613.2 0.894823 0.0014877
1440.2 0.896461 0.00156006
1522.69 0.895426 0.00166968
1456.95 0.901624 0.00158346
1624.4 0.903554 0.00158201
1604.64 0.898703 0.00155846
1449.48 0.901648 0.00154788
1427.2 0.902349 0.00155507
1481.93 0.898178 0.00164703
1447.77 0.899274 0.00151313
1520.05 0.899699 0.001483
1630.43 0.904509 0.00105053
1432.93 0.907456 0.0014481
1868.15 0.90069 0.00138619
1629.25 0.898409 0.00148147
1539.39 0.909357 0.00143878
1466.65 0.900313 0.0015507
1453.27 0.901608 0.00157616
1483.98 0.902444 0.00154232
1519.94 0.894567 0.00153276
1560.32 0.901103 0.00157156
1386.29 0.900691 0.00144623
1414.94 0.900616 0.00155252
1419.46 0.896722 0.00146121
1479.14 0.894969 0.00163708
1570.4 0.898988 0.00153949
1582.74 0.897095 0.00166156
1569.43 0.906205 0.00144782
1403.63 0.907699 0.0013632
1612.91 0.909025 0.00143236
1476.97 0.909627 0.0013249
1495.56 0.905777 0.00134645
1437.74 0.900951 0.00148723
1409.04 0.904364 0.00153201
1707.91 0.895603 0.00164638
1540.13 0.90111 0.00162326
1464.83 0.893642 0.00156313
1421.41 0.894227 0.00166278
1523.18 0.906759 0.00130195
1699.49 0.889434 0.00154622
1747.07 0.903025 0.00152815
1629.5 0.893015 0.00154933
1545.35 0.893923 0.00148832
1702.56 0.890088 0.00133066
2057.4 0.886281 0.00159423
1422.86 0.89469 0.0016037
1496.64 0.899795 0.00156046
1549.56 0.896238 0.00166067
1763.85 0.909438 0.00147497
1526.95 0.897351 0.0014796
1446.9 0.907974 0.00137002
1490.43 0.897069 0.00155367
1583.74 0.891676 0.00159495
1507.44 0.897194 0.00165468
1346.33 0.901722 0.00152632
1479.86 0.906563 0.00121203
1440.76 0.900585 0.00133459
1490.69 0.894952 0.00166791
1598.83 0.897916 0.00165958
1593.24 0.894215 0.001737
1362.3 0.897427 0.00158422
1820.98 0.892269 0.00164083
1539.75 0.905395 0.00149243
1737.81 0.894136 0.00155252
1451.88 0.898358 0.00145864
1564.51 0.895226 0.00157206
1591.36 0.906251 0.00150202
1453.75 0.898617 0.00151529
1453.9 0.904361 0.0017868
1551.53 0.896979 0.00165932
1548.71 0.910254 0.00128014
1514.95 0.900789 0.001546
1474.43 0.897503 0.00150752
1428.39 0.909539 0.0013376
1442.97 0.906261 0.00106019
1485.7 0.90311 0.00130798
1602.56 0.894307 0.00132005
1524.06 0.906094 0.0013257
1509.26 0.896026 0.00164247
1540.16 0.904807 0.00140442
1392.89 0.897321 0.00163281
1399.49 0.904606 0.00130106
1483.45 0.909471 0.001358
1403.31 0.899253 0.00149202
1462.02 0.900602 0.00156386
1502.04 0.899031 0.00156489
1497.46 0.906947 0.00139932
1681.81 0.894617 0.00140444
1515.37 0.901015 0.00154509
1652.98 0.8929 0.0014887
1509.99 0.901685 0.00163697
1491.17 0.899251 0.00160469
1563.55 0.894292 0.00148149
1443.8 0.899796 0.00161068
1590.62 0.894096 0.00158439
1652.29 0.901511 0.00159534
1444.78 0.905763 0.00134253
1444.4 0.901205 0.00149443
1598.97 0.893296 0.00146744
1477.14 0.899448 0.00146259
1551.68 0.906161 0.00140015
1507.7 0.897055 0.00126752
1561.46 0.907989 0.00139477
1484.87 0.897203 0.00157287
1439.7 0.907915 0.00137488
1721.06 0.891364 0.00151478
1521.46 0.903475 0.00133195
1409.57 0.90345 0.00162679
1526.59 0.900312 0.0014712
1417.14 0.897416 0.00162911
1440.99 0.898932 0.00133535
1459.92 0.899868 0.00155501
1547.79 0.907641 0.00133958
1468.1 0.899665 0.00159308
1622.35 0.892581 0.00146787
1547.77 0.902202 0.0015642
1532.98 0.904798 0.00142053
1695.52 0.896162 0.00168136
1527.65 0.905685 0.001292
1535.1 0.906521 0.00128437
1244.14 0.900119 0.0015231
1613.05 0.898468 0.001564
1478.2 0.901083 0.00157531
1794.06 0.8939 0.00126502
1434.9 0.899031 0.00151513
1441.71 0.906795 0.00111937
1545.48 0.893177 0.00142048
1393.58 0.897636 0.0015235
1470.59 0.902189 0.00156197
1552.34 0.896034 0.00150884
1464.05 0.9005 0.00166023
1387.66 0.896632 0.00152674
1353.71 0.897116 0.00160832
1389.43 0.900396 0.00160588
1520.02 0.897318 0.00167649
1475.29 0.908828 0.00134822
1498.06 0.899435 0.0015031
1529.78 0.902722 0.00125271
1450.68 0.902328 0.00157558
1573.79 0.89856 0.00146017
1488.19 0.907918 0.00131588
1542.92 0.895824 0.00158771
1574.29 0.897191 0.00155394
1479.27 0.899094 0.00161945
1789.97 0.893132 0.00170996
1560.69 0.894455 0.00150826
1786.88 0.902929 0.0012525
1860.99 0.890999 0.00165733
1595.22 0.895354 0.00178057
1437.67 0.907782 0.00138688
1508.61 0.907222 0.00134807
1406.02 0.906336 0.0015435
1380.89 0.899323 0.00146889
1443.13 0.897986 0.00164307
1342.56 0.910338 0.00116989
1534.77 0.899616 0.00107833
1353.86 0.897709 0.00231271
1479.8 0.908652 0.00140992
1396.67 0.90316 0.00156629
1582.57 0.910707 0.00128628
1676.64 0.891939 0.00166163
1549.08 0.885557 0.00217775
1351.32 0.896613 0.00122844
1430.14 0.900199 0.00161976
1276.74 0.900475 0.00150865
1465.06 0.894557 0.00158745
1474.86 0.897988 0.00155769
1472.18 0.912429 0.00127214
1544.43 0.898446 0.00158459
1624.58 0.909257 0.00130953
1464.47 0.895944 0.00157103
1660.89 0.903344 0.00157838
1447.94 0.894539 0.00138691
1561.33 0.905087 0.00138946
1532.21 0.890779 0.00148236
1424.98 0.899471 0.0016727
1519.23 0.896349 0.00142176
1601.95 0.894659 0.00157249
1396.92 0.898597 0.00155385
1635.74 0.890808 0.00158981
1550.51 0.898591 0.00155318
1521.42 0.898112 0.00143826
1478.72 0.907458 0.00125533
1391.95 0.897229 0.0014695
1471.08 0.900771 0.0013143
1553.66 0.897275 0.00186241
1540.91 0.900787 0.00153761
1574.37 0.901015 0.00138634
1551.85 0.893863 0.00151596
1581.22 0.900427 0.00154426
1556.67 0.903265 0.00156415
1532.73 0.894573 0.00155725
1531.74 0.903088 0.00161747
1622.15 0.891988 0.00153252
1429.02 0.901774 0.00156468
1613.45 0.894971 0.00164937
1593.92 0.900458 0.00163382
1503.67 0.894646 0.00156074
1633.36 0.891694 0.00150906
1447.39 0.90085 0.00165463
1480.28 0.896208 0.00167395
1472.09 0.904984 0.00140681
1462.33 0.901278 0.0014442
1385.08 0.900801 0.00154105
1704.47 0.89652 0.00159958
1467.05 0.900221 0.0015201
1564.03 0.894883 0.00151578
1519.98 0.89643 0.00164049
1357.34 0.896748 0.00152858
1509.21 0.900124 0.00156395
1568.15 0.90624 0.00129246
1715.18 0.895959 0.00153569
1515.6 0.901744 0.00144238
1392.4 0.898701 0.00159221
1556.06 0.91046 0.00134071
1355.16 0.902554 0.00157421
1460.78 0.901582 0.00151876
1435.39 0.89824 0.00171281
1831.58 0.900777 0.00146507
1529.52 0.897711 0.00150781
1363.43 0.907395 0.00146728
1499.78 0.900435 0.00156401
1496.39 0.89493 0.00163329
1431.68 0.894792 0.00156988
1602.48 0.89583 0.00160495
1442.7 0.902451 0.00141524
1401.41 0.900024 0.00156091
1502.18 0.909145 0.00131034
1414.61 0.902742 0.00159048
1509.18 0.899768 0.00156165
1442.55 0.899796 0.00183454
1761.96 0.890333 0.00167526
1501.6 0.896035 0.00166546
2001.15 0.890208 0.0015931
1409.84 0.904966 0.00132136
1653.02 0.900124 0.00148015
1475.08 0.904071 0.00128617
1494.48 0.906315 0.00135176
1505.44 0.903275 0.00142584
1497.95 0.89611 0.00162451
1473.16 0.902673 0.00168693
1434.85 0.897139 0.0016283
1523.5 0.903281 0.00156027
1574.43 0.889231 0.00155714
1551.14 0.898555 0.00150085
1443.72 0.909715 0.00132344
1542.02 0.898003 0.00147245
1436.13 0.895871 0.00155149
1871.05 0.910369 0.00128775
1397.7 0.896934 0.00146024
1543.98 0.896549 0.00165216
1658.32 0.909586 0.0013024
1592.81 0.907886 0.00113253
1515.5 0.900201 0.00144734
1597.92 0.897709 0.00139815
1653.58 0.8976 0.00166786
1491.31 0.896153 0.00170802
1645.03 0.896272 0.00166972
1669.62 0.910909 0.00134929
1382.97 0.898981 0.00155628
1696.24 0.903572 0.00151227
1541 0.896787 0.00159811
1409.39 0.893638 0.00199284
1717.64 0.89704 0.0015606
1486.98 0.898148 0.00146516
1387.54 0.899581 0.00131656
1475.88 0.908786 0.00137389
1435.75 0.898691 0.00152514
1445.27 0.905546 0.00137907
1760.58 0.893929 0.00152467
1819.42 0.893266 0.00151142
1500.71 0.90347 0.00139458
1553.66 0.899724 0.00157216
1426.2 0.899935 0.00153558
1338.87 0.891302 0.00219589
1588.99 0.897055 0.00139335
1346.99 0.900419 0.00157003
1412.25 0.897726 0.00164263
1446.81 0.898675 0.00160684
1452.49 0.907743 0.00124565
1517.65 0.903057 0.00136915
1655.24 0.896135 0.00143295
1455.06 0.899763 0.00146237
1463.02 0.902441 0.0016163
1486.97 0.89866 0.00156089
1500.21 0.897046 0.00158368
1661.41 0.89568 0.00156097
1548.08 0.909591 0.00127252
1399.61 0.897356 0.00148534
1623.92 0.896148 0.00157072
1611.86 0.897989 0.0014802
1502.94 0.908031 0.00140178
1705.38 0.904646 0.00141726
1542.52 0.895026 0.00147135
1411.26 0.898884 0.00151456
1523.48 0.896058 0.0015392
1305.84 0.897507 0.00149701
1571.84 0.896968 0.00157725
1595.27 0.906598 0.00110102
1458.72 0.902867 0.00130273
1523.88 0.899821 0.00132186
1517.51 0.8938 0.00159337
1483.1 0.900217 0.0015845
1508.2 0.895878 0.00150858
1510.76 0.908836 0.00133604
1578.04 0.904156 0.00131748
1467.91 0.901084 0.00162416
1548.7 0.908304 0.00130121
1355.64 0.898991 0.00161935
1466.93 0.898516 0.00168438
1502.66 0.895733 0.00149476
1627 0.893662 0.00155731
1567.67 0.893775 0.00163876
1590.76 0.896336 0.00165443
1551.79 0.902087 0.00156295
1451.7 0.896515 0.00153765
1488.44 0.900779 0.00142477
1471.24 0.905907 0.00126429
1532.31 0.90457 0.00137432
1389.17 0.900097 0.0017322
1464.66 0.899347 0.00159275
1375.81 0.897847 0.00152232
1656.68 0.911915 0.00143475
1662.87 0.896986 0.00148198
1506.42 0.899078 0.00158298
1345.43 0.903435 0.00155969
1382.44 0.904057 0.00148598
1503.32 0.902994 0.00155435
1499.02 0.894888 0.53822
1532.61 0.895357 0.00151677
1431.8 0.89943 0.00172455
1604.8 0.908266 0.00136474
1434.72 0.903007 0.0015934
1437.36 0.90731 0.0012727
1604.28 0.907853 0.00132391
1440.18 0.90341 0.00143321
1595.56 0.907098 0.00141771
1430.66 0.895105 0.00158484
1487.67 0.902108 0.00165938
1596.14 0.90527 0.00127925
1553.09 0.903357 0.00135964
1588.8 0.897514 0.00155921
1416.55 0.898044 0.00159159
1617.89 0.893316 0.00160505
1481.89 0.903864 0.0010163
1427.14 0.896222 0.00159185
1436.24 0.899003 0.00156502
1773.84 0.897202 0.0014812
1571.69 0.893536 0.00158861
1486.25 0.898403 0.00133643
1392.66 0.901869 0.00158129
1453.32 0.898265 0.00152774
1448.09 0.900105 0.00134295
1592.76 0.908433 0.00143926
1446.8 0.899688 0.00155787
1591.73 0.901616 0.00129186
1357.09 0.899712 0.00169244
1290.5 0.901234 0.00151603
1545.76 0.895759 0.00154309
1656.08 0.901073 0.00159587
1642.82 0.89458 0.00162427
1443.76 0.906908 0.00112818
1579.35 0.899631 0.00146696
1762.45 0.895117 0.0016921
1529.25 0.905633 0.00139079
1532.62 0.908168 0.00128329
1513.46 0.895044 0.00161621
1344.84 0.895848 0.00189935
1650.81 0.894246 0.00149344
1497.31 0.897287 0.00156735
1504.31 0.900972 0.00131068
1514.66 0.903197 0.00162484
1685.84 0.895627 0.00162212
1528.4 0.893834 0.00150987
1536.8 0.895772 0.00148506
1520.68 0.895255 0.00158766
1501.33 0.897502 0.00206142
1469.75 0.898777 0.00141195
1324.8 0.899591 0.0022174
1483.73 0.906459 0.00127235
1442.09 0.90782 0.00135853
1604.23 0.897713 0.001526
1485.72 0.893709 0.00163847
1424.74 0.903096 0.00135808
1314.09 0.903848 0.00168088
1512.33 0.89302 0.00146242
1602.94 0.895117 0.00159458
1723.42 0.909868 0.54325
1447.44 0.910135 0.00144211
1491.29 0.909607 0.00137604
1381.4 0.898188 0.00149143
1725.86 0.8914 0.00162024
1622.73 0.8957 0.00143452
1367.43 0.895425 0.0014702
1532.71 0.906752 0.0014041
1454.01 0.907967 0.00138889
1430.18 0.90096 0.00152731
1528.26 0.898247 0.00147741
1358.3 0.900053 0.0016904
1443.94 0.895189 0.00238087
1538.69 0.899546 0.00158844
1530.34 0.908776 0.00145288
1433.66 0.909529 0.00144669
1558.2 0.900677 0.0015893
1471.23 0.900166 0.0011135
1685.11 0.890417 0.00152969
1632.08 0.894467 0.00159421
1581.64 0.894041 0.00150134
1747.82 0.908405 0.00108506
1449.65 0.908664 0.00115017
1420.38 0.900796 0.00107735
1342.7 0.904131 0.00133085
1434.2 0.909068 0.00146218
1495.34 0.89784 0.00135566
1467.38 0.905616 0.0015615
1512.31 0.897224 0.00152911
1445.16 0.901005 0.00164866
1465.19 0.901025 0.0015999
1578.54 0.899139 0.00162073
1601.74 0.890228 0.00149725
1447.78 0.9028 0.00150255
1635.13 0.892592 0.00158141
1456.91 0.896415 0.0016593
1391.26 0.901157 0.00158002
1575.86 0.904606 0.00127072
1575.2 0.897115 0.00161193
1367.55 0.902864 0.00146204
1436.56 0.89984 0.00166217
1462.58 0.899099 0.00152481
1457.71 0.907955 0.00106968
1563.09 0.896786 0.00167271
1506.38 0.898958 0.00164042
1377.05 0.90719 0.00139122
1482.56 0.9091 0.00144336
1365.35 0.908006 0.00134996
1451.36 0.901466 0.00151046
1410.07 0.896336 0.0016164
1639.25 0.906164 0.00146682
1661.45 0.892605 0.00152474
1486.78 0.905793 0.00132435
1380.1 0.910124 0.0013626
1551.03 0.900499 0.00151922
1635.39 0.910446 0.00146006
1393.14 0.898014 0.00161823
1383.39 0.906846 0.00133854
1473.77 0.899832 0.00147881
1501.6 0.901174 0.00147769
1530.34 0.89803 0.00158714
1551.18 0.89231 0.00153282
1528.34 0.897757 0.00153034
1659.84 0.902277 0.00137153
1488.93 0.902239 0.00158382
1642.98 0.906205 0.00128878
1519.44 0.894113 0.0016601
1557.61 0.904355 0.00127768
1803.56 0.896387 0.00139404
1450.16 0.899151 0.00157095
1564.15 0.898639 0.00160135
1387.65 0.907163 0.0013839
1599.36 0.899368 0.00159923
1515.16 0.897912 0.00146674
1625.28 0.905359 0.00131757
1779.19 0.891675 0.00154901
1476.89 0.900173 0.00158249
1516.06 0.901642 0.00175934
1582.03 0.902277 0.00163371
1526.03 0.89657 0.00155311
1564.25 0.893027 0.00157141
1537.32 0.895609 0.00140204
1471.53 0.897932 0.00161201
1473.91 0.900778 0.00143404
1406.4 0.896052 0.00156744
1635 0.896205 0.00163113
1443.88 0.899707 0.00157625
1501.41 0.895777 0.00136665
1612.07 0.909188 0.00141711
1517.02 0.899187 0.00145407
1660.22 0.899563 0.00130697
1517.31 0.90769 0.542535
1854.38 0.894328 0.00153937
1595.36 0.897196 0.00160967
1440.7 0.904352 0.00189774
1466.18 0.897412 0.00159553
1756.51 0.891907 0.00150735
1537.32 0.902395 0.00151
1578.07 0.906781 0.00144073
1408.27 0.896307 0.0014707
1577.09 0.906271 0.00168196
1670.15 0.894552 0.00172952
1433.8 0.901187 0.00153971
1673.28 0.903713 0.00134428
1440.47 0.905832 0.00133171
1381.72 0.896164 0.00151284
1429.12 0.89974 0.0016428
1483.48 0.895827 0.00164141
1577.33 0.908189 0.00145009
1406.36 0.905678 0.00134029
1524.23 0.894365 0.00144794
1544.93 0.895753 0.00152295
1385.14 0.901049 0.0015864
1642.11 0.898877 0.00158542
1585.15 0.892725 0.00154597
1536.67 0.893359 0.00150318
1534.42 0.897057 0.00149634
1601.33 0.906879 0.00148818
1607.4 0.89631 0.00158065
1843.84 0.890421 0.00168353
1408.75 0.900943 0.00159109
1554.39 0.904647 0.00137884
1553.43 0.901104 0.00158858
1514.49 0.905892 0.54194
1606.12 0.898739 0.00149723
1473.13 0.901036 0.0016048
1485.12 0.89165 0.00152584
1641.26 0.894246 0.00149285
1448.03 0.895593 0.00158879
1539.32 0.898115 0.00160061
1628.43 0.89538 0.00171985
1648.67 0.89236 0.00163308
1566.86 0.904943 0.00135616
1363.2 0.901068 0.00151101
1522.44 0.899956 0.00151368
1735.61 0.894911 0.0016318
1498.19 0.893587 0.00153734
1548.97 0.897296 0.00149144
1963.18 0.890839 0.00169758
1519.05 0.896343 0.00128961
1465.5 0.908605 0.00134202
1774.37 0.890316 0.00156547
1394.65 0.899933 0.00162359
1837.96 0.894963 0.00160821
1410.94 0.903948 0.00144638
1434.56 0.896239 0.00158633
1526.81 0.893197 0.00161629
1450.92 0.904922 0.00139616
1510.89 0.910519 0.00133638
1590.3 0.907436 0.00144119
1445.87 0.896443 0.00151712
1408.42 0.902994 0.00159512
1581.9 0.901418 0.00150177
1315.82 0.906358 0.00135285
1429.2 0.899177 0.00154468
1408.54 0.895541 0.00174427
1519.98 0.906576 0.00127062
1605.25 0.895602 0.00153219
1434.23 0.901557 0.00157686
1633.98 0.897222 0.00148346
1585.31 0.898284 0.00152458
1448.2 0.90021 0.00157188
1491.37 0.896451 0.00165538
1437.46 0.896295 0.00169853
1496.36 0.900023 0.00152233
1588.79 0.908845 0.0013908
1477.71 0.898031 0.00158766
1427.82 0.895699 0.00159557
1334.64 0.900566 0.00211207
1416.15 0.900254 0.00135655
1990.05 0.886532 0.00153013
1461.12 0.907829 0.00135115
1766.48 0.89726 0.00223274
1494.95 0.898719 0.00152295
1523.03 0.91022 0.00137651
1439.31 0.894421 0.00172376
1754.24 0.890367 0.00160482
1439.52 0.895285 0.00163915
1534.63 0.897228 0.00166457
1484.96 0.907141 0.00134116
1485.12 0.89565 0.00167325
1741.93 0.897984 0.00152984
1559.25 0.897735 0.00146451
1474.27 0.910749 0.00142506
1563.25 0.894896 0.00167371
1703.85 0.902375 0.0012981
1733.21 0.894561 0.00150336
1611.54 0.897421 0.00133527
1448.51 0.907941 0.0013048
1491.64 0.895645 0.00149701
1840.08 0.885406 0.00161875
1453.22 0.907552 0.00133926
1464.32 0.908044 0.0013413
