1371.49 0.847176 0.00246069
1362.51 0.850496 0.00255205
1330.08 0.8596 0.00236865
1275.6 0.854245 0.00242753
1337.14 0.853673 0.00241018
1454.72 0.849446 0.00238888
1405.2 0.858579 0.00242833
1328.44 0.857942 0.00212862
1219.13 0.851225 0.00243122
1317.79 0.860675 0.00242831
1457.44 0.848427 0.00251749
1365.01 0.849405 0.00199862
1418.5 0.854949 0.00244577
1614.82 0.845401 0.0023842
1376.34 0.859481 0.00241669
1293.96 0.852847 0.00247974
1356.04 0.848635 0.00247483
1303.1 0.857635 0.00208135
1388.75 0.849965 0.00246564
1297.83 0.854119 0.00240315
1414.38 0.861539 0.00248103
1333.13 0.856577 0.00236443
1344.03 0.848862 0.0024562
1402.36 0.851725 0.00243229
1424.82 0.861416 0.0022858
1312.97 0.861745 0.00240951
1320.95 0.855348 0.0024326
1304.65 0.853696 0.00243589
1338.28 0.849719 0.00242923
1642.05 0.848305 0.00256133
1503.15 0.848462 0.00243028
1299.48 0.86367 0.00243232
1376.78 0.860607 0.00246297
1377.11 0.845994 0.00255008
1368.82 0.852477 0.00243113
1362.8 0.858042 0.00236842
1359.51 0.862461 0.00242405
1418.51 0.852246 0.00241482
1309.95 0.849215 0.00249132
1351.46 0.856087 0.00218746
1248.96 0.848016 0.00245937
1306.57 0.851352 0.00256562
1439.48 0.859191 0.00230167
1377.81 0.862921 0.00233082
1354.75 0.854232 0.00246423
1344.42 0.855539 0.00245117
1794.13 0.845954 0.00246228
1456.9 0.851616 0.00215364
1275.06 0.846827 0.00222577
1268.24 0.85765 0.00207652
1280.85 0.857756 0.00248411
1267.21 0.85283 0.00242622
1384.76 0.853567 0.00226097
1281.87 0.857661 0.00247242
1305.83 0.863567 0.00241664
1257.97 0.855421 0.00244936
1547.82 0.855144 0.00240792
1270.65 0.856214 0.00242906
1443.47 0.852138 0.00248411
1220.58 0.852644 0.00242431
1341.39 0.856717 0.00247149
1280.74 0.857167 0.00243437
1364.04 0.851189 0.0023963
1309.48 0.854561 0.00241042
1295 0.850558 0.00241961
1448.53 0.849133 0.00216736
1226.92 0.855771 0.00257358
1379.42 0.857167 0.00231216
1431.43 0.846292 0.00238464
1315.25 0.857372 0.00243554
1307.07 0.851681 0.00206516
1196.05 0.854344 0.00240455
1243.88 0.85925 0.00237677
1348.74 0.85697 0.00240119
1213.39 0.857988 0.00241182
1307.43 0.850096 0.0024723
1298.98 0.856414 0.00246951
1394.29 0.858886 0.00245367
1316.89 0.853017 0.00241492
1253.51 0.854034 0.00207471
1276.6 0.856847 0.00246586
1359.17 0.859253 0.00247005
1338.82 0.853766 0.00242204
1242.29 0.853418 0.00239524
1310.66 0.857271 0.00247666
1398.73 0.848345 0.0025496
1219 0.857018 0.00243628
1353.79 0.847728 0.00248902
1374.03 0.846526 0.00242854
1411.66 0.857209 0.00241798
1236.16 0.856491 0.00226004
1430.98 0.849468 0.00342309
1291.34 0.859402 0.00246883
1456.62 0.848439 0.00243609
1280.66 0.850955 0.00246996
1314.86 0.859555 0.00241807
1312.42 0.852261 0.00239917
1447.87 0.842125 0.00230259
1258.33 0.85673 0.00246877
1493.83 0.84377 0.00248816
1296.62 0.857962 0.0024285
1392.09 0.847595 0.00244809
1362.85 0.854198 0.00213638
1290.5 0.855943 0.00213395
1436.14 0.849961 0.00239124
1323.39 0.855962 0.00237044
1333.58 0.856758 0.00261139
1293.89 0.854659 0.00245115
1330.5 0.853843 0.00260276
1343.64 0.854839 0.00243215
1432.8 0.85116 0.00208404
1301.66 0.855812 0.00241565
1410.31 0.851638 0.00228397
1310.44 0.856239 0.00237538
1713.22 0.848868 0.00222419
1303.68 0.858686 0.00242459
1284.35 0.857272 0.00215747
1316.99 0.859172 0.00205511
1493.72 0.836277 0.00372088
1483.16 0.852924 0.00194938
1427.34 0.865607 0.0023463
1230.28 0.851417 0.00247685
1382.69 0.844012 0.00248964
1241.1 0.855862 0.00244677
1353.82 0.854709 0.00229288
1334.48 0.855884 0.00243418
1298.44 0.854293 0.00230374
1317.63 0.852626 0.0024148
1338.62 0.857504 0.0024092
1367.13 0.854552 0.00221841
1289.73 0.858337 0.00245211
1298.05 0.856452 0.00244358
1365.87 0.857296 0.00247393
1466.41 0.855652 0.00246418
1442.54 0.85887 0.00220196
1325.29 0.863154 0.00237937
1398.96 0.846631 0.00362306
1288.33 0.852572 0.00210839
1390.83 0.85857 0.00245744
1366.53 0.857789 0.00243732
1406.13 0.86136 0.00245572
1444.3 0.854099 0.00237836
1324.55 0.853633 0.0024497
1327.4 0.852901 0.00245827
1378.78 0.834629 0.00367538
1572.93 0.858151 0.00243436
1502.43 0.855322 0.00239068
1318.83 0.84837 0.00241924
1292.95 0.859458 0.00247583
1303.94 0.854858 0.00233479
1204.58 0.848654 0.00245231
1276.25 0.851166 0.00242143
1316.46 0.850425 0.00224971
1320.97 0.851694 0.0024178
1257.85 0.860412 0.00200552
1406.19 0.858692 0.00234106
1363.98 0.854002 0.002465
1399.48 0.85577 0.00245424
1405.05 0.845635 0.00247835
1423.65 0.863131 0.00246638
1321.81 0.85368 0.0024031
1366.62 0.86085 0.00241043
1282.03 0.850826 0.00242737
1332.18 0.854422 0.00242671
1325.49 0.860331 0.00237308
1426.25 0.85878 0.00240187
1230.61 0.852865 0.0023705
1436.59 0.848259 0.00245294
1577.46 0.845372 0.00253889
1219.7 0.851944 0.00202118
1309.65 0.855467 0.00227118
1266.87 0.845496 0.0023803
1226.9 0.853002 0.00243029
1427.25 0.858355 0.00243281
1361.22 0.854302 0.00252273
1330.22 0.848683 0.00245576
1318.53 0.853297 0.00244248
1404.5 0.86114 0.00243318
1322.58 0.858041 0.00225902
1495.79 0.841115 0.00241136
1276.94 0.855624 0.00236334
1377.97 0.851273 0.00226585
1334.17 0.852493 0.00246891
1533.71 0.86419 0.00256682
1224.96 0.854224 0.0024005
1355.84 0.856041 0.00244947
1449.43 0.85675 0.00243413
1384.81 0.850807 0.0023943
1458.75 0.848812 0.00243023
1445.63 0.848062 0.00244719
1441.47 0.855527 0.00249911
1251.99 0.852778 0.0021621
1404.27 0.853726 0.00222204
1689.68 0.861523 0.00231908
1274.36 0.854053 0.00235775
1367.25 0.840454 0.0037225
1385.88 0.856446 0.00240924
1434.16 0.857699 0.00215766
1254.87 0.85458 0.0022375
1422.65 0.857711 0.00235199
1464.62 0.841991 0.00245355
1300.92 0.851904 0.00240727
1285.23 0.85612 0.00246741
1348.17 0.855584 0.00241499
1255.43 0.854306 0.00242906
1231.8 0.859031 0.00241147
1305.75 0.853893 0.00245295
1480.96 0.855088 0.0024581
1227.93 0.853148 0.00241117
1474.44 0.848169 0.00255706
1231.1 0.856542 0.00245967
1309.76 0.857474 0.00247773
1313.01 0.859368 0.00241312
1239.42 0.856207 0.00245212
1490.66 0.845338 0.00336835
1216.81 0.859238 0.00217531
1363.57 0.856427 0.00244432
1434.11 0.846241 0.00241306
1238.71 0.842678 0.00243669
1305.97 0.856388 0.00243726
1444.63 0.855996 0.00243124
1509.35 0.849666 0.00327992
1564.23 0.854942 0.00219377
1837.16 0.862505 0.00231633
1318.42 0.859038 0.00241317
1384.02 0.856112 0.00203103
1328.38 0.857845 0.00243662
1350.55 0.852527 0.00246488
1363.98 0.855452 0.00244051
1252 0.847689 0.00201565
1272.85 0.852219 0.00241626
1274.93 0.854697 0.00244501
1333.19 0.850414 0.00244743
1333.41 0.857753 0.00242583
1413.17 0.854398 0.00236426
1334.33 0.847536 0.00224282
1427.66 0.8528 0.00240751
1665.7 0.847465 0.00240935
1307.46 0.860827 0.00243799
1213.27 0.855893 0.00235335
1353.42 0.862151 0.00239243
1226.1 0.852587 0.00201729
1273.93 0.854228 0.00226209
1847.47 0.85837 0.00241175
1183.79 0.858541 0.00237799
1426.22 0.85791 0.00209754
1230.89 0.855303 0.0024166
1378.28 0.854556 0.00237765
1265.22 0.859884 0.00245938
1436.5 0.856539 0.00244155
1270.07 0.854774 0.00243197
1307.42 0.853534 0.00236333
1413.14 0.860791 0.00234909
1296.17 0.857447 0.00228994
1355.3 0.851541 0.00241791
1335.64 0.854077 0.0024346
1327.41 0.851208 0.00235295
1289.28 0.858314 0.00209087
1422.61 0.859853 0.00240078
1469.94 0.858607 0.00239681
1441.1 0.856754 0.00217669
1424.85 0.861365 0.00240905
1290.79 0.852473 0.00238907
1413.02 0.851949 0.00244219
1468.72 0.860427 0.00240144
1440.03 0.848448 0.00226586
1462.91 0.857312 0.00249102
1382.32 0.856207 0.00248287
1267.7 0.857646 0.00235873
1300.85 0.854338 0.00248058
1364.48 0.846137 0.00231703
1327.97 0.858694 0.00247651
1293.43 0.848671 0.00240685
1294.74 0.854646 0.0024088
1289.22 0.854289 0.00242614
1305.93 0.851329 0.00255084
1274.74 0.85673 0.0024867
1289.88 0.852285 0.00248619
1459.32 0.860906 0.00218433
1435.03 0.855647 0.00207632
1189.44 0.85364 0.00211967
1578.83 0.851219 0.0025995
1412.95 0.861926 0.00240883
1363.99 0.861677 0.0024305
1326.87 0.859034 0.00207774
1372.31 0.857575 0.00253892
1293.35 0.850633 0.00240548
1299.78 0.86102 0.00243011
1507.34 0.855936 0.00263841
1293 0.853257 0.00243202
1268.51 0.859433 0.00244
1296.32 0.849944 0.00248218
1400.61 0.857498 0.00227446
1470.33 0.854483 0.00265876
1336.73 0.853714 0.00244769
1282.16 0.856741 0.00245035
1246.03 0.848876 0.00241832
1393.95 0.852164 0.00246778
1297.42 0.856591 0.00209868
1353.64 0.856124 0.00241464
1273.65 0.851167 0.00220569
1277.42 0.857473 0.00248026
1271.06 0.854949 0.00242789
1554.97 0.847573 0.00256297
1264.47 0.855043 0.00244589
1236.63 0.856945 0.00244428
1357.51 0.854765 0.00227122
1653.53 0.850645 0.00239744
1391.61 0.854059 0.00204314
1363.08 0.848276 0.00243448
1342.59 0.86037 0.00236754
1338.32 0.85048 0.00207162
1242.81 0.853003 0.00249994
1551.48 0.850522 0.00233126
1264.89 0.85935 0.00251398
1293.96 0.848884 0.0024891
1366.06 0.84493 0.00246623
1370.53 0.860957 0.00242234
1351.32 0.853884 0.00232664
1299.15 0.85288 0.00247615
1399.41 0.847156 0.00250252
1376.01 0.849062 0.00247777
1418.4 0.853715 0.002208
1370.06 0.852871 0.00246838
1683.08 0.843363 0.0025002
1353.52 0.851177 0.00209891
1281.14 0.854097 0.0024572
1359.06 0.853589 0.00246453
1288.73 0.852506 0.00242514
1347.25 0.857084 0.00237242
1231.53 0.855906 0.00231666
1225.3 0.847281 0.0022845
1298.44 0.861089 0.00242805
1245.97 0.855092 0.00218759
1329.55 0.853111 0.00205032
1254.14 0.85 0.00244732
1532.53 0.859774 0.0024567
1307.14 0.853139 0.00240057
1395.42 0.857461 0.00228051
1300.33 0.863337 0.0024164
1364.29 0.857631 0.00194688
1397.88 0.850495 0.0020877
1520.03 0.856771 0.00246514
1343.23 0.851227 0.00254172
1274.34 0.855765 0.00207322
1348.52 0.858122 0.00198079
1247.32 0.854389 0.00245838
1438.71 0.851778 0.00249986
1462.85 0.864167 0.00246092
1248.4 0.849937 0.00227877
1464.35 0.853477 0.00239734
1477.84 0.840574 0.00325144
1268.61 0.860183 0.00250204
1483.72 0.859997 0.00238813
1336.56 0.851138 0.0024878
1302.84 0.857272 0.00210891
1301.94 0.854753 0.00246349
1534.64 0.852967 0.002499
1340.66 0.854215 0.00218166
1286.92 0.858667 0.00241829
1593.5 0.865804 0.00248353
1326.13 0.856923 0.0024457
1283.48 0.860628 0.00248561
1339.58 0.852754 0.00243702
1281.78 0.856786 0.00244855
1313.69 0.853688 0.00210356
1233.02 0.854842 0.00243145
1254.19 0.859658 0.00236706
1323.85 0.85768 0.00248198
1409.92 0.852948 0.00244451
1212.28 0.854383 0.00242693
1394.28 0.854976 0.00222498
1415.46 0.859683 0.00248836
1287.75 0.844977 0.00211836
1242.9 0.858456 0.00238853
1244.25 0.850936 0.00203751
1382.9 0.859412 0.0023186
1496.67 0.859283 0.00233305
1418 0.849 0.00220721
1287.73 0.855822 0.00243004
1254.9 0.850775 0.00222517
1320.22 0.859475 0.0024016
1230.19 0.854035 0.00246333
1449.31 0.858203 0.00246159
1342.92 0.858086 0.00213867
1433.33 0.856384 0.00248567
1408.96 0.856637 0.00244316
1302.05 0.836745 0.00364397
1427.16 0.853382 0.00228676
1393.78 0.850635 0.00246518
1285.35 0.855811 0.00203564
1328.12 0.85788 0.00241247
1336.24 0.849234 0.00245211
1415.58 0.863526 0.00234262
1346.41 0.867411 0.00245332
1290.18 0.853681 0.00244572
1277.39 0.850834 0.00247099
1449.16 0.857457 0.00238535
1327.24 0.861846 0.00246318
1353.05 0.851578 0.0023539
1513.08 0.858042 0.00247204
1308.32 0.855657 0.00251531
1332.78 0.847993 0.00245829
1624.38 0.86643 0.00245436
1451.39 0.864252 0.00231718
1418.25 0.854062 0.00241167
1414.36 0.85422 0.0024942
1455.38 0.85091 0.0021238
1432.26 0.855405 0.00240579
1278.68 0.857574 0.00244161
1344.51 0.857349 0.00241751
1454.42 0.855009 0.00224224
1491.66 0.860721 0.00250216
1302.42 0.85554 0.00219514
1417.16 0.857578 0.00241889
1319.99 0.85262 0.00239699
1374.83 0.856359 0.00238501
1427.31 0.849916 0.00250209
1410.04 0.855508 0.00247382
1363.08 0.85725 0.0023107
1353.57 0.849911 0.00214733
1360.95 0.862193 0.00249205
1414.28 0.854288 0.00239937
1232.32 0.850488 0.0021369
1349.39 0.849249 0.0025061
1342.28 0.849252 0.00216109
1292.51 0.851588 0.00243443
1297.22 0.848875 0.00274218
1402.29 0.846955 0.00353625
1353.83 0.854541 0.00237289
1394.94 0.862608 0.00245853
1395.67 0.855841 0.00237925
1327.16 0.850371 0.00243375
1395.8 0.851355 0.00211447
1301.18 0.858745 0.0024703
1366.03 0.849843 0.00240448
1399.78 0.851153 0.00240355
1291.85 0.857925 0.00240588
1439.89 0.858853 0.00246582
1253.72 0.851102 0.00215737
1293.68 0.853322 0.00248451
1358.13 0.853739 0.00238766
1468.15 0.847819 0.00230854
1350.22 0.863226 0.00242295
1308.24 0.85438 0.00226915
1396.98 0.858391 0.00243028
1256.05 0.853271 0.00246113
1283.64 0.850423 0.00230455
1324.9 0.856395 0.0022319
1396.29 0.863487 0.00240456
1240.71 0.85112 0.00245656
1406.52 0.854266 0.00241634
1373.98 0.852523 0.00245414
1362.26 0.854253 0.00239131
1387.43 0.861375 0.00232006
1393.9 0.860446 0.00239375
1241.39 0.852916 0.00212985
1364.82 0.854107 0.00242769
1440.54 0.855358 0.00232027
1354.92 0.849543 0.00223228
1337.45 0.853502 0.0020989
1812.05 0.844397 0.00358066
1416.63 0.848151 0.00260969
1300.94 0.85214 0.00240418
1373.92 0.863071 0.0024392
1361.62 0.838597 0.00379605
1312.81 0.85731 0.00167048
1235.17 0.849638 0.00212586
1349.8 0.85416 0.00227068
1342.89 0.855345 0.00216292
1639.79 0.850436 0.0033951
1422.22 0.851744 0.00216075
1272.75 0.856181 0.00229047
1355.62 0.848789 0.00215685
1420.64 0.860914 0.00241842
1236.63 0.858576 0.00239551
1433.02 0.859272 0.00234827
1329.65 0.855351 0.00250512
1460.39 0.845326 0.00249236
1341.86 0.847265 0.00244044
1322.84 0.859132 0.00242505
1381.77 0.855529 0.00242068
1349.1 0.856706 0.00245471
1376.18 0.861654 0.00244312
1436.36 0.861606 0.00235223
1282 0.857395 0.00224936
1216.65 0.856409 0.0024044
1415.21 0.845966 0.00346652
1266.25 0.859 0.00240853
1590.86 0.846043 0.00247586
1303.16 0.854962 0.00242941
1286.38 0.857657 0.00242653
1440.16 0.858775 0.00235767
1528.18 0.849264 0.00247698
1380.56 0.838531 0.000236567
1777.74 0.85121 0.0025459
1596.47 0.851756 0.00216366
1370.57 0.853468 0.00213263
1294.21 0.850026 0.00226605
1386.89 0.861823 0.00246507
1299.21 0.859759 0.00240514
1275.78 0.859481 0.00244133
1330.45 0.862407 0.00244625
1386.3 0.850345 0.0024657
1243.56 0.85315 0.00221213
1290.91 0.850387 0.00236378
1264.32 0.86472 0.00237398
1346.15 0.854298 0.00221285
1301.94 0.853092 0.00227326
1235.31 0.856365 0.00206488
1609.26 0.863874 0.00239588
1417.88 0.860004 0.0024459
1279.9 0.852067 0.00243303
1578.4 0.863097 0.00215488
1348.38 0.854764 0.00241514
1234.58 0.852614 0.00249726
1227.3 0.851287 0.00249845
1298.85 0.856798 0.00246325
1356.59 0.854277 0.00239904
1515.67 0.851131 0.00225065
1339.7 0.854475 0.0021482
1343.93 0.855292 0.00249763
1253.55 0.862221 0.00238559
1321.83 0.854891 0.00237741
1348.04 0.854649 0.00244968
1397.36 0.859287 0.00245463
1603.46 0.847418 0.0024393
1367.58 0.857451 0.00245026
1324.29 0.857914 0.00241218
1378.21 0.857893 0.00246979
1331.35 0.848436 0.00244401
1200.8 0.856783 0.00245108
1386.13 0.850187 0.00238818
1367.08 0.850967 0.00236692
1289.97 0.853577 0.00215549
1255.24 0.854154 0.00243459
1340.81 0.852074 0.00231564
1374.79 0.85265 0.00248919
1563.09 0.851823 0.0024496
1463.32 0.853129 0.00254616
1372.57 0.85004 0.00252076
1270.77 0.852365 0.00251579
1373 0.85221 0.00238317
1441.33 0.862973 0.00248264
1442.01 0.848807 0.00248855
1408.67 0.856175 0.00249458
1376.08 0.853783 0.00245677
1170.54 0.856833 0.0024113
1380.87 0.858103 0.00241188
1717.07 0.850295 0.00329776
1247.63 0.861117 0.00240977
1386.08 0.850227 0.00243987
1513.19 0.852092 0.00332011
1579.74 0.863302 0.0025865
1268.63 0.858074 0.00246422
1550.97 0.84251 0.00245117
1314.03 0.858509 0.00251527
1350 0.85649 0.00243639
1216.48 0.856745 0.00237214
1337.66 0.855883 0.00243511
1368.43 0.859313 0.00241984
1434.35 0.858598 0.00245546
1336.03 0.853696 0.00244425
1375.61 0.858518 0.00248884
1325.34 0.856095 0.00240904
1325.77 0.856729 0.00241766
1345.67 0.851862 0.00247189
1431.08 0.856107 0.00242572
1367.31 0.858334 0.00212306
1240.95 0.855949 0.00242681
1388.87 0.855681 0.00243362
1689.93 0.866133 0.00245582
1333.53 0.853774 0.00239502
1261.18 0.850491 0.00230099
1384.2 0.858788 0.00243059
1382.06 0.858333 0.00240856
1269.27 0.857268 0.00245418
1596.1 0.850338 0.00237107
1687.54 0.852269 0.00249162
1246.7 0.850382 0.00229167
1241.9 0.848361 0.00248873
1331.54 0.856112 0.0021433
1314.17 0.856901 0.00236649
1352.24 0.855912 0.0024229
1213.66 0.859552 0.00243402
1403.48 0.852493 0.00349992
1414.26 0.859585 0.00246119
1399.26 0.850607 0.0024415
1310.55 0.856667 0.00226083
1529.05 0.851628 0.00251827
1441.4 0.860468 0.00241351
1213.85 0.855876 0.00243204
1697.1 0.831874 0.00363935
1592.04 0.858815 0.00245113
1217.29 0.854132 0.00241218
1227.66 0.857473 0.00242456
1341.57 0.851466 0.00190952
1351.44 0.855399 0.00245775
1381.57 0.850963 0.00211523
1388.35 0.865796 0.00243633
1326.41 0.857387 0.00244409
1466.16 0.851697 0.00225608
1315.28 0.856936 0.00249244
1400.74 0.853294 0.00248581
1411.46 0.843971 0.00346657
1346.04 0.853614 0.0024338
1332.48 0.854592 0.00220151
1325.33 0.836925 0.003626
1438.5 0.859793 0.00248606
1439.03 0.856442 0.00241002
1309.46 0.858154 0.00243649
1674.34 0.849449 0.00237479
1393.44 0.853623 0.00241908
1451.66 0.85248 0.00242095
1420.39 0.857543 0.00244547
1481.63 0.863057 0.00242914
1452.17 0.861088 0.00245434
1336.38 0.857553 0.00240512
1285.06 0.85356 0.00241656
1337.04 0.851127 0.00236544
1392.84 0.861326 0.00237783
1406.28 0.852521 0.00246307
1368.65 0.850918 0.00245082
1367.08 0.856547 0.00251123
1258.47 0.855324 0.00248089
1508.17 0.846501 0.00244569
1427.8 0.859748 0.00247923
1416.08 0.861977 0.00240279
1345.81 0.856382 0.0023741
1483.31 0.860975 0.00230209
1315.39 0.843866 0.0024477
1267.84 0.858545 0.00247856
1476.46 0.861049 0.00228059
1285 0.855629 0.00244543
1333.22 0.857123 0.00245034
1398.68 0.856943 0.00245606
1183.84 0.858437 0.00217986
1321.16 0.85755 0.00227922
1445.05 0.850635 0.00262465
1244.83 0.855207 0.00243937
1320.3 0.853202 0.00211544
1661.27 0.844759 0.00244885
1418.11 0.848391 0.0024479
1447.93 0.858134 0.00242408
1291.19 0.857258 0.0023976
1393.36 0.851808 0.00253048
1221.86 0.853087 0.00239002
1357.39 0.85303 0.00244947
1361.04 0.866161 0.0025009
1566.29 0.866868 0.00237008
1414.58 0.861436 0.00241166
1250.13 0.855932 0.00237325
1539.79 0.851532 0.00237033
1303.37 0.852512 0.00242359
1185.75 0.851626 0.00221831
1472.03 0.857098 0.00245009
1297.8 0.859244 0.0022364
1278.24 0.858304 0.0024639
1362.17 0.846455 0.00247153
1354.85 0.855847 0.00253125
1260.28 0.853277 0.0024529
1410.88 0.846726 0.00239074
1244.24 0.854356 0.00218084
1385.48 0.84563 0.00245619
1461.34 0.860892 0.00250097
1635.1 0.847551 0.00240308
1310.84 0.851512 0.00212745
1453.46 0.857097 0.00255857
1459.25 0.856054 0.00234241
1398.34 0.85654 0.00222218
1294.48 0.859549 0.00242549
1479.88 0.850609 0.0024097
1512.5 0.851234 0.00238605
1382.81 0.855953 0.00244654
1320.36 0.849838 0.00253899
1311.22 0.853758 0.00245336
1366.72 0.861338 0.00246439
1347.49 0.852884 0.00244754
1300.48 0.857381 0.00239378
1516.18 0.844961 0.00227919
1235.01 0.841146 0.00380177
1339.9 0.85813 0.00233388
1253.24 0.858436 0.00245178
1232.43 0.858301 0.00214329
1518.16 0.861551 0.00244502
1305.7 0.853761 0.0024217
1335.56 0.852051 0.00243759
1313.59 0.854325 0.00216053
1385.59 0.85681 0.00239304
1267.52 0.851681 0.00245196
1319.78 0.850337 0.00240935
1345.39 0.859855 0.00218159
1403.69 0.856364 0.00233572
1323.56 0.855468 0.0024324
1277.23 0.862404 0.00248653
1440.25 0.855656 0.00239058
1340.32 0.861755 0.00238777
1275.01 0.85838 0.00243661
1518.84 0.844196 0.00237945
1326.72 0.847201 0.00241835
1399.62 0.86313 0.00248443
1332.62 0.858185 0.00245565
1466.46 0.858964 0.0024732
1441.42 0.855212 0.00208634
1215.94 0.856081 0.00242429
1363.91 0.861119 0.00231811
1355.68 0.853353 0.00245328
1374.62 0.849967 0.00216191
1311.28 0.85443 0.00246929
1474.27 0.860209 0.00245128
1315.87 0.862039 0.00243757
1295.73 0.853523 0.00243358
1364.99 0.850516 0.00241847
1350.37 0.844609 0.00350589
1285.98 0.852501 0.00247917
1335.73 0.850815 0.00227814
1507.9 0.854765 0.00249721
1377.6 0.859115 0.0024138
1316.17 0.856691 0.00240602
1490.32 0.855658 0.00239348
1303.36 0.852892 0.00209927
1255 0.854572 0.00246488
1303.33 0.850764 0.00226371
1367.94 0.85671 0.00227112
1349.79 0.859064 0.00242091
1455.74 0.850177 0.00235864
1470.47 0.861469 0.00243405
1225.89 0.857294 0.00267185
1428.6 0.857019 0.00239867
1326.9 0.85511 0.00263609
1498.5 0.85082 0.00241006
1189.97 0.855961 0.00238365
1352.71 0.852269 0.00240048
1310.37 0.857454 0.00248882
1467.15 0.860369 0.00253975
1305.65 0.855018 0.00236337
1454.16 0.859794 0.0021014
1419.12 0.852787 0.00243387
1384.77 0.853528 0.00210427
1327 0.848833 0.00200749
1392.96 0.850682 0.00227033
1304.57 0.855087 0.00245203
1316.35 0.858674 0.00247247
1464.72 0.850125 0.00353244
1291.11 0.856887 0.0024343
1391.34 0.862254 0.00248115
1318.99 0.856655 0.00211567
1374.02 0.853835 0.00243301
1276.34 0.854057 0.00207056
1442.55 0.851904 0.00192246
1327.51 0.858348 0.00234731
1228.77 0.855403 0.00231413
1436.26 0.856933 0.0024219
1313.13 0.855238 0.00225476
1393.61 0.863872 0.00234972
1384.06 0.857958 0.00234302
1272.24 0.851734 0.00211997
1504.23 0.856493 0.00247165
1382.16 0.852527 0.00242557
1325.54 0.857163 0.00247064
1350.27 0.855676 0.00240387
1237.32 0.854948 0.00223556
1269.69 0.851883 0.00227094
1283.73 0.857502 0.00243891
1421.09 0.859593 0.00241165
1443.85 0.849284 0.0023176
1431.64 0.847516 0.0036037
1349.47 0.852286 0.0026141
1269.9 0.849475 0.00244095
1294.31 0.849996 0.00239094
1303.68 0.861861 0.00243948
1274.08 0.860021 0.00250742
1435.49 0.86049 0.00238257
1306.3 0.856837 0.0024249
1255.39 0.853494 0.00243023
1349.46 0.8469 0.00228614
1461.43 0.843618 0.00390754
1500.9 0.846545 0.00249203
1305 0.847976 0.00240543
1211.53 0.856685 0.00207551
1247.55 0.860595 0.00230194
1255.99 0.85017 0.00243544
1517.46 0.843384 0.00247731
1322.81 0.851549 0.00249823
1227.67 0.854248 0.00243521
1346.33 0.859833 0.00234791
1303.48 0.856565 0.00252902
1462.42 0.858011 0.00238006
1324.08 0.856417 0.00248758
1459.19 0.85168 0.00221258
1462.55 0.842736 0.00439478
1402.56 0.849998 0.00240939
1327 0.856104 0.0021397
1308.68 0.858547 0.00245398
1282.14 0.859718 0.00240628
1645.2 0.845931 0.00244767
1208.27 0.853723 0.00221614
1476.88 0.860824 0.00235642
1292.41 0.859211 0.00245466
1439.01 0.850734 0.00242789
1346.23 0.854749 0.0025003
1383.83 0.85371 0.00254016
1336.06 0.856448 0.00244955
1395.26 0.85929 0.0024605
1420.66 0.854528 0.00243479
1330.08 0.856039 0.00216368
1282.58 0.845492 0.00220651
1339.43 0.843596 0.00221196
1325.25 0.850364 0.00244979
1373.27 0.850226 0.00213396
1362.81 0.855574 0.00225083
1281.99 0.856817 0.0024845
1367.2 0.854407 0.0023839
1445.32 0.84947 0.00234406
1287.26 0.849306 0.00240787
1396.35 0.857802 0.00243513
1421.16 0.857086 0.00244286
1375.54 0.860222 0.00239059
1396.5 0.854292 0.00243888
1324.21 0.855646 0.00241316
1421.78 0.854219 0.00214245
1260.74 0.859255 0.00219213
1347.29 0.85314 0.0024923
1268.25 0.851985 0.00228692
1336.61 0.851985 0.00243633
1288.68 0.853971 0.0024145
1464.51 0.845514 0.00246652
1296.53 0.850978 0.00219826
1355.3 0.842341 0.00352976
1413.12 0.847061 0.00255675
1512.56 0.844379 0.00241569
1460.17 0.863155 0.0024109
1253.86 0.854415 0.00216111
1503.94 0.860948 0.00247609
1199.79 0.853421 0.00245115
1336.62 0.852858 0.0024439
1336.18 0.854779 0.00209753
1358.35 0.853218 0.00237449
1340.34 0.856686 0.00246139
1619.3 0.860898 0.00251146
1305.97 0.859301 0.00243143
1234.13 0.854456 0.00213495
1424.34 0.851757 0.0024675
1381.34 0.864079 0.00239679
1266.75 0.856648 0.00240191
1500.68 0.847985 0.00241616
1404.48 0.854016 0.00242558
1308.3 0.857155 0.00242666
1304.59 0.857881 0.00251942
1316.9 0.847193 0.00244144
1366.64 0.84889 0.00210902
1560.99 0.847215 0.00243274
1575.21 0.847551 0.00252353
1394.41 0.859562 0.00235654
1324.46 0.84853 0.00252218
1201.83 0.853464 0.00246721
1639.84 0.865054 0.00239706
1280.78 0.856906 0.00240384
1426.37 0.857476 0.00242729
1334.36 0.854263 0.00244467
1305.83 0.86034 0.00222443
1177.08 0.848081 0.00239301
1369.57 0.858945 0.00244259
1449.27 0.860074 0.00240564
1374.88 0.859773 0.00238293
1298.86 0.855047 0.00188324
1241.48 0.858169 0.00243609
1322.42 0.862886 0.00239687
1457.06 0.848928 0.00206288
1351.52 0.850875 0.00225095
1229.96 0.854194 0.00242509
1423.55 0.862285 0.00236144
1441.41 0.844897 0.00247833
1364.28 0.858612 0.00240759
1270.48 0.848286 0.00241731
1564.51 0.863079 0.00225456
1515.81 0.862269 0.00234546
1704.51 0.839065 0.00367265
1367.54 0.855083 0.00215924
1365.56 0.861858 0.00240212
1285.41 0.855407 0.00248433
1335.8 0.861054 0.00242447
1324.85 0.855076 0.00246014
1294.15 0.854883 0.00247073
1390.77 0.844135 0.00252782
1264.22 0.857394 0.00243964
1435.62 0.851102 0.00208525
1248.99 0.848915 0.00251704
1355.79 0.856785 0.00194685
1317.4 0.855572 0.00244097
1383.72 0.854185 0.00256928
1262.14 0.848488 0.00240913
1416.92 0.846826 0.00352034
1272.22 0.855695 0.0024454
1349.8 0.85265 0.00217078
1353.24 0.855337 0.00244231
1474.17 0.858985 0.00235923
1517.21 0.858939 0.00243004
1257.02 0.857109 0.0024387
1343.43 0.860071 0.00242689
1299.37 0.853851 0.00247715
1237.94 0.854731 0.00242834
1405.98 0.84913 0.00258092
1276.95 0.854743 0.0024869
1280.33 0.849498 0.00199065
1326.32 0.853734 0.00245023
1233.74 0.852237 0.0024504
1797.82 0.859904 0.00241967
1221.25 0.858699 0.00245295
1307.12 0.856444 0.00246051
1339.88 0.854547 0.00240194
1258.88 0.853875 0.00241108
1403.75 0.85007 0.00246275
1287.55 0.852338 0.00249444
1496.96 0.852657 0.00225334
1282.41 0.855607 0.00224949
1399.9 0.842335 0.00263112
1299.7 0.85282 0.00247859
1463.78 0.850216 0.002388
1270.6 0.852144 0.0021179
1318.3 0.853611 0.00246177
1710.95 0.865183 0.00265442
1246.63 0.86018 0.00195137
1244.91 0.852254 0.00245139
1450.5 0.862567 0.00238371
1561.52 0.86022 0.00241594
1644.57 0.851696 0.002542
1318.31 0.851756 0.00219253
1392.82 0.856731 0.00248499
1314.24 0.859333 0.00245366
1287.34 0.859489 0.00242209
1337.57 0.855202 0.00222965
1465.49 0.853404 0.00245792
1542.94 0.859845 0.00239636
1260.62 0.850812 0.00229182
1147.24 0.854573 0.00227917
1412.4 0.85767 0.00237685
1293.16 0.849431 0.00250049
1337.54 0.852678 0.00243151
1301.09 0.856288 0.00245782
1196.63 0.853131 0.00228724
1342.61 0.849684 0.00240315
1538.54 0.852395 0.00226912
1419.12 0.859502 0.00244505
1193.19 0.856723 0.0024406
1228.89 0.858495 0.00242658
1419.18 0.84895 0.00232593
1367.28 0.862183 0.00241686
1235.97 0.852126 0.00241546
1375.83 0.851039 0.00243931
1305.12 0.852948 0.00240963
1316.46 0.85862 0.00247624
1394.7 0.861718 0.00240994
1336.13 0.853667 0.00246015
1458.63 0.863653 0.00245198
1354.18 0.85699 0.00204214
1311.5 0.855904 0.00210224
1458.16 0.839232 0.00366781
1554.21 0.849469 0.00238794
1354 0.847881 0.00239942
1262.75 0.857569 0.00248491
1476.09 0.864551 0.00237128
1551.65 0.851649 0.00247742
1219.53 0.853331 0.00238414
1367.38 0.853963 0.00213147
1421.9 0.850754 0.0022982
1410.87 0.855374 0.00236618
1303.81 0.854947 0.00243994
1503.7 0.852471 0.00244832
1464.93 0.85059 0.00347983
1239.19 0.858331 0.0024529
1327.5 0.85825 0.00234053
1401.48 0.854857 0.0024294
1269.55 0.855623 0.00209132
1415.2 0.840548 0.00357803
1237.22 0.851969 0.00245635
1229.1 0.852434 0.00240263
1309.69 0.856102 0.00239885
1221.43 0.855009 0.00213
1294.07 0.856689 0.00212931
1290.36 0.856938 0.00245153
1290.31 0.859584 0.00239834
1325.72 0.855983 0.00241701
1334.65 0.861387 0.00249017
1375.75 0.851427 0.00223011
1277.84 0.859024 0.00220412
1412.73 0.84741 0.00250784
1377.43 0.851701 0.0024424
1280.21 0.852934 0.00237659
1273.81 0.851826 0.00245379
1278.04 0.851736 0.0024571
1347.71 0.851516 0.00218697
1296.22 0.85662 0.00211784
1215.84 0.848436 0.00222211
1232.47 0.855451 0.00238604
1361.97 0.856007 0.00241173
1288 0.85789 0.00243527
1472.33 0.840412 0.0036594
1240.69 0.856323 0.00245198
1358.38 0.857771 0.00244463
