0.887943
0.891832
0.885253
0.884397
0.897498
0.89307
0.892072
0.889368
0.886971
0.890688
0.881788
0.886975
0.883348
0.887967
0.887242
0.890624
0.888288
0.885776
0.89342
0.895717
0.894303
0.882864
0.885816
0.888005
0.888457
0.884097
0.880654
0.889075
0.895269
0.888059
0.886871
0.884559
0.881492
0.882944
0.88424
0.885455
0.88664
0.894492
0.88898
0.889259
0.886017
0.882099
0.888613
0.893074
0.886929
0.89023
0.890348
0.889478
0.890524
0.88418
0.878876
0.886532
0.884106
0.892953
0.888463
0.886982
0.886987
0.891575
0.876058
0.887325
0.886981
0.882068
0.899084
0.893304
0.883711
0.896819
0.89108
0.886695
0.89418
0.888127
0.881365
0.881824
0.888306
0.88116
0.885031
0.870181
0.880492
0.89268
0.892704
0.890206
0.889893
0.885558
0.89095
0.885548
0.886602
0.89015
0.890096
0.885218
0.884647
0.886889
0.891849
0.887692
0.884665
0.883585
0.890149
0.886523
0.89046
0.890761
0.882319
0.881894
0.887578
0.888747
0.888831
0.887325
0.884094
0.884256
0.872415
0.884073
0.890263
0.891894
0.873186
0.884727
0.887715
0.886457
0.889514
0.887908
0.886364
0.892614
0.89322
0.887659
0.884986
0.881116
0.885754
0.890409
0.882884
0.888068
0.887028
0.884029
0.897474
0.898457
0.891591
0.886456
0.889649
0.889539
0.888465
0.891828
0.878443
0.887608
0.895467
0.885629
0.888442
0.89097
0.889824
0.882628
0.88559
0.890192
0.889065
0.895158
0.881934
0.884952
0.881314
0.887591
0.88821
0.882324
0.891807
0.889311
0.887244
0.882453
0.901541
0.891161
0.89409
0.895883
0.886336
0.884882
0.885003
0.883553
0.888898
0.891829
0.895375
0.889405
0.883371
0.888029
0.890324
0.886274
0.887329
0.892086
0.893518
0.888939
0.883717
0.888066
0.890517
0.887545
0.888329
0.886613
0.890771
0.891613
0.888152
0.887544
0.892025
0.88665
0.893859
0.882744
0.898834
0.888409
0.885393
0.883823
0.885759
0.88864
0.889677
0.890893
0.887823
0.881594
0.897524
0.890072
0.887519
0.896367
0.888922
0.887318
0.893367
0.883523
0.884427
0.883582
0.887426
0.887151
0.891144
0.886535
0.883387
0.891337
0.884259
0.889003
0.886963
0.882959
0.881585
0.878856
0.88524
0.888775
0.884591
0.885527
0.886504
0.884797
0.890919
0.882114
0.888121
0.886033
0.892027
0.890714
0.885141
0.881849
0.889429
0.885347
0.886125
0.893077
0.888259
0.88824
0.892073
0.890845
0.890963
0.897555
0.889927
0.894156
0.882189
0.884094
0.882821
0.892197
0.883049
0.891931
0.880352
0.874591
0.894274
0.8859
0.889413
0.88964
0.884928
0.886591
0.898096
0.890551
0.886115
0.879893
0.885073
0.888525
0.884676
0.894406
0.886749
0.884825
0.88732
0.885446
0.891563
0.888025
0.886482
0.877863
0.886176
0.882898
0.887339
0.883011
0.887805
0.892969
0.885134
0.884267
0.886098
0.890512
0.884809
0.883557
0.897034
0.884543
0.876335
0.883395
0.885101
0.885102
0.884696
0.899972
0.8897
0.881125
0.894217
0.889378
0.886337
0.893699
0.889677
0.884939
0.896705
0.888229
0.891802
0.881488
0.895932
0.884821
0.887831
0.887972
0.886008
0.890264
0.889746
0.895026
0.888505
0.890451
0.886086
0.88759
0.891035
0.878054
0.883597
0.887463
0.884466
0.885071
0.893147
0.886825
0.88921
0.886994
0.883477
0.894907
0.883337
0.885033
0.888064
0.892111
0.887763
0.883206
0.887663
0.884613
0.888001
0.882276
0.881337
0.887596
0.889636
0.899787
0.894092
0.879825
0.894431
0.885277
0.885723
0.891148
0.888829
0.883395
0.887395
0.881024
0.88715
0.885334
0.883978
0.88856
0.892989
0.886508
0.886295
0.890503
0.885391
0.888827
0.888187
0.891149
0.892335
0.887399
0.8877
0.890637
0.878707
0.89006
0.893451
0.892198
0.885544
0.887881
0.892285
0.888177
0.891952
0.898563
0.886171
0.890961
0.877762
0.890583
0.881592
0.886696
0.887819
0.884795
0.895805
0.878275
0.884981
0.894977
0.891973
0.893302
0.889336
0.888601
0.894138
0.891897
0.895496
0.894486
0.884114
0.885985
0.884243
0.88571
0.891972
0.893402
0.885165
0.886846
0.882991
0.88598
0.886305
0.881639
0.881574
0.886274
0.885738
0.879704
0.883913
0.884034
0.888044
0.890199
0.886355
0.888591
0.889455
0.886322
0.880617
0.887568
0.889277
0.887316
0.888383
0.896743
0.896691
0.880262
0.886715
0.88918
0.884556
0.892565
0.886062
0.883377
0.888562
0.889927
0.893742
0.892075
0.893584
0.893451
0.894585
0.891499
0.898865
0.886796
0.886684
0.885975
0.887083
0.890433
0.891262
0.890568
0.890601
0.884543
0.886019
0.882225
0.884843
0.888194
0.880884
0.8862
0.896203
0.883569
0.887279
0.891305
0.883744
0.89345
0.884003
0.897592
0.887093
0.889575
0.880857
0.88479
0.885852
0.885434
0.879371
0.889562
0.891911
0.885311
0.890722
0.886071
0.883873
0.884585
0.897618
0.882457
0.889506
0.884612
0.890017
0.88785
0.892481
0.892811
0.888598
0.88865
0.888049
0.890576
0.880163
0.887197
0.890292
0.894292
0.87637
0.887188
0.893871
0.886427
0.882451
0.888664
0.887047
0.891546
0.895033
0.88286
0.88639
0.884284
0.886381
0.886754
0.882017
0.888221
0.886074
0.886652
0.888874
0.888507
0.893007
0.885391
0.882449
0.896266
0.88755
0.89273
0.887285
0.880437
0.887323
0.881941
0.893174
0.893425
0.893382
0.887753
0.88198
0.89226
0.885088
0.888481
0.891158
0.882298
0.883663
0.892964
0.886319
0.884568
0.873713
0.887091
0.888213
0.883431
0.891061
0.88622
0.881267
0.883344
0.885439
0.89131
0.887332
0.885241
0.888731
0.894215
0.886033
0.887635
0.888644
0.88738
0.887166
0.882929
0.878724
0.885023
0.884763
0.882996
0.897804
0.885357
0.889582
0.884673
0.87958
0.89849
0.888234
0.89077
0.890428
0.891745
0.893952
0.888566
0.889619
0.884934
0.891189
0.886188
0.88934
0.880604
0.884564
0.885012
0.890438
0.889447
0.883867
0.887104
0.889816
0.889703
0.883749
0.885952
0.893052
0.896864
0.884829
0.890485
0.890741
0.888188
0.887364
0.88694
0.882424
0.892109
0.887682
0.890738
0.886441
0.892025
0.888239
0.88847
0.889963
0.886794
0.889357
0.887953
0.892556
0.882666
0.891101
0.885713
0.886704
0.886098
0.889722
0.886016
0.891719
0.88285
0.894415
0.881802
0.890453
0.89068
0.889718
0.893945
0.893373
0.885579
0.8788
0.892283
0.890148
0.882221
0.880944
0.889209
0.882758
0.881425
0.882987
0.889711
0.885981
0.891757
0.891422
0.885946
0.885785
0.890634
0.891312
0.892713
0.89096
0.877276
0.887192
0.889598
0.879443
0.890998
0.888986
0.894298
0.8862
0.883746
0.887664
0.880487
0.879133
0.887638
0.887157
0.884942
0.884453
0.885773
0.892234
0.886728
0.891533
0.887581
0.879622
0.88314
0.886153
0.885042
0.888387
0.88997
0.889047
0.889578
0.876123
0.887485
0.890934
0.890557
0.895181
0.887996
0.880004
0.894157
0.898676
0.888521
0.896458
0.891304
0.880878
0.886165
0.884088
0.879661
0.88662
0.889961
0.895984
0.893097
0.885067
0.885203
0.887345
0.888863
0.879531
0.893534
0.890267
0.88918
0.886412
0.886569
0.884895
0.885654
0.889833
0.881097
0.894499
0.887122
0.890039
0.890103
0.891286
0.88719
0.882374
0.889651
0.891258
0.89112
0.876063
0.884583
0.888378
0.885774
0.88344
0.889209
0.880426
0.889223
0.886524
0.88303
0.885329
0.887884
0.891257
0.88773
0.885808
0.887337
0.881492
0.882592
0.886108
0.886735
0.890859
0.882136
0.88667
0.887709
0.884821
0.880599
0.888451
0.890575
0.888758
0.889195
0.882932
0.883305
0.885888
0.884353
0.890807
0.88023
0.888755
0.89168
0.884042
0.889881
0.886912
0.887428
0.886096
0.882541
0.888517
0.886833
0.884452
0.893422
0.881855
0.896131
0.884806
0.894272
0.892092
0.888083
0.885031
0.895565
0.881642
0.893361
0.888793
0.894675
0.889848
0.888356
0.889688
0.886822
0.893235
0.890553
0.883934
0.887786
0.888967
0.89198
0.887569
0.888393
0.884322
0.884106
0.883027
0.883144
0.889384
0.890859
0.890926
0.889207
0.890323
0.883322
0.89675
0.888447
0.883768
0.888076
0.890865
0.891347
0.890646
0.893527
0.891754
0.889718
0.891072
0.881355
0.884441
0.890583
0.888508
0.886389
0.884197
0.885991
0.894593
0.895425
0.895239
0.891457
0.878747
0.889383
0.878302
0.882015
0.890284
0.891001
0.888242
0.88437
0.88413
0.885177
0.893237
0.894117
0.881387
0.89459
0.885955
0.881179
0.885489
0.884543
0.890022
0.891008
0.879136
0.893487
0.884458
0.884696
0.887791
0.876753
0.890819
0.887449
0.891041
0.897411
0.887602
0.891691
0.890733
0.884161
0.888318
0.88439
0.888998
0.89126
0.885581
0.893784
0.885348
0.896978
0.886844
0.88322
0.891516
0.887251
0.897828
0.885316
0.892598
0.880903
0.887807
0.890095
0.889437
0.882023
0.882587
0.887904
0.888437
0.890521
0.888844
0.884453
0.889817
0.883784
0.889201
0.889052
0.884582
0.885617
0.884506
0.879609
0.879488
0.896975
0.882683
0.877559
0.88633
0.887435
0.890345
0.886729
0.88859
0.884291
0.878027
0.892993
0.885691
0.883107
0.895833
0.885025
0.888972
0.878973
0.883605
0.892004
0.8786
0.883372
0.891215
0.889012
0.883946
0.887886
0.881576
0.889159
0.888516
0.893177
0.883439
0.886402
0.877311
0.891194
0.89558
0.885787
0.885345
0.887818
0.8849
0.892272
0.892652
0.881925
0.886415
0.886895
0.890719
0.883331
0.882416
0.884353
0.888416
0.8835
0.884315
0.88913
0.888075
0.885094
0.888573
0.877304
0.886109
0.872006
0.885989
0.887879
0.891283
0.890825
0.895069
0.889561
0.882898
0.887608
0.889803
0.893549
0.885653
0.891061
0.884729
0.887884
0.891591
0.885251
0.886658
0.886745
0.888757
0.896981
0.885222
0.893323
0.88926
0.88079
0.888439
0.891795
0.887314
0.878396
0.890651
0.88792
0.882743
0.891145
0.888828
0.892384
0.885286
0.889238
0.896086
0.891723
