0.868488
0.883358
0.87979
0.858435
0.868478
0.863473
0.891443
0.879206
0.894961
0.870804
0.883563
0.884187
0.864246
0.841261
0.903449
0.8759
0.862693
0.884735
0.881408
0.894266
0.880565
0.870878
0.878274
0.877195
0.882192
0.87965
0.886385
0.880314
0.880551
0.872891
0.902987
0.892205
0.888453
0.881845
0.870099
0.891376
0.893172
0.857937
0.87477
0.870609
0.855011
0.878806
0.890571
0.8902
0.855168
0.874881
0.888176
0.85308
0.898549
0.8994
0.891453
0.866265
0.882149
0.891758
0.857584
0.886725
0.877813
0.869598
0.857383
0.840504
0.887152
0.878985
0.852194
0.883575
0.884451
0.871877
0.868978
0.869454
0.866921
0.889063
0.89037
0.884472
0.876915
0.874943
0.861369
0.869011
0.846405
0.845389
0.879103
0.875245
0.871766
0.892112
0.879913
0.858885
0.863488
0.854564
0.884444
0.870093
0.855746
0.881372
0.861024
0.878451
0.892069
0.865211
0.876139
0.872076
0.902309
0.891101
0.900752
0.879627
0.883656
0.885686
0.867551
0.8519
0.884488
0.888397
0.888116
0.877549
0.898848
0.882923
0.877964
0.888328
0.907283
0.880423
0.906388
0.878068
0.878869
0.889839
0.893759
0.867947
0.880779
0.894428
0.887129
0.87196
0.90079
0.867245
0.875468
0.883062
0.885262
0.87857
0.876459
0.886814
0.902475
0.891878
0.868102
0.890322
0.870283
0.881889
0.864689
0.88631
0.870564
0.874732
0.881263
0.869962
0.850797
0.855809
0.890233
0.879414
0.869501
0.86148
0.869329
0.909957
0.889283
0.884446
0.867899
0.868491
0.898062
0.869082
0.864192
0.860468
0.879989
0.873826
0.872454
0.877414
0.867104
0.887709
0.876406
0.887525
0.87809
0.868153
0.875398
0.864914
0.842372
0.88524
0.871196
0.882892
0.884201
0.859801
0.879278
0.891864
0.884399
0.87294
0.868736
0.898881
0.889981
0.879953
0.901958
0.874821
0.878646
0.864075
0.888759
0.860744
0.859231
0.875152
0.881682
0.893545
0.892814
0.888508
0.846074
0.894446
0.909287
0.902081
0.874334
0.884631
0.90316
0.882479
0.886103
0.893987
0.882939
0.876124
0.901692
0.877893
0.863342
0.886867
0.872242
0.890315
0.851612
0.889657
0.872009
0.892233
0.862028
0.89018
0.852112
0.888234
0.908972
0.874853
0.851413
0.881196
0.883153
0.88254
0.868384
0.844081
0.890126
0.86107
0.883608
0.86606
0.873674
0.875433
0.868221
0.881457
0.880567
0.875635
0.877233
0.871195
0.879559
0.867351
0.895822
0.893982
0.879026
0.888177
0.858539
0.864025
0.902688
0.879343
0.891887
0.89052
0.863746
0.892156
0.889465
0.853423
0.863006
0.857567
0.891329
0.860365
0.881609
0.862159
0.880473
0.864147
0.854981
0.881934
0.879439
0.889264
0.888101
0.876082
0.882446
0.880816
0.884293
0.883722
0.868219
0.866733
0.861563
0.866664
0.879792
0.893348
0.876747
0.876923
0.882554
0.896371
0.86863
0.888187
0.885639
0.874792
0.884525
0.877383
0.880979
0.868872
0.88522
0.887484
0.884545
0.886166
0.868997
0.870687
0.864365
0.904041
0.872193
0.872128
0.883626
0.865974
0.870899
0.897496
0.861931
0.868308
0.862403
0.864708
0.89786
0.871791
0.888163
0.869982
0.886423
0.900078
0.887072
0.874052
0.876719
0.904222
0.869888
0.87747
0.883336
0.889405
0.887629
0.88657
0.858552
0.865731
0.877247
0.868046
0.875811
0.865764
0.869466
0.887095
0.858011
0.890126
0.892195
0.864079
0.889925
0.866349
0.867707
0.866221
0.843744
0.884689
0.872928
0.876894
0.875658
0.880902
0.863388
0.882329
0.878333
0.870472
0.855208
0.867744
0.857098
0.864531
0.869705
0.870601
0.876264
0.888897
0.877396
0.880588
0.87007
0.881224
0.866326
0.878116
0.873031
0.8752
0.842277
0.885124
0.897233
0.864575
0.886707
0.880314
0.910476
0.884832
0.891094
0.854545
0.880783
0.871045
0.879157
0.89026
0.849201
0.860893
0.883857
0.890006
0.864887
0.844599
0.865249
0.892592
0.869518
0.877143
0.88686
0.883994
0.908842
0.876659
0.895519
0.861133
0.898862
0.871304
0.851546
0.879224
0.85987
0.868509
0.891826
0.886664
0.872397
0.898768
0.874821
0.903734
0.900615
0.888743
0.88059
0.861224
0.886121
0.875658
0.881688
0.878861
0.881761
0.879208
0.894301
0.88314
0.851432
0.895381
0.869953
0.882517
0.886373
0.90664
0.877286
0.886083
0.882225
0.860493
0.885919
0.862424
0.8752
0.867833
0.890526
0.847458
0.889679
0.880909
0.870059
0.878116
0.874158
0.875787
0.887355
0.859706
0.897432
0.855133
0.886361
0.848741
0.878089
0.876897
0.879523
0.859579
0.8882
0.886117
0.853516
0.897874
0.870506
0.878552
0.869443
0.884391
0.870884
0.887436
0.862502
0.884759
0.871705
0.868428
0.861672
0.878652
0.872463
0.88862
0.871228
0.856477
0.874136
0.84594
0.884676
0.885552
0.886763
0.856976
0.896686
0.891453
0.888049
0.873015
0.898418
0.888856
0.877331
0.87499
0.876098
0.865171
0.876584
0.857845
0.876029
0.887688
0.87021
0.880672
0.875734
0.885242
0.865523
0.861516
0.886805
0.894899
0.885555
0.876261
0.882342
0.862096
0.892383
0.867879
0.898879
0.870638
0.890693
0.889317
0.886144
0.877683
0.856672
0.889694
0.890474
0.890247
0.865413
0.842414
0.877292
0.894665
0.887434
0.868279
0.865309
0.857832
0.882238
0.848486
0.879052
0.891864
0.910241
0.889124
0.87414
0.886764
0.883569
0.886705
0.871974
0.873796
0.865852
0.868874
0.872868
0.85294
0.87639
0.872951
0.89389
0.881468
0.869316
0.877502
0.87864
0.867241
0.876691
0.862056
0.859722
0.886774
0.881755
0.870773
0.876486
0.900384
0.892313
0.883413
0.911023
0.865484
0.851485
0.88036
0.905783
0.855217
0.881853
0.889341
0.885949
0.881559
0.878551
0.881379
0.838401
0.85204
0.897668
0.867728
0.860661
0.878746
0.878307
0.873216
0.88075
0.870781
0.888661
0.87498
0.895515
0.870618
0.896653
0.906135
0.891452
0.893457
0.885454
0.874376
0.874769
0.858861
0.86439
0.887332
0.887279
0.877825
0.892272
0.870496
0.872038
0.854848
0.871853
0.872086
0.852966
0.855729
0.888669
0.891214
0.87416
0.853987
0.858166
0.876242
0.888241
0.866867
0.901459
0.878233
0.894987
0.855658
0.891476
0.862242
0.866358
0.858176
0.877076
0.873554
0.877029
0.878144
0.861762
0.875386
0.883985
0.869796
0.877167
0.897393
0.895828
0.832178
0.888356
0.882981
0.888232
0.89623
0.882349
0.891452
0.863315
0.882353
0.878247
0.862593
0.883084
0.896339
0.87961
0.8573
0.8801
0.864111
0.868616
0.875231
0.873752
0.885027
0.87027
0.890313
0.881799
0.881417
0.871426
0.865188
0.900814
0.89721
0.876916
0.893721
0.887399
0.888945
0.871766
0.854823
0.886493
0.865757
0.888228
0.885181
0.892051
0.910496
0.855475
0.878604
0.882467
0.862153
0.889588
0.873774
0.876479
0.873655
0.89691
0.859205
0.873488
0.872417
0.872612
0.853515
0.868862
0.860286
0.875014
0.865601
0.885657
0.881782
0.872579
0.86731
0.885001
0.862496
0.864464
0.888982
0.865026
0.875428
0.890927
0.860263
0.893452
0.861952
0.879898
0.865094
0.878382
0.871908
0.889783
0.889523
0.875548
0.897132
0.886465
0.874591
0.869916
0.882766
0.890413
0.889879
0.860689
0.866332
0.871344
0.867052
0.884342
0.860796
0.875187
0.910635
0.855845
0.882803
0.88467
0.877894
0.891681
0.873214
0.880116
0.855204
0.878362
0.879452
0.869835
0.892583
0.868913
0.889546
0.852565
0.880417
0.898731
0.885408
0.893601
0.871503
0.903837
0.882293
0.866625
0.877091
0.857867
0.858245
0.872338
0.885065
0.877132
0.884867
0.886085
0.921855
0.878823
0.901498
0.862619
0.866465
0.885122
0.876027
0.882282
0.877234
0.896423
0.885435
0.870326
0.887396
0.87527
0.887027
0.877254
0.888077
0.860224
0.880205
0.873765
0.863608
0.90349
0.893421
0.862867
0.899215
0.869335
0.884122
0.877315
0.871551
0.881684
0.885731
0.895831
0.88149
0.874851
0.867444
0.878747
0.872938
0.864576
0.879831
0.861715
0.894416
0.863563
0.919388
0.876339
0.868519
0.86321
0.882185
0.885702
0.88781
0.884066
0.889516
0.893748
0.901444
0.875614
0.854223
0.871907
0.868695
0.88581
0.899267
0.887782
0.881058
0.923906
0.891396
0.861961
0.881504
0.866126
0.883783
0.862464
0.87685
0.86445
0.881876
0.885965
0.872146
0.871121
0.904237
0.868029
0.867995
0.890861
0.873151
0.891554
0.892206
0.864124
0.84254
0.873416
0.862109
0.887149
0.892765
0.857809
0.880374
0.862228
0.897045
0.87232
0.851146
0.880844
0.886537
0.873223
0.894447
0.872633
0.878329
0.867198
0.890729
0.867952
0.85672
0.892558
0.859638
0.860323
0.87399
0.878828
0.882283
0.862255
0.863353
0.898794
0.881172
0.883396
0.902491
0.89061
0.877957
0.876895
0.882888
0.862017
0.87462
0.846041
0.869075
0.889961
0.880427
0.900824
0.902874
0.878558
0.881614
0.862598
0.886862
0.872192
0.88782
0.884588
0.861094
0.853698
0.857961
0.882237
0.89138
0.893171
0.890541
0.874519
0.888487
0.870887
0.858052
0.877826
0.848937
0.878979
0.86806
0.857174
0.895597
0.886661
0.889157
0.884701
0.881994
0.884702
0.870898
0.852718
0.90697
0.869775
0.874349
0.881213
0.867298
0.87107
0.856377
0.877546
0.881192
0.882405
0.897849
0.898922
0.894245
0.87169
0.867541
0.880207
0.882683
0.889179
0.87016
0.88977
0.900735
0.881319
0.891147
0.878446
0.882217
0.873628
0.866285
0.873159
0.845629
0.896763
0.882471
0.878286
0.859463
0.874118
0.894525
0.872908
0.877842
0.873782
0.862989
0.874755
0.891751
0.860879
0.851567
0.873197
0.875094
0.878077
0.879599
0.877576
0.881678
0.896534
0.889382
0.856942
0.887639
0.868344
0.895688
0.881303
0.87911
0.877213
0.886897
0.891245
0.868617
0.884765
0.860708
0.861913
0.892176
0.891751
0.860858
0.869811
0.85873
0.861925
0.860406
0.892301
0.86156
0.894137
0.847501
0.859641
0.875616
0.876789
0.857258
