1816.72 0.934209 0.000881174
1651.59 0.926751 0.00142012
1586.76 0.933563 0.00132493
1891.05 0.929534 0.000881644
1791.83 0.926784 0.00150683
1398.3 0.922211 0.00161863
1709.42 0.933119 0.00141826
1559.28 0.929714 0.00135381
1791.8 0.930673 0.000895573
1571.05 0.926509 0.00143706
1692.1 0.930426 0.00142737
1692.23 0.933108 0.000878619
1675.91 0.926754 0.0014772
1855.91 0.931663 0.000892058
1632.89 0.929131 0.00148545
1711.66 0.930395 0.000901833
1685.02 0.931645 0.00138156
1731.12 0.932479 0.000889185
1639.76 0.932338 0.00146957
1723.89 0.9289 0.00150487
1617.6 0.934368 0.00199928
2042.97 0.924103 0.00177256
1923.96 0.9314 0.000878524
1610.82 0.932226 0.00146192
1746.97 0.939125 0.0014909
1743.81 0.92817 0.00133321
1787.88 0.932675 0.000873774
1572.6 0.924544 0.00134167
1665.23 0.938619 0.00101646
1773.31 0.930712 0.00145517
1656.63 0.932192 0.00154274
1801.24 0.925589 0.00137831
1624.4 0.928617 0.00145739
1566.73 0.927864 0.00143548
1693.42 0.929647 0.00138967
1555.66 0.930655 0.00147851
1692.03 0.924835 0.00143252
1699.37 0.933712 0.550732
1723.87 0.92442 0.00148591
1614.72 0.933932 0.00138202
1541.07 0.907149 0.00192388
2215.41 0.931338 0.000885864
1935.74 0.929759 0.000900137
1463.18 0.916731 0.00129382
1794.16 0.932277 0.00145825
1903.19 0.936032 0.00141607
1481.47 0.91811 0.0015471
2049.24 0.929116 0.000890614
1660.53 0.933715 0.00137098
1838.59 0.92748 0.00145651
1807.54 0.932143 0.000864939
1712.84 0.930994 0.000878234
1725.92 0.906135 0.00184022
1577.91 0.927016 0.00146605
1533.31 0.919667 0.00132115
1670.59 0.93072 0.000877651
1474.62 0.931081 0.00140747
1669.46 0.931567 0.00146548
1922.23 0.928996 0.000884332
1651.61 0.927087 0.00151113
1403.69 0.930124 0.00135856
1395.57 0.928493 0.00137118
1876.9 0.925247 0.00149398
1708.06 0.931252 0.00089162
1779.98 0.93328 0.000881706
1847.18 0.933731 0.00141829
1484.4 0.918771 0.00129432
1676.56 0.92785 0.00143596
1681.39 0.926642 0.00151256
2208.52 0.933301 0.000894364
1644.75 0.926994 0.00147393
1523.9 0.928445 0.00138101
1686.75 0.93032 0.000913288
1613.7 0.933329 0.00088729
1939.97 0.932174 0.000881124
1880.34 0.933217 0.000866349
1758.17 0.930434 0.00145154
1462.64 0.918348 0.00165128
1836.97 0.929949 0.000887465
1520.72 0.911741 0.00140707
1737.71 0.931876 0.000884214
1880.04 0.928524 0.0008964
1651.92 0.930148 0.000869355
2005.01 0.930727 0.000871094
1654.95 0.923781 0.0014754
1443.44 0.907559 0.00171396
1751.78 0.929297 0.00137913
1627.08 0.925566 0.00147041
1749.72 0.930556 0.00088402
1631.66 0.933319 0.000888519
1836.47 0.932662 0.00133334
2005.24 0.920135 0.00132513
1943.17 0.925814 0.00141514
1941.44 0.930384 0.000863941
1672.25 0.924724 0.00135758
1870.4 0.931366 0.000888465
1620.03 0.928573 0.00135799
1696.7 0.926014 0.00141329
1594.8 0.929362 0.00143185
1781.25 0.926028 0.00147702
1556.21 0.931677 0.00143258
1703.77 0.927335 0.00144073
2197.67 0.934633 0.00100291
1614.06 0.930031 0.00090054
1556.98 0.93143 0.550042
1508 0.932149 0.00132859
1589.68 0.929965 0.00142452
1862.64 0.930935 0.000876872
1556.55 0.92137 0.0013344
1732.64 0.929678 0.000878857
1627.58 0.931795 0.00145497
1937.56 0.930475 0.000883565
1739.59 0.926224 0.00137383
1406.5 0.915107 0.001346
1634.56 0.93155 0.00088793
1577.39 0.934905 0.001447
1511.94 0.927993 0.00149225
1955.57 0.932937 0.00142459
1579.64 0.931843 0.0014491
1665.97 0.932663 0.000879549
1883.42 0.932195 0.000883444
1795.66 0.928083 0.00141357
1771.3 0.938408 0.00101274
1710.99 0.934079 0.000867962
1586.99 0.925327 0.00139559
1665.24 0.92921 0.00145334
1706.13 0.93364 0.000885913
1806.63 0.93773 0.00118032
2217.96 0.930857 0.000871409
1597.25 0.91086 0.00166955
1502.15 0.933087 0.00145861
1490.64 0.927723 0.00142275
1476.62 0.923276 0.00140304
1444.7 0.923247 0.00124329
1678.84 0.933851 0.00151168
1863.21 0.931003 0.00086968
1899.6 0.937114 0.00100022
1785.07 0.928564 0.00147915
1579.34 0.93507 0.00142246
1599.38 0.913951 0.0015102
1655.93 0.923284 0.00151207
1839.97 0.924478 0.00148111
1787.06 0.930339 0.000887951
1676.22 0.931437 0.000893491
1568.13 0.930735 0.00146459
1844.69 0.924748 0.00131511
1568.62 0.928871 0.00134594
1800.28 0.933543 0.000873424
1599.98 0.930714 0.000891682
1784.57 0.929334 0.00145628
1776.2 0.935733 0.000998299
1655.34 0.929936 0.00144947
1923.37 0.931307 0.00147387
1552.19 0.927883 0.00125732
1752.91 0.930388 0.000873232
1631.18 0.923112 0.00142886
1533.94 0.92756 0.00145388
1745.21 0.930078 0.000899261
1871.63 0.927161 0.00133059
1588.7 0.929302 0.00156088
1631.69 0.921212 0.00127761
1902.55 0.930836 0.000865386
1584.07 0.929013 0.00139302
1568.84 0.932425 0.001399
1591.2 0.930427 0.00144119
1569.8 0.929452 0.00136857
1597.13 0.930761 0.001428
1573.21 0.930576 0.00138096
1572.49 0.927287 0.00149818
1534.56 0.931899 0.00149122
1526.87 0.913456 0.00156128
1898.59 0.930988 0.000889623
1326.01 0.919458 0.00150761
1474.56 0.908042 0.00140719
1743.76 0.933158 0.000870802
1782.44 0.932382 0.0014487
1595.86 0.930262 0.00144477
1611.44 0.934165 0.00146876
1552.79 0.925951 0.00140232
1678.27 0.927533 0.00159255
1753.49 0.933275 0.000867903
1518.08 0.931262 0.0014899
1672.14 0.932292 0.000878446
2038.48 0.929302 0.000883556
1719.16 0.925418 0.00143491
1734.26 0.92742 0.00145562
1931.25 0.925807 0.00127444
1727.65 0.928336 0.00138279
1825.73 0.934872 0.00140917
1711.68 0.931001 0.000863828
1520.89 0.911394 0.00163537
1695.95 0.932913 0.00146474
1589.14 0.933151 0.000149653
1841.2 0.930001 0.00150088
1822.6 0.923147 0.00143385
1631.18 0.932335 0.00138979
1542.09 0.918595 0.00133846
1566.79 0.931838 0.000882157
1586.34 0.931607 0.00145457
1614.48 0.929004 0.00141634
1787.12 0.929156 0.000886815
1833.31 0.930304 0.000879156
1518.24 0.933679 0.00147114
1577.75 0.932183 0.00150021
1551.45 0.92747 0.00145943
1403.6 0.923636 0.00127464
1363.75 0.905267 0.00109748
1512.03 0.904492 0.00135559
1666.4 0.929478 0.00139211
1681.36 0.932589 0.000874762
1701.45 0.931375 0.000871246
1863.62 0.930766 0.000895435
1629.39 0.932278 0.00150752
1399.28 0.920633 0.00134948
1574.3 0.924631 0.00136109
1368.44 0.91568 0.00183423
1578.37 0.930724 0.00140477
1510.56 0.928845 0.00144109
1933.45 0.932493 0.000909922
1740.46 0.930208 0.000897877
1642.44 0.925706 0.00143794
2150.28 0.927863 0.000896982
1720.87 0.931588 0.000875916
1543.87 0.933516 0.00143595
1842.96 0.931088 0.000871243
1450.34 0.915827 0.00175721
1738.44 0.93205 0.00217889
1510.23 0.920692 0.00127112
1387 0.921648 0.00135678
1838.84 0.930021 0.000879286
1645.32 0.923518 0.00124006
1516.36 0.925892 0.00131243
1474.11 0.920699 0.00135565
1502.11 0.93348 0.0014807
1553.64 0.931472 0.000873415
1442.18 0.923461 0.00144435
1687.17 0.928393 0.00160985
1688.52 0.931991 0.0013993
1939.88 0.92531 0.00151254
1515.75 0.930488 0.00148102
1513.69 0.9314 0.00156028
1977.92 0.92944 0.000884015
1852.68 0.932951 0.000879856
1994.1 0.924622 0.00156309
1521.76 0.928052 0.00148234
1483.22 0.927614 0.00150775
1653.34 0.930362 0.000890297
1855.33 0.926728 0.00151946
1898.59 0.933363 0.000864307
1655.5 0.931021 0.00148796
1609.22 0.927448 0.00136126
1718.47 0.928953 0.00138255
1905.25 0.925905 0.0014356
1460.09 0.910801 0.00187669
1696.31 0.931397 0.00145579
1784.86 0.927872 0.00136735
1988.22 0.931187 0.000878613
1487.13 0.912052 0.00111842
1661.93 0.9308 0.00087424
1715.27 0.932321 0.00088881
1734.53 0.930696 0.000877656
1750.18 0.940454 0.00119447
1700.9 0.93457 0.000867902
1743.68 0.924979 0.00136347
2041.95 0.932243 0.0013612
1838.53 0.923717 0.00141482
1503.31 0.931432 0.00085647
1461.56 0.926441 0.00130931
1600.71 0.919896 0.00162252
2059.49 0.932651 0.000877252
1904.51 0.934982 0.000898938
1413.54 0.919005 0.00150927
2093.62 0.930909 0.000877621
1658.95 0.928651 0.00140093
1805.9 0.930879 0.000892986
1715.85 0.930634 0.000895851
1527.93 0.915138 0.00212095
1872.32 0.931319 0.000886371
1436.97 0.914086 0.00197242
1376.02 0.911039 0.00159802
1634.97 0.930295 0.00142937
1443.11 0.916754 0.00137087
1485.42 0.933372 0.00151824
1864.76 0.92807 0.000897434
1733.32 0.929751 0.000897781
1687.77 0.931304 0.000894888
1604.35 0.905782 0.00115692
1724.11 0.931826 0.000890569
1827.16 0.929742 0.000852112
1890.2 0.932997 0.000877967
1911.21 0.931316 0.000903182
1594.24 0.917127 0.00132131
1744.55 0.934368 0.0008694
1648.57 0.929041 0.00129965
1782.9 0.934465 0.00149609
1519.93 0.929322 0.00156796
1647.71 0.932239 0.000893826
1594.75 0.929836 0.0014511
1505.43 0.93052 0.00137457
2316.52 0.928342 0.000862847
1530.75 0.930137 0.00143128
1607.34 0.931172 0.000891498
1846.92 0.931519 0.000887064
1956.94 0.936233 0.000939795
1686.62 0.930328 0.000883488
1954.34 0.926364 0.00135265
1431.9 0.927099 0.00138085
1748.97 0.922374 0.00142134
1473.66 0.929638 0.00148296
1638.74 0.930592 0.000872715
1645.15 0.931114 0.00141163
1792.05 0.933126 0.000886673
1851.92 0.931315 0.000871562
1625.88 0.931008 0.00151112
1701.57 0.927694 0.00149712
1562.95 0.930375 0.00149388
2115.99 0.92442 0.00146909
2080.93 0.929284 0.000880071
1840.85 0.932241 0.000854527
1641.53 0.931772 0.00135433
1891.78 0.928465 0.00144965
1623.05 0.929949 0.000870243
1435.55 0.919747 0.00150178
1707.57 0.931836 0.00087454
1536.56 0.928159 0.0014157
1559.34 0.917652 0.00128881
1803.86 0.929771 0.000876698
1351.64 0.914484 0.00174438
1464.93 0.913197 0.00133105
1597.13 0.930197 0.00145564
1589.1 0.924846 0.00135646
1666.44 0.930216 0.00143899
1782.48 0.924246 0.00156877
1715.31 0.930916 0.000876583
1677.03 0.930191 0.00146953
1586.74 0.932783 0.00087794
1488.35 0.927632 0.0013183
1479.62 0.917632 0.00140395
1532.85 0.91994 0.00117465
1868.86 0.929538 0.0009168
1769.14 0.932798 0.000888895
1939.81 0.93336 0.000868608
1683.73 0.928427 0.00147486
1538.6 0.929261 0.00147582
1533.11 0.935091 0.00140515
1471.61 0.921287 0.00132285
1838.58 0.929634 0.000884554
1421.42 0.927661 0.00138473
1737.42 0.926293 0.00154394
1430.65 0.920496 0.00134818
1550.41 0.914746 0.0012932
1520.09 0.91768 0.00129965
1749.26 0.931646 0.000857051
1936.6 0.935259 0.000882589
1656.13 0.929557 0.00134359
1635.27 0.926949 0.00146618
1552.88 0.928939 0.00143095
2082.4 0.929657 0.00088359
1779.63 0.928181 0.000873704
1654.29 0.915287 0.00137958
1734.58 0.929709 0.000898989
1728.27 0.933219 0.00088534
1604.02 0.928541 0.00138065
1946.66 0.929882 0.000863204
1644.76 0.928434 0.00140025
1461.08 0.923717 0.00157104
1707.46 0.925274 0.00147892
1753.52 0.931601 0.00087782
1833.93 0.928499 0.00138967
1720.49 0.927182 0.00135525
1685.57 0.938295 0.000994684
1682.03 0.929926 0.00143729
1783.65 0.929444 0.00141005
1716.55 0.928542 0.00136016
1603.48 0.932422 0.00141041
1540.57 0.913049 0.00198797
2153.19 0.929394 0.000878811
1425.19 0.92053 0.00144764
1664.91 0.92999 0.00137976
1888.52 0.929404 0.000867099
1709.97 0.929037 0.00138561
1720.23 0.932365 0.000884444
1713.12 0.927539 0.00147662
2114.06 0.926485 0.00137296
1444.36 0.928656 0.00132026
1666.83 0.928324 0.00138358
1828.34 0.93278 0.000910119
1653.84 0.94055 0.00106378
1746.78 0.930386 0.000875456
1923.74 0.928712 0.000906101
1890.16 0.928058 0.00136433
1740.05 0.92217 0.0015452
1528.91 0.926475 0.00141659
1583.88 0.930836 0.00147335
1768.89 0.928242 0.00145513
1486.92 0.937746 0.00102205
1562.13 0.938032 0.00095825
1767.25 0.926972 0.00149923
1804.42 0.929388 0.000883518
1525.17 0.932736 0.000869719
1488.95 0.932365 0.00137237
1415.92 0.910342 0.00153348
1724.54 0.939996 0.00103546
1550.41 0.918745 0.00136392
1536.51 0.93231 0.000887285
1891.04 0.933933 0.000850931
1945 0.929698 0.000885437
1549.84 0.934714 0.00145338
1798.59 0.933913 0.000871858
1474.11 0.915434 0.00151251
1656.84 0.931366 0.000886137
1897.32 0.928775 0.000887149
1652.27 0.934069 0.00147443
1528.69 0.926478 0.00151029
1737.91 0.923769 0.00147295
1770.42 0.932826 0.000887755
1732.15 0.933395 0.00146932
1689.64 0.935063 0.000955681
1696.62 0.925762 0.00149956
1739.89 0.930681 0.000881653
1610.84 0.932054 0.000884012
1352.54 0.916704 0.00131561
1548.4 0.930151 0.0014714
1630.76 0.932894 0.0014522
1725.25 0.924474 0.00144399
1516.12 0.91606 0.00125659
1557.39 0.936418 0.000148908
1630.78 0.93149 0.00148879
1601.32 0.929493 0.00142243
1725.85 0.930479 0.00148526
2002.31 0.93091 0.000876679
1813.39 0.906176 0.00122796
1433.67 0.916181 0.00200879
1511.3 0.917772 0.00179856
1654.06 0.926193 0.00137823
1652.95 0.934132 0.000941393
1675.21 0.930999 0.000891
1896.1 0.913803 0.0014621
1588.04 0.930075 0.0015085
1938.28 0.929556 0.000877037
1480.19 0.911156 0.00169602
1778.99 0.932156 0.000883218
1654.65 0.93117 0.00147875
1686.55 0.927667 0.00136905
1474.33 0.906308 0.00137234
1949.84 0.933007 0.000874644
1592.23 0.930612 0.00151349
1821.98 0.93052 0.000862285
1803.93 0.923102 0.00130327
1617.75 0.934407 0.000964251
1868.59 0.940597 0.00129983
1651.27 0.927726 0.00150119
1972.29 0.930253 0.000884415
1444.78 0.913737 0.00161098
1724.83 0.929948 0.00139349
1767.21 0.926099 0.00147898
1551.7 0.933556 0.00145179
1693.71 0.927995 0.00151272
1813.14 0.931099 0.000863821
1410.05 0.932174 0.0014108
1638.36 0.921776 0.00134648
1911.78 0.931888 0.000887724
2094.98 0.931128 0.000883457
1426.42 0.923816 0.00124392
1604.76 0.925195 0.00138788
1827.99 0.930711 0.000890619
1852.89 0.929399 0.000870034
1916.08 0.929429 0.000882049
1612.09 0.924815 0.00140411
1789.13 0.928513 0.00149168
1863.16 0.931677 0.000898238
1532.75 0.924265 0.00140859
1718.06 0.930459 0.00153884
1707.96 0.927932 0.00131626
1623.78 0.933959 0.00145729
1885.67 0.932519 0.000852384
1980.79 0.931243 0.000891903
1809.03 0.927434 0.00138886
2033.84 0.933086 0.000872549
1727.83 0.935266 0.000885777
1519.2 0.916881 0.00142897
1556.98 0.929371 0.00150603
1531.96 0.930102 0.00139382
1538.52 0.935052 0.00148395
1655.95 0.932883 0.0014185
1868.89 0.931415 0.000886233
1714.48 0.929278 0.00124969
1596.06 0.935787 0.000954932
1765.27 0.924739 0.00138292
1999.9 0.936611 0.000970514
1591.09 0.917483 0.00145917
1574.52 0.93418 0.00134697
1383.59 0.912853 0.00170243
1938.93 0.930028 0.000885613
1660.78 0.929502 0.00146977
1722.89 0.922744 0.00139453
1695.57 0.931522 0.00148106
1915.24 0.929679 0.000813384
1629.67 0.929751 0.00142327
1678.82 0.928673 0.00138036
1823.19 0.924602 0.00144876
2097.42 0.929083 0.000881568
1575.62 0.92818 0.00146891
1547.44 0.931651 0.00136793
1441.43 0.933528 0.00146326
1941.4 0.937111 0.000930196
1804.26 0.934012 0.000888274
1479.64 0.928096 0.0013085
1864.57 0.930107 0.00086782
1842.73 0.925259 0.00150066
1726.32 0.917477 0.0013273
1763.68 0.932372 0.000881541
1593.08 0.934903 0.00146437
1494.12 0.922216 0.00136065
1667.15 0.932511 0.00142615
1609.42 0.925871 0.00153023
1413.33 0.916693 0.00128674
1543.64 0.926148 0.00138949
1552.72 0.930196 0.000150069
1864.56 0.928276 0.000886918
1510.24 0.933548 0.00149812
1595.34 0.929367 0.00143243
1517.42 0.929634 0.00130526
1463.97 0.919171 0.00181368
1527.97 0.928842 0.0014494
1833.23 0.928644 0.00089646
1726.02 0.924975 0.00144169
1654.06 0.933545 0.00143949
1588.05 0.929839 0.00137064
1717.99 0.935751 0.000965858
2329.41 0.933461 0.000897891
1574.99 0.929079 0.00147901
1725.72 0.931841 0.00151108
1544.01 0.930751 0.00138412
1500.65 0.934207 0.00152578
1637.88 0.929344 0.00148579
1806.06 0.933387 0.00090248
1707.67 0.923256 0.00135472
1959.52 0.93206 0.000881572
1617.33 0.926015 0.00135067
1757.94 0.936494 0.00148163
1758.24 0.92548 0.00147028
1876.66 0.932056 0.000866494
1364.46 0.922717 0.00130213
1670.76 0.929681 0.00140515
1810.65 0.929822 0.000895785
1766.18 0.942925 0.00114697
2100.01 0.931784 0.000882556
1424.62 0.92277 0.00129043
1863.24 0.928968 0.000869571
1700.32 0.927915 0.0014826
1933.11 0.93273 0.000874734
1541.63 0.930961 0.00134885
1745.91 0.923374 0.00135322
1597.51 0.932366 0.0014859
1778.61 0.931062 0.000865912
1700.94 0.933989 0.000869635
1887.11 0.927971 0.00145964
1703.81 0.933169 0.000897173
1578.62 0.928437 0.00150598
1866.42 0.930553 0.000885405
2087.6 0.932237 0.0008768
1507.21 0.922584 0.00127697
1646.57 0.932147 0.00152225
1570.07 0.930625 0.00128932
1486.21 0.921673 0.00134339
1612.51 0.932281 0.00145742
1838.27 0.931369 0.00146884
1776.98 0.933304 0.000866388
1472.66 0.930266 0.00152845
1780.65 0.931681 0.00147747
1629.45 0.928751 0.00142463
1957.64 0.93393 0.00086723
1559.96 0.929303 0.00172182
1754.18 0.926624 0.00149571
1637.29 0.928475 0.00146934
1692.38 0.931329 0.00137149
1748.59 0.932228 0.00142275
1733.91 0.934093 0.00146625
1579.53 0.925707 0.0013661
1929.73 0.92888 0.000872267
1742.58 0.927643 0.00151822
1590.39 0.92963 0.00143958
1636.49 0.935617 0.00147446
1610.52 0.930366 0.00137112
1758.21 0.929907 0.000903505
1696.1 0.931975 0.00136215
1930.72 0.933595 0.000849856
2755.7 0.929091 0.000869696
2247.45 0.929136 0.000863805
1496.46 0.923492 0.0013146
1885.27 0.929166 0.000891036
2270.29 0.930933 0.000892287
1874.1 0.929375 0.00142511
1833.87 0.932435 0.000873759
1649.93 0.922432 0.00128723
1750.03 0.934823 0.00142763
1625.76 0.916347 0.00203364
1946.99 0.930829 0.000891762
1620.85 0.909369 0.00163706
1599.62 0.927547 0.00143325
1816.91 0.933017 0.000878713
1731.41 0.933419 0.00088794
1714.74 0.929136 0.00144814
1698.8 0.931495 0.000888194
1809.69 0.905745 0.00166084
1591.59 0.929981 0.549603
1679.65 0.92752 0.00142715
1697.98 0.923844 0.00185396
1563.33 0.932139 0.000881697
2119.61 0.932038 0.000876603
1798.28 0.931896 0.000865097
1325.25 0.910545 0.00176847
1716.36 0.934262 0.000884206
1508.38 0.911632 0.0012129
1464.92 0.909993 0.00187015
1835.45 0.931004 0.000888558
1632.86 0.930985 0.00138118
1818.94 0.935384 0.00087167
1571.33 0.930347 0.00137585
1845.45 0.93463 0.000881278
1615.38 0.930831 0.000884473
1736.82 0.929771 0.000895348
1787.64 0.930974 0.000894455
2057.45 0.927466 0.000886904
1601.59 0.928435 0.00153609
1676.36 0.92832 0.00142667
1699.61 0.926161 0.00141247
1460.14 0.927914 0.0013753
1752.81 0.933169 0.000870482
1871.88 0.927552 0.0014105
1648.99 0.928119 0.00147507
1740.41 0.929428 0.000889439
1721.85 0.931972 0.00142625
1492.99 0.930681 0.00137785
1546.58 0.933003 0.00147966
2174.8 0.929645 0.000888351
1636.42 0.928144 0.00132088
1607 0.928107 0.00140236
1465.25 0.921685 0.00137445
1877 0.930377 0.000880352
1726.69 0.934256 0.000929783
1543.1 0.92769 0.00147873
1783.02 0.931831 0.000880544
1543.81 0.925099 0.00125611
1393.57 0.907238 0.00181735
1448.23 0.913469 0.001563
1795.71 0.929704 0.0014748
1680.53 0.934075 0.000862675
1563.48 0.912316 0.0015703
1860.59 0.93248 0.000874902
1452.87 0.922917 0.00129169
1828.57 0.927647 0.000890615
1578.42 0.932733 0.00148042
1450.57 0.913737 0.00135271
1853.19 0.937286 0.000998703
1844.78 0.922484 0.00130363
2090.51 0.933067 0.000894153
1374.54 0.917748 0.0014551
1413.84 0.912081 0.00159611
1849.1 0.931196 0.000921118
1677.38 0.930388 0.00125168
1539.79 0.931578 0.00143475
1567.01 0.925752 0.00136042
1537.42 0.921137 0.00150818
1849.87 0.931589 0.000870827
2058.49 0.921575 0.00142028
1672.32 0.925356 0.00142857
1892.13 0.92712 0.0013592
1967.77 0.929572 0.000877222
1631.19 0.93261 0.00149521
1664 0.93148 0.0013648
1778.8 0.929138 0.00148785
1857.93 0.92439 0.00157534
2211.3 0.930112 0.000879498
1736.42 0.932311 0.000866164
1814.87 0.933577 0.550691
1810.9 0.925718 0.00137831
1681.92 0.932235 0.000871687
1827.48 0.92568 0.00148897
1753.24 0.928059 0.00145837
1842.15 0.937351 0.00149207
1710.22 0.931574 0.000892184
2527.2 0.928009 0.000874198
1699.52 0.933867 0.000873162
1772.17 0.927001 0.00147806
1652.68 0.930703 0.00141528
1688.57 0.929437 0.00156874
1680.58 0.93164 0.000890294
1856.34 0.933039 0.000876281
1536.68 0.923444 0.0013648
1667.9 0.931577 0.000872641
2068.36 0.932763 0.000867374
1552.25 0.935087 0.00139137
1878.22 0.929582 0.000890978
1718.33 0.928745 0.00147756
1526.52 0.920335 0.00165869
1901.15 0.926726 0.00152428
1634.86 0.925957 0.0013663
1812.77 0.933284 0.00118952
1741.74 0.933205 0.000887385
2314.79 0.930137 0.000866058
1748.77 0.92922 0.00139363
1797.22 0.930601 0.000885162
1544.25 0.932186 0.00146665
1671.09 0.928608 0.00140869
2175.4 0.930371 0.000869141
1731.48 0.929241 0.0014158
1735.61 0.933943 0.000880772
1722.52 0.93314 0.000876947
1563.01 0.931773 0.00155325
1795.15 0.932526 0.00143442
1552.17 0.928911 0.00142414
1825.39 0.931981 0.000860115
1534.67 0.933921 0.00148386
1682.7 0.932002 0.00148896
1942.04 0.926995 0.00140959
1626.99 0.93534 0.00144395
1803.22 0.930828 0.000894684
1680.13 0.93351 0.000858436
1729.54 0.930591 0.000895228
1410.74 0.923164 0.00143234
2440.34 0.926555 0.000856761
1748.22 0.931649 0.000865781
1651.39 0.921355 0.00134951
2060.68 0.924081 0.00146074
1669.22 0.931494 0.000876364
1620.46 0.931702 0.00149445
1811.2 0.930482 0.000878058
1682.44 0.931045 0.00146237
1796.08 0.930097 0.000863166
1462.77 0.926234 0.00133906
1861.58 0.936162 0.000866966
1634.79 0.929946 0.00144694
1726.67 0.930793 0.00088194
1586.3 0.921 0.00140883
1832.04 0.93103 0.000901034
1745.68 0.929864 0.000886747
1786.18 0.92623 0.00135216
1462.37 0.930464 0.00143517
1936.38 0.934169 0.000886814
1511.76 0.919834 0.00132758
2111.58 0.929969 0.000873257
1739.69 0.930338 0.00142197
2008.69 0.931681 0.000878929
1635.62 0.92895 0.00136828
1647.08 0.929268 0.00147527
1632.29 0.930706 0.0014276
1611.96 0.924669 0.00142208
1377.74 0.928425 0.00131235
1666.12 0.927927 0.00136834
1838.35 0.931402 0.000861735
1660.6 0.924733 0.00151322
1594.71 0.932839 0.00138882
1814.22 0.925806 0.00149536
1718.43 0.936746 0.00144687
1534.34 0.933199 0.000905621
1871.6 0.927274 0.00141386
1533.16 0.931691 0.00149606
1631.08 0.930142 0.00139755
1494.94 0.906052 0.00175001
1527.53 0.911643 0.00199975
1966.21 0.931691 0.000890019
1917.35 0.93323 0.000884118
1663.72 0.927741 0.00138043
1732.93 0.930015 0.000884586
1595.06 0.928657 0.00144662
1715.43 0.932751 0.000885402
1423.35 0.917022 0.00146636
2020.21 0.931082 0.000886965
2059.79 0.928059 0.000891626
2170.41 0.927818 0.000891158
1622.15 0.908269 0.00166622
1654.1 0.931885 0.00140822
1641.06 0.932731 0.00148995
1782.65 0.917383 0.00139676
1740.78 0.94353 0.00119524
1774.03 0.929291 0.00148653
1941.89 0.923509 0.00148705
1503.97 0.904609 0.00179703
2229.68 0.929597 0.000870173
2431.5 0.929504 0.000899869
1503.75 0.928079 0.00133109
1761.38 0.936634 0.00149673
1807.96 0.93109 0.000858602
1738.02 0.933931 0.000881426
1957.94 0.930145 0.000841882
1752.73 0.930964 0.000899767
1689.57 0.928668 0.00150612
1417.69 0.915836 0.00161552
1646.87 0.927413 0.00149324
2074.92 0.929871 0.000870283
1961.22 0.925252 0.0014153
1679.76 0.935866 0.00151692
1802.25 0.93045 0.000902293
1625.7 0.92904 0.00150485
1777.12 0.927789 0.00143527
1702.74 0.925805 0.0013703
1493.85 0.921099 0.00142779
1988.95 0.932183 0.000876169
1476.49 0.924154 0.00143252
1648.8 0.934555 0.000880166
1976.95 0.930906 0.000874048
1782.75 0.930051 0.000881447
1605.61 0.931969 0.00151898
1942.06 0.929812 0.000887824
1550.88 0.930502 0.00144781
1598.23 0.927142 0.00144625
1661.72 0.930483 0.00141158
1501.3 0.925507 0.00133673
1657.36 0.931518 0.0014736
1873.29 0.930993 0.00087699
1732.94 0.934203 0.000908915
1475.71 0.928647 0.00136592
2147.26 0.929227 0.000875333
1698.51 0.930909 0.000873766
1755.75 0.92691 0.00139765
1450.45 0.917843 0.00133917
1566.61 0.93438 0.00144312
1480.72 0.92667 0.00136349
1850.68 0.933679 0.00147661
1911.07 0.929929 0.000909291
2010.7 0.928368 0.000876264
1616.42 0.929357 0.00149904
2007.16 0.924601 0.00136134
1853.27 0.927701 0.00145975
1743.43 0.931449 0.00151983
1508.02 0.911332 0.00150305
1755.71 0.931762 0.000873544
1474.28 0.918949 0.00142418
1657.61 0.929745 0.00138572
1762.46 0.93063 0.00142907
1692.86 0.925446 0.00140232
1350.32 0.908063 0.00149721
2147.79 0.929966 0.000881781
1792.1 0.930233 0.000884859
1595.49 0.93236 0.0014458
1854.84 0.928319 0.00139631
1686.58 0.927176 0.000151109
1908.21 0.92452 0.00148826
2134.08 0.930196 0.000886362
1630.03 0.917943 0.00157134
1539.83 0.929909 0.00147229
1810.44 0.931499 0.000884829
1595.29 0.928278 0.00150177
1505.53 0.929447 0.00148646
2059.76 0.931112 0.000886464
2109.5 0.933947 0.000893276
1861.87 0.927945 0.0014425
2021.13 0.93391 0.000887159
1822.47 0.9243 0.00151218
1521.05 0.909963 0.00156575
1774.24 0.934521 0.0014836
1708.86 0.932211 0.000888358
1894.01 0.926818 0.0014179
1541.03 0.92673 0.00131498
2202.93 0.933226 0.000872376
1472.47 0.930482 0.00144331
1859.96 0.932684 0.0015293
1568.2 0.930605 0.00137485
1693.36 0.93063 0.000914489
1926.31 0.929871 0.00088765
1811.48 0.930779 0.000882015
1516.8 0.927678 0.00144905
2102.64 0.929015 0.000882859
1803.4 0.925342 0.00140635
1563.5 0.932049 0.00148104
1740.5 0.93432 0.000859827
1545.28 0.931207 0.00140897
1658.99 0.93416 0.000884958
1666.02 0.935196 0.0009977
2092.7 0.930721 0.000900624
1600.15 0.929668 0.0014036
1550.49 0.922476 0.00130034
1768.48 0.927104 0.00146787
1771.97 0.925875 0.00130668
1778.94 0.932983 0.000881399
1538.68 0.930871 0.00138828
1515.92 0.918302 0.00140512
1649.28 0.931567 0.000896329
1487.23 0.921374 0.00139851
1851.6 0.926306 0.00144138
1746.98 0.92773 0.00138856
1886.09 0.927977 0.00145683
1672.06 0.924328 0.00145224
1692.08 0.931998 0.00137706
1554.04 0.930488 0.00138848
1472.23 0.920173 0.00154741
1700.58 0.931072 0.00142065
1393.94 0.920207 0.00149802
2101.94 0.929784 0.000864181
1615.15 0.935699 0.0014927
1919.71 0.92446 0.00149086
1538.49 0.932171 0.0014938
1447.5 0.918483 0.00167156
1755.6 0.924436 0.00137316
1876.93 0.930994 0.000856919
1651.3 0.927692 0.00144635
1931.95 0.930217 0.00144223
1763.23 0.94158 0.00115479
1850.33 0.931878 0.000876015
1753.97 0.934377 0.00144454
1595.33 0.903351 0.00166606
1816.27 0.926806 0.00147241
1862.76 0.931352 0.000891982
1690.93 0.928779 0.00149881
1566.93 0.929494 0.00140784
1468.62 0.913926 0.00162437
1622.96 0.92616 0.00147434
1947.65 0.932454 0.000891295
1684.33 0.932358 0.000882086
1555.05 0.93301 0.00147384
1704.36 0.930822 0.00089137
1951.82 0.934501 0.000876782
1439.81 0.916834 0.00180823
1612.08 0.930811 0.00140383
1457.06 0.92406 0.00138217
1665.42 0.932381 0.000881068
1636.32 0.934344 0.00138997
1705.31 0.931905 0.00089164
1624.24 0.924099 0.00136624
2047.14 0.929607 0.000885082
1619.7 0.931344 0.00142696
1501.85 0.930441 0.00142171
1401.85 0.921965 0.0013128
1643.8 0.932213 0.00149435
1700.38 0.934893 0.00142962
2000.94 0.931791 0.000862815
1765.33 0.933746 0.000901685
1877.25 0.932341 0.000860784
2338.32 0.932222 0.000853081
1448.95 0.921725 0.00135329
1764.06 0.929828 0.000899176
1659.69 0.921889 0.00121789
1816.96 0.93162 0.000870597
1592.62 0.925625 0.0014284
2500.64 0.929196 0.000900694
1600.53 0.933707 0.00142071
1452.58 0.908467 0.00156124
1966.22 0.929879 0.00090579
1665.48 0.928402 0.00145
1541.71 0.932052 0.00141885
1892.65 0.932847 0.000875927
1809.8 0.930503 0.000869606
1718.67 0.918689 0.00133145
1548.65 0.929632 0.00136836
1824.86 0.92991 0.000876235
1716 0.931534 0.000867632
1553.49 0.9299 0.00139064
1566.21 0.929846 0.00153782
1632.54 0.925126 0.0015612
1591.22 0.912263 0.00139616
1615.93 0.931603 0.00149274
1518.01 0.928613 0.00159267
1586.91 0.927806 0.00138755
1436.04 0.927712 0.00132594
1888.06 0.934841 0.000875902
1610.09 0.934614 0.00137837
1725.59 0.932206 0.000898038
2045.59 0.929129 0.000887642
1876.45 0.930293 0.000879673
1647.66 0.922969 0.00124982
1676.65 0.930212 0.00133211
2501.39 0.92861 0.000891888
1666.47 0.931222 0.000893094
2090.69 0.934642 0.000943397
1741.31 0.923578 0.00152165
1563.32 0.934084 0.00137334
1375.08 0.91601 0.00161507
1660.06 0.928792 0.00143767
1575.54 0.915793 0.00174095
1513.68 0.929997 0.00146347
1758.52 0.926446 0.00144713
1494.49 0.908756 0.00169858
1564.2 0.932093 0.000862312
1888.68 0.928925 0.000889696
2104.53 0.920638 0.00163686
1597.33 0.930819 0.0015171
1778.71 0.929806 0.000909895
1798.96 0.933519 0.000870811
1809.29 0.934471 0.000882201
1495.76 0.927651 0.00141919
1662.33 0.932322 0.000873711
1600.77 0.919046 0.00119947
1703.19 0.929067 0.00144052
1652.18 0.931099 0.00130047
1657.83 0.939732 0.00108161
1993.16 0.932408 0.000879824
1570.58 0.925899 0.00145323
1912.89 0.932333 0.000870854
1659.19 0.926443 0.00147626
1678.5 0.922778 0.547487
2218.96 0.927892 0.000891183
1620.95 0.933837 0.00141868
1617.9 0.932631 0.00151356
2425.14 0.931877 0.00087128
1646.49 0.92839 0.00137598
1518.16 0.930931 0.00146159
1734.65 0.933814 0.000866567
2119.99 0.933798 0.00086885
