0.886999
0.898794
0.89967
0.89766
0.901137
0.894933
0.899707
0.897469
0.895316
0.896782
0.89637
0.893797
0.897476
0.89441
0.895729
0.890711
0.893701
0.894721
0.891896
0.892558
0.891946
0.891466
0.897621
0.895164
0.893876
0.896073
0.894733
0.900495
0.896015
0.894494
0.895095
0.887631
0.892616
0.892632
0.899685
0.895734
0.89234
0.893406
0.891507
0.890982
0.892283
0.892744
0.89386
0.894398
0.895174
0.890352
0.891223
0.888774
0.889865
0.892055
0.898644
0.895533
0.897457
0.891741
0.890303
0.887478
0.893726
0.892524
0.888076
0.897431
0.897553
0.898242
0.890788
0.893286
0.896863
0.894373
0.887869
0.891759
0.899162
0.893187
0.896566
0.897041
0.894636
0.894589
0.895505
0.89013
0.896618
0.894823
0.898987
0.89067
0.896509
0.893868
0.897039
0.891771
0.89524
0.898154
0.895765
0.892996
0.892635
0.89532
0.894265
0.892892
0.891447
0.898763
0.893519
0.898695
0.900345
0.888198
0.895667
0.894128
0.896683
0.891415
0.892103
0.894805
0.896496
0.895179
0.903122
0.895585
0.895865
0.895108
0.891198
0.900899
0.897024
0.889132
0.891156
0.893842
0.890941
0.893797
0.890682
0.893728
0.895698
0.892196
0.897084
0.890496
0.898158
0.896302
0.896518
0.896187
0.890134
0.893909
0.894345
0.892585
0.890427
0.893368
0.895417
0.896665
0.895928
0.890492
0.890711
0.895314
0.889356
0.894308
0.896941
0.895471
0.89036
0.899022
0.894689
0.901145
0.891935
0.893678
0.896088
0.896104
0.891951
0.893096
0.900675
0.896032
0.891753
0.897801
0.893176
0.897094
0.89347
0.894986
0.898055
0.894376
0.894207
0.900483
0.895869
0.899156
0.889134
0.894722
0.891408
0.892863
0.891457
0.896319
0.901405
0.893477
0.894364
0.890386
0.89248
0.892022
0.894215
0.889301
0.896145
0.896546
0.899755
0.896684
0.895459
0.897853
0.893552
0.899362
0.896373
0.893186
0.895496
0.89551
0.894129
0.895103
0.896187
0.887449
0.895223
0.894949
0.901388
0.895193
0.893092
0.896013
0.892326
0.897599
0.899817
0.900962
0.892584
0.895351
0.890295
0.89646
0.894512
0.891252
0.89737
0.892706
0.901944
0.893427
0.893938
0.892489
0.890233
0.897201
0.895124
0.892934
0.891649
0.894196
0.895467
0.896986
0.895715
0.887828
0.900249
0.897145
0.897176
0.895473
0.896777
0.90451
0.902419
0.894477
0.890571
0.893947
0.893139
0.893367
0.894014
0.893946
0.894088
0.897454
0.900477
0.897068
0.896296
0.890774
0.891915
0.899566
0.89149
0.897088
0.887376
0.896619
0.886944
0.892244
0.898935
0.887369
0.895006
0.894768
0.893658
0.891591
0.904267
0.894737
0.896065
0.901265
0.891552
0.891237
0.892903
0.895097
0.899009
0.896471
0.893272
0.894498
0.890359
0.903361
0.901877
0.892581
0.894808
0.894904
0.890155
0.897013
0.896235
0.898888
0.889618
0.898577
0.890432
0.89766
0.890097
0.893274
0.893722
0.889925
0.891485
0.888828
0.895561
0.893748
0.898711
0.890408
0.894209
0.892257
0.89458
0.903338
0.895269
0.891877
0.89755
0.898343
0.896398
0.892343
0.890842
0.897145
0.88692
0.889521
0.896914
0.893703
0.89472
0.891067
0.898365
0.890709
0.901882
0.892668
0.894092
0.896956
0.89668
0.899917
0.898837
0.895059
0.895243
0.89284
0.888384
0.896957
0.902123
0.894098
0.892534
0.893124
0.887523
0.895604
0.902002
0.89122
0.896908
0.895642
0.895941
0.890895
0.892254
0.897138
0.89185
0.892102
0.892984
0.893153
0.893218
0.892369
0.892328
0.902139
0.88666
0.898578
0.891062
0.896853
0.891046
0.894657
0.898995
0.894797
0.906089
0.888878
0.892437
0.894227
0.891166
0.899868
0.893307
0.89274
0.895578
0.899173
0.894228
0.897216
0.890406
0.893952
0.894015
0.895607
0.891942
0.892342
0.896005
0.893826
0.895782
0.896049
0.893634
0.895796
0.896022
0.896227
0.897256
0.892861
0.896524
0.896116
0.897275
0.893857
0.888918
0.89875
0.89376
0.891209
0.897007
0.892963
0.893615
0.896802
0.890437
0.894691
0.897704
0.899225
0.899932
0.890347
0.893562
0.899912
0.896644
0.898576
0.895976
0.893704
0.889993
0.889537
0.892936
0.895367
0.891215
0.900239
0.894928
0.889606
0.893959
0.893025
0.893722
0.889106
0.893774
0.894809
0.890901
0.895144
0.896624
0.89882
0.893026
0.892733
0.894634
0.886664
0.89339
0.900244
0.895252
0.899392
0.896434
0.89225
0.89356
0.892276
0.89264
0.891233
0.889317
0.8948
0.901881
0.894661
0.89944
0.893842
0.892627
0.894707
0.897719
0.893775
0.890602
0.89195
0.895374
0.901085
0.900761
0.893735
0.885368
0.892063
0.891288
0.895568
0.896243
0.902658
0.891963
0.889331
0.897565
0.889093
0.892574
0.897661
0.900011
0.896474
0.891621
0.900345
0.896387
0.894534
0.900508
0.89154
0.893803
0.893488
0.896864
0.8939
0.898737
0.894966
0.892404
0.894533
0.893716
0.891052
0.887828
0.89617
0.898159
0.894834
0.893109
0.896924
0.897911
0.892051
0.895031
0.893481
0.893943
0.89515
0.897527
0.892531
0.891052
0.895868
0.894909
0.890973
0.901986
0.892128
0.895703
0.892935
0.889457
0.891825
0.890377
0.895601
0.891905
0.892891
0.900875
0.898292
0.904399
0.897982
0.892829
0.895894
0.890765
0.891206
0.89372
0.897606
0.892296
0.890682
0.898675
0.906159
0.892541
0.898747
0.901251
0.896192
0.88921
0.89671
0.894876
0.895892
0.891827
0.894004
0.890036
0.891374
0.897357
0.902273
0.893658
0.892464
0.896242
0.890837
0.892105
0.893836
0.892537
0.893891
0.892754
0.894341
0.891167
0.898395
0.892952
0.897576
0.892834
0.8934
0.901164
0.894514
0.891834
0.896181
0.888018
0.894645
0.898172
0.891609
0.894152
0.899562
0.895826
0.896175
0.896534
0.888924
0.893839
0.896223
0.89456
0.89364
0.891794
0.887856
0.895836
0.891295
0.893448
0.895777
0.894152
0.894211
0.900214
0.894932
0.893424
0.894473
0.88944
0.890819
0.894033
0.898549
0.890547
0.901194
0.898681
0.891739
0.892117
0.892838
0.897205
0.89148
0.889459
0.891842
0.891719
0.892158
0.897725
0.893058
0.891769
0.895972
0.894373
0.894479
0.890799
0.891417
0.888454
0.89437
0.896572
0.894571
0.902291
0.899374
0.89473
0.904532
0.893788
0.890143
0.893944
0.899603
0.899974
0.894986
0.897603
0.899269
0.899904
0.902355
0.894
0.894546
0.895034
0.895805
0.890813
0.893612
0.888884
0.891518
0.903583
0.897648
0.892302
0.891541
0.895981
0.892064
0.893898
0.89394
0.894725
0.898092
0.89956
0.895629
0.89555
0.889595
0.893724
0.897649
0.895705
0.897836
0.903114
0.892025
0.894694
0.889764
0.898488
0.902368
0.892362
0.891413
0.889287
0.89388
0.891599
0.895754
0.896015
0.891345
0.894151
0.889311
0.904274
0.894312
0.897325
0.898629
0.898777
0.891729
0.890519
0.898365
0.896498
0.89097
0.888959
0.893872
0.89271
0.895268
0.892969
0.894654
0.897373
0.896106
0.889183
0.899569
0.895796
0.893442
0.89603
0.8958
0.897843
0.894053
0.896639
0.895166
0.897195
0.904702
0.892452
0.891667
0.897687
0.901279
0.896205
0.897775
0.896096
0.888287
0.89399
0.887363
0.893916
0.89534
0.894567
0.897532
0.897493
0.887656
0.900332
0.896523
0.894213
0.890668
0.888306
0.895351
0.893155
0.904121
0.893327
0.899423
0.889821
0.898217
0.896135
0.892829
0.896976
0.896721
0.892303
0.897542
0.891741
0.891738
0.896544
0.891973
0.898643
0.895091
0.892429
0.901064
0.888379
0.892319
0.897532
0.890955
0.89495
0.899847
0.896535
0.891675
0.892882
0.89698
0.893718
0.901899
0.899173
0.896396
0.89422
0.891083
0.894555
0.894836
0.897434
0.893698
0.893074
0.902701
0.89143
0.896144
0.893644
0.891106
0.894312
0.900729
0.892603
0.89384
0.89166
0.88798
0.893629
0.892441
0.897856
0.889063
0.896489
0.903934
0.885886
0.896057
0.891265
0.888227
0.894113
0.888039
0.896657
0.897795
0.895429
0.894598
0.902882
0.888626
0.891161
0.894058
0.890663
0.890994
0.894493
0.895316
0.898314
0.893579
0.887341
0.90082
0.889706
0.894201
0.892593
0.889738
0.890843
0.892847
0.893187
0.89045
0.892665
0.889545
0.897164
0.898546
0.894057
0.892736
0.897862
0.900762
0.894087
0.89515
0.897429
0.889235
0.899484
0.892546
0.889464
0.891929
0.899273
0.896053
0.900839
0.894629
0.897681
0.891288
0.893665
0.890726
0.894013
0.894038
0.893586
0.895791
0.890367
0.895409
0.894118
0.890519
0.895173
0.895462
0.894368
0.894107
0.893581
0.891291
0.899654
0.896897
0.897733
0.892645
0.894582
0.892654
0.891222
0.892437
0.895715
0.896163
0.896348
0.896982
0.904159
0.889895
0.89579
0.898743
0.897614
0.892596
0.890212
0.894851
0.895564
0.896542
0.889717
0.89575
0.899348
0.892517
0.891502
0.896651
0.892636
0.893207
0.889916
0.894108
0.893219
0.893513
0.905518
0.895096
0.899428
0.896111
0.893175
0.890516
0.891794
0.894549
0.888498
0.890202
0.892721
0.890712
0.8891
0.900819
0.887271
0.89139
0.894067
0.891212
0.897511
0.896274
0.891373
0.888983
0.892612
0.895315
0.898977
0.895446
0.893321
0.897702
0.893152
0.889571
0.901379
0.894043
0.89722
0.89527
0.897592
0.891732
0.891448
0.891444
0.891521
0.898768
0.892592
0.899444
0.899293
0.89307
0.892177
0.892562
0.893121
0.901153
0.892169
0.89757
0.897758
0.896799
0.900462
0.898168
0.8926
0.892365
0.891888
0.887496
0.892188
0.886903
0.893613
0.892758
0.898192
0.891665
0.90044
0.901006
0.888416
0.892052
0.897582
0.893626
0.891939
0.898167
0.890335
0.89014
0.891751
0.900296
0.894012
0.894255
0.896705
0.894433
0.893894
0.895593
0.898344
0.894135
0.895581
0.887117
0.897113
0.897456
0.898489
0.891556
0.892383
0.89502
0.89509
0.89334
0.890248
0.893123
0.903689
0.891694
0.89602
0.892594
0.892981
0.893195
0.892026
0.899067
0.89754
0.890409
0.893808
0.891364
0.895146
0.894979
