0.857111
0.85989
0.857315
0.862843
0.863854
0.862987
0.85766
0.86827
0.86346
0.855262
0.857927
0.863319
0.856914
0.853817
0.863925
0.869441
0.854878
0.861085
0.853727
0.858077
0.853045
0.862153
0.856739
0.859888
0.852492
0.85369
0.862718
0.869497
0.861436
0.856315
0.861405
0.857578
0.866073
0.868153
0.854204
0.860814
0.863164
0.858957
0.86403
0.861131
0.870307
0.858063
0.865236
0.853485
0.863482
0.859032
0.864755
0.859085
0.859431
0.861683
0.86271
0.865225
0.865888
0.862539
0.862123
0.861562
0.863801
0.850093
0.862912
0.869843
0.869245
0.861742
0.87336
0.859207
0.860274
0.863759
0.857998
0.857162
0.862595
0.864129
0.860505
0.856273
0.86229
0.859173
0.856728
0.853764
0.864403
0.860272
0.861344
0.868862
0.866236
0.866758
0.856131
0.857247
0.860922
0.873915
0.857132
0.85773
0.8578
0.86141
0.847615
0.855899
0.857018
0.866947
0.858394
0.860224
0.859847
0.868109
0.865858
0.85723
0.8563
0.85814
0.861724
0.866659
0.861236
0.859117
0.862396
0.85759
0.854838
0.867047
0.863809
0.865423
0.863203
0.857566
0.860708
0.857533
0.874453
0.85585
0.868407
0.86904
0.862383
0.872394
0.870652
0.854448
0.857803
0.869209
0.861497
0.860441
0.861141
0.862208
0.85543
0.862835
0.864762
0.863642
0.869872
0.854617
0.861559
0.867266
0.865018
0.862432
0.859286
0.862311
0.858261
0.873202
0.863302
0.858007
0.861911
0.860877
0.851529
0.857797
0.855581
0.851347
0.871099
0.858679
0.86497
0.8647
0.86707
0.854245
0.86252
0.862979
0.863965
0.85927
0.859154
0.862134
0.865567
0.861
0.861289
0.854169
0.858761
0.859358
0.855288
0.8562
0.856403
0.867134
0.862926
0.861121
0.858775
0.866646
0.858178
0.860819
0.863107
0.862192
0.860646
0.865863
0.860597
0.869525
0.859487
0.860798
0.858078
0.860555
0.859714
0.860608
0.867051
0.861724
0.85538
0.865218
0.857945
0.867863
0.863369
0.858993
0.866575
0.867028
0.859186
0.857885
0.858917
0.862249
0.863228
0.858787
0.863298
0.856719
0.863666
0.857183
0.862891
0.85317
0.860989
0.85602
0.859014
0.859204
0.858311
0.857856
0.863022
0.863378
0.851238
0.849937
0.853695
0.864033
0.856497
0.861228
0.860593
0.853457
0.861265
0.858768
0.868644
0.861758
0.861931
0.865118
0.860389
0.855936
0.870367
0.864886
0.849075
0.854063
0.868162
0.865343
0.861845
0.860621
0.859633
0.867307
0.860784
0.861809
0.861082
0.855668
0.860577
0.857926
0.861025
0.855985
0.86151
0.859554
0.844386
0.864498
0.865763
0.857164
0.859955
0.863503
0.870652
0.861777
0.854515
0.849587
0.869304
0.857822
0.858538
0.859448
0.857177
0.863357
0.867868
0.849397
0.853994
0.855008
0.863931
0.867455
0.864012
0.860315
0.856485
0.858476
0.857712
0.8612
0.862431
0.860111
0.857364
0.862911
0.85854
0.856732
0.866621
0.86061
0.862219
0.874079
0.866264
0.855088
0.855345
0.860289
0.846385
0.858761
0.863063
0.859475
0.864355
0.861541
0.859119
0.859034
0.854597
0.858335
0.856835
0.861864
0.854764
0.86134
0.873175
0.858789
0.871489
0.858731
0.866602
0.858683
0.856249
0.855293
0.855146
0.867456
0.863305
0.869654
0.862634
0.861287
0.858835
0.86296
0.858191
0.867232
0.861698
0.860185
0.868704
0.856467
0.865245
0.865064
0.859308
0.866017
0.856953
0.870691
0.865615
0.855094
0.861014
0.861941
0.861426
0.857479
0.860977
0.864194
0.865454
0.856301
0.862505
0.862536
0.869061
0.862339
0.862609
0.849664
0.852259
0.867457
0.863926
0.870442
0.863848
0.865062
0.861731
0.865843
0.861066
0.850312
0.862878
0.862702
0.858451
0.851503
0.862293
0.861784
0.864118
0.855699
0.858027
0.857923
0.861805
0.867701
0.862008
0.857148
0.85572
0.854881
0.868017
0.858657
0.856526
0.866126
0.862842
0.85588
0.860299
0.861749
0.86037
0.857615
0.859219
0.86724
0.86034
0.859793
0.86505
0.858463
0.860956
0.863559
0.861576
0.869579
0.858175
0.865756
0.865071
0.862507
0.861422
0.855061
0.860037
0.870172
0.860672
0.856224
0.859171
0.864394
0.856232
0.859332
0.862301
0.859846
0.857959
0.864285
0.866496
0.8612
0.862905
0.860935
0.856362
0.865548
0.868505
0.853127
0.856854
0.86386
0.849648
0.859401
0.870103
0.858138
0.864923
0.863999
0.840236
0.86572
0.858959
0.853539
0.867044
0.852391
0.857602
0.860194
0.862976
0.869493
0.859689
0.861679
0.852807
0.863078
0.858911
0.862172
0.85255
0.862945
0.866447
0.862168
0.864229
0.860375
0.862798
0.857468
0.860489
0.863123
0.8526
0.861762
0.857368
0.864294
0.860808
0.867724
0.853774
0.864632
0.874325
0.861646
0.860308
0.862299
0.865409
0.862884
0.872192
0.867167
0.853934
0.856149
0.862656
0.86369
0.863703
0.860855
0.859823
0.865215
0.866408
0.862593
0.85749
0.85852
0.860997
0.857668
0.866864
0.845928
0.852817
0.860464
0.86598
0.861359
0.858835
0.858766
0.861917
0.859913
0.860643
0.862562
0.871761
0.860825
0.860506
0.851806
0.869615
0.868384
0.860975
0.855866
0.862509
0.859288
0.850789
0.860122
0.868591
0.858383
0.854603
0.872505
0.860306
0.862867
0.863996
0.86063
0.862491
0.852385
0.864085
0.873383
0.852535
0.857671
0.859963
0.865042
0.858344
0.860361
0.862096
0.860067
0.847152
0.853494
0.866504
0.861935
0.861854
0.859605
0.864917
0.861636
0.85605
0.864802
0.86698
0.856504
0.864704
0.862249
0.860674
0.863954
0.863109
0.852768
0.863011
0.860038
0.859839
0.865661
0.859245
0.858188
0.869672
0.866276
0.860041
0.865734
0.859764
0.874397
0.871106
0.857826
0.870562
0.857009
0.855084
0.862888
0.858286
0.866037
0.862859
0.859418
0.862818
0.866499
0.856597
0.859747
0.859807
0.86434
0.858666
0.858304
0.860514
0.858012
0.874267
0.862173
0.869383
0.860888
0.863719
0.864632
0.858482
0.859589
0.850133
0.863191
0.857412
0.847153
0.861687
0.8649
0.862194
0.86332
0.852662
0.864653
0.859834
0.857568
0.860383
0.855024
0.858393
0.864246
0.858942
0.853817
0.871335
0.869989
0.867648
0.858905
0.868362
0.865032
0.863979
0.863876
0.858073
0.868196
0.86036
0.856557
0.862783
0.854188
0.859242
0.871637
0.864777
0.860272
0.857832
0.861966
0.858552
0.863287
0.85475
0.873138
0.857615
0.857404
0.862557
0.869203
0.855845
0.861626
0.859907
0.860687
0.859326
0.862149
0.873367
0.857195
0.864037
0.857713
0.860014
0.857929
0.867171
0.861884
0.860371
0.851587
0.857088
0.861872
0.862155
0.856734
0.84791
0.864388
0.863927
0.862307
0.863878
0.860399
0.860567
0.870428
0.862615
0.855704
0.860238
0.859394
0.862635
0.864656
0.863966
0.856746
0.853085
0.856303
0.856424
0.852885
0.860786
0.857521
0.86777
0.861701
0.862984
0.861269
0.857848
0.859347
0.858667
0.86445
0.85814
0.860999
0.856715
0.865594
0.861427
0.861406
0.857895
0.859616
0.8557
0.861333
0.860988
0.869379
0.871845
0.858865
0.863587
0.863429
0.857308
0.854401
0.86061
0.86379
0.867908
0.850357
0.854591
0.859528
0.865652
0.852476
0.857541
0.857821
0.861892
0.858054
0.860712
0.859179
0.860228
0.86107
0.868739
0.863219
0.859917
0.877097
0.851933
0.856652
0.866149
0.855441
0.852503
0.867207
0.865765
0.85769
0.856906
0.860974
0.862942
0.860629
0.866789
0.858141
0.862935
0.861565
0.859146
0.856401
0.862332
0.865559
0.863586
0.860354
0.864401
0.866219
0.8503
0.864588
0.860986
0.855163
0.852629
0.860333
0.870372
0.858469
0.855375
0.860511
0.860966
0.858387
0.852368
0.852703
0.859463
0.874194
0.848179
0.861844
0.855566
0.861311
0.86555
0.861703
0.865641
0.859206
0.866438
0.859995
0.860259
0.865323
0.862721
0.864526
0.861001
0.862288
0.856329
0.869172
0.854049
0.861165
0.866254
0.856995
0.863307
0.83681
0.861919
0.868861
0.865749
0.860075
0.858642
0.858111
0.861953
0.858647
0.863491
0.842989
0.856077
0.856598
0.856453
0.856519
0.863902
0.860996
0.857544
0.862091
0.86084
0.856437
0.855898
0.853416
0.856118
0.862611
0.874439
0.860554
0.863493
0.860096
0.855683
0.859367
0.862971
0.853475
0.863986
0.862274
0.863522
0.862547
0.866478
0.855064
0.85707
0.860186
0.85241
0.86073
0.866239
0.858326
0.870127
0.860213
0.862952
0.861455
0.83808
0.85329
0.864813
0.857915
0.861358
0.860669
0.865975
0.85783
0.866234
0.86663
0.857563
0.865473
0.859387
0.860646
0.856394
0.866336
0.854405
0.857721
0.862178
0.860817
0.864974
0.861279
0.860204
0.860907
0.860702
0.858895
0.869136
0.851512
0.85341
0.858583
0.861684
0.864575
0.86081
0.866125
0.861873
0.851858
0.860205
0.848663
0.867283
0.859099
0.857448
0.859288
0.860793
0.855752
0.85832
0.859791
0.859892
0.859497
0.864276
0.857669
0.864117
0.859562
0.862591
0.859182
0.856439
0.858523
0.859188
0.857483
0.853732
0.860763
0.870456
0.866135
0.85748
0.860866
0.860911
0.86322
0.859503
0.864973
0.85803
0.866908
0.864896
0.86412
0.859617
0.859086
0.858578
0.853994
0.860944
0.866399
0.85797
0.855141
0.861944
0.860342
0.858556
0.861742
0.857297
0.859609
0.861658
0.862727
0.870899
0.862075
0.860358
0.864027
0.856808
0.868398
0.857633
0.863263
0.870707
0.861954
0.863262
0.857704
0.86405
0.863311
0.864826
0.859767
0.861639
0.860283
0.857917
0.860062
0.851008
0.859013
0.854773
0.85652
0.858492
0.863693
0.862803
0.8622
0.863871
0.856802
0.861117
0.85507
0.857198
0.857925
0.860853
0.857153
0.868325
0.867091
0.856155
0.859586
0.858261
0.863008
0.860212
0.870036
0.862324
0.858127
0.860869
0.860581
0.866335
0.85693
0.869047
0.855041
0.859784
0.856382
0.861046
0.86505
0.856207
0.86037
0.85501
0.862969
0.861755
0.848907
0.851067
0.859651
0.862426
0.864548
0.864318
0.865845
0.864866
0.866487
