1434.4 0.871185 0.00316995
1324.44 0.882158 0.00316603
1297.34 0.872646 0.00312837
1254.63 0.889834 0.000252044
1490.14 0.882223 0.00268668
1392.66 0.884574 0.0029662
1386.11 0.873394 0.00316897
1205.19 0.87892 0.00310319
1459.36 0.872713 0.00322454
1235.34 0.880098 0.00324762
1402.58 0.883019 0.00271989
1358.85 0.878585 0.0034184
1390.56 0.884636 0.00336851
1309.39 0.874848 0.00301825
1496.12 0.878733 0.00294305
1280.02 0.882371 0.00315831
1465.12 0.89509 0.00186009
1374.91 0.885781 0.00310276
1577.16 0.875459 0.00323672
1270.95 0.883326 0.0032632
1197.34 0.878662 0.00300894
1320.5 0.874022 0.00299984
1178.3 0.878498 0.00307475
1187.37 0.885927 0.0031944
1239 0.878855 0.00311533
1264.48 0.880214 0.00314895
1250.47 0.883493 0.00302598
1124.12 0.885179 0.00296617
1416.52 0.87906 0.00300432
1421 0.890586 0.00222388
1295.57 0.878119 0.00297509
1243.85 0.884198 0.00274496
1241.99 0.878632 0.00307212
1312.88 0.884014 0.00294376
1324.03 0.887411 0.00306475
1275.62 0.877626 0.00329857
1329.49 0.884462 0.00317818
1192.76 0.878319 0.00309103
1225.82 0.882481 0.00326222
1232.65 0.882482 0.00307494
1256.78 0.877136 0.00287683
1361.53 0.88658 0.00272687
1308.04 0.880689 0.00282182
1174.74 0.879765 0.00329568
1228.81 0.874736 0.00315372
1346.37 0.877885 0.00271754
1393.01 0.878928 0.00316475
1353.93 0.884306 0.00303838
1338.38 0.880872 0.00281272
1213.41 0.875334 0.00308919
1305.63 0.870538 0.00328676
1200.27 0.885516 0.00277748
1281.27 0.88467 0.00299723
1603.25 0.883474 0.00272098
1228.99 0.879986 0.00297541
1350.78 0.881222 0.00276548
1256.85 0.880856 0.00303896
1269.08 0.882037 0.00310503
1291.81 0.883436 0.00317672
1270.67 0.890262 0.00204752
1329.52 0.881759 0.0030819
1356.08 0.874571 0.0032503
1250.73 0.878031 0.00320035
1239.99 0.882924 0.00276961
1409.67 0.881453 0.00312436
1273.12 0.885613 0.00299158
1263.7 0.876888 0.0031003
1301.68 0.878195 0.00294642
1371.28 0.881392 0.00317299
1264.71 0.88025 0.00299078
1391.99 0.880364 0.00257099
1208.57 0.879244 0.00314847
1229.46 0.883534 0.00299082
1301.75 0.888157 0.00308507
1235.75 0.881887 0.00286969
1382.46 0.878441 0.00283059
1195.79 0.882757 0.00311176
1129.99 0.881515 0.00310548
1288.24 0.879523 0.00320994
1364.68 0.872927 0.00302332
1287.49 0.889412 0.00189067
1304.78 0.882426 0.00309457
1331.28 0.876819 0.00284321
1376.69 0.87332 0.00289291
1569.4 0.875563 0.00271431
1330.41 0.873282 0.00294086
1187.25 0.885045 0.00312388
1295.06 0.887308 0.00281584
1258.29 0.880899 0.0034764
1296.66 0.879947 0.00308137
1255.34 0.872636 0.00307406
1199.9 0.876817 0.00281296
1450.11 0.880251 0.00268432
1299.38 0.881753 0.00266583
1253.41 0.883554 0.00330926
1272.32 0.884065 0.00299156
1164.41 0.875805 0.0030935
1308.78 0.879248 0.0030184
1304.05 0.878265 0.00297529
1245.86 0.8754 0.00304082
1246.17 0.87857 0.00311692
1183.21 0.885646 0.00295558
1184.95 0.880511 0.00315035
1370.49 0.89163 0.00181858
1185.95 0.880355 0.00323379
1197.77 0.880235 0.00300314
1239.74 0.881553 0.00298184
1434.11 0.877585 0.00292517
1334.66 0.879317 0.00303533
1364.34 0.879275 0.000255362
1252.61 0.880752 0.00316512
1168.06 0.881737 0.00301618
1195.21 0.882187 0.000253905
1317.48 0.873071 0.00308153
1171.01 0.87755 0.00314684
1308.46 0.878501 0.00329258
1188.41 0.879497 0.00296094
1391.76 0.893558 0.00270123
1154.3 0.872253 0.00309764
1295.69 0.884539 0.00307817
1355.03 0.886523 0.00284343
1315.72 0.873643 0.00293253
1126.89 0.884186 0.0031021
1256.17 0.882076 0.00303586
1292.72 0.880571 0.00273958
1274.46 0.88185 0.00326374
1240.74 0.881643 0.00313043
1604.23 0.888747 0.00221199
1259.66 0.879545 0.00304622
1371.87 0.885166 0.00313516
1250.07 0.885267 0.002836
1337.43 0.881593 0.00310497
1255.21 0.880435 0.00303025
1383.04 0.88389 0.00262609
1197.54 0.87841 0.00262591
1195.87 0.875283 0.00310199
1173.86 0.877969 0.00310399
1284.29 0.879937 0.00300242
1349.26 0.87533 0.00304059
1185.97 0.881366 0.00307372
1267.78 0.879 0.00297002
1206.88 0.88271 0.00269493
1264.24 0.875045 0.00314066
1403.34 0.871463 0.00297999
1206.73 0.879042 0.0030463
1177.03 0.880141 0.0030853
1293.3 0.880045 0.00326253
1325.85 0.880483 0.0029286
1445.17 0.879982 0.00315506
1215.13 0.878812 0.00287787
1197.27 0.879889 0.000254471
1380.81 0.883612 0.00307374
1222.69 0.881235 0.0030127
1287.3 0.88767 0.00203015
1287.77 0.878284 0.00287128
1323.58 0.879711 0.00306414
1199.66 0.880316 0.0030152
1288.4 0.883564 0.00261964
1262.81 0.88897 0.00294022
1428.97 0.884044 0.00270034
1438.63 0.884249 0.00319816
1458.99 0.875912 0.00303962
1453.99 0.88589 0.0025836
1295.85 0.882207 0.00308342
1325.78 0.886591 0.00319084
1294.33 0.879261 0.00288813
1378.23 0.885688 0.00295424
1146.29 0.880876 0.00299529
1493.66 0.892985 0.00180923
1235.32 0.880022 0.0031315
1267.33 0.877514 0.00280245
1296.96 0.886083 0.00324047
1269.53 0.88121 0.0029105
1213.61 0.882526 0.0027626
1439.63 0.879525 0.000255359
1338.3 0.884381 0.00287512
1289.57 0.884018 0.00304238
1393.7 0.88575 0.00326294
1256.98 0.881793 0.00306224
1302.29 0.876224 0.00304917
1303.6 0.882967 0.00317996
1380.12 0.893112 0.00183946
1315.27 0.882086 0.0028992
1141.24 0.879904 0.00307589
1303.44 0.878782 0.00315156
1124.77 0.881609 0.00316742
1445.03 0.87955 0.00318513
1226.93 0.882316 0.00309461
1217.24 0.880185 0.00310624
1247.45 0.883672 0.00302683
1211.08 0.875468 0.00316946
1288.04 0.87728 0.00318166
1347.51 0.871795 0.00313207
1306.32 0.884085 0.00317878
1246.22 0.878876 0.00292253
1332.07 0.887235 0.00322422
1176.22 0.882783 0.00296492
1226.65 0.88443 0.0030453
1344.16 0.883185 0.00315511
1242.56 0.87807 0.00301904
1257.81 0.894312 0.00180197
1272.8 0.882573 0.0028814
1323.27 0.882884 0.00306467
1226.09 0.881206 0.00307509
1516.35 0.901754 0.000248556
1403.68 0.885666 0.00333835
1289.11 0.886962 0.00327301
1202.33 0.884295 0.00288875
1404.98 0.884155 0.00319042
1240.36 0.876261 0.00311657
1213.64 0.878277 0.00312241
1216.2 0.886088 0.00288278
1316.6 0.885057 0.00299959
1458.19 0.886404 0.00264907
1509.63 0.881043 0.00283171
1253.66 0.876625 0.00314515
1287.22 0.888084 0.0030693
1191.14 0.879005 0.00303544
1279.17 0.878807 0.00321539
1427.12 0.88652 0.00323646
1358.07 0.881681 0.00291322
1243.13 0.8848 0.00332064
1253.57 0.871918 0.00318658
1311.62 0.879886 0.000254523
1276.67 0.882046 0.00295319
1310.93 0.880371 0.000254388
1357.28 0.873622 0.00313176
1165.09 0.880495 0.00320887
1362.38 0.878873 0.00296742
1268.5 0.881861 0.00287823
1281.01 0.878178 0.00303198
1297.38 0.881572 0.00327282
1266.54 0.886294 0.00311319
1573.86 0.883103 0.0027876
1218.01 0.885411 0.00247761
1577.96 0.893824 0.00166288
1282.55 0.885131 0.00313699
1274.85 0.876622 0.00287134
1245.41 0.876165 0.00310685
1464.57 0.87709 0.00287791
1338.01 0.880311 0.0029549
1376.16 0.876646 0.00307553
1307.82 0.882455 0.00302184
1302.56 0.878519 0.00306765
1259.19 0.874232 0.00318732
1356.88 0.878013 0.00314441
1225.43 0.878926 0.00312428
1247.32 0.887909 0.00177
1278.7 0.877458 0.0032045
1126.96 0.885159 0.00305784
1338.43 0.875033 0.00306578
1284.92 0.882409 0.00265192
1344.68 0.876958 0.00311857
1222.68 0.875619 0.00310728
1316.44 0.878486 0.00284303
1214.38 0.877624 0.00316706
1376.06 0.886737 0.00314301
1148.66 0.875426 0.00275201
1227.43 0.881678 0.00321546
1225.15 0.886906 0.00296826
1270.11 0.884065 0.00304949
1392.37 0.884438 0.00299378
1219.14 0.88499 0.00320596
1327.87 0.879969 0.00314381
1395.94 0.880347 0.00323587
1327.42 0.886315 0.0029171
1287.1 0.878604 0.00290115
1142.82 0.883142 0.00318698
1287.11 0.883463 0.00333441
1202.14 0.887525 0.00311886
1322.13 0.879112 0.00283128
1312.17 0.880854 0.00314079
1393.9 0.877171 0.00293904
1387.16 0.890877 0.00227421
1488.8 0.872522 0.00309459
1280.08 0.8768 0.00294976
1227.59 0.880958 0.00309373
1127.06 0.880084 0.00309277
1318.82 0.875769 0.00319337
1252.52 0.877556 0.00285384
1413.21 0.88523 0.00269676
1265.97 0.887883 0.00287006
1259.18 0.888 0.00317242
1230.64 0.885332 0.00308182
1251.08 0.881825 0.00312947
1317.97 0.88109 0.00325701
1316.99 0.877017 0.00312695
1325.5 0.883311 0.00248577
1205.77 0.890517 0.00182745
1233.3 0.881379 0.00312315
1340.69 0.883923 0.00291926
1251.5 0.878277 0.00304365
1433.8 0.875923 0.0029455
1342.41 0.881551 0.00271421
1164.51 0.885336 0.00314303
1125.51 0.875953 0.00331615
1181.26 0.874701 0.00315327
1399.03 0.882715 0.00293113
1331.39 0.881531 0.00317817
1240.69 0.882605 0.00313345
1245.53 0.875122 0.00308077
1285.77 0.888431 0.00301195
1279 0.874548 0.00282351
1344.02 0.880916 0.00281492
1150.85 0.877002 0.00327502
1279.02 0.893485 0.00198671
1357.13 0.88525 0.00319492
1263.06 0.882681 0.00314515
1228.56 0.883546 0.0031143
1290.91 0.886885 0.00285443
1253.34 0.88182 0.00292205
1491.09 0.894863 0.00205196
1270.79 0.881155 0.003181
1235.91 0.886585 0.00287903
1371.72 0.875039 0.00304783
1226.64 0.880168 0.00304575
1285.57 0.875697 0.00313622
1205.1 0.887309 0.00313464
1238.02 0.880213 0.00302149
1265.04 0.880563 0.00313736
1222.14 0.881868 0.00289442
1405.13 0.877041 0.0029996
1170.05 0.887836 0.00182249
1133.28 0.880969 0.00317303
1368.46 0.884852 0.00314376
1521.69 0.892952 0.00191981
1389.91 0.881436 0.00287186
1242.6 0.881429 0.00277649
1195.63 0.87854 0.00315808
1145.25 0.884794 0.0031796
1190.36 0.883091 0.000253006
1252.38 0.880828 0.0031431
1349.35 0.873018 0.00297512
1388.73 0.883845 0.00319509
1337.59 0.884301 0.00322279
1264.31 0.878294 0.00301215
1191.08 0.882082 0.00303448
1362.98 0.879917 0.00299724
1290 0.880192 0.00294616
1505.92 0.882773 0.00326878
1268.7 0.880376 0.00308655
1258.2 0.876785 0.00308101
1376.68 0.883493 0.00284202
1287.8 0.876167 0.00297907
1240.17 0.879163 0.00304748
1303.57 0.880324 0.00287728
1272.14 0.882762 0.00300967
1279.06 0.881542 0.00290241
1222.17 0.882063 0.00304796
1446.5 0.868364 0.00299647
1502.66 0.882414 0.00302732
1184.99 0.878804 0.0030742
1238.97 0.884155 0.00306703
1220.69 0.88508 0.0030063
1372.41 0.88012 0.003027
1261.75 0.882374 0.00299276
1438.89 0.87888 0.00315796
1370.88 0.873984 0.0030484
1293.03 0.875262 0.00310623
1233.95 0.874735 0.00307322
1142.97 0.880234 0.00313211
1377.82 0.88872 0.00285378
1481.2 0.887126 0.00266937
1470.18 0.886459 0.0030016
1216.94 0.876286 0.00300238
1205.39 0.885956 0.0028191
1362.11 0.873079 0.00307744
1235.86 0.87922 0.00298147
1215.37 0.87792 0.00312268
1180.48 0.881953 0.00288829
1302.09 0.876899 0.00293201
1345.99 0.891456 0.00200842
1269.6 0.884261 0.00292418
1239.58 0.879046 0.00309809
1391.07 0.886898 0.00300187
1174.79 0.883535 0.00287714
1284.85 0.879738 0.00300796
1381.34 0.878675 0.00309044
1239.49 0.889755 0.00193017
1206.77 0.883064 0.00310937
1349.15 0.878268 0.00324592
1425.76 0.875128 0.00292148
1262.3 0.881921 0.00308802
1279.33 0.881219 0.00307309
1158.18 0.879557 0.00326971
1433.8 0.877315 0.00325894
1229.42 0.876209 0.00299604
1308.09 0.883537 0.00310478
1394.55 0.873449 0.00311221
1361.41 0.878491 0.00310472
1295.85 0.88775 0.00267077
1400.77 0.873116 0.0029465
1246.8 0.876296 0.00309311
1253.33 0.878678 0.00290772
1334.29 0.894385 0.00194707
1208.44 0.885757 0.00309665
1297.15 0.878594 0.00305028
1160.52 0.880467 0.00312315
1403.84 0.888246 0.00202176
1270.55 0.88152 0.00308685
1164.4 0.881854 0.00315176
1268.01 0.88558 0.00323129
1287.45 0.884924 0.00302801
1259.7 0.882363 0.00274365
1213.78 0.880334 0.00310267
1266.42 0.884037 0.00329558
1140.61 0.879155 0.00316523
1283.89 0.879254 0.00302775
1271.55 0.877199 0.00292593
1247.66 0.885034 0.00319173
1411.64 0.881008 0.00317034
1209.83 0.882928 0.00286735
1298.48 0.881875 0.0028483
1280.24 0.880911 0.00310183
1192.13 0.873749 0.00313712
1204.99 0.886543 0.00284298
1288.64 0.888755 0.0017625
1374.05 0.876113 0.00314322
1270.11 0.885922 0.00322244
1345.58 0.875535 0.00314328
1184.74 0.883627 0.00326836
1298.43 0.876576 0.00310577
1198.78 0.889759 0.00292406
1266.2 0.878742 0.00302176
1372.95 0.877817 0.00311737
1311.18 0.877517 0.0030883
1268.95 0.889397 0.00175446
1310.99 0.883291 0.00280272
1265.3 0.877971 0.00295622
1279.23 0.88074 0.00309067
1409.29 0.890893 0.0020307
1242.72 0.883761 0.00284533
1438.6 0.888601 0.00260661
1517.49 0.881398 0.00349723
1302.12 0.877198 0.00316938
1234.07 0.86903 0.00322947
1340.44 0.871666 0.00303464
1302.67 0.879527 0.00307608
1318.63 0.876643 0.00290197
1248.78 0.878931 0.00310328
1226.69 0.877578 0.00305621
1356.77 0.881061 0.00307097
1285.49 0.878429 0.00299411
1475.04 0.884718 0.00320892
1319.74 0.88349 0.00309672
1395.56 0.869267 0.00306358
1291.28 0.88421 0.00267949
1553.69 0.893048 0.00225197
1234.99 0.877214 0.00301737
1537.46 0.869181 0.00284409
1284.61 0.877443 0.00321221
1208.26 0.882544 0.00325554
1289.69 0.879669 0.00294258
1248.72 0.878203 0.00306537
1320.21 0.889904 0.0031456
1207.42 0.881071 0.00327382
1305.07 0.875805 0.000255658
1367.11 0.885464 0.00317715
1253.96 0.878293 0.0031154
1320.14 0.873288 0.000257055
1293.73 0.877414 0.00295959
1309.35 0.884917 0.00321417
1345.37 0.884486 0.000253171
1225.2 0.891856 0.000251447
1221.42 0.884888 0.00284056
1247.5 0.875165 0.00282135
1320.33 0.886816 0.00318124
1492.01 0.888794 0.00298368
1388.53 0.861348 0.000261504
1268.23 0.879463 0.00283517
1322.68 0.873177 0.00310942
1201.33 0.876669 0.00312873
1170.69 0.876485 0.00312081
1242.6 0.881736 0.00289382
1226.04 0.889582 0.00195951
1336.9 0.883426 0.00283352
1279.98 0.891674 0.00175491
1260.15 0.881429 0.00299572
1289.25 0.87979 0.00273798
1183.4 0.877629 0.00302017
1253.67 0.878447 0.00310069
1270.62 0.876506 0.00287443
1178.93 0.881276 0.00273925
1185.01 0.882289 0.0031107
1369.4 0.881846 0.00298654
1580.68 0.872815 0.00295009
1471.46 0.882503 0.00283486
1300.95 0.884113 0.00269139
1344.58 0.877321 0.00317692
1286.93 0.879421 0.00304615
1242.19 0.881178 0.0029692
1295.71 0.874353 0.00308534
1382.73 0.877722 0.0031033
1305.24 0.890472 0.00319209
1261.71 0.884626 0.00273271
1313.52 0.879567 0.00301155
1220.91 0.87839 0.00309361
1255.96 0.883512 0.00300741
1271.17 0.882694 0.00286314
1246.66 0.879992 0.00304405
1305.55 0.876651 0.00304614
1280.72 0.881298 0.00277608
1165.89 0.884789 0.00305948
1300.78 0.885797 0.00306919
1255.12 0.882534 0.00286691
1341.41 0.895557 0.00176956
1315.9 0.876805 0.00301479
1391.32 0.874221 0.00310569
1313.45 0.880568 0.00293633
1239.16 0.882425 0.00274084
1239.26 0.875373 0.00303724
1213.16 0.880389 0.00287543
1295.69 0.879227 0.00318561
1275.44 0.879426 0.00316538
1442.56 0.873186 0.00287567
1271.89 0.880386 0.00317745
1240.4 0.882144 0.00313468
1204.08 0.874239 0.00321158
1247.05 0.876368 0.00316271
1157.43 0.882125 0.00299869
1523.81 0.890108 0.00201335
1237.81 0.888631 0.00193253
1225.85 0.893213 0.00194764
1444.27 0.879087 0.0029994
1161.29 0.884868 0.00263213
1294.58 0.894821 0.00204661
1568.33 0.896164 0.00249881
1214.78 0.875053 0.00312328
1335.25 0.887471 0.00277264
1394.05 0.892214 0.0026815
1363.1 0.881444 0.00291215
1198.67 0.881285 0.00319456
1358.06 0.886767 0.00296999
1337.46 0.878175 0.00273405
1256.94 0.884154 0.00297581
1207.7 0.877907 0.00298211
1228.41 0.878622 0.00282975
1344.4 0.890085 0.00340617
1384.4 0.88758 0.00176349
1274.16 0.883985 0.00315739
1264.48 0.88199 0.00285783
1314.33 0.871354 0.00323046
1334.78 0.878767 0.00283514
1293.35 0.877537 0.00324272
1158.12 0.887699 0.00297572
1395.64 0.884066 0.00289644
1320.84 0.881545 0.00311012
1303.87 0.889707 0.0023892
1440.46 0.875601 0.00301762
1361.74 0.880886 0.002867
1205.98 0.876219 0.00305535
1253.02 0.874863 0.00317683
1193.48 0.884188 0.0030887
1169.14 0.891771 0.00190586
1139.09 0.883225 0.00310586
1165.83 0.879458 0.0032218
1264.29 0.885932 0.00284803
1299.54 0.878977 0.00328337
1283.82 0.876566 0.00315286
1317 0.878759 0.00327967
1276.05 0.884681 0.00325457
1258.13 0.8813 0.00320652
1395.6 0.876868 0.00294464
1318.17 0.878266 0.00317405
1227.89 0.87949 0.00302056
1332.82 0.881258 0.00317871
1379.4 0.875122 0.00300304
1468.11 0.880287 0.00308053
1338.85 0.89283 0.00205487
1359.03 0.877521 0.00300204
1408.63 0.877126 0.00299882
1197.06 0.877289 0.000255963
1318.15 0.870675 0.00313783
1451.89 0.876431 0.0032149
1408.23 0.891001 0.00233496
1311.36 0.86919 0.00305314
1464.41 0.880683 0.00309644
1336.37 0.878193 0.00320447
1279.5 0.878483 0.00310906
1354.31 0.883691 0.00298722
1388.01 0.880727 0.00290775
1242.08 0.880591 0.00295982
1187.84 0.883735 0.00305472
1234.48 0.877926 0.00297361
1209.73 0.883953 0.00286986
1316.55 0.892086 0.00325014
1195.95 0.875807 0.00310706
1261.77 0.882373 0.000253328
1601.5 0.888712 0.00259667
1185.24 0.870105 0.000257838
1258.34 0.871868 0.00313464
1318.11 0.886127 0.00291929
1301.49 0.886753 0.00309109
1295.56 0.880369 0.00326289
1206.71 0.878577 0.00298441
1350.95 0.874615 0.00319393
1362.87 0.875624 0.00295497
1240.66 0.878136 0.00316546
1357.82 0.86987 0.00306723
1380.54 0.885408 0.00286752
1268.52 0.881436 0.00314303
1242.26 0.878466 0.00298027
1254.38 0.888278 0.00268818
1334.92 0.888192 0.00210303
1251.46 0.871667 0.00311349
1275.29 0.879314 0.00309917
1431.01 0.884848 0.00279521
1263.07 0.882275 0.00293669
1241.6 0.878403 0.00298728
1396.76 0.886588 0.00295352
1402.82 0.882264 0.00321071
1254.8 0.879674 0.00297044
1260.98 0.881774 0.00315414
1311.17 0.873719 0.00321582
1297.13 0.881158 0.00333161
1464.73 0.872036 0.00315673
1311.22 0.879588 0.00301676
1393.61 0.879411 0.00300182
1383.17 0.872679 0.00319252
1328.23 0.883459 0.00304693
1319.94 0.882663 0.00297939
1538.77 0.893756 0.00198887
1261.16 0.873547 0.00315185
1325.92 0.87764 0.00310323
1121.11 0.875889 0.00310234
1311.02 0.8792 0.00298641
1284.83 0.877605 0.00314076
1374.11 0.882747 0.00291006
1306.15 0.878086 0.00292209
1414.01 0.872967 0.00290631
1202.64 0.883527 0.00293912
1288.87 0.875168 0.00308338
1272.36 0.882795 0.00291106
1372.46 0.873808 0.00295971
1297.94 0.883186 0.00297466
1310.44 0.889075 0.00179853
1314.98 0.886415 0.00284261
1701.74 0.88396 0.0025568
1296.97 0.885779 0.00312477
1182.82 0.876601 0.00291337
1309.97 0.880283 0.00314018
1246.56 0.88392 0.0030709
1278.79 0.880207 0.00297712
1397.72 0.875614 0.00319313
1243.18 0.879875 0.00275734
1225.82 0.878811 0.00305889
1357.54 0.871879 0.00318073
1320.19 0.876862 0.00303492
1270.4 0.884159 0.00289918
1183.67 0.875289 0.00291498
1159.6 0.880964 0.00309886
1426.96 0.89756 0.00200579
1152.63 0.869312 0.00327115
1249.18 0.879854 0.00307998
1154.41 0.883208 0.00296431
1237.08 0.880379 0.00278809
1466.39 0.885659 0.00199127
1222.69 0.878622 0.0032022
1343.44 0.883843 0.00298086
1438.45 0.881574 0.0025598
1224.37 0.877411 0.00320096
1220.13 0.880434 0.00268413
1420.51 0.884289 0.00285883
1328.67 0.885232 0.00291168
1318.51 0.875338 0.00275823
1551.5 0.889848 0.00201457
1241.32 0.876647 0.0030662
1228.3 0.88132 0.00299072
1441.42 0.878083 0.00309278
1217.88 0.880474 0.00309355
1324.92 0.87894 0.00301268
1249.6 0.876557 0.00307157
1164.11 0.883354 0.0032161
1227.1 0.877855 0.00332542
1137.77 0.886096 0.00198175
1254.52 0.881468 0.00311048
1302.84 0.872199 0.000256962
1228.55 0.882109 0.00294284
1444.71 0.883119 0.00313461
1280.1 0.876763 0.00310037
1284.42 0.880573 0.00284967
1300.93 0.884225 0.00284913
1221.59 0.87854 0.0030816
1309.14 0.877244 0.00291952
1436.44 0.878504 0.00299311
1354.36 0.88083 0.00323735
1268.63 0.883801 0.00285757
1347.48 0.879876 0.00290641
1313.36 0.880946 0.00303862
1532.7 0.871712 0.0031568
1226.88 0.879716 0.00298629
1217.79 0.877881 0.00308313
1332.14 0.881804 0.0031333
1114.62 0.882022 0.00307839
1375.31 0.876423 0.00297824
1335.18 0.88063 0.0027266
1245.29 0.880913 0.00291674
1229.81 0.872414 0.00309708
1419.29 0.878099 0.00286268
1301.46 0.880958 0.00292093
1295.72 0.879384 0.00274705
1366.19 0.885483 0.00299831
1294.13 0.883106 0.00292986
1276.3 0.883105 0.00307395
1300.77 0.884196 0.00284199
1431.05 0.869716 0.0031622
1193.1 0.877703 0.00306562
1402.77 0.88061 0.00279166
1383.32 0.876137 0.00333312
1245.85 0.879972 0.00309809
1226.2 0.877141 0.00299288
1230.14 0.885447 0.00304126
1335.93 0.870565 0.00314432
1246.71 0.882039 0.00295289
1147.63 0.885521 0.00341345
1260.64 0.886289 0.00198254
1195.02 0.875616 0.00284032
1245.56 0.884844 0.00328717
1161.64 0.885098 0.00301049
1215.39 0.884399 0.00295167
1557.56 0.879605 0.00324193
1292.03 0.8848 0.00299095
1191.39 0.883127 0.00279933
1273.43 0.878391 0.00306575
1194.11 0.8803 0.00309956
1267.48 0.878719 0.00305381
1371.42 0.893596 0.00196031
1364.51 0.885448 0.00286211
1352.42 0.876279 0.00302499
1263.46 0.885752 0.00285307
1176.52 0.875747 0.00312168
1369.61 0.881611 0.00309466
1302.8 0.879932 0.00282201
1218.21 0.875639 0.00316803
1343.41 0.880824 0.00316229
1324.54 0.878789 0.00320402
1235.72 0.875516 0.00311092
1217.19 0.882264 0.00299538
1341.18 0.878516 0.003128
1206.16 0.876288 0.00317031
1239.01 0.886338 0.00334055
1293.81 0.884624 0.00307153
1223.8 0.878065 0.00307915
1335.81 0.887574 0.00259347
1322.42 0.880631 0.00320436
1221.63 0.878812 0.00297111
1342.34 0.887673 0.00212583
1252.74 0.880108 0.0031869
1314.04 0.881261 0.00258757
1270.69 0.881921 0.000253809
1202.79 0.885434 0.000253308
1199.94 0.881743 0.00319245
1264.29 0.874787 0.00315325
1176.77 0.888696 0.00284636
1250.97 0.881418 0.00292699
1326.24 0.885723 0.00311065
1393.21 0.885122 0.00283262
1231.24 0.884929 0.00326351
1325.29 0.877936 0.00298581
1344.12 0.871214 0.00307362
1265.8 0.889427 0.00293457
1268.62 0.879974 0.00277869
1311.2 0.880915 0.00308623
1271.51 0.889225 0.0018974
1211.88 0.879718 0.00313063
1392.08 0.895648 0.00171485
1265.68 0.88397 0.00277941
1239.87 0.870945 0.00293913
1338.72 0.883547 0.00297408
1359.16 0.879349 0.00331734
1418.79 0.879536 0.00276692
1290.45 0.884335 0.00314825
1271.68 0.881139 0.00303679
1221.41 0.878141 0.00319571
1292.19 0.890569 0.00211265
1109.47 0.881598 0.00277806
1521.53 0.87364 0.0031147
1251.76 0.878901 0.00320934
1388.57 0.887485 0.00280987
1114.23 0.877451 0.00295324
1248.46 0.882856 0.00305925
1285.12 0.881494 0.00301274
1330.68 0.884064 0.00295447
1327.05 0.886348 0.00203099
1335.28 0.877175 0.00298391
1199.35 0.879003 0.00313996
1347.73 0.880916 0.00280504
1223.74 0.885731 0.0031892
1206.22 0.888063 0.00309854
1318.07 0.88308 0.000253502
1307.19 0.869481 0.0030386
1219.59 0.876512 0.00294619
1126.54 0.876023 0.00298092
1250.23 0.882479 0.0029712
1264.73 0.881964 0.00318363
1261.43 0.859708 0.000261158
1329.21 0.871914 0.00312802
1389.68 0.878625 0.00311431
1272.41 0.879769 0.00301434
1359.39 0.870264 0.00271632
1403.4 0.880018 0.00285007
1321.48 0.878562 0.00287545
1183.92 0.884276 0.00312258
1300.64 0.885648 0.00278359
1304.02 0.876095 0.00297069
1243.62 0.879587 0.00313734
1209.25 0.879751 0.00307827
1272.59 0.879126 0.00298229
1367.33 0.873484 0.00294867
1227.02 0.884024 0.00322968
1258.4 0.879124 0.00287845
1186.82 0.884354 0.00298897
1274.32 0.888267 0.00299415
1188.3 0.884343 0.00313186
1169.05 0.881065 0.00315814
1252.14 0.877647 0.0029
1359.22 0.883339 0.00250637
1423.68 0.886919 0.00290647
1417.94 0.871233 0.00309194
1222.71 0.886253 0.00296526
1335.55 0.884051 0.00272366
1401.31 0.878961 0.00307354
1355.77 0.884077 0.00220732
1295.71 0.880123 0.00310179
1316.03 0.88163 0.00282622
1186.71 0.878695 0.000255388
1315.26 0.883012 0.0028989
1418.99 0.871029 0.00297494
1127.15 0.877603 0.00295963
1134.76 0.886073 0.00310716
1824.61 0.8729 0.0030525
1380.22 0.885757 0.00277455
1401.83 0.880588 0.00311573
1416.2 0.875043 0.00264466
1274.85 0.880945 0.00298655
1345.64 0.88836 0.00188728
1244.23 0.884848 0.00295297
1630.81 0.867971 0.00312727
1221.17 0.882405 0.00314528
1281.88 0.880937 0.00297698
1381.33 0.883092 0.00277807
1267.61 0.878749 0.00258462
1398.82 0.881883 0.003091
1199.12 0.884915 0.00291639
1157.76 0.881064 0.00305101
1266.51 0.885911 0.00214492
1300.89 0.877632 0.0031511
1382.49 0.875651 0.00315207
1221.14 0.884816 0.00273268
1345.85 0.868706 0.00300945
1218.6 0.876253 0.00317459
1629.47 0.895514 0.00225262
1490.28 0.874722 0.00292773
1315.51 0.874174 0.0031057
1430.67 0.877593 0.00312674
1264.53 0.894278 0.00184148
1506.48 0.881199 0.00324789
1228.84 0.884482 0.00319066
1255.07 0.879997 0.00297381
1225.08 0.882615 0.00301045
1381.5 0.870865 0.0030718
1251.25 0.878991 0.00292188
1245.27 0.881093 0.00313259
1229.32 0.883196 0.00325132
1130.03 0.881287 0.00285163
1197.12 0.879659 0.00297349
1179.79 0.8828 0.0030691
1380.02 0.892139 0.00179942
1302.61 0.88277 0.00303747
1391.1 0.875732 0.00310873
1247.62 0.881291 0.00306512
1183.63 0.877162 0.00296423
1209.98 0.885006 0.00276591
1227.45 0.88306 0.00299069
1124.32 0.882665 0.00302506
1180.37 0.884662 0.00317636
1232.72 0.875706 0.00308393
1210.69 0.886671 0.00280581
1276 0.879973 0.00313086
1262.23 0.883078 0.00295892
1322.74 0.874803 0.00313952
1516.44 0.876693 0.00320662
1282.19 0.879435 0.00302095
1161.62 0.879646 0.00305011
1214.86 0.878011 0.00305311
1390.6 0.879782 0.0027248
1199.81 0.879022 0.00298494
1217.91 0.879434 0.00310336
1270.22 0.889138 0.00184168
1312.44 0.875213 0.00324446
1217.77 0.880242 0.00299039
1168.51 0.878338 0.000254752
1303.84 0.88072 0.00298764
1302.91 0.877956 0.00290772
1284.57 0.886463 0.00305937
1286.91 0.891056 0.00190545
1178.42 0.882345 0.00304225
1273.61 0.884122 0.00296567
1395.16 0.867705 0.00306995
1454.26 0.876829 0.00296922
1361.12 0.88817 0.00242294
1256.28 0.872405 0.00303092
1188.77 0.880241 0.00301223
1261.95 0.879586 0.00314431
1263.32 0.877351 0.00305162
1211.69 0.885291 0.00322465
1326.83 0.878898 0.00332651
1176.98 0.886351 0.0029875
1397.83 0.868466 0.00302718
1259.15 0.876128 0.0031277
1373.75 0.876462 0.00315529
1213.12 0.881925 0.00313119
1121.32 0.886506 0.00193997
1746.11 0.882459 0.0033321
1333.91 0.874248 0.00301734
1403.08 0.886424 0.00211972
1229.33 0.87791 0.00278647
1149.38 0.880925 0.00308553
1270.04 0.880027 0.00308233
1294.17 0.879935 0.00307241
1170.48 0.891988 0.00199216
1246.13 0.875871 0.0031651
1277.21 0.877554 0.00307462
1237.92 0.886414 0.00295278
1237.19 0.876835 0.00299276
1139.85 0.881886 0.00292628
1315.56 0.884807 0.00298956
1175.93 0.885968 0.000253323
1343.89 0.875895 0.00301369
1351.12 0.878829 0.00294345
1482.79 0.874361 0.00307391
1210.37 0.88099 0.00305503
1349.4 0.884152 0.00295542
1231.68 0.886687 0.00295024
1212.32 0.885283 0.00296499
1279.92 0.879815 0.00306838
1142.94 0.877001 0.00310517
1239.73 0.881768 0.00319633
1271.55 0.880055 0.00331243
1276.24 0.875154 0.00296321
1260.24 0.884881 0.00285593
1266.61 0.881452 0.00313088
1272.44 0.87705 0.00318443
1286.61 0.8796 0.00314695
1278.35 0.876695 0.00319778
1243.87 0.874118 0.00315496
1276.86 0.881341 0.00261221
1233.58 0.882152 0.0030075
1220.88 0.873494 0.00315553
1231.47 0.873483 0.00306265
1252.17 0.87766 0.00297562
1274.9 0.881851 0.00261707
1225.72 0.877417 0.00300556
1343.96 0.873905 0.00322214
1259.5 0.883376 0.00274905
1415.52 0.876668 0.00256277
1219.24 0.881954 0.00300332
1203.78 0.889334 0.00183293
1231.57 0.884843 0.00316594
1214.5 0.874962 0.00318195
1237.48 0.878837 0.00300714
1229.26 0.877352 0.00025534
1240.78 0.88572 0.00290322
1184.55 0.88022 0.00294726
1255.15 0.875974 0.00322827
1248.6 0.878655 0.00304937
1395.73 0.875508 0.0027469
1292.72 0.880012 0.00299398
1238.01 0.869468 0.000258283
1263.34 0.880965 0.00350527
1337.47 0.88059 0.00297767
1411.2 0.87629 0.00308251
1172.11 0.881781 0.00299019
1194.27 0.882245 0.00306769
1268.61 0.875245 0.00300003
1213.89 0.877924 0.00308067
1264.58 0.879352 0.00285986
1433.62 0.874738 0.00328363
1233.37 0.883063 0.00292746
1175.43 0.883405 0.00295902
1508.19 0.893707 0.00178046
1442.75 0.868606 0.00306316
1208.36 0.868086 0.000258532
1180.23 0.879863 0.00305277
1241.24 0.883137 0.00270677
1354.65 0.892732 0.00212771
1286.97 0.885998 0.00299872
1338.95 0.88378 0.00313542
1385.86 0.883089 0.00282926
1135.7 0.877613 0.00303807
1222.37 0.879988 0.00300895
1409.1 0.878259 0.00318983
1372.61 0.873563 0.00316223
1277.21 0.881433 0.00281482
1534.23 0.880846 0.00291506
1203.16 0.882077 0.00299072
1319.47 0.889635 0.00196338
1290.5 0.877994 0.00324689
1362.93 0.878434 0.00284378
1380.53 0.876609 0.00314287
