1803.5 0.891373 0.00106307
1547.47 0.892272 0.0009818
1554.63 0.889595 0.000874574
1798.48 0.889618 0.000769031
1588.14 0.890036 0.00103365
2102.36 0.884059 0.00154362
1518.57 0.891976 0.000799428
1789.57 0.898947 0.00103369
1524.23 0.891707 0.0010557
1625.92 0.894539 0.000999962
1835.56 0.892663 0.000837594
1725.75 0.893927 0.00102904
1553.83 0.887733 0.000611942
1558.8 0.892536 0.000969817
1543.06 0.891383 0.00103254
1677.52 0.889834 0.000717928
1445.59 0.895329 0.00105193
1660.68 0.895049 0.00108658
1561.54 0.889444 0.000869135
1556.29 0.89096 0.000781872
1578.52 0.892703 0.000985769
1449.86 0.891111 0.000983148
1668.92 0.895162 0.000660819
1511.53 0.892715 0.000943539
1668.24 0.890204 0.00102678
1865.99 0.8925 0.000900565
1539.18 0.894578 0.00103773
1537.88 0.890226 0.000966152
1564.59 0.893544 0.000913443
1611.16 0.896194 0.000924733
1816.48 0.892559 0.00109358
1612.56 0.889148 0.000978883
1585.3 0.890861 0.0010169
1488.73 0.89104 0.00101781
1494.54 0.888264 0.00109099
1676.25 0.890234 0.000878446
1570.99 0.895682 0.00102141
1532.34 0.896342 0.000996214
1649.88 0.895534 0.00104301
1779.54 0.894265 0.000797304
1596.93 0.896122 0.00100348
1760.22 0.888772 0.000801641
1526.95 0.895323 0.00108337
1729.27 0.892626 0.000856851
1712.24 0.897752 0.00103027
1732.65 0.897266 0.00101949
1636.54 0.887496 0.00113724
1538.23 0.893722 0.00110594
1589.38 0.893868 0.000894219
1757.9 0.892508 0.000901263
1570.36 0.892606 0.00109771
1500.77 0.894697 0.000983734
1847.42 0.890213 0.00111739
1755.14 0.890913 0.00107022
1539.94 0.892577 0.00100627
1792.59 0.888639 0.000825925
1699.44 0.883448 0.00167478
1650.35 0.891172 0.000830863
1815.6 0.884453 0.0016193
1768.07 0.889618 0.000821995
1683.56 0.894253 0.00101645
1546.96 0.893725 0.00102231
1814.18 0.88947 0.000713345
1585.87 0.889548 0.000897675
1664.14 0.89228 0.00105924
1818.3 0.891229 0.000951779
1482.43 0.893286 0.00102445
1592.71 0.892365 0.000835468
1518.96 0.89332 0.000986822
1485.61 0.894976 0.00108083
1470.85 0.895771 0.000987061
1585.1 0.893393 0.00103066
1517.45 0.892646 0.0010101
1444.43 0.892705 0.000949557
1635.66 0.893672 0.0011732
1604.79 0.89568 0.00104234
1620.57 0.895248 0.000927107
1554.25 0.89458 0.00104855
1572.87 0.894653 0.00101711
1604.47 0.892141 0.000997587
1725.95 0.891432 0.00087821
1741.94 0.891631 0.00102827
1523.16 0.89267 0.001148
1594.35 0.894626 0.00107041
1596 0.891763 0.00102683
1739.4 0.896548 0.000787678
1495.71 0.887796 0.000842688
1671.44 0.889868 0.00113925
1590.95 0.897857 0.00109346
1715.18 0.887973 0.00101907
1718.7 0.890697 0.000871347
1567.97 0.890829 0.00102116
1574.9 0.898119 0.000946146
1563.76 0.891122 0.00102
1828.24 0.898705 0.00114234
1740.31 0.894963 0.000999051
1734.94 0.888414 0.00079052
1517.38 0.879928 0.00148969
1670.07 0.894275 0.000905188
1808.45 0.892922 0.00105155
1819.99 0.888202 0.000919204
1528.86 0.889934 0.000830504
1641.28 0.894035 0.000908997
1568.09 0.894496 0.00098868
1804.35 0.892933 0.000961774
1530.47 0.894622 0.0010027
1487.78 0.89206 0.000807401
1716.65 0.89478 0.000766541
1532.21 0.890019 0.000688356
1691.23 0.890042 0.000956768
1420.38 0.894481 0.000966263
1666.93 0.894194 0.00107764
1503.89 0.895382 0.00111293
1806.32 0.881219 0.00160759
1677.99 0.892246 0.000848686
1589.14 0.89067 0.00102086
1612.12 0.896809 0.000987257
1672.48 0.895451 0.000858784
1963.9 0.891815 0.000747523
1634.26 0.897483 0.0010473
1506.03 0.893885 0.000790395
1569.09 0.892501 0.00103892
1673.11 0.890588 0.000968455
1629.03 0.891112 0.00071622
1628.08 0.896223 0.00106095
1716.67 0.895971 0.000852714
1989.49 0.891491 0.000938081
1603.13 0.892301 0.00111184
1593.06 0.893948 0.000833458
1670.73 0.889387 0.000918594
1563.15 0.892514 0.00101493
1388.79 0.891832 0.00101334
1675.54 0.896259 0.000933014
1508.18 0.894441 0.00106885
1627.11 0.896403 0.000987311
1857.81 0.881873 0.00162273
1527.49 0.896354 0.000930916
1583.81 0.893482 0.00107067
1599.92 0.889065 0.00102679
1796.55 0.892709 0.00079185
1530.78 0.895797 0.00103599
1680.44 0.89414 0.00106619
1629.55 0.893994 0.00107063
2019.5 0.886439 0.00156027
1547.77 0.891861 0.00096404
1608.77 0.890287 0.00100462
1845.62 0.888396 0.00104961
1593.12 0.891812 0.00100649
2014.39 0.892648 0.000860538
1909.17 0.891976 0.000909934
1664.88 0.891919 0.000832348
1494.24 0.889323 0.000850673
1534.67 0.896648 0.000991329
1601.27 0.897963 0.00105184
1539.9 0.893966 0.000760882
1552.69 0.893806 0.00108524
1637.31 0.891063 0.000989346
1496.44 0.894198 0.00104648
1588.13 0.893891 0.00101435
1451.14 0.893295 0.00104553
1768.04 0.896436 0.0011008
1897 0.892465 0.000657717
1649.53 0.895707 0.000978803
1686.44 0.889987 0.00078951
1550.58 0.894005 0.000733031
1748.23 0.89061 0.000938853
1621.38 0.890179 0.000832722
1481.86 0.89406 0.0010347
1632.83 0.89052 0.00102053
1778.92 0.882224 0.0012525
1890.14 0.891384 0.00093671
1502.67 0.893794 0.00107257
1876.22 0.887889 0.000833685
1573.53 0.895026 0.000911275
1675.63 0.893616 0.000895062
1550.97 0.894754 0.00112481
1512.07 0.890895 0.00079434
1606.88 0.892887 0.000903525
1493.14 0.893542 0.00100282
1502.99 0.893034 0.000944891
1540.8 0.895488 0.00111377
1643.9 0.891435 0.000873072
1782.35 0.893067 0.00100102
1584.29 0.889857 0.000859332
1660.44 0.896794 0.00100459
1637.55 0.89426 0.000899737
1705.89 0.892793 0.00108848
1651.99 0.888851 0.000787042
1604.54 0.893362 0.000855839
1711.12 0.894541 0.000773218
1545.61 0.891829 0.00104075
1597.9 0.892595 0.00102292
1769.66 0.8941 0.000863029
1541.18 0.893278 0.000896939
1830.06 0.894783 0.000890233
1648.75 0.89658 0.00101971
1964.75 0.894139 0.000875682
1681.42 0.892421 0.000936317
1689.1 0.890065 0.000827128
1548.62 0.892649 0.000886291
1676.72 0.891624 0.0010949
1679.68 0.892895 0.00101074
1629.33 0.894375 0.000861408
1525.25 0.888889 0.000812021
1923.75 0.888898 0.00101493
1608.92 0.892141 0.00099182
1653.96 0.890042 0.000875207
1922.37 0.882197 0.00160032
1586.95 0.893343 0.000979142
1842.55 0.889064 0.000838286
1599.74 0.893176 0.0010038
1522.95 0.893845 0.000849553
1846.44 0.890438 0.00101235
1566.21 0.888606 0.536033
1568.02 0.89315 0.00101829
1797 0.891842 0.000964387
1726.82 0.89418 0.00101165
1596.82 0.893734 0.0010346
1523.99 0.87783 0.00100736
1723.78 0.896006 0.00103535
1532.48 0.89052 0.000736614
2031.94 0.887271 0.000829864
1523.95 0.894856 0.00103772
1667.24 0.89487 0.00104784
2013.78 0.893116 0.0009864
1460.86 0.89312 0.00104432
2097.88 0.887866 0.000843783
1475.02 0.893891 0.00103457
1483.87 0.890725 0.000850556
1734.97 0.894348 0.000962478
1814.61 0.89045 0.000715351
1567.17 0.892558 0.0010242
1700.39 0.889287 0.000788813
1473.29 0.894078 0.0009653
1499.64 0.891833 0.00109013
1511.95 0.892914 0.00104874
1761.29 0.894769 0.000920074
1553.52 0.889752 0.000789819
1658.37 0.890195 0.000970267
1490.39 0.890636 0.000879067
1639.34 0.885769 0.000845458
1870.26 0.895883 0.00075329
1613.07 0.89246 0.000945249
1762.86 0.892805 0.00104205
2238.03 0.889163 0.00128322
1499.36 0.889392 0.00105861
1551.28 0.877916 0.00169485
1504.59 0.889825 0.000849572
1586.12 0.892799 0.0010825
1629.49 0.893113 0.00098929
1594.15 0.89201 0.00091562
1586.87 0.890665 0.0010284
1614.76 0.890405 0.00105786
1507.32 0.892097 0.000871844
1591.12 0.890319 0.000854446
1694.99 0.891924 0.00101496
1664.82 0.896225 0.00102303
1764.37 0.887994 0.00100469
1489.93 0.891504 0.000967618
1564.06 0.891705 0.000889678
1683.97 0.891097 0.00105669
1778.82 0.891116 0.00103367
1820.82 0.888847 0.00100078
1624.77 0.894034 0.000858785
1673.41 0.89137 0.000955942
1592.13 0.891239 0.00092473
1989.46 0.890519 0.00102827
1672 0.889114 0.000990147
1571.76 0.890326 0.00106773
1809.09 0.886806 0.000839324
1578.57 0.895535 0.00104539
1552.98 0.889251 0.000840031
1593.16 0.897462 0.000841433
1496.59 0.893349 0.000993275
1559.72 0.892658 0.00109603
1823.53 0.882269 0.00157263
1483.41 0.892073 0.000882332
1537.02 0.892716 0.00105138
1747.11 0.892682 0.000736299
1928.2 0.88743 0.000823998
1570.56 0.891911 0.0010614
1603.58 0.893528 0.00105266
1707.21 0.892963 0.00107814
1653.04 0.888307 0.000757651
1774.79 0.890926 0.000768865
1628.21 0.892244 0.00103592
1419.49 0.892372 0.00102648
1708.54 0.89377 0.00106646
1428.63 0.892229 0.0009799
1733.73 0.886466 0.00149474
1535.19 0.890493 0.00098688
1694.8 0.897948 0.000918185
1537.25 0.889233 0.00100214
1569.81 0.892618 0.000811621
1592.15 0.89415 0.000832864
1626.31 0.891083 0.000924922
1857.73 0.893897 0.000958439
1830.98 0.890112 0.000963513
1654.84 0.895517 0.00084122
1637.89 0.890854 0.000980408
1710.37 0.89212 0.000714315
1536.44 0.883037 0.00171336
1646.55 0.891995 0.000775114
1594.54 0.892061 0.000824324
2100.11 0.891849 0.000824466
1411.42 0.892955 0.00105103
1575.72 0.896078 0.00105218
1703.83 0.89703 0.00103929
1951.77 0.882519 0.00163774
1522.88 0.894155 0.000992476
2227.6 0.889891 0.000798872
1589.49 0.892257 0.000878226
2104.99 0.887622 0.000654936
1598.65 0.885267 0.00105603
1916.95 0.890849 0.000947394
1570.97 0.896371 0.000970075
1683.88 0.894442 0.000825852
1520.31 0.889538 0.000837251
1619.27 0.891238 0.00102248
1532.06 0.893804 0.000864489
1653.45 0.896046 0.000946504
1613.19 0.89176 0.000970792
1613.18 0.89475 0.00079927
1592.93 0.888889 0.000846391
1526.97 0.892051 0.00105836
1688.41 0.892474 0.00101265
1570.21 0.889759 0.00102235
1567.41 0.89118 0.000892409
1497.64 0.89256 0.0010785
1763.84 0.890153 0.00104443
1659.01 0.896454 0.00107598
1436.43 0.895366 0.000828805
1538.38 0.891808 0.00100637
1461.07 0.896439 0.00105663
1505.55 0.890783 0.000705993
1569.01 0.892822 0.00106812
1654.47 0.895264 0.000929885
1744.91 0.893451 0.00128236
1567.14 0.891473 0.00076017
1440.81 0.89353 0.00113796
1546.17 0.893908 0.000770148
1853.2 0.893236 0.000717668
1672.53 0.888937 0.00085559
1485.46 0.89686 0.000986609
1776.28 0.889258 0.000884649
1579.52 0.895468 0.00102226
1581.86 0.890766 0.000927359
1515.99 0.892691 0.000636518
1567.11 0.89208 0.00103866
1527.99 0.887665 0.000859835
1576.29 0.892681 0.0010852
1514.74 0.889992 0.00101771
1526.14 0.893871 0.00103263
1756.29 0.89192 0.000915224
1779.53 0.893301 0.000759134
1547.25 0.891106 0.00100145
1546.54 0.890866 0.000997537
1955.73 0.897064 0.0010456
2192.9 0.888807 0.000813184
1630.68 0.894434 0.00109066
1544.53 0.888714 0.000817057
1910.53 0.885972 0.000842571
1720.82 0.868085 0.00113939
1778.99 0.890491 0.00098977
1560.61 0.895632 0.000924108
1647.89 0.882805 0.00166745
1634.89 0.892244 0.00108813
1561.64 0.894796 0.00105291
1888.08 0.892388 0.000839329
1745.19 0.891637 0.000685655
1671.35 0.893017 0.000911022
1446.06 0.881425 0.00125756
1477.66 0.894939 0.00104842
1621.74 0.892714 0.000743065
1725.83 0.895999 0.000880326
1682.47 0.893708 0.000708902
1531.34 0.890176 0.000818876
1611.2 0.896397 0.000888508
1503.39 0.893567 0.000977467
1499.7 0.893685 0.00106367
1582.11 0.893252 0.000935878
1733.23 0.891721 0.000765156
1438.9 0.89028 0.00111302
1626.52 0.894708 0.00107097
1454.05 0.881546 0.0010406
1592.36 0.896352 0.00104093
1531.17 0.89479 0.00101697
1440.61 0.885004 0.00117379
1535.32 0.885891 0.001012
1602.13 0.892941 0.0010124
1527.65 0.890266 0.000889801
1536.05 0.894784 0.00101733
1513.93 0.89242 0.0010775
1516.01 0.890449 0.000996403
1523.25 0.893615 0.000993046
1562.9 0.891813 0.000948919
1482.73 0.888894 0.00103074
1537.3 0.898586 0.00101828
1672.52 0.888772 0.000942729
1511.48 0.890208 0.00105957
1564.62 0.8932 0.000974895
1667.09 0.894848 0.00107898
1743.08 0.896979 0.000847386
1561.82 0.893431 0.000827773
1561.95 0.890485 0.00083588
1696.65 0.895703 0.000724183
1595.82 0.895718 0.000987715
1572.93 0.892922 0.00104487
1649.66 0.886343 0.00173176
1582.32 0.893214 0.000974637
1927.53 0.898832 0.00105707
1672.53 0.892262 0.00106514
1715.31 0.889897 0.000911091
1500.82 0.895947 0.000870454
1610.13 0.891669 0.000927842
1519.2 0.894527 0.000697365
1646.95 0.885222 0.00133359
1495.95 0.894664 0.00102961
1606.01 0.893708 0.00102237
1730.93 0.891129 0.000909592
1545.81 0.893219 0.00110872
1379.73 0.892907 0.00102524
1646.91 0.89235 0.00089231
1569.54 0.894119 0.00109908
1602.65 0.893121 0.00101884
1647.22 0.899393 0.000929969
1424.8 0.895138 0.00107388
1629.08 0.894668 0.000997601
1618.04 0.885826 0.00182217
1513.12 0.878648 0.00169558
1682.83 0.896992 0.00106582
1628.97 0.894328 0.00104643
1483.25 0.888257 0.00102533
1663.87 0.891588 0.000990092
1718.55 0.894202 0.0010337
1567.75 0.87947 0.00176331
1653.04 0.89394 0.00102782
1504.12 0.889942 0.00090002
1440.67 0.890571 0.00090674
2425.35 0.887994 0.000627903
1784.98 0.891698 0.000712843
1547.16 0.891929 0.000684927
1689.83 0.889038 0.000821619
1736.75 0.895341 0.00102684
1637.23 0.892475 0.00110582
1613.61 0.892791 0.00098079
1663.22 0.893332 0.000812675
1718.47 0.890113 0.000817873
1634.35 0.892628 0.000981085
1819.83 0.886111 0.000826678
1944.91 0.892094 0.000725285
1641.87 0.890152 0.000997096
1496.73 0.893763 0.00104566
1480.16 0.892004 0.000943004
1676.31 0.891098 0.00107237
1549.52 0.894177 0.000833023
1506.6 0.894493 0.00104206
1453.64 0.896041 0.00106078
1560.92 0.89148 0.0010348
1501.25 0.884501 0.0017945
1807.36 0.889528 0.53636
1549.5 0.890023 0.000957717
1791.13 0.894975 0.000747976
1706.47 0.892426 0.000795353
1647.62 0.892138 0.000927991
1506.49 0.893512 0.00105891
1616.59 0.893065 0.000972778
1522.7 0.89365 0.00102417
1515.14 0.897293 0.0010742
1673.55 0.893152 0.00106118
1592.32 0.89018 0.00113333
1745.75 0.890197 0.000933129
1671.47 0.890636 0.00101164
1655.03 0.890302 0.000788301
1774.56 0.887355 0.000836999
1512.02 0.893515 0.000932687
1680.77 0.887439 0.00158823
1575.72 0.89371 0.00109167
1600.4 0.891693 0.0010268
1526.85 0.891419 0.000954763
1804.77 0.893973 0.000968051
1699.48 0.888104 0.000810344
1549.38 0.897708 0.000780508
1524.19 0.888761 0.000833221
1556.94 0.893866 0.000976557
1669.98 0.889667 0.00103418
1554.4 0.894892 0.00102818
1559.22 0.892104 0.000802536
1570.33 0.891129 0.000810588
1629.26 0.891805 0.00102749
1687.04 0.892417 0.00100333
1580.82 0.891097 0.000880489
1706.25 0.895406 0.000753296
1618.19 0.888962 0.00101067
1797.3 0.900451 0.00107738
1594.7 0.889066 0.000850578
1707.84 0.894051 0.000929539
1590.19 0.890976 0.00101772
1616.37 0.89524 0.000856349
1607.02 0.890833 0.00105582
1565.41 0.891997 0.000802088
1756.43 0.894679 0.000973022
1480.75 0.893259 0.0010497
1614.89 0.893247 0.00104048
1499.6 0.892869 0.000930172
1442.92 0.891311 0.00102839
1411.94 0.890724 0.000727776
1524.96 0.894258 0.00104388
1589.74 0.892848 0.000848098
1552.96 0.891008 0.000807061
1556.23 0.889587 0.00102828
1567.82 0.895864 0.00102944
1697.94 0.893278 0.000968265
1599.59 0.895138 0.000978919
1448.33 0.878826 0.00173732
1593.65 0.892709 0.0008092
1634.83 0.892339 0.000820291
1954.8 0.888402 0.00102315
1579.5 0.893249 0.00106569
1557.85 0.893483 0.00105759
1517.75 0.892766 0.0011422
1723.34 0.888051 0.000854397
1523.22 0.891668 0.00102614
1722.59 0.896055 0.00101441
1534.63 0.893357 0.00104367
1601.93 0.894487 0.00106747
1508.46 0.895473 0.00104286
1525.71 0.895066 0.00110142
1822.6 0.888121 0.000847349
1597.72 0.894156 0.00109699
1906.24 0.888687 0.000855757
1528.74 0.894571 0.000964558
1594.12 0.894808 0.00105559
1551.81 0.891507 0.00103379
1686.65 0.894465 0.000808923
1605.39 0.896352 0.000760364
1767.91 0.892475 0.000847578
1633.58 0.893973 0.00104554
1765.56 0.888302 0.000754126
1636.13 0.893753 0.000928126
1555.02 0.892632 0.00104716
1545.76 0.89418 0.00103646
1912.8 0.891085 0.000886139
2046.51 0.889748 0.00059754
1671.66 0.883086 0.00131787
1567.75 0.891401 0.000996008
1540.46 0.890209 0.0008317
1584.67 0.893624 0.0010822
1964.62 0.892102 0.000866653
1804.53 0.890818 0.000784358
1441.91 0.892177 0.00104383
1627.92 0.893567 0.00107767
1569.74 0.893085 0.00106383
1592.57 0.893308 0.000959202
1620.41 0.889091 0.000970458
1850.87 0.895521 0.000847776
1475.42 0.894001 0.0010908
1653.72 0.896074 0.000907359
1532.15 0.89407 0.00105776
1583.64 0.890562 0.000960563
1786.98 0.891947 0.0010199
1584.45 0.891287 0.000602007
1642 0.895261 0.00107024
1683.45 0.883198 0.00170173
1679.59 0.889258 0.000710385
1710.19 0.891047 0.000842007
1480.7 0.878814 0.00155978
1420.97 0.893773 0.00102593
1595.46 0.890087 0.000964391
1661.13 0.892579 0.00106581
1679.72 0.896641 0.000999604
1467.04 0.893304 0.000874164
1725.99 0.893245 0.0008385
1543.17 0.896027 0.00110293
1637.62 0.891468 0.000881102
1706.25 0.892816 0.000981368
1663.9 0.891911 0.000798353
1607.25 0.890197 0.00102261
1949.62 0.891201 0.000798956
1509.98 0.891561 0.00103991
1810.61 0.894995 0.00107711
1460.36 0.893461 0.00108617
1626.17 0.887748 0.000802831
1643.48 0.891567 0.000896178
1575.04 0.893104 0.000991847
1606.68 0.893791 0.00102366
1588.52 0.894629 0.00105625
1542.86 0.878567 0.00180526
1774.49 0.895305 0.00105982
1702.35 0.887662 0.000972557
1544.73 0.894588 0.00104208
1603.91 0.895818 0.00067637
1803.36 0.895378 0.000977134
1598.63 0.896884 0.00107276
1437.62 0.894176 0.00107765
1611.49 0.888268 0.535914
1546.86 0.875303 0.00196672
1625.94 0.892923 0.000986447
1614.94 0.880873 0.00113004
1879.17 0.890358 0.00100618
1502.74 0.895754 0.000882185
1531.21 0.89042 0.000964915
1659.47 0.893108 0.000904272
1672.86 0.889602 0.000842791
1574.81 0.893014 0.00107436
1536.78 0.893076 0.000972401
1382.55 0.891084 0.000941172
1732.22 0.889972 0.000829449
1723.97 0.893108 0.000662461
1730.66 0.890703 0.00095749
1653.7 0.886235 0.00154311
1585.21 0.893863 0.00103693
1647.48 0.892347 0.000960585
1741.71 0.89262 0.000917941
1473.55 0.891365 0.0010618
1627 0.892041 0.00091758
1374 0.880845 0.00126064
1626.45 0.895851 0.00106676
1594.8 0.895722 0.00101773
1545.37 0.889541 0.000825935
1600.5 0.891896 0.000838644
1470.88 0.893921 0.00103042
1635.58 0.893727 0.000991124
1510.99 0.882015 0.000977646
1772.15 0.892987 0.000959978
1752.64 0.892598 0.00100046
1715.85 0.893396 0.00109648
1511.01 0.894978 0.00100849
1539.67 0.893102 0.00106017
1663.48 0.877627 0.00117434
1520.58 0.894513 0.00096507
1693.81 0.89424 0.00101853
1816.98 0.891011 0.000806211
1526.67 0.883622 0.00121447
1617.42 0.88969 0.000753246
1490.23 0.885526 0.00142706
1598.8 0.891712 0.00098857
2076.08 0.89014 0.00110878
1605.16 0.891877 0.000992276
1533.46 0.895145 0.000990843
1674.93 0.893201 0.00105217
1980.67 0.889069 0.000761993
1672.36 0.894523 0.00107075
1626.61 0.893561 0.000942133
1578.73 0.896329 0.000840884
1579.94 0.893682 0.000859655
1546.64 0.888478 0.000836987
1683.31 0.889887 0.000766516
1701 0.891489 0.0010283
1582.21 0.896131 0.000984246
1550.35 0.894419 0.00101752
1611.16 0.891807 0.000798832
1625.51 0.887629 0.00106232
1731.35 0.890755 0.000826644
1776.21 0.888945 0.00109826
1643.02 0.896857 0.0010322
1577.83 0.897334 0.00102476
1501.24 0.894064 0.00107351
1620.1 0.892725 0.000993279
1594.84 0.893238 0.00101566
1782.66 0.892375 0.000780949
1592.27 0.888989 0.000825632
1636.25 0.892175 0.0010854
1547.05 0.891641 0.00106705
1632.33 0.889603 0.00107686
1638.25 0.893793 0.00108555
1726.89 0.898812 0.000994566
1430.25 0.89181 0.000895916
1716.34 0.891081 0.000966877
1927.37 0.889861 0.000697725
1763.51 0.887478 0.000989246
1890.38 0.893102 0.000610724
1711.46 0.894629 0.000959938
1536.18 0.894966 0.000795047
1585.15 0.894564 0.00100832
1481.05 0.892805 0.000922437
1710.73 0.892839 0.00092553
1659.83 0.891123 0.000840169
1883.11 0.90021 0.00108343
1600.44 0.891333 0.00102488
1493.46 0.897486 0.00106848
1491.6 0.892506 0.000915095
1490.58 0.892184 0.000912134
1668.48 0.889839 0.000860045
1930.19 0.886807 0.000843825
1729 0.894211 0.000959309
1554.78 0.892385 0.000972125
1706.22 0.893336 0.000953219
1519.07 0.879401 0.00130938
1613.6 0.897167 0.00106962
1654.43 0.895197 0.0010378
1599.08 0.892076 0.00103112
1571.4 0.892427 0.00106279
1631.75 0.892963 0.000815513
1567.16 0.892295 0.00102467
1607.87 0.896102 0.00105177
1509.86 0.892745 0.00109399
1614.66 0.894375 0.00106801
1554.01 0.895242 0.00108273
1485.5 0.893231 0.000695945
1595.08 0.89234 0.00106999
1428.24 0.892167 0.000948329
1459.5 0.878743 0.00176956
2101.05 0.893885 0.000826836
1540.86 0.894638 0.00104188
1602.25 0.894461 0.00104957
1662.92 0.896826 0.00092441
1834.94 0.89434 0.000789201
1573.27 0.887726 0.000960406
1726.33 0.891973 0.000791386
1695.49 0.890695 0.00102527
1547.82 0.894938 0.00102303
1493.78 0.891685 0.00085194
1522.19 0.879739 0.00126489
1578.98 0.892658 0.0010422
1580.44 0.891368 0.000974104
1690.48 0.888242 0.00060572
1651.78 0.89207 0.000727646
1591.13 0.893191 0.00102797
1605.31 0.894395 0.000965283
1696.83 0.891156 0.000728293
1692.33 0.894797 0.538274
1998.05 0.886409 0.0008509
1477.68 0.891213 0.000674565
1446.47 0.895538 0.00104965
1511.38 0.895363 0.000992937
1432.2 0.892284 0.00103813
1584.68 0.891457 0.000869954
1595.89 0.890931 0.000921949
1667.47 0.89086 0.000997884
1885.14 0.890112 0.000911815
1626.53 0.883624 0.00179659
1653.64 0.883058 0.00166702
1458.58 0.887722 0.00139231
2047.36 0.890403 0.000989752
1526.52 0.894069 0.000866884
1612.79 0.892586 0.000786694
1760.7 0.897941 0.00111435
1710.47 0.895173 0.00108124
1605.7 0.889672 0.000989414
1930.63 0.887115 0.000797471
1648.83 0.896174 0.00098877
1710.12 0.878898 0.00166689
1488.86 0.893625 0.000866743
1422.78 0.894771 0.000973755
1576.73 0.893102 0.000752006
1873.97 0.893542 0.000978247
1537.12 0.895398 0.00105162
1498.24 0.879674 0.00165141
1617.09 0.894011 0.00104458
1572.36 0.895997 0.00107284
1784.86 0.895342 0.00107342
1494.04 0.895565 0.00101385
1795.23 0.89697 0.000827891
1673.94 0.891564 0.000891703
1750.18 0.888516 0.000865124
2010.49 0.874856 0.00156343
1607.67 0.888913 0.00101783
1664.57 0.89039 0.000946962
1504.43 0.8919 0.00102255
1661.76 0.891001 0.00096024
1585.23 0.895288 0.00108721
1612.78 0.895138 0.00101245
1521.68 0.894183 0.000804893
1463.25 0.894255 0.00105165
1457.73 0.891843 0.00102401
1599.28 0.892688 0.00113769
1619.02 0.893511 0.00099168
1618.11 0.895302 0.00105793
1649.76 0.892497 0.00100354
1575.14 0.891019 0.00102872
1598.66 0.8927 0.00100572
1377.97 0.894994 0.00103204
1695.71 0.889669 0.00066484
1671.22 0.885412 0.00102054
1405.61 0.889325 0.000785847
1650.14 0.894183 0.00103348
1722.85 0.8898 0.000774316
1604.1 0.891899 0.00105858
1605.89 0.871002 0.001324
1585.23 0.891065 0.00106152
1646.47 0.893044 0.000807356
1653.02 0.890293 0.00101845
1597.21 0.892386 0.000932858
1845.43 0.896025 0.00115286
1510.69 0.892762 0.00103608
1693.04 0.895245 0.00111411
1894.75 0.898214 0.0010691
1755.53 0.889222 0.000829604
1583.48 0.892728 0.000966938
1586.21 0.894061 0.00103212
1643.26 0.88843 0.000818321
1556.15 0.890702 0.000870354
1636.5 0.891706 0.000978836
1481.32 0.892483 0.000998026
1594.62 0.895778 0.00105169
1878.67 0.888596 0.000667256
1501.03 0.893555 0.000899472
1611.53 0.891729 0.000979981
1561.69 0.891966 0.000984965
1534.04 0.892971 0.000914888
1701.06 0.896643 0.00098262
1578.65 0.889377 0.000785243
1616.14 0.894025 0.0010088
1671.24 0.89492 0.00107233
1739.59 0.893093 0.000993419
1755.68 0.8907 0.00099758
1606.83 0.89558 0.000968255
1666.43 0.89561 0.000927905
1582.55 0.894865 0.000787714
1598.17 0.89388 0.000968728
1571.52 0.895992 0.00104396
1565.88 0.892317 0.00109509
1645.4 0.890098 0.000956162
1843.84 0.890849 0.000991754
1603.83 0.894519 0.00101746
1722.91 0.89385 0.000968548
1599.71 0.896785 0.00105525
1580.04 0.890394 0.000987981
1649.34 0.895851 0.000971749
1537.8 0.892242 0.00108222
1623.15 0.895555 0.000981094
1510.47 0.894746 0.00110912
1640.94 0.893803 0.00111464
1544.81 0.894003 0.000965228
1905.46 0.890808 0.000984381
1560.45 0.891192 0.00105632
1532.57 0.894593 0.000754848
1828.5 0.897493 0.000713614
1524.39 0.889902 0.00109373
1637.91 0.891834 0.00105681
1662.29 0.898254 0.000910045
1565.03 0.896091 0.00107341
1662.22 0.891432 0.000951742
1539.97 0.891978 0.00101068
1526.85 0.894701 0.00103697
1684.37 0.895541 0.00093319
1481.8 0.893298 0.00105706
1399.91 0.894012 0.000944864
1538.63 0.892933 0.00110296
1588.34 0.89297 0.00106869
1625.93 0.880295 0.00202333
1639.53 0.890659 0.000820182
1849.93 0.891375 0.00100692
1608.56 0.891345 0.000918756
1647.73 0.890066 0.0010107
1574.57 0.891426 0.000964306
1612.16 0.892382 0.000804897
1526.43 0.893995 0.00103277
1503.42 0.892961 0.00100212
1528.06 0.892988 0.00105811
1708.67 0.894048 0.000870046
1561.39 0.892652 0.000852138
1627.51 0.8927 0.0009657
1759.8 0.888584 0.000919944
1613.92 0.894933 0.00104275
1704.1 0.889014 0.00103511
1797.42 0.89433 0.000642575
1573.04 0.895604 0.000940198
2086.81 0.890783 0.000673627
1603.67 0.889233 0.000407916
1772.63 0.890596 0.00116302
1646.58 0.89434 0.00103252
1877.42 0.88892 0.00122423
1462.9 0.895341 0.00106072
1840.22 0.890427 0.000887626
1992.05 0.895332 0.00109805
1896.04 0.890831 0.000970253
1708.08 0.890653 0.00095311
1502.95 0.891911 0.000981682
1611.46 0.889812 0.000843462
1571.12 0.881524 0.0012248
1542.06 0.893212 0.00101351
1607.55 0.890969 0.00103997
1443.33 0.894199 0.00100388
1549.78 0.89092 0.000967475
1746.38 0.880816 0.00144862
1910.05 0.892233 0.000472575
1529.1 0.894048 0.00101549
1517.13 0.895053 0.00104327
1936.52 0.886871 0.000719089
1761.81 0.893583 0.00106843
1570.93 0.890584 0.000835213
1535.91 0.890381 0.00100821
1537.3 0.887417 0.000841895
1460.02 0.891041 0.000982633
1573.4 0.893216 0.000751859
1560.28 0.888989 0.000961583
1634.17 0.89487 0.00102976
1720.9 0.890586 0.000931632
1605.78 0.892734 0.000868573
1577.29 0.891984 0.00105406
1863.7 0.900518 0.000990312
1860.43 0.886633 0.000846305
1747.62 0.891498 0.000854342
1479.83 0.887826 0.000827546
1703.69 0.897024 0.0010373
1508 0.893324 0.00121016
1546.32 0.892253 0.0010512
1835.8 0.894557 0.000886901
1644.75 0.894569 0.000937002
1564.94 0.895239 0.000860771
1615.92 0.893028 0.000922918
1795.97 0.888899 0.00104339
1587.1 0.895404 0.000936471
1746.67 0.892736 0.000966398
1634.26 0.880071 0.00153159
1706.76 0.88559 0.00145476
1789.35 0.897781 0.000878293
1624.81 0.895036 0.000961305
1621.42 0.891795 0.00099602
1705.51 0.888816 0.000984576
1666.87 0.895358 0.00108004
1741.65 0.891844 0.000871739
1905.55 0.887992 0.000551386
1519.59 0.895021 0.000679836
1670.88 0.89555 0.000873711
2531.43 0.893569 0.000768587
1558.19 0.89398 0.00101337
1576.08 0.889235 0.000775302
1487.72 0.894197 0.00109162
1657.51 0.894088 0.00103991
1743.71 0.890125 0.00108294
1900.65 0.896395 0.000727466
1805.28 0.891773 0.00104955
1627.68 0.892429 0.000729529
1696.71 0.8946 0.000990404
1572.07 0.890754 0.00105102
1653.78 0.896005 0.00106838
2049.96 0.887677 0.000681247
1514.94 0.891796 0.00100527
1694.54 0.891022 0.000941356
1537.7 0.896367 0.00106677
1525.14 0.894285 0.00104551
1456.72 0.877133 0.000971887
1569.22 0.893299 0.00107937
2001.48 0.888615 0.000725918
1708.97 0.89294 0.00103683
1605.51 0.891762 0.00104564
1570.64 0.894446 0.00104946
1502.24 0.891787 0.00102348
1708.09 0.892807 0.00100426
1585.87 0.894695 0.000910906
1555.69 0.89128 0.000999
2088.08 0.898365 0.000987571
1708.02 0.893415 0.00103387
1502.58 0.892202 0.000798403
1641.66 0.896515 0.001038
1768.43 0.89067 0.00109426
1498.9 0.891945 0.00107619
1586.59 0.892292 0.00100039
1574.88 0.89292 0.00103102
1627.39 0.891977 0.000840787
2023.91 0.887858 0.000852478
1551.71 0.89431 0.00103237
1569.51 0.893402 0.00104908
1424.14 0.892479 0.00106526
1633.6 0.893523 0.00102776
1585.13 0.894353 0.00102638
1678.66 0.889371 0.000859351
1508.07 0.890905 0.000988933
1787.94 0.887451 0.00079572
1666.33 0.895939 0.00092244
1595.07 0.893604 0.00104761
1504.43 0.894463 0.00105007
1544.08 0.890166 0.000859609
1777.13 0.886278 0.000855327
1585.3 0.894748 0.00104788
1801.39 0.893406 0.000849162
1560.46 0.892422 0.00102338
1926.95 0.888516 0.00105109
1911.49 0.890913 0.000904607
1714.02 0.894105 0.000781372
1548.86 0.893025 0.000944298
1802.98 0.888209 0.0010055
1873.89 0.897759 0.00101589
1737.68 0.886934 0.000984483
1701.53 0.889593 0.00100175
1698.43 0.894171 0.000819129
1654.93 0.890872 0.00095127
1659.3 0.890875 0.000971967
1490.51 0.889796 0.000805014
1399.27 0.882881 0.00198406
1663.91 0.880497 0.00164084
1747.94 0.890937 0.000964564
1571.2 0.889192 0.000661398
1986.55 0.887749 0.00084343
1519.89 0.893961 0.000977243
1696.5 0.890461 0.000786282
1557.09 0.892535 0.00106232
1520.7 0.892214 0.00108291
1505 0.896537 0.000925785
1566.55 0.891658 0.00104964
1519.24 0.89865 0.00100928
1731.7 0.893907 0.00106939
2185.98 0.897175 0.000783899
1563.76 0.892312 0.00103434
1882.35 0.888997 0.000915878
1497.67 0.891701 0.000882068
1687.52 0.888275 0.000840322
