0.911539
0.903558
0.909906
0.904973
0.906248
0.912803
0.90551
0.899223
0.907244
0.906922
0.917485
0.902409
0.897143
0.900492
0.914532
0.913399
0.898707
0.911674
0.907488
0.910793
0.913507
0.900287
0.907923
0.903525
0.908528
0.909565
0.906043
0.912726
0.913269
0.901076
0.909631
0.89867
0.909166
0.911901
0.911928
0.911027
0.909265
0.906265
0.898648
0.9044
0.911686
0.915128
0.912015
0.901083
0.907891
0.912873
0.909126
0.897831
0.915496
0.907677
0.902742
0.909451
0.91304
0.912627
0.891219
0.913499
0.898107
0.90587
0.902538
0.905144
0.910202
0.914944
0.911012
0.905343
0.904263
0.908628
0.908591
0.898113
0.903123
0.915148
0.899774
0.915144
0.911222
0.913372
0.909021
0.90638
0.901324
0.908002
0.906311
0.904288
0.906789
0.912366
0.91017
0.902513
0.912398
0.917079
0.915195
0.905913
0.911373
0.898121
0.890287
0.909412
0.905408
0.90797
0.902598
0.906522
0.910446
0.91568
0.918138
0.910852
0.898233
0.910555
0.907519
0.910252
0.911022
0.911391
0.911416
0.910375
0.915899
0.909718
0.902876
0.908706
0.912846
0.902501
0.905894
0.911445
0.906396
0.91291
0.912963
0.907316
0.915055
0.915392
0.902411
0.904398
0.908579
0.901128
0.912946
0.912401
0.902938
0.905865
0.910207
0.909003
0.907073
0.905311
0.913363
0.907968
0.911224
0.910647
0.911969
0.894097
0.910791
0.911599
0.912555
0.903399
0.908884
0.913278
0.904656
0.906109
0.899584
0.908728
0.917806
0.895106
0.904992
0.903411
0.904861
0.90352
0.915566
0.9052
0.898554
0.905419
0.911717
0.914817
0.915566
0.907255
0.910833
0.899886
0.90398
0.903972
0.899682
0.913042
0.906059
0.903387
0.901171
0.904871
0.912478
0.90343
0.908906
0.900371
0.907263
0.910737
0.91595
0.910937
0.900962
0.908129
0.906743
0.908856
0.915688
0.898563
0.891321
0.899083
0.899917
0.911404
0.903592
0.912056
0.912015
0.910777
0.910891
0.891559
0.914199
0.910465
0.897801
0.902234
0.911556
0.908854
0.908083
0.903979
0.898972
0.911768
0.90385
0.90861
0.908908
0.912071
0.894704
0.905773
0.91621
0.915193
0.912323
0.912117
0.912882
0.894033
0.903957
0.908719
0.912526
0.907628
0.914499
0.909894
0.907389
0.904554
0.908975
0.903183
0.911186
0.910591
0.912474
0.911361
0.907354
0.904159
0.904606
0.915358
0.899898
0.89196
0.908702
0.910642
0.901324
0.909696
0.907949
0.911496
0.912548
0.903674
0.913284
0.914096
0.913244
0.901888
0.914058
0.907029
0.910679
0.913499
0.894628
0.909065
0.911799
0.910799
0.906822
0.91307
0.900044
0.913534
0.907289
0.913621
0.910636
0.911805
0.911014
0.911164
0.913558
0.907391
0.902253
0.905448
0.902431
0.914934
0.910116
0.913019
0.89757
0.901203
0.901663
0.90544
0.909209
0.902328
0.910304
0.895122
0.910248
0.906472
0.910645
0.909817
0.904422
0.912159
0.906925
0.910338
0.9041
0.900786
0.909741
0.912013
0.907092
0.904424
0.893908
0.909399
0.911494
0.909398
0.902745
0.912081
0.901971
0.903471
0.904959
0.905968
0.914722
0.914192
0.915101
0.896073
0.914299
0.905742
0.903331
0.912665
0.906722
0.901559
0.906801
0.913422
0.911911
0.910231
0.903626
0.909564
0.90517
0.914161
0.908533
0.900503
0.911488
0.916856
0.904162
0.903329
0.904317
0.90201
0.897797
0.914297
0.910436
0.901395
0.904324
0.912842
0.91339
0.901618
0.896689
0.909518
0.902828
0.898027
0.907426
0.892793
0.901188
0.904464
0.905468
0.910824
0.902774
0.907564
0.905999
0.912224
0.901169
0.902773
0.910912
0.903715
0.912295
0.891968
0.905526
0.901845
0.901743
0.912548
0.906142
0.914867
0.911547
0.913591
0.905361
0.904765
0.900716
0.899801
0.902271
0.912369
0.909612
0.891305
0.901915
0.910351
0.900949
0.914318
0.914841
0.899996
0.900064
0.908227
0.903687
0.903628
0.909071
0.906073
0.903521
0.908118
0.906472
0.903859
0.910017
0.902268
0.909215
0.902327
0.906881
0.899665
0.911456
0.915038
0.90227
0.90537
0.916562
0.909718
0.912115
0.909137
0.909967
0.90899
0.912143
0.901345
0.905318
0.911507
0.908965
0.900275
0.904589
0.900914
0.902226
0.906585
0.910049
0.913742
0.905215
0.902356
0.900767
0.908668
0.897694
0.91129
0.903071
0.908662
0.912434
0.905364
0.899665
0.908524
0.895515
0.913408
0.8997
0.912802
0.911898
0.903618
0.898812
0.904479
0.913692
0.906443
0.911732
0.909107
0.914063
0.911576
0.910729
0.913743
0.909434
0.907498
0.904558
0.905681
0.911918
0.905827
0.914694
0.906914
0.89797
0.909701
0.908178
0.908189
0.906546
0.91198
0.908764
0.902557
0.896281
0.906375
0.901825
0.910471
0.916992
0.897552
0.912627
0.914847
0.899203
0.900975
0.912763
0.914339
0.891528
0.906838
0.913634
0.901607
0.908877
0.896623
0.904206
0.896912
0.910137
0.911582
0.91703
0.90979
0.902632
0.903783
0.900838
0.905193
0.90632
0.912703
0.907912
0.908596
0.911855
0.895537
0.902874
0.914332
0.903249
0.890994
0.912859
0.91293
0.913565
0.908985
0.897219
0.914761
0.901253
0.903886
0.913028
0.903955
0.900742
0.912775
0.904679
0.903112
0.913392
0.903431
0.916419
0.901187
0.905661
0.898301
0.904568
0.914597
0.910962
0.908161
0.891445
0.90419
0.890751
0.908239
0.910061
0.891733
0.912955
0.912641
0.899072
0.900347
0.912608
0.907271
0.910581
0.90331
0.912515
0.902695
0.911028
0.907031
0.898669
0.912932
0.90669
0.906457
0.913362
0.912109
0.913602
0.909064
0.909711
0.905567
0.90755
0.912752
0.909251
0.901539
0.905073
0.901282
0.911222
0.911705
0.90076
0.900989
0.905472
0.912909
0.904853
0.903083
0.913972
0.89715
0.909884
0.917234
0.911006
0.903725
0.904351
0.911046
0.892964
0.907398
0.908936
0.900624
0.906296
0.908382
0.910087
0.918585
0.900996
0.912119
0.893123
0.901907
0.900713
0.912003
0.904081
0.900828
0.916601
0.905346
0.905864
0.913089
0.910793
0.908098
0.91314
0.903473
0.910375
0.900962
0.912937
0.911262
0.913489
0.909589
0.91309
0.907297
0.900166
0.914552
0.892433
0.913383
0.900912
0.911215
0.886803
0.908661
0.904932
0.901042
0.910001
0.914377
0.912883
0.910094
0.905486
0.910376
0.90485
0.90269
0.908632
0.907458
0.902707
0.914048
0.914516
0.911702
0.912459
0.905567
0.912044
0.914746
0.912904
0.911897
0.908983
0.906048
0.902028
0.914603
0.914791
0.914921
0.899214
0.907103
0.901387
0.906874
0.914757
0.906901
0.915139
0.905815
0.901159
0.910152
0.912057
0.906163
0.912502
0.903154
0.903959
0.909456
0.914595
0.911211
0.909452
0.906543
0.907795
0.906691
0.900784
0.902226
0.89825
0.899835
0.913139
0.906006
0.914899
0.900483
0.906818
0.913591
0.904401
0.911078
0.908955
0.913015
0.910027
0.91457
0.903145
0.907722
0.905837
0.909708
0.902073
0.910671
0.906726
0.913489
0.910245
0.911115
0.90944
0.899519
0.908142
0.907891
0.908732
0.910586
0.91227
0.891456
0.89972
0.912642
0.910542
0.902245
0.899651
0.902487
0.891989
0.902816
0.909037
0.900458
0.906297
0.91195
0.897256
0.909372
0.900847
0.912613
0.908935
0.909419
0.912279
0.902045
0.904757
0.907406
0.901971
0.910537
0.906859
0.910032
0.907135
0.908049
0.909727
0.91238
0.914263
0.909663
0.914792
0.902465
0.907482
0.91302
0.902753
0.907013
0.911693
0.902929
0.908816
0.91387
0.904781
0.912756
0.908431
0.910294
0.902787
0.909787
0.9121
0.912219
0.896033
0.909894
0.90719
0.91208
0.907435
0.901317
0.902725
0.90377
0.908211
0.900975
0.912141
0.91096
0.914639
0.908937
0.900376
0.906399
0.902252
0.913278
0.91181
0.890347
0.907496
0.907164
0.912604
0.912031
0.909026
0.902749
0.908455
0.908849
0.901219
0.910049
0.899924
0.902513
0.899656
0.891634
0.909102
0.905832
0.906921
0.909602
0.901625
0.910794
0.906162
0.910823
0.906984
0.901308
0.906447
0.909742
0.910631
0.904126
0.888891
0.911308
0.90848
0.903948
0.910622
0.913882
0.907466
0.905289
0.910536
0.899936
0.910274
0.902819
0.910923
0.900565
0.90472
0.904978
0.901634
0.907764
0.910448
0.910116
0.901114
0.913899
0.9106
0.901124
0.917171
0.896281
0.903638
0.911604
0.908524
0.90699
0.905164
0.911851
0.916609
0.913792
0.908066
0.906906
0.914799
0.913298
0.912166
0.902149
0.904056
0.903973
0.912742
0.911234
0.902248
0.896312
0.897045
0.910453
0.910134
0.914154
0.911527
0.901007
0.913904
0.895117
0.905017
0.911099
0.901213
0.91222
0.910387
0.900599
0.902315
0.912037
0.905983
0.901543
0.902257
0.903388
0.91096
0.900742
0.90094
0.91089
0.90716
0.902048
0.91117
0.911071
0.906378
0.912192
0.908679
0.903001
0.909093
0.909797
0.906263
0.899767
0.904424
0.901491
0.901711
0.914115
0.904751
0.915437
0.908063
0.893587
0.894156
0.903904
0.903681
0.91678
0.901666
0.906774
0.916254
0.900218
0.90182
0.915168
0.906224
0.897626
0.89423
0.912497
0.909491
0.912052
0.903973
0.910392
0.901558
0.906683
0.904349
0.913636
0.914648
0.914909
0.908331
0.899351
0.903547
0.904097
0.910336
0.902161
0.912838
0.91115
0.913257
0.892376
0.909685
0.91434
0.909018
0.910995
0.902743
0.909664
0.915127
0.90547
0.907643
0.90241
0.904031
0.899631
0.90771
0.90222
0.909074
0.900603
0.91265
0.912895
0.910558
0.905546
0.901171
0.914278
0.909519
0.900346
0.911925
0.905714
0.912332
0.912391
0.914699
0.892427
0.912353
0.913237
0.902748
0.90738
0.908446
0.906874
0.900765
0.900048
0.910928
0.910421
0.902507
0.906209
0.908863
0.903938
0.908136
0.903811
0.907446
0.905939
0.90723
0.904801
0.913158
0.909911
0.90953
0.907969
0.901616
0.903056
0.910192
0.905792
0.909718
0.897944
0.905472
0.908014
0.911789
0.899877
0.911231
0.906108
0.906342
0.900675
0.904295
0.91327
0.900642
0.906246
0.900635
0.90721
