0.899718
0.903458
0.902944
0.8974
0.90343
0.901908
0.906882
0.903176
0.903716
0.89844
0.901851
0.906516
0.901243
0.903166
0.905405
0.904412
0.905449
0.902121
0.905829
0.901035
0.907283
0.906482
0.902293
0.904683
0.902886
0.907135
0.904811
0.903494
0.902683
0.884607
0.905374
0.899084
0.904857
0.886286
0.898356
0.904739
0.902953
0.903237
0.904708
0.902769
0.906721
0.90256
0.906639
0.902652
0.900215
0.902612
0.897972
0.902429
0.903061
0.900832
0.892165
0.90543
0.900931
0.902545
0.896504
0.903342
0.903019
0.903422
0.902202
0.90398
0.902068
0.906699
0.89508
0.903114
0.904159
0.898874
0.90582
0.90346
0.89812
0.902207
0.905602
0.902856
0.899094
0.904674
0.8947
0.902522
0.902417
0.899048
0.900375
0.894912
0.907895
0.899778
0.904155
0.899312
0.905598
0.904937
0.903504
0.904384
0.902841
0.889365
0.902619
0.904399
0.906023
0.9048
0.90045
0.905564
0.905452
0.900025
0.903822
0.902989
0.899705
0.903838
0.903905
0.899266
0.901761
0.903648
0.902742
0.905298
0.902847
0.901658
0.906557
0.903672
0.904131
0.907385
0.89992
0.898419
0.903251
0.90545
0.902157
0.906013
0.893975
0.902608
0.901098
0.903996
0.902307
0.903983
0.904659
0.904179
0.904408
0.901979
0.900572
0.902747
0.904316
0.904181
0.905062
0.901849
0.886345
0.896944
0.902954
0.904093
0.899927
0.898343
0.904646
0.902229
0.900737
0.899436
0.903098
0.901282
0.898226
0.905258
0.901903
0.901694
0.896742
0.907376
0.902613
0.901478
0.907644
0.902666
0.903975
0.902936
0.899615
0.905537
0.905735
0.902597
0.904417
0.905709
0.903555
0.904908
0.901427
0.89491
0.899835
0.900281
0.902242
0.906053
0.90231
0.903417
0.898149
0.902012
0.904885
0.908108
0.893013
0.903416
0.901993
0.900055
0.910337
0.905428
0.900069
0.906287
0.90362
0.904389
0.904513
0.904706
0.900548
0.902929
0.899905
0.905498
0.902069
0.903141
0.900886
0.888706
0.902739
0.901382
0.903067
0.906184
0.903199
0.905604
0.900904
0.904779
0.900938
0.902541
0.904418
0.901638
0.902547
0.900648
0.902097
0.900866
0.902392
0.902042
0.89897
0.904277
0.900943
0.899144
0.905576
0.903608
0.905679
0.902737
0.897275
0.897125
0.896733
0.900806
0.903815
0.899518
0.904249
0.901499
0.900832
0.904523
0.901348
0.898056
0.900374
0.901966
0.905291
0.902529
0.906862
0.900688
0.903763
0.900486
0.899286
0.904986
0.906059
0.902584
0.902118
0.90271
0.904669
0.903591
0.900469
0.899374
0.8991
0.904707
0.904431
0.905644
0.898916
0.903442
0.907256
0.905024
0.902415
0.903077
0.899755
0.90397
0.900168
0.901456
0.90255
0.905636
0.889052
0.902465
0.903804
0.893834
0.899749
0.902682
0.90263
0.899146
0.900878
0.904004
0.901439
0.906155
0.905972
0.904374
0.902487
0.902939
0.903163
0.897136
0.900937
0.896011
0.903079
0.904706
0.900001
0.903544
0.900232
0.903047
0.907348
0.904025
0.90984
0.88787
0.899539
0.903349
0.902275
0.902168
0.9094
0.90536
0.903593
0.903861
0.902363
0.88899
0.905365
0.90531
0.908006
0.903453
0.903321
0.901882
0.906879
0.905416
0.900956
0.905997
0.900628
0.905037
0.90715
0.89139
0.894694
0.903315
0.903229
0.900938
0.906758
0.903712
0.900509
0.886652
0.905909
0.901167
0.905035
0.904227
0.906208
0.906529
0.901012
0.902145
0.905113
0.900151
0.902862
0.90388
0.903018
0.902551
0.893174
0.903004
0.903661
0.90269
0.905329
0.902998
0.899881
0.90289
0.909276
0.905036
0.901645
0.904558
0.9041
0.90342
0.905271
0.90464
0.902648
0.900783
0.90898
0.903863
0.903988
0.906418
0.90401
0.900451
0.898939
0.900137
0.905351
0.901185
0.904205
0.904726
0.903447
0.899721
0.899212
0.90331
0.905701
0.9057
0.897941
0.905281
0.909081
0.905762
0.904502
0.896874
0.903794
0.903423
0.908415
0.905533
0.90534
0.901906
0.903157
0.901412
0.904113
0.903048
0.903903
0.905519
0.904056
0.903385
0.905369
0.902222
0.902304
0.900395
0.901991
0.903559
0.902458
0.89917
0.902581
0.90243
0.901204
0.905065
0.903929
0.903946
0.90005
0.903015
0.901325
0.898548
0.901911
0.910163
0.902882
0.905153
0.899663
0.903136
0.903813
0.891262
0.901471
0.899112
0.900838
0.904881
0.899596
0.902945
0.900071
0.90339
0.905613
0.906496
0.902841
0.908687
0.901895
0.905672
0.899415
0.901946
0.902326
0.904599
0.898931
0.894843
0.909405
0.902551
0.903646
0.898897
0.905256
0.902448
0.904909
0.901135
0.902132
0.897958
0.906439
0.899981
0.904345
0.904757
0.903466
0.893067
0.902554
0.905079
0.903959
0.889236
0.903688
0.90473
0.900159
0.905876
0.89666
0.901711
0.9037
0.904116
0.898977
0.906757
0.903062
0.903697
0.905239
0.910882
0.900507
0.908623
0.900431
0.904918
0.9073
0.901361
0.904412
0.899539
0.903565
0.902307
0.906545
0.890194
0.905024
0.90478
0.901796
0.902005
0.900637
0.904946
0.890805
0.906923
0.903781
0.906252
0.90397
0.903692
0.902246
0.902415
0.903382
0.905408
0.904305
0.903552
0.897091
0.902963
0.892156
0.90529
0.899749
0.90492
0.90221
0.902322
0.895589
0.898149
0.905803
0.901099
0.907765
0.906354
0.897503
0.903177
0.903005
0.902985
0.903346
0.904973
0.9063
0.893498
0.904821
0.90407
0.904017
0.900337
0.903766
0.903602
0.902563
0.900244
0.901468
0.904852
0.906518
0.903734
0.900791
0.90568
0.900751
0.904475
0.903341
0.90943
0.906457
0.90217
0.903696
0.903716
0.904291
0.907083
0.901849
0.902199
0.904949
0.905536
0.905072
0.90065
0.901981
0.903007
0.899696
0.904786
0.902204
0.902421
0.903885
0.905047
0.898772
0.903994
0.904225
0.904706
0.903613
0.904081
0.89977
0.904932
0.907088
0.902318
0.909177
0.899301
0.903141
0.902865
0.903416
0.905373
0.901933
0.891665
0.906348
0.907501
0.89896
0.890194
0.891286
0.907239
0.903442
0.895381
0.903301
0.904144
0.900168
0.899046
0.89951
0.904916
0.886432
0.904261
0.90196
0.901811
0.904973
0.900716
0.906938
0.90346
0.887886
0.904205
0.903199
0.890492
0.900637
0.897461
0.909302
0.904271
0.904801
0.899255
0.900408
0.899422
0.898392
0.900711
0.904179
0.903174
0.904816
0.904674
0.903358
0.901317
0.906038
0.902092
0.904332
0.897963
0.903279
0.904858
0.904486
0.903542
0.896924
0.894723
0.903453
0.892192
0.903939
0.905054
0.904529
0.903249
0.900507
0.902843
0.905262
0.89744
0.904779
0.903885
0.909328
0.897145
0.900163
0.905258
0.904798
0.906975
0.905115
0.902152
0.904331
0.901512
0.900905
0.905875
0.903733
0.884827
0.90509
0.898588
0.900983
0.90263
0.902623
0.906284
0.890085
0.89378
0.903226
0.902944
0.906142
0.905533
0.901788
0.900866
0.901998
0.903586
0.906043
0.901519
0.903418
0.904261
0.891734
0.902913
0.900165
0.901974
0.900375
0.902389
0.904965
0.899649
0.899443
0.904073
0.909201
0.896655
0.901465
0.900221
0.906141
0.904264
0.901753
0.904956
0.90224
0.900924
0.903963
0.899504
0.901981
0.899779
0.892332
0.906901
0.904165
0.899534
0.906806
0.903041
0.904374
0.901284
0.901663
0.900407
0.907563
0.9042
0.902872
0.902208
0.90247
0.904405
0.902976
0.903799
0.903107
0.89662
0.903986
0.901783
0.905463
0.902706
0.901128
0.887337
0.907248
0.905994
0.9014
0.904526
0.903902
0.905741
0.902265
0.903222
0.908618
0.900557
0.904392
0.903837
0.900366
0.904928
0.902362
0.900307
0.901199
0.90313
0.906873
0.906264
0.896047
0.90655
0.902134
0.903441
0.898616
0.903912
0.904288
0.902871
0.901471
0.907345
0.902573
0.906754
0.89708
0.901392
0.904725
0.904845
0.905721
0.902096
0.892258
0.901312
0.905233
0.904992
0.901382
0.904116
0.908742
0.900419
0.902194
0.902067
0.899482
0.904565
0.899632
0.900827
0.903613
0.904524
0.904429
0.893845
0.909702
0.90329
0.901368
0.899639
0.905482
0.901105
0.907229
0.904503
0.903521
0.904294
0.902279
0.906774
0.886208
0.903997
0.906242
0.899489
0.904379
0.903366
0.902041
0.902916
0.902614
0.9024
0.902187
0.900748
0.901802
0.904718
0.901331
0.906443
0.9006
0.90405
0.903998
0.903009
0.900289
0.90743
0.903033
0.902452
0.907362
0.905262
0.9045
0.896632
0.902609
0.887072
0.90177
0.900171
0.903477
0.900878
0.899698
0.89616
0.905743
0.902529
0.900892
0.906056
0.894034
0.90332
0.904811
0.904957
0.904679
0.904859
0.90713
0.899385
0.902844
0.902169
0.903952
0.903423
0.906575
0.906687
0.904122
0.904377
0.906811
0.904411
0.902608
0.901964
0.902579
0.903355
0.901534
0.90021
0.900731
0.899514
0.900615
0.904488
0.897488
0.90491
0.904631
0.902034
0.906222
0.902086
0.903502
0.903641
0.904015
0.901926
0.900943
0.897459
0.903529
0.905094
0.906268
0.900998
0.901967
0.901856
0.901427
0.902727
0.903682
0.906842
0.901341
0.90165
0.905599
0.902422
0.906534
0.909452
0.905549
0.900403
0.905051
0.889413
0.902125
0.906526
0.903373
0.903338
0.90182
0.893401
0.90386
0.901916
0.904478
0.90501
0.901231
0.900301
0.905234
0.896245
0.902827
0.906302
0.905129
0.902439
0.90597
0.904073
0.900998
0.903918
0.905085
0.90552
0.902906
0.905725
0.89933
0.900257
0.905284
0.905056
0.905902
0.899747
0.904559
0.907793
0.907419
0.894048
0.903461
0.905337
0.90279
0.906606
0.908337
0.90042
0.899805
0.900016
0.905816
0.905334
0.902309
0.903521
0.906392
0.904595
0.903936
0.903939
0.903036
0.900586
0.903928
0.899834
0.906483
0.905891
0.901275
0.907598
0.901817
0.901442
0.905733
0.899289
0.897763
0.908481
0.909136
0.90561
0.899353
0.901441
0.903615
0.902799
0.903078
0.905809
0.905271
0.901133
0.902236
0.905236
0.903624
0.903396
0.906665
0.900619
0.905334
0.904469
0.903618
0.90498
0.906378
0.904212
0.908372
0.890462
0.903781
0.900168
