1182.79 0.851797 0.000312888
1231.43 0.845014 0.00294591
1199.21 0.84152 0.00547364
1164.16 0.854151 0.00297206
1268.94 0.846408 0.00375128
1202.54 0.826958 0.000321589
1201.78 0.857387 0.00356694
1247.86 0.84542 0.00282923
1180.53 0.849428 0.000312833
1227.48 0.845608 0.00484056
1085.9 0.831283 0.000320006
1262.48 0.823097 0.000323818
1102.23 0.847799 0.00289706
1110.23 0.815095 0.000328244
1201.69 0.84662 0.000272343
1219.74 0.837548 0.00387878
1272.23 0.818624 0.0054093
1078.31 0.836122 0.00594029
1125.3 0.833965 0.000319059
1053.54 0.842484 0.000315512
1216.99 0.859327 0.0035822
1060.51 0.840345 0.00031605
1130.46 0.849173 0.00285863
1161.52 0.842445 0.000314913
1169.01 0.853056 0.00286483
1130.16 0.830437 0.00627009
1140.95 0.839021 0.000317362
1190.04 0.841635 0.0054736
1402.47 0.820249 0.00656791
1114.31 0.848695 0.0029002
1421.69 0.858021 0.00382861
1162.33 0.839794 0.0052554
1173.17 0.834239 0.000318864
1210.47 0.823647 0.00615152
1134.89 0.851525 0.00298332
1269.42 0.797721 0.000334946
1272.75 0.857228 0.00298042
1231.88 0.85052 0.00272504
1152.66 0.834754 0.00599451
1138.29 0.842168 5.15964e-05
1126.02 0.830574 0.00032028
1267.32 0.856908 0.00296025
1127.62 0.797796 0.00572084
1045.75 0.842107 0.0045508
1371.55 0.806179 0.00643358
1172.16 0.849703 0.00278077
1150.28 0.845862 0.00477558
1136.29 0.821364 0.000323941
1130.74 0.841964 0.00288058
1328.81 0.856211 0.00398026
1123.89 0.819637 0.0065065
1193.15 0.841379 0.00517538
1393.08 0.851886 0.00364097
1250.38 0.843381 0.0049997
1388.57 0.815489 0.00514473
1272.4 0.851833 0.00385499
1312.76 0.854633 0.00436563
1142.55 0.836716 0.00507288
1208.76 0.827902 0.00650019
1117.42 0.817962 0.00701519
1097.25 0.840056 0.00514765
1237.21 0.855238 0.00530981
1170.83 0.829639 0.000321302
1060.37 0.832139 0.00604614
1262.96 0.842953 0.00666372
1100.27 0.818848 0.000122424
1224.54 0.837432 0.00387508
1504.21 0.854604 6.55524e-05
1173.19 0.831915 0.0057942
1130.82 0.830655 0.00383874
1122.1 0.833946 0.515313
1201.38 0.847035 0.00541995
1237.21 0.844224 0.00328924
1185.6 0.813183 0.0066711
1119.34 0.83541 0.00500065
1152.35 0.836 0.00531018
1154.41 0.812559 0.00655551
1224.82 0.834209 0.00554799
1186.29 0.828387 0.00403883
1318.93 0.825037 0.000320366
1184.73 0.845034 0.00279137
1171.77 0.833785 0.00602123
1186.72 0.843495 0.00413402
1214.25 0.857915 0.000303751
1193.12 0.84116 0.00519983
1198.66 0.833145 0.00410821
1307.66 0.83384 0.000267566
1150.86 0.840352 0.00615822
1145.82 0.836201 0.0047617
1140.62 0.849399 0.0027533
1214.33 0.810394 0.00598248
1173.81 0.840442 0.00529154
1130.1 0.844761 0.0029083
1161.63 0.848325 0.00294231
1256.56 0.837059 0.00604393
1130.19 0.853282 0.00394525
1348.73 0.848554 0.00351746
1229.23 0.838873 0.00472143
1204.27 0.815331 0.000326669
1106.28 0.807225 0.00597675
1126.66 0.839328 0.0050264
1143.8 0.850954 0.00280583
1247.38 0.832007 0.00593779
1296.33 0.822111 0.000322501
1177.06 0.858515 0.0032292
1079.59 0.83541 0.000318761
1162.49 0.850237 0.00313947
1367.78 0.81086 0.00573568
1186.68 0.837683 0.00281694
1141.28 0.833606 0.00535934
1122.38 0.831438 0.00698701
1214.39 0.852503 0.000311288
1230.23 0.847645 0.00290313
1140.26 0.854344 0.00281989
1112.18 0.846493 0.00282388
1147.32 0.843948 0.00278986
1259.04 0.846235 0.0027762
1267.05 0.83093 0.00631281
1146.34 0.847222 0.00282052
1139.11 0.829984 0.00634752
1089.47 0.848132 0.00538169
1301.59 0.834039 0.00469251
1149.11 0.83793 0.518965
1151.9 0.851252 0.00615184
1160.5 0.811132 0.00615319
1522.15 0.85827 0.00331029
1256.85 0.77597 0.00719928
1275.39 0.847722 0.00272932
1274.24 0.82052 0.000324608
1142.46 0.831204 0.00593352
1362.65 0.850075 0.00513222
1103.1 0.825925 0.000323054
1255.43 0.859038 0.00461297
1080.63 0.848865 0.000313238
1080.9 0.805449 0.00779376
1202.95 0.832194 0.00589943
1149.2 0.803105 0.000332044
1118.52 0.849493 0.00279516
1175.47 0.84175 0.00509642
1204.51 0.837777 0.00506659
1248.96 0.804518 0.000331909
1118.72 0.83533 0.000318492
1220.45 0.83902 0.00545393
1226.64 0.838318 0.00581728
1163.14 0.845436 0.00418671
1258.13 0.837246 0.00438673
1385.32 0.836191 0.00411226
1145.34 0.831848 0.515229
1125.7 0.832782 0.000320365
1200.08 0.843647 0.00547489
1132.47 0.837141 0.00539673
1190.77 0.847236 0.000314462
1346.59 0.827754 0.00624876
1345.14 0.848081 0.000311712
1223.34 0.82922 0.00590878
1036.77 0.843766 0.00433612
1088.48 0.817122 0.000325746
1156.65 0.83025 0.000320286
1113.28 0.843405 0.0046699
1152.32 0.843182 0.00448053
1118.53 0.839833 0.00482671
1199.26 0.843017 0.00469274
1149.06 0.836548 5.98937e-05
1198.26 0.847286 0.00664575
1343.48 0.794189 0.496839
1181.05 0.812824 0.000327849
1125.03 0.81738 0.0046844
1240.45 0.819207 0.00634173
1099.16 0.83752 0.00532601
1210.18 0.838774 0.00295848
1233.52 0.830209 0.00414662
1117.72 0.834331 0.000318786
1128.98 0.825795 0.00032196
1128.81 0.839761 0.00538297
1160.92 0.838785 0.00526299
1198.09 0.837904 0.00286791
1217.29 0.843471 0.00541148
1161.6 0.851868 0.00291391
1212.74 0.849264 0.00569839
1102.26 0.813594 0.000327365
1196.24 0.855109 0.00275701
1110.56 0.837344 0.518522
1115.5 0.855067 0.00367137
1177.67 0.850214 0.00456876
1002.19 0.838699 0.00493876
1349.12 0.827715 0.00632884
1310.14 0.825661 0.00499479
1274.09 0.818848 0.00622882
1317.52 0.825475 0.00611733
1332.28 0.82616 0.000321277
1293.23 0.790415 0.000337816
1194.12 0.851259 0.000309584
1222.89 0.856569 0.00342055
1147.96 0.849762 0.000313165
1206.32 0.838819 0.00513511
1083.41 0.830595 0.00663623
1397.31 0.827957 0.00352252
1272.85 0.814464 0.00389098
1237.12 0.814797 0.00628856
1170.31 0.836083 0.0050116
1114.46 0.841456 0.00434567
1172.12 0.848489 0.00286984
1091.71 0.827706 0.000321173
1215.83 0.848739 0.00338802
1217.92 0.831055 0.000319696
1160.72 0.842485 0.00618846
1102.94 0.829535 0.000321094
1194.36 0.845251 0.00276255
1172.91 0.849515 0.00283801
1141.01 0.834093 0.00530832
1238.58 0.823481 0.00602222
1290.99 0.858073 0.00397972
1180.07 0.837384 0.00517063
1269.76 0.852052 0.000312763
1116.64 0.865319 0.000306707
1276.88 0.821681 0.00611541
1141.7 0.818783 0.000324449
1198.77 0.851414 0.00283871
1243.49 0.846187 0.00283323
1294.69 0.814403 0.00447679
1174.55 0.827058 0.00649459
1179.71 0.823936 0.00592546
1408.39 0.839415 0.00644267
1155.53 0.837944 0.00547709
1271.53 0.832298 0.000319113
1108.06 0.8192 0.00563914
1175.66 0.84765 0.00510141
1153.44 0.808249 0.000329195
1076.24 0.836275 0.00589667
1149.71 0.835597 0.00497395
1212.82 0.808337 0.00361096
1214.21 0.857568 0.00519696
1421.29 0.811926 0.00335272
1031.12 0.834222 0.000319375
1267.46 0.820251 0.00617476
1381.64 0.849074 0.00503924
1157.75 0.84472 0.00284103
1165.3 0.837938 0.000317366
1135.9 0.79169 0.000337311
1164.25 0.841413 0.00519732
1166.72 0.836539 0.000317395
1117.15 0.835095 0.00451005
1205.06 0.862393 0.000307881
1214.11 0.820335 0.00593967
1255.52 0.832057 0.00536852
1349.32 0.828266 0.00601334
1089.87 0.829295 0.000321052
1081.39 0.829181 0.000319389
1219.8 0.839782 0.00292948
1216.28 0.828038 0.00570621
1189.68 0.843352 0.00502873
1282.01 0.839766 0.00031629
1163.1 0.841841 0.00521024
1142.54 0.803237 0.000331077
1219.93 0.828804 0.000321453
1199.17 0.851126 0.00621835
1159.47 0.826767 0.0060471
1220.76 0.84036 0.517881
1328.21 0.810161 0.000329234
1089.66 0.845829 0.00031481
1292.66 0.796249 0.000335247
1061.11 0.829622 0.00577453
1388.41 0.819255 0.00655154
1101.24 0.837193 0.00618511
1171.06 0.824496 0.00607013
1182.17 0.842936 0.00569617
1200.81 0.835687 0.00477079
1195.92 0.841384 0.475656
1290.32 0.814869 0.00652397
1120.29 0.84706 0.000314499
1114.17 0.84526 0.00504204
1076.16 0.831943 0.00672041
1181.24 0.849199 0.00300994
1317.89 0.843046 0.0029175
1445.23 0.826241 0.00384085
1222.05 0.829848 0.00583742
1167.04 0.828915 0.00436622
1201.14 0.839656 0.00378863
1117.6 0.855173 0.00282945
1349.67 0.814869 0.0062284
1354.72 0.818001 0.00642795
1119.24 0.855836 0.00289906
1171.1 0.851133 0.00287198
1101.42 0.836849 0.000317971
1207.05 0.848548 0.00613538
1213.01 0.853896 0.00387544
1194.99 0.837198 0.00478868
1289.46 0.841908 0.000316767
1063.52 0.830192 0.00524408
1152.3 0.831366 0.00566628
1191.17 0.841908 0.00519744
1177.92 0.837604 0.00475471
1287.13 0.82205 0.000324865
1195.19 0.834799 0.00368862
1183.39 0.799671 0.000333468
1149.2 0.84014 0.00488274
1330.67 0.811358 0.000328807
1311.13 0.830099 0.000321124
1354.34 0.861689 0.00013737
1291.78 0.820646 0.00596516
1291.01 0.84389 0.00479102
1148.93 0.808537 0.000329981
1140.45 0.844219 0.00277348
1121.96 0.845398 0.00504532
1096.8 0.84114 0.000315529
1273.01 0.832432 0.00359498
1204.07 0.85239 0.00290634
1093.58 0.83919 0.00592184
1259.74 0.838384 0.00411727
1189.21 0.81002 0.00578906
1392.1 0.812355 0.00690379
1093.63 0.841051 0.00461877
1144.79 0.838768 0.00294003
1164.87 0.855806 0.00330717
1162.36 0.822969 0.00660819
1302.07 0.841427 0.00477443
1154.76 0.832423 0.00583223
1211.14 0.81668 0.508267
1118.89 0.849514 0.00270448
1358.62 0.847611 0.000315409
1138.33 0.844666 0.00629721
1090.28 0.851171 0.0030624
1166.07 0.841972 0.000316445
1232.14 0.8275 0.00304845
1231.5 0.843548 0.00277252
1287.24 0.826247 0.00577622
1157.32 0.838669 0.000317152
1092.64 0.836237 0.00470713
1130.1 0.836801 0.00636101
1179.62 0.835306 0.00479335
1164.82 0.828203 0.00614427
1110.83 0.84887 7.80322e-05
1184.79 0.846686 0.00270282
1214.49 0.835584 0.00528173
1118.22 0.826389 0.00649814
1326.48 0.84472 0.00493903
1347.98 0.853647 0.00395973
1246.74 0.796121 0.00033633
1155.32 0.825564 0.00635593
1134.11 0.831674 0.00584467
1259.47 0.845445 0.00281272
1176.23 0.854408 0.0046211
1174.05 0.835847 0.00475432
1090.38 0.846144 0.00584608
1279.01 0.817424 0.000325466
1185.83 0.847003 0.00485978
1163.02 0.847788 0.00273013
1222.49 0.847711 0.000314493
1186.02 0.846531 0.00276913
1203.71 0.853992 0.00281409
1217.92 0.845338 0.000314421
1211.08 0.800786 0.00587274
1060.99 0.841232 0.00538196
1122 0.842422 0.00505565
1144.27 0.80352 0.00588961
1141.33 0.822025 0.00614383
1123.45 0.815517 0.000327425
1320.99 0.818788 0.00627478
1056.09 0.850677 0.00287198
1380.4 0.840118 0.00504899
1182.97 0.836753 0.000317979
1051.36 0.848661 0.000314535
1140.32 0.837745 0.000318212
1326.56 0.802646 0.000332289
1266.82 0.830092 0.00546949
1142.17 0.851589 0.00268267
1265.12 0.856829 5.7478e-05
1163.4 0.844594 0.519554
1254.66 0.848291 0.0029709
1332.6 0.835709 0.00461826
1112.78 0.846902 0.0029165
1225.98 0.844217 0.00273481
1188.6 0.846525 0.00289607
1197.51 0.825478 0.000210912
1364.18 0.833395 0.000319488
1139.76 0.85209 0.00354848
1128.66 0.851833 0.00258233
1233.08 0.847481 0.0028357
1186.89 0.845273 0.00285319
1154.71 0.837056 0.00464895
1260.15 0.818712 0.0065946
1174.43 0.843475 0.00289338
1191.08 0.854708 0.00269508
1182.07 0.838655 0.00561563
1143.87 0.849183 0.00270907
1178.97 0.838864 0.00569674
1142.85 0.841099 0.00499264
1163.36 0.849153 0.00288408
1200.74 0.824124 0.00632174
1195.16 0.852927 0.00288203
1334.39 0.848494 0.00283839
1194.66 0.830492 0.00565345
1168.32 0.810006 0.000328787
1081.98 0.847609 0.00289387
1172.93 0.811172 0.00632409
1189.92 0.835382 0.005423
1143.47 0.825844 0.000322563
1135.56 0.825858 0.000323406
1164.63 0.833471 0.000319609
1307.21 0.829895 0.00625111
1402.19 0.874114 0.00606265
1113.42 0.844965 0.00293343
1226.08 0.846314 0.00380062
1209.12 0.840808 0.00467296
1150.86 0.843065 0.00442138
1237.34 0.85477 0.00031104
1198.14 0.841684 0.518274
1269.63 0.84113 0.00459228
1259.25 0.831317 0.000319659
1214.4 0.853222 0.00270431
1332.9 0.812625 0.00618805
1197.3 0.848779 0.00548483
1159.45 0.833019 0.478049
1210.36 0.823867 0.00032263
1080.23 0.834457 0.000309385
1169.38 0.843289 0.00292407
1199.14 0.825304 0.00559118
1120.49 0.82681 0.00629905
1237.74 0.843932 0.00289758
1128.3 0.806691 0.000331107
1248.25 0.827351 0.00355203
1348.04 0.832381 0.00459672
1134.26 0.84121 0.00458358
1292.68 0.831038 0.00347182
1161.51 0.819179 0.000324939
1167.84 0.841747 0.00602765
1153.87 0.842372 0.00463953
1224.89 0.833636 0.00542729
1174.15 0.847068 0.00544874
1258.17 0.860222 0.00320767
1147.57 0.827902 0.00589933
1166.41 0.847081 0.00504766
1267.33 0.834327 0.516235
1155.77 0.842981 0.00496148
1336.41 0.859853 0.00629243
1079.46 0.833878 0.000318737
1174.89 0.838609 0.000317187
1121.71 0.816924 0.000324362
1201.35 0.841477 0.00510281
1215.46 0.855936 0.00448071
1237.39 0.829786 0.000320316
1122.17 0.831406 0.00573524
1243.76 0.83162 0.00573247
1241.78 0.848659 0.523065
1192.43 0.849531 0.00258057
1100.19 0.847498 0.00286807
1089.35 0.836998 0.000317771
1205.76 0.842727 0.00293872
1127.15 0.837773 6.92208e-05
1333.66 0.814872 0.000326077
1290.4 0.847333 0.00281831
1169.78 0.852634 0.00286866
1132.57 0.839004 0.00406955
1151.44 0.848223 0.00374149
1237.97 0.831784 0.00419755
1069.82 0.842262 0.00031686
1171.97 0.855226 0.00293411
1077.85 0.832531 0.00514171
1169.98 0.851322 0.00288843
1339.58 0.837045 0.00455137
1080.47 0.824478 0.000322753
1275.83 0.848697 0.000311619
1289.11 0.81522 0.507529
1186.29 0.845685 0.00279386
1194.03 0.846402 0.00520666
1215.22 0.844723 0.00294332
1204.08 0.840986 0.00344947
1230.61 0.849777 0.00359685
1194.18 0.84963 0.00274479
1066.72 0.836437 0.00485643
1386.25 0.796871 0.00302943
1227.36 0.82722 0.00655202
1125.09 0.840188 0.00582851
1267.64 0.841996 0.00281206
1210.76 0.839964 0.00465921
1144.06 0.847171 0.00315427
1202.68 0.8364 0.00561252
1204.4 0.854051 0.00277393
1206.81 0.846045 0.00286055
1182.83 0.851012 0.0028489
1139.43 0.843594 0.00282868
1147.84 0.843172 0.00437008
1342.71 0.815162 0.00639431
1719.41 0.861479 0.00330994
1317.24 0.808794 0.00451232
1261.75 0.847172 0.0038336
1149.87 0.850084 0.00283908
1115.98 0.844889 0.00454928
1257.8 0.834864 0.00638001
1261.28 0.842013 0.00297433
1243.65 0.825656 0.00465667
1082.62 0.819738 0.0003242
1199.23 0.831582 0.00610213
1166.4 0.820372 0.00637312
1137.22 0.850824 0.00288386
1252.42 0.827074 0.00621834
1168.39 0.83928 0.00465891
1192.7 0.848806 0.00293732
1220.81 0.839153 0.00508205
1003.23 0.84637 0.00294317
1042.43 0.83276 0.00557992
1156.76 0.830935 0.00501887
1248.76 0.836647 0.00489503
1202.03 0.845784 0.00290176
1200.44 0.830946 0.00378477
1336.56 0.819712 0.00629798
1284.39 0.857452 0.00309009
1142.06 0.840694 0.00503124
1168.51 0.830537 0.000320704
1233.88 0.823342 0.000322814
1084.77 0.836608 0.00630764
1171.67 0.848058 0.00351663
1179.42 0.82836 0.00393645
1146.35 0.815673 0.000326567
1096.57 0.84351 0.00462653
1195.73 0.821546 0.000322672
1113.42 0.838537 0.00481212
1326.74 0.848565 0.000310677
1186.55 0.852736 0.0029225
1268.74 0.852581 0.00374532
1178.08 0.832248 0.00430513
1233.67 0.843828 0.0028057
1236.8 0.841256 0.00579224
1303.28 0.839919 0.00286184
1159.6 0.806051 0.000330023
1104.14 0.831684 0.000320424
1071.46 0.822836 0.00645797
1234.91 0.851969 0.000311873
1230.91 0.861476 0.0032768
1287.72 0.818661 0.00478789
1187.62 0.815669 0.507392
1157.04 0.842725 0.00384677
1182.95 0.833398 0.00580736
1260.02 0.819926 0.00640165
1250.4 0.832616 0.0046055
1311.78 0.849951 0.00381119
1440.14 0.847415 0.00515104
1130.14 0.85096 0.00031223
1400.41 0.859137 0.000234224
1158.75 0.835822 0.00435507
1108.68 0.847367 0.00288226
1130.89 0.822985 0.000323804
1114.35 0.822898 0.456987
1246.25 0.825252 0.0052388
1090.21 0.834522 0.00557459
1251.26 0.821005 0.00540938
1200.74 0.833167 0.00637151
1138.29 0.832668 0.00420195
1225.2 0.844024 0.00291603
1204.27 0.831468 0.00629771
1207.26 0.846272 0.00288139
1059 0.825349 0.00032358
1236.08 0.844474 0.00526425
1184.21 0.801953 0.000332634
1126.68 0.82527 0.00634246
1312.18 0.844379 0.0028299
1421.72 0.829368 0.00400321
1363.15 0.845535 0.0028491
1239.9 0.852138 0.00384992
1173.11 0.817429 0.000326374
1173.43 0.843511 0.00497054
1165.06 0.859137 0.00426395
1136.2 0.851344 0.00292184
1180.29 0.849822 0.00482865
1069.54 0.848328 0.00480762
1239.46 0.835771 0.00562971
1103.06 0.842364 0.00358861
1245.78 0.844342 0.000315693
1192.26 0.857983 0.00300757
1220.45 0.832488 0.00695582
1091.02 0.830729 0.00613416
1171.11 0.82805 0.00619774
1236.69 0.820527 0.000325286
1188.29 0.836506 0.000317742
1154.08 0.847482 0.00251153
1094.92 0.8108 0.0003276
1164.15 0.834451 0.00595984
1168.76 0.843511 0.00274545
1291.62 0.83505 0.00412689
1242.98 0.848741 0.00457644
1145.91 0.831476 0.00590632
1233.6 0.822769 0.00651321
1050.13 0.847224 5.15883e-05
1171.61 0.84075 0.000317198
1118.27 0.836505 0.000318114
1425.97 0.85352 0.00376796
1142.06 0.818705 0.000325447
1207.75 0.817195 8.79754e-05
1202.77 0.818062 0.00629071
1280.55 0.807585 0.000330611
1249.76 0.85176 0.000312334
1191.2 0.8042 0.00618435
1136.01 0.80593 0.0046803
1327.11 0.847961 0.00430027
1096.65 0.833414 0.00583142
1222.71 0.819294 0.0051333
1315.92 0.840554 0.00282647
1138.11 0.837296 0.000317494
1157.02 0.840993 0.00518388
1149.74 0.82215 0.00032353
1357.72 0.848621 0.00287003
1195.26 0.836941 0.00401266
1244.89 0.846849 0.00285378
1213.35 0.829983 0.00461383
1222.77 0.840352 0.00445563
1075.54 0.841339 0.00496939
1205.71 0.851081 0.00412282
1264.11 0.836753 0.00601123
1253.75 0.852457 0.00277205
1111.7 0.849479 0.00290055
1103.17 0.85653 0.000308668
1166.13 0.844266 0.519275
1096.72 0.842176 0.000315839
1233.74 0.848859 0.00286462
1173 0.837636 0.00586582
1184.65 0.830281 0.000321071
1152.8 0.836936 0.00500301
1268.38 0.811669 0.00659256
1295.19 0.844328 0.00286235
1481.98 0.829831 0.00427263
1100.82 0.83569 0.00469033
1197.59 0.831158 0.00496288
1087.73 0.839358 0.00595188
1205.88 0.837954 0.0055443
1206.95 0.839915 0.00439116
1390.84 0.828849 0.00557631
1235.28 0.833693 0.00570528
1113.4 0.838209 0.000316831
1345.43 0.816114 0.00431268
1096.37 0.835764 0.0003184
1123.53 0.834504 0.0064606
1073.4 0.848945 0.00287913
1194.48 0.829655 0.00559939
1243.17 0.855982 0.00353781
1164.92 0.830958 0.00866284
1104.54 0.854292 0.00286837
1190.13 0.837538 0.00508646
1207.65 0.835253 0.0126324
1346.55 0.807595 0.501072
1248.91 0.825717 0.00605013
1502.99 0.836945 0.00315057
1361.71 0.827873 0.513936
1114.06 0.83608 0.00395078
1234.8 0.827466 0.00613606
1204.83 0.856477 0.00312295
1102.57 0.838233 0.00491436
1112.59 0.843671 0.00488662
1200.9 0.837699 0.00697874
1116.63 0.848659 0.00288796
1296.07 0.883094 0.000299301
1274.63 0.819173 0.00712608
1224.97 0.853469 0.0028434
1194.91 0.846509 0.00267656
1204.04 0.844364 0.00558956
1109.44 0.843944 0.00289491
1120.5 0.845127 0.00282636
1083.88 0.843374 0.000314997
1344.78 0.833784 0.00425439
1223.53 0.851365 0.00275706
1165.89 0.839052 0.00575317
1306.38 0.858188 0.00422263
1210.02 0.838319 0.00509571
1099.23 0.826905 0.00032092
1139.4 0.842089 0.00286514
1456.03 0.859947 0.00449361
1133.26 0.835889 0.00515463
1143.61 0.843965 0.00287755
1241.57 0.825159 0.00690248
1149.97 0.832861 0.000315516
1335.62 0.831817 0.00595473
1138.22 0.822483 0.00552001
1268.84 0.844432 0.00284833
1086.8 0.846268 0.0027543
1158.17 0.842367 0.000316237
1313.34 0.830567 0.00672146
1158.23 0.833411 0.00734538
1264.94 0.849408 0.000312952
1217.43 0.841227 0.00479888
1190.13 0.839971 0.00589135
1250.92 0.82535 0.00649457
1216.58 0.823707 0.00557676
1055.17 0.827546 0.00608862
1211.57 0.826365 0.000322825
1189.52 0.844044 0.000315613
1162.25 0.835273 0.000317946
1196.51 0.847564 0.00279932
1450.6 0.784689 0.00601815
1119.97 0.838813 0.00529554
1123.11 0.817368 0.00633807
1269.25 0.839165 0.00456718
1436.42 0.855425 0.00439975
1082.98 0.817141 0.00520907
1202.99 0.819111 0.00446556
1308.96 0.844623 0.00420278
1298.71 0.861725 0.000307055
1252.57 0.836059 0.00477691
1156.65 0.820277 0.00672554
1089.97 0.843287 0.00479452
1192.81 0.854768 0.00410604
1207.72 0.842497 0.00282012
1222.6 0.845004 0.00472996
1143.69 0.851625 0.00667237
1014.87 0.841901 0.00581836
1128.4 0.82492 0.00697128
1163.87 0.84933 0.00271838
1138.01 0.840301 0.00455709
1315.77 0.848658 0.00288894
1202.87 0.841848 0.00288715
1149.37 0.832958 0.00601702
1105.26 0.831922 0.00641863
1271.45 0.84369 0.00532535
1150.66 0.851343 0.00290379
1127.47 0.843864 0.00543424
1267.64 0.844243 0.00467762
1096.2 0.847653 0.00478415
1165.95 0.830623 0.00610534
1198.71 0.850067 0.0028669
1203.07 0.825381 0.00623993
1168.7 0.838532 0.00489707
1225.23 0.830301 0.00583533
1191.04 0.833907 0.00462481
1187.13 0.827876 0.00636886
1178.14 0.861137 0.000308605
1197.23 0.851979 0.00280421
1287.38 0.847932 0.000313198
1173.78 0.84076 0.000316924
1211.05 0.831371 0.00668656
1228.88 0.837058 0.00506316
1187.67 0.852307 0.00332706
1182.07 0.849398 0.0029115
1254.34 0.839126 0.00288566
1375.72 0.809173 0.000328683
1090.86 0.857896 0.000308869
1190.01 0.842235 0.00283598
1248.77 0.822708 0.00352787
1266.5 0.844892 0.000315196
1099.5 0.840557 0.00647551
1079.14 0.834248 0.00606976
1309.78 0.810191 0.000304991
1236.77 0.851453 0.524941
1187.77 0.840141 0.000316444
1167.32 0.845152 0.00295236
1316.42 0.844899 0.00362179
1145.26 0.847718 0.00287228
1350.31 0.859759 0.0034969
1127.07 0.845432 0.00282824
1164.99 0.850844 0.000312335
1167.39 0.840879 0.00546062
1178.43 0.805562 0.00434846
1131.33 0.845164 0.000313799
1127.68 0.814693 0.00637551
1258.93 0.853974 0.00310895
1241.67 0.8367 0.00502381
1156.93 0.828506 0.514204
1258.48 0.84865 0.0028076
1106.07 0.83908 0.00443518
1157.82 0.845807 0.00506694
1126.67 0.847765 0.00277598
1291.43 0.855015 0.00457888
1233.57 0.83071 0.513868
1457.63 0.841655 0.00223882
1295.63 0.860442 0.00401735
1106.17 0.811984 0.000328173
1271.21 0.842016 0.00565819
1074.53 0.822608 0.00557378
1181.33 0.857665 0.00283251
1032.92 0.847786 0.0029859
1321.06 0.835215 0.00507484
1192.13 0.810504 0.000329058
1154.2 0.838301 0.00278803
1048.84 0.845148 0.00285729
1221.45 0.83078 0.00495931
1379.21 0.802217 0.000287875
1123.54 0.807613 0.00033011
1201.45 0.854891 0.000309625
1254.73 0.841461 0.00277491
1148.64 0.844968 0.522455
1146.7 0.81924 0.000322618
1117.38 0.83992 0.00541378
1254.16 0.830648 0.00596016
1231.31 0.825276 0.00619176
1130.03 0.841524 0.00490027
1172.89 0.851927 0.000311578
1227.78 0.827318 0.00637292
1164.31 0.830838 0.00565443
1068.43 0.830814 0.00623788
1061.78 0.839059 0.0059352
1133.68 0.834837 0.00531212
1160.57 0.844637 0.0050769
1202.06 0.844957 0.00273791
1291.3 0.855593 0.000311458
1230.23 0.840903 0.00539934
1138.48 0.851729 0.0026876
1174.17 0.830913 9.41484e-05
1202.49 0.831842 0.000226472
1213.1 0.816573 0.000326211
1443.45 0.852762 0.00288153
1170.33 0.841531 0.52039
1284.5 0.811553 0.000320095
1133.84 0.817655 0.00644868
1136.56 0.818788 0.00032586
1148.25 0.83639 0.000317453
1236.89 0.862039 0.00372491
1194.66 0.821295 0.00614002
1091.55 0.834096 0.00509412
1164.99 0.808641 0.000329097
1165.04 0.828717 0.000321464
1226.91 0.851694 0.00285506
1232.73 0.844135 0.00285355
1221.18 0.823645 0.00913506
1158.39 0.848736 0.000313694
1072.19 0.812758 0.000326949
1181.7 0.858513 0.000309815
1100.71 0.836835 0.00382113
1230.98 0.836417 0.00292523
1080.93 0.841333 0.00468078
1503.44 0.833714 0.00489778
1132.88 0.842798 0.000316146
1123.74 0.831005 0.00591769
1585.69 0.859867 0.00395971
1156.2 0.84904 0.00289082
1252.17 0.847107 0.00521623
1171.27 0.806598 0.000282525
1131.12 0.833276 0.00540004
1224.25 0.813621 0.000328661
1224.26 0.84483 0.00272029
1172.91 0.823718 0.00600504
1208.42 0.840228 0.0055181
1214.39 0.842896 0.000253273
1161.82 0.836032 0.00652362
1256.42 0.850965 0.00282527
1345.36 0.834117 0.00478094
1180.1 0.848647 0.00285992
1166.59 0.823425 0.0062366
1356.53 0.84375 0.0057113
1333.95 0.848338 0.000315058
1113.91 0.855716 0.00283743
1094.19 0.841546 0.00285671
1231.14 0.828022 0.00665521
1149.48 0.828894 0.000321221
1199.52 0.832637 0.515553
1144.05 0.836453 0.0057396
1082.41 0.836064 0.00616752
1222.97 0.8409 0.0057676
1195.44 0.845874 0.00280119
1230.78 0.840681 0.00525457
1275.27 0.837649 0.00518681
1193.38 0.851539 0.0027829
1108.59 0.814203 0.00617202
1276.45 0.843233 0.00546301
1127.82 0.83903 0.00031699
1174.45 0.842665 0.00456786
1317.87 0.828258 0.00613142
1113.42 0.824419 0.000322074
1239.74 0.835849 0.00533558
1144.65 0.843224 0.0055286
1229.68 0.831693 0.000319884
1225.08 0.839435 0.00517021
1201.08 0.838496 0.00618209
1221.23 0.820503 0.000323677
1128.16 0.816533 0.000326548
1192.87 0.813121 0.505976
1298.99 0.798447 0.00542016
1468.79 0.830903 0.00699966
1191.06 0.850398 0.00286616
1275.84 0.855281 0.00394831
1100.3 0.842448 0.00529306
1171.42 0.848425 0.00539611
1382.99 0.819036 0.00583743
1174.72 0.850912 0.00406892
1128.88 0.844277 0.00278448
1132.52 0.856743 0.00393456
1412.66 0.835312 0.00592703
1066.91 0.844466 0.00484683
1203.19 0.827072 0.000322783
1153.32 0.828924 0.000311717
1259.9 0.843724 0.00272202
1192.74 0.85123 0.000312194
1120.52 0.840202 0.00482174
1117.32 0.844504 0.000315642
1170.41 0.842991 0.0041249
1147.98 0.835597 0.00471737
1150.82 0.829965 0.00619706
1300 0.836352 0.0045921
1144.89 0.841177 0.00448143
1124.47 0.835326 0.00610068
1121.33 0.85186 0.00288104
1280.35 0.803299 0.00237383
1252.92 0.832616 0.000320175
1423.53 0.849767 0.00406442
1223.73 0.832818 0.0059912
1534.13 0.84647 0.00356885
1192.07 0.842452 0.00501201
1140.6 0.843824 0.00473176
1169.69 0.831995 0.00347076
1122.49 0.842311 0.00283226
1185.22 0.852164 0.00285895
1335.7 0.813245 0.00648197
1149.75 0.846432 0.00287211
1160.98 0.840708 0.00495003
1162.94 0.853289 0.00362052
1152.85 0.846087 0.00467813
1291.94 0.838715 0.00282825
1307.45 0.860501 0.00390953
1130.89 0.827487 0.000321301
1265.12 0.845517 0.0043886
1115.1 0.834257 0.00565525
1509.56 0.849931 0.00439473
1120.48 0.85113 0.00355264
1161.09 0.847721 0.00285646
1279.04 0.82597 0.00554509
1251.83 0.83987 0.00282649
1284.72 0.82744 0.0059602
1139.9 0.833866 0.00509434
1128.65 0.837408 0.00450044
1156.92 0.809273 0.000330144
1188.62 0.844936 0.002869
1161.46 0.830655 0.00412343
1426.13 0.849749 0.00465934
1367.05 0.854612 0.527288
1540.89 0.830855 0.00427303
1236.79 0.839297 0.00537209
1183.42 0.840379 0.00514544
1141.6 0.81249 0.0100852
1195.16 0.806977 0.000330799
1126.2 0.854279 0.00277611
1235.28 0.847929 0.000313942
1202.71 0.838809 0.0051493
1091.82 0.831063 0.00423853
1317.14 0.834996 0.00491104
1207.67 0.829177 0.00633961
1339.17 0.845222 0.0028255
1019.52 0.819151 0.00429739
1165.67 0.83956 0.000316692
1177.78 0.82358 0.00589263
1098.85 0.842909 0.00525687
1119.68 0.82772 0.00587607
1237.83 0.81247 0.00611262
1252.27 0.84229 0.00275025
1219.35 0.848829 0.00483303
1294.29 0.810356 0.00660825
1238.54 0.839679 0.00543991
1059.66 0.828915 0.000306043
1151.18 0.84145 0.000315399
1087.28 0.841016 0.0041173
1378.15 0.825174 0.00636698
1134.03 0.839608 0.0051748
1134.91 0.836776 0.00577315
1150.79 0.840372 0.00500233
1180.5 0.816501 0.00483691
1151.08 0.839399 0.000316849
1132.07 0.836965 0.00535321
1385.34 0.849879 0.00543307
1202.14 0.830243 0.000321468
1137.93 0.859957 0.00290779
1207.77 0.835564 0.000318642
1105.83 0.833972 0.00562979
1377.16 0.819172 0.00534271
1220.33 0.845216 0.00285835
1232.2 0.829479 0.000319281
1234.75 0.853091 0.0027626
1061.14 0.826827 0.00604297
1200.02 0.853511 0.00317873
1177.21 0.849431 0.00288237
1197.15 0.841843 0.00284794
1142.27 0.835133 0.00501939
1138.84 0.826759 0.000314803
1131.12 0.830707 0.00651487
1299.23 0.830115 0.513558
1111.81 0.825734 0.00608016
1377.06 0.840997 0.000316493
1073.85 0.808901 0.000327203
1144.11 0.852884 0.00277901
1079.02 0.820082 0.000325178
1324.27 0.846344 0.000315037
1165.37 0.838096 0.00526476
1315.26 0.812308 0.000327542
1243.17 0.807998 0.000328223
1203.09 0.834087 0.00776764
1147.66 0.834187 0.00521448
1217.82 0.828966 0.00747551
1142.3 0.839612 0.00479198
1189.61 0.852479 0.00309935
1151.33 0.830105 0.00551638
1152.65 0.841495 0.00472121
1229.5 0.833453 0.00611142
1102.48 0.844086 0.00282636
1372.54 0.835258 0.00498962
1200.5 0.843104 0.00649298
1216.57 0.842139 0.00284856
1214.13 0.801857 0.0063994
1183.38 0.796545 0.00599929
1145.3 0.837149 0.00547447
1224.93 0.835931 0.00578135
1235.91 0.825291 0.00508882
1347.41 0.824746 0.00505465
992.83 0.818139 0.000325544
1197.67 0.851222 0.00299141
1152.6 0.807092 0.000330008
1288.96 0.841696 0.00500176
