1725.94 0.911539 0.00110937
1750.54 0.903558 0.00134674
1630.06 0.909906 0.00129556
1728.12 0.904973 0.00133103
1583.66 0.906248 0.00122221
1600.29 0.912803 0.00136716
1717.26 0.90551 0.00161101
2264.76 0.899223 0.00130958
1502.23 0.907244 0.00152693
1421.47 0.906922 0.00146869
1783.98 0.917485 0.00123524
1868.23 0.902409 0.00129415
1434.69 0.897143 0.00212772
1460.42 0.900492 0.00166162
1609.43 0.914532 0.00109525
1476.61 0.913399 0.00147074
1931.3 0.898707 0.00141636
1551.8 0.911674 0.00115124
1995.45 0.907488 0.00128826
1632.39 0.910793 0.00110475
1662.16 0.913507 0.0012587
1493.78 0.900287 0.00197399
1646.01 0.907923 0.00115843
1524.84 0.903525 0.00173358
1710.5 0.908528 0.000962286
1564.65 0.909565 0.00112731
1772.35 0.906043 0.000970075
1836.92 0.912726 0.000951395
1559.74 0.913269 0.00114424
1937.63 0.901076 0.00117797
1761.94 0.909631 0.00121042
1455.38 0.89867 0.00203182
1533.66 0.909166 0.0013291
1529.4 0.911901 0.00143692
1783.46 0.911928 0.00115669
1713.24 0.911027 0.000912055
1776.82 0.909265 0.00109573
2065.78 0.906265 0.00094266
1538.34 0.898648 0.00166867
1763.43 0.9044 0.00131233
1538.64 0.911686 0.000895595
1570.04 0.915128 0.00117399
1607.84 0.912015 0.00128999
1840.61 0.901083 0.00132604
1458.07 0.907891 0.00147836
1697.97 0.912873 0.00109716
1625 0.909126 0.00135577
2277.94 0.897831 0.00124031
1602.38 0.915496 0.00115821
1570.64 0.907677 0.00139331
1834.13 0.902742 0.00128388
1678.6 0.909451 0.00128901
1588.3 0.91304 0.00147274
1770.51 0.912627 0.0010339
1917 0.891219 0.000894363
1657.32 0.913499 0.00107948
2062.29 0.898107 0.00127975
1537.1 0.90587 0.00147471
1962.21 0.902538 0.00131861
1573.92 0.905144 0.00130946
1606.08 0.910202 0.0013138
1659.35 0.914944 0.0011531
1550.14 0.911012 0.00116732
1964.08 0.905343 0.00122323
1859.28 0.904263 0.00131241
1733.7 0.908628 0.00109732
1737.61 0.908591 0.00125127
2148.39 0.898113 0.00122669
2058.29 0.903123 0.00101171
1534.46 0.915148 0.00138002
2051.41 0.899774 0.00137491
1826.96 0.915144 0.00108281
1745.58 0.911222 0.00125689
1653.53 0.913372 0.000969152
1713.7 0.909021 0.00121748
1633.86 0.90638 0.00143158
1965.17 0.901324 0.00127264
1853.08 0.908002 0.000870776
1995.62 0.906311 0.00142995
1799.72 0.904288 0.00110924
1883.36 0.906789 0.00146907
1550.4 0.912366 0.00121919
1646.72 0.91017 0.00128812
1964.51 0.902513 0.00133196
1708.01 0.912398 0.00144115
1713.76 0.917079 0.00113029
1653.25 0.915195 0.00142119
1716.35 0.905913 0.000867616
1750.97 0.911373 0.00111583
2332.59 0.898121 0.00135545
1769.59 0.890287 0.0019748
1786.7 0.909412 0.00112068
1780.55 0.905408 0.00126961
1620.28 0.90797 0.00167792
1733.5 0.902598 0.00129785
1747.76 0.906522 0.000962999
1643.5 0.910446 0.00127575
1760.12 0.91568 0.00127039
1724.83 0.918138 0.00115898
1764.36 0.910852 0.00122247
1896.79 0.898233 0.00123296
1732.42 0.910555 0.00110646
1708.76 0.907519 0.00132116
1552.6 0.910252 0.00126906
1592.12 0.911022 0.00115066
1661.42 0.911391 0.00105747
1561.61 0.911416 0.00122466
1450.87 0.910375 0.00108076
1518.13 0.915899 0.00142551
1875.06 0.909718 0.00127931
1553.79 0.902876 0.00137845
1759.51 0.908706 0.00111929
1741.69 0.912846 0.00112856
1630.42 0.902501 0.00155471
1675.41 0.905894 0.000981555
1612.55 0.911445 0.00120833
1477.07 0.906396 0.00161745
1727.06 0.91291 0.00113238
1690.16 0.912963 0.00111023
1449.64 0.907316 0.00148251
1748.72 0.915055 0.00133568
1764.52 0.915392 0.00125729
1895.78 0.902411 0.00129715
1589.39 0.904398 0.00161655
1788.13 0.908579 0.00116338
1832.03 0.901128 0.00127737
1665.39 0.912946 0.00117097
1624.37 0.912401 0.00109201
1723.52 0.902938 0.0014069
1866.51 0.905865 0.00130393
1640.75 0.910207 0.00109942
1468.68 0.909003 0.0015871
1618.42 0.907073 0.00129239
1896.89 0.905311 0.00138642
1641.84 0.913363 0.00139205
1630.89 0.907968 0.00112435
1671.56 0.911224 0.000913037
1811.49 0.910647 0.00118181
1648.78 0.911969 0.00122247
1601.28 0.894097 0.00215095
1516.51 0.910791 0.00152002
1571.37 0.911599 0.00108429
1725.82 0.912555 0.00106293
1848.55 0.903399 0.00128656
1493.44 0.908884 0.00122209
1638.49 0.913278 0.00132542
1691.29 0.904656 0.00129887
1626.33 0.906109 0.0011857
1418.58 0.899584 0.00105135
1486.32 0.908728 0.0014198
1676.84 0.917806 0.00116158
1919.96 0.895106 0.000875971
1852.65 0.904992 0.00132775
1694.8 0.903411 0.0012756
1928.97 0.904861 0.000978875
1537.99 0.90352 0.00136364
1712.3 0.915566 0.00113002
1637.13 0.9052 0.00146252
1526.01 0.898554 0.0015653
1653.55 0.905419 0.00158566
1664.57 0.911717 0.0012311
1873.68 0.914817 0.00112256
1692.57 0.915566 0.00140633
1802.98 0.907255 0.00128722
1625.95 0.910833 0.00117959
1470 0.899886 0.00176225
1760.06 0.90398 0.00124268
1762.53 0.903972 0.0012652
1703.38 0.899682 0.00164534
1515.67 0.913042 0.00138177
1827.13 0.906059 0.00137532
1941.43 0.903387 0.00128344
1995.24 0.901171 0.00137728
1530.19 0.904871 0.00145999
1634.47 0.912478 0.00117245
1757.03 0.90343 0.00132202
1666.99 0.908906 0.00127818
1906.76 0.900371 0.00127441
2001.63 0.907263 0.00133389
1794.42 0.910737 0.000968118
1619.84 0.91595 0.00135095
1769.21 0.910937 0.000945393
2037.94 0.900962 0.00132014
1526.18 0.908129 0.00142948
1916.48 0.906743 0.000843747
1745.15 0.908856 0.000871025
1690.64 0.915688 0.00121096
2360.24 0.898563 0.0013308
1983.77 0.891321 0.000840487
2014.59 0.899083 0.00132485
1823.6 0.899917 0.00122662
1750.91 0.911404 0.00119369
1728.48 0.903592 0.00104742
1688.83 0.912056 0.000903536
1548.4 0.912015 0.00115992
1573.65 0.910777 0.00120991
1609.06 0.910891 0.00102039
1993.84 0.891559 0.000850484
1514.47 0.914199 0.00115988
1910.73 0.910465 0.00118919
1392.96 0.897801 0.00180183
1811.22 0.902234 0.00129324
1648.92 0.911556 0.00114239
1593.34 0.908854 0.00142321
1948.91 0.908083 0.00124996
1825.43 0.903979 0.00129753
1711.13 0.898972 0.00189038
1633.68 0.911768 0.00121776
1795.46 0.90385 0.00123359
1504.65 0.90861 0.00115496
1569.74 0.908908 0.00096415
1565.29 0.912071 0.00113638
1986.06 0.894704 0.000860028
1903.71 0.905773 0.00105465
1697.69 0.91621 0.00118479
1618.56 0.915193 0.00116709
1650.32 0.912323 0.00142674
1597.49 0.912117 0.000995024
1721.99 0.912882 0.00138094
1918.25 0.894033 0.00085229
2092.9 0.903957 0.00125442
1503.1 0.908719 0.00143185
1609.39 0.912526 0.00127964
1672.7 0.907628 0.0011414
1679.88 0.914499 0.0011017
1743.03 0.909894 0.000700848
1849.8 0.907389 0.000849472
1916.16 0.904554 0.00129367
1596.15 0.908975 0.00113371
1838.98 0.903183 0.00132211
1547.23 0.911186 0.00119905
1538.97 0.910591 0.00116198
1653.84 0.912474 0.00121481
1716.6 0.911361 0.00106587
1648.29 0.907354 0.00152913
1736.91 0.904159 0.00133952
1876.32 0.904606 0.00124925
1575.74 0.915358 0.545031
1629.99 0.899898 0.0017857
1490.82 0.89196 0.00196203
1753.32 0.908702 0.00129203
1650.6 0.910642 0.00131252
1487.42 0.901324 0.00167704
1960.75 0.909696 0.000935855
1749.44 0.907949 0.00114166
1567.88 0.911496 0.0013843
1528.18 0.912548 0.00114287
1805.88 0.903674 0.00118336
1604.47 0.913284 0.0011715
1672.42 0.914096 0.00121599
1610.32 0.913244 0.000882772
1753.46 0.901888 0.00128395
1806.12 0.914058 0.00116667
1825.94 0.907029 0.00112717
1679.62 0.910679 0.00113125
1702.6 0.913499 0.00124163
1489.46 0.894628 0.00182701
1885.38 0.909065 0.00127559
1921.58 0.911799 0.000848582
1958.72 0.910799 0.00112403
1593.87 0.906822 0.00133118
1774.86 0.91307 0.000903547
2103.38 0.900044 0.00123389
1669.66 0.913534 0.0011408
1619.61 0.907289 0.00157269
1602.38 0.913621 0.00117945
1790.08 0.910636 0.00092246
1606.04 0.911805 0.00138274
1591.46 0.911014 0.00126146
1794.84 0.911164 0.000949526
1820.24 0.913558 0.00127362
1721.17 0.907391 0.000902387
1977.15 0.902253 0.00138431
1578.85 0.905448 0.00125245
1692.91 0.902431 0.00136154
1603.85 0.914934 0.00121423
1584.16 0.910116 0.00105774
1634.73 0.913019 0.00122607
2111.32 0.89757 0.00135491
1724.41 0.901203 0.00123679
1776.54 0.901663 0.00112666
1590.1 0.90544 0.00176131
1596.19 0.909209 0.00118963
1405.4 0.902328 0.00168766
1517.75 0.910304 0.00147451
1516.58 0.895122 0.00171001
1497.94 0.910248 0.00129858
1592.76 0.906472 0.00147304
1652.1 0.910645 0.00129124
1669.74 0.909817 0.00113265
1842.09 0.904422 0.00133178
1961.42 0.912159 0.00109274
1709.46 0.906925 0.00136682
1496.16 0.910338 0.00122751
1967.32 0.9041 0.000885936
1759.43 0.900786 0.0013585
1785.16 0.909741 0.00110883
1683.3 0.912013 0.00111617
1981.54 0.907092 0.0011727
1878.77 0.904424 0.000919558
1436.49 0.893908 0.00185674
1555.26 0.909399 0.00111937
1618.68 0.911494 0.00100472
1679.51 0.909398 0.00117225
1669.9 0.902745 0.00153756
1569.45 0.912081 0.00129025
1756.59 0.901971 0.00136206
1844.9 0.903471 0.0013585
1624.18 0.904959 0.00150423
1929.16 0.905968 0.00127916
1539.15 0.914722 0.00108509
1749.67 0.914192 0.00102961
1687.43 0.915101 0.00135972
1499.07 0.896073 0.00145217
1692.86 0.914299 0.00101968
1592.33 0.905742 0.00134789
1733.56 0.903331 0.00131305
1815.86 0.912665 0.00120179
1617.33 0.906722 0.0012082
1809.4 0.901559 0.00131055
1680.82 0.906801 0.000915957
1627.48 0.913422 0.00116303
1676.67 0.911911 0.00114133
1578.24 0.910231 0.00110036
1986.87 0.903626 0.00130505
1568.3 0.909564 0.00117622
1606.84 0.90517 0.00159941
1634.32 0.914161 0.00110294
1565.89 0.908533 0.00143703
1461.26 0.900503 0.00147112
1542.77 0.911488 0.00116426
1600.58 0.916856 0.00139635
1785.49 0.904162 0.00125763
1764.8 0.903329 0.00128712
1985.63 0.904317 0.00142829
2004.08 0.90201 0.00126689
1878.05 0.897797 0.00133487
1745.03 0.914297 0.00146041
1529.62 0.910436 0.00148184
1993.1 0.901395 0.00125221
1972.59 0.904324 0.00109473
1557.67 0.912842 0.00108894
1454.59 0.91339 0.00138253
1978.17 0.901618 0.0012553
1492.86 0.896689 0.00205219
1447.63 0.909518 0.00145617
1669.36 0.902828 0.00120057
1392.35 0.898027 0.0019422
1698.02 0.907426 0.00120882
2134.66 0.892793 0.000864173
1786.6 0.901188 0.00126788
1810.62 0.904464 0.00131925
1622.24 0.905468 0.00168959
1736.32 0.910824 0.00119181
1842.83 0.902774 0.00115066
1873.13 0.907564 0.00139721
1854.16 0.905999 0.00126476
1692.22 0.912224 0.00142262
2096.45 0.901169 0.00132866
1791.65 0.902773 0.00135338
1752.56 0.910912 0.00107425
1733.38 0.903715 0.00139926
1623.18 0.912295 0.00118521
1850.37 0.891968 0.000903632
1761.11 0.905526 0.00130625
1842.74 0.901845 0.0012944
1619.18 0.901743 0.00144778
1640.99 0.912548 0.00114697
1944.09 0.906142 0.000971171
1628.24 0.914867 0.0011419
1676.3 0.911547 0.00127574
1515.01 0.913591 0.0014462
1762.95 0.905361 0.0014404
2075.8 0.904765 0.00132847
1850.14 0.900716 0.00129951
2040.82 0.899801 0.00128846
1704.02 0.902271 0.00134399
1750.37 0.912369 0.00119238
1606.25 0.909612 0.00126926
2287.24 0.891305 0.000881838
2020.23 0.901915 0.00108611
1527.97 0.910351 0.00116266
2134.28 0.900949 0.00128683
1661.17 0.914318 0.00128301
1669.65 0.914841 0.00110846
1445.49 0.899996 0.00155163
2123.38 0.900064 0.00129434
1738.04 0.908227 0.000883016
1635.08 0.903687 0.00192222
1815.95 0.903628 0.00136531
1801.02 0.909071 0.00141333
1646.05 0.906073 0.00153623
1819.22 0.903521 0.00129098
1579.33 0.908118 0.00150485
1902.75 0.906472 0.000911611
2050.46 0.903859 0.00134158
1587.52 0.910017 0.0012128
1760.47 0.902268 0.00113501
1628.92 0.909215 0.0013889
1799.05 0.902327 0.00145485
1776.48 0.906881 0.00118715
2088.32 0.899665 0.00132993
1700.34 0.911456 0.00115796
1927.98 0.915038 0.00131756
1786.85 0.90227 0.00123087
1457.08 0.90537 0.00136511
1711.43 0.916562 0.00121379
1619.43 0.909718 0.00121522
1594.86 0.912115 0.000951042
1577.41 0.909137 0.00122457
1810.93 0.909967 0.000827299
1845.77 0.90899 0.00142794
2053.36 0.912143 0.000819849
1890.06 0.901345 0.00134552
1764.92 0.905318 0.00127787
1810.28 0.911507 0.00137764
1678.28 0.908965 0.00140197
1869.46 0.900275 0.00131608
1832.31 0.904589 0.00122722
1471.47 0.900914 0.00189
2084.47 0.902226 0.00131418
1632.6 0.906585 0.00153578
1574.37 0.910049 0.00112262
1593.48 0.913742 0.00125052
1573.76 0.905215 0.0013876
2122.65 0.902356 0.00135759
1944.9 0.900767 0.00129526
1595.38 0.908668 0.00142846
1758.61 0.897694 0.00200638
1696.27 0.91129 0.00118688
1749.81 0.903071 0.0013579
1555.52 0.908662 0.00126383
1709.52 0.912434 0.0012309
1531.61 0.905364 0.00139454
1965.48 0.899665 0.0012531
1647.44 0.908524 0.0012676
1475.07 0.895515 0.00142456
1809.16 0.913408 0.00118771
2112.84 0.8997 0.00126486
1625.35 0.912802 0.00121695
1546.61 0.911898 0.00144029
1765.86 0.903618 0.00102412
2080.28 0.898812 0.00133302
1714.76 0.904479 0.00132089
1633.93 0.913692 0.00108822
1443.71 0.906443 0.00150426
1703.22 0.911732 0.00106438
1684.68 0.909107 0.00109344
2013.23 0.914063 0.000962623
1687.07 0.911576 0.00135059
1758.51 0.910729 0.00112972
1581.68 0.913743 0.00125286
1742.23 0.909434 0.000963601
1634.89 0.907498 0.00114919
1666.58 0.904558 0.00142546
1755.35 0.905681 0.0012678
1709.22 0.911918 0.00101571
1495.12 0.905827 0.00168482
1711.47 0.914694 0.00129762
1532.62 0.906914 0.00150608
1558.81 0.89797 0.00167206
1790.52 0.909701 0.00122713
1695.41 0.908178 0.00117666
1448.14 0.908189 0.001557
1593.45 0.906546 0.00112738
1675.89 0.91198 0.0011186
1599.16 0.908764 0.0014507
1764.23 0.902557 0.00129972
2211.99 0.896281 0.0010889
1673.15 0.906375 0.00134574
1921.34 0.901825 0.00135058
1565.11 0.910471 0.00118316
1889.63 0.916992 0.00118578
2161.09 0.897552 0.00125464
1605.6 0.912627 0.00125378
1623.18 0.914847 0.00130562
2128.29 0.899203 0.00130798
1895.02 0.900975 0.00163358
1738.85 0.912763 0.00121429
2080.54 0.914339 0.00136064
1597.36 0.891528 0.00185496
1667.42 0.906838 0.00149863
1657.14 0.913634 0.00122982
1528.01 0.901607 0.00185765
1609.06 0.908877 0.00134097
1623.41 0.896623 0.00158816
1736.62 0.904206 0.00131825
1415.43 0.896912 0.00188387
1488.15 0.910137 0.00116004
1687.07 0.911582 0.00138497
1746.86 0.91703 0.00127723
1552.07 0.90979 0.00154944
1871.49 0.902632 0.00129836
1852.54 0.903783 0.00122037
1793.6 0.900838 0.00133897
1739.24 0.905193 0.00122016
1946.49 0.90632 0.00126253
1689.21 0.912703 0.00125708
1645.65 0.907912 0.00139093
1854.62 0.908596 0.00106468
1555.13 0.911855 0.00139287
2338.6 0.895537 0.538445
1810.39 0.902874 0.00120574
1601.64 0.914332 0.00125401
1744.06 0.903249 0.00117592
1815.8 0.890994 0.000890631
1529.75 0.912859 0.00115216
1634.77 0.91293 0.00108655
1689.76 0.913565 0.00110635
1645.38 0.908985 0.00121065
1541.52 0.897219 0.00171439
1603.81 0.914761 0.00122413
1909.7 0.901253 0.00123157
1776.9 0.903886 0.00133059
1531.3 0.913028 0.00108328
1913.56 0.903955 0.00119433
2040.31 0.900742 0.000994808
1510.08 0.912775 0.00121466
1872.62 0.904679 0.00127001
1836.19 0.903112 0.00136694
1642.55 0.913392 0.0012078
1545.83 0.903431 0.00120486
1657.69 0.916419 0.00118273
2388.74 0.901187 0.00119738
1603.64 0.905661 0.00126693
1474.47 0.898301 0.00191565
1793.98 0.904568 0.00136922
1668.29 0.914597 0.00114965
1525.49 0.910962 0.00111112
1846.12 0.908161 0.00114145
1879.8 0.891445 0.000904381
1699.51 0.90419 0.00143114
2448.14 0.890751 0.536785
1861.66 0.908239 0.00123029
1701.9 0.910061 0.00121381
1853.05 0.891733 0.000883485
1655.39 0.912955 0.00109548
1749.87 0.912641 0.0012336
2446.17 0.899072 0.00134062
1848.14 0.900347 0.00127255
1653.62 0.912608 0.00112247
1900.46 0.907271 0.00121985
1728.12 0.910581 0.00115565
1664.69 0.90331 0.0015378
1567.35 0.912515 0.00116648
2008.34 0.902695 0.0013317
1705.99 0.911028 0.0011802
1831.4 0.907031 0.000933628
2161.93 0.898669 0.00120854
1601.57 0.912932 0.00147787
1760.82 0.90669 0.00127877
1671.79 0.906457 0.00155914
1522.91 0.913362 0.00125265
1587.81 0.912109 0.0011744
1762.32 0.913602 0.00113761
1746.32 0.909064 0.00115302
1725.46 0.909711 0.00133325
1536.75 0.905567 0.00149969
1807.36 0.90755 0.00111091
1618.09 0.912752 0.00149411
1546.1 0.909251 0.00141788
1782.04 0.901539 0.00132964
1640.99 0.905073 0.00126181
1532.8 0.901282 0.00211023
1632.43 0.911222 0.00112878
1813.46 0.911705 0.00120302
2179.01 0.90076 0.0012963
1864.72 0.900989 0.00134212
2180.3 0.905472 0.000945291
1574.94 0.912909 0.00115746
1773.72 0.904853 0.0013901
1814.47 0.903083 0.00132726
1604.85 0.913972 0.00119356
2021.66 0.89715 0.00128204
1757.36 0.909884 0.0012843
1581.82 0.917234 0.00120099
1666.52 0.911006 0.00124004
1796.35 0.903725 0.00130234
1481.56 0.904351 0.00148897
1782.51 0.911046 0.0012131
1645.63 0.892964 0.00170052
1740.12 0.907398 0.00139045
1735.94 0.908936 0.00109999
2022.51 0.900624 0.00130968
1591.37 0.906296 0.00145766
1644.18 0.908382 0.0011354
1561.75 0.910087 0.0015159
1538.37 0.918585 0.00126773
1442.21 0.900996 0.0016916
1646.25 0.912119 0.00143872
1522.58 0.893123 0.00193366
1992.64 0.901907 0.00133317
1534.41 0.900713 0.00205189
1908.79 0.912003 0.00114757
1813.56 0.904081 0.0012963
1946.08 0.900828 0.00147608
1524.82 0.916601 0.00125784
1687.24 0.905346 0.00124489
1641.58 0.905864 0.00108973
1671.18 0.913089 0.00122346
1731.33 0.910793 0.00132241
1810.24 0.908098 0.00102563
1491.64 0.91314 0.00145057
1929.36 0.903473 0.00128081
1716.51 0.910375 0.00114371
2115.22 0.900962 0.00129638
1624.87 0.912937 0.00115444
1618.47 0.911262 0.00110409
1572.61 0.913489 0.00119208
1755.51 0.909589 0.001262
1919.9 0.91309 0.00112799
1839.01 0.907297 0.0013532
1977.56 0.900166 0.00138204
1570.39 0.914552 0.00123061
1655.58 0.892433 0.00187379
1653.67 0.913383 0.00113851
1972.16 0.900912 0.00135843
1658.57 0.911215 0.000965729
1635.25 0.886803 0.00191893
1657.74 0.908661 0.00136448
1738.04 0.904932 0.00149874
2033.15 0.901042 0.00125768
1728.85 0.910001 0.0011516
1598.53 0.914377 0.00143098
1691.31 0.912883 0.000971055
2089.33 0.910094 0.00109637
1544.21 0.905486 0.00150967
1500.39 0.910376 0.00113757
1962.3 0.90485 0.00120734
1565 0.90269 0.00182703
1686.91 0.908632 0.00146738
1805.41 0.907458 0.00139717
1640.53 0.902707 0.00132052
1703.61 0.914048 0.00118924
1782.87 0.914516 0.000994134
1663.42 0.911702 0.00137518
1688.21 0.912459 0.000979049
1774.94 0.905567 0.00084792
1642.65 0.912044 0.00115129
1431.9 0.914746 0.00145635
1565.91 0.912904 0.00118619
1788.29 0.911897 0.00119629
1596.62 0.908983 0.00108698
1857.2 0.906048 0.00141308
2066.62 0.902028 0.00122041
1677.94 0.914603 0.00115968
1604.39 0.914791 0.00120917
1698.77 0.914921 0.00114561
1646.85 0.899214 0.00192465
1557.25 0.907103 0.00153938
2131.19 0.901387 0.00127962
1562.25 0.906874 0.00129617
1726.91 0.914757 0.00100331
1819.26 0.906901 0.00137693
1676.97 0.915139 0.00114013
1843.12 0.905815 0.00133532
1600.51 0.901159 0.00204718
1535.33 0.910152 0.00119379
1670.14 0.912057 0.00105834
1778.18 0.906163 0.000933141
1687.92 0.912502 0.000976255
1863.28 0.903154 0.0013027
1948.09 0.903959 0.000925521
1913.19 0.909456 0.00115794
1782.52 0.914595 0.00131136
1629.72 0.911211 0.00100088
2053.14 0.909452 0.000833934
1760.66 0.906543 0.00094664
1845.64 0.907795 0.00134592
1782.98 0.906691 0.000909588
2115.4 0.900784 0.00137641
1737.32 0.902226 0.001137
1916.12 0.89825 0.00109458
1966.55 0.899835 0.00129038
1546.09 0.913139 0.00130808
1816.1 0.906006 0.00142163
1666.02 0.914899 0.0011151
1801.05 0.900483 0.00133073
1539.55 0.906818 0.0013765
1624.27 0.913591 0.00111496
1884.23 0.904401 0.00135492
1661.5 0.911078 0.00133266
1640.57 0.908955 0.00135552
1633.2 0.913015 0.00142792
1892.38 0.910027 0.00138766
1630.37 0.91457 0.00117308
1904.55 0.903145 0.00133407
1764.73 0.907722 0.0011938
1832.17 0.905837 0.00127719
1606.31 0.909708 0.0011083
2206.95 0.902073 0.00128307
1728.19 0.910671 0.00128808
1800.14 0.906726 0.0013118
1535.82 0.913489 0.00114593
1688.38 0.910245 0.00127661
1627.91 0.911115 0.0010333
1647.82 0.90944 0.00119028
1454.76 0.899519 0.00210845
1593.94 0.908142 0.00144655
1676.78 0.907891 0.0010804
1645.29 0.908732 0.00110398
1574.37 0.910586 0.00110247
1672.72 0.91227 0.000930377
1748.19 0.891456 0.000845613
1849.1 0.89972 0.00117237
1920.8 0.912642 0.00112656
1564.24 0.910542 0.0014771
1904.33 0.902245 0.00128263
1558.52 0.899651 0.00150696
1766.4 0.902487 0.00130974
1593.91 0.891989 0.0016979
1845.28 0.902816 0.00129661
1615.76 0.909037 0.00144838
1605.75 0.900458 0.0016382
1546.41 0.906297 0.00129988
1759.26 0.91195 0.000947196
2234.73 0.897256 0.00125621
1451.5 0.909372 0.00147349
1933.29 0.900847 0.00130913
1717.65 0.912613 0.00122234
1698.91 0.908935 0.00109195
1624.64 0.909419 0.00100169
1482.68 0.912279 0.0011227
1567.81 0.902045 0.00212862
1959.96 0.904757 0.00130584
1816.99 0.907406 0.00146026
1430.08 0.901971 0.00133628
1826.12 0.910537 0.000904523
1538.35 0.906859 0.00149651
1739.9 0.910032 0.00121753
1685.02 0.907135 0.0009324
1844.76 0.908049 0.00110742
1651.29 0.909727 0.00126927
1597.39 0.91238 0.00111086
1635.48 0.914263 0.00107725
1552.19 0.909663 0.00110131
1649.47 0.914792 0.00119689
1687.68 0.902465 0.00128184
1771.51 0.907482 0.000907113
1713.26 0.91302 0.00142616
1546.03 0.902753 0.00178312
1750.2 0.907013 0.00126225
1726.27 0.911693 0.00118656
1652.55 0.902929 0.00132204
1928.4 0.908816 0.00107284
1668.65 0.91387 0.00119048
1815.88 0.904781 0.00134207
1546.66 0.912756 0.00143196
1537.65 0.908431 0.000949011
1735.74 0.910294 0.0013017
1612.93 0.902787 0.00207519
1611.42 0.909787 0.000914612
2050.87 0.9121 0.00111906
1643.44 0.912219 0.0011209
1546.2 0.896033 0.00203815
1746.01 0.909894 0.00124189
1468.5 0.90719 0.00116509
1902.31 0.91208 0.00087398
1498.77 0.907435 0.00157089
1828.93 0.901317 0.00125389
2109.34 0.902725 0.00110393
1573.06 0.90377 0.001578
1565.97 0.908211 0.00150415
2286.96 0.900975 0.00129596
1604.86 0.912141 0.00117815
1723.21 0.91096 0.00135891
1624.02 0.914639 0.00116341
1627.65 0.908937 0.0014459
1901.13 0.900376 0.00138754
1824.3 0.906399 0.00085871
1692.87 0.902252 0.00126464
1580.46 0.913278 0.00116178
1748.86 0.91181 0.00126914
2235.69 0.890347 0.000852554
1565.61 0.907496 0.00114951
1876.55 0.907164 0.00129707
1647.55 0.912604 0.00116828
1748.89 0.912031 0.000944865
1575.51 0.909026 0.00113758
1489.5 0.902749 0.00143233
1410.03 0.908455 0.00130217
1644.09 0.908849 0.00132368
1709.94 0.901219 0.00130694
1694.29 0.910049 0.00117789
1815.73 0.899924 0.00139965
1900.3 0.902513 0.00137243
1588.75 0.899656 0.00129757
1513.46 0.891634 0.00219886
1563.05 0.909102 0.00145151
1548.74 0.905832 0.00138442
1968.72 0.906921 0.00091055
1634.75 0.909602 0.00143757
1920.94 0.901625 0.00126062
1786.58 0.910794 0.00114056
1547.61 0.906162 0.00155075
1579.52 0.910823 0.0011892
1721.19 0.906984 0.00133824
2061.85 0.901308 0.00131455
1643.47 0.906447 0.00113239
1537.84 0.909742 0.00147753
1732.2 0.910631 0.000978453
1613.68 0.904126 0.001514
2266.51 0.888891 0.00087213
1869.2 0.911308 0.00146582
1690.03 0.90848 0.00106118
1720.98 0.903948 0.00164415
1503.53 0.910622 0.00116883
1661.56 0.913882 0.00149785
1548.91 0.907466 0.00188028
1480.06 0.905289 0.00150818
1542.91 0.910536 0.00117732
2129.72 0.899936 0.00129398
1664.69 0.910274 0.00099403
1938.77 0.902819 0.00129385
1636.77 0.910923 0.000947375
1506.02 0.900565 0.00189029
1750.33 0.90472 0.00131576
1906.85 0.904978 0.00135813
1648.22 0.901634 0.00158306
1516.3 0.907764 0.00150351
1651.62 0.910448 0.000910915
1543.97 0.910116 0.00110326
1922.19 0.901114 0.00124708
1425.87 0.913899 0.00113596
1591.63 0.9106 0.00117967
1438.73 0.901124 0.00157383
1599.22 0.917171 0.00128676
1511.6 0.896281 0.00168785
1861.89 0.903638 0.00127055
1596.71 0.911604 0.00117891
1629 0.908524 0.00116834
1469.41 0.90699 0.00147414
1964.35 0.905164 0.00132765
1607.31 0.911851 0.00119205
1834.53 0.916609 0.00132762
1592.83 0.913792 0.00129966
1897.25 0.908066 0.00123773
1415.57 0.906906 0.0015358
1510.55 0.914799 0.00115872
1650.01 0.913298 0.00110499
1641.28 0.912166 0.00109226
1644.54 0.902149 0.00129409
1533.93 0.904056 0.00147799
1852.68 0.903973 0.000942306
1690.51 0.912742 0.000923805
1658.88 0.911234 0.00111563
1981.98 0.902248 0.00133034
1461.3 0.896312 0.00164074
1506.37 0.897045 0.00187676
1620.7 0.910453 0.0015445
1653.95 0.910134 0.00115912
1574.81 0.914154 0.000979624
1712.63 0.911527 0.00143632
2101.44 0.901007 0.00121579
1896.81 0.913904 0.00115593
2277.04 0.895117 0.000870749
1767.24 0.905017 0.00129766
1667.49 0.911099 0.00115591
1700.35 0.901213 0.0012833
1686.3 0.91222 0.00116554
1522.61 0.910387 0.00113213
1950.84 0.900599 0.00142409
1868.7 0.902315 0.00116277
1673.09 0.912037 0.00112447
1744.11 0.905983 0.00142267
1793.2 0.901543 0.00128487
1504.8 0.902257 0.00148445
1590.86 0.903388 0.00146251
1638.74 0.91096 0.00126085
1790.07 0.900742 0.00114038
1896.21 0.90094 0.00136407
1768.98 0.91089 0.00146671
1523.44 0.90716 0.00116784
1873.66 0.902048 0.00130757
1926.69 0.91117 0.00123919
1768.78 0.911071 0.000971197
1682.63 0.906378 0.00154132
1641.62 0.912192 0.00124765
1672.06 0.908679 0.00133091
1831.76 0.903001 0.00134343
1551.44 0.909093 0.00149726
1998.17 0.909797 0.00116102
1729.91 0.906263 0.00134276
2174.19 0.899767 0.00136867
1897.37 0.904424 0.00128209
1946.11 0.901491 0.00136646
1783.87 0.901711 0.00113403
1527.08 0.914115 0.00125617
1990 0.904751 0.0014782
1599.93 0.915437 0.00116274
1767.3 0.908063 0.00133376
1854.9 0.893587 0.000858951
1496.08 0.894156 0.00193936
2224.35 0.903904 0.00141939
1516.91 0.903681 0.00161238
1656.62 0.91678 0.00120946
2160.69 0.901666 0.00131831
1636.38 0.906774 0.00148251
2162.79 0.916254 0.00112651
2107.82 0.900218 0.00118838
1570.65 0.90182 0.00168389
1927.55 0.915168 0.00112176
2205.19 0.906224 0.00128718
1507.71 0.897626 0.00141877
1455.86 0.89423 0.00199295
1690.59 0.912497 0.00117284
1725.09 0.909491 0.00114177
1661.01 0.912052 0.0011804
1611.46 0.903973 0.00136093
1669.05 0.910392 0.0013641
1636.17 0.901558 0.00168962
1876.86 0.906683 0.000975211
2146.18 0.904349 0.00133178
1733.42 0.913636 0.00117152
1587.8 0.914648 0.00116426
1849.09 0.914909 0.00117737
2155.59 0.908331 0.00129483
1957.54 0.899351 0.00138013
1779.05 0.903547 0.00134951
1852.69 0.904097 0.00127486
1842.34 0.910336 0.00109615
1761.76 0.902161 0.00116772
1667.21 0.912838 0.00115533
1523.91 0.91115 0.00146075
1772.25 0.913257 0.00113275
1497.66 0.892376 0.000977025
1566.23 0.909685 0.00121042
1600.3 0.91434 0.00125794
1618.61 0.909018 0.00113771
1544.51 0.910995 0.00114059
1816.21 0.902743 0.00127906
1599.42 0.909664 0.00133002
1625.24 0.915127 0.00120309
1727.24 0.90547 0.00137495
1727.16 0.907643 0.000881425
1859.01 0.90241 0.00133051
1585.98 0.904031 0.00149952
2007.67 0.899631 0.00128677
1673.72 0.90771 0.00143826
1892.23 0.90222 0.0013969
1792.35 0.909074 0.000879301
1814.84 0.900603 0.00126697
1598.75 0.91265 0.00115022
1696.89 0.912895 0.00112466
1550.71 0.910558 0.00144877
1863.93 0.905546 0.00131083
2086.45 0.901171 0.00121611
1685.78 0.914278 0.00123351
1888.68 0.909519 0.00134788
1991.54 0.900346 0.00126823
1567.39 0.911925 0.00119886
1821.08 0.905714 0.00139735
1566.92 0.912332 0.00116494
1694.8 0.912391 0.00119909
1807.65 0.914699 0.000868524
1696.91 0.892427 0.00137043
1706.4 0.912353 0.00113189
1532.89 0.913237 0.0012255
1510.77 0.902748 0.00169208
1639.22 0.90738 0.00148334
1669.37 0.908446 0.00112769
1731.85 0.906874 0.00185896
1474.37 0.900765 0.00152144
1506.94 0.900048 0.00154789
1684.32 0.910928 0.00104003
1652.71 0.910421 0.00117551
1759.38 0.902507 0.00129853
1735.44 0.906209 0.00130293
1651.51 0.908863 0.00121136
1862.32 0.903938 0.0012456
1629.02 0.908136 0.00129412
1799.01 0.903811 0.00132335
1790.93 0.907446 0.000871491
1750.45 0.905939 0.000995106
1706.25 0.90723 0.00132136
1870.76 0.904801 0.00144187
1578.67 0.913158 0.00111095
1581.68 0.909911 0.00143051
1664.15 0.90953 0.00120117
1530.46 0.907969 0.00144729
1967.96 0.901616 0.00108867
2110.9 0.903056 0.00133343
1769.98 0.910192 0.000981135
1668.05 0.905792 0.00139998
1643.14 0.909718 0.00093981
2117 0.897944 0.0013146
1645.15 0.905472 0.00158656
1827.05 0.908014 0.00136956
1608.74 0.911789 0.00118078
1567.02 0.899877 0.0018562
1902.14 0.911231 0.000911261
1834.41 0.906108 0.00127218
1462.39 0.906342 0.00158959
2038.9 0.900675 0.000922918
1753.18 0.904295 0.00138078
1593.22 0.91327 0.00108986
1510.88 0.900642 0.00169
1909.56 0.906246 0.000899424
1823.71 0.900635 0.00159676
2011.62 0.90721 0.00104968
