1255.48 0.923701 0.00344123
1163.23 0.910887 0.00271597
1098.13 0.907274 0.000312552
1205.98 0.906662 0.000312504
1103.26 0.893925 0.000316932
1274.58 0.865978 0.000110056
1239.59 0.911359 0.00447398
1229.12 0.891915 0.00458442
1326.43 0.91729 0.00401814
1306.23 0.892092 0.00575684
1124.41 0.905017 0.00490151
1192.87 0.90534 0.00521016
1102.61 0.91424 0.000308347
1170.9 0.899822 0.00532878
1129.79 0.88953 0.00445393
1193.5 0.89171 0.000318464
1162.47 0.918475 0.00308386
1127.41 0.905133 0.00546225
1290.1 0.912252 0.00248901
1260.77 0.90733 0.00256966
1176.42 0.901834 0.00438617
1278.27 0.900405 0.00608974
1290.05 0.914845 0.00352195
1233.07 0.894035 0.00565191
1166.61 0.898035 0.0045813
1149.22 0.900634 0.546978
1175.63 0.893168 0.000316325
1227.93 0.907235 0.00260399
1170.65 0.910314 0.00256543
1123.88 0.909198 0.00254388
1142.99 0.882875 0.000321159
1149.99 0.914446 0.0026309
1191.24 0.893248 0.00563412
1165.57 0.897177 0.000315575
1140.24 0.903711 0.000313689
1257.83 0.895406 0.00503984
1223.17 0.916384 0.00253844
1202.32 0.892626 0.00031789
1192.54 0.910734 0.00285708
1211.71 0.922786 0.00330845
1104.69 0.90061 0.00504787
1183.88 0.864413 0.0003023
1289.51 0.909352 0.00264497
1190.98 0.887045 8.17141e-05
1080.57 0.898008 0.00629688
1231.67 0.902877 0.00257577
1219.3 0.918368 0.000309474
1203.16 0.911616 0.0025987
1136.46 0.898212 0.000316083
1127.46 0.893293 0.000318911
1172.47 0.902547 0.00535279
1128.22 0.888474 0.00031933
1336.54 0.885515 0.00448663
1306.62 0.909728 0.00434136
1234.73 0.912627 0.00480111
1195.57 0.904421 0.00031362
1205.37 0.915842 0.00332018
1472.44 0.883704 0.00370311
1119.07 0.899411 0.00607248
1206.93 0.932234 0.00327396
1134.29 0.889616 0.536996
1201.31 0.909385 0.553922
1120.7 0.916719 0.000308286
1245.7 0.911509 0.0048402
1225.56 0.913344 0.0038937
1180.08 0.904504 0.00258673
1160.21 0.902092 0.00528149
1213.32 0.916424 0.00377618
1243.92 0.894755 0.00383214
1281.55 0.92178 0.00292867
1211.11 0.909396 0.00259413
1130.56 0.894843 0.000317318
1255.74 0.908107 0.00262615
1259.24 0.886302 0.000320328
1231.66 0.891619 0.0057993
1157.46 0.920493 0.00355625
1373.19 0.875584 0.00573153
1220.25 0.891495 0.000318541
1130.04 0.912971 0.00261548
1046.18 0.881621 0.000322505
1215.21 0.905403 0.00260208
1143.47 0.884065 0.00571095
1130.39 0.896047 0.000316961
1199.15 0.905113 0.000310209
1190.55 0.903943 0.00517903
1263.71 0.890567 0.000318891
1196.85 0.895088 0.000317573
1121.31 0.898989 0.00471025
1140.22 0.879454 0.000323001
1378.15 0.904659 0.00253865
1183.85 0.897071 0.000315071
1142.43 0.892996 0.000317063
1184.47 0.912661 0.000310473
1143.96 0.897032 0.000317284
1286.17 0.91346 0.00422281
1233.46 0.917452 0.00260757
1166.38 0.910847 0.00262023
1253.62 0.911211 0.00346915
1197.52 0.8985 0.00031538
1157.46 0.90306 0.00514792
1090 0.896644 0.000316179
1237.24 0.906074 0.00416185
1132.78 0.893667 0.000317821
1332.87 0.904396 0.00262117
1256.68 0.910214 0.00257961
1308.34 0.897804 0.00239053
1197.02 0.913876 0.0025851
1259.67 0.916296 0.00344258
1085.54 0.899513 0.00554592
1094.39 0.886699 0.00590485
1221.19 0.895448 0.00516
1242.39 0.911828 0.00300094
1172.86 0.881418 0.000322117
1076.62 0.897528 0.000315921
1247.6 0.898275 0.00367538
1125.65 0.894718 0.000316974
1172.29 0.901506 0.00551183
1165.33 0.911553 0.00252081
1202.98 0.884245 0.000321358
1149.97 0.901131 0.000317
1136.35 0.894046 0.000316211
1259.65 0.901539 0.000315025
1315.27 0.924862 0.00323005
1097.12 0.907794 0.00499518
1179.35 0.913648 0.00392897
1193.73 0.894756 0.000316982
1108.2 0.899087 0.000316236
1242.57 0.891038 0.00583271
1337.2 0.864031 0.000329393
1205.89 0.906653 0.00554028
1107.86 0.887672 0.000315635
1312.99 0.898402 0.00491757
1130.89 0.919012 0.00272461
1121.04 0.893196 0.000318926
1237.69 0.920079 0.0030877
1201.79 0.913126 0.00264204
1184.92 0.895525 0.00543647
1276.79 0.911898 0.00311767
1269.15 0.895792 0.00565326
1234.88 0.900456 0.000315668
1263.85 0.897074 0.000316882
1157.79 0.905023 0.00494872
1238.58 0.919763 0.00315414
1450.43 0.861206 0.000330982
1064.89 0.890778 0.000318817
1321.88 0.922072 0.00340521
1183.56 0.90858 0.00253931
1225.77 0.906956 0.00260989
1176.47 0.899224 0.543095
1230.14 0.905629 0.00697728
1121.65 0.905092 0.000313122
1341.69 0.883504 0.00297535
1187.19 0.911721 0.00256621
1177.33 0.897333 0.00557955
1207.69 0.913859 0.00031074
1160.45 0.909075 0.000312039
1310.68 0.900299 0.00261585
1131.54 0.908401 0.00261613
1494.17 0.915144 0.00341278
1339.93 0.910462 0.00338086
1202.09 0.893353 0.000317971
1150.05 0.91443 0.00261208
1182.74 0.911153 0.543737
1274.43 0.908229 0.00327823
1227.83 0.887979 0.00359341
1087.42 0.915069 0.00030938
1290.66 0.910354 0.00261717
1359.31 0.898371 0.00341226
1108.13 0.901635 0.00497501
1149.27 0.910477 0.00278591
1448.6 0.89176 0.00571753
1127.97 0.911047 0.000311588
1187.55 0.921888 0.0028604
1155.61 0.927821 0.00561006
1214.41 0.909708 0.00254314
1092.63 0.904455 0.000314176
1172.12 0.891631 0.000318631
1283.76 0.899582 0.000312923
1199.75 0.91561 0.00371601
1149 0.911057 0.00380945
1096.42 0.887638 0.000319387
1247.16 0.889138 0.0001876
1175.69 0.901326 0.000314926
1275.96 0.921363 0.00382231
1177.73 0.906474 0.000312368
1317.09 0.88224 0.000321044
1068.97 0.908895 0.00261417
1140.93 0.905906 0.000313509
1129.99 0.907646 0.000312999
1197.55 0.887477 0.000319966
1297.25 0.912372 0.00319885
1352.85 0.908265 0.000311241
1083.61 0.892151 0.000317821
1111.72 0.899534 0.000314921
1139.89 0.895883 0.00541012
1070.93 0.902783 0.00468349
1355.61 0.912117 0.00567275
1250.14 0.917552 0.00280612
1247.55 0.90344 0.00266766
1190.91 0.910055 0.00264031
1105.34 0.902149 0.000314181
1071.34 0.885057 0.00732087
1216.17 0.918707 0.00265376
1193.29 0.917621 0.000308519
1133.86 0.900374 0.000314568
1237.75 0.887994 0.537619
1135.8 0.879577 0.533824
1083.89 0.906418 0.00528656
1279.85 0.905433 0.00491266
1121.48 0.902769 0.000313427
1169.66 0.896449 0.000317486
1059.75 0.891477 0.00364165
1149.83 0.909117 0.000312371
1056.64 0.894135 0.000317552
1249.57 0.883168 0.00210885
1118.09 0.906248 0.00383331
1124.25 0.892886 0.000318105
1082.92 0.897947 0.000304153
1034.39 0.916352 0.00257096
1166.03 0.909109 0.00254304
1128.18 0.887851 0.000319741
1166.51 0.914017 0.00262422
1165.13 0.904465 0.00545499
1134.56 0.906708 0.00505623
1142.94 0.913958 0.0026238
1157.52 0.887126 0.000319929
1164.94 0.899623 0.00030135
1151.64 0.885785 0.00571194
1112.63 0.892988 0.00031758
1117.74 0.915069 0.00259667
1108.31 0.912002 0.00253338
1209.68 0.892445 0.000318268
1255.55 0.907385 0.00411391
1269.77 0.87113 0.00543496
1281.67 0.899598 0.00513086
1213.28 0.913552 0.00399818
1164.86 0.909863 0.00260347
1083.18 0.899887 0.000315493
1138.8 0.886045 0.000321725
1183.79 0.896669 0.00563907
1207.48 0.907412 0.00254999
1092.52 0.909746 0.00256233
1319.22 0.902445 0.00506209
1168.33 0.902793 0.00488907
1300.78 0.910006 0.00307927
1256.47 0.879649 0.00533186
1157.46 0.90804 0.00262234
1299.35 0.881521 0.00629386
1246.86 0.896971 0.00431311
1113.4 0.920457 0.00264898
1381.68 0.881328 0.000321116
1109.05 0.901055 0.000315477
1185.05 0.906526 0.00479177
1207.9 0.899474 0.000315516
1097.3 0.893645 0.00031775
1264.26 0.909229 0.00260881
1251.18 0.893085 0.000316433
1206.65 0.8728 0.00582411
1137.15 0.87246 0.000325323
1158.61 0.901399 0.00696634
1095.56 0.90464 0.00031313
1106.25 0.906803 0.00537877
1239.53 0.895954 0.0051446
1104.53 0.912392 0.00259095
1104.12 0.901567 0.00515901
1118.68 0.896653 0.00548047
1395.43 0.890584 0.00613051
1128.7 0.901143 0.000312764
1126.52 0.879344 0.00582109
1086.39 0.908266 0.0038715
1281.71 0.903925 0.0064277
1204.11 0.890265 0.537382
1084.91 0.907612 0.00542905
1181.73 0.915884 0.00030904
1096.03 0.886942 0.000261462
1128.4 0.918971 0.00307639
1277.28 0.919465 0.00593233
1186.94 0.904099 0.000313949
1168.12 0.915724 0.00297108
1236.02 0.888405 0.000318524
1187.61 0.906188 0.00494677
1149.33 0.880713 0.000322617
1248.36 0.905521 0.00428803
1082.67 0.907538 0.00342072
1174.54 0.895043 0.000316227
1300.29 0.883859 0.00396235
1074.58 0.904298 0.00356827
1260.68 0.900696 0.000315175
1099.49 0.903261 0.00497319
1118.69 0.915593 0.00262038
1139.03 0.911929 0.000310564
1251.78 0.894226 0.00542233
1074.68 0.904417 0.00376694
1408.94 0.922258 0.00317017
1172.78 0.908086 0.00282892
1256.76 0.922411 0.000307407
1298.63 0.905891 0.00264498
1177.72 0.887512 0.0053761
1118.9 0.912287 0.00257474
1209.27 0.902173 0.00512706
1169.77 0.905351 0.00438783
1157.2 0.909321 0.00259162
1195.26 0.896485 0.00519972
1079.78 0.902285 0.00268685
1164.73 0.912966 0.00301841
1349.13 0.881346 0.00347348
1148.27 0.907151 0.00492067
1161.49 0.90642 0.00430489
1181.95 0.908318 0.00254989
1163.72 0.911664 0.00255589
1150.31 0.896879 0.00455399
1193.94 0.902679 0.000313154
1132.01 0.91455 0.00260161
1317.77 0.892122 0.00597102
1210.06 0.901114 0.00350464
1115.63 0.902085 0.00510416
1108.38 0.901379 0.000314749
1172.28 0.911156 0.00263133
1136.03 0.896249 0.000316095
1242.06 0.9075 0.00312779
1122.16 0.879536 0.000322426
1058.27 0.913597 0.00303567
1213.8 0.901031 0.000313553
1178.84 0.888783 0.000319436
1067.2 0.90977 0.00261749
1277.73 0.903574 0.00264586
1272.35 0.919402 0.00341246
1381.64 0.902249 0.00487227
1180.55 0.906282 0.00443354
1223.86 0.905243 0.00428941
1174.13 0.915875 0.00411727
1136.56 0.916128 0.00323244
1156.24 0.900993 0.00538443
1245.32 0.907887 0.00325755
1276.97 0.914747 0.00258326
1150 0.888929 0.00572035
1152.56 0.895622 0.00544865
1203.94 0.894283 0.00558652
1204.06 0.901716 0.00545628
1210.26 0.910164 0.00261073
1089.86 0.90427 0.000312523
1167.41 0.904571 0.00247347
1112.38 0.900586 0.549995
1077.33 0.884936 0.000319753
1171.17 0.889265 0.00517188
1195.37 0.901763 0.545015
1185.27 0.917545 0.00328286
1497.08 0.908971 0.00517247
1301.03 0.918114 0.00328888
1150.96 0.905378 0.0050744
1213.19 0.877361 0.000323726
1211.24 0.876184 0.00449903
1162.42 0.903513 0.000314393
1040.29 0.916731 0.00300056
1165.4 0.903091 0.00506478
1218.06 0.912918 0.00263113
1213.47 0.86766 0.00456392
1154.71 0.911903 0.00687479
1158.96 0.908543 0.000309578
1105.64 0.891655 0.000318036
1221.67 0.900028 0.00499212
1209.86 0.906526 0.00520765
1090.24 0.913015 0.00303249
1350.3 0.91994 0.00339049
1263.58 0.898779 0.000315343
1194.74 0.886271 0.000320535
1105.07 0.918045 0.00263277
1238.41 0.911394 0.00293886
1088.63 0.912188 0.000310336
1182.91 0.904614 0.00531891
1263.73 0.91163 0.00514407
1199.74 0.887109 0.000319778
1201.39 0.902874 0.0049797
1163.51 0.917696 0.0030359
1241.58 0.922026 0.00323417
1254.26 0.898876 0.00444998
1072.9 0.915559 0.0025367
1245.8 0.902685 0.00429162
1355.48 0.890841 0.544515
1064.51 0.916266 0.00260407
1151.85 0.914665 0.00251484
1191.91 0.896883 6.9071e-05
1200.94 0.900314 0.000315127
1169.43 0.873328 0.00642713
1154.58 0.908172 0.00448188
1193.67 0.903754 0.00463275
1285.7 0.900887 0.00446935
1179.6 0.910275 0.00251174
1208.82 0.897196 0.000316552
1104.45 0.916998 0.00273915
1277.39 0.85903 0.00759716
1259.67 0.906403 0.0034741
1163.25 0.906662 0.00263035
1221.38 0.911704 0.00323137
1104.67 0.916156 0.0028833
1214.4 0.897107 0.00549627
1229.23 0.871969 0.000325569
1121.61 0.911914 0.00259513
1289.98 0.914258 0.00601137
1190.23 0.916444 0.00356694
1163.75 0.898317 0.00602089
1197.11 0.915892 0.00311906
1120.11 0.895214 0.0049565
1269.38 0.88807 0.000319026
1304.73 0.914579 0.00343414
1277.49 0.90576 0.00436682
1222.28 0.88252 0.00491939
1164.12 0.919562 0.00321686
1202.47 0.877269 0.000324331
1151.37 0.894123 0.00509831
1198.47 0.904156 0.000313276
1180.27 0.915075 0.00254275
1160.39 0.883783 0.00603142
1138.26 0.908039 0.000312562
1211.28 0.915521 0.00315389
1192.2 0.903183 0.00527789
1193.93 0.890814 0.000318055
1107.18 0.901415 0.00506924
1316.01 0.889483 9.37647e-05
1120.88 0.896259 0.00569159
1170.98 0.913337 0.0026536
1307.6 0.879756 0.00438999
1120.68 0.886441 0.000320155
1065.45 0.898557 0.000315837
1296.94 0.918235 0.558493
1248.82 0.875352 0.00573379
1183.81 0.900475 0.0047925
1122.23 0.903677 0.00463959
1097.09 0.91544 0.00266012
1285.37 0.891706 0.00556948
1216.39 0.897375 0.00596033
1098.8 0.910764 0.00255651
1169.4 0.914575 0.00413847
1289.27 0.861812 0.00674197
1156.57 0.897606 0.000302236
1182.18 0.904286 0.000313168
1195.66 0.917939 0.00254512
1127.83 0.883866 0.00399103
1047.42 0.902025 0.00568522
1256.82 0.89961 0.00261178
1120.25 0.911207 0.00256779
1227.12 0.917996 0.00246952
1193.1 0.912665 0.00356011
1271.7 0.881317 0.000322142
1193.78 0.881351 0.000322777
1213.18 0.904731 0.00350869
1251.27 0.914226 0.00312696
1435.31 0.917323 0.00355669
1383.08 0.912256 0.00498895
1155.77 0.910415 0.0027278
1255.77 0.906673 0.000313565
1086.85 0.904786 0.00539191
1191.11 0.877872 0.000320245
1191.52 0.878442 0.000321803
1160.32 0.883431 0.00591045
1206.68 0.891164 0.000319002
1126.08 0.902475 0.00491498
1166.78 0.865207 0.000329819
1179.39 0.883391 0.000318956
1122.93 0.897328 0.000316206
1137.05 0.905346 0.000312712
1198.59 0.885413 0.00451445
1139.44 0.908311 0.00312792
1167.21 0.912932 0.00268797
1209.92 0.891887 0.00573664
1216.41 0.888675 0.000319689
1114.53 0.912191 0.00259839
1275.58 0.919323 0.00315771
1202.2 0.889945 0.000318008
1200.58 0.920357 0.00343874
1235.46 0.882101 0.000322855
1276.11 0.900566 0.00430852
1307.19 0.910337 0.000310755
1133.82 0.900216 0.00452578
1075.73 0.90805 0.000311578
1169.31 0.904323 0.00422707
1208.1 0.917605 0.00311072
1140.43 0.905903 0.000312921
1135.45 0.900916 0.000314037
1190.86 0.890977 0.000318526
1260.57 0.905924 0.00255482
1178.11 0.906415 0.00516548
1165.65 0.914107 0.00247088
1171.77 0.894562 0.000316467
1166.94 0.913857 0.00260887
1232.41 0.896489 0.00403335
1153.37 0.914345 0.00256063
1205.38 0.900908 5.66199e-05
1058.66 0.894174 0.000317718
1113.8 0.914385 0.00277991
1147.6 0.89724 0.000316175
1267.59 0.891685 0.00322473
1157.11 0.893836 0.000322186
1042.22 0.88171 0.000322409
1124.45 0.900213 0.00467984
1226.43 0.884668 0.00517393
1122.21 0.892077 0.0054572
1191.41 0.907058 0.00488767
1154.37 0.906081 0.00264413
1135.37 0.915729 0.00266873
1315.56 0.893204 0.000317211
1177.96 0.894024 0.000321495
1158.85 0.909424 0.00354367
1090.93 0.897655 0.00535126
1157.87 0.905375 0.000313133
1155.49 0.912084 0.00452435
1176.31 0.890482 0.00660494
1109.34 0.906082 0.00446869
1151.17 0.88901 0.540835
1264.75 0.893793 0.00514358
1138.78 0.903494 0.00549427
1114.14 0.918823 0.00281812
1231.57 0.875113 0.000325422
1155.61 0.897072 0.00543812
1123.69 0.902007 0.000307125
1130.38 0.897544 0.017093
1221.81 0.910469 0.00298816
1207.53 0.882175 0.000321432
1263.38 0.918239 0.00350017
1297.81 0.898369 0.0050949
1076.76 0.910533 0.00256787
1126.88 0.903437 0.000314733
1083.56 0.905879 0.00262819
1151.95 0.886496 0.00559027
1229.97 0.881424 0.000321969
1325.17 0.920571 0.000303686
1111.66 0.906575 0.00255428
1190.38 0.904559 0.552237
1064.26 0.922041 0.00306768
1230.16 0.902832 0.00522518
1213.63 0.89998 0.0058754
1329.21 0.935402 0.000300667
1254.35 0.912399 0.00256591
1184.14 0.911016 0.00265022
1106.9 0.903442 0.00542406
1126.16 0.890974 0.000318492
1147.62 0.911245 0.000317346
1034.09 0.908538 0.0026502
1142.32 0.908204 0.00253558
1318.33 0.8926 0.00362596
1173.98 0.903255 0.000313414
1176.66 0.913451 0.00292589
1151.7 0.915301 0.00249203
1177.88 0.902093 0.000314229
1258.7 0.887823 0.000158401
1251.37 0.883938 0.00555959
1270.24 0.896398 0.00536097
1064.35 0.886059 0.000320523
1302.37 0.881103 0.000318831
1449.5 0.895112 0.00536676
1182.22 0.917051 0.00261326
1228.54 0.876324 0.000306037
1211.16 0.913056 0.00249204
1399.61 0.915078 0.000310847
1354.62 0.896082 0.00527064
1199.44 0.898428 0.00372819
1203.65 0.902447 8.43335e-05
1211.72 0.901326 0.000272415
1099.16 0.90146 0.00572817
1208.6 0.877669 0.000325544
1113.11 0.917022 0.00248315
1292.78 0.906175 0.00265725
1171.98 0.900743 0.000315073
1010.56 0.910085 0.00266434
1202.99 0.902325 6.56853e-05
1130.36 0.91502 0.00253958
1072.83 0.910157 0.00263813
1239.52 0.919009 0.00267455
1431.1 0.91866 0.00341508
1252.54 0.908987 0.00256466
1118.62 0.879945 0.000323205
1248.08 0.910928 0.000311812
1057.09 0.903066 0.00505603
1228.43 0.894133 0.00533088
1279.21 0.894649 0.00576839
1163.6 0.905875 0.000313226
1208.65 0.922412 0.00316594
1204.77 0.898995 0.000314459
1222.99 0.886291 0.000320851
1241.19 0.917221 0.00364328
1206.17 0.910238 0.00259268
1152.72 0.878441 0.000323512
1090.01 0.894626 0.00522759
1191.63 0.92214 0.00306995
1248.69 0.894777 0.00523168
1113.76 0.890786 0.000318672
1205.76 0.892308 0.537457
1182.88 0.917259 0.00256704
1286.03 0.912031 0.00309376
1104.35 0.907316 0.00256154
1409.24 0.897763 0.00586792
1199.41 0.894019 0.000317695
1161.14 0.911365 0.00255372
1109.06 0.901112 0.000314637
1131.88 0.909366 0.548775
1367.31 0.888086 0.536497
1203 0.911222 0.000311499
1105.47 0.876201 0.000318766
1362.97 0.868557 0.00686112
1296.87 0.902574 0.000315711
1105.85 0.885769 0.00464076
1252.36 0.892368 0.0053883
1144.1 0.904011 0.00258516
1163.68 0.898294 0.00559909
1187.86 0.902806 0.00481597
1162.94 0.909604 0.000310684
1283.27 0.908862 0.00376733
1200.41 0.917636 0.546747
1162.68 0.909576 0.00259848
1150.23 0.907992 0.00447291
1080.52 0.90444 0.000312929
1137.07 0.910514 0.000311781
1181.89 0.908809 0.000312227
1249.53 0.898095 0.00527241
1166.32 0.906396 0.00263937
1168.1 0.906627 0.00260448
1221.61 0.88218 0.000321657
1191.28 0.892461 0.00574188
1216.95 0.908597 0.00257512
1143.65 0.887675 0.00631802
1108.46 0.890906 0.000319664
1173.58 0.914581 0.00258358
1174.03 0.890409 0.000317949
1134.82 0.902567 0.000313795
1221.44 0.903851 0.00431138
1245.29 0.913285 0.00246176
1149.91 0.892076 0.000318884
1187.48 0.912555 0.00261735
1145.84 0.891934 0.000318565
1189.75 0.909994 0.549675
1214.04 0.89277 0.000318778
1096.12 0.89914 0.00508407
1244.87 0.878452 0.00025812
1368.44 0.899079 0.00355191
1193.05 0.915497 0.00347462
1190.49 0.907595 0.000311822
1257.24 0.9097 0.00259415
1091.82 0.89352 0.000318464
1241.94 0.910296 0.00338865
1097.26 0.914697 0.00268455
1240.56 0.920004 0.00328037
1128.4 0.904435 0.00326008
1373.56 0.878772 0.00553829
1216.15 0.896883 0.00631137
1091.85 0.897172 0.00428781
1201.49 0.900371 0.005552
1319.39 0.91844 0.003725
1158.98 0.907356 0.00256612
1282.39 0.891866 0.00295169
1091.9 0.904512 0.00495102
1202.21 0.907648 0.00264117
1221.08 0.896689 0.000316136
1133 0.915024 0.00257704
1169.27 0.90977 0.000311751
1330.15 0.884438 0.00515369
1102.08 0.911821 0.0025857
1065.28 0.900497 0.000315327
1268.05 0.879604 0.532845
1092.44 0.916534 0.00262032
1246.86 0.873721 0.000324916
1233.64 0.906275 0.00266697
1353.57 0.884178 0.00592124
1100.4 0.89251 0.000317919
1158.21 0.875377 0.000324656
1236.15 0.913695 0.0029899
1246.27 0.890263 0.000315851
1162.74 0.91458 0.00249985
1163.54 0.911439 0.00266416
1239.5 0.883603 0.00574983
1179.99 0.905257 0.00260639
1147.49 0.906274 0.0053782
1140.32 0.905796 0.00272045
1260.61 0.921478 0.00360513
1160.8 0.910935 0.00324326
1224.99 0.910339 0.00256608
1205.08 0.872741 0.000326081
1189.12 0.89617 0.00401659
1108.94 0.913892 0.00618171
1203.09 0.904151 0.002592
1180.39 0.904157 0.00491371
1090.65 0.899069 0.0050548
1131.76 0.903662 0.000313283
1418.2 0.909969 0.00399944
1179.05 0.904359 0.00263584
1111.58 0.902728 0.00538534
1118.52 0.905296 0.000312653
1362.62 0.915068 0.00371497
1169.6 0.913411 0.0026785
1153.7 0.894087 0.000317603
1234.42 0.879275 0.000323943
1112.2 0.918449 0.00334567
1278.06 0.885069 0.000320612
1230.39 0.909794 0.00650972
1125.65 0.912872 0.00295617
1091.95 0.893979 0.00549443
1140.67 0.895175 0.00555114
1267.09 0.896531 0.00523397
1297.85 0.918467 0.00394372
1404.86 0.916421 0.00355192
1066.2 0.901661 0.000313502
1145.88 0.912069 0.00261065
1257.35 0.881263 0.0036666
1359.66 0.900142 0.00031421
1169.2 0.911806 0.00434512
1203.54 0.906257 0.00485751
1169.13 0.915519 0.0032026
1170.7 0.885515 0.00365522
1317.99 0.887872 0.000319236
1264.77 0.893294 0.00485857
1143.65 0.916777 0.0033397
1065.15 0.915449 0.00256384
1049.58 0.895095 0.00408991
1093.57 0.923754 0.000306541
1192.15 0.904192 0.00487172
1187.89 0.881048 0.000322411
1041.54 0.897651 0.00515502
1171.44 0.908235 0.000310212
1120.64 0.897211 0.000316211
1192.01 0.88847 0.537199
1123.81 0.90045 0.00031546
1094.03 0.896081 0.000314369
1167.77 0.905514 0.00472652
1254.72 0.90682 0.00465865
1265.69 0.895155 0.00672023
1197.52 0.920919 0.000307748
1187.62 0.90387 0.00262113
1178.39 0.898905 0.00346255
1234.26 0.902501 0.00261207
1169.29 0.91152 0.00256053
1081.82 0.897966 0.000313625
1132.92 0.902859 0.00407794
1223.17 0.899011 0.00574998
1071.63 0.898503 0.00480693
1180.83 0.896756 0.000316088
1128.9 0.913807 0.00276634
1134.79 0.906626 0.00350482
1145.62 0.911621 0.0067988
1294.59 0.905092 0.00252294
1086.67 0.913622 0.00257328
1237.68 0.898427 0.00529842
1096.22 0.9055 0.00410916
1209.91 0.881871 0.535456
1276.97 0.910739 0.00030986
1148.96 0.911273 0.00254181
1160.65 0.90591 0.00488006
1144.13 0.921592 0.000297923
1107.17 0.912009 0.00261948
1185.25 0.884176 0.000320597
1224.94 0.913149 0.00031067
1184.6 0.906759 0.00358037
1204.88 0.897496 0.00550348
1149.01 0.911887 0.00260994
1006.18 0.910069 0.00258119
1164.87 0.923221 0.00030702
1123.27 0.91194 0.0027344
1245.47 0.902749 0.000151019
1165.9 0.908313 0.00255374
1117.71 0.910655 0.00511439
1316.38 0.908489 0.00257887
1082.65 0.896501 0.54212
1242.8 0.88933 0.00410662
1248.13 0.906529 0.00539662
1103.69 0.914718 0.0025702
1110.31 0.918256 0.0026555
1104.57 0.895676 0.00547259
1236.68 0.916757 0.00415295
1151.34 0.905402 0.00503774
1359.65 0.915511 0.000309041
1120.66 0.900406 0.000314558
1153.32 0.886968 0.000320312
1208.63 0.893055 0.538228
1102.52 0.90983 0.00262485
1299.13 0.911413 0.00340745
1123.63 0.892373 0.00673034
1184.64 0.921982 0.0039551
1120.82 0.883709 0.00410968
1255.3 0.889382 0.00545875
1080.02 0.910215 0.000310473
1187.05 0.880756 0.00575632
1242.91 0.89928 0.0039779
1198.97 0.916094 0.000310179
1116.21 0.902977 0.00489965
1029.7 0.916045 0.00253265
1119.32 0.907567 0.00575281
1131.66 0.916968 0.00392237
1187.88 0.909448 0.00464807
1218.76 0.906839 0.00349852
1076.72 0.905771 0.000312595
1143.73 0.895932 0.0048394
1178.88 0.91032 0.000312382
1294.13 0.911938 0.00261818
1354.28 0.911996 0.00350961
1100.84 0.910085 0.00255025
1167.53 0.912792 0.00263376
1165.91 0.903905 0.00465678
1186.68 0.888083 0.0046474
1229.1 0.880581 0.000323284
1128.21 0.879609 0.000323393
1164.14 0.884522 0.00032072
1264.29 0.915992 0.00257088
1115.56 0.909449 0.00266322
1219.64 0.902099 0.00424509
1192.38 0.906785 0.00355126
1129.15 0.891546 0.000318351
1138.99 0.902403 0.00531268
1264.29 0.909598 0.00251784
1175.96 0.897655 0.00426632
1102.86 0.897397 0.000315813
1304.57 0.904614 0.00468351
1137.41 0.90344 0.00557777
1160.58 0.907828 0.00258645
1079.79 0.909598 0.00267217
1122.7 0.888856 0.00511669
1192.76 0.910044 0.00409207
1171.02 0.901132 0.00544388
1381.44 0.884673 0.0054653
1227.86 0.909005 0.00719912
1168.16 0.904365 0.00495401
1189.66 0.873616 0.00484501
1423.81 0.902382 0.00396296
1444.44 0.897926 0.00765224
1148.84 0.913357 0.00249612
1124.87 0.921367 0.00298327
1089.33 0.899104 0.00439736
1142.36 0.91492 0.00260939
1044.63 0.903028 0.000313414
1241.96 0.915695 0.00030955
1305.25 0.88825 0.511333
1183.54 0.907211 0.00261161
1187.37 0.90846 0.00260701
1165.88 0.88078 0.533709
1104.22 0.908287 0.00331267
1186.84 0.890593 0.541125
1152.55 0.896708 0.000316093
1120.7 0.893027 0.000317876
1167.37 0.918281 0.00335723
1231.83 0.89171 0.000316488
1161.32 0.914299 0.0031229
1131.59 0.892902 0.0003183
1073.22 0.917368 0.00260298
1205.2 0.905745 0.000221863
1311.14 0.909705 0.00587798
1347.8 0.93034 0.00222422
1222.36 0.9124 0.00246433
1210.47 0.908961 0.00312261
1247.83 0.909407 0.00258684
1079.96 0.891807 0.000317893
1101.53 0.897974 0.00429922
1148.47 0.912141 0.000312075
1167.74 0.899504 0.00516294
1455.69 0.900568 0.00456608
1357.66 0.930535 0.00531244
1248.42 0.87068 0.000326904
1191 0.909352 0.00335479
1167.93 0.913324 0.00337661
1087.97 0.886853 0.000319243
1378.49 0.922512 0.000307038
1101.62 0.908926 0.000312478
1111.28 0.917454 0.00385902
1100.78 0.892307 0.0056743
1329.4 0.901089 0.00543263
1212.17 0.914459 0.00258218
1299.21 0.901091 0.00503492
1108.96 0.89041 0.000316865
1120.16 0.915316 0.00264485
1230.89 0.919828 0.00350486
1115.4 0.906022 0.000299914
1378.97 0.880539 0.000321724
1238.13 0.907035 0.00453906
1340.09 0.875168 0.532233
1216.68 0.910893 0.00376368
1339.28 0.903839 0.00259999
1193.61 0.901895 0.00444591
1064.51 0.902092 0.000315224
1180.52 0.883441 0.000319234
1107.74 0.904487 0.00567181
1037.17 0.899369 0.000314561
1117.22 0.904409 0.00031372
1149.14 0.897833 0.005497
1208.87 0.90331 0.000311193
1127.92 0.913155 0.0026216
1159.74 0.901013 0.00031491
1040.25 0.912301 0.00329915
1089.06 0.85423 0.000332887
1234.4 0.891049 0.00512466
1410.58 0.917204 0.0031596
1450.18 0.915124 0.00533914
1301.28 0.909911 0.00383885
1191.63 0.876207 0.0003249
1147.84 0.904341 0.547609
1130.04 0.91955 0.00401556
1114.17 0.897297 0.000316936
1239.09 0.883203 0.000320888
1226.69 0.873214 0.000325721
1233.32 0.906661 0.000312988
1243.16 0.910505 0.00412467
1213.49 0.905058 0.00413994
1174.69 0.905618 0.00258816
1136.1 0.917407 0.00255023
1357.96 0.921313 0.00324219
1079.18 0.892552 8.7051e-05
1220.2 0.914683 0.00257909
1305.11 0.913013 0.003417
1191.64 0.89525 0.000317263
1146.54 0.911964 0.00267084
1241.95 0.912183 0.00536474
1110.21 0.918313 0.00336252
1172.7 0.8897 0.000318634
1159.75 0.908854 0.000312169
1216.27 0.901611 0.00548047
1144.95 0.901864 0.00504644
1080.6 0.8973 0.00562781
1323.1 0.909482 0.00476283
1104.38 0.907791 0.00419174
1296.15 0.918555 0.000308057
1141.72 0.877877 0.535156
1187.1 0.910857 0.00283606
1079.17 0.898198 0.000316352
1066.27 0.897323 0.000316299
1150.66 0.911362 0.00261608
1162.07 0.867757 0.000328028
1027.21 0.908359 0.00255516
1453.77 0.911495 0.00389138
1141.54 0.894364 0.00443621
1142.39 0.901413 0.000315095
1214.46 0.892944 0.00586649
1123.2 0.916652 0.00249275
1113.61 0.914225 0.000310092
1219.86 0.88662 0.00518269
1228 0.878165 0.00549354
1114.78 0.898639 0.0055678
1208.61 0.910806 0.00258301
1141.33 0.910676 0.00300043
1111.26 0.889972 0.00622273
1244.39 0.900031 0.000314927
1336.17 0.877948 0.00032064
1032.95 0.880564 0.000322625
1163.33 0.907579 0.00534706
1178.32 0.914081 0.00265628
1155.54 0.908222 0.00381609
1150.59 0.88528 0.000320795
1274.58 0.911162 0.00335157
1099.66 0.898473 0.00424551
1136.86 0.911839 0.00256399
1170.14 0.913281 0.00259116
1164.39 0.911528 0.000311378
1159.97 0.891479 0.000318419
1134.97 0.91652 0.000308645
1180.44 0.877389 0.000325916
1155.33 0.903983 0.00458131
1206.68 0.907819 0.00260595
1168.06 0.906599 0.00708455
1238.49 0.900603 0.00614981
1201.56 0.901869 0.00748124
1219.05 0.89027 0.000318891
1321.46 0.880378 0.00476785
1192.87 0.909037 0.00312208
1129.53 0.899572 0.00559089
1187.95 0.913797 0.553989
1105.05 0.894759 0.000316299
1229.87 0.908926 0.00264034
1302.76 0.921708 0.000305779
1207.83 0.911584 0.00266307
1070.72 0.903607 0.00538063
1229.5 0.917767 0.00332891
1137.72 0.899725 0.00563267
1092.84 0.914839 0.00280702
1124.72 0.901902 0.00264221
1082.32 0.914982 0.000309169
1041.23 0.89312 0.0056415
1156.18 0.894182 0.00557355
1108.68 0.898709 0.000315997
1139.02 0.912252 0.00262885
1143.4 0.881791 0.000322694
1210.35 0.911367 0.00250913
1115.92 0.90673 0.00445309
1270.76 0.917191 0.00372332
1095.79 0.910528 0.00253929
1081.58 0.900546 0.00562347
1255.85 0.890017 0.000318896
1082.29 0.897847 0.00556088
1217.33 0.897325 0.000316551
1353.2 0.903434 0.00551557
1138.53 0.890263 0.000319137
1219.69 0.90012 0.00431239
1162.65 0.905927 0.000312635
1440.17 0.90786 0.00322172
1131.59 0.90178 0.00454918
1327.55 0.917993 0.00354235
1056.01 0.897844 0.00571037
1147.4 0.917697 0.00276857
1254.3 0.893671 0.00548683
1132.11 0.909112 0.000312069
1493.96 0.888839 0.00406362
1192.83 0.89552 0.00415596
1141.39 0.874235 0.000325326
1201.81 0.927589 0.00323869
1164.43 0.863832 0.000328044
1117.29 0.895034 0.00031737
1363.41 0.88322 0.00555304
