0.891726
0.894878
0.895497
0.898383
0.896953
0.891887
0.888661
0.893847
0.89168
0.896573
0.893674
0.897573
0.89216
0.89432
0.894834
0.865897
0.894689
0.898916
0.89099
0.894407
0.892014
0.893335
0.897645
0.899514
0.898895
0.89541
0.890025
0.894102
0.898028
0.894028
0.894793
0.900886
0.892244
0.892544
0.891316
0.892672
0.896701
0.903963
0.896124
0.899912
0.887445
0.90237
0.895247
0.896443
0.897599
0.897233
0.864237
0.875821
0.896619
0.891421
0.899698
0.889792
0.879231
0.893183
0.892564
0.895112
0.897057
0.895118
0.863597
0.888475
0.894123
0.896376
0.893891
0.898341
0.887547
0.895049
0.89665
0.896281
0.894918
0.890493
0.884592
0.898107
0.89605
0.885435
0.892479
0.880968
0.876784
0.900542
0.896937
0.896091
0.895389
0.89137
0.895422
0.894683
0.892895
0.897838
0.888109
0.900471
0.894246
0.888361
0.899518
0.891192
0.890608
0.888387
0.894405
0.896945
0.868979
0.893951
0.887959
0.895433
0.89793
0.896804
0.897168
0.888141
0.888743
0.896653
0.86807
0.897967
0.886016
0.893911
0.898768
0.895382
0.898701
0.890619
0.899391
0.894772
0.887547
0.895335
0.894531
0.898512
0.892141
0.893894
0.894203
0.896734
0.895549
0.892556
0.901818
0.892652
0.893279
0.890143
0.892732
0.892764
0.89512
0.894778
0.889441
0.892966
0.893789
0.894045
0.893695
0.897094
0.893554
0.894462
0.893364
0.895529
0.891279
0.891913
0.894411
0.897493
0.896374
0.893412
0.892684
0.887769
0.895298
0.899576
0.893749
0.889704
0.894213
0.889931
0.891239
0.894321
0.894786
0.895404
0.894868
0.895178
0.895157
0.899759
0.892393
0.893661
0.891436
0.888338
0.892409
0.894587
0.89989
0.898075
0.895529
0.894413
0.888163
0.892871
0.896616
0.892453
0.893563
0.892675
0.894264
0.888449
0.894545
0.895827
0.897299
0.900025
0.891842
0.893828
0.898636
0.87674
0.894092
0.895267
0.895509
0.89347
0.897826
0.891119
0.888576
0.894381
0.895677
0.897171
0.888385
0.89266
0.894978
0.89872
0.895807
0.900925
0.893205
0.897537
0.889097
0.894329
0.889347
0.893677
0.895476
0.900066
0.890865
0.900493
0.889215
0.895035
0.898188
0.894547
0.892542
0.8939
0.893389
0.892907
0.895792
0.892888
0.896717
0.886898
0.895944
0.894611
0.887236
0.895315
0.892556
0.862828
0.893386
0.898356
0.892744
0.893528
0.895262
0.899054
0.895337
0.895444
0.898081
0.890864
0.893211
0.895081
0.886412
0.895666
0.89884
0.888019
0.889271
0.895491
0.894987
0.889943
0.890082
0.889606
0.897652
0.889355
0.897264
0.895855
0.898851
0.895724
0.895798
0.894755
0.893976
0.8967
0.886382
0.896478
0.893986
0.891206
0.893841
0.892507
0.871478
0.89422
0.89645
0.882458
0.89376
0.894021
0.893413
0.888653
0.893948
0.890517
0.892768
0.89318
0.891781
0.893961
0.893291
0.894493
0.893307
0.895296
0.893838
0.893397
0.896124
0.886232
0.888868
0.892934
0.890708
0.886764
0.893092
0.894946
0.896527
0.896003
0.888636
0.893564
0.885104
0.896194
0.895393
0.898612
0.901817
0.893621
0.892792
0.900118
0.890826
0.896049
0.889749
0.883468
0.893946
0.892137
0.893213
0.890647
0.893853
0.899486
0.892252
0.895188
0.868655
0.892629
0.896235
0.892089
0.893941
0.893972
0.897033
0.892111
0.892196
0.893072
0.891826
0.895983
0.894855
0.893511
0.888928
0.872475
0.901392
0.89546
0.894781
0.891345
0.894784
0.890596
0.888533
0.892597
0.894397
0.885906
0.890969
0.890895
0.897997
0.887271
0.891793
0.894397
0.896269
0.894671
0.894988
0.892159
0.894349
0.893903
0.892689
0.855839
0.895125
0.891062
0.894025
0.896789
0.89038
0.891604
0.898687
0.891679
0.893446
0.895075
0.877841
0.894703
0.893412
0.895874
0.896008
0.89883
0.891482
0.899263
0.893242
0.881851
0.895426
0.894437
0.898255
0.886104
0.89687
0.892497
0.893415
0.867421
0.893227
0.878181
0.882457
0.889269
0.897373
0.895849
0.893319
0.893959
0.89874
0.865611
0.895489
0.894503
0.904854
0.875414
0.893969
0.893404
0.855132
0.895913
0.895702
0.894203
0.894681
0.894692
0.892179
0.894659
0.893646
0.895909
0.890269
0.891457
0.894532
0.895163
0.894303
0.890951
0.882393
0.89364
0.892526
0.894742
0.888211
0.90015
0.896667
0.884921
0.888922
0.900212
0.897559
0.897496
0.894412
0.887406
0.895006
0.894087
0.896023
0.893934
0.894419
0.894917
0.899949
0.895773
0.895131
0.890076
0.90011
0.892536
0.895285
0.894515
0.892399
0.893218
0.890285
0.892938
0.890791
0.89532
0.895182
0.887817
0.894688
0.888522
0.892879
0.900172
0.894338
0.897203
0.894557
0.889496
0.895787
0.890101
0.898694
0.894831
0.896227
0.894107
0.894122
0.900522
0.871791
0.897628
0.896749
0.893777
0.894747
0.894078
0.888618
0.898636
0.893688
0.889284
0.893256
0.889875
0.894293
0.894389
0.894874
0.893965
0.89809
0.895885
0.887421
0.897045
0.896161
0.896894
0.893907
0.899963
0.89882
0.893811
0.894124
0.891828
0.892802
0.888484
0.865101
0.887592
0.899175
0.875038
0.898785
0.891537
0.894555
0.889405
0.897415
0.885411
0.867292
0.890777
0.895365
0.894921
0.891941
0.898435
0.8982
0.895044
0.89478
0.898849
0.888584
0.900054
0.888907
0.893872
0.893609
0.901625
0.894012
0.888646
0.89038
0.892698
0.888881
0.892623
0.892969
0.892994
0.886803
0.893812
0.89704
0.891643
0.889013
0.89797
0.893065
0.89415
0.871664
0.895546
0.893265
0.892345
0.858538
0.895085
0.893392
0.888817
0.867445
0.894682
0.892734
0.897602
0.892548
0.894541
0.891695
0.89533
0.887093
0.89329
0.893008
0.897202
0.876162
0.893593
0.895006
0.894144
0.888448
0.897695
0.890872
0.895815
0.857298
0.893995
0.889228
0.893076
0.895089
0.898444
0.894775
0.898318
0.896094
0.896962
0.893329
0.893837
0.89278
0.894716
0.894481
0.897954
0.900356
0.894534
0.890417
0.886486
0.896491
0.895558
0.886842
0.892776
0.891488
0.884814
0.891196
0.89283
0.896122
0.897023
0.892502
0.894827
0.890576
0.890628
0.893275
0.870353
0.898279
0.892429
0.892387
0.891409
0.894525
0.895289
0.886671
0.893736
0.867477
0.891287
0.891649
0.895079
0.884824
0.893893
0.896466
0.89404
0.898292
0.886716
0.870774
0.895419
0.899927
0.891664
0.89804
0.890283
0.89862
0.891818
0.900826
0.89373
0.895323
0.867464
0.894806
0.889928
0.889445
0.888847
0.890445
0.89292
0.895876
0.895076
0.89523
0.894093
0.893884
0.89361
0.895
0.864976
0.892769
0.897691
0.89152
0.89179
0.893822
0.896232
0.898018
0.890217
0.881432
0.89783
0.891965
0.901784
0.897068
0.890354
0.89496
0.893924
0.894556
0.895156
0.893353
0.897245
0.894196
0.897792
0.886549
0.894187
0.868312
0.891515
0.889727
0.894364
0.893192
0.893449
0.891995
0.893075
0.89037
0.892563
0.892491
0.893769
0.889566
0.89183
0.899256
0.892936
0.897774
0.891601
0.89849
0.896695
0.896163
0.892592
0.895124
0.897432
0.891236
0.893333
0.886428
0.898323
0.896211
0.891874
0.873785
0.893657
0.89733
0.892215
0.895461
0.894618
0.900225
0.890042
0.889243
0.893666
0.889998
0.891413
0.893828
0.891577
0.89832
0.887724
0.890524
0.88653
0.892579
0.894457
0.894781
0.899467
0.891374
0.885796
0.893781
0.89118
0.89786
0.890056
0.893323
0.896315
0.893349
0.89718
0.893233
0.895147
0.897908
0.891524
0.893147
0.894246
0.896896
0.895985
0.899124
0.868276
0.893469
0.893567
0.893885
0.891896
0.892733
0.899359
0.898775
0.887594
0.894052
0.89606
0.887144
0.896034
0.895424
0.892743
0.886154
0.887909
0.892493
0.897898
0.892953
0.893476
0.893524
0.898636
0.895179
0.886297
0.89571
0.895752
0.864759
0.893939
0.895492
0.894524
0.896759
0.89502
0.892973
0.897023
0.891682
0.892371
0.892257
0.894537
0.891188
0.868853
0.893137
0.898139
0.893788
0.896311
0.893035
0.89749
0.895822
0.867096
0.897447
0.893284
0.888994
0.891868
0.889337
0.894002
0.89946
0.891054
0.901007
0.896917
0.897385
0.865104
0.877468
0.893316
0.885002
0.887897
0.893648
0.894657
0.889481
0.898229
0.893439
0.898209
0.871878
0.897394
0.895128
0.897351
0.897729
0.894325
0.892141
0.888991
0.894969
0.896642
0.899179
0.897351
0.898014
0.894651
0.896092
0.894048
0.89555
0.895301
0.897828
0.895365
0.89369
0.893595
0.891901
0.883386
0.894216
0.894663
0.90043
0.89361
0.892836
0.894876
0.890753
0.88801
0.888022
0.888518
0.891179
0.890099
0.89642
0.888973
0.888111
0.890032
0.894913
0.894548
0.895203
0.895761
0.895045
0.897947
0.893916
0.893991
0.895182
0.895337
0.900521
0.892738
0.898342
0.894641
0.894165
0.897113
0.891967
0.895901
0.895394
0.884208
0.891662
0.892418
0.871342
0.895447
0.891964
0.891019
0.888925
0.899926
0.894892
0.894897
0.893849
0.874641
0.900018
0.895491
0.897552
0.893854
0.899658
0.864298
0.896157
0.893521
0.89543
0.896187
0.897082
0.897972
0.894853
0.893517
0.893791
0.897832
0.894193
0.886266
0.901615
0.892555
0.887931
0.88427
0.893379
0.893596
0.896576
0.890182
0.893739
0.896224
0.881529
0.889778
0.889222
0.8984
0.900604
0.889198
0.896037
0.895019
0.888259
0.895922
0.88944
0.894931
0.888748
0.895074
0.887502
0.894395
0.887774
0.89594
0.895917
0.894223
0.893914
0.896355
0.896751
0.896197
0.887863
0.899176
0.8937
0.888938
0.89726
0.891985
0.88168
0.896401
0.894283
0.878484
0.899372
0.895818
0.895033
0.892713
0.894763
0.893025
0.89483
0.89462
0.895469
0.894906
0.897098
0.900197
0.893541
0.886186
0.895601
0.894121
0.888317
0.892091
0.893223
0.895785
0.89529
0.896868
0.89442
0.894601
0.891861
0.88878
0.891432
0.893295
0.886817
0.89378
0.86319
0.895847
0.897404
0.898218
0.892554
0.893603
0.892677
0.896987
0.890748
0.894707
0.897891
0.896659
