0.874694
0.895785
0.896885
0.894167
0.896856
0.894008
0.889142
0.896181
0.891309
0.896718
0.894973
0.890664
0.894752
0.874267
0.896731
0.892209
0.894794
0.890792
0.876038
0.875899
0.891637
0.896527
0.875955
0.890814
0.891628
0.879594
0.898471
0.896971
0.896033
0.894688
0.877281
0.897012
0.898176
0.870439
0.886133
0.896521
0.894142
0.894858
0.892315
0.888526
0.887419
0.896722
0.88577
0.897922
0.897951
0.894364
0.890516
0.882351
0.893722
0.892243
0.895447
0.893722
0.89576
0.893451
0.891485
0.894529
0.885662
0.897557
0.882885
0.890328
0.89538
0.890105
0.892228
0.895312
0.895228
0.886923
0.88904
0.880875
0.8903
0.891642
0.876048
0.896903
0.892102
0.895057
0.892616
0.893705
0.896576
0.893584
0.889472
0.888936
0.876794
0.894128
0.895583
0.89445
0.896146
0.893439
0.892794
0.886005
0.891045
0.894672
0.893478
0.896372
0.896838
0.895931
0.893134
0.894669
0.886967
0.891881
0.890854
0.89421
0.868445
0.893361
0.897158
0.888491
0.893919
0.894608
0.869669
0.870457
0.894318
0.894317
0.89631
0.897267
0.901398
0.889016
0.887225
0.888793
0.895483
0.872547
0.895157
0.864752
0.886972
0.894775
0.895049
0.891568
0.888423
0.869438
0.892514
0.895026
0.894993
0.896788
0.895014
0.892309
0.894847
0.89732
0.894307
0.888669
0.889081
0.870894
0.897776
0.893336
0.891783
0.897555
0.871398
0.890646
0.8932
0.89508
0.871896
0.891721
0.888387
0.893567
0.893666
0.896449
0.8952
0.887053
0.894567
0.890727
0.89619
0.894583
0.867069
0.86842
0.893602
0.89348
0.864113
0.880342
0.88249
0.886727
0.897041
0.895535
0.898423
0.871982
0.897397
0.894756
0.887702
0.895301
0.894914
0.893716
0.887805
0.893972
0.891357
0.875303
0.896292
0.891667
0.893356
0.893639
0.888727
0.89516
0.892229
0.883188
0.894994
0.897309
0.894709
0.891379
0.894433
0.8949
0.892778
0.894364
0.896349
0.896926
0.889019
0.890833
0.89248
0.877575
0.89214
0.892557
0.895878
0.892626
0.890184
0.893708
0.892438
0.893243
0.892265
0.896797
0.876262
0.895543
0.897026
0.869183
0.890921
0.896578
0.870424
0.889786
0.895941
0.88172
0.894415
0.870801
0.862887
0.895482
0.872109
0.88619
0.890986
0.892741
0.895721
0.885694
0.88884
0.894018
0.887338
0.874076
0.895922
0.870539
0.884515
0.89418
0.875829
0.894474
0.877517
0.894508
0.89639
0.885785
0.888595
0.897482
0.896773
0.867884
0.895433
0.893728
0.887919
0.894071
0.87544
0.889043
0.897357
0.894184
0.884594
0.894524
0.895863
0.892553
0.878934
0.894009
0.889134
0.894566
0.889423
0.868974
0.893324
0.893628
0.886192
0.894099
0.883437
0.892289
0.897281
0.894977
0.860021
0.889983
0.894114
0.895163
0.884831
0.898645
0.879144
0.868489
0.864154
0.8795
0.894491
0.875935
0.86211
0.892289
0.892484
0.87498
0.893451
0.896693
0.892743
0.876342
0.88677
0.895864
0.872151
0.873205
0.876614
0.895393
0.895251
0.892953
0.895057
0.891648
0.892456
0.889421
0.890631
0.894577
0.89454
0.882801
0.89388
0.866464
0.896439
0.89544
0.868538
0.890826
0.878354
0.890339
0.892051
0.894633
0.889404
0.893558
0.889922
0.89078
0.867727
0.887379
0.879538
0.891807
0.892914
0.891343
0.896566
0.894041
0.895742
0.89308
0.896359
0.891213
0.896713
0.896217
0.874025
0.893385
0.895342
0.895113
0.895067
0.892894
0.893404
0.894847
0.89556
0.884384
0.894772
0.875874
0.875779
0.891273
0.870565
0.879932
0.894091
0.89478
0.892174
0.897809
0.89151
0.894898
0.895041
0.895619
0.888355
0.896159
0.893309
0.892889
0.87795
0.894911
0.888955
0.8755
0.896482
0.886522
0.872934
0.891462
0.889435
0.887759
0.895406
0.894554
0.894242
0.861505
0.888362
0.89317
0.891595
0.897929
0.895191
0.884907
0.891368
0.892085
0.895882
0.869189
0.897947
0.894935
0.895247
0.896064
0.86948
0.897352
0.8932
0.893679
0.870737
0.895091
0.893305
0.894144
0.895631
0.891886
0.894125
0.892745
0.88354
0.875813
0.894894
0.88611
0.890873
0.886576
0.893841
0.895565
0.893511
0.863417
0.888323
0.895364
0.896695
0.894935
0.866873
0.882835
0.895565
0.868096
0.894633
0.895218
0.889531
0.895839
0.896118
0.89369
0.89679
0.897614
0.874512
0.887947
0.894395
0.890365
0.871446
0.892003
0.875906
0.888579
0.892418
0.89619
0.892774
0.894392
0.877346
0.890501
0.87167
0.889166
0.881912
0.895616
0.896765
0.893685
0.89075
0.887077
0.897542
0.858636
0.894561
0.893671
0.886043
0.892325
0.889408
0.897451
0.894827
0.882742
0.896125
0.895438
0.897101
0.888506
0.894082
0.896338
0.8665
0.893195
0.893599
0.892542
0.893153
0.895992
0.898435
0.892641
0.89548
0.893385
0.880657
0.894445
0.897204
0.88794
0.894703
0.895572
0.895735
0.894879
0.888393
0.875125
0.893068
0.879137
0.886155
0.892229
0.872521
0.873447
0.887801
0.888558
0.895863
0.894511
0.871956
0.876267
0.890993
0.897013
0.894152
0.891156
0.891487
0.890679
0.874122
0.880107
0.896782
0.870039
0.897295
0.898273
0.891373
0.87209
0.895357
0.894356
0.879258
0.88907
0.880299
0.861713
0.896125
0.896636
0.882882
0.881519
0.87892
0.891655
0.881699
0.877754
0.892171
0.8947
0.887651
0.870552
0.887098
0.897203
0.895074
0.895454
0.895199
0.893343
0.888793
0.8934
0.89117
0.878633
0.884923
0.893146
0.887525
0.892411
0.89073
0.878206
0.891717
0.893412
0.896261
0.889249
0.895042
0.891711
0.861677
0.893546
0.890384
0.883233
0.889796
0.871203
0.892733
0.866869
0.895347
0.89544
0.894842
0.895973
0.894039
0.893934
0.88865
0.897216
0.890962
0.891611
0.896295
0.894236
0.896752
0.888498
0.88168
0.895501
0.894113
0.889611
0.869691
0.896034
0.89401
0.893278
0.890409
0.895066
0.892669
0.893452
0.892066
0.88698
0.879946
0.883222
0.895223
0.894774
0.893298
0.892699
0.896272
0.894572
0.895473
0.895839
0.895302
0.880154
0.895222
0.895558
0.891415
0.895839
0.894265
0.895099
0.892786
0.873208
0.874989
0.888328
0.877917
0.89502
0.893603
0.887952
0.893129
0.895429
0.891112
0.895028
0.895443
0.891412
0.869534
0.892258
0.8873
0.893863
0.893398
0.894641
0.87637
0.875682
0.879943
0.896767
0.894081
0.881674
0.891754
0.871661
0.891202
0.893814
0.875182
0.896211
0.894971
0.895729
0.890495
0.892101
0.897261
0.896006
0.896957
0.889882
0.890941
0.894522
0.896329
0.895573
0.892874
0.895977
0.862171
0.893933
0.891774
0.890113
0.87824
0.899943
0.893017
0.89318
0.894182
0.887259
0.894886
0.889855
0.8947
0.875568
0.893263
0.894853
0.893663
0.895971
0.896215
0.896894
0.892179
0.878241
0.891454
0.896355
0.883766
0.89401
0.89511
0.885398
0.896282
0.895743
0.894114
0.88167
0.887857
0.874372
0.890671
0.896132
0.876741
0.867569
0.894253
0.890311
0.896103
0.888041
0.874855
0.892046
0.8955
0.893808
0.894522
0.866458
0.864405
0.895386
0.894126
0.893751
0.887465
0.893811
0.874843
0.896752
0.888839
0.874881
0.895027
0.896607
0.893406
0.886986
0.873963
0.860224
0.88205
0.89712
0.89713
0.879509
0.895824
0.875895
0.899029
0.894557
0.890757
0.865093
0.893769
0.89268
0.880536
0.895777
0.88535
0.89549
0.898724
0.880161
0.87409
0.897714
0.870097
0.893969
0.882317
0.895441
0.892613
0.86451
0.869834
0.883763
0.882423
0.896586
0.863442
0.894326
0.887022
0.891064
0.895683
0.868704
0.895008
0.892919
0.896458
0.893347
0.896562
0.893665
0.88452
0.893331
0.892497
0.879865
0.88595
0.861772
0.897805
0.895997
0.895665
0.892911
0.896518
0.895391
0.886939
0.893648
0.898209
0.889665
0.87082
0.869653
0.891686
0.893056
0.889147
0.88279
0.894113
0.894827
0.892896
0.867262
0.891569
0.897794
0.870245
0.897588
0.882472
0.893869
0.88123
0.86021
0.895024
0.875947
0.879074
0.896859
0.895002
0.886752
0.897194
0.890917
0.880562
0.894028
0.888919
0.878184
0.896776
0.893498
0.879012
0.883699
0.894324
0.894093
0.895932
0.889401
0.896943
0.889307
0.89247
0.88795
0.892624
0.893712
0.878244
0.892946
0.895663
0.89563
0.895716
0.879642
0.890544
0.894563
0.887611
0.894023
0.893833
0.883097
0.893863
0.883609
0.870575
0.890393
0.893402
0.881561
0.891132
0.899668
0.895269
0.895101
0.896326
0.892366
0.875706
0.894274
0.894261
0.895713
0.89534
0.865636
0.892361
0.897468
0.894509
0.860802
0.891278
0.883719
0.886709
0.896747
0.895204
0.895071
0.873017
0.895242
0.896708
0.897287
0.897165
0.895119
0.894591
0.886511
0.872458
0.894493
0.890235
0.893632
0.894255
0.893897
0.886709
0.89453
0.879615
0.897475
0.89606
0.896137
0.891135
0.894881
0.894291
0.878028
0.86349
0.880548
0.894092
0.892655
0.892787
0.895968
0.891177
0.871888
0.891841
0.893946
0.893762
0.888824
0.900927
0.866064
0.892343
0.8914
0.896693
0.89448
0.879529
0.877339
0.893323
0.892391
0.894344
0.890189
0.897245
0.897539
0.892039
0.891945
0.877884
0.890348
0.885174
0.89545
0.892456
0.893518
0.894823
0.894606
0.891144
0.896479
0.893769
0.88903
0.885009
0.873807
0.892391
0.894677
0.874488
0.888683
0.894456
0.894008
0.884985
0.865948
0.896446
0.89465
0.888857
0.886732
0.87032
0.8705
0.891582
0.894535
0.894711
0.888688
0.888459
0.894382
0.895124
0.895111
0.893561
0.892333
0.892001
0.873196
0.894675
0.89537
0.88372
0.896717
0.882777
0.893364
0.892449
0.897872
0.894479
0.892943
0.892659
0.884242
0.897554
0.872354
0.894347
0.88634
0.894017
0.892546
0.895971
0.893465
0.866451
0.89416
0.882987
0.888924
0.896977
0.894215
0.876261
0.892235
0.897666
0.890667
0.892735
0.893647
0.878496
0.893292
0.897481
0.867058
0.894802
0.897058
0.871547
0.890708
0.89915
0.895667
0.867951
0.89477
