0.902517
0.907127
0.889146
0.904612
0.910803
0.86746
0.900309
0.902782
0.906138
0.911578
0.909167
0.889896
0.903569
0.88592
0.915637
0.911899
0.905217
0.906108
0.914865
0.904468
0.911002
0.90969
0.906792
0.911974
0.917358
0.909024
0.905854
0.912223
0.907806
0.913998
0.90317
0.884801
0.909175
0.905936
0.908163
0.86137
0.905311
0.908845
0.902136
0.916781
0.877451
0.908137
0.913254
0.909646
0.908946
0.877454
0.904833
0.907589
0.904154
0.910879
0.90508
0.909923
0.906727
0.910455
0.907383
0.907025
0.913094
0.911507
0.870959
0.906054
0.908945
0.881148
0.914357
0.887366
0.90237
0.906062
0.910019
0.909613
0.910138
0.90747
0.909334
0.90292
0.906233
0.888415
0.905045
0.91499
0.915231
0.915276
0.906796
0.885331
0.910969
0.907452
0.912618
0.906256
0.907939
0.907977
0.905875
0.908612
0.90658
0.912908
0.905005
0.884931
0.912224
0.909499
0.911442
0.906104
0.878708
0.908581
0.901489
0.908119
0.906737
0.90704
0.912003
0.910856
0.882718
0.90094
0.88134
0.902512
0.890338
0.874009
0.906617
0.906401
0.9081
0.909805
0.89048
0.910898
0.90434
0.89291
0.904386
0.906271
0.909877
0.910785
0.90428
0.914292
0.914503
0.909211
0.912803
0.914681
0.912806
0.907565
0.903316
0.887884
0.908229
0.905615
0.906637
0.908414
0.912127
0.899879
0.913921
0.906312
0.913287
0.909461
0.916093
0.906814
0.889553
0.907791
0.914436
0.911887
0.90254
0.903706
0.912032
0.909744
0.908963
0.913191
0.910012
0.907065
0.914379
0.901558
0.91038
0.905791
0.90531
0.913695
0.883523
0.91269
0.904337
0.909475
0.903411
0.906567
0.911773
0.914793
0.913175
0.907205
0.906309
0.90381
0.909433
0.906691
0.879422
0.902937
0.903538
0.91726
0.908564
0.906129
0.906392
0.885309
0.912423
0.90961
0.912561
0.907805
0.903987
0.905253
0.901883
0.905105
0.911728
0.914269
0.90175
0.879852
0.908468
0.901419
0.910507
0.909799
0.903368
0.910793
0.909008
0.910322
0.905207
0.908742
0.913569
0.909523
0.903167
0.906015
0.905074
0.906243
0.882189
0.904576
0.908357
0.907494
0.917188
0.903744
0.912901
0.912629
0.90983
0.906931
0.906514
0.879412
0.909131
0.912729
0.909285
0.905185
0.910659
0.908397
0.888545
0.910567
0.887085
0.914747
0.908256
0.912401
0.908441
0.907592
0.913957
0.906657
0.903867
0.914332
0.909366
0.909621
0.908288
0.915355
0.904806
0.90611
0.910351
0.901263
0.907072
0.895265
0.914032
0.907776
0.904412
0.906288
0.909191
0.913198
0.889053
0.904325
0.902801
0.903402
0.905953
0.909529
0.903462
0.908071
0.908116
0.913613
0.906066
0.911098
0.909749
0.906085
0.911099
0.909247
0.902077
0.906083
0.902452
0.896861
0.909228
0.912469
0.90924
0.87589
0.910798
0.90851
0.903124
0.907721
0.906106
0.905881
0.910837
0.907131
0.907066
0.908588
0.906619
0.905728
0.909521
0.88577
0.911858
0.902612
0.913644
0.904183
0.906071
0.91288
0.913452
0.91212
0.907203
0.916737
0.913949
0.900598
0.905813
0.904502
0.909573
0.884558
0.911133
0.906156
0.906496
0.907588
0.912331
0.913095
0.88345
0.907446
0.896381
0.909683
0.902806
0.912213
0.905965
0.910154
0.908096
0.904811
0.911889
0.90417
0.910514
0.903497
0.905446
0.885143
0.90427
0.909618
0.911479
0.907861
0.913196
0.891328
0.909371
0.913137
0.882319
0.881397
0.907022
0.904882
0.869975
0.91303
0.907131
0.908669
0.913799
0.90308
0.873952
0.909664
0.903868
0.912102
0.911724
0.893439
0.908797
0.908789
0.881452
0.884409
0.908224
0.911994
0.912684
0.905513
0.908826
0.888713
0.889523
0.907488
0.90438
0.909435
0.909923
0.91208
0.882861
0.903648
0.904299
0.914029
0.90626
0.900802
0.907574
0.908431
0.917702
0.88685
0.904489
0.914705
0.906018
0.91071
0.911733
0.908864
0.908508
0.907741
0.906894
0.887922
0.889706
0.908367
0.913052
0.906769
0.899257
0.910141
0.904904
0.905713
0.911941
0.916099
0.915384
0.897575
0.905954
0.904113
0.9129
0.881167
0.907458
0.896927
0.903975
0.876536
0.909222
0.911286
0.91512
0.906408
0.913792
0.904068
0.914715
0.903935
0.909961
0.915077
0.91004
0.90687
0.906826
0.908961
0.905108
0.902775
0.909074
0.904326
0.906011
0.911615
0.907063
0.902769
0.884239
0.905029
0.905197
0.916903
0.913004
0.885682
0.906145
0.913036
0.908153
0.909805
0.905624
0.913523
0.908357
0.916148
0.912389
0.906599
0.910946
0.904329
0.888009
0.912266
0.905162
0.910611
0.906282
0.90581
0.90805
0.886414
0.904992
0.907571
0.906957
0.907806
0.903056
0.907396
0.904771
0.888013
0.903035
0.908026
0.912358
0.910583
0.892944
0.910154
0.880325
0.906968
0.907059
0.90195
0.905586
0.913007
0.90915
0.905984
0.903895
0.904066
0.905073
0.903252
0.906179
0.90396
0.916395
0.908038
0.908027
0.908722
0.902528
0.909955
0.875581
0.910403
0.906394
0.90771
0.908255
0.90587
0.91351
0.905059
0.907446
0.90513
0.912886
0.9067
0.912217
0.909495
0.900652
0.908593
0.913139
0.907375
0.894098
0.909934
0.873397
0.908728
0.91071
0.912388
0.908323
0.903331
0.909511
0.902555
0.914596
0.914828
0.906852
0.915141
0.911776
0.893984
0.907567
0.908632
0.909568
0.910316
0.901506
0.913435
0.905681
0.900933
0.914609
0.904003
0.906754
0.905488
0.90582
0.909312
0.907778
0.880405
0.907727
0.915985
0.906316
0.905866
0.909971
0.906453
0.910534
0.906509
0.910947
0.903908
0.90772
0.914286
0.915705
0.918387
0.910601
0.91236
0.914867
0.903267
0.914603
0.873258
0.917499
0.90433
0.90347
0.906623
0.910614
0.904617
0.909035
0.91159
0.905082
0.906939
0.910631
0.912539
0.902746
0.910019
0.909503
0.905488
0.912396
0.911296
0.908649
0.90363
0.892344
0.903609
0.912892
0.891851
0.900452
0.904226
0.910209
0.917833
0.907355
0.912641
0.917235
0.913469
0.902367
0.907205
0.910596
0.916047
0.907077
0.889442
0.896334
0.909951
0.918521
0.909925
0.902838
0.901312
0.905649
0.872886
0.915299
0.890323
0.910421
0.908571
0.911138
0.904307
0.906852
0.915501
0.908039
0.907891
0.902999
0.910569
0.909173
0.907199
0.906428
0.901696
0.907665
0.909667
0.912456
0.90785
0.898316
0.912058
0.90763
0.908991
0.893046
0.91044
0.911353
0.909088
0.907634
0.901503
0.911305
0.909414
0.905799
0.913588
0.904073
0.920871
0.914698
0.909968
0.903894
0.910985
0.913926
0.910484
0.904666
0.907193
0.912043
0.911328
0.907913
0.913262
0.919397
0.909506
0.912272
0.914105
0.904503
0.905838
0.909332
0.909021
0.895758
0.905609
0.880398
0.905612
0.907418
0.905979
0.909338
0.906206
0.893617
0.905661
0.907422
0.906181
0.907472
0.875821
0.89197
0.908976
0.911833
0.907205
0.91429
0.911286
0.911524
0.911562
0.878692
0.904718
0.905633
0.912495
0.907103
0.880865
0.90578
0.910628
0.909073
0.894915
0.912859
0.906728
0.886215
0.911806
0.906564
0.912753
0.891261
0.907491
0.890033
0.906591
0.921843
0.911831
0.901408
0.911759
0.905173
0.91037
0.906117
0.906391
0.909997
0.913232
0.903557
0.905311
0.906907
0.913434
0.90257
0.911801
0.913873
0.878359
0.877563
0.912846
0.903902
0.913383
0.892137
0.905476
0.898837
0.906569
0.908665
0.907199
0.904663
0.908305
0.907467
0.90512
0.907586
0.90911
0.91519
0.912273
0.906998
0.908666
0.914878
0.911093
0.912519
0.904633
0.908213
0.912832
0.90624
0.905823
0.911861
0.878265
0.90631
0.904922
0.873728
0.902385
0.902869
0.907295
0.908005
0.902308
0.89327
0.888635
0.910875
0.910576
0.905062
0.881669
0.909428
0.884799
0.91777
0.906627
0.910219
0.908655
0.9032
0.885272
0.906003
0.902323
0.907117
0.906557
0.916775
0.912711
0.915932
0.903206
0.906051
0.904974
0.914896
0.908996
0.906544
0.91209
0.906444
0.90762
0.910667
0.902858
0.887839
0.880076
0.910302
0.909831
0.903155
0.875801
0.906764
0.87968
0.904941
0.912086
0.899482
0.907504
0.912991
0.911141
0.915034
0.90392
0.887621
0.906715
0.903589
0.904246
0.906146
0.908947
0.905023
0.90603
0.906077
0.909502
0.909796
0.892589
0.905937
0.903427
0.908368
0.905477
0.912881
0.910098
0.909518
0.904884
0.908521
0.907503
0.915802
0.904718
0.90691
0.903087
0.908475
0.905318
0.905703
0.905789
0.910266
0.911516
0.907231
0.902441
0.882625
0.913843
0.881728
0.900954
0.912589
0.906688
0.880924
0.919539
0.911008
0.907863
0.904249
0.90935
0.907065
0.916564
0.912512
0.905012
0.907454
0.903857
0.894536
0.906653
0.908071
0.909514
0.906855
0.906921
0.910478
0.886267
0.904108
0.895093
0.910023
0.887805
0.907395
0.901533
0.868713
0.914536
0.905804
0.878128
0.907971
0.905448
0.908308
0.91289
0.904052
0.907761
0.874001
0.912074
0.905825
0.912402
0.907646
0.915933
0.907872
0.899167
0.90747
0.903597
0.911376
0.909321
0.875782
0.909023
0.908289
0.908356
0.879182
0.880201
0.913684
0.913877
0.884939
0.910918
0.911055
0.915479
0.905947
0.912914
0.911682
0.90298
0.905075
0.902426
0.909601
0.906799
0.90646
0.906148
0.902731
0.911551
0.908773
0.879077
0.907468
0.909277
0.912461
0.910546
0.907921
0.902748
0.906878
0.905235
0.908173
0.909573
0.914469
0.908263
0.908618
0.904564
0.905662
0.910707
0.909284
0.909117
0.906949
0.910181
0.91041
0.872805
0.907616
0.882585
0.913408
0.908699
0.909114
0.903282
0.90704
0.913307
0.864662
0.906704
0.907608
0.901951
0.905174
0.908511
0.904338
0.903307
0.907124
0.903989
0.911808
0.911706
0.90762
0.90669
0.909762
0.898707
0.883179
0.911874
0.908412
0.908454
0.905296
0.871581
0.904139
0.901312
0.906903
0.907764
0.901262
0.907378
0.904879
0.895596
0.9093
0.885689
0.902833
0.913356
0.885859
0.910808
0.913345
0.912822
0.906428
0.912925
0.904913
0.904922
