1538.47 0.925297 0.000560912
1638.68 0.929358 0.000810855
1848.7 0.927492 0.000868876
1625.99 0.926604 0.000885202
1596.68 0.925463 0.000654891
1622.92 0.934528 0.000985582
1753.22 0.92813 0.00109802
1535.89 0.928762 0.000696444
1646.47 0.925726 0.000617976
1626.42 0.928538 0.00128361
1652.62 0.926907 0.000911799
1444.36 0.92595 0.000821123
1584.87 0.928353 0.000773203
1608.8 0.929686 0.000823816
1887.45 0.925001 0.000582652
1491.22 0.929963 0.000971536
1463.98 0.926473 0.00071927
1530.46 0.932593 0.000983944
1556.6 0.92897 0.0011512
1551.62 0.926836 0.00105739
1657.98 0.927571 0.00102936
1664.9 0.924978 0.00079347
1500.09 0.928612 0.00101606
1693.97 0.932031 0.0011762
1744.45 0.927893 0.00105541
1543.12 0.925795 0.000698272
1783.23 0.925501 0.00100127
1619.1 0.930325 0.000749693
1627.41 0.932392 0.000839332
1620.34 0.929126 0.000880798
1608.07 0.929731 0.000992327
1802.52 0.924444 0.000531163
1534.71 0.926925 0.000799674
1637.09 0.929735 0.00086552
1705.23 0.927369 0.00100313
1620.9 0.929112 0.00097541
1808.5 0.924852 0.000626532
1551.29 0.927966 0.000665155
1495.61 0.928311 0.000608509
1674.57 0.925717 0.000825165
2010.23 0.929345 0.0010364
1641.57 0.93028 0.00113602
1551.92 0.927234 0.000907
1865.97 0.927563 0.000969833
1712.09 0.92651 0.00102961
1716.05 0.925618 0.000726591
1572.88 0.931214 0.000660159
1537.6 0.924197 0.000887143
1523.11 0.926448 0.000711104
1994.07 0.92301 0.00122674
1536.81 0.929262 0.00111648
1503.31 0.927451 0.000827426
1518 0.935347 0.00113641
1918.82 0.922982 0.000933634
1744.68 0.923987 0.000977062
1721.44 0.927359 0.00112354
1581.77 0.929166 0.000733719
1623.72 0.924809 0.00100304
1770.77 0.926299 0.00113668
1521.19 0.924408 0.00105421
1571.82 0.928623 0.000762121
1392.55 0.924668 0.000854885
1513.65 0.93108 0.00108488
1527.93 0.927061 0.000580164
1518 0.93107 0.000788
1491.36 0.93049 0.00113406
1478.15 0.926619 0.00086412
1487.29 0.927549 0.00106562
1435.04 0.925182 0.00073884
1569.94 0.926399 0.00109147
1648.33 0.926193 0.000649787
1762.99 0.929035 0.0011371
1567.89 0.925748 0.000673179
1632.74 0.925925 0.0011256
1534.05 0.930995 0.00112096
1570.28 0.927978 0.000839055
1593.44 0.928863 0.000989748
1816.47 0.92622 0.00096604
1713.81 0.928991 0.00101257
1775.68 0.920748 0.000911506
1528.4 0.927226 0.000908645
1591.19 0.927878 0.00101342
1501.91 0.928186 0.000844458
1500.45 0.932416 0.00105262
1556.42 0.926506 0.00109024
1625.53 0.925652 0.00112468
1474.96 0.92748 0.000681217
1723.25 0.92717 0.0007253
1544.77 0.928854 0.000899706
1556.26 0.929367 0.00096325
1499.97 0.932779 0.00106892
1731.12 0.928628 0.000645328
1490.07 0.928996 0.00098557
1756.37 0.925524 0.000937787
1518.11 0.928246 0.000939509
1615.86 0.9265 0.00107867
1859.63 0.930024 0.0010068
1544.47 0.924869 0.000678801
1430.4 0.926789 0.000763742
1591.86 0.928391 0.00110063
1520.27 0.929368 0.0010909
1839.68 0.93098 0.000138716
1439.7 0.927623 0.000727944
1614.22 0.927215 0.000701633
2035.03 0.92711 0.00104799
2012.91 0.931506 0.000694519
1729.96 0.925428 0.000921741
1725.88 0.923894 0.00110178
1469.85 0.928415 0.00113349
1922.27 0.923855 0.000640094
1636.08 0.930034 0.000632419
1534.48 0.926366 0.00101979
1536.87 0.929626 0.000882492
1620.01 0.928555 0.00109786
1540.49 0.930119 0.00108466
1808.69 0.927469 0.000957095
1626.3 0.929681 0.000136087
1495.42 0.92755 0.000709749
1593.12 0.931082 0.000844605
1480.94 0.928314 0.00066107
1465.19 0.929602 0.000781337
1686.52 0.92715 0.000957092
1647.69 0.92914 0.0010695
1514.92 0.928562 0.000697674
1602.78 0.924557 0.00101519
1617.35 0.92406 0.00060152
1588.17 0.928011 0.000931044
1589.11 0.929587 0.000940896
1761.06 0.926961 0.000742736
1670.69 0.924351 0.000898442
1621.62 0.932051 0.00122181
1628.31 0.927717 0.000846425
1532.38 0.926726 0.00110055
1588.42 0.924705 0.000826326
1867.36 0.924964 0.000938513
1796.51 0.919797 0.000923405
1561.71 0.925164 0.00109456
1715.42 0.931809 0.000536752
1500.83 0.929055 0.000943341
1509.54 0.927711 0.00101359
1777.61 0.925257 0.00101494
1368.1 0.92924 0.000957928
1683.85 0.926668 0.00107905
1497.59 0.928469 0.000837968
1474.44 0.924702 0.000738596
1503.13 0.923739 0.00100251
1602.02 0.928976 0.00106463
1477.75 0.9303 0.00107368
1471.83 0.927363 0.000798802
1579.99 0.925914 0.000751621
1572.19 0.927852 0.00101167
1773.56 0.930061 0.00119601
1901.78 0.928257 0.000642298
1335.84 0.928955 0.00111634
1847.75 0.924654 0.000757587
2107.16 0.922674 0.00101788
1809.04 0.930125 0.00114945
1724.82 0.926099 0.000871687
1515.84 0.928626 0.000830012
1628.04 0.923478 0.000773347
1566.85 0.92709 0.000861086
1632.15 0.926955 0.000729431
1628.14 0.929362 0.00108046
1573.29 0.924817 0.000816097
1686.43 0.925015 0.000835982
1435.29 0.926782 0.000889768
1551.92 0.928198 0.000798055
1501.73 0.930875 0.000994274
1629.49 0.929393 0.000710322
1558.09 0.926528 0.001054
1639.59 0.928622 0.00104283
1637.08 0.926545 0.000914907
1764.14 0.927198 0.000942078
1569.91 0.933997 0.000992961
1485.7 0.92861 0.00106937
1528.63 0.933094 0.000975723
1572.08 0.928447 0.00103057
1533.79 0.930116 0.000835478
1597.36 0.926378 0.00082297
2043.32 0.928648 0.00102706
1483.05 0.927562 0.00118521
1528.58 0.927506 0.000934012
1626.64 0.923951 0.000725105
1677.05 0.92674 0.000630294
1713.56 0.927659 0.00104779
1628.45 0.930256 0.00105172
1589.16 0.926549 0.000947212
1531.02 0.929029 0.000956427
1585.25 0.930149 0.0008097
1566.7 0.926517 0.00148346
1420.12 0.929114 0.000839403
1618.81 0.92461 0.00093103
1704.19 0.930176 0.00102734
1492.59 0.926843 0.00103242
1699.24 0.925433 0.00102421
1544.06 0.927603 0.000663039
1885.57 0.929586 0.000968064
2065.54 0.928054 0.0010087
1629.66 0.929385 0.00109216
1424 0.929386 0.0010209
1536.55 0.928783 0.000741663
1587.93 0.928905 0.000726009
1531.64 0.928009 0.00101738
1599.15 0.927343 0.00100132
1809.25 0.926253 0.00104158
1558.12 0.930593 0.000858663
1596.23 0.930259 0.000743084
1548.55 0.931516 0.00113631
1547.76 0.930783 0.000712342
1637.64 0.930551 0.000929322
1782.92 0.929857 0.00104442
1480.36 0.928333 0.000966761
1600.58 0.930017 0.00073867
1497.06 0.928715 0.000797501
1696.58 0.923891 0.000691388
1688.32 0.93101 0.00021796
1514.92 0.930681 0.0011419
1651.95 0.930737 0.0011159
1869.39 0.924611 0.0007709
1553.08 0.928535 0.00115632
1501.99 0.927815 0.000628811
1657.29 0.929286 0.000571796
1457.43 0.927509 0.000810114
1595.76 0.928469 0.000764504
1705.35 0.925788 0.000665395
1564.93 0.928886 0.000796405
1494.12 0.928143 0.00119357
1655.38 0.936353 0.00118278
1498.24 0.927243 0.000809119
1535.97 0.927355 0.00119069
1491.85 0.926328 0.000727654
1508.19 0.928515 0.00105368
1616.48 0.92786 0.00101772
1610.01 0.923788 0.000822831
1593.04 0.928041 0.0010493
1752.43 0.928672 0.000979413
1708.56 0.926414 0.000829676
1481.13 0.926731 0.00101332
1469.3 0.926888 0.000853881
1606.53 0.929168 0.00082741
1794.97 0.925966 0.00090872
1539.92 0.923291 0.00101529
1496.88 0.927749 0.000885947
1612.49 0.924052 0.000688226
1441.05 0.931765 0.00114405
1477.79 0.927291 0.000883613
1684.07 0.930127 0.000952674
1551.8 0.927835 0.0011228
1586.17 0.926012 0.000826489
1807.64 0.92592 0.000928185
1629.06 0.924247 0.000924093
1622.39 0.925577 0.000877488
1624.48 0.928678 0.000856561
1417.46 0.928821 0.000713053
1854 0.932454 0.000723456
1561.35 0.929477 0.000784425
2028.09 0.925178 0.00105944
1672.09 0.92885 0.000916052
1533.13 0.928934 0.000880748
1645.73 0.927303 0.000997853
1764.35 0.932337 0.00107369
1620.75 0.923486 0.000978618
1692.77 0.932972 0.00105825
1807.79 0.933026 0.000904825
1493.94 0.926668 0.000768474
1564.1 0.927559 0.000837596
1613.67 0.927068 0.00111935
1648.96 0.926628 0.00126523
1538.74 0.926032 0.0010855
1597.68 0.926211 0.000704785
1500.4 0.93185 0.00112767
1673.49 0.926892 0.000624239
1627.24 0.928244 0.000873935
1593.64 0.92976 0.00110239
1553.49 0.924361 0.000662128
1510.64 0.929546 0.00106776
1592.22 0.925271 0.00108975
1554.37 0.930785 0.00116599
1580.76 0.930822 0.000801582
1372.02 0.927993 0.00104437
1509.06 0.932993 0.00103268
1717 0.931326 0.000689713
1794.83 0.926324 0.000798716
1702.53 0.921582 0.000973433
1538.66 0.930177 0.00101184
1578.94 0.924977 0.000751177
1524.15 0.929304 0.000912138
1583.98 0.929509 0.000705681
1710.84 0.925303 0.00107485
1616.7 0.933974 0.00097175
1727.05 0.922937 0.000886601
1492.46 0.928319 0.00101515
1330.77 0.926018 0.000859893
1539.5 0.927845 0.000237377
1762.32 0.92927 0.000118154
1629.81 0.929915 0.00111799
1591 0.928085 0.000842061
1584.04 0.926878 0.000762973
1520.82 0.927167 0.000730502
1721.61 0.925409 0.00015412
1666.27 0.927273 0.0010878
1498.71 0.929437 0.000956431
1369.82 0.929513 0.000820499
1757.79 0.927686 0.00103094
1749.3 0.925395 0.00102879
1459.56 0.924499 0.00106542
1451.29 0.929193 0.000819494
1834.97 0.927066 0.00110186
1513.48 0.931383 0.00109976
1554.86 0.927229 0.000797465
1677.32 0.927538 0.000699777
1525.48 0.92933 0.000809396
1597.79 0.927143 0.000961787
1507.63 0.93134 0.0010202
1673.14 0.927969 0.0010801
1810.3 0.926984 0.000773782
1907.27 0.924059 0.000804618
1563.6 0.924416 0.00113354
1614.48 0.928525 0.000701415
1635.8 0.929 0.00107323
1618.33 0.930416 0.00110499
1593.55 0.925335 0.0007866
1546.74 0.927951 0.000830784
1572.71 0.929096 0.000872993
1509.02 0.927098 0.000745672
1580.49 0.927049 0.000890463
1853.74 0.923545 0.00095069
1606.49 0.928582 0.00095907
1670.03 0.930886 0.00107717
1579.7 0.929159 0.00131183
1688.08 0.92415 0.000654392
1792.16 0.904644 0.541525
1663.75 0.923281 0.000963155
1620.73 0.927687 0.000947923
1535.67 0.926493 0.000824302
1551.18 0.92505 0.000828394
1600.1 0.926753 0.00108661
1699.77 0.924471 0.000852321
1749.8 0.929011 0.000899794
1523.35 0.92881 0.000957181
1918.69 0.928283 0.000967205
1660.46 0.932625 0.00109674
1664.07 0.92629 0.000962062
1679.31 0.93077 0.000714419
1726.99 0.9276 0.000619848
1645.46 0.927511 0.0010801
1588.17 0.927892 0.000769259
1446.57 0.928094 0.00070597
1536.7 0.929626 0.000682771
1569.12 0.929464 0.00103267
1956.75 0.928277 0.000584442
1787.93 0.927677 0.000638923
1654.37 0.924479 0.0009353
1716.32 0.928146 0.00111385
1525.83 0.931337 0.000969518
1738.22 0.935283 0.0010822
1589.35 0.924788 0.000827835
1519.77 0.924558 0.00114339
1857.97 0.924003 0.00117769
1579.23 0.927056 0.000828142
1545.96 0.929804 0.00116743
1853.51 0.925105 0.000708982
1527.95 0.927561 0.00106103
1612.7 0.927623 0.000679853
1730.05 0.927771 0.000744815
1482.51 0.928695 0.00110765
1449.61 0.926939 0.000843801
1558.6 0.925647 0.000744537
1652.26 0.929325 0.000883082
1518.93 0.931423 0.00232371
1486.36 0.928772 0.000890257
1642.88 0.925591 0.0010163
1644.1 0.928024 0.00102372
1537.55 0.928509 0.000709879
1824.39 0.926298 0.00103767
1573.75 0.928169 0.000682064
1799.73 0.927043 0.00102881
1544.99 0.926795 0.000976364
1506.37 0.92989 0.00114583
1558.98 0.92625 0.00082821
1491.29 0.926425 0.000957579
1603.11 0.928949 0.00106
1687.6 0.928749 0.000705404
1677.76 0.927227 0.000712941
1383.76 0.9271 0.00079422
1583.36 0.925045 0.00096405
1558.81 0.928566 0.000894238
1722.99 0.925198 0.000897688
1588.5 0.925333 0.000801026
1464.06 0.927428 0.000679044
1632.52 0.923423 0.000591478
1662.3 0.930194 0.000856472
1508.49 0.926917 0.00112937
1640.84 0.934817 0.00127479
1662.51 0.923262 0.000896194
1736.83 0.92425 0.000708248
1923.48 0.934528 0.00108074
1642.73 0.926402 0.000657344
1670.78 0.92228 0.000789439
1619.24 0.931367 0.000791285
1586.47 0.925328 0.000735615
1878.41 0.924533 0.0005483
1640.65 0.923862 0.000794564
1727.5 0.932081 0.000934255
1448.36 0.928798 0.000981578
1742.34 0.928862 0.00109932
1562.86 0.931992 0.00108224
1530.98 0.924331 0.000977742
1624.57 0.92703 0.000807498
1683.08 0.925115 0.000754142
1527.82 0.928344 0.000647058
1505.5 0.927042 0.000574992
1511.59 0.927904 0.000686695
1522.54 0.925775 0.000730416
1494.83 0.929989 0.000820781
1602.32 0.927511 0.000857989
1465.94 0.926872 0.000720522
1637.88 0.93086 0.00111226
1583.99 0.930043 0.000862399
1530.31 0.931007 0.00107726
1665.19 0.9277 0.000872493
1460.65 0.929991 0.00104873
1733.51 0.923457 0.000960649
1647.34 0.928976 0.000993786
1554.51 0.928134 0.000942646
1629.59 0.926392 0.000911115
1507.87 0.931183 0.000920065
1677.09 0.927511 0.00107299
1564.28 0.92759 0.000675384
1391.19 0.928939 0.000776405
1549.72 0.924363 0.00106798
1764.17 0.926765 0.000802941
1804.13 0.922255 0.000642546
1622.78 0.931136 0.00109916
1606.99 0.92967 0.00109323
1592.5 0.926308 0.000611525
1808.52 0.924297 0.000868521
1983.81 0.922448 0.000985157
1763.44 0.929466 0.00103334
1588.57 0.927226 0.000893125
1440.23 0.927618 0.000828038
1593.58 0.928975 0.000751512
1692.23 0.932459 0.00105167
1573.05 0.930191 0.00110381
1558.87 0.928377 0.00106883
1695.65 0.927476 0.00064626
1698.59 0.92195 0.000842541
1817.34 0.928396 0.000797984
1541.97 0.927406 0.000778925
1782.8 0.927688 0.000945699
1772.54 0.924913 0.000704605
1515.66 0.929961 0.000907852
1635.65 0.930386 0.000883806
1744.95 0.926831 0.00107678
1614.12 0.926613 0.00119792
1623.34 0.926827 0.00079658
1617.85 0.927402 0.000976211
1619.67 0.927283 0.000823898
1576.55 0.928628 0.000761796
1488.29 0.929744 0.000702057
1657.18 0.924945 0.000674074
1666.68 0.927673 0.00086526
1625.88 0.928459 0.00108282
1496.5 0.930001 0.00100481
1531.75 0.927538 0.000874209
1581.49 0.929893 0.00102379
1545.2 0.933975 0.000847159
1619.39 0.925783 0.00105993
1516.46 0.927618 0.000899191
1561.35 0.928891 0.000903851
1621.86 0.931836 0.000721622
1629.8 0.934683 0.00103795
1803.81 0.932792 0.000813252
1676.44 0.929114 0.000839573
1483.94 0.927736 0.000853602
1443.67 0.929222 0.000982829
1734 0.926043 0.000693333
1538.3 0.927513 0.00116655
1565.6 0.927625 0.00110828
1646.26 0.925434 0.000764596
1750.62 0.924198 0.00101056
1516.89 0.928894 0.000818495
1684.7 0.923669 0.000752581
1465.51 0.925921 0.000956225
1534.64 0.931026 0.0010966
1558.7 0.92978 0.00103076
1520.39 0.92777 0.00108562
1569.8 0.927035 0.000671398
1686.45 0.924353 0.000932503
1587.69 0.926507 0.00100136
1472.72 0.928731 0.000832803
1383.84 0.926682 0.00100423
1571.35 0.929818 0.00121306
1660.65 0.932376 0.000889199
1604.29 0.926192 0.00097611
1570.85 0.926387 0.00075004
1620.63 0.9246 0.000972598
1532.62 0.928421 0.000848768
1595.1 0.926646 0.00121917
2132.52 0.930034 0.00110912
1495.54 0.929896 0.00107622
1514.15 0.928048 0.00106328
1570.96 0.922923 0.000835008
1550.51 0.925864 0.000586031
1484.88 0.928503 0.000675101
1681.09 0.929361 0.00110884
1602.15 0.927134 0.00109714
1660.61 0.92664 0.000706718
1639.13 0.923951 0.000715074
1584.61 0.927985 0.000770417
1587.92 0.926408 0.00089388
1604.22 0.926967 0.000955815
1930.21 0.92656 0.00102905
1519.69 0.925272 0.00111141
1575.61 0.925579 0.000912687
1600.95 0.929361 0.00106479
1565.85 0.928134 0.00102378
1578.3 0.928918 0.00111489
1622.84 0.927322 0.00102664
1616.67 0.926804 0.000686875
1562.97 0.926768 0.00105689
1487.19 0.931069 0.00113121
1629.52 0.930566 0.00106618
1442.93 0.929148 0.000983828
1449.76 0.928517 0.000922174
1578.6 0.932291 0.00120514
1736.59 0.928247 0.000782801
1602.49 0.925902 0.0011926
1489.68 0.92944 0.00035362
1494.75 0.928021 0.000803948
1618.91 0.9297 0.0010216
1578.29 0.929295 0.000725326
1593.03 0.927369 0.00073792
1528.06 0.925929 0.00110318
1545.21 0.925863 0.000742
1677.27 0.930796 0.000746528
1801.68 0.928928 0.00104516
1616.63 0.92976 0.000604519
1431.9 0.925237 0.000977889
1632.81 0.923205 0.00101345
1462.73 0.927126 0.000990588
1801.23 0.925767 0.00105002
1486.21 0.930701 0.00111836
1490.27 0.925669 0.000740001
1405.31 0.928968 0.00085147
1660.16 0.930016 0.001083
1527.2 0.92508 0.000991505
1459.15 0.928631 0.00100692
1474.17 0.924735 0.000822676
1624.51 0.92919 0.000559992
1360.72 0.928357 0.000780146
1574.2 0.923774 0.000693629
1568.5 0.93032 0.00114695
1641 0.923362 0.00089448
1654.17 0.931059 0.00140978
1582 0.927642 0.000650067
1578.19 0.928942 0.000812698
1587.75 0.926102 0.0010255
1496.36 0.925055 0.00105535
1511.24 0.928438 0.000701247
1593.43 0.928425 0.00110665
1972.55 0.925153 0.000806378
1508.04 0.928285 0.000852451
1682.73 0.930315 0.000705739
1550.68 0.926218 0.000913558
1708.49 0.927756 0.00115904
1504.86 0.926552 0.000894667
1690.51 0.927858 0.00104777
1495.63 0.927793 0.00108312
1739.76 0.928237 0.000800726
1680.55 0.926391 0.000715652
1649.18 0.929253 0.000660339
1566.38 0.925373 0.000862079
1699.13 0.92661 0.000837033
1548.38 0.930617 0.00101276
1469.76 0.928202 0.00082993
1585.74 0.926852 0.00085752
1749.58 0.928434 0.00100952
1764.71 0.924873 0.00114776
1601.58 0.927562 0.000579763
1563.18 0.922032 0.000944218
1556.32 0.934863 0.00111334
1526.73 0.926978 0.000654422
1502.7 0.928188 0.000693406
1627.59 0.926862 0.00103677
1699.93 0.929174 0.00133988
1583.52 0.925819 0.000979047
1630.91 0.92578 0.000896735
1705.08 0.927371 0.000755428
1497.18 0.926256 0.000773308
1615.05 0.928695 0.00102506
2071.5 0.925325 0.000781422
1480.1 0.927966 0.000769488
1627.99 0.925409 0.000896737
1720.74 0.933426 0.00105106
1889.43 0.926288 0.00102772
1881.79 0.928273 0.00054544
1604.3 0.927899 0.00111661
1527.15 0.931161 0.00108844
1441.77 0.92837 0.000992242
1560.31 0.926098 0.00036284
1574.13 0.928222 0.00117562
1530.08 0.923051 0.000965174
2392.81 0.910411 0.543435
1555.69 0.926741 0.0008092
1571.92 0.933575 0.00124586
1621.37 0.928 0.00104889
1648.88 0.929611 0.000898207
1803.68 0.925646 0.000618524
1517.15 0.92645 0.000924335
1620.16 0.927755 0.00108998
1482.25 0.92695 0.000833567
1450.35 0.927397 0.00102319
1716.94 0.924639 0.000759323
1665.53 0.930372 0.000873858
1660.23 0.928343 0.000878792
1569.99 0.925043 0.0010081
1682.98 0.924231 0.00116244
1622.13 0.925336 0.000723741
1591.13 0.929872 0.000917143
1558.25 0.925909 0.00108905
1470.38 0.9274 0.000976279
1612.92 0.92663 0.000661799
1586.94 0.931841 0.000755697
1729.8 0.928103 0.000619236
1518.59 0.934253 0.00119074
1576.7 0.926341 0.000875027
1967.39 0.929948 0.00104589
1809.4 0.931893 0.00091559
1512.59 0.92809 0.000803356
1461.85 0.925775 0.00093244
1751.18 0.927959 0.00101836
1581.91 0.927801 0.000809192
1534.87 0.924786 0.000766945
1514.36 0.927543 0.000817308
1458.16 0.926567 0.000827299
1931.05 0.926932 0.00106275
1562.21 0.931082 0.00108504
1777.12 0.927245 0.00116286
1491.08 0.927705 0.000866019
1543.15 0.927738 0.0010786
1595.89 0.929603 0.000973646
1499.26 0.927999 0.0011219
1539.88 0.928658 0.0010244
1552.25 0.925807 0.001095
1621.42 0.92407 0.000948583
1601.48 0.926586 0.000791887
1934.85 0.922693 0.00101569
1494.97 0.9258 0.000638034
1485.8 0.928835 0.000764227
1438.89 0.929073 0.000963261
1759.69 0.928278 0.00108952
1823.98 0.931415 0.00108945
1924.64 0.92695 0.000780953
1747.57 0.927628 0.000978194
1570.81 0.927257 0.00093868
1559.55 0.927797 0.000678071
1483.09 0.925564 0.00107811
1573.58 0.929442 0.000942846
1461.35 0.927809 0.000771496
1624.57 0.928783 0.00102617
1478.95 0.933703 0.00111746
1578 0.929307 0.000944704
1528.49 0.926589 0.000695822
1562.86 0.92805 0.000716979
1555.38 0.926182 0.00104464
1355.6 0.927479 0.00101637
1881.7 0.92613 0.00051999
1563.55 0.92989 0.000841257
1689.18 0.925637 0.000942043
1443 0.926476 0.00102074
1936.9 0.920559 0.000251998
1613.21 0.931151 0.000677325
1628.92 0.926408 0.000624301
1732.65 0.926522 0.000940986
1515.97 0.929172 0.00099928
1638.5 0.926398 0.00100283
1678.09 0.923424 0.000615021
1656.98 0.928989 0.000800146
1538.01 0.925049 0.00110833
1560.45 0.928558 0.00086744
1437.4 0.929665 0.000706469
1619.25 0.926295 0.00108629
1489.73 0.931228 0.00116684
1729.23 0.934116 0.000913987
1900.28 0.925709 0.000804156
1623.61 0.927173 0.00100298
1606.37 0.928091 0.00102166
1510.74 0.926047 0.000631774
1602.44 0.928656 0.000665209
1582.77 0.924869 0.000766808
1541.1 0.928542 0.00107973
1503.26 0.93303 0.00102646
1953.72 0.92878 0.000997018
1622.49 0.925877 0.000831073
1548.06 0.92945 0.00119766
1687.48 0.926632 0.000960516
1572.99 0.930687 0.000701338
1604.36 0.923818 0.000701755
1574.12 0.925356 0.00105688
1718.81 0.936568 0.00117851
1596.36 0.920863 0.000890184
2091.49 0.923913 0.00100662
1441.67 0.928024 0.00097285
1755.55 0.923582 0.000985724
1727.13 0.927877 0.00083773
1556.39 0.922551 0.000884658
1514.2 0.928961 0.000930609
1468.21 0.925695 0.0011048
1612.05 0.92675 0.00100437
1687.3 0.92513 0.000623208
1860.6 0.92693 0.000981024
1615.03 0.931664 0.00100891
1997.63 0.92508 0.00104257
1470.78 0.929387 0.00103874
1485.01 0.930854 0.00102343
1497.12 0.924176 0.000663071
1935.49 0.926314 0.000979562
1480.9 0.925474 0.00075223
1679.8 0.922611 0.000901234
1489.86 0.924052 0.000834819
1452.97 0.928201 0.00118859
1470.51 0.929968 0.00100291
1538.3 0.9282 0.000795803
1571.6 0.928139 0.000825369
1445.26 0.926386 0.000931437
1574.27 0.930213 0.00101675
1522.81 0.929589 0.00078358
1571.02 0.927881 0.0010581
1462.24 0.926449 0.000801917
1581.19 0.924662 0.000642682
1489.21 0.929524 0.000935255
1639.68 0.926923 0.00103653
1788.19 0.928285 0.000590329
1466.07 0.925869 0.000689618
1757.97 0.925262 0.000558264
1670.52 0.931711 0.0011317
1818.76 0.929237 0.00103416
1620.51 0.923242 0.000789085
1726.18 0.931442 0.00105632
1885.13 0.931855 0.000990926
1566.84 0.925294 0.00105532
1780.1 0.929099 0.000995819
1689.87 0.927014 0.000799365
1715.16 0.927503 0.000929012
1591.06 0.926519 0.00102609
1592.24 0.926667 0.000772391
1624.43 0.928623 0.000853185
1478.53 0.930272 0.000667404
1585.84 0.92195 0.00078515
1736.72 0.927336 0.0009442
1602.09 0.925862 0.000753542
1613.89 0.929049 0.00106901
1633.53 0.924051 0.00104028
1592.14 0.924585 0.00109531
1546.6 0.925184 0.00086161
1507.31 0.926006 0.000910165
1403.22 0.927497 0.000793274
1813.76 0.925722 0.00103576
1572.58 0.926204 0.000797713
1483.29 0.929284 0.000960769
1503.06 0.929212 0.000955669
1643.68 0.927473 0.00104135
1620.63 0.930161 0.00100135
1541.78 0.926784 0.000777972
1537.97 0.929597 0.00113996
1737.35 0.92713 0.00104004
1580.45 0.928122 0.000925245
1666.1 0.925127 0.000608751
1523.19 0.928371 0.000860194
1558.06 0.925626 0.000712072
1584.61 0.927957 0.000763996
1524.65 0.929099 0.000826447
1665.15 0.929724 0.000735133
1652.42 0.928519 0.000827157
1651.65 0.928564 0.000975248
1936.92 0.92583 0.000982839
1533.51 0.927806 0.00115835
1851.56 0.92259 0.000835412
1771.35 0.922557 0.000790631
1529.47 0.927315 0.000839453
1598.46 0.927113 0.000717525
1628.73 0.921978 0.00088665
1957.09 0.926133 0.000657053
1729.88 0.924835 0.000763446
1578.11 0.926695 0.001075
1609.47 0.930375 0.00101023
1730.1 0.925121 0.000775074
1532.89 0.925429 0.000926653
1666.54 0.930778 0.00077018
1588.83 0.931769 0.000845649
1749.27 0.929501 0.000993944
1593.21 0.92709 0.000827851
1594.59 0.925923 0.000871973
1514.68 0.925197 0.000965037
1671.29 0.928872 0.000915165
1712.09 0.930717 0.000624252
1541.55 0.928801 0.000847359
1662.91 0.927148 0.00108894
1884.38 0.927653 0.000978316
1682.23 0.930123 0.0011214
1922.87 0.925909 0.000960834
1621.18 0.928624 0.000990458
1574.04 0.924902 0.000931673
1607.35 0.927886 0.000993971
1550.96 0.927082 0.000675847
1489.67 0.930688 0.00107067
1641.24 0.93143 0.00104935
1710.5 0.921941 0.000870048
1457.45 0.925249 0.00120178
1720.3 0.927345 0.00101901
1559.87 0.933683 0.00115432
1620.51 0.920971 0.000946972
1412.35 0.927307 0.000722272
1520.49 0.931414 0.00111348
1620.53 0.924809 0.000982664
1672.96 0.926287 0.000133461
1482.18 0.924395 0.000704282
1439.37 0.928038 0.000894208
1564.04 0.921426 0.000960451
1566.89 0.92594 0.000860241
1890.16 0.924202 0.000844057
1971.41 0.926615 0.00089981
1599.6 0.925324 0.000747324
1536.99 0.929485 0.00086763
1594.49 0.922788 0.000900835
1623.67 0.934989 0.00106209
1579.85 0.928231 0.00083209
1664.1 0.926337 0.000781724
1528.89 0.927605 0.00100331
1581.72 0.93124 0.000933533
1646.52 0.929333 0.00107063
1488.18 0.927292 0.00105894
1519.77 0.929966 0.00105303
1693.98 0.92984 0.000652719
1841.09 0.923429 0.000913471
1561.72 0.926138 0.000669757
1787.47 0.928818 0.00093335
1523.45 0.925837 0.00107846
1576.57 0.926725 0.00112215
1458.13 0.927664 0.00107644
1731.14 0.925596 0.000995843
1607.66 0.926802 0.000913263
1573.16 0.930675 0.00108698
1550.78 0.929198 0.00104754
1579.27 0.925117 0.000970355
1537.06 0.923758 0.000767449
1556.25 0.926233 0.000673942
1785.46 0.928886 0.00102062
1571.29 0.92556 0.00103163
1538.48 0.930276 0.000682543
1660.17 0.930896 0.000946383
1533.41 0.929557 0.0008909
1654.39 0.930351 0.0010217
1619.51 0.924248 0.00105373
1535.91 0.929662 0.000637381
1616.97 0.931141 0.000878912
1642.08 0.927414 0.00115229
1599.35 0.924823 0.000700725
1563.53 0.929819 0.000873777
1710.63 0.931351 0.00110664
1532.56 0.928048 0.000639162
1538.28 0.927045 0.00098399
1590.82 0.924292 0.000780402
1455.01 0.92808 0.00108912
1739.89 0.930467 0.000871343
1969.22 0.927793 0.00107021
1478.13 0.928048 0.000785363
1647.97 0.930206 0.00102224
1719.85 0.926337 0.0010108
1547.41 0.927097 0.000778618
1428.16 0.928335 0.000865668
1905.6 0.927406 0.000231912
1549.17 0.926194 0.00105271
1689.57 0.929985 0.000672434
2109.5 0.925788 0.00094533
1533.62 0.928872 0.00107568
1538.22 0.928058 0.000766355
1696.86 0.925911 0.00110729
1790.47 0.926353 0.000988403
2163.8 0.922282 0.00097697
1554.4 0.93313 0.00113726
1507.81 0.928619 0.00106572
1693.56 0.928433 0.00108722
1514.68 0.92726 0.00110526
1756.39 0.926851 0.00102039
1677.22 0.924835 0.000697084
1738.78 0.927122 0.0010536
1834.62 0.921221 0.000742001
1529.35 0.927093 0.000999049
1763.34 0.925679 0.00109541
1505.76 0.923084 0.000944249
1699.94 0.932757 0.000845081
1790.47 0.922844 0.000791673
1446.62 0.925814 0.000754963
1483.79 0.928512 0.00100512
1574.42 0.928248 0.000730755
1609.02 0.926971 0.000779188
1719.77 0.92769 0.00105897
1495.12 0.928969 0.00101884
1630.6 0.927659 0.0010071
1444.42 0.92952 0.00106409
1635.46 0.924136 0.00104609
1779.21 0.929873 0.000928955
1600.96 0.926667 0.000887908
1720.16 0.926857 0.00101882
1730.85 0.930035 0.00111174
1572.82 0.924579 0.000762257
1543.19 0.92663 0.000750343
1606.72 0.926953 0.000699203
1560.89 0.927027 0.000143067
1662.68 0.930371 0.000730189
1552.62 0.925656 0.000824271
1747.29 0.923352 0.00070742
1592.96 0.925844 0.00080567
1639.01 0.92755 0.00106397
1574.55 0.929874 0.000757065
1651.47 0.926214 0.00084372
1467.17 0.929415 0.00106668
1621.03 0.932712 0.001058
1499.18 0.924053 0.000834525
1495.92 0.926432 0.00102214
1489.67 0.92718 0.00105961
1561.58 0.926823 0.0010278
1572.5 0.927942 0.00102481
1643.5 0.926407 0.00107112
1780.79 0.929621 0.000993221
1541.97 0.924014 0.000772797
1453.35 0.926122 0.00103169
1483.13 0.929646 0.000851788
1583.17 0.930862 0.00110033
1661.33 0.930382 0.000663623
1632.44 0.928728 0.0009843
1747.71 0.92577 0.000762857
1618.56 0.931492 0.00106118
1723.97 0.926671 0.000821965
1468.31 0.928648 0.000954923
1646.77 0.931003 0.000740395
1575.41 0.927482 0.00121035
1537.49 0.927632 0.000714976
1512.64 0.926534 0.00053494
1603.74 0.925529 0.000836872
1514.07 0.928507 0.000896194
1487.48 0.92633 0.00108065
1389.97 0.926197 0.000834085
1485.95 0.926091 0.00111501
1547.13 0.925948 0.000857896
1641.14 0.927865 0.0010074
1619.19 0.934344 0.00112643
1790.27 0.938222 0.000988376
1408.72 0.927231 0.000970552
1564.27 0.92562 0.00113729
1598.37 0.92817 0.00117605
1478.24 0.931367 0.00106804
1575.83 0.925559 0.00109362
1988.73 0.933358 0.000842707
2060.37 0.929588 0.00101896
1675.05 0.923672 0.000991977
1481.46 0.928875 0.000672466
1541.65 0.929625 0.00101817
1706.29 0.922803 0.00107887
1510.21 0.927937 0.00114388
1685.85 0.926701 0.000610341
1476.16 0.924215 0.00116068
1383.8 0.929322 0.00103751
1585.36 0.926718 0.000911745
1717.68 0.9243 0.0011996
1724.62 0.926479 0.00101706
1542.95 0.926323 0.000749563
1789.59 0.925247 0.00100621
1519.9 0.931039 0.000706916
1492.35 0.926966 0.000856205
1626.25 0.927647 0.000954242
1541.02 0.926704 0.000725534
1661.31 0.926928 0.00106925
1788.36 0.923011 0.000884094
1759.13 0.928181 0.000745132
1658.28 0.932001 0.00106691
1589.5 0.923323 0.000811427
1576.11 0.93083 0.00109639
1682.22 0.929519 0.000717556
1605.09 0.927602 0.00108641
1492.51 0.933935 0.00103783
1534.59 0.927396 0.000573013
1496.71 0.929306 0.00109468
1837.7 0.922681 0.000584186
1415.84 0.927145 0.000770518
1527.43 0.927556 0.00101721
1575.59 0.925479 0.00102797
1623.47 0.926924 0.000828998
1741.28 0.930913 0.00100417
1654.48 0.928786 0.000583329
1441.84 0.927036 0.000680175
1560.71 0.930745 0.00111725
1576.38 0.929936 0.00102412
1525.61 0.928548 0.00092548
1467.17 0.927829 0.00117284
1583.97 0.929628 0.000673861
1654.78 0.927737 0.000638224
1493.4 0.926151 0.000882859
