1444.86 0.85774 0.00196657
1345.96 0.833621 0.00321881
1307.71 0.859078 0.00191786
1394.27 0.863605 0.00197653
1428.88 0.862779 0.0016114
1306.41 0.857236 0.00207084
1563.42 0.856074 0.00186605
1423.41 0.86347 0.00194505
1276.34 0.848386 0.00265849
1421 0.860196 0.00158874
1401.08 0.859442 0.00193484
1433.63 0.866654 0.00132901
1492.24 0.859641 0.00191942
1756.22 0.852804 0.522654
1517.3 0.864947 0.00179128
1347.26 0.854513 0.00209869
1454.02 0.866308 0.00196007
1448.45 0.856769 0.00194784
1399.66 0.858134 0.00198007
1566.03 0.856457 0.00203532
1367.79 0.858654 0.00167313
1383.19 0.859033 0.00185574
1417.11 0.859838 0.00181016
1347.47 0.855495 0.00187999
1656.95 0.865331 0.00202472
1304.02 0.862769 0.00173518
1433.4 0.8492 0.0019803
1489.73 0.855048 0.00196932
1443.7 0.856362 0.00189781
1514.33 0.864159 0.00176063
1432.53 0.858795 0.00198679
1381.21 0.858715 0.00195265
1309.26 0.859091 0.00151913
1415.34 0.860921 0.00187702
1311.68 0.855501 0.00190025
1518.38 0.850677 0.00189631
1400.42 0.85827 0.00197265
1426.86 0.850821 0.00131558
1487.24 0.839307 0.000189949
1436.12 0.862721 0.00196536
1394.84 0.85911 0.00165149
1429.4 0.85777 0.00193765
1342.68 0.858618 0.001799
1644.84 0.860995 0.00200043
1351.72 0.858207 0.00191175
1406.59 0.857279 0.00156906
1321.4 0.851308 0.00168631
1478.3 0.856432 0.00182383
1379.11 0.860401 0.00151889
1527.23 0.865182 0.00178574
1442.5 0.861235 0.00190626
1486.8 0.852132 0.00191387
1473.85 0.855148 0.00169149
1418.88 0.858235 0.00128364
1528.44 0.861911 0.00182993
1386.7 0.855386 0.00191481
1415.41 0.858856 0.00155806
1394.87 0.85473 0.00160987
1352.02 0.835051 0.0028943
1423.68 0.854129 0.00201109
1385.68 0.853226 0.00164621
1263.24 0.856734 0.00207927
1450.83 0.859835 0.00127848
1398.25 0.85267 0.0019795
1800.58 0.852307 0.0019696
1522.04 0.855416 0.00161206
1337.62 0.865151 0.00192244
1251.72 0.856631 0.00196851
1504.69 0.861206 0.00207288
1574.17 0.856181 0.00141021
1260.44 0.852159 0.000185989
1718.62 0.849406 0.00191672
1323.49 0.859434 0.00201921
1394.08 0.859802 0.00192047
1460.12 0.862559 0.00115826
1353.13 0.859092 0.00189416
1503.71 0.865621 0.00188214
1443.92 0.869037 0.00198583
1686.74 0.854028 0.001805
1607.05 0.858223 0.00198584
1303.06 0.858741 0.00191501
1395.85 0.858535 0.001963
1493.47 0.86683 0.0019984
1589.37 0.840102 0.000188875
1407.55 0.860849 0.00160667
1402.69 0.865864 0.0019658
1345.08 0.85786 0.0018892
1323.05 0.861173 0.00180405
1392.54 0.856332 0.0016877
1462.02 0.850386 0.00200362
1540.06 0.849274 0.00165129
1374.26 0.864495 0.0019608
1370.32 0.855455 0.00192207
1371.64 0.858483 0.00157084
1419.57 0.859273 0.00192483
1351.35 0.858375 0.00173886
1465.56 0.863031 0.00120233
1331.25 0.862096 0.00138243
1302.04 0.854926 0.0019581
1403.64 0.851752 0.00152722
1403.13 0.842876 0.00257561
1317.64 0.858114 0.00179317
1397.95 0.860509 0.00165215
1526.36 0.85099 0.00153653
1354.96 0.859489 0.00195392
1364.28 0.858742 0.0012685
1340.99 0.858488 0.00209641
1243.11 0.860575 0.00198445
1288.95 0.857698 0.00165129
1523.16 0.855588 0.00193092
1490.39 0.864714 0.00142984
1452.82 0.861029 0.00197629
1393.92 0.852023 0.00187145
1497.54 0.855904 0.00195086
1345.48 0.861198 0.00195469
1373.02 0.862231 0.00196483
1334.73 0.859196 0.00162702
1361.73 0.855623 0.00145477
1512.52 0.869115 0.00201595
1434.33 0.861783 0.00196538
1398.29 0.858933 0.00175287
1563.98 0.868854 0.00161852
1450.53 0.853179 0.0018666
1513.07 0.857276 0.00201438
1778.33 0.855151 0.00206071
1328.52 0.857929 0.00159737
1476.15 0.854326 0.00110615
1415.92 0.856771 0.00189377
1656.14 0.850923 0.00169757
1450.46 0.855195 0.00203751
1488.44 0.854211 0.0015017
1292.96 0.856555 0.00197798
1487.01 0.852249 0.00200712
1377.47 0.856877 0.00177565
1275.3 0.854987 0.00200237
1449.59 0.859343 0.00160967
1330.9 0.856213 0.00207972
1322.81 0.853044 0.00199684
1413.23 0.860636 0.00160794
1342.36 0.85991 0.00150915
1442.93 0.861031 0.00155925
1471.09 0.86267 0.00190985
1483.32 0.857782 0.00201109
1293.46 0.862525 0.00190444
1522.14 0.85868 0.00189496
1517.23 0.862767 0.0015201
1465.45 0.859442 0.0015816
1447.22 0.856766 0.00159794
1486.33 0.85727 0.000971356
1386.07 0.852791 0.00164428
1472.23 0.84968 0.00170626
1385.57 0.861273 0.00190925
1472.2 0.857032 0.00179568
1429.58 0.844108 0.00279146
1485.05 0.867864 0.00193089
1439.87 0.854228 0.00206147
1387.26 0.858356 0.00184693
1293.29 0.857137 0.00191851
1379.01 0.855881 0.00163576
1397.27 0.863419 0.00168567
1434.97 0.837694 0.000190136
1382.47 0.862535 0.0019168
1389.03 0.856427 0.00162357
1611.09 0.854455 0.00167005
1389.21 0.858742 0.0018882
1343.22 0.860874 0.00146567
1462.95 0.862201 0.00216068
1459.24 0.861162 0.00192064
1363.04 0.857633 0.00204993
1549.74 0.860637 0.00187605
1241.69 0.859605 0.0020144
1570.69 0.858348 0.00171138
1293.23 0.859823 0.00187697
1462.83 0.860678 0.00193686
1331.92 0.859261 0.00191236
1488 0.858708 0.00168633
1329.08 0.861274 0.00157098
1655.87 0.861465 0.00195332
1455.48 0.862888 0.00206104
1424.67 0.855638 0.00194967
1405.41 0.857816 0.00200812
1369.66 0.856113 0.00165485
1402.3 0.85414 0.00196763
1612.59 0.867378 0.00190013
1466.76 0.860823 0.00186556
1373.26 0.860912 0.00188422
1542.71 0.850941 0.00194185
1400.48 0.860317 0.00200213
1335.73 0.856167 0.00197355
1340.01 0.862768 0.00191691
1385.78 0.840865 0.00202313
1508.98 0.864829 0.00192731
1650.54 0.863027 0.00192042
1341.66 0.860828 0.00140226
1431.09 0.852641 0.00192516
1455.19 0.854552 0.00225687
1532.1 0.84942 0.00198467
1464.97 0.859425 0.00164769
1423.74 0.865463 0.00191486
1348.3 0.855536 0.00189181
1429.61 0.864771 0.00201811
1475.57 0.865021 0.00198197
1726.81 0.855842 0.001937
1465.48 0.859772 0.00155018
1423.78 0.858656 0.00188589
1437.08 0.853758 0.00201397
1599.47 0.856431 0.00171914
1663.37 0.868913 0.00206405
1398.14 0.85543 0.00185876
1396.39 0.855701 0.00149844
1339.58 0.842462 0.00315279
1447.46 0.857779 0.00197958
1388.24 0.8466 0.000187516
1387.14 0.85638 0.00169537
1426.03 0.856498 0.00190338
1285.29 0.856644 0.00188553
1297.57 0.857848 0.00195875
1411.34 0.859374 0.00188313
1305.49 0.855618 0.0016687
1271.25 0.862174 0.00199087
1496.14 0.858867 0.00192781
1355.08 0.848556 0.000187227
1392.02 0.862374 0.00143946
1351.1 0.859251 0.00176179
1403.45 0.853727 0.00167495
1407.66 0.8518 0.0019228
1414.48 0.852887 0.00194632
1413.7 0.862171 0.00182261
1551.07 0.861127 0.00241669
1430.35 0.855565 0.00201462
1413.9 0.85884 0.00193708
1265.64 0.866436 0.00153321
1331.06 0.859571 0.00191236
1426.77 0.861134 0.00162587
1484.38 0.864059 0.00208852
1576.11 0.868941 0.0019218
1558.89 0.857706 0.00160842
1361.06 0.85907 0.00212695
1311.43 0.853808 0.00188459
1431.03 0.857514 0.00174247
1510.15 0.859724 0.00183386
1320.9 0.85491 0.00190593
1919.64 0.860546 0.00163421
1684.14 0.856927 0.00184464
1309.9 0.860978 0.00167229
1320.08 0.862547 0.0020189
1497.53 0.853368 0.00196366
1505.85 0.85672 0.00189644
1339.42 0.858892 0.00162052
1603.56 0.851954 0.0019316
1409.08 0.856056 0.00170674
1594.16 0.858017 0.00190277
1408.37 0.851066 0.00203105
1446.84 0.862199 0.00187751
1489.36 0.860556 0.00193811
1383.46 0.857184 0.00200772
1250.14 0.858907 0.00193047
1495.06 0.861754 0.00183113
1466.47 0.851527 0.0019803
1470.89 0.854026 0.00173432
1306.9 0.860729 0.0014986
1344.08 0.857863 0.00179622
1365.04 0.862777 0.00169537
1357.08 0.858183 0.00156112
1418.89 0.851218 0.00190283
1484.39 0.861285 0.00152869
1270.11 0.862516 0.00202957
1347.74 0.861715 0.00189266
1403.05 0.859925 0.00165869
1702.64 0.850406 0.00183645
1354.42 0.857644 0.00182775
1564.66 0.852273 0.00167205
1389.78 0.858532 0.00195801
1560.44 0.861978 0.00181241
1281.21 0.862737 0.00190179
1295.69 0.841059 0.00283834
1768.19 0.870525 0.00208612
1491.55 0.853551 0.00156973
1274.17 0.846597 0.00243166
1341.41 0.859738 0.00199518
1340.26 0.866832 0.00158653
1615.21 0.862507 0.00170945
1458.56 0.85425 0.00195223
1492.32 0.867117 0.00186958
1521.78 0.853247 0.00265264
1375.31 0.85863 0.00191601
1578.01 0.856829 0.0016376
1301.86 0.855463 0.00191367
1385.64 0.854912 0.00160128
1598.2 0.860819 0.00191068
1284.24 0.859126 0.00130249
1401.32 0.85723 0.00158792
1485.91 0.861104 0.00182631
1281 0.857327 0.00192082
1464.72 0.867221 0.00175178
1296.86 0.862621 0.00154079
1383.06 0.868385 0.00185782
1333.9 0.859877 0.00211047
1232.6 0.85824 0.00153706
1398.69 0.854645 0.00192196
1435.43 0.863566 0.0015079
1388.49 0.859654 0.00193084
1618.68 0.861613 0.00211459
1356.45 0.86393 0.00137468
1310.3 0.85236 0.0023729
1316.83 0.861333 0.00189629
1532.78 0.853792 0.00195519
1402.63 0.860579 0.00191446
1434.09 0.852112 0.00207135
1458.56 0.855272 0.00201435
1526.7 0.862044 0.00186529
1433.83 0.857211 0.00170538
1342.13 0.857687 0.00214523
1497.07 0.864927 0.00195499
1428.24 0.857624 0.0019715
1288.09 0.859125 0.00201197
1606.23 0.845713 0.00306809
1635.64 0.850118 0.00196528
1419.23 0.854093 0.00199261
1466.08 0.8613 0.00184811
1451.75 0.858099 0.0014432
1256.4 0.860563 0.00183085
1391.77 0.85665 0.00107035
1377.22 0.85647 0.00195467
1398.67 0.859045 0.00148942
1409.52 0.859963 0.0019117
1404.28 0.851052 0.00167357
1378.85 0.841654 0.00244035
1447.31 0.864306 0.00185542
1564.62 0.858442 0.00146159
1440.81 0.868701 0.00188664
1509.14 0.865791 0.00207484
1459.52 0.861855 0.00189164
1483.05 0.854796 0.0013556
1588.75 0.853216 0.00188949
1435.86 0.864365 0.001692
1385.54 0.860249 0.00206693
1462.77 0.860268 0.00188615
1495.32 0.834163 0.00260264
1337.17 0.858944 0.00157538
1408.83 0.859147 0.00156677
1404.36 0.859847 0.00156169
1347.26 0.862029 0.00142901
1412.21 0.862157 0.00194745
1444.61 0.85577 0.00198955
1390.28 0.855228 0.00145037
1411.53 0.864086 0.00188007
1495.45 0.857485 0.00202748
1340.16 0.859879 0.00194971
1308.1 0.862501 0.00157583
1638.89 0.87168 0.00175139
1555.24 0.848956 0.0021576
1259.39 0.831432 0.00282719
1579.44 0.857122 0.524352
1304.7 0.856808 0.00192642
1429.01 0.85618 0.00193381
1565.6 0.8648 0.00189556
1405.08 0.857648 0.00172003
1440.04 0.855575 0.00136201
1530.8 0.852595 0.00201268
1509.76 0.858482 0.00152817
1555.5 0.856005 0.00161072
1322.5 0.848867 0.00018754
1433.51 0.860849 0.00197272
1303.64 0.861258 0.00190303
1485.52 0.860864 0.00191096
1367.81 0.857861 0.00145207
1284.13 0.863007 0.00201116
1354.27 0.860306 0.00195445
1380.68 0.85648 0.00158864
1546.53 0.853981 0.00199084
1318.79 0.846182 0.00304438
1362.45 0.858832 0.00156938
1358.47 0.861508 0.00189618
1353.1 0.852878 0.00187069
1483.83 0.862894 0.00193485
1296.19 0.8625 0.00157892
1595.86 0.850723 0.00204718
1437.05 0.857175 0.00201908
1509.33 0.858452 0.00194447
1409.01 0.856657 0.00169434
1400.12 0.86198 0.00149102
1449.54 0.860913 0.00212612
1573.95 0.855298 0.00204047
1325.28 0.85596 0.0015801
1324.98 0.862859 0.00211882
1376.3 0.864154 0.00188148
1523.71 0.854943 0.00190633
1399.11 0.860946 0.0014665
1438.53 0.855298 0.00164878
1501.56 0.852348 0.00201587
1459.81 0.866055 0.00191273
1344.07 0.857378 0.00152654
1319.04 0.86236 0.00151017
1297.1 0.857761 0.00189682
1390.66 0.844311 0.00264799
1484.28 0.848912 0.00166589
1335.69 0.861837 0.00156042
1413.94 0.862961 0.00190817
1617.57 0.867918 0.00197383
1422.57 0.864616 0.0017418
1417 0.857355 0.0020071
1446.23 0.844407 0.000188561
2050.4 0.854877 0.00199418
1380.47 0.857028 0.00166631
1353.18 0.859299 0.00193297
1398.71 0.858181 0.00201699
1348.87 0.864013 0.00186109
1341.23 0.860512 0.00202725
1307.3 0.857774 0.00191756
1609.52 0.849709 0.00199362
1306.68 0.857729 0.00187113
1359.94 0.860037 0.00204403
1516.29 0.854106 0.00202752
1475.1 0.865485 0.00198023
1382.83 0.856711 0.00195588
1538.75 0.857955 0.00205409
1430.1 0.851758 0.00188787
1417.89 0.865424 0.001666
1519.94 0.853543 0.00173104
1383.17 0.855009 0.00165599
1288.31 0.85861 0.00184436
1342.88 0.861812 0.00146692
1400.88 0.854235 0.00195263
1352.61 0.861963 0.0020942
1529.5 0.854108 0.00179947
1465.48 0.856699 0.00190635
1353.36 0.857831 0.00200794
1444.77 0.858132 0.00185092
1401.65 0.860435 0.00150908
1466.4 0.868397 0.00193607
1312.46 0.854361 0.000988481
1571.13 0.854056 0.0019794
1362.76 0.859855 0.0015247
1477.38 0.859382 0.00150161
1367.75 0.865022 0.00193972
1442.4 0.85291 0.0018169
1652.14 0.860829 0.00147191
1409.37 0.853682 0.00268526
1471.43 0.85035 0.00207269
1303.91 0.85888 0.00165778
1608.36 0.859982 0.00199408
1666.65 0.849403 0.00203395
1413.43 0.853495 0.00181926
1402.83 0.843387 0.000189897
1320.79 0.853579 0.00144929
1411.82 0.857228 0.00190168
1445.05 0.855832 0.0019281
1248.89 0.844624 0.000188503
1347.47 0.861138 0.00192055
1476.73 0.850963 0.00145745
1497.78 0.859897 0.00176559
1386.69 0.854454 0.00252285
1539.45 0.851926 0.00179752
1535.15 0.850708 0.00195116
1522.04 0.85595 0.0019103
1316.22 0.864162 0.00199028
1360.23 0.855421 0.00188942
1359.96 0.8393 0.00324834
1453.33 0.863352 0.00182616
1519.69 0.855087 0.00169608
1356.1 0.86102 0.00170951
1257.18 0.835666 0.0030369
1380.29 0.852773 0.00197313
1405.8 0.837252 0.516328
1431.77 0.860417 0.00179054
1378.89 0.855653 0.00183465
1385.85 0.862062 0.00190193
1806.86 0.854781 0.00158794
1363.33 0.855195 0.00146835
1442 0.854565 0.00160594
1301.77 0.862229 0.00155757
1303.34 0.843195 0.000189311
1283.82 0.855712 0.00174773
1559.62 0.870148 0.0017773
1428.08 0.859345 0.00151353
1554.27 0.863462 0.00162751
1332.45 0.863318 0.00189132
1359.91 0.860654 0.00162053
1499.49 0.859644 0.00200568
1382.99 0.858842 0.00168903
1238.65 0.857377 0.00192747
1370.96 0.854229 0.00163421
1453.8 0.855214 0.00171504
1380.07 0.860721 0.00214175
1501.46 0.851751 0.00202904
1420.32 0.861226 0.00199565
1342.13 0.859822 0.0015445
1554.91 0.851255 0.0019227
1353.54 0.861131 0.00162598
1343.37 0.854783 0.00168645
1388.92 0.86204 0.00192423
1537.32 0.850658 0.00206221
1511.5 0.859473 0.00140253
1338.59 0.864931 0.00190345
1559.62 0.855854 0.00204181
1263.35 0.859123 0.0019076
1382.34 0.855 0.0019978
1718.01 0.865048 0.00196538
1703.02 0.865238 0.00192493
1365.34 0.852529 0.00147919
1347.11 0.862829 0.00217472
1360.03 0.861637 0.00183208
1544.75 0.853782 0.00183878
1340.14 0.85441 0.00178615
1282.36 0.855429 0.00166112
1350.96 0.856369 0.00190601
1388.47 0.86258 0.00198837
1483.78 0.857964 0.00122491
1355.38 0.861792 0.0019271
1531.4 0.857346 0.00150446
1369.49 0.862369 0.00207941
1464.52 0.864245 0.0019765
1390.4 0.863598 0.00186296
1407.99 0.859314 0.00160768
1419.32 0.859317 0.00185478
1664.74 0.865336 0.00190419
1404.45 0.853785 0.00186739
1652.07 0.867873 0.00202232
1362.28 0.856419 0.00209655
1586.94 0.850324 0.00193579
1392.71 0.861042 0.00143654
1331.09 0.858217 0.00196395
1506.25 0.860491 0.00209148
1804.55 0.845062 0.00210554
1619.89 0.856035 0.001597
1404.64 0.8423 0.000188923
1354.25 0.854504 0.00165102
1493.36 0.849658 0.00161883
1266.38 0.857687 0.00188258
1309.7 0.858562 0.00144556
1408.22 0.852718 0.00139574
1428.78 0.855601 0.0018345
1687.09 0.852504 0.00157321
1638.6 0.865349 0.00197674
1402.51 0.852326 0.00196989
1342.18 0.843452 0.0029455
1309 0.862001 0.00190893
1755.31 0.832119 0.000191393
1385.4 0.85803 0.00162851
1420.95 0.862249 0.00144684
1471.48 0.854784 0.00195783
1583.29 0.865801 0.00167354
1356.32 0.865828 0.00171196
1630.9 0.850043 0.00198456
1525.18 0.836854 0.000190041
1285.43 0.855161 0.00189706
1334.28 0.862251 0.0019199
1420.43 0.859071 0.00160881
1378.97 0.858257 0.00199488
1585.2 0.848916 0.00195815
1378.09 0.854893 0.00200609
1325.41 0.861831 0.00148257
1372.1 0.849927 0.00198793
1367.42 0.857775 0.00203589
1674.54 0.861254 0.00188952
1534.52 0.858001 0.00196371
1507.22 0.851553 0.00196007
1479.28 0.864054 0.00197621
1334.01 0.857311 0.00147598
1363.51 0.859186 0.00195812
1462.34 0.852981 0.00175348
1479.13 0.854617 0.00193342
1366.81 0.856019 0.00157308
1194.01 0.860771 0.00198175
1691.55 0.856399 0.00155155
1357.08 0.859355 0.00164306
1407.6 0.861103 0.00166616
1411.14 0.852944 0.00168796
1366.57 0.869957 0.00157809
1448.24 0.859529 0.00188308
1288.42 0.8639 0.00148765
1292.56 0.843663 0.00289348
1471.32 0.856417 0.00166297
1429.73 0.863339 0.00186005
1556.11 0.836863 0.00221507
1618.33 0.858027 0.00195003
1388.61 0.854412 0.00196364
1389.71 0.860802 0.00194039
1352.41 0.858164 0.00196939
1277.06 0.855913 0.0020662
1515.07 0.860791 0.0019463
1323.28 0.861761 0.00184583
1649.26 0.863663 0.00170789
1431.11 0.863392 0.00187962
1344.26 0.862866 0.00190018
1470.65 0.855265 0.00193754
1413.85 0.854117 0.00162312
1324.82 0.852378 0.00193163
1432.02 0.853617 0.00166388
1308.69 0.856703 0.00188901
1536.84 0.85701 0.00193849
1403.94 0.857982 0.00147638
1385.1 0.849517 0.00229619
1684.58 0.854179 0.00222414
1358.89 0.851787 0.00198182
1462.26 0.86319 0.00191305
1337.09 0.863194 0.00179229
1332.4 0.861751 0.00187752
1572.37 0.852146 0.00200976
1393.69 0.858746 0.00190871
1339.97 0.854064 0.00202736
1503.87 0.859257 0.00143207
1602.17 0.868714 0.00194937
1424.74 0.857557 0.00193998
1441.76 0.859209 0.00191411
1224.47 0.858791 0.00162666
1364.63 0.861078 0.00151545
1497.73 0.864922 0.00189716
1439.82 0.858569 0.00164559
1357.13 0.856113 0.0019328
1342.13 0.860222 0.00154755
1434.58 0.858988 0.00213248
1573.59 0.858174 0.00190066
1559.04 0.862424 0.00164582
1478.58 0.856888 0.0015767
1539.5 0.863727 0.00193139
1272.19 0.85901 0.00164503
1361.54 0.85596 0.00152078
1391.66 0.860688 0.00188739
1305.78 0.856978 0.00196182
1228.51 0.856315 0.00158471
1562.7 0.856288 0.00197455
1424.62 0.864172 0.00201543
1226.57 0.858128 0.00163198
1455.84 0.854578 0.00210905
1520.5 0.860686 0.00204463
1558.89 0.8606 0.0019879
1448.74 0.86008 0.00150652
1402.61 0.859857 0.00143129
1399.61 0.864375 0.00195148
1337.47 0.861416 0.00188881
1475.61 0.864303 0.00197945
1465.88 0.858588 0.00160289
1587.89 0.864159 0.00200099
1452.9 0.8392 0.00248646
1673.69 0.874306 0.00185612
1446.98 0.850881 0.0018489
1492.2 0.858766 0.00186005
1474.33 0.852864 0.00187307
1376.49 0.864986 0.00163708
1536.93 0.869134 0.00164636
1365.43 0.854562 0.00194664
1461.95 0.857069 0.00162219
1661.08 0.856947 0.00194064
1429.29 0.85859 0.00143925
1453.09 0.862026 0.00202554
1533.63 0.854343 0.00172957
1365.04 0.858033 0.00189664
1569.1 0.853726 0.00199326
1545.66 0.866314 0.00190588
1417.88 0.85658 0.00156627
1390.16 0.839389 0.00307806
1422.82 0.86229 0.00197358
1479.16 0.857088 0.00190603
1418.94 0.852731 0.00140811
1572.63 0.857074 0.00157374
1352.3 0.861246 0.00209171
1319.39 0.86102 0.00172849
1421.35 0.856235 0.00149562
1482.94 0.853322 0.00164602
1428.14 0.859798 0.00196878
1521.41 0.854635 0.00186213
1332.98 0.85374 0.00143177
1524.53 0.862424 0.00159689
1369.74 0.856544 0.0015922
1564.57 0.864413 0.00191987
1584.26 0.850085 0.00126249
1328 0.858517 0.001765
1354.57 0.861066 0.00203069
1538.14 0.860893 0.00174975
1254.91 0.858836 0.0019815
1329.66 0.858295 0.00177294
1434.47 0.85782 0.00190933
1439.46 0.867919 0.0015421
1324.87 0.865152 0.00157857
1481.53 0.849848 0.00177885
1289.87 0.860317 0.00182143
1407.25 0.862345 0.00211376
1382.35 0.84664 0.00184638
1332.65 0.85875 0.00173078
1290.17 0.861256 0.00156909
1328.32 0.85361 0.00192538
1624.86 0.857407 0.00200326
1432.92 0.861311 0.00143616
1546.61 0.86617 0.00209903
1427.46 0.859506 0.00206307
1368.4 0.859062 0.00175279
1457.78 0.864094 0.0016992
1551.67 0.853338 0.00192431
1439 0.858003 0.00159522
1677.91 0.871768 0.00197038
1527.48 0.867436 0.00189916
1537.26 0.858162 0.00207565
1483.64 0.852031 0.00182519
1308.2 0.860698 0.00134458
1428.88 0.864234 0.00192315
1333.53 0.860031 0.00191508
1310.64 0.861499 0.00192302
1349.49 0.864492 0.00190886
1522.47 0.859991 0.00165245
1397.54 0.853874 0.00197224
1442.04 0.862783 0.001519
1568.81 0.863237 0.00183987
1334.05 0.858604 0.00213088
1377.73 0.854576 0.00203924
1265.33 0.857467 0.00192771
1461.63 0.861813 0.00146424
1289.72 0.854385 0.00190815
1548.94 0.853763 0.00195651
1315.19 0.854581 0.00157464
1465.31 0.833307 0.00214017
1524.54 0.850498 0.00172781
1528.43 0.844569 0.000187882
1434.53 0.866326 0.00152889
1439.79 0.850487 0.00145474
1355.5 0.864677 0.00200342
1304.82 0.858825 0.00194279
1356.51 0.855898 0.00190326
1368.88 0.865826 0.00170904
1254.7 0.858508 0.00202031
1529.35 0.842492 0.00266803
1365.23 0.858765 0.00166769
1384.72 0.866019 0.00199983
1495.76 0.860443 0.00198471
1306.83 0.86073 0.00182533
1315.81 0.837881 0.00223813
1372.45 0.855434 0.00199878
1393.14 0.859439 0.00193968
1377.46 0.857001 0.001919
1267.84 0.855189 0.00196979
1442.21 0.857132 0.00195067
1276.72 0.859076 0.00132323
1436.86 0.862559 0.00187824
1663.67 0.832061 0.000191586
1339.48 0.86255 0.00190729
1313.17 0.858416 0.00191407
1532.62 0.858282 0.00152293
1548.65 0.864317 0.00201083
1404.36 0.86131 0.00174115
1315.8 0.857379 0.00188501
1510.12 0.858578 0.00189322
1543.95 0.866696 0.00196636
2059.44 0.846239 0.00229084
1499.73 0.862233 0.00164051
1668.01 0.862507 0.00160711
1539.48 0.859092 0.00149878
1442.99 0.857653 0.00175729
1455.75 0.867245 0.00160928
1527.16 0.865674 0.00131773
1568.56 0.835533 0.00201183
1552.58 0.861301 0.00244002
1349.92 0.860438 0.00188582
1535.78 0.850524 0.00174283
1253.02 0.860521 0.00167677
1396.38 0.855735 0.00172992
1456.24 0.857475 0.0019116
1338.6 0.859176 0.00204614
1556.04 0.855034 0.00194589
1560.44 0.851516 0.00161657
1352.91 0.864238 0.00151334
1316.27 0.857479 0.00196048
1302.6 0.859435 0.00155526
1449.63 0.858471 0.00193574
1571.79 0.859572 0.00193689
1517.84 0.85896 0.00209633
1420.92 0.854856 0.00155892
1421.94 0.855499 0.0020427
1453.05 0.861258 0.00170802
1335.92 0.853925 0.0015172
1246.13 0.85608 0.00170329
1438.76 0.853467 0.00194904
1489.03 0.859251 0.00154512
1405.73 0.857917 0.00176523
1387.13 0.856629 0.00180294
1335.3 0.853622 0.0019093
1619.79 0.856238 0.0019026
1524.38 0.857831 0.00158422
1396.11 0.85703 0.00161
1385.9 0.833912 0.00261282
1511.89 0.860699 0.00162397
1450.86 0.866165 0.00147276
1307.86 0.858598 0.00174283
1348.28 0.861004 0.00204385
1513.71 0.833875 0.00302258
1322.29 0.856624 0.00186415
1321.3 0.856813 0.00190619
1387.43 0.861506 0.00193576
1415.75 0.861243 0.00198284
1280.39 0.866251 0.0018343
1552.6 0.852592 0.00202292
1350.94 0.86018 0.00189521
1473.01 0.856693 0.0016043
1561.29 0.859276 0.00171978
1579.56 0.853523 0.00199261
1292.17 0.858857 0.00202438
1692.86 0.861725 0.00164177
1341.73 0.855977 0.00158731
1354.43 0.864835 0.00191026
1345.6 0.853167 0.00202935
1368.94 0.853897 0.0019006
1236.91 0.853119 0.0029413
1477.96 0.863679 0.00154442
1405.53 0.862879 0.00185402
1403.83 0.859916 0.00193923
1423.29 0.854886 0.00207636
1332.63 0.856334 0.00163622
1409.4 0.853566 0.00168572
1392.06 0.857628 0.00199854
1351.91 0.8626 0.00174002
1344.98 0.857406 0.00194921
1467.71 0.855522 0.00187901
1498.8 0.861125 0.00184285
1459.41 0.851906 0.0018705
1453.25 0.856824 0.00197567
1349.62 0.853319 0.00146386
1351.66 0.857059 0.00144467
1289.12 0.856254 0.00193804
1434.93 0.855103 0.00185694
1485.09 0.86363 0.00190657
1287.47 0.86407 0.00181307
1350.38 0.862253 0.0013831
1513.74 0.869398 0.00162242
1427.55 0.854037 0.00200254
1290.49 0.844932 0.00313175
1441.51 0.838671 0.00260596
1614.64 0.851222 0.00196291
1469.71 0.840243 0.00338705
1474.37 0.851933 0.00202704
1380.07 0.856062 0.00189695
1505.18 0.8555 0.0015534
1632.08 0.866928 0.00187425
1549.02 0.848453 0.00287423
1357.22 0.856508 0.00151845
1427.77 0.85208 0.0019325
1389.72 0.862735 0.00192852
1381.05 0.857493 0.00192158
1353.71 0.86407 0.00160219
1384.49 0.863637 0.00151676
1290.85 0.854116 0.00165291
1436.69 0.862173 0.00160244
1501.49 0.859234 0.00190771
1500.05 0.851476 0.00203846
1337.85 0.845503 0.00319441
1448.6 0.857056 0.00198959
1241.26 0.858097 0.0011671
1442.38 0.86188 0.00193165
1369.53 0.861161 0.00194978
1417.05 0.853768 0.00196032
1611 0.868024 0.00194657
1360.15 0.852989 0.00160009
1409.67 0.864136 0.00187158
1688.99 0.868305 0.00196555
1574.99 0.857572 0.001885
1379.55 0.861933 0.00220373
1535.76 0.844823 0.00179732
1499.36 0.855054 0.00179215
1439.96 0.852375 0.00169856
1359.66 0.858142 0.002066
1392.11 0.854766 0.00188484
1576.13 0.867635 0.00184787
1767.4 0.848368 0.00200007
1427.68 0.859308 0.00188671
1402.62 0.864324 0.00170617
1371.4 0.853052 0.00193004
1334.9 0.85937 0.00166832
1288.86 0.855303 0.00204246
1417.06 0.864906 0.00197096
1326.55 0.859213 0.00144248
1462.46 0.852157 0.00169315
1501.04 0.864864 0.00177775
1320.15 0.862426 0.00191613
1489.78 0.849977 0.00149964
1562.3 0.858408 0.00146214
1468.87 0.849277 0.00169397
1419.47 0.859021 0.00165557
1411.44 0.85669 0.00163531
1370.47 0.866042 0.00186046
1549.08 0.864074 0.00200265
1338.47 0.859419 0.00200895
1761.35 0.870656 0.00214872
1617.89 0.861884 0.0019752
1506.21 0.851106 0.00185524
1338.53 0.855039 0.00164651
1341.02 0.855775 0.00172564
1327.23 0.860423 0.00146075
1388.32 0.840778 0.00267022
1308.24 0.859893 0.00154112
1479.88 0.852198 0.00197139
1360.53 0.858086 0.00189748
1510.58 0.867759 0.00164073
1573.48 0.835081 0.00303007
1350.83 0.859908 0.00164881
1947.67 0.848615 0.0019545
1406.95 0.859071 0.00189867
1568.42 0.855603 0.00178112
1352.73 0.857373 0.00144416
1378.68 0.861567 0.0018971
1279.33 0.860091 0.00163378
1889.65 0.856522 0.00258282
1479.69 0.850309 0.00161433
1469.97 0.853363 0.0017316
1583.78 0.857445 0.00179366
1486.91 0.863513 0.00220683
1333.72 0.863072 0.00195152
1434 0.857453 0.00189246
1301.02 0.861033 0.00199037
1608.95 0.831519 0.00282855
1366.15 0.860602 0.0014615
1396.17 0.855209 0.0019479
1353.4 0.85392 0.00190613
1331.63 0.861359 0.00203011
1353.17 0.859213 0.00144545
1405.79 0.858573 0.00199317
1632.23 0.863289 0.00197201
1481.33 0.843191 0.000188619
1399.71 0.85638 0.00156406
1462.71 0.866057 0.00124096
1377.48 0.854722 0.00199769
1409.68 0.858246 0.00189965
1354.14 0.865417 0.00175365
1518.46 0.857138 0.00195697
1322.62 0.862669 0.00219911
1453.27 0.864399 0.00193155
1451.53 0.861211 0.00195207
2109.37 0.855663 0.00291457
1382.5 0.863887 0.00199637
1465.13 0.859456 0.00151131
1384.59 0.862968 0.001914
1414.75 0.855878 0.00197285
1686.9 0.855205 0.00179669
1453.36 0.852091 0.00163458
1393.53 0.857548 0.00166381
1513.79 0.852633 0.00175037
1532.95 0.847762 0.00188422
1458.15 0.858649 0.00171036
1281.59 0.855107 0.00207477
1621.92 0.84994 0.00161601
1368.92 0.857039 0.00165616
1474.58 0.859979 0.00178127
1504.46 0.856891 0.00152127
1379.95 0.864479 0.00154752
1464.29 0.856125 0.00174834
1444.09 0.855853 0.00198135
1250.47 0.865761 0.00208896
1477.58 0.865856 0.00195376
1367.01 0.863995 0.00187469
1421.11 0.863079 0.00192883
1485.88 0.856694 0.00161524
1419.84 0.858971 0.00191148
1327.64 0.859536 0.00207602
1743.35 0.853092 0.0020086
1429.82 0.843772 0.00286637
1495.96 0.856239 0.00195745
1483.38 0.850419 0.00153492
1530.68 0.853671 0.00202089
1334.35 0.860781 0.00181499
1411.97 0.862906 0.00192434
1551.12 0.86315 0.00173128
1320.92 0.852176 0.00243323
1370.57 0.857909 0.00170535
1654.84 0.848386 0.00186793
1280.27 0.857678 0.00162504
1440.76 0.863782 0.00199101
1550.84 0.859276 0.0017634
1444.45 0.85224 0.00189571
1345.91 0.858617 0.00172596
1378.26 0.862151 0.00147613
1457.26 0.860398 0.00200228
1404.82 0.858677 0.00196847
1492.46 0.862938 0.00182786
1412.19 0.856937 0.00203352
1316.12 0.859585 0.0019034
1530.7 0.860021 0.00192569
1442.38 0.860849 0.00172014
1501.63 0.867557 0.00190586
1399.67 0.856624 0.00304628
1417.91 0.860408 0.00204544
1480 0.861811 0.00198936
1400.02 0.838836 0.003115
1276.18 0.857471 0.00176944
1408.45 0.856978 0.00160068
1499.5 0.852628 0.0019654
1433.64 0.851086 0.00192225
1435.31 0.863626 0.0016782
1410.78 0.859358 0.0018838
1327.58 0.856708 0.00164067
1432.03 0.859858 0.00151356
1605.38 0.855402 0.00184794
1351.25 0.861695 0.00191637
1320.19 0.855706 0.0020351
1567.04 0.865509 0.00201132
1305.62 0.858713 0.00153448
1367.78 0.851355 0.00203152
1443.33 0.860638 0.00147196
1385.07 0.862398 0.00158577
1293.37 0.859633 0.00192737
1473.18 0.856601 0.00188603
1326.37 0.862952 0.001999
1346.34 0.864067 0.00189599
