1547.39 0.899718 0.000753799
1746.47 0.903458 0.000760853
1639.26 0.902944 0.00106005
1776.65 0.8974 0.000907366
1667.46 0.90343 0.000690214
1596.28 0.901908 0.0010081
1548.53 0.906882 0.000884894
1490.07 0.903176 0.000969281
1635.23 0.903716 0.0010248
1668.92 0.89844 0.00116988
1575.26 0.901851 0.00106135
1647.42 0.906516 0.00104871
1759.8 0.901243 0.000809208
1750.83 0.903166 0.000625367
1644.39 0.905405 0.000944182
1678.61 0.904412 0.000991849
1788.78 0.905449 0.000621905
1940.7 0.902121 0.000922025
1659.75 0.905829 0.00107165
1612.18 0.901035 0.00106285
1510.5 0.907283 0.00110316
1613.45 0.906482 0.000801275
1685.9 0.902293 0.000861216
1630.88 0.904683 0.00113196
1536.95 0.902886 0.00095523
1646.76 0.907135 0.00104267
1550.16 0.904811 0.00100866
1563.7 0.903494 0.000889538
1819.18 0.902683 0.00062209
1562.68 0.884607 0.00139688
1561.71 0.905374 0.000931065
1777.96 0.899084 0.000856226
1545.61 0.904857 0.00080733
1618.87 0.886286 0.00149669
1792.32 0.898356 0.00103488
1660.68 0.904739 0.000836844
1592.45 0.902953 0.00107185
1538.78 0.903237 0.000823646
1561.69 0.904708 0.00100142
1549.83 0.902769 0.000938927
1523.37 0.906721 0.00103366
1542.72 0.90256 0.00109291
1652.08 0.906639 0.00103891
1660.25 0.902652 0.000926338
1813.4 0.900215 0.00094662
1641.73 0.902612 0.00092901
1853.94 0.897972 0.00082645
1551.99 0.902429 0.000839046
1668.11 0.903061 0.000895781
1536.35 0.900832 0.00103444
1673.8 0.892165 0.00127945
1550.81 0.90543 0.00121323
1592.15 0.900931 0.00101076
1537.34 0.902545 0.000885815
1562.78 0.896504 0.00169285
1670.64 0.903342 0.000703958
1669.55 0.903019 0.000954507
1506.8 0.903422 0.000775721
1470.9 0.902202 0.00106224
1628.53 0.90398 0.00106627
1532.1 0.902068 0.000964726
1621.88 0.906699 0.000967116
2049.87 0.89508 0.00132112
1579.39 0.903114 0.00101212
1840 0.904159 0.00103226
1679.77 0.898874 0.00105194
1551.87 0.90582 0.00105012
1523.05 0.90346 0.000942669
1762.04 0.89812 0.000926126
1702.58 0.902207 0.00107067
1467.79 0.905602 0.000834798
1755.21 0.902856 0.000706467
1819.48 0.899094 0.00073234
1656.3 0.904674 0.00107371
2197.29 0.8947 0.000798699
1544.57 0.902522 0.00109019
1732.05 0.902417 0.00112287
1712.53 0.899048 0.000776956
1885.35 0.900375 0.000741991
1669.26 0.894912 0.00155723
1686.23 0.907895 0.000959928
1528.85 0.899778 0.00101497
1540.13 0.904155 0.000763565
1686.24 0.899312 0.000973138
1892.99 0.905598 0.000749667
1430.9 0.904937 0.00103388
1584.29 0.903504 0.000792947
1581.11 0.904384 0.000882386
1656.07 0.902841 0.000965264
1608.36 0.889365 0.00136654
1771.36 0.902619 0.0009646
2103.9 0.904399 0.00107717
1607.67 0.906023 0.00102206
1676.8 0.9048 0.00105102
2230.78 0.90045 0.000740492
1671.42 0.905564 0.00109067
1607.77 0.905452 0.000947743
1582.06 0.900025 0.000934241
1608.98 0.903822 0.000895034
1864.41 0.902989 0.000859948
1664.83 0.899705 0.000995271
1407.07 0.903838 0.00103108
1584.75 0.903905 0.000840082
1466.01 0.899266 0.000935544
1787.84 0.901761 0.000808894
1539.02 0.903648 0.00103659
1653.56 0.902742 0.000988423
1700.45 0.905298 0.000723357
1677.37 0.902847 0.000741615
1582.23 0.901658 0.000103902
1748.66 0.906557 0.000910093
1827.98 0.903672 0.00102858
1608.79 0.904131 0.00086893
1589.33 0.907385 0.000834227
1769.08 0.89992 0.000859764
1838.24 0.898419 0.000791197
1557.03 0.903251 0.000992826
1499.36 0.90545 0.00105851
1553.08 0.902157 0.000972074
1840.44 0.906013 0.000967759
1814.68 0.893975 0.00175879
1554.31 0.902608 0.00100965
1599.86 0.901098 0.00102768
1562.84 0.903996 0.00108957
1661.07 0.902307 0.0010757
1479.19 0.903983 0.00107513
1721.53 0.904659 0.000672361
1554.97 0.904179 0.000987433
1642.67 0.904408 0.00102277
1895.57 0.901979 0.000746387
1641.52 0.900572 0.00110256
1751.66 0.902747 0.000985348
2000.13 0.904316 0.00067011
1603.26 0.904181 0.00104998
1553.76 0.905062 0.000826319
1567.24 0.901849 0.000773329
1526.09 0.886345 0.00158185
1539.02 0.896944 0.000811896
1648.54 0.902954 0.000893822
1601.42 0.904093 0.000996598
1953.03 0.899927 0.00133217
1590.07 0.898343 0.000966704
1534.82 0.904646 0.000763303
1538.3 0.902229 0.00103591
1804.9 0.900737 0.000779615
1826.46 0.899436 0.00105702
1681.74 0.903098 0.000789723
1964.71 0.901282 0.000929345
1720.19 0.898226 0.000791701
1579.65 0.905258 0.000977486
1583.08 0.901903 0.00109017
1693.24 0.901694 0.000968007
1642.6 0.896742 0.00070031
1723.3 0.907376 0.00113224
1545.25 0.902613 0.00101299
1529.53 0.901478 0.000936729
1570.13 0.907644 0.000905761
1891.95 0.902666 0.000836382
1413.68 0.903975 0.00102209
1688.43 0.902936 0.00103173
1667.41 0.899615 0.000851383
1900.61 0.905537 0.00104994
1696.78 0.905735 0.000699978
2025.92 0.902597 0.000688757
1639.2 0.904417 0.000991648
1443.82 0.905709 0.000970641
1461.08 0.903555 0.00137432
1737.37 0.904908 0.00102573
1733.45 0.901427 0.000861161
1542.1 0.89491 0.001257
1638.56 0.899835 0.000956959
1820.4 0.900281 0.000956552
1509.41 0.902242 0.00101287
1719.01 0.906053 0.000985053
1521.08 0.90231 0.000992558
2079.37 0.903417 0.000923595
2129.85 0.898149 0.00080265
1853.33 0.902012 0.000866745
1563.8 0.904885 0.000957562
1837.26 0.908108 0.000714103
1579.21 0.893013 0.00159077
1846.53 0.903416 0.000933436
1687.3 0.901993 0.00103201
1799.1 0.900055 0.00117083
1836.48 0.910337 0.000888023
1567.67 0.905428 0.000993116
1653.13 0.900069 0.000828594
1615.19 0.906287 0.000993843
1441.63 0.90362 0.00116643
1660.65 0.904389 0.00104901
1701.76 0.904513 0.000697909
1472.5 0.904706 0.0010395
1649.39 0.900548 0.00103426
1655.72 0.902929 0.00102975
1576.77 0.899905 0.00081352
1535.42 0.905498 0.00095092
1959.65 0.902069 0.000793383
1486.27 0.903141 0.000938076
1795.67 0.900886 0.00106069
1542.23 0.888706 0.00152587
1573.41 0.902739 0.000953405
1531.24 0.901382 0.00110868
1721.79 0.903067 0.000960123
1577 0.906184 0.000925517
1445.16 0.903199 0.00106145
1704.57 0.905604 0.00105918
1468.79 0.900904 0.0011742
1624.35 0.904779 0.00100953
1783.67 0.900938 0.000831172
1710.73 0.902541 0.000717757
1638.14 0.904418 0.00104971
1753.62 0.901638 0.000993514
1484.03 0.902547 0.00100593
1721.7 0.900648 0.000666073
1517.39 0.902097 0.00101604
1850.94 0.900866 0.000836684
1517.85 0.902392 0.000917785
1682.77 0.902042 0.000992511
1786.16 0.89897 0.000990718
1586.32 0.904277 0.00102269
1594.13 0.900943 0.00101335
1658.1 0.899144 0.000875488
1832.67 0.905576 0.00068449
1590.75 0.903608 0.000920331
1778.27 0.905679 0.00104956
1524.86 0.902737 0.00511862
1952.03 0.897275 0.000801907
1855.17 0.897125 0.000922127
1928.23 0.896733 0.00104853
1562.09 0.900806 0.00105205
1748.99 0.903815 0.000714368
1704.15 0.899518 0.000888234
1621.58 0.904249 0.000911848
1791.35 0.901499 0.000720789
1639.07 0.900832 0.000736796
1649.7 0.904523 0.000989126
1606.48 0.901348 0.000806747
1796.62 0.898056 0.000776599
2037.28 0.900374 0.000923118
1500.36 0.901966 0.00107313
1691.97 0.905291 0.000810359
1538.28 0.902529 0.00107218
1598.08 0.906862 0.000813718
1543.04 0.900688 0.00100399
1612.92 0.903763 0.000993301
1651.87 0.900486 0.00103786
1536.03 0.899286 0.000880217
1565.29 0.904986 0.00108331
1448.41 0.906059 0.000873248
1583.73 0.902584 0.000726159
1643.87 0.902118 0.000998266
1691.59 0.90271 0.000945277
1708.86 0.904669 0.00101189
1599.26 0.903591 0.000894169
1552.56 0.900469 0.000845284
1777.73 0.899374 0.000808826
1651.68 0.8991 0.00077566
1594.28 0.904707 0.00100843
1758.74 0.904431 0.00102206
1568.83 0.905644 0.001072
1658.31 0.898916 0.00107429
1711.63 0.903442 0.00109032
1641.68 0.907256 0.000885386
1496.51 0.905024 0.00106694
1697.31 0.902415 0.00107037
1473.16 0.903077 0.000880115
1807.4 0.899755 0.000929994
1503.24 0.90397 0.000996843
1624.66 0.900168 0.000897505
1530.84 0.901456 0.00102166
1652.28 0.90255 0.000869342
1609.3 0.905636 0.000970368
2215.34 0.889052 0.00144477
1548.14 0.902465 0.000963713
1731.31 0.903804 0.000643394
1921.02 0.893834 0.00145255
1596.39 0.899749 0.000877768
1702.88 0.902682 0.000708945
1563.55 0.90263 0.000967357
1950.28 0.899146 0.00107357
1840.2 0.900878 0.000956732
1855.7 0.904004 0.000888904
1622.89 0.901439 0.00113138
1560.24 0.906155 0.000856704
1692.38 0.905972 0.000795842
1841.2 0.904374 0.00103396
1523.72 0.902487 0.00101055
1611.77 0.902939 0.000990498
1642.02 0.903163 0.000811828
1616.75 0.897136 0.00106087
1942.11 0.900937 0.00107491
1913.91 0.896011 0.00081093
1568.78 0.903079 0.00101875
1909.54 0.904706 0.00100096
1662.62 0.900001 0.00102917
1513.88 0.903544 0.000958773
1546.55 0.900232 0.000915418
2009.23 0.903047 0.000821229
1672.17 0.907348 0.00104961
1572.31 0.904025 0.00104011
1692.26 0.90984 0.000653285
1604.98 0.88787 0.00133176
1958.49 0.899539 0.000997846
1528.36 0.903349 0.00104115
1612.95 0.902275 0.00102859
1570.59 0.902168 0.000963525
1742.07 0.9094 0.00111438
1657.81 0.90536 0.000996416
1652.53 0.903593 0.000787996
1574.66 0.903861 0.000999727
1654.98 0.902363 0.000944476
1645.12 0.88899 0.0014624
1654.57 0.905365 0.00103378
1763.17 0.90531 0.000818042
1601.86 0.908006 0.00110744
1536.42 0.903453 0.00101939
1698.24 0.903321 0.000675514
1563.94 0.901882 0.00066261
1588.65 0.906879 0.000940346
1675.5 0.905416 0.00102591
1702.35 0.900956 0.00104745
1595.4 0.905997 0.00071728
1992.61 0.900628 0.00103059
1509.53 0.905037 0.000997184
1671.55 0.90715 0.00104154
1475.51 0.89139 0.000991173
1525.47 0.894694 0.00167115
1620.33 0.903315 0.00104354
1593.22 0.903229 0.00111018
1848.07 0.900938 0.000726874
1874.98 0.906758 0.000835284
1484.31 0.903712 0.000949783
1633.61 0.900509 0.000774532
1592.38 0.886652 0.00189229
1553.15 0.905909 0.00104367
1886.93 0.901167 0.000908885
1607.89 0.905035 0.00100139
1477.16 0.904227 0.00101951
1550.87 0.906208 0.000896338
1738.05 0.906529 0.00095639
1720.11 0.901012 0.000974829
1635.7 0.902145 0.00102714
1857.48 0.905113 0.000731462
1950.18 0.900151 0.000900575
1434.57 0.902862 0.000823581
1499.43 0.90388 0.00108799
1547.71 0.903018 0.000790553
1609.25 0.902551 0.00101101
1646.71 0.893174 0.00187864
1536.4 0.903004 0.000828706
1667.32 0.903661 0.000907865
1617.48 0.90269 0.00104126
1617.91 0.905329 0.00105622
1651.16 0.902998 0.000774329
1870.38 0.899881 0.000921816
1681.95 0.90289 0.00105586
1751.95 0.909276 0.000977577
1702.62 0.905036 0.00127105
1624.74 0.901645 0.00089585
1524.84 0.904558 0.00101321
1602.01 0.9041 0.0007757
1553.56 0.90342 0.000715871
1645.03 0.905271 0.000816432
1543.64 0.90464 0.000911905
1634.09 0.902648 0.000998087
1704.21 0.900783 0.000862336
1890.62 0.90898 0.000999096
1684.46 0.903863 0.000797587
1615.85 0.903988 0.00103061
1677.92 0.906418 0.000783075
1616.25 0.90401 0.0010032
1814.52 0.900451 0.000940033
1586.29 0.898939 0.0010435
1540.83 0.900137 0.000971692
1728.87 0.905351 0.000790355
1616.07 0.901185 0.00101775
1449.29 0.904205 0.00111693
1697.94 0.904726 0.000616901
1580.32 0.903447 0.00103974
1609.08 0.899721 0.00103237
1828.48 0.899212 0.00102388
1503.61 0.90331 0.0010833
1781.84 0.905701 0.000925435
1601.36 0.9057 0.000928931
1695.93 0.897941 0.000827767
1431.11 0.905281 0.000958524
1554.28 0.909081 0.000940438
1671.24 0.905762 0.000972933
1533.31 0.904502 0.00100804
1545.33 0.896874 0.00106876
1598.96 0.903794 0.000995669
1517.45 0.903423 0.000808651
1633.67 0.908415 0.000996322
1757.09 0.905533 0.00107947
1578.52 0.90534 0.000795039
1574.34 0.901906 0.000946764
1603.24 0.903157 0.00108394
1770.06 0.901412 0.000808226
1665.12 0.904113 0.000937011
1544.95 0.903048 0.000995059
1562.23 0.903903 0.00103542
1661.24 0.905519 0.000948558
1645.59 0.904056 0.0010272
1487.43 0.903385 0.00097363
1510.31 0.905369 0.00103401
1700.66 0.902222 0.00101195
1553.15 0.902304 0.000927591
1798.3 0.900395 0.00061072
1629.7 0.901991 0.00107852
1662.19 0.903559 0.000972856
1608.61 0.902458 0.000995752
1722.37 0.89917 0.000834418
1692.02 0.902581 0.00082572
1562.6 0.90243 0.00102294
1676.31 0.901204 0.000694278
1489.69 0.905065 0.00104199
1545.58 0.903929 0.000999022
1687.67 0.903946 0.000636011
1800.24 0.90005 0.000946335
1757.97 0.903015 0.000940919
1590.5 0.901325 0.00103386
1869.3 0.898548 0.539472
1570.04 0.901911 0.000983898
1752.32 0.910163 0.0010013
1643.61 0.902882 0.000972987
1691.97 0.905153 0.000900624
1697.78 0.899663 0.00112329
1665.33 0.903136 0.000955452
1548.09 0.903813 0.000826034
1927.87 0.891262 0.00143829
1709.34 0.901471 0.0009701
1639.97 0.899112 0.000885549
1682.36 0.900838 0.000974403
1576.66 0.904881 0.00103206
1591.79 0.899596 0.000948785
1602.37 0.902945 0.000844407
1859.79 0.900071 0.00100951
1594.21 0.90339 0.000714348
1733.64 0.905613 0.00085497
1502.52 0.906496 0.001042
1606.57 0.902841 0.00104178
1748.22 0.908687 0.00105659
1692.6 0.901895 0.000750185
1605.18 0.905672 0.0010926
1871.5 0.899415 0.00100124
1610.19 0.901946 0.00105398
1562.01 0.902326 0.000993753
1617.63 0.904599 0.000746931
1762.63 0.898931 0.00136671
1900.24 0.894843 0.000812895
1665.25 0.909405 0.00106163
1656.86 0.902551 0.00109183
1898.25 0.903646 0.000641973
1677.92 0.898897 0.00103305
1703.96 0.905256 0.000980895
1711.17 0.902448 0.00105528
1499.6 0.904909 0.000885768
1472.53 0.901135 0.000886732
1625.94 0.902132 0.00116823
1947.17 0.897958 0.000834897
1952.16 0.906439 0.000739865
1551.3 0.899981 0.000905711
1570.1 0.904345 0.000803389
1741.93 0.904757 0.000936069
1835.18 0.903466 0.000792003
1576.86 0.893067 0.00243907
1594.78 0.902554 0.00103218
1556.3 0.905079 0.00100159
1724.47 0.903959 0.000979794
1556.93 0.889236 0.00188791
1560.72 0.903688 0.00097127
1577.79 0.90473 0.00114325
1674.61 0.900159 0.00101798
1635.32 0.905876 0.000997699
1546.29 0.89666 0.003617
1690.19 0.901711 0.000862618
1603.61 0.9037 0.000606637
1624.2 0.904116 0.000934489
1789.94 0.898977 0.00101289
1645.15 0.906757 0.000987514
1575.7 0.903062 0.00111818
1608.65 0.903697 0.00102838
1966.06 0.905239 0.000962771
1871.3 0.910882 0.000966543
1664.79 0.900507 0.00138225
1605.11 0.908623 0.000833482
1544.08 0.900431 0.000773707
1588.85 0.904918 0.00100888
1557.3 0.9073 0.000992506
2038.61 0.901361 0.00079141
2165.94 0.904412 0.00100765
1817.86 0.899539 0.000910913
1586.12 0.903565 0.00102485
1718.15 0.902307 0.00102308
1649.13 0.906545 0.00117237
1745.31 0.890194 0.00142249
1495.34 0.905024 0.000885248
1704.04 0.90478 0.000871348
1570.49 0.901796 0.000924148
1775.43 0.902005 0.000886413
1676.56 0.900637 0.000985867
1478.37 0.904946 0.00109301
1624.65 0.890805 0.00168963
1537.92 0.906923 0.000993802
1586.82 0.903781 0.00105388
1570.45 0.906252 0.00104964
1587.6 0.90397 0.00104191
1631.54 0.903692 0.00073958
1513.58 0.902246 0.00108623
1370.73 0.902415 0.00103496
1631.72 0.903382 0.000949614
1534.86 0.905408 0.00103686
1529.15 0.904305 0.000760091
1483.76 0.903552 0.00101742
1558.68 0.897091 0.000569148
1645.78 0.902963 0.000887088
1605.52 0.892156 0.00163971
1523.69 0.90529 0.000993214
1507.96 0.899749 0.000886347
1765.14 0.90492 0.0010707
1504.54 0.90221 0.00095415
1754.52 0.902322 0.00105922
1520.54 0.895589 0.000799683
1526.03 0.898149 0.0016316
1659.31 0.905803 0.000660543
1849.68 0.901099 0.000775235
1783.06 0.907765 0.000994153
1686.93 0.906354 0.000891881
1802.17 0.897503 0.000935329
1522.54 0.903177 0.00102395
1667.95 0.903005 0.00091848
1848.91 0.902985 0.000959924
1578.06 0.903346 0.00108313
1562.04 0.904973 0.00105316
1585.31 0.9063 0.000846867
1658.12 0.893498 0.00151845
1654.41 0.904821 0.00111709
1613.73 0.90407 0.000917555
1641.77 0.904017 0.00161523
1638.19 0.900337 0.00100764
1606.61 0.903766 0.00105659
1895.85 0.903602 0.000843102
1816.71 0.902563 0.00071828
1703.31 0.900244 0.000839127
1703.93 0.901468 0.00098676
1482.93 0.904852 0.00104919
1560.53 0.906518 0.00114121
1523.59 0.903734 0.000915471
1619.13 0.900791 0.000858617
1795.32 0.90568 0.000958719
1651.39 0.900751 0.00103934
1545.35 0.904475 0.000873932
1524.21 0.903341 0.00094832
1713.84 0.90943 0.000906433
1559.74 0.906457 0.000881645
1827.09 0.90217 0.000969598
1611.12 0.903696 0.000851256
1739.42 0.903716 0.000739924
1704.19 0.904291 0.000872888
1809.35 0.907083 0.000113239
1695.99 0.901849 0.00115119
1496.95 0.902199 0.000697236
1657.2 0.904949 0.000802285
1629.51 0.905536 0.000811179
1602.9 0.905072 0.00107989
1567.72 0.90065 0.00103351
1743.84 0.901981 0.00104138
1562.99 0.903007 0.00101096
1892.14 0.899696 0.000826729
1708.72 0.904786 0.000986641
1657.63 0.902204 0.000920144
1693.17 0.902421 0.00100232
1822.03 0.903885 0.000963703
1859.72 0.905047 0.00103914
1637.61 0.898772 0.000906234
1644.04 0.903994 0.00106397
1596.2 0.904225 0.00102137
1498.41 0.904706 0.000962579
1514.39 0.903613 0.00107972
1451.71 0.904081 0.000966201
1753.84 0.89977 0.000707888
1728.71 0.904932 0.00105715
1716.42 0.907088 0.0007585
1600.39 0.902318 0.000866369
1865.57 0.909177 0.00104809
1573.09 0.899301 0.00109621
1576.15 0.903141 0.00102128
1638.05 0.902865 0.00108872
1563.4 0.903416 0.00100747
1921.74 0.905373 0.000743298
1821.89 0.901933 0.00101407
1517.88 0.891665 0.00152258
1525.19 0.906348 0.00116591
1676.87 0.907501 0.000953914
1573.42 0.89896 0.000871319
1529.88 0.890194 0.00144549
1981.97 0.891286 0.00156668
1546.87 0.907239 0.0010313
1727.78 0.903442 0.000908335
1564.39 0.895381 0.0010092
1520.83 0.903301 0.000970527
1781.24 0.904144 0.000845251
1572.55 0.900168 0.00867242
1577.23 0.899046 0.00089181
1692.66 0.89951 0.000916134
1459.03 0.904916 0.00110319
1527.66 0.886432 0.00157402
1662.23 0.904261 0.000874491
1830.04 0.90196 0.000915083
1431.25 0.901811 0.000979852
1494.43 0.904973 0.000986867
1596.61 0.900716 0.00100333
1614.37 0.906938 0.00101011
1518.41 0.90346 0.00104059
1604.69 0.887886 0.00185557
1593.38 0.904205 0.000819648
1671.44 0.903199 0.00103982
1613.24 0.890492 0.000916432
1896.74 0.900637 0.000977475
1709.77 0.897461 0.000815498
1703.88 0.909302 0.000833462
1746.73 0.904271 0.00107982
1500.39 0.904801 0.00092376
1899.46 0.899255 0.000737986
1764.65 0.900408 0.000942402
1616.55 0.899422 0.000844158
1858.68 0.898392 0.000907504
1638.74 0.900711 0.00107553
1525.03 0.904179 0.00107066
1573.48 0.903174 0.00102597
1619.91 0.904816 0.00112133
1622.97 0.904674 0.00104041
1530.08 0.903358 0.00101549
1563.48 0.901317 0.0013846
1597.24 0.906038 0.00078991
2319.54 0.902092 0.000483281
1747.75 0.904332 0.000836086
1735.84 0.897963 0.0010122
1497.66 0.903279 0.0012146
1733.87 0.904858 0.000794232
1593.86 0.904486 0.0010898
1908.35 0.903542 0.000867053
2170.79 0.896924 0.00081318
1639.08 0.894723 0.00162693
1808.22 0.903453 0.00111167
1537.25 0.892192 0.00174665
1681.03 0.903939 0.00109209
1814 0.905054 0.000889834
1621.36 0.904529 0.00100184
1659.56 0.903249 0.000894511
1738.21 0.900507 0.000857618
1796.42 0.902843 0.0010263
1626.3 0.905262 0.00101699
1691.23 0.89744 0.000839724
1753.9 0.904779 0.000609388
1696.42 0.903885 0.000716203
1710.55 0.909328 0.00065783
1717.43 0.897145 0.00148027
1431.35 0.900163 0.000843371
1617.68 0.905258 0.000861442
1616.36 0.904798 0.00111846
1701.22 0.906975 0.000993019
1679.27 0.905115 0.00108529
1568.22 0.902152 0.00102621
1539.99 0.904331 0.000979579
1589.18 0.901512 0.000972756
1520.37 0.900905 0.000876097
1648.9 0.905875 0.00105665
1656.71 0.903733 0.00104837
1452.38 0.884827 0.000717984
1700.38 0.90509 0.000820722
1722.37 0.898588 0.00127355
1749.47 0.900983 0.000896165
1812.63 0.90263 0.00103766
1513.25 0.902623 0.000906228
1934.54 0.906284 0.000744852
1689.28 0.890085 0.00142065
1589.12 0.89378 0.537838
1574.07 0.903226 0.000897545
1672.2 0.902944 0.000913422
1631.05 0.906142 0.000944478
1644.3 0.905533 0.001053
1781.13 0.901788 0.000879521
1557.64 0.900866 0.00086917
1519.25 0.901998 0.00078007
1629.33 0.903586 0.000886748
1657.02 0.906043 0.000919533
1441.1 0.901519 0.00103958
1587.94 0.903418 0.0008412
1740.74 0.904261 0.00111709
1642.93 0.891734 0.00174366
1568.39 0.902913 0.00106537
1643.3 0.900165 0.00133291
1634.3 0.901974 0.000990006
1926.5 0.900375 0.001015
1917.58 0.902389 0.000699895
1675.42 0.904965 0.00105071
1748.42 0.899649 0.000950137
1769.15 0.899443 0.000778837
1606.76 0.904073 0.000990982
1619.52 0.909201 0.00125642
1624.31 0.896655 0.000794779
1835.89 0.901465 0.00102608
1570.36 0.900221 0.000842318
1787.49 0.906141 0.00090111
1538.32 0.904264 0.000843317
1556.27 0.901753 0.000903222
1639.86 0.904956 0.00106772
1541.7 0.90224 0.000832195
1633.34 0.900924 0.000972862
1680.34 0.903963 0.000790412
1733 0.899504 0.000689387
1512.43 0.901981 0.000995243
1525.26 0.899779 0.000911848
1856.43 0.892332 0.0015592
1659.43 0.906901 0.542282
1592.91 0.904165 0.000932898
1546.76 0.899534 0.000884323
1440.68 0.906806 0.000969564
1545.01 0.903041 0.000956942
1541.89 0.904374 0.000963634
1842.84 0.901284 0.00105574
1631.06 0.901663 0.00103048
1986.92 0.900407 0.00101012
1632.83 0.907563 0.00101689
1664.78 0.9042 0.000949093
1782.1 0.902872 0.000944504
1793.44 0.902208 0.000727991
1543.01 0.90247 0.000908182
1552.71 0.904405 0.00102875
1628.6 0.902976 0.00106555
1530.92 0.903799 0.00107658
1523.74 0.903107 0.00112255
1875.88 0.89662 0.00083129
1479.26 0.903986 0.000981259
1548.46 0.901783 0.00102611
1601.42 0.905463 0.00104813
1708.12 0.902706 0.000761238
1766.87 0.901128 0.000788116
1717.88 0.887337 0.00154261
1771.48 0.907248 0.000892474
1746.22 0.905994 0.000803278
1570.12 0.9014 0.000832269
1539.27 0.904526 0.000712557
1611.32 0.903902 0.000992673
1597.98 0.905741 0.00079083
1727.69 0.902265 0.000844631
1575.04 0.903222 0.00105767
1675.56 0.908618 0.0010033
1546.26 0.900557 0.00102779
1660.58 0.904392 0.00107824
2077.36 0.903837 0.000617952
1684.8 0.900366 0.000980014
1951.66 0.904928 0.00100439
1729.66 0.902362 0.000715574
1749.57 0.900307 0.00102988
1502.37 0.901199 0.00100797
1691.03 0.90313 0.000982085
1640.69 0.906873 0.00111509
1672.16 0.906264 0.00103675
1426.28 0.896047 0.000854389
1654.25 0.90655 0.00090248
1614.63 0.902134 0.00078418
1621.73 0.903441 0.000789929
2098.54 0.898616 0.000962656
1863.3 0.903912 0.000957232
1637 0.904288 0.000836125
1572.45 0.902871 0.000974566
1465.02 0.901471 0.00101336
1870.67 0.907345 0.00103325
1538.82 0.902573 0.000973942
1694.06 0.906754 0.000798437
1548.33 0.89708 0.000996961
1630.97 0.901392 0.000993722
1609.42 0.904725 0.00097672
1602.54 0.904845 0.00104749
1585.9 0.905721 0.00105185
1599.92 0.902096 0.0010561
1570.03 0.892258 0.00152519
1645.68 0.901312 0.00112842
1436.22 0.905233 0.000920309
1929.13 0.904992 0.000899978
1623.36 0.901382 0.000915256
1575.39 0.904116 0.000858556
1542.78 0.908742 0.000970689
1735.72 0.900419 0.00107413
1547.28 0.902194 0.000796192
1583.61 0.902067 0.000956498
1581.57 0.899482 0.00105439
1587 0.904565 0.000992371
1844.65 0.899632 0.000913415
1768.18 0.900827 0.000960957
1849.32 0.903613 0.000952147
1525.03 0.904524 0.00105477
1674.46 0.904429 0.000998476
2101.57 0.893845 0.00152615
1788.5 0.909702 0.00098025
1797.92 0.90329 0.000613304
1580.97 0.901368 0.00103535
1924.35 0.899639 0.00100337
1502.35 0.905482 0.00101622
1920.68 0.901105 0.000693963
1654.37 0.907229 0.00101425
1444.36 0.904503 0.000968922
1666.8 0.903521 0.000976806
1478.63 0.904294 0.00107552
1714.14 0.902279 0.00106634
1589.82 0.906774 0.000845879
1552.94 0.886208 0.00147955
1608.83 0.903997 0.000749061
1563.98 0.906242 0.00103019
1850.55 0.899489 0.000615473
1595.81 0.904379 0.000897829
1588.43 0.903366 0.00100101
1957.95 0.902041 0.000837581
1855.49 0.902916 0.00103932
1659 0.902614 0.000825517
1608.29 0.9024 0.000800365
1453.77 0.902187 0.000813069
1689.49 0.900748 0.00101054
1526.06 0.901802 0.00119606
1591.15 0.904718 0.000791771
1933.26 0.901331 0.000881003
1406.54 0.906443 0.000805682
1580.04 0.9006 0.000913169
1973.58 0.90405 0.000722775
1620.59 0.903998 0.000978484
1521.19 0.903009 0.0011582
1664.62 0.900289 0.000717313
1596.09 0.90743 0.000767533
1968.83 0.903033 0.00107752
2021.34 0.902452 0.00103073
1620.61 0.907362 0.00092029
1701.64 0.905262 0.00101137
1691.43 0.9045 0.000993336
1760.95 0.896632 0.000802615
1628.85 0.902609 0.00100749
1597.8 0.887072 0.00178443
2040.55 0.90177 0.00102952
1550.54 0.900171 0.00100403
1724.27 0.903477 0.00110397
1627.88 0.900878 0.000922425
1648.2 0.899698 0.000654297
1667.05 0.89616 0.000798891
1665.85 0.905743 0.00104662
1487.83 0.902529 0.000947546
1898.64 0.900892 0.000815602
1878.44 0.906056 0.000632344
1796.2 0.894034 0.00110704
1746.01 0.90332 0.000826422
1534.54 0.904811 0.00101705
1579.15 0.904957 0.00110001
1633.55 0.904679 0.00103297
1544.82 0.904859 0.00106659
1654.06 0.90713 0.000795901
1754.17 0.899385 0.000931699
1534.31 0.902844 0.000898074
1768.75 0.902169 0.000925999
1514.45 0.903952 0.000955455
1541.49 0.903423 0.000816516
1734.4 0.906575 0.00103429
1737.45 0.906687 0.000630029
1750.78 0.904122 0.000701439
1562.26 0.904377 0.000882859
1566 0.906811 0.000832267
1580.73 0.904411 0.000935771
1645.62 0.902608 0.000744152
1722.65 0.901964 0.00115782
1565.74 0.902579 0.00087427
1711.19 0.903355 0.000996776
1677.53 0.901534 0.000936195
1618.08 0.90021 0.000914662
1971.76 0.900731 0.000899715
1612.97 0.899514 0.000915177
1643.86 0.900615 0.00105667
1684.38 0.904488 0.00063468
2121.61 0.897488 0.000711973
1688.56 0.90491 0.00104211
1578.98 0.904631 0.00055787
1943.89 0.902034 0.000561658
1651.78 0.906222 0.00080455
1596.58 0.902086 0.00109079
1719.44 0.903502 0.000557491
1488.8 0.903641 0.0010424
1553.85 0.904015 0.0010092
1784.83 0.901926 0.000946971
1691.17 0.900943 0.000888888
2082.49 0.897459 0.00083112
1489.91 0.903529 0.00087313
1649.74 0.905094 0.000674251
1661.18 0.906268 0.000958704
1697.16 0.900998 0.000911638
1563.64 0.901967 0.000837066
1754.69 0.901856 0.00101639
1529.82 0.901427 0.000931294
1876.67 0.902727 0.00102142
1594.36 0.903682 0.00108116
1756.52 0.906842 0.000655009
1712.32 0.901341 0.000862241
1653.39 0.90165 0.0010837
1626.77 0.905599 0.000986211
1765.57 0.902422 0.000849083
1558.94 0.906534 0.000814797
1597.35 0.909452 0.000939383
1579.16 0.905549 0.000670944
1720.94 0.900403 0.000942716
1612.21 0.905051 0.00100385
1538.12 0.889413 0.00148673
1556.43 0.902125 0.00104289
1765.42 0.906526 0.00107119
1872.76 0.903373 0.00084545
1598.02 0.903338 0.00108499
1479.52 0.90182 0.00102296
1630.8 0.893401 0.00158452
1679.95 0.90386 0.00105134
1707.46 0.901916 0.00101818
1593.78 0.904478 0.000844581
1842.24 0.90501 0.00109478
1430.91 0.901231 0.000945089
1548.02 0.900301 0.00112706
1603.63 0.905234 0.000880043
1984.98 0.896245 0.00133511
1616.69 0.902827 0.00106403
1613.57 0.906302 0.00105583
1512.73 0.905129 0.00096003
1519.96 0.902439 0.000801411
1757.3 0.90597 0.00110241
1703.94 0.904073 0.000873457
1731.79 0.900998 0.000908314
1539.57 0.903918 0.00105574
1612.46 0.905085 0.000956388
1615.52 0.90552 0.000886984
1612.84 0.902906 0.00105085
1633.53 0.905725 0.000915217
1817.48 0.89933 0.000876888
1977.51 0.900257 0.00108483
1497.86 0.905284 0.000892613
1677.29 0.905056 0.000863631
1450.62 0.905902 0.00101455
1894.78 0.899747 0.000969773
1595.44 0.904559 0.00076456
1869.89 0.907793 0.000708998
1685.17 0.907419 0.000895717
2030.82 0.894048 0.00151825
1652.62 0.903461 0.00102298
1602.26 0.905337 0.541757
1622.44 0.90279 0.00081054
1541.33 0.906606 0.00109215
1758.54 0.908337 0.00104829
1580.81 0.90042 0.00109288
1705.67 0.899805 0.0011174
1621.12 0.900016 0.000970562
1566.36 0.905816 0.00102769
1727.95 0.905334 0.00083131
1652.16 0.902309 0.000768044
1705.36 0.903521 0.000705728
1704.65 0.906392 0.000940744
1703.11 0.904595 0.00100173
1587.03 0.903936 0.00076893
1534.35 0.903939 0.0010372
1700.69 0.903036 0.00098121
1561.83 0.900586 0.000937911
1585.15 0.903928 0.00105922
1939.47 0.899834 0.000686137
1701.04 0.906483 0.000853234
1553.96 0.905891 0.00108798
1580.4 0.901275 0.000976738
1915.78 0.907598 0.00112505
1634.13 0.901817 0.00108204
1615.88 0.901442 0.000919646
1522.18 0.905733 0.000891811
2003.72 0.899289 0.00099556
1907.06 0.897763 0.00117782
1714.84 0.908481 0.00111078
1642.54 0.909136 0.000992288
1688.97 0.90561 0.00111609
1793.24 0.899353 0.00102338
1667.18 0.901441 0.00106091
1505.01 0.903615 0.00105787
1777.94 0.902799 0.00108697
1606.09 0.903078 0.00087403
1463.39 0.905809 0.00102304
1525.77 0.905271 0.0010222
1765.33 0.901133 0.00105164
1500.75 0.902236 0.00103097
1710.4 0.905236 0.000737107
1555.9 0.903624 0.000734094
1592.13 0.903396 0.00109697
1626.38 0.906665 0.000871454
1658.29 0.900619 0.000793496
1661.23 0.905334 0.00100192
1614.74 0.904469 0.000881708
1587.88 0.903618 0.00105865
1615.01 0.90498 0.00102229
1513 0.906378 0.000756069
1702.86 0.904212 0.00101991
1620.74 0.908372 0.00100598
1447.9 0.890462 0.00184764
1631.39 0.903781 0.000631808
1737.98 0.900168 0.000883904
