0.831414
0.851105
0.844135
0.844723
0.840192
0.814616
0.82929
0.805094
0.85308
0.817419
0.837914
0.820863
0.815542
0.839781
0.810082
0.849556
0.821958
0.832592
0.842072
0.815956
0.831396
0.825908
0.844192
0.818549
0.815281
0.843306
0.824724
0.855316
0.838125
0.827047
0.849834
0.828133
0.841814
0.842696
0.842508
0.84943
0.832175
0.82343
0.825106
0.798962
0.827168
0.809855
0.842011
0.841883
0.867998
0.845214
0.837902
0.823987
0.829974
0.853512
0.831456
0.838059
0.859843
0.825377
0.8243
0.839706
0.854602
0.853637
0.8381
0.8677
0.833812
0.839259
0.833623
0.838393
0.836334
0.815139
0.832868
0.855413
0.827569
0.839048
0.831127
0.834012
0.817176
0.849086
0.850509
0.823896
0.828771
0.842027
0.835416
0.826909
0.857448
0.834694
0.83059
0.830137
0.843557
0.838163
0.839082
0.820473
0.818884
0.834513
0.825129
0.828738
0.83712
0.835325
0.835128
0.833663
0.82186
0.853242
0.859686
0.846074
0.843386
0.829968
0.818922
0.843997
0.832765
0.835649
0.830785
0.810228
0.824428
0.857018
0.839377
0.816028
0.80796
0.825031
0.861299
0.833414
0.857751
0.833227
0.854913
0.842198
0.833084
0.837311
0.85146
0.848631
0.840367
0.818083
0.832911
0.803344
0.84985
0.823253
0.832892
0.822906
0.834074
0.838467
0.856747
0.827931
0.818164
0.856275
0.844434
0.867025
0.810504
0.833087
0.856569
0.824324
0.838867
0.834858
0.828904
0.819586
0.845218
0.824826
0.844896
0.849421
0.834559
0.814399
0.840506
0.844435
0.857085
0.826289
0.825517
0.830815
0.822006
0.844144
0.838096
0.830834
0.844705
0.825176
0.835424
0.837559
0.816821
0.822324
0.813597
0.821103
0.832975
0.829557
0.827651
0.829643
0.823665
0.828718
0.817547
0.849526
0.827324
0.815554
0.850612
0.828999
0.801427
0.842704
0.847589
0.835594
0.861037
0.824161
0.81493
0.828736
0.825634
0.83673
0.828294
0.85938
0.849772
0.821138
0.836003
0.836272
0.826736
0.815093
0.815109
0.831826
0.847498
0.829383
0.819912
0.840624
0.83385
0.819832
0.850011
0.819935
0.80341
0.818719
0.849842
0.8517
0.846583
0.836584
0.831166
0.810245
0.833065
0.804537
0.829586
0.843885
0.821314
0.839993
0.825003
0.836754
0.851837
0.817412
0.81307
0.823947
0.818125
0.853816
0.825468
0.826161
0.813624
0.832424
0.812225
0.862515
0.821525
0.850023
0.814147
0.843239
0.830482
0.826959
0.842168
0.834837
0.853567
0.843452
0.830937
0.846869
0.823912
0.828899
0.82899
0.821834
0.859032
0.820221
0.857317
0.844175
0.852116
0.811892
0.837588
0.837164
0.839274
0.848819
0.826117
0.831708
0.818154
0.835693
0.841046
0.837471
0.818291
0.820624
0.823089
0.834576
0.819941
0.841187
0.819983
0.829018
0.82344
0.839449
0.814166
0.844672
0.83781
0.840541
0.843667
0.841343
0.865349
0.823172
0.827937
0.804895
0.85158
0.808852
0.8323
0.837706
0.859
0.829427
0.80474
0.823608
0.826579
0.833674
0.844255
0.809692
0.836458
0.833288
0.833203
0.842568
0.854096
0.82062
0.846495
0.818808
0.84745
0.833301
0.84689
0.785632
0.860737
0.824591
0.83419
0.843376
0.84036
0.828764
0.814846
0.84129
0.818559
0.864945
0.851587
0.831063
0.835354
0.815313
0.809992
0.821536
0.843235
0.831759
0.824933
0.839755
0.8336
0.82978
0.831899
0.846876
0.820971
0.820441
0.838815
0.820577
0.849937
0.847166
0.802829
0.820624
0.8211
0.82746
0.793399
0.846937
0.830101
0.81731
0.840153
0.821242
0.835009
0.85845
0.829697
0.837466
0.846486
0.830526
0.825924
0.828941
0.835267
0.830376
0.825201
0.809747
0.816274
0.824842
0.856483
0.829105
0.843903
0.843015
0.801937
0.833226
0.817846
0.809923
0.822083
0.80616
0.825174
0.827524
0.841906
0.833506
0.812848
0.843687
0.828758
0.824893
0.842088
0.825064
0.824647
0.857537
0.852027
0.841685
0.83169
0.806141
0.846457
0.826423
0.840412
0.813459
0.847386
0.832515
0.854395
0.827811
0.807127
0.813824
0.830085
0.823672
0.836287
0.817517
0.859208
0.814077
0.83076
0.85641
0.851747
0.834539
0.820406
0.83355
0.826331
0.840574
0.836062
0.821745
0.820126
0.808415
0.84485
0.840929
0.812168
0.839065
0.820684
0.832326
0.836487
0.849708
0.844572
0.82643
0.815363
0.820429
0.826194
0.836505
0.845289
0.829533
0.843373
0.825791
0.85022
0.847137
0.840274
0.839336
0.821351
0.825775
0.828603
0.818273
0.82088
0.828787
0.837921
0.833921
0.862002
0.850227
0.821795
0.806319
0.832101
0.817849
0.843549
0.841881
0.808207
0.852072
0.850124
0.828294
0.831064
0.821893
0.824308
0.830162
0.833077
0.857164
0.831528
0.809608
0.848998
0.829056
0.857444
0.832985
0.832026
0.861426
0.818265
0.833208
0.780111
0.830034
0.845997
0.841835
0.819117
0.826807
0.838257
0.835107
0.829267
0.836099
0.847079
0.822985
0.815923
0.83741
0.829335
0.850187
0.83301
0.846529
0.844702
0.872926
0.808326
0.80259
0.847948
0.823546
0.82175
0.85153
0.847903
0.825667
0.835583
0.813858
0.841057
0.850327
0.83916
0.814188
0.824084
0.817634
0.841659
0.834211
0.839767
0.841336
0.849549
0.823669
0.840531
0.825797
0.84526
0.812049
0.826532
0.843319
0.815925
0.831903
0.811226
0.840459
0.829527
0.828544
0.845844
0.854203
0.865509
0.8289
0.831598
0.847451
0.852619
0.826586
0.838942
0.823256
0.856324
0.843354
0.834965
0.831107
0.823586
0.823891
0.851811
0.858814
0.81976
0.857626
0.84363
0.865558
0.81368
0.817825
0.831669
0.847753
0.818221
0.814731
0.838965
0.847359
0.848023
0.856187
0.836816
0.841348
0.828181
0.843735
0.854053
0.82659
0.833736
0.813356
0.847243
0.841534
0.816009
0.855822
0.843273
0.827183
0.849978
0.836863
0.830327
0.831914
0.841694
0.831608
0.825374
0.835398
0.807391
0.862125
0.832133
0.823586
0.837629
0.847091
0.822313
0.852498
0.828629
0.843323
0.816605
0.829129
0.812565
0.831812
0.842145
0.838362
0.831205
0.80832
0.814777
0.839363
0.819761
0.832945
0.84308
0.85359
0.840683
0.827
0.809562
0.836178
0.813528
0.822117
0.80469
0.843975
0.82788
0.853584
0.81718
0.823336
0.835969
0.795572
0.84659
0.83837
0.82283
0.843468
0.837959
0.83866
0.830754
0.830581
0.852486
0.833125
0.822152
0.834955
0.845537
0.845526
0.83522
0.825347
0.838461
0.820159
0.8359
0.850271
0.848314
0.811862
0.852476
0.850107
0.828259
0.838643
0.838701
0.812935
0.827428
0.81035
0.843921
0.824938
0.819081
0.853758
0.821181
0.822441
0.859743
0.823097
0.825322
0.829119
0.830909
0.825313
0.835985
0.860237
0.856137
0.813715
0.830034
0.829589
0.822655
0.822404
0.839777
0.8517
0.839577
0.846157
0.840659
0.850708
0.836935
0.85275
0.828675
0.829745
0.829516
0.848001
0.851012
0.812096
0.817239
0.814161
0.842399
0.846456
0.813217
0.86285
0.829566
0.81933
0.819113
0.837835
0.81827
0.80589
0.819046
0.830911
0.808149
0.837167
0.825793
0.828266
0.843373
0.822276
0.835679
0.812318
0.820492
0.83653
0.827439
0.839719
0.815447
0.874416
0.81216
0.845633
0.825819
0.833544
0.857557
0.82724
0.820621
0.775305
0.845036
0.826206
0.842425
0.817183
0.80597
0.835295
0.828025
0.848865
0.825437
0.825539
0.809932
0.83321
0.827303
0.825281
0.823781
0.834458
0.816765
0.837791
0.832663
0.855348
0.820353
0.849094
0.847548
0.832104
0.844483
0.834327
0.846237
0.843336
0.846432
0.839911
0.823484
0.834188
0.840011
0.821653
0.821345
0.830828
0.820664
0.843014
0.821223
0.833973
0.832406
0.829928
0.809069
0.842436
0.828516
0.825389
0.836994
0.828625
0.847501
0.832246
0.832184
0.833272
0.853947
0.838143
0.833199
0.842658
0.838593
0.833742
0.84186
0.837731
0.842544
0.833956
0.844483
0.839236
0.837401
0.838018
0.835661
0.830904
0.829444
0.841776
0.82014
0.838293
0.829622
0.824323
0.84436
0.847743
0.822179
0.824978
0.830657
0.82228
0.849471
0.830394
0.817514
0.808933
0.84771
0.835606
0.806503
0.832318
0.84187
0.829826
0.823112
0.821619
0.818136
0.823256
0.834268
0.804484
0.836464
0.831778
0.839594
0.823642
0.820753
0.838576
0.859406
0.836272
0.829115
0.834377
0.836279
0.816609
0.834162
0.831012
0.818682
0.831325
0.837017
0.810862
0.827945
0.836834
0.848047
0.856804
0.805186
0.816361
0.812735
0.833626
0.831346
0.838033
0.800568
0.815235
0.836674
0.820387
0.801288
0.84179
0.832559
0.849788
0.852835
0.811683
0.826459
0.834664
0.823724
0.837795
0.844592
0.832109
0.839272
0.817756
0.806925
0.854316
0.839684
0.847844
0.823676
0.859234
0.808122
0.832373
0.836851
0.835597
0.842704
0.82555
0.828144
0.839578
0.851309
0.83026
0.83673
0.839641
0.832811
0.823886
0.831952
0.847673
0.828386
0.836336
0.807759
0.831561
0.820516
0.846298
0.841712
0.838531
0.81878
0.84452
0.824004
0.839007
0.826628
0.828067
0.814639
0.797853
0.839817
0.845353
0.821245
0.849524
0.838877
0.840296
0.829597
0.827184
0.802198
0.848365
0.826277
0.845989
0.823562
0.826827
0.83809
0.827044
0.829013
0.82305
0.845308
0.834552
0.849792
0.830976
0.840949
0.831264
0.835664
0.848747
0.815351
0.826528
0.828862
0.84487
0.812767
0.852788
0.83143
0.821856
0.822483
0.841737
0.813724
0.822413
0.79302
0.85717
0.844562
0.848908
0.833476
0.830773
0.811143
0.834533
0.819465
0.834856
0.821223
0.839121
0.838063
0.832541
0.830863
0.8089
0.841699
0.826563
0.810195
0.819177
0.829162
0.84161
0.797901
0.820114
0.847272
0.804927
0.810865
0.846132
0.839073
0.827616
0.833805
0.832266
0.842039
0.819114
0.831267
0.803347
0.835856
0.824217
0.809552
0.815022
0.855482
0.838347
0.852091
0.844229
0.822321
0.85753
0.831674
0.832946
0.850382
0.813575
0.820155
0.83876
0.831653
0.854993
