0.89355
0.895337
0.887815
0.892983
0.894594
0.884023
0.889406
0.892659
0.887182
0.892829
0.887131
0.8904
0.889879
0.882901
0.891902
0.890875
0.893617
0.893606
0.886215
0.89064
0.888059
0.901093
0.888674
0.899193
0.887067
0.887821
0.891233
0.888895
0.891583
0.893434
0.89435
0.884464
0.891759
0.889253
0.886458
0.890273
0.894537
0.891487
0.887175
0.889306
0.888916
0.88893
0.89507
0.884784
0.888179
0.886969
0.896575
0.885993
0.891187
0.88847
0.88848
0.889285
0.888908
0.877189
0.891384
0.890532
0.889748
0.888943
0.89092
0.88394
0.881369
0.886145
0.896571
0.888254
0.886974
0.892603
0.899233
0.882465
0.89419
0.89181
0.896977
0.879048
0.872012
0.894063
0.889316
0.892996
0.884496
0.890802
0.890677
0.89268
0.896455
0.891257
0.891361
0.893129
0.888296
0.883507
0.886286
0.892663
0.882416
0.887621
0.896599
0.886691
0.889926
0.884875
0.896429
0.895066
0.883231
0.892339
0.887382
0.896341
0.884135
0.88757
0.884993
0.8858
0.885862
0.893179
0.89033
0.893453
0.884684
0.89539
0.891316
0.888752
0.89489
0.896164
0.892174
0.895138
0.886795
0.892506
0.891054
0.898022
0.894519
0.891472
0.886704
0.881935
0.888199
0.890101
0.892469
0.883566
0.884228
0.890261
0.892025
0.887094
0.884798
0.890825
0.887798
0.889029
0.89319
0.885097
0.885365
0.897054
0.890251
0.886694
0.892116
0.888318
0.885423
0.892913
0.893054
0.887329
0.887167
0.896122
0.889833
0.896138
0.885498
0.887313
0.89058
0.889074
0.888185
0.892321
0.890728
0.900928
0.87847
0.862056
0.887785
0.891145
0.890533
0.893444
0.893132
0.891803
0.886625
0.887932
0.893787
0.888208
0.893156
0.888599
0.896789
0.884496
0.894511
0.892656
0.895656
0.894651
0.890494
0.8863
0.885807
0.888044
0.892587
0.888559
0.88962
0.888404
0.891625
0.889565
0.890182
0.885446
0.900852
0.887268
0.8864
0.896766
0.892578
0.884877
0.89494
0.883857
0.898987
0.894514
0.884313
0.884133
0.892883
0.884743
0.892817
0.888007
0.890368
0.892543
0.892443
0.887105
0.887259
0.888936
0.896167
0.88559
0.889699
0.89211
0.895993
0.886615
0.890101
0.891044
0.894801
0.890798
0.892013
0.892049
0.886494
0.880514
0.897138
0.89893
0.893903
0.891018
0.882827
0.885286
0.900527
0.889931
0.891993
0.885343
0.888771
0.889708
0.891964
0.894089
0.903365
0.888561
0.879375
0.893711
0.888407
0.882089
0.886358
0.889961
0.88561
0.885275
0.887495
0.887039
0.892926
0.888725
0.88753
0.889808
0.888643
0.890616
0.892652
0.892785
0.88729
0.882444
0.889461
0.886292
0.883577
0.893209
0.886273
0.895122
0.892362
0.891967
0.896113
0.893887
0.884932
0.892
0.894092
0.88979
0.890055
0.884028
0.890084
0.896287
0.886671
0.888976
0.871411
0.887041
0.885382
0.898669
0.894637
0.896749
0.883145
0.88578
0.891043
0.889914
0.890181
0.892752
0.894094
0.893633
0.885757
0.889991
0.890648
0.887804
0.892328
0.877101
0.892669
0.891379
0.8896
0.897192
0.892326
0.89448
0.885719
0.878719
0.887404
0.887582
0.881143
0.884628
0.887956
0.890548
0.894681
0.888812
0.892422
0.893663
0.886732
0.887763
0.890718
0.891438
0.892916
0.886984
0.897325
0.891797
0.885169
0.88253
0.893367
0.892055
0.886743
0.887401
0.903722
0.891758
0.887839
0.894015
0.897718
0.893495
0.887089
0.895274
0.889223
0.869889
0.888771
0.896201
0.887945
0.892742
0.893439
0.896053
0.890165
0.888265
0.890797
0.893819
0.886316
0.902015
0.892183
0.89401
0.895114
0.890476
0.872879
0.889349
0.888083
0.889854
0.896064
0.888739
0.896986
0.889126
0.888894
0.888862
0.887499
0.894907
0.887605
0.898309
0.89457
0.891961
0.887862
0.892076
0.897215
0.888468
0.894206
0.893562
0.883623
0.892331
0.893873
0.892585
0.888539
0.885737
0.887419
0.894588
0.885544
0.900981
0.885295
0.883738
0.885805
0.893542
0.887845
0.892887
0.892987
0.88734
0.890798
0.892556
0.887272
0.884015
0.883593
0.896113
0.892478
0.885091
0.882664
0.893584
0.891383
0.8942
0.891953
0.891429
0.884703
0.884173
0.888777
0.892188
0.885843
0.888529
0.895611
0.894131
0.885459
0.892003
0.890874
0.88884
0.888891
0.887592
0.888107
0.891946
0.8881
0.887427
0.89119
0.884148
0.888576
0.88317
0.878997
0.892224
0.896163
0.892192
0.885054
0.896534
0.891083
0.886826
0.883972
0.892276
0.882289
0.886265
0.890288
0.883733
0.891574
0.881889
0.886604
0.885617
0.889432
0.893116
0.893711
0.894737
0.889897
0.893483
0.886585
0.890638
0.873169
0.888317
0.889892
0.880219
0.889155
0.893704
0.892359
0.886149
0.896741
0.896259
0.893711
0.891292
0.898272
0.89076
0.892127
0.897046
0.870442
0.887931
0.891564
0.884738
0.887958
0.889696
0.890134
0.890694
0.897059
0.883926
0.890132
0.882882
0.891097
0.903654
0.884866
0.896855
0.892562
0.890683
0.888156
0.895773
0.886506
0.891613
0.892996
0.879973
0.894642
0.8891
0.891371
0.889153
0.88543
0.884743
0.890111
0.88533
0.880912
0.893107
0.894538
0.893624
0.895058
0.890328
0.894488
0.887872
0.893657
0.884718
0.893519
0.883566
0.891084
0.88937
0.896971
0.88643
0.899755
0.889626
0.885447
0.89506
0.897501
0.89357
0.894736
0.892613
0.887714
0.890579
0.893568
0.884667
0.889772
0.889632
0.890673
0.891947
0.885142
0.892905
0.892111
0.889983
0.890444
0.888449
0.893243
0.888783
0.889939
0.898129
0.887732
0.892001
0.891049
0.899615
0.894245
0.887724
0.88648
0.89033
0.887935
0.893706
0.890639
0.890494
0.887877
0.891356
0.891224
0.891466
0.891369
0.89216
0.891899
0.886819
0.889999
0.894088
0.886415
0.88605
0.889693
0.890466
0.88793
0.893814
0.889026
0.893644
0.889635
0.888464
0.894057
0.892093
0.890876
0.8848
0.880673
0.882234
0.888131
0.886853
0.898096
0.89475
0.893233
0.89274
0.886868
0.888825
0.896789
0.888473
0.894819
0.88358
0.891065
0.889919
0.889999
0.89452
0.888894
0.890063
0.896609
0.894247
0.892389
0.894547
0.890108
0.893502
0.886333
0.889277
0.894099
0.891891
0.891863
0.894189
0.883241
0.890482
0.884172
0.896077
0.889617
0.884781
0.890904
0.894049
0.892636
0.89116
0.877626
0.895943
0.890691
0.890748
0.866706
0.899538
0.890293
0.884806
0.890463
0.882226
0.892301
0.895026
0.893144
0.884962
0.891444
0.892061
0.891429
0.887758
0.89808
0.895992
0.890163
0.893243
0.888638
0.871745
0.883717
0.893627
0.885078
0.894284
0.893677
0.890457
0.887664
0.893542
0.89135
0.890648
0.883191
0.894405
0.887208
0.8867
0.888691
0.895732
0.897279
0.876569
0.890884
0.892666
0.882039
0.882988
0.891728
0.890159
0.891817
0.885807
0.886767
0.891943
0.884996
0.892844
0.891617
0.896415
0.879752
0.89242
0.895358
0.88625
0.885829
0.88479
0.887082
0.88619
0.893121
0.889158
0.896697
0.88727
0.883157
0.895353
0.887101
0.887024
0.888466
0.88925
0.893155
0.891555
0.890407
0.887236
0.88808
0.893789
0.879466
0.888401
0.885455
0.895752
0.896032
0.897299
0.892677
0.886864
0.891202
0.894545
0.886296
0.892487
0.883894
0.888558
0.888189
0.895146
0.895817
0.8865
0.894459
0.887983
0.892207
0.891513
0.883182
0.898573
0.892705
0.888152
0.885652
0.890812
0.89192
0.893295
0.891393
0.885544
0.888119
0.882595
0.889215
0.892293
0.889854
0.885514
0.879909
0.890656
0.888505
0.893353
0.89419
0.893355
0.882968
0.895521
0.891643
0.889927
0.892016
0.894272
0.893751
0.890665
0.89542
0.886363
0.888163
0.884675
0.891985
0.895341
0.888342
0.887594
0.88895
0.889553
0.893164
0.889303
0.895459
0.890205
0.883862
0.895672
0.879486
0.886698
0.891976
0.888856
0.890611
0.884711
0.889203
0.890809
0.895008
0.894145
0.892429
0.888085
0.895343
0.871513
0.894225
0.887119
0.899466
0.891506
0.889143
0.892095
0.89031
0.889517
0.891716
0.888038
0.88752
0.888565
0.885827
0.885342
0.888088
0.890752
0.892569
0.887255
0.891934
0.8942
0.887436
0.893553
0.887332
0.866872
0.884645
0.872053
0.881016
0.887414
0.89036
0.884008
0.88601
0.892802
0.890785
0.895681
0.884188
0.891828
0.892597
0.891527
0.89109
0.892933
0.894364
0.890065
0.894974
0.898813
0.892663
0.887156
0.885072
0.887407
0.886965
0.885327
0.891958
0.886663
0.896536
0.887663
0.887444
0.902482
0.891092
0.885036
0.888566
0.88997
0.882622
0.884796
0.891416
0.890736
0.893421
0.891273
0.889987
0.893578
0.891858
0.888429
0.892026
0.893995
0.888439
0.88597
0.89024
0.892122
0.892014
0.885997
0.885813
0.896059
0.897224
0.891602
0.884914
0.88687
0.890634
0.892463
0.892074
0.893028
0.896641
0.886503
0.885992
0.885915
0.890907
0.884226
0.896483
0.889858
0.885954
0.888664
0.88909
0.881908
0.891597
0.88567
0.886459
0.889969
0.888855
0.890342
0.890503
0.888937
0.874263
0.882526
0.890603
0.886761
0.892131
0.889346
0.897904
0.894676
0.889385
0.884004
0.887745
0.892129
0.887345
0.893817
0.894214
0.879659
0.890983
0.888785
0.896269
0.892168
0.887638
0.893417
0.895072
0.889809
0.890029
0.881692
0.895211
0.890937
0.891084
0.889134
0.892298
0.895407
0.893475
0.898219
0.887516
0.896508
0.888574
0.892409
0.890049
0.8968
0.888073
0.892564
0.895664
0.893207
0.891809
0.893147
0.885219
0.892355
0.894359
0.890957
0.899198
0.887264
0.892939
0.889363
0.894606
0.887956
0.894494
0.889265
0.887151
0.884902
0.887313
0.876597
0.885861
0.894066
0.893353
0.892882
0.886611
0.889641
0.894278
0.888081
0.886554
0.89345
0.888005
0.89751
0.889841
0.891966
0.893959
0.893069
0.891957
0.884564
0.892926
0.892238
0.890506
0.891685
0.889517
0.889053
0.898554
0.889587
0.891376
0.886769
0.880423
0.897702
0.890088
0.887826
0.891297
0.89673
0.887871
0.885669
