0.889944
0.89724
0.894351
0.893517
0.8928
0.891729
0.890767
0.890171
0.891617
0.888537
0.89168
0.894643
0.890635
0.893411
0.890668
0.89533
0.889763
0.887822
0.884628
0.889559
0.895876
0.896074
0.893232
0.893417
0.889369
0.892456
0.891437
0.892919
0.891714
0.893496
0.893534
0.89307
0.893962
0.889784
0.891933
0.890564
0.896462
0.892594
0.891929
0.89318
0.892289
0.890721
0.894118
0.893285
0.893115
0.895648
0.895041
0.890161
0.893793
0.895149
0.889845
0.891908
0.897361
0.889545
0.895488
0.894521
0.892556
0.885753
0.892109
0.890971
0.892631
0.895032
0.893372
0.892807
0.895241
0.891258
0.890497
0.893664
0.889755
0.894314
0.893558
0.889194
0.895089
0.891082
0.891249
0.892464
0.89119
0.890368
0.893671
0.892946
0.889931
0.895613
0.892347
0.893228
0.890329
0.891858
0.890529
0.894225
0.889585
0.892596
0.89255
0.888974
0.892215
0.892849
0.887632
0.897344
0.8933
0.897065
0.891745
0.893433
0.892202
0.894541
0.895842
0.896425
0.889965
0.890183
0.89276
0.88924
0.892812
0.897195
0.893015
0.891813
0.890993
0.890235
0.893511
0.895352
0.893787
0.89032
0.888356
0.890511
0.891687
0.892524
0.893939
0.893187
0.89536
0.899902
0.894489
0.89241
0.902158
0.892434
0.885133
0.894485
0.893703
0.895652
0.891733
0.889754
0.886853
0.896907
0.89159
0.890233
0.893049
0.891092
0.892105
0.897895
0.892508
0.887774
0.888652
0.893716
0.896597
0.888223
0.889292
0.891696
0.890742
0.89312
0.886281
0.89265
0.896348
0.894051
0.894694
0.891646
0.892285
0.892812
0.896752
0.895477
0.895368
0.888546
0.891562
0.893258
0.896881
0.893969
0.89191
0.891887
0.893593
0.889996
0.896304
0.889398
0.893463
0.888814
0.895147
0.898711
0.893866
0.896541
0.896832
0.90056
0.888235
0.893082
0.896211
0.893045
0.895055
0.893691
0.890941
0.89278
0.889173
0.892052
0.891431
0.891987
0.897685
0.889288
0.892637
0.890843
0.893539
0.895781
0.892805
0.892945
0.889795
0.89331
0.894587
0.891697
0.894427
0.890314
0.892233
0.893698
0.891425
0.89094
0.893138
0.895362
0.892634
0.893016
0.89275
0.890921
0.895043
0.894797
0.893309
0.895325
0.892622
0.897642
0.895246
0.896012
0.895578
0.898376
0.89263
0.892959
0.89373
0.889491
0.892987
0.895387
0.891545
0.894124
0.893045
0.891529
0.890215
0.89186
0.893449
0.893205
0.893442
0.890757
0.894251
0.890965
0.895113
0.895356
0.893323
0.891511
0.88718
0.894143
0.89582
0.893315
0.894339
0.893361
0.893654
0.891228
0.889974
0.897484
0.895114
0.894683
0.893061
0.890481
0.889754
0.892623
0.894532
0.891608
0.894599
0.891282
0.892755
0.893776
0.899132
0.899099
0.890885
0.892181
0.887773
0.895023
0.891999
0.896679
0.895834
0.892967
0.892178
0.890192
0.893723
0.893739
0.8918
0.889492
0.891353
0.888135
0.894132
0.901526
0.892837
0.89145
0.891643
0.893654
0.893854
0.889032
0.89319
0.894916
0.893157
0.89055
0.89931
0.892879
0.897388
0.89307
0.89202
0.898387
0.885149
0.893108
0.89425
0.896755
0.894818
0.889642
0.895321
0.894096
0.892862
0.893172
0.893657
0.892091
0.893323
0.89581
0.898209
0.894493
0.894019
0.89559
0.899991
0.893365
0.894346
0.896629
0.893117
0.893985
0.88811
0.889141
0.894879
0.888289
0.893349
0.887092
0.893125
0.891756
0.889923
0.894724
0.890544
0.890361
0.891522
0.888444
0.891003
0.888259
0.892055
0.89181
0.891099
0.893911
0.893454
0.889726
0.890405
0.879802
0.890039
0.894008
0.888694
0.886458
0.891597
0.893363
0.894112
0.892073
0.893664
0.890887
0.894648
0.888134
0.889216
0.89252
0.887618
0.897494
0.897372
0.894443
0.894938
0.888873
0.888188
0.892125
0.894608
0.893368
0.895802
0.893096
0.887652
0.891363
0.892354
0.889996
0.892252
0.890998
0.893177
0.891526
0.886985
0.890197
0.892465
0.897156
0.891052
0.891325
0.894124
0.89389
0.889974
0.90078
0.891206
0.889437
0.889297
0.893644
0.8957
0.890737
0.89361
0.890939
0.89396
0.894642
0.893008
0.89401
0.889566
0.892551
0.89366
0.897954
0.891767
0.894369
0.89786
0.890882
0.897089
0.896602
0.892271
0.894654
0.89118
0.898628
0.896785
0.88607
0.89504
0.888441
0.891314
0.896008
0.895312
0.892639
0.888922
0.891868
0.895609
0.892168
0.889488
0.892309
0.893922
0.885274
0.890739
0.894582
0.89725
0.899179
0.889744
0.891827
0.891331
0.891505
0.893052
0.894129
0.895165
0.893428
0.891272
0.892283
0.89143
0.894181
0.891696
0.892809
0.891492
0.887223
0.89563
0.889538
0.893581
0.89109
0.895356
0.897387
0.892386
0.894955
0.89006
0.89428
0.891288
0.89258
0.895882
0.894242
0.893799
0.892937
0.8922
0.895627
0.897101
0.893557
0.894103
0.892541
0.892607
0.890872
0.896345
0.893623
0.891564
0.892517
0.896597
0.894069
0.891633
0.893896
0.889144
0.894194
0.891071
0.896174
0.895201
0.89331
0.89788
0.892537
0.89052
0.90104
0.891707
0.896506
0.89175
0.892878
0.89397
0.890184
0.887477
0.891641
0.890512
0.895001
0.896316
0.890997
0.897264
0.88979
0.896845
0.890309
0.893248
0.889576
0.891836
0.890951
0.895805
0.891253
0.896259
0.89491
0.89436
0.893817
0.889249
0.894848
0.891485
0.897699
0.887179
0.88657
0.892958
0.892075
0.897794
0.889691
0.901268
0.892263
0.89229
0.890664
0.89534
0.890248
0.8936
0.899048
0.888374
0.891256
0.883436
0.893425
0.888807
0.893901
0.898738
0.888975
0.891916
0.892893
0.891041
0.891754
0.892933
0.893298
0.892035
0.895752
0.892602
0.896986
0.89266
0.892741
0.893338
0.887459
0.895345
0.891172
0.890472
0.89048
0.891441
0.891201
0.889084
0.892211
0.891942
0.89026
0.894227
0.893773
0.894995
0.890595
0.89263
0.893422
0.88545
0.896548
0.892751
0.892464
0.894182
0.893547
0.893803
0.891942
0.889911
0.893544
0.893331
0.892781
0.893249
0.892677
0.892183
0.896653
0.889838
0.890302
0.892337
0.88813
0.89029
0.895416
0.890535
0.890251
0.888563
0.894649
0.896395
0.8942
0.889599
0.889197
0.891464
0.894325
0.896024
0.891115
0.888531
0.892772
0.891198
0.893927
0.895919
0.900317
0.891052
0.890255
0.890488
0.891502
0.889958
0.890525
0.896922
0.890495
0.896493
0.892729
0.895511
0.886724
0.894173
0.893126
0.890589
0.891636
0.898039
0.891542
0.89343
0.894363
0.893427
0.894882
0.890548
0.892436
0.893903
0.893601
0.890966
0.892373
0.892386
0.888691
0.891663
0.894778
0.892284
0.89225
0.890057
0.895271
0.890481
0.894588
0.895196
0.890863
0.888963
0.894403
0.891053
0.895113
0.892854
0.891915
0.892388
0.892666
0.893227
0.89264
0.88937
0.893388
0.889943
0.893126
0.895487
0.889293
0.891648
0.890599
0.888265
0.896149
0.889843
0.888589
0.894337
0.895946
0.891224
0.891585
0.890934
0.893942
0.897216
0.892033
0.891386
0.894076
0.894398
0.891178
0.896388
0.889551
0.890172
0.892501
0.895342
0.891203
0.89017
0.891158
0.892292
0.893829
0.891038
0.890482
0.89403
0.893551
0.892787
0.886043
0.890772
0.895162
0.897782
0.8933
0.892867
0.901681
0.894671
0.895883
0.896622
0.898156
0.871954
0.889804
0.891902
0.892212
0.894854
0.893816
0.888927
0.891704
0.894674
0.893926
0.894264
0.891009
0.893105
0.891322
0.895482
0.887254
0.891462
0.887622
0.893464
0.886653
0.888623
0.895009
0.892662
0.895355
0.888974
0.892889
0.892901
0.89533
0.89534
0.889291
0.892828
0.895447
0.892675
0.890035
0.892055
0.893241
0.894012
0.890512
0.895861
0.897323
0.895715
0.892342
0.89195
0.892006
0.893444
0.894536
0.892121
0.890473
0.896604
0.894447
0.892668
0.893208
0.890288
0.890319
0.893846
0.896591
0.892309
0.891566
0.894536
0.888475
0.893404
0.893899
0.892125
0.892273
0.892242
0.893507
0.890121
0.889987
0.892137
0.893395
0.891092
0.888592
0.893991
0.897716
0.895244
0.891383
0.895368
0.894034
0.890647
0.892022
0.893541
0.889591
0.893985
0.896387
0.889932
0.893496
0.889168
0.893992
0.891436
0.890357
0.89805
0.887581
0.897311
0.892807
0.898355
0.892118
0.889308
0.893593
0.890383
0.895276
0.892039
0.891738
0.894163
0.890746
0.895708
0.89266
0.893229
0.89222
0.8938
0.893331
0.896628
0.892678
0.895026
0.89058
0.89294
0.893383
0.892212
0.895225
0.89426
0.89181
0.891915
0.888465
0.895065
0.887388
0.899357
0.891767
0.893317
0.885085
0.892599
0.891862
0.892017
0.893117
0.891962
0.888757
0.893048
0.893803
0.897703
0.894684
0.896219
0.894384
0.893393
0.889465
0.895695
0.887197
0.895538
0.893759
0.888979
0.897082
0.894702
0.890168
0.89362
0.89485
0.894173
0.904142
0.893017
0.892177
0.892278
0.894689
0.889062
0.888533
0.889357
0.888888
0.891479
0.894973
0.889793
0.893141
0.893134
0.89219
0.898527
0.892934
0.891835
0.889158
0.895678
0.895928
0.893302
0.890444
0.892002
0.888871
0.893373
0.893984
0.891131
0.893049
0.895281
0.895481
0.892426
0.889512
0.892766
0.89368
0.893465
0.889129
0.893023
0.893197
0.899285
0.891296
0.893967
0.893126
0.893664
0.897026
0.892794
0.893813
0.892425
0.89657
0.898329
0.892968
0.901245
0.894589
0.890359
0.897407
0.895056
0.887821
0.895287
0.8896
0.896886
0.891376
0.888168
0.895129
0.889711
0.893147
0.893114
0.899278
0.895703
0.894678
0.891888
0.893268
0.889349
0.894198
0.896102
0.894993
0.892659
0.892832
0.890822
0.891017
0.890953
0.893169
0.890624
0.891638
0.89235
0.892848
0.899146
0.890296
0.896546
0.89003
0.8942
0.895388
0.891959
0.89022
0.893015
0.894548
0.892974
0.894581
0.891806
0.888406
0.891443
0.893992
0.8941
0.892979
0.891912
0.889036
0.896167
0.890471
0.888421
0.89053
0.894297
0.892688
0.898366
0.893222
0.892441
0.891108
0.889331
0.888735
0.890888
0.891526
