1476.28 0.858828 0.0041705
1578.8 0.869406 0.00177263
1503.71 0.863554 0.00211502
2010.3 0.895286 0.000928216
1670.34 0.873037 0.00151998
2045.44 0.895954 0.000932148
1560.3 0.865157 0.00153807
1661.03 0.875813 0.0017367
1573.65 0.863145 0.00173502
1759.43 0.857707 0.00203999
1670.27 0.87504 0.00148945
1707.65 0.874507 0.00176473
1522.82 0.863754 0.00118312
1490.84 0.864248 0.00177324
1468.58 0.870227 0.00164992
1676.33 0.872257 0.00154439
1688.29 0.872525 0.00157601
1407.75 0.857426 0.00231487
1582.05 0.867217 0.0019274
1658.48 0.870662 0.00140218
1704.23 0.85034 0.00120418
1877.17 0.876992 0.000245607
1561.17 0.861445 0.00169589
1554.14 0.864024 0.00211038
1528.53 0.870761 0.00138554
1751.85 0.858769 0.00197204
1556.69 0.876295 0.00167363
1530.42 0.873196 0.0015635
1498.72 0.861698 0.00133567
2094.57 0.879336 0.00157539
1584.43 0.872304 0.00165207
1738.49 0.870982 0.00161119
1553.63 0.864006 0.00206694
1719.3 0.87213 0.00168452
1612.79 0.880624 0.0016316
1604.74 0.868131 0.00160605
1949.36 0.874578 0.00169784
1674.83 0.869227 0.00166627
1590.38 0.872889 0.00163087
1510.44 0.875091 0.00166043
1638.56 0.85946 0.0020898
1529.5 0.870721 0.00178417
1652.43 0.86158 0.00200755
1643.93 0.872085 0.0020129
1570.23 0.871508 0.00148951
1746.52 0.882727 0.00116845
1667.12 0.869532 0.00170518
1632.2 0.8497 0.00196834
1630.85 0.87531 0.00188599
1538.32 0.875988 0.00170992
1464.47 0.869984 0.00175547
1819.86 0.873913 0.00169029
1744.45 0.859885 0.00140477
1590.38 0.856359 0.00175433
1521.74 0.865914 0.00149349
1820.03 0.872103 0.00151587
1632.47 0.883697 0.00126761
1572.32 0.861792 0.00158618
1951.06 0.878035 0.00291982
1624.15 0.86912 0.0017276
1545.81 0.871989 0.00171794
1940.64 0.887852 0.000986719
1612.73 0.874819 0.00148231
1803.37 0.868629 0.00152285
1714.74 0.862748 0.00224672
1646.52 0.876486 0.00159296
1950.01 0.865725 0.00247707
1675.89 0.875512 0.00171916
1912.93 0.848096 0.00231841
1865.12 0.894837 0.000947786
1603.2 0.872591 0.00164185
1579.77 0.874846 0.00163366
1558.18 0.880807 0.0012953
1958.38 0.897286 0.000890295
1607.48 0.84873 0.002316
1733.65 0.86987 0.0014588
1663.4 0.864986 0.00197574
1744.67 0.850737 0.00230285
1805.23 0.878889 0.00164104
1584.41 0.864539 0.00191141
1514.62 0.871366 0.00169261
1738.75 0.867946 0.00134466
1534.79 0.868717 0.00175249
1613.46 0.86458 0.00208656
1604.16 0.87828 0.0015977
1415.75 0.869562 0.00186643
1560.15 0.855224 0.00304258
1619.12 0.870274 0.0016961
1455.42 0.867677 0.0017614
1774.33 0.861462 0.00236106
1524.39 0.864387 0.00236891
1790.91 0.871325 0.00162531
1519.11 0.85696 0.00326295
1640.16 0.852942 0.00287028
1570.24 0.86426 0.00171882
1608.69 0.876676 0.00150724
1330.08 0.869941 0.00220219
1564.51 0.872911 0.00159578
1645.66 0.878531 0.00168703
1564.7 0.877515 0.00164818
1472.05 0.861674 0.00155635
1695.66 0.864061 0.00228954
1488.43 0.864395 0.00169532
1823.79 0.879169 0.00140351
1560.73 0.869785 0.00190155
1678.95 0.876378 0.00167067
1574.89 0.863018 0.00211971
1707.7 0.872872 0.00170984
1895.02 0.891316 0.000897137
1616.6 0.876982 0.00148422
1536.56 0.868787 0.00161958
1752.54 0.890962 0.000971373
1948.22 0.870609 0.00154315
1506.35 0.86967 0.00191245
1909.42 0.8868 0.0010276
1697.3 0.874495 0.00155265
1761.33 0.870998 0.001612
1470.96 0.857419 0.00197953
1568.18 0.870059 0.0015568
1708.31 0.891836 0.000909327
1712.56 0.860857 0.00164602
1753.39 0.871049 0.0015393
1697.91 0.870482 0.00153424
1592.27 0.875589 0.00163818
1790.44 0.872212 0.00162295
1563.23 0.862375 0.00183983
1536.59 0.862769 0.00211293
1581.46 0.871806 0.00180572
1724.49 0.877906 0.00155939
1708.39 0.863225 0.526713
1998.97 0.863788 0.00167391
1565.2 0.876887 0.00166496
1533.21 0.873173 0.00153088
1875.77 0.869242 0.528993
1594.61 0.857617 0.00284815
1613.77 0.863656 0.00205464
1743.8 0.873669 0.00158285
1552.83 0.859197 0.0018004
1679.18 0.87805 0.00181384
1740.67 0.887205 0.00110659
1586.78 0.874054 0.00172521
1728.58 0.868835 0.00148693
1615.35 0.873918 0.00168572
1658.16 0.872319 0.00165782
1579.62 0.879028 0.00161112
1594.12 0.858872 0.00203025
1597.03 0.873197 0.00147598
1626.83 0.862979 0.00180166
1957.54 0.862738 0.00175585
1858.2 0.879355 0.00144849
1760.26 0.870463 0.00154756
1536.33 0.842965 0.00108469
1506.76 0.865358 0.00224781
1510.33 0.859286 0.0025111
1476.64 0.86322 0.00165131
1628.33 0.863437 0.00208491
1571.6 0.873177 0.0016838
1669.38 0.879178 0.00124027
1705.12 0.857693 0.00180968
1392.31 0.863545 0.0015266
1856.66 0.866097 0.00153989
1601.17 0.882001 0.533683
1778.66 0.880253 0.00248245
1947.8 0.89427 0.000919081
1707.74 0.874556 0.001619
1513.77 0.868999 0.00201046
1542.48 0.871079 0.00153075
1628.17 0.87562 0.00165036
1640.66 0.867104 0.00156129
1580.36 0.876231 0.00163434
1674.89 0.871197 0.00170177
1758.05 0.874626 0.00167405
1673.05 0.876755 0.00169922
1647.25 0.874949 0.00151986
1581.44 0.875075 0.00151925
1958.54 0.88738 0.000949521
1547.81 0.874382 0.00153015
1656.54 0.866045 0.00198277
1630.74 0.867091 0.00181261
1595.07 0.866764 0.00156935
1532.76 0.861056 0.00193969
1664.57 0.871188 0.0019662
1719.37 0.896333 0.000904982
1767.05 0.868809 0.00159324
1587.42 0.870718 0.00174414
1625.45 0.873923 0.00160257
1482.62 0.870824 0.0016946
1599.69 0.870742 0.00172593
1583.77 0.87232 0.00165457
1532.75 0.866902 0.00182507
1948.34 0.873803 0.00160649
1591.37 0.875747 0.00159063
1938.94 0.870925 0.00153451
1444.05 0.86271 0.00174309
1874.12 0.870545 0.00148053
1584.49 0.873702 0.00154707
1664.73 0.863221 0.00353172
1720.48 0.871266 0.0017494
1575.79 0.863798 0.00141358
1652.06 0.875967 0.531498
1905.87 0.867389 0.00150248
1593.18 0.859201 0.00148794
1507.34 0.871679 0.00172508
1734.64 0.870153 0.00166389
1561.67 0.872586 0.00157305
1705.85 0.859107 0.00239481
1695.4 0.882093 0.00121193
1627.9 0.849218 0.00477873
1444.74 0.874506 0.00156885
1507.3 0.874236 0.00160624
1650.52 0.873779 0.00160483
1542.29 0.86953 0.00251256
1808.11 0.851981 0.00173785
1607.46 0.877041 0.00148509
1631.72 0.858029 0.00167481
1717.29 0.873449 0.0016964
1594.42 0.859949 0.0016161
1734.63 0.882043 0.001177
2001.83 0.893039 0.000889544
1648.32 0.876598 0.00161522
1559.57 0.862325 0.00153793
1644.25 0.843974 0.0012099
1706.34 0.87225 0.00154638
1689.57 0.878635 0.00169298
1599.16 0.86386 0.0016783
1750.94 0.862611 0.00222088
1842.47 0.893742 0.000933375
1556.08 0.849454 0.00169907
1744.93 0.87084 0.00166242
1631.72 0.869817 0.00163534
1490.92 0.87151 0.00164215
1736.8 0.870044 0.00154747
1745.55 0.883431 0.00121441
1711.42 0.880777 0.0012385
1751.94 0.878835 0.00159142
1693.36 0.874422 0.00151976
1611.62 0.870078 0.00148978
1738.25 0.857835 0.00161941
1584.34 0.87261 0.00151813
1539.24 0.866476 0.00173895
1665.78 0.875363 0.001625
1623.85 0.874832 0.00169931
1798.06 0.840382 0.00169093
1643.55 0.860601 0.00188485
2093.26 0.870821 0.00171806
1606.6 0.869582 0.00167202
1824.22 0.871296 0.00155627
1464.69 0.876198 0.00159878
1646.29 0.868048 0.00165338
1736.36 0.877172 0.00164173
1410.42 0.873608 0.00170912
1602.59 0.86926 0.00186379
1591.2 0.86497 0.00172588
1611.21 0.880952 0.00131193
1763.29 0.869833 0.00154273
1593.92 0.862485 0.00264276
1651.67 0.875147 0.00169135
1873.36 0.865641 0.0014944
1689.16 0.865392 0.00180598
1844.01 0.86946 0.00167184
1679.74 0.874546 0.00152373
1536.07 0.864692 0.00192227
1787.5 0.875639 0.0016908
1929.76 0.84839 0.00654895
1732.6 0.870739 0.00198711
1453.55 0.865126 0.00172808
1701.22 0.869112 0.00173752
1652.23 0.846527 0.00181939
2010.02 0.894858 0.000949187
1741.22 0.870859 0.00163506
1694.36 0.875954 0.00152866
1665.91 0.863385 0.526775
1743.2 0.885094 0.00164589
1788.75 0.842884 0.00203489
1594.02 0.877617 0.00157109
1609.77 0.874143 0.00152779
1560.73 0.866966 0.00153802
1845.39 0.88234 0.00151193
1688.05 0.87381 0.0015253
1778.77 0.871271 0.00163388
1667.79 0.85974 0.00188514
1908.06 0.887497 0.00110552
1520.04 0.875266 0.00154296
1766.26 0.866962 0.00167026
1570.54 0.872503 0.00143849
1567.52 0.8636 0.0020519
1881.05 0.870387 0.00156901
1540.41 0.861134 0.00186133
1846.27 0.894094 0.000912908
1504.68 0.871336 0.00169049
1757.51 0.873379 0.0016635
1636.75 0.871881 0.00178809
1633.73 0.874549 0.00523536
1558.11 0.872477 0.00150036
1504.48 0.871625 0.00178353
1821.47 0.866745 0.0016078
2320.68 0.893274 0.000802663
1850.75 0.866177 0.00162506
1968.96 0.876878 0.00167452
1589.64 0.874499 0.00143203
1592 0.874331 0.001562
1701.64 0.83187 0.00144618
1592.69 0.87178 0.00161873
1738.51 0.8475 0.00255326
1667.79 0.870104 0.0014723
1699.7 0.863456 0.00296175
1645.92 0.871604 0.00176081
1581.36 0.876722 0.00170217
1574.1 0.869814 0.00179774
1526.39 0.869524 0.00164312
1606.4 0.871991 0.00199513
1549.35 0.871854 0.00162778
1664.81 0.877653 0.00156446
1478.09 0.873744 0.00156985
1501.03 0.868903 0.00161867
1487.84 0.869568 0.00195559
1565.57 0.858267 0.0026773
1531.07 0.84899 0.0014454
1518.97 0.87742 0.00150623
1715.27 0.871478 0.00164303
1660.88 0.870833 0.00174037
1710.27 0.879553 0.0013948
1684.91 0.876851 0.00151962
2012.74 0.866401 0.527922
1651.72 0.852864 0.00153557
1757.57 0.877407 0.00160495
1555.63 0.855381 0.00237002
1533.65 0.874149 0.00146855
1681.03 0.874785 0.00166386
1579.46 0.855994 0.00212333
1496.8 0.860187 0.00278277
1623.73 0.862916 0.00153173
1648.28 0.873746 0.00162963
1600.37 0.873726 0.00156919
1625.45 0.860087 0.00156457
1559.55 0.875774 0.00164403
1650.19 0.855191 0.001958
1412.75 0.862596 0.0016197
1702.17 0.867645 0.00134987
1451.23 0.868538 0.00173597
1442.43 0.872754 0.0018009
1660.95 0.858993 0.00202893
1822.32 0.870283 0.00161666
1683.76 0.866713 0.00199674
1660.98 0.857452 0.00184298
1601.97 0.876189 0.00172494
1851.74 0.872227 0.00175867
1547.19 0.873892 0.00188298
1631.12 0.864812 0.00123489
1631.76 0.876579 0.00158868
1559.54 0.872655 0.00163188
1622.82 0.867419 0.00185164
1715.48 0.862752 0.00193148
1733.72 0.870808 0.0016255
1724.27 0.868299 0.00198124
1512.72 0.854982 0.00286277
1613.08 0.867759 0.00142512
1519.14 0.875751 0.00157787
1632.74 0.871044 0.00150744
1549.32 0.871408 0.00168817
1571.97 0.866281 0.00193195
1522.25 0.870307 0.00127328
1468.12 0.878007 0.00177775
1749.27 0.862381 0.00284426
1559.85 0.868728 0.00182799
1521.47 0.862272 0.00198062
1463.3 0.868088 0.00145453
1577.87 0.874511 0.00161385
1554.09 0.869994 0.00172998
1510.94 0.871715 0.00154825
1644.92 0.87032 0.00158801
1633 0.85964 0.00243746
1423.3 0.864449 0.00319482
2029.03 0.868331 0.00156259
1580.92 0.869939 0.00194363
1559.01 0.86717 0.00171356
1744.25 0.858919 0.00221942
1516.87 0.865172 0.00187557
1989.92 0.896543 0.000939992
1835.62 0.893342 0.000904283
1513.34 0.870847 0.00174013
1535.86 0.878304 0.00161078
1714.8 0.861722 0.526135
2013.46 0.867986 0.00152921
1526.44 0.868645 0.00171535
1621.47 0.870452 0.00174354
1643.77 0.873596 0.00154758
1446.87 0.86913 0.00149561
1557.16 0.874303 0.00164972
1666.81 0.872943 0.00148838
1443.33 0.867871 0.00192319
1568.79 0.879234 0.532709
1763 0.882132 0.00113401
1556.45 0.867481 0.00147799
1514.35 0.871838 0.00193134
1770 0.874507 0.00158762
1646.13 0.873144 0.00163823
1581.2 0.864854 0.00179657
1543.33 0.86571 0.00193642
1710.88 0.867756 0.00167591
1733.14 0.872337 0.00165258
1895.96 0.869204 0.0016395
1854.17 0.842012 0.00216881
1527.46 0.874408 0.0017098
1635.24 0.86581 0.00198471
1580.62 0.874254 0.00179041
1594.65 0.861162 0.00228119
1585.47 0.86767 0.00163352
1559.99 0.867306 0.00200378
1778.4 0.869296 0.00157487
1835.7 0.865981 0.00175092
1837.9 0.871338 0.00165613
1733.45 0.868144 0.528582
1633.66 0.869576 0.00170947
1595.11 0.872397 0.00156826
1598.63 0.868664 0.00156457
1581.08 0.873699 0.00171233
1653.45 0.868504 0.528716
1571.64 0.862623 0.00159255
1669 0.878168 0.00141687
1681.2 0.871997 0.00151649
1890.38 0.854519 0.00160171
1601.99 0.85586 0.00243036
1582.42 0.872156 0.00176913
1706.38 0.873278 0.00163431
1558.36 0.874332 0.00181841
1551.71 0.87029 0.00206029
2115.35 0.892387 0.000793148
1388.51 0.865848 0.001569
2013.4 0.881292 0.00127963
1607.84 0.870728 0.0017579
1524.38 0.864893 0.00218849
1762.33 0.846557 0.00209702
1766.33 0.894223 0.000884276
2076.21 0.853082 0.00152609
1592.4 0.864361 0.00199169
1701.43 0.861459 0.00153035
1531.91 0.85734 0.00206851
1779.28 0.868538 0.00158668
1856.66 0.882712 0.00159001
1469.52 0.873223 0.00174249
2006.68 0.871399 0.0019056
1471.67 0.864831 0.00208054
1602.49 0.876328 0.0017314
1516.74 0.876072 0.00171811
1832.83 0.889317 0.00101838
1659.27 0.859671 0.00225577
2006.12 0.874659 0.00159274
1549.05 0.853335 0.00305232
1667.09 0.869488 0.00177236
1605.51 0.871371 0.00164954
1646.74 0.870823 0.00169737
1480.42 0.858696 0.00230616
1569.07 0.842956 0.00236928
1701.28 0.866333 0.0020058
1760.09 0.872681 0.00163984
1577.52 0.875588 0.00165435
1599.1 0.870332 0.00164585
1515.75 0.862267 0.00153295
1510.5 0.865673 0.00213419
1866.89 0.868009 0.00141195
1704.64 0.862484 0.00241052
1763.82 0.869304 0.001606
1546.98 0.868211 0.00166594
1748.42 0.859022 0.00172289
1666.19 0.877717 0.00161073
1510.49 0.875973 0.00155023
1570.85 0.864714 0.00183732
1525.54 0.872974 0.00162415
1528.81 0.86478 0.00189423
1448.78 0.869502 0.00214214
1859.29 0.867987 0.00147135
1610.74 0.864278 0.00171396
1579.02 0.870397 0.00163081
1678.2 0.871185 0.00168559
1763.56 0.872105 0.00162918
1581.73 0.85596 0.00197189
1632.81 0.873421 0.00154407
1675.41 0.873931 0.00161574
1559.65 0.860186 0.00229405
1527.23 0.866129 0.00221853
1952.77 0.889133 0.000960238
1495.75 0.868837 0.00152578
1815.55 0.873961 0.00172834
1704.68 0.859621 0.00587933
1680.35 0.851117 0.00204882
1862.26 0.846139 0.00160787
1557.6 0.871259 0.00190179
1607.4 0.871105 0.00184751
1536.69 0.87395 0.00158026
1554.53 0.85041 0.00172642
1671.81 0.87513 0.00160009
1485.74 0.875766 0.00162218
1756.34 0.864042 0.00197669
1626.08 0.872577 0.00162673
1712.08 0.873493 0.00153541
2041.14 0.876239 0.00205283
1614.19 0.857439 0.00189887
1768.92 0.868239 0.0016693
1537.32 0.871437 0.0015651
1805.42 0.870894 0.00189122
1553.86 0.860739 0.00172033
1753.44 0.877963 0.00160469
1976.37 0.893235 0.000860893
1878.61 0.895603 0.000904393
1707.92 0.877123 0.00179749
1699.67 0.865943 0.00237919
1699.59 0.869395 0.00167634
1503.49 0.858643 0.00181587
1633.55 0.872663 0.00171607
1642.94 0.871157 0.00153922
1675.54 0.844211 0.00205296
2007.32 0.89489 0.000940474
1607.48 0.8614 0.00332618
2284.66 0.894863 0.000944276
1535.42 0.869711 0.00161918
1714.15 0.873161 0.00169874
1596.39 0.871827 0.00834178
1788.15 0.873562 0.00157222
1640.09 0.874018 0.00156879
1558.81 0.872169 0.00156051
1513.97 0.863537 0.0017606
1616.89 0.874535 0.00166006
1668.21 0.871141 0.00157331
1645.67 0.861756 0.00393365
1676.76 0.878782 0.0015677
1694.35 0.859622 0.00190662
1541.02 0.868214 0.00148895
1713.36 0.858653 0.00223656
1816.98 0.867895 0.001737
1636.99 0.874485 0.00152175
1536.71 0.861075 0.00190173
1641.91 0.86198 0.00191532
1754.34 0.880851 0.00162583
1570.69 0.8793 0.00137515
1512.79 0.873042 0.00155035
1621.98 0.865016 0.00208635
1758.61 0.89419 0.000919829
1615.15 0.872359 0.00177142
1649.98 0.872242 0.00161742
1588.99 0.849856 0.00222095
1635.11 0.8672 0.00149724
1546.77 0.873698 0.0016098
1419.82 0.861101 0.00201471
1565.13 0.872079 0.00166201
1661.34 0.872565 0.00166779
1551.37 0.856312 0.00191643
1609.62 0.856475 0.00146471
1716.48 0.861711 0.00200152
1595.38 0.868365 0.00149387
1618.9 0.871682 0.00172933
1807.94 0.8604 0.00189737
1671.53 0.858523 0.00195034
1631.57 0.874609 0.00151343
1540.67 0.872513 0.00193029
1673.41 0.870717 0.00149666
1582.07 0.8719 0.00162124
1588.99 0.87314 0.00169873
1676.77 0.874059 0.00171133
1535.03 0.856778 0.00273295
1716.45 0.865487 0.00165172
1653.13 0.870277 0.00163768
1618.63 0.870235 0.00158897
1690.76 0.867627 0.00167337
1644.81 0.875252 0.0016008
1698.99 0.848943 0.00224489
1670.6 0.869956 0.0017189
1658.21 0.873433 0.00164463
1731.53 0.871246 0.00162635
1551.46 0.87572 0.00167509
1552.63 0.868153 0.001636
1869.41 0.882359 0.0011709
1684.51 0.874609 0.00164754
1720.78 0.868674 0.00179744
1862.1 0.881939 0.00177957
1800.21 0.894023 0.000892155
1544.52 0.870954 0.00170797
1544.03 0.874997 0.00158194
1810.05 0.876562 0.0017628
1623.24 0.86114 0.00177196
1531.08 0.875377 0.00157465
1820.85 0.880524 0.00171785
1682.04 0.872362 0.00162315
1635.47 0.87022 0.00154004
1411.1 0.865859 0.00213617
1550.56 0.874748 0.00177511
2022.8 0.875222 0.00170502
1726.55 0.876121 0.00164762
1592.14 0.87735 0.00162187
1558.38 0.857024 0.00183136
1484.37 0.866004 0.0019597
1587.62 0.867854 0.00181285
1594.64 0.864737 0.00172142
1735.17 0.857236 0.00186916
1631.62 0.87438 0.00161851
1701.86 0.870773 0.00158114
1611.58 0.878985 0.00155897
2029.38 0.898048 0.000946397
1715.94 0.877892 0.00169386
1602.39 0.863285 0.00215301
1882.89 0.882979 0.0012289
2020.38 0.866723 0.00164223
1539.25 0.876162 0.00153844
1573.92 0.870764 0.00163562
1629.92 0.872804 0.00180444
1707.57 0.872443 0.00172436
1620.68 0.8591 0.00167678
1677.41 0.86713 0.00193315
1700.2 0.849119 0.00181691
1519.28 0.871386 0.00170415
1600.98 0.85122 0.00195864
1753.79 0.87762 0.00117926
1704.09 0.873567 0.00165465
1722.38 0.874938 0.00145688
1494.66 0.874101 0.00184882
1690.37 0.864128 0.001467
1632.01 0.862115 0.00143618
1573.29 0.871803 0.00150196
1637.52 0.871742 0.00173498
1610.84 0.870081 0.00160392
1629.92 0.871077 0.0016416
1594.88 0.84716 0.00129556
1541.47 0.872324 0.00161095
1547.58 0.873311 0.00159473
1535.91 0.873076 0.00162109
1867.11 0.894682 0.000887419
1598.98 0.872098 0.00187107
1494.04 0.863451 0.00154273
1626.69 0.86282 0.00192605
1694.92 0.876992 0.00151985
1632.09 0.869456 0.0016323
1965.58 0.87085 0.00158103
1640.04 0.878693 0.00161557
2213.43 0.865359 0.00166402
2018.58 0.862765 0.00166138
1846.29 0.875312 0.00132142
2016.7 0.87 0.00169003
1548.87 0.867699 0.00178312
1598.42 0.864235 0.00156122
1651.04 0.870973 0.0017766
1551.61 0.873893 0.00160622
1630.42 0.873883 0.530746
1581.61 0.87058 0.00159535
1566.11 0.875132 0.00160908
1679.28 0.871971 0.00176279
1520.17 0.873969 0.00170833
1574.27 0.874578 0.00173502
1623.69 0.875066 0.00149198
1610.31 0.856115 0.0020406
1599.02 0.871135 0.00176949
1762.13 0.895743 0.000923253
1753.69 0.853548 0.00189149
1778.91 0.867035 0.00176685
1680.58 0.877968 0.00160801
1602.29 0.850156 0.00221435
1755.83 0.877432 0.00172448
1991.46 0.852558 0.00253909
1590.72 0.850464 0.00207748
1643.26 0.877214 0.00159408
1632.53 0.858448 0.00157331
1839.26 0.886978 0.00107846
1497.95 0.861701 0.00188912
1639.58 0.877405 0.0016353
1557.2 0.873508 0.00128543
1774.82 0.866031 0.527782
1557.69 0.852226 0.00315737
1600.85 0.873075 0.00163827
1532.01 0.861909 0.0016752
1602.27 0.880661 0.0013987
1533.64 0.857604 0.00179893
1644.08 0.87351 0.00176314
1453.02 0.876629 0.00163432
1610.92 0.87002 0.00179965
1444.56 0.872395 0.00153342
1433.14 0.864176 0.00186914
1770.84 0.853163 0.00192296
1587.13 0.855024 0.00188348
1852.27 0.894536 0.000914798
1631.07 0.878124 0.00163342
1760.46 0.840594 0.517714
1562.7 0.872898 0.00155258
1553.68 0.864019 0.00161143
1513.94 0.870918 0.00166621
2023.32 0.877971 0.00114381
1529.88 0.863738 0.00200616
1722.38 0.870338 0.00161219
1632.47 0.870919 0.00178385
1778.71 0.875846 0.00151124
1707.33 0.865698 0.00148467
1656.43 0.844438 0.00197261
1618.33 0.871314 0.00171317
1736.84 0.850847 0.00193465
1962.54 0.871416 0.00152398
1656.5 0.873518 0.00150897
1484.03 0.865219 0.00194104
1551.13 0.86878 0.00155468
1484.73 0.872649 0.00170321
1585.5 0.867782 0.0020736
1545 0.867733 0.00159634
1566.89 0.873871 0.00169589
1832.64 0.894846 0.000930127
1628.9 0.875349 0.00142751
1752.28 0.848803 0.0057098
1529.38 0.872537 0.00171564
1805.85 0.894621 0.000986573
1611.11 0.871772 0.00151272
1604.29 0.87361 0.0016885
1737.14 0.880629 0.00121253
1570.08 0.861749 0.00203175
1674.68 0.870735 0.00156647
1471.32 0.867439 0.00150206
1581.83 0.853722 0.00238642
1609.38 0.860995 0.525886
1747.42 0.868881 0.00161496
1483.82 0.86743 0.00183509
1819.86 0.861843 0.00155239
1558.58 0.876941 0.00161532
1678.55 0.867781 0.00158534
1511.02 0.873726 0.00171442
1646.5 0.870788 0.00171478
1875.7 0.868926 0.00146307
1551.77 0.861839 0.00251557
1737.55 0.871526 0.00171248
1547.51 0.872031 0.00167051
1694.81 0.868485 0.00163449
1563.81 0.871649 0.00152734
1689.08 0.85363 0.00155106
1609.21 0.867185 0.001976
1715.26 0.875781 0.00156038
1668.09 0.856479 0.00189855
1757.56 0.876253 0.00168864
1611.1 0.862051 0.00316186
1564.13 0.868861 0.00181807
1520.08 0.862703 0.00268087
1602.63 0.853685 0.00248142
1454.31 0.869419 0.00149758
1710.26 0.881756 0.00138126
1758.22 0.869144 0.00181329
1514.8 0.866367 0.00192709
2007.4 0.894487 0.00093767
1550.05 0.856355 0.00127969
1737.23 0.857415 0.00224632
1557.08 0.871405 0.00162376
1773.55 0.878606 0.00171872
1954.39 0.885297 0.00123545
1765.96 0.892934 0.000925541
1591.79 0.86581 0.00219025
1666.44 0.876853 0.00166286
1826.62 0.858693 0.00133583
1631.54 0.850226 0.00257569
1670.18 0.874517 0.00170789
1713.89 0.874414 0.00163568
1785.22 0.877515 0.00169516
1351.75 0.867107 0.00176496
1646.79 0.86439 0.00163061
1466.62 0.863981 0.00187801
1654.14 0.877589 0.00160585
1717.37 0.859708 0.00166755
1479.21 0.865004 0.001606
1569.17 0.863748 0.00131066
1663.33 0.858916 0.00241539
1517.95 0.857918 0.00238481
1613.44 0.869238 0.0017654
1584.34 0.87273 0.00166654
1778.09 0.871515 0.00158775
2165.77 0.896387 0.00095234
1664.43 0.846708 0.00163828
1682.65 0.87096 0.00161555
1729.66 0.875233 0.00163674
1620.43 0.86015 0.0020289
1544.7 0.871749 0.00177585
1482.34 0.864404 0.00198071
1497.51 0.857144 0.00120033
1696.8 0.881059 0.00137527
1531.18 0.865911 0.00172744
1612.05 0.868412 0.00170431
2343.78 0.894619 0.000932675
1531.25 0.864381 0.00272385
1608.1 0.865286 0.00184206
1579.23 0.862263 0.00177175
1635.33 0.878316 0.00897293
1787.1 0.8509 0.00172811
1698.67 0.875029 0.00158704
1712.13 0.871905 0.00159811
1863.67 0.868686 0.00170581
1590.14 0.879101 0.00151324
1689.55 0.871534 0.00177385
1629.04 0.875543 0.00179263
1717.12 0.871 0.00173536
1533.78 0.872072 0.00161311
1562.85 0.872309 0.00158657
1749.17 0.870459 0.00142409
1875.86 0.893684 0.000909601
1610.44 0.864944 0.00174001
1703.77 0.872013 0.00155823
1583.89 0.857045 0.00169314
1739.28 0.87026 0.00163883
2085.92 0.892249 0.000934163
1572.73 0.876152 0.00160028
1586.16 0.87261 0.00051972
1633.46 0.866801 0.0015638
1949.39 0.871488 0.00145936
1522.5 0.874503 0.00149849
1717.38 0.860213 0.00153436
1601.51 0.872891 0.00179784
1636.25 0.85281 0.00115342
1670.49 0.855155 0.00195439
1742.1 0.872337 0.00167661
1594.98 0.869788 0.00154167
1703.63 0.874238 0.00149555
1686.08 0.86955 0.00149054
1600.97 0.855681 0.00270468
1699.49 0.869133 0.00158615
1536.79 0.862261 0.0017825
1616.25 0.870293 0.00168064
1585.81 0.86792 0.00171666
1626.4 0.869225 0.00182539
1583.23 0.865593 0.00167442
1730.72 0.873403 0.00173497
2024.56 0.865615 0.00169225
1617.46 0.865816 0.00233828
1778.24 0.867381 0.00160138
2044.51 0.89393 0.000893377
1572.97 0.866816 0.00235305
1737.03 0.87239 0.00156356
1554.77 0.873929 0.00153525
1928.96 0.866259 0.00160954
1715.59 0.871983 0.0014959
1720.6 0.875126 0.00183025
1498.83 0.855773 0.00377618
1567.54 0.858523 0.00163946
1631.03 0.874883 0.000363016
1537.97 0.876451 0.00169249
1727.07 0.867138 0.00171957
1516.31 0.875456 0.00161509
1702.89 0.866686 0.0018882
1630.16 0.872139 0.00164655
1658.73 0.877714 0.532133
1617.61 0.861219 0.00204374
1634.79 0.875011 0.00167298
1586.58 0.861117 0.00206573
1545.09 0.854489 0.00211405
1533.36 0.867795 0.0018298
1576.66 0.856526 0.00320591
2070.57 0.871207 0.00158184
1542.21 0.870367 0.001638
1514.76 0.870735 0.00200397
1627.11 0.888228 0.00107086
1767.18 0.872527 0.00177809
1654.09 0.839134 0.0019067
1693.12 0.863804 0.00190226
1611.3 0.876802 0.00158703
1787.16 0.869615 0.00171595
1841.78 0.85318 0.00152701
1680.71 0.862386 0.00181749
1622.27 0.885943 0.001159
1579.22 0.870485 0.00176173
1534.51 0.867105 0.00172178
1563.37 0.854779 0.00222373
1745.3 0.850864 0.00157673
1764.97 0.894306 0.000942386
1560.71 0.865579 0.00159169
1687.63 0.873206 0.0019389
1744.2 0.868719 0.00161484
1500.18 0.862863 0.0020588
1810.98 0.848927 0.00175521
1513.45 0.87604 0.00157344
1439.67 0.861068 0.00176002
1760.42 0.868872 0.00155552
1988.02 0.872494 0.00167118
1616.87 0.850939 0.00237596
1556.16 0.86244 0.00175724
1649.89 0.870964 0.00169059
1784.98 0.877148 0.00161018
1839.79 0.884127 0.000857375
2225.85 0.894717 0.000955555
1591.15 0.86833 0.00167512
1554.04 0.858921 0.00201241
1617.05 0.87032 0.0017146
1716.61 0.864156 0.00168043
1921.42 0.892674 0.000912156
1667.04 0.851984 0.00201044
1471.97 0.86477 0.00135005
1564.33 0.876257 0.00154795
1586.38 0.842071 0.00159747
1742.99 0.858825 0.00251824
1660.71 0.861506 0.00171671
2628.6 0.906991 0.542304
1555.16 0.851289 0.00160993
1700.1 0.875269 0.00153456
1661.02 0.860673 0.00184293
1693.21 0.86101 0.00447307
1754.41 0.872836 0.00149069
1793.14 0.866134 0.00202584
1631.28 0.87276 0.00148018
1853.14 0.870963 0.00151931
1620.2 0.859766 0.00209113
1967.7 0.855266 0.00183834
1701.63 0.868361 0.00151476
2110.45 0.894946 0.000913504
1660.85 0.872294 0.00195184
1786.92 0.870215 0.00173157
1498.67 0.854348 0.00232989
1542.04 0.866229 0.00234222
1546.9 0.852595 0.00182469
1573.98 0.847824 0.00249193
1492.43 0.860882 0.00223818
1640.62 0.857708 0.00244826
1754.36 0.880256 0.00157252
1566.03 0.86999 0.00177993
1781.76 0.875866 0.00174037
1812.21 0.895447 0.00102044
1603.13 0.870489 0.0145306
1715.27 0.871034 0.00160406
1642.78 0.862684 0.00184485
1908.52 0.861507 0.00167857
1533.99 0.870216 0.529597
1657.74 0.872165 0.00153543
1567.81 0.860573 0.0018495
1593.88 0.86213 0.00198179
1713.23 0.868667 0.00162855
1862.4 0.895396 0.000946323
1712.47 0.86337 0.0133687
1746.25 0.872815 0.00169133
1988.7 0.869476 0.00163736
1917.34 0.852607 0.00224566
1450.89 0.866345 0.00166496
1542.76 0.862547 0.00172694
1688.42 0.839052 0.0019571
1627.31 0.859225 0.52517
1719.92 0.870791 0.00157369
1621.98 0.874985 0.00204712
1595.81 0.863121 0.00228207
1618.14 0.872453 0.00204673
1615.99 0.861419 0.0021052
1532.88 0.860396 0.00149657
1630.99 0.862665 0.00240841
1826.95 0.861801 0.526166
1545.13 0.872628 0.00153252
1697.56 0.860646 0.00164621
1765.36 0.896324 0.000955834
1599.18 0.873955 0.00150381
1873.03 0.893922 0.000940416
1601.62 0.864821 0.00229861
1813.94 0.873259 0.00169348
1730.95 0.8536 0.00200711
1502.31 0.869215 0.00166194
1518.24 0.870211 0.00168261
1671.57 0.862982 0.00253207
1603.81 0.869543 0.00171824
1491.83 0.855239 0.00162781
1589.92 0.86917 0.00187365
1663.6 0.864001 0.00190656
1592.59 0.868166 0.00529571
1688.31 0.867427 0.00169214
1587.91 0.869503 0.00156871
1631.84 0.863647 0.526874
1625.77 0.872773 0.00185662
1919.81 0.895728 0.000923078
1453.08 0.852111 0.0013965
1787.51 0.848145 0.00250242
1560.03 0.857941 0.00143107
1504.49 0.86658 0.00165258
1827.85 0.859985 0.00155305
1922.85 0.896528 0.000879173
1787.92 0.885115 0.00154584
1518.39 0.87131 0.00173794
1543.99 0.876403 0.00165704
1580.39 0.874564 0.0017033
1648.76 0.869952 0.00194277
1553.68 0.87435 0.00148203
1549.95 0.871228 0.00168504
1508.04 0.875405 0.00170176
1443.6 0.865826 0.00231007
1616.05 0.870981 0.00170074
1527.02 0.876989 0.00177747
1663.32 0.856059 0.00189371
1469.38 0.859088 0.00177878
1558.35 0.867374 0.00158125
1612.4 0.865684 0.00156005
1731.16 0.847551 0.00140073
1588.58 0.866147 0.00197148
1703.5 0.844773 0.0023556
1582.92 0.868375 0.00193017
1527.59 0.874709 0.00178796
1630.56 0.872085 0.530056
1773.97 0.872549 0.00168003
1563.57 0.874576 0.00182591
1843.04 0.877827 0.00153873
1705.78 0.864014 0.00142257
1640.55 0.865461 0.0018145
1728.53 0.873479 0.00162376
1967.16 0.888728 0.00104683
1694.73 0.87131 0.00178012
1623.23 0.870478 0.00171434
1666.28 0.870077 0.00163594
1687.77 0.866095 0.00181964
1568.21 0.874742 0.00153413
1518.53 0.875035 0.00167883
1570.73 0.860662 0.00162861
