0.848404
0.87925
0.859258
0.876488
0.844171
0.85994
0.845277
0.845923
0.867634
0.861382
0.865626
0.833619
0.841739
0.831433
0.866983
0.859147
0.871851
0.857163
0.865853
0.860575
0.860086
0.855141
0.848984
0.86827
0.857262
0.862244
0.853383
0.852391
0.873237
0.849033
0.868272
0.867275
0.84797
0.833878
0.845297
0.851137
0.887687
0.862029
0.868009
0.864849
0.886396
0.844284
0.870892
0.861089
0.848305
0.872996
0.847978
0.893274
0.858458
0.871109
0.854131
0.862719
0.886274
0.841672
0.872821
0.853205
0.841905
0.847724
0.850545
0.850764
0.869605
0.841501
0.836859
0.867749
0.863239
0.832146
0.849407
0.849835
0.840052
0.832357
0.869403
0.83009
0.851102
0.85895
0.834754
0.854721
0.851043
0.842137
0.846482
0.856663
0.851876
0.85645
0.861789
0.815472
0.873562
0.861315
0.849072
0.871264
0.887096
0.866802
0.872299
0.862195
0.846049
0.842451
0.85369
0.847585
0.854999
0.843005
0.8452
0.866413
0.860197
0.849772
0.852098
0.835935
0.847344
0.874128
0.847258
0.865343
0.848341
0.857865
0.875433
0.829809
0.864696
0.827682
0.845645
0.835303
0.831897
0.855922
0.868551
0.82681
0.841886
0.853397
0.855312
0.840489
0.863005
0.853535
0.832666
0.854443
0.847122
0.867207
0.870056
0.875929
0.843053
0.841609
0.855784
0.862684
0.851306
0.836107
0.857311
0.852807
0.869666
0.868163
0.838997
0.844118
0.881009
0.852202
0.860081
0.865829
0.864167
0.862084
0.853966
0.857217
0.838031
0.862723
0.841732
0.874001
0.851802
0.845645
0.866817
0.8661
0.846352
0.843368
0.872002
0.84523
0.870962
0.869607
0.844158
0.853643
0.862551
0.859424
0.843932
0.853958
0.877495
0.838138
0.857588
0.873769
0.853953
0.860821
0.853222
0.85911
0.871264
0.874962
0.868267
0.846336
0.879347
0.871197
0.877436
0.835999
0.848694
0.862942
0.856717
0.868795
0.879757
0.847745
0.862543
0.87603
0.862433
0.863219
0.825925
0.885492
0.883879
0.838637
0.819056
0.855627
0.858759
0.8334
0.853239
0.860885
0.849493
0.850662
0.842389
0.84262
0.849703
0.863097
0.884461
0.840828
0.85178
0.853029
0.844113
0.844839
0.872935
0.873279
0.848645
0.834044
0.854773
0.860114
0.83518
0.850009
0.86967
0.862111
0.857577
0.843911
0.844353
0.860257
0.860307
0.872289
0.859796
0.869026
0.865768
0.847302
0.863881
0.875444
0.848896
0.874865
0.860378
0.872955
0.858504
0.855263
0.853684
0.854814
0.85307
0.850879
0.862625
0.848594
0.873899
0.837297
0.8453
0.861104
0.870209
0.831116
0.832955
0.846315
0.860482
0.845756
0.853315
0.85686
0.850676
0.877327
0.861298
0.873196
0.846489
0.8472
0.849776
0.844333
0.860674
0.859699
0.843725
0.837537
0.839927
0.859068
0.843869
0.83593
0.877593
0.864884
0.861649
0.825008
0.857629
0.870706
0.860614
0.868389
0.852266
0.83739
0.875813
0.841637
0.885447
0.858484
0.835374
0.860341
0.849272
0.858263
0.845058
0.85137
0.855902
0.864366
0.86094
0.871877
0.846789
0.858669
0.864922
0.839297
0.833356
0.854299
0.846821
0.85449
0.85034
0.859721
0.855307
0.864703
0.870411
0.870185
0.83743
0.82665
0.839988
0.873869
0.849921
0.861699
0.846308
0.84447
0.862049
0.842919
0.867631
0.868678
0.876774
0.855267
0.854017
0.893668
0.871676
0.870841
0.868094
0.856198
0.851502
0.858732
0.868385
0.841623
0.840263
0.854884
0.871159
0.864447
0.874794
0.852689
0.845887
0.86266
0.854433
0.850798
0.831982
0.863136
0.848174
0.846479
0.87882
0.838244
0.868964
0.84221
0.846327
0.842088
0.858946
0.831335
0.868717
0.857221
0.859511
0.856512
0.868363
0.863887
0.841269
0.851996
0.862685
0.856579
0.855772
0.854282
0.84914
0.829293
0.853638
0.834821
0.865557
0.860407
0.860938
0.864359
0.867767
0.836932
0.851268
0.843545
0.843292
0.849522
0.875652
0.865287
0.865663
0.841688
0.858473
0.833504
0.852819
0.875261
0.828736
0.875672
0.848451
0.856183
0.837882
0.842473
0.838689
0.842342
0.852069
0.867005
0.859329
0.8505
0.854315
0.861923
0.859005
0.858709
0.881045
0.852358
0.85727
0.855314
0.837586
0.853022
0.842823
0.852501
0.856425
0.850053
0.8566
0.869981
0.855075
0.85978
0.871678
0.847118
0.854803
0.87911
0.845521
0.873883
0.866036
0.834351
0.853079
0.86527
0.856162
0.845855
0.849216
0.859418
0.846713
0.857606
0.841429
0.863162
0.857107
0.834556
0.8882
0.856457
0.862653
0.856724
0.85003
0.836119
0.85165
0.872791
0.84513
0.882014
0.846285
0.838932
0.862201
0.833579
0.850179
0.846244
0.857254
0.880408
0.853086
0.84749
0.846979
0.847186
0.865117
0.858234
0.839343
0.839623
0.843573
0.839203
0.844474
0.869977
0.857258
0.878596
0.83763
0.87582
0.856796
0.843608
0.855118
0.851368
0.844043
0.848223
0.855153
0.844734
0.821444
0.867089
0.863676
0.853171
0.85929
0.859959
0.881936
0.863424
0.858397
0.8746
0.861067
0.854381
0.833611
0.827837
0.866165
0.864964
0.859915
0.857018
0.863512
0.85874
0.860184
0.86
0.862796
0.846971
0.836857
0.828338
0.851134
0.842133
0.856254
0.852538
0.870666
0.86674
0.861238
0.852462
0.848978
0.875656
0.877105
0.836073
0.854927
0.864579
0.865495
0.876562
0.850846
0.829565
0.874899
0.846568
0.852986
0.850458
0.85183
0.892201
0.883234
0.837669
0.84192
0.85996
0.840487
0.882647
0.848472
0.865421
0.837428
0.845784
0.858216
0.849781
0.858787
0.85844
0.874675
0.860061
0.877371
0.873279
0.859653
0.852161
0.848546
0.862595
0.875303
0.830856
0.830473
0.843525
0.848814
0.842465
0.841304
0.838923
0.874276
0.876417
0.855615
0.862876
0.847454
0.858662
0.858215
0.854721
0.872441
0.854529
0.841794
0.84375
0.841208
0.840196
0.88869
0.862062
0.859246
0.864163
0.880756
0.859046
0.836495
0.88046
0.856836
0.847856
0.860873
0.853648
0.880895
0.859047
0.849012
0.869746
0.863387
0.88061
0.834898
0.864977
0.849554
0.858653
0.855795
0.874423
0.849036
0.848095
0.869677
0.852171
0.869404
0.853693
0.852108
0.857672
0.824495
0.873776
0.861285
0.863989
0.863494
0.851557
0.857472
0.854053
0.839902
0.844827
0.838149
0.870429
0.869845
0.881662
0.84511
0.857965
0.81458
0.848407
0.855648
0.873216
0.861785
0.831813
0.858863
0.846705
0.846717
0.863255
0.833493
0.844552
0.835306
0.85764
0.852269
0.841236
0.840514
0.868189
0.84767
0.864557
0.855539
0.858669
0.851241
0.841252
0.862028
0.831819
0.866451
0.862351
0.851287
0.863295
0.866552
0.844881
0.853378
0.850588
0.874903
0.854152
0.867923
0.839464
0.872237
0.836752
0.86169
0.833023
0.864574
0.863769
0.861947
0.839621
0.834184
0.835734
0.855102
0.873302
0.85434
0.85895
0.840385
0.852054
0.848401
0.871732
0.864096
0.85471
0.843969
0.872852
0.860552
0.852633
0.861271
0.837215
0.86294
0.859425
0.867672
0.853174
0.869545
0.855791
0.84261
0.856044
0.850806
0.846022
0.865136
0.857829
0.826241
0.854279
0.882294
0.870034
0.834555
0.854887
0.859146
0.840134
0.86435
0.844346
0.862892
0.834959
0.857863
0.855702
0.841731
0.8589
0.87238
0.866859
0.850368
0.826961
0.855517
0.861833
0.854133
0.873391
0.860055
0.834255
0.856354
0.861976
0.865706
0.834152
0.826499
0.845865
0.832805
0.840513
0.865361
0.833885
0.847424
0.856742
0.836581
0.851285
0.853957
0.845669
0.862891
0.879107
0.852676
0.869962
0.868404
0.867761
0.82182
0.838489
0.881307
0.842629
0.846784
0.888754
0.868227
0.852439
0.85202
0.881434
0.87597
0.875621
0.87387
0.874283
0.865996
0.849675
0.854897
0.869729
0.864961
0.861664
0.856903
0.840347
0.841508
0.84167
0.859154
0.839057
0.833726
0.85392
0.845427
0.882312
0.868108
0.853793
0.857181
0.840481
0.877504
0.844022
0.856779
0.859579
0.864541
0.871183
0.870114
0.864328
0.869805
0.893481
0.850088
0.86316
0.864892
0.852414
0.865007
0.869978
0.861414
0.844026
0.849673
0.847237
0.862127
0.851787
0.831441
0.879473
0.846673
0.839615
0.858962
0.864596
0.845387
0.872276
0.879878
0.858885
0.840015
0.862438
0.850237
0.858413
0.831553
0.869601
0.846334
0.85809
0.863671
0.831341
0.85919
0.872525
0.850519
0.813669
0.855906
0.847149
0.870972
0.874883
0.838755
0.854333
0.86731
0.844435
0.866369
0.836105
0.84259
0.826769
0.869294
0.835646
0.853932
0.888386
0.844686
0.849298
0.87179
0.869465
0.855788
0.844666
0.857104
0.844883
0.83707
0.875522
0.844187
0.84988
0.846036
0.821047
0.860213
0.850786
0.860735
0.869578
0.83475
0.842287
0.848024
0.849298
0.844786
0.846345
0.869681
0.86793
0.891408
0.860704
0.832899
0.852094
0.855413
0.863185
0.833121
0.857466
0.85071
0.852718
0.853755
0.852755
0.857141
0.850362
0.844244
0.839489
0.855969
0.868094
0.846381
0.8258
0.872359
0.846473
0.886925
0.866444
0.862187
0.876378
0.828066
0.885386
0.859151
0.855495
0.863808
0.852463
0.849479
0.8522
0.850113
0.839327
0.864068
0.866014
0.87344
0.851308
0.846501
0.842147
0.859219
0.864328
0.862222
0.86286
0.854434
0.859955
0.871516
0.869539
0.861572
0.867102
0.866119
0.847038
0.880997
0.841889
0.842412
0.877866
0.866038
0.835612
0.864318
0.859623
0.873694
0.843831
0.849519
0.86262
0.862215
0.859628
0.856581
0.867034
0.845455
0.870989
0.850577
0.849247
0.868156
0.855559
0.830173
0.860079
0.881349
0.839794
0.850774
0.867698
0.855997
0.839847
0.855497
0.85837
0.861218
0.827937
0.848148
0.861717
0.869197
0.84753
0.849208
0.864103
0.850098
0.83971
0.873316
0.871427
0.827586
0.850829
0.865904
0.846929
0.866928
0.888598
0.839828
0.851404
0.865097
0.875267
0.829912
0.87052
0.846004
0.872618
0.878722
0.861679
0.862313
0.864616
0.887587
0.86191
0.84574
0.866236
