2228.43 0.807924 0.00105076
2192.49 0.807345 0.00103438
2081.81 0.804195 0.00107992
2652.39 0.810117 0.00106511
2394.19 0.808442 0.00108055
2078.24 0.80837 0.00105176
2238 0.810385 0.00105262
2186.9 0.807917 0.00104633
2445.87 0.805865 0.0010417
2121.88 0.808352 0.00105468
2227.93 0.806639 0.00107491
2580.73 0.809623 0.00105802
1969.66 0.807006 0.00106258
2143.86 0.809781 0.00105498
2457.19 0.811716 0.00105704
2815.62 0.807999 0.00104224
2135.94 0.807261 0.00104691
2168.13 0.810202 0.00107204
2183.31 0.807333 0.00106059
2242.11 0.808137 0.00103706
2150.79 0.809991 0.00110078
2217.77 0.808007 0.00100688
2098.74 0.806336 0.00106638
2182.35 0.808656 0.0011069
2688.3 0.811773 0.00106626
2185.43 0.807308 0.00107703
2382.47 0.807514 0.00104805
2033.44 0.80802 0.00106725
2143.06 0.809543 0.00106731
2263.71 0.808157 0.00106038
2241.02 0.808479 0.00105431
2223.44 0.810509 0.0010533
2111.96 0.810338 0.00105371
2326.67 0.808149 0.00103515
2127.87 0.806739 0.00104212
2069.44 0.808602 0.00104438
2597.17 0.810567 0.00105614
2193.15 0.809169 0.00107525
2396.71 0.810015 0.00105278
2213.48 0.807263 0.00105711
1987.31 0.807017 0.00104952
2086.29 0.811097 0.00101727
2163.2 0.805248 0.00104604
2058.2 0.806036 0.00105099
2279.5 0.808268 0.0010471
2332.72 0.80843 0.00103163
2311.89 0.810731 0.0010706
2068.81 0.806201 0.00104512
1966.41 0.808519 0.00107264
2080.38 0.808662 0.000968019
2120.09 0.808728 0.00100724
2568.96 0.809487 0.00110038
2636.71 0.806 0.00104919
2306.87 0.80733 0.00104539
2470.74 0.809888 0.00107444
2205.55 0.80814 0.00100263
2283.58 0.808757 0.00107158
2148.95 0.80637 0.0010197
2327.28 0.80881 0.000993717
2290.51 0.808941 0.00104843
2359.13 0.809497 0.0010646
2202.34 0.807066 0.0010521
2197.89 0.809041 0.00106189
3147.14 0.810335 0.00108135
2101.44 0.806341 0.00101776
2449.4 0.808014 0.00107167
2250.88 0.808963 0.0010413
2195.31 0.807003 0.00108774
2195.35 0.805961 0.00105657
2621.1 0.808965 0.00106615
2213.72 0.806519 0.00106905
2179.14 0.806163 0.00105805
2134.2 0.809877 0.00100782
2501.13 0.809733 0.0010197
2625.38 0.80999 0.00103317
2369.14 0.808896 0.000991624
2195.7 0.808834 0.00106338
2279.92 0.809764 0.00106242
2275.16 0.808525 0.0010257
2170.56 0.809174 0.00105912
2250.16 0.808266 0.0010281
2384.36 0.807122 0.00105892
2100.74 0.805762 0.00103167
2275.55 0.810234 0.00105757
2319.1 0.806603 0.00104934
2207.5 0.807648 0.00106172
2493.68 0.811297 0.00105228
2024.43 0.804433 0.00103884
2712.69 0.810259 0.00108611
2417.01 0.80768 0.0010433
2502.31 0.806614 0.00101534
2158.94 0.806712 0.000994729
2247.74 0.807648 0.00105255
2280.94 0.809214 0.00104757
2610.64 0.807312 0.00103519
2320.33 0.811755 0.00106933
2432.57 0.810932 0.00104086
2036.17 0.807513 0.00104948
2297.85 0.810546 0.00103482
2810.96 0.809212 0.000989099
2121.32 0.80923 0.00108125
2125.66 0.808127 0.00108362
2299.01 0.808422 0.0010719
2586.07 0.808657 0.00106074
2142.67 0.80679 0.00107343
2222.31 0.809074 0.00105639
2249.45 0.808999 0.00105327
2075.14 0.80662 0.00106709
2156.04 0.808407 0.00106252
2054.23 0.809114 0.00105981
2198.24 0.809245 0.00100908
2043.49 0.808142 0.00104015
2324.84 0.804626 0.00105598
2617.2 0.810002 0.00100104
2320.38 0.807589 0.00113638
2477.14 0.812297 0.00104486
2352.78 0.81027 0.000999314
2089.71 0.810422 0.00103933
2075.52 0.809329 0.000987302
2266.81 0.810341 0.00106216
2191.86 0.806976 0.00101315
2183.82 0.80833 0.00106114
2258.5 0.808693 0.00107819
2141.77 0.809435 0.00104688
2226.21 0.808517 0.00104849
2261.69 0.808049 0.00105866
2171.6 0.806794 0.00104887
2161.51 0.80644 0.0010592
2514.27 0.81074 0.00108674
2276 0.807952 0.00101213
2226.13 0.810222 0.000987813
2201.99 0.806655 0.00105528
2037.13 0.808884 0.00104669
2286.31 0.811121 0.000982798
2254.78 0.808224 0.00106944
2462.2 0.809217 0.00106198
1961.12 0.80753 0.00104025
2127.73 0.8091 0.00105295
2104.28 0.809274 0.00106935
2213.85 0.805407 0.00107902
2019.64 0.807662 0.0010386
2334.73 0.808895 0.0011039
2325.88 0.80751 0.00105017
2102.53 0.809941 0.00106483
2051.71 0.806713 0.0010604
2016.07 0.809029 0.00105461
1959.56 0.805673 0.00106491
2311.15 0.809111 0.00101504
2226.15 0.80781 0.0010909
2449.53 0.811069 0.00103086
2222.04 0.807636 0.00104354
2156.03 0.808281 0.00103688
2273.23 0.809131 0.00106342
2188.71 0.808985 0.00106308
2081.85 0.807491 0.00103916
2212.88 0.807419 0.0010643
2088.02 0.806954 0.00105531
2487.43 0.809106 0.0010656
2047.43 0.807561 0.00103443
2033.64 0.806865 0.00105343
2349.54 0.805966 0.00106232
2259.37 0.808432 0.0010467
2208.65 0.810156 0.00107627
2108.33 0.808367 0.00107974
2227.74 0.809093 0.00105579
2238.71 0.809043 0.00106435
2054.38 0.80893 0.00110752
2584.24 0.810855 0.00106693
2150.94 0.80678 0.00108057
2158.71 0.80598 0.00100645
2124.91 0.805587 0.00102898
2106.33 0.808529 0.00105443
2155.27 0.808939 0.00105597
2232.33 0.807064 0.0010655
2220.16 0.809859 0.00102452
2261.15 0.8099 0.00106957
2270.28 0.807913 0.00105758
2109.2 0.807708 0.00104493
2295.16 0.808824 0.00105166
2145.92 0.806482 0.0010905
2273.71 0.809774 0.00107662
2235.45 0.808362 0.000939871
2065.79 0.806949 0.001076
2106.99 0.805879 0.000999564
2131.05 0.810138 0.000996672
2285.63 0.802259 0.00104566
2502.48 0.807739 0.00111668
2086.74 0.80683 0.00106008
2064.03 0.807532 0.00106099
2733.24 0.808087 0.0010502
2101.22 0.809022 0.00105077
2253.19 0.810086 0.00107327
2209.59 0.806386 0.00107438
2039.75 0.806603 0.00105334
2038.18 0.805718 0.00104798
2239.45 0.807371 0.00104211
2274.26 0.808067 0.00105977
2191.96 0.807188 0.00104982
2338.2 0.808089 0.000989933
2213.36 0.806973 0.00103632
2590.56 0.806536 0.00101436
2395.19 0.809432 0.00105865
2186.77 0.805786 0.00105169
2151.83 0.809777 0.00106405
2518.43 0.809693 0.00102795
2122.46 0.80548 0.0010601
2467.12 0.809074 0.00104251
2117.78 0.808998 0.00106707
2450.26 0.809781 0.0010577
2171.05 0.80591 0.00105486
2112.24 0.807923 0.00108886
2239.8 0.809904 0.00101416
2536.08 0.810903 0.00105425
2397.15 0.807932 0.00108961
2245.87 0.808296 0.00105733
2207.88 0.807132 0.00100749
2274.93 0.808042 0.00109559
2304.97 0.809356 0.00104783
2359.29 0.809968 0.00111758
2146.98 0.810461 0.00105374
2025.15 0.807068 0.00105343
2233.52 0.807861 0.00107755
2455.69 0.807808 0.00112117
2180.9 0.809802 0.00107531
2204.42 0.808709 0.00103997
2189.32 0.808129 0.000974564
2106.44 0.807291 0.00105692
2209.75 0.806839 0.0010637
2311.3 0.807686 0.00105183
2212.56 0.807978 0.00106926
2313.97 0.809753 0.00105946
2412.36 0.810697 0.00102144
2143.65 0.807944 0.00110321
2423.15 0.808044 0.00111316
2196.28 0.809188 0.0010935
2651.81 0.810477 0.00108336
2150.44 0.806884 0.00105926
2216.15 0.807416 0.00109108
2509.72 0.809544 0.00106422
2303.6 0.806545 0.00111623
2220.96 0.808394 0.00111743
2239.67 0.809649 0.001044
2176.79 0.806748 0.00107729
2265.96 0.808337 0.00104492
2185.48 0.807701 0.00101246
2417.83 0.807431 0.00106481
2169.47 0.80955 0.00105772
2587.03 0.811226 0.00104798
2280.89 0.806811 0.00104542
2349.47 0.807269 0.00104964
2222.71 0.804799 0.00104746
2155.19 0.808906 0.00105331
2286.53 0.807756 0.00105215
2260.29 0.806934 0.00107063
2358.96 0.810859 0.00110512
2136.29 0.807275 0.001047
2606.4 0.808325 0.00104323
2158.8 0.808564 0.0011158
2020.14 0.80759 0.00104817
2119.9 0.810713 0.00105645
2097.52 0.808248 0.00103887
2381.2 0.809209 0.00107738
2434.06 0.808776 0.00108631
2103.25 0.806019 0.00106511
2097.83 0.807656 0.00101773
2323.63 0.808116 0.00106004
2103.83 0.808246 0.00106423
2288.93 0.80832 0.00105173
2302.21 0.808252 0.00105757
2190.22 0.810267 0.00106819
2240.15 0.809288 0.00106076
2181.68 0.80815 0.00104884
2140.37 0.810485 0.00108459
2055.13 0.807213 0.0010596
2206.2 0.808471 0.00106912
2349.28 0.810208 0.00106998
2386.68 0.811051 0.00105997
2192.05 0.809358 0.00105957
2397.44 0.807271 0.00104478
2118.47 0.808958 0.00108407
2529.93 0.809488 0.00108889
2256.78 0.806912 0.00104094
2675.85 0.808001 0.00104555
2134.2 0.808909 0.00104865
2460.39 0.808593 0.00106772
2369.76 0.809116 0.00110423
2008.66 0.808384 0.00105087
2159.68 0.809397 0.00109251
2401.15 0.810178 0.00106419
2009 0.807933 0.00108255
2124 0.807569 0.00107756
2211.46 0.808213 0.00105647
2125.42 0.808181 0.0010896
2046.66 0.807824 0.0010731
2614.99 0.812299 0.001077
2151.12 0.808833 0.00106429
2141.87 0.810527 0.00106962
2050.51 0.807668 0.00105279
2580.73 0.809956 0.00102994
2102.77 0.807338 0.00105898
2024.55 0.808758 0.00105215
2234.86 0.805506 0.000991217
2511.85 0.809798 0.00105614
2345.82 0.809935 0.00105876
2311.11 0.809064 0.00104176
2125.86 0.806435 0.00104281
2034.52 0.807702 0.00106499
1994.55 0.808745 0.00103816
2135.72 0.807351 0.00109031
2420.54 0.809902 0.00104309
2288.53 0.809657 0.00110547
2444.06 0.811492 0.00109403
2130.46 0.807056 0.00104484
2238 0.807167 0.00108032
1915.32 0.808499 0.0010323
2265.36 0.810491 0.00102862
2054.69 0.806216 0.00103833
2064.3 0.808422 0.00105077
2247.3 0.809301 0.00106072
2106.69 0.809146 0.00109524
2043.79 0.805997 0.00106909
2346.01 0.812002 0.00108899
2074.95 0.806133 0.00104671
2119.32 0.809772 0.00107168
2189.7 0.807673 0.00105423
2077.17 0.808555 0.00104067
2112.49 0.804646 0.00104485
2485.03 0.810861 0.00102068
2364.73 0.809092 0.0010645
2194.94 0.809118 0.00106131
2392.7 0.807712 0.00107471
2260.55 0.807272 0.00109578
2462.2 0.806289 0.00105452
2300.15 0.807904 0.00105376
2113.29 0.806657 0.00105188
2144.18 0.805934 0.00104261
2158.15 0.807801 0.00108661
2429.1 0.809144 0.00106059
2199.81 0.806919 0.000994293
2603.33 0.809258 0.00106306
2245.58 0.807666 0.00101889
2211.64 0.807338 0.00105552
2995.26 0.81221 0.00106035
2179.84 0.807815 0.00107031
2206.35 0.80806 0.00104432
2171.02 0.807471 0.00106649
2265.8 0.807406 0.00108297
2420.39 0.808105 0.000955168
2690.67 0.811312 0.00112488
2145.23 0.808058 0.00103264
2198.13 0.809355 0.0010539
2220.91 0.806684 0.00112019
2301.37 0.8091 0.00108468
2259.29 0.810069 0.00108321
2213.83 0.807768 0.00100969
2273.09 0.809076 0.00105119
2175.42 0.80926 0.00106368
2518.46 0.811069 0.0010515
2453.19 0.806446 0.00104952
2979.92 0.808861 0.00105023
2251.85 0.807077 0.00111614
2310.61 0.808264 0.00106104
2229.28 0.808374 0.00105939
2202.85 0.805753 0.00105527
2094.42 0.809605 0.00105198
2109.7 0.807541 0.00108186
2230.67 0.807956 0.00106254
2384.29 0.810525 0.00106374
2289.48 0.807899 0.00107272
2150.93 0.806283 0.00104457
2087.12 0.807824 0.00105156
2110.73 0.807697 0.00108183
2139.86 0.809931 0.00104681
2202.98 0.807014 0.00104721
2217.27 0.807753 0.00104452
2067.17 0.807046 0.00100124
2279.04 0.806026 0.00104368
2407.28 0.808214 0.00106025
2071.34 0.808343 0.00105207
2502.69 0.807623 0.00103722
2179.99 0.807545 0.00103573
2089.57 0.804406 0.00105299
2438.74 0.81022 0.00109437
2443.13 0.807094 0.00105338
2108.27 0.808528 0.0010782
2136.35 0.805569 0.00108415
2101.54 0.80857 0.00106413
2197.13 0.809216 0.0010693
2017.17 0.808704 0.000958323
2231.86 0.805044 0.00105067
2373.83 0.809631 0.00110596
2230.82 0.808439 0.00110227
2276.13 0.809439 0.00104851
2176.37 0.810315 0.00107558
2166.7 0.809905 0.00106084
2006.8 0.806112 0.00104974
2113.31 0.808529 0.00104874
2189.28 0.807859 0.00104172
2105.09 0.808528 0.00106461
2078.98 0.808879 0.00104793
2162.96 0.807761 0.00107583
2417.12 0.808273 0.00105796
2212.38 0.810004 0.0010468
2337.71 0.805275 0.00103454
2165.61 0.806998 0.00104852
2234.19 0.810665 0.00106886
2118.48 0.808176 0.00105765
2205.58 0.807359 0.00105084
2212.67 0.810776 0.000983383
2480.91 0.808986 0.00110699
2459.42 0.809616 0.00105679
2205.53 0.807488 0.00104607
2105.88 0.806157 0.00105863
2122.49 0.805722 0.00105716
2140.32 0.808098 0.00105392
1928.26 0.808311 0.00103599
2136.79 0.806798 0.00103399
2059.79 0.808281 0.00105488
2329.6 0.810127 0.00105986
2064.32 0.808062 0.00103362
2433 0.812004 0.00109838
2752.8 0.812518 0.00108386
2100.54 0.808946 0.0010772
2515.12 0.808649 0.00108773
2198.05 0.807039 0.00105815
2029.87 0.807551 0.00106747
2423.93 0.810617 0.00106909
2186.03 0.808487 0.00101188
2321.64 0.808382 0.00106677
2246.47 0.810103 0.00104253
2260.7 0.807167 0.00106023
2713.21 0.810076 0.00103222
2300.71 0.810465 0.00110341
2467.7 0.80567 0.00103377
2315.73 0.807163 0.000997585
2180.29 0.808517 0.00113692
2051.39 0.805124 0.0010447
2502.24 0.81059 0.00109428
2359.16 0.810753 0.0010842
2286.92 0.808901 0.00107788
2095.12 0.808196 0.00105322
2237.21 0.80926 0.00108276
2402.45 0.808092 0.00105866
2118.43 0.808272 0.0010618
2285.36 0.808462 0.0010651
2086.6 0.808474 0.00103588
2272.28 0.807118 0.00104291
2170.84 0.808005 0.00104368
2359.74 0.809699 0.00107927
2321.59 0.807329 0.000989439
2226.06 0.808618 0.00105783
2200.08 0.805384 0.00109532
2195.67 0.808945 0.0011173
2289.11 0.808742 0.00106533
2201.79 0.806584 0.00105669
2118.78 0.80837 0.0010421
2095.41 0.80725 0.00105679
2136.26 0.804203 0.00105473
2315.5 0.810166 0.00108569
2084.94 0.807674 0.00105407
2206.87 0.809126 0.00108506
2211.73 0.804879 0.00106055
2391.02 0.808568 0.00105979
2746.38 0.810609 0.00105412
2141.6 0.807604 0.00103365
2038.37 0.807779 0.00107131
2112.49 0.808753 0.00105192
2265.53 0.807382 0.00105242
2105.78 0.80875 0.00101295
2377.92 0.807664 0.00100578
2720.28 0.808886 0.00105293
2349.82 0.804581 0.0010568
2342.57 0.809041 0.00101988
2054.94 0.809174 0.00110087
2427.48 0.808336 0.00108329
2108.77 0.808259 0.00104908
2561.19 0.808512 0.00105756
2065.99 0.804691 0.00105292
2053.77 0.80566 0.00106867
2316.84 0.806116 0.00104851
2081.38 0.80673 0.00107058
1932.86 0.808539 0.00105257
2309.76 0.809496 0.00104765
2436.75 0.808666 0.00108845
2165.06 0.809047 0.00105425
2601.73 0.809746 0.00110703
2250.96 0.810389 0.00103379
2121.08 0.809025 0.00103484
2189.13 0.808644 0.00104594
2181.08 0.806681 0.0010484
2700.69 0.809282 0.00103819
2364.92 0.808611 0.00104881
2430.16 0.810793 0.00106666
2078.5 0.807523 0.00105601
2651.36 0.808724 0.00102559
2179.6 0.808641 0.00105072
2144.74 0.809723 0.00105483
2288.74 0.811268 0.00107736
2343.91 0.809677 0.00107323
2505.12 0.810623 0.00112074
2261.64 0.810804 0.00105605
2203.52 0.810243 0.00104913
2143.53 0.807641 0.00106795
2094.75 0.808096 0.00106273
2112.76 0.809676 0.00105745
2245.71 0.809632 0.00100642
2237.41 0.806882 0.00105982
2215.16 0.805834 0.000972916
2163.34 0.809642 0.00101394
1975.84 0.807441 0.00101069
2251.59 0.809952 0.00102352
2465.17 0.80989 0.00107928
2118.34 0.805854 0.00104571
2856.4 0.810988 0.00104169
2794.04 0.80715 0.00101425
2189.22 0.810738 0.00105876
2458.2 0.806873 0.00105112
2485.64 0.808466 0.00101135
2718.87 0.811724 0.00108988
2083.41 0.808837 0.00105628
2360.92 0.808046 0.00106713
2841.6 0.809914 0.00108475
2259.6 0.809681 0.00105343
2547.76 0.811299 0.00105082
2211.37 0.811108 0.00103111
2068.7 0.806254 0.00101002
2450.2 0.810284 0.00106888
2109.77 0.806858 0.00111806
2106.97 0.806577 0.00105599
2277.02 0.811061 0.00107632
2363.35 0.809784 0.00104502
2138.96 0.808927 0.00105485
2312.39 0.807496 0.00105416
2223.62 0.807307 0.00105538
2355.67 0.809958 0.00105185
2244.86 0.806806 0.00108828
2439.12 0.80664 0.00107301
2119.82 0.808294 0.00105486
2434.53 0.809535 0.00103813
2110.19 0.80651 0.00104919
2439.37 0.808368 0.00104742
2177.67 0.807906 0.00102859
2379.75 0.807895 0.00105209
2159.88 0.807735 0.00104593
2591.27 0.810481 0.00107303
2188.32 0.807037 0.00105657
2118.4 0.810726 0.00107345
2303.4 0.809888 0.00104868
1985.74 0.807284 0.00105339
2094.91 0.807562 0.00104574
2163.02 0.806798 0.00113159
2172.64 0.807837 0.00106911
2204.21 0.808514 0.0010707
2300.41 0.80875 0.00105773
2513.3 0.806904 0.00104778
2334.87 0.807957 0.00106466
2377.18 0.80914 0.0010778
2394.84 0.809267 0.00107372
2136.08 0.807233 0.00104894
2279.75 0.807153 0.00106721
2395.2 0.809096 0.00106685
2347.03 0.809611 0.00104751
2616.07 0.809436 0.00104315
2488.61 0.809947 0.00105712
2478.99 0.807074 0.00105846
2276.95 0.808996 0.00101847
2218.05 0.810275 0.00107792
2461.24 0.807088 0.00101054
2479.38 0.810103 0.00107399
2333.14 0.808386 0.00104794
2473.34 0.81008 0.00108343
2240.1 0.808378 0.00108965
2223.83 0.80716 0.00106062
2309.27 0.81026 0.00106995
2251.18 0.809821 0.00105944
2124.14 0.807876 0.00101767
2116.97 0.80943 0.00107889
2872.88 0.810942 0.00109121
2655.96 0.810663 0.00105038
2149.27 0.810281 0.00106168
2098.15 0.804598 0.00106801
2270.04 0.807644 0.0010492
2157.73 0.807686 0.00104989
2348.45 0.807963 0.00105419
2578.89 0.809371 0.00102532
1991.33 0.807481 0.00103907
2154.19 0.808451 0.00105502
2779.09 0.811177 0.00107301
2131.25 0.809983 0.00103053
2095.54 0.804134 0.00105484
2541.41 0.808977 0.00107386
1987.48 0.808578 0.00102027
2319.98 0.805718 0.00103977
2110.28 0.809056 0.00108732
2118.01 0.806456 0.000986334
2643.04 0.809642 0.0010575
2111.29 0.807049 0.00106973
2141.59 0.807934 0.00110336
2268.26 0.806544 0.0010559
2534.94 0.810185 0.00104984
2153.23 0.809807 0.00106721
2222.97 0.807208 0.00106011
2057.43 0.80728 0.00102014
2279.7 0.80991 0.00103665
2444.92 0.809989 0.00101881
2179.5 0.806835 0.00105411
2160.46 0.807553 0.00105484
2157.85 0.808211 0.00106909
2509.08 0.80716 0.00104783
1987.2 0.806486 0.00107372
2196.87 0.806757 0.001063
2388.1 0.80781 0.00105669
2298.84 0.811133 0.000948902
2229.97 0.805543 0.00105987
2110.61 0.807608 0.00101779
2252.29 0.8056 0.00105003
2066.88 0.808104 0.00106098
2271.81 0.804899 0.00102044
2721.96 0.809917 0.00105027
2334.44 0.808988 0.000938791
2261.03 0.808066 0.00102055
2180.21 0.80879 0.0010628
2176.63 0.80669 0.00106815
2128.26 0.805304 0.00106336
2316 0.808709 0.00103492
3063.23 0.812629 0.00107101
2117.19 0.806456 0.00108795
2235.94 0.804508 0.00108892
2049.49 0.806149 0.00102825
2467.49 0.809765 0.00105191
2161.06 0.80925 0.00103048
2183.08 0.80783 0.00105476
2146.5 0.810007 0.00108441
2616.96 0.811199 0.00104949
2921.35 0.810706 0.00103213
2428.51 0.810888 0.00119206
2270.24 0.809128 0.00104497
2814.99 0.80996 0.0010793
2492.05 0.810615 0.00106345
2186.59 0.808679 0.00101479
2375.84 0.80895 0.00108322
2238.32 0.809097 0.00102856
2161.15 0.808141 0.0011352
2201.57 0.807614 0.00105247
2369.73 0.806929 0.00103041
2771.51 0.812467 0.00104134
2358.88 0.806337 0.00105833
2061.08 0.808032 0.00107238
2538.98 0.807516 0.00105568
2024.04 0.808004 0.00100426
2167.16 0.808542 0.00105655
2094.96 0.808097 0.00109139
2269.21 0.809531 0.00101415
2339.94 0.806221 0.000987375
2045.05 0.806884 0.00108232
2080.29 0.806782 0.00108083
2336.8 0.80688 0.00104893
2152.74 0.806257 0.00105861
2248.51 0.805795 0.00103856
2431.58 0.807289 0.00107842
2297.91 0.808235 0.00106258
2601.66 0.806581 0.00106256
2676.89 0.807285 0.0010645
2279.22 0.809444 0.00103021
2158.06 0.809225 0.0010456
1991.44 0.808684 0.00107297
2177.5 0.804445 0.00104922
2300.45 0.808457 0.00106168
2214.29 0.807504 0.00105622
2039.29 0.805397 0.00107659
2162.97 0.807406 0.00108304
2596.21 0.810404 0.00107338
2396.68 0.809962 0.00107492
2324.12 0.809073 0.00104814
2016.4 0.80881 0.00104851
2072.58 0.807436 0.00103961
2152.87 0.807893 0.00104908
2335.58 0.808353 0.00100934
2247.93 0.809374 0.00105736
2119.08 0.808541 0.00107798
2102.33 0.8076 0.000993222
2787.84 0.811389 0.00108575
2207.72 0.808665 0.00106567
2484.2 0.809541 0.00104485
2351.16 0.808153 0.00104835
2145.45 0.808791 0.00105424
2447.62 0.809124 0.00106377
2091.31 0.806327 0.00106172
2183.26 0.808567 0.00105463
2094.19 0.805976 0.00104067
2263.85 0.805976 0.00101271
2494 0.80981 0.0010441
2418.82 0.810072 0.00110376
2201.85 0.807084 0.00102588
2220.96 0.810156 0.00106798
2114.34 0.808337 0.00106824
2310.16 0.810728 0.00102689
2164.08 0.807959 0.00102968
2138.51 0.806058 0.00101512
2216.64 0.808317 0.0010875
2204.12 0.809155 0.00102766
2130.54 0.809189 0.00108309
2328.87 0.807453 0.00106815
1959.55 0.807783 0.00102601
2487.01 0.811031 0.00104154
2337.18 0.809481 0.00107889
2104.69 0.808344 0.0010222
2531.33 0.806663 0.00105395
2428.68 0.809137 0.0010577
2428.69 0.807921 0.0010301
2414.24 0.810528 0.000959784
2333.61 0.805775 0.00106274
2285.62 0.808833 0.00103012
2034.81 0.80843 0.00105718
2499.92 0.809985 0.00102396
2365.59 0.809581 0.000988781
2239.89 0.807109 0.00110205
2763.75 0.809069 0.00101651
2248.76 0.808553 0.00106379
2259.36 0.809006 0.00105531
2457.02 0.809888 0.00104848
2628.78 0.809747 0.00102499
2105.33 0.808204 0.00105658
2391.69 0.807949 0.00105485
2270.72 0.806768 0.00102479
2254.58 0.807096 0.00104193
2267.21 0.809037 0.0010202
1992.39 0.805409 0.000991128
2548.58 0.809303 0.00106458
2377.54 0.810318 0.00108258
2401.98 0.806088 0.00105505
2151.54 0.80936 0.0010615
2412.65 0.809525 0.00109779
2335.21 0.806655 0.00108924
2166.21 0.808694 0.00106203
2404.5 0.806232 0.00104304
2282.63 0.805453 0.00105554
2112.91 0.809389 0.00104896
2316.49 0.807702 0.00108712
2194.55 0.808103 0.00103004
2113.57 0.807822 0.00104847
2211.06 0.809253 0.00106892
2186.36 0.806517 0.00105207
2189.29 0.808864 0.000950983
2267.51 0.807686 0.00105694
2089.89 0.809033 0.00106639
2192.88 0.80749 0.00105871
2216.86 0.806424 0.00103613
2221.64 0.806856 0.00105624
2065.36 0.805583 0.00103272
2182.28 0.810173 0.0010692
2035.56 0.80686 0.00103776
2247.71 0.809978 0.001083
2342.22 0.810738 0.00105437
1939.31 0.807265 0.00108324
2311.39 0.80809 0.00104811
2069.07 0.808464 0.00107355
2250.55 0.809182 0.00104539
2242.34 0.80697 0.00105546
2151.85 0.80775 0.00100471
2249.42 0.809201 0.00110019
2245.42 0.808867 0.00108367
2230.06 0.807766 0.001137
2117.74 0.808261 0.00102871
2053.6 0.806102 0.00105207
2103.33 0.806822 0.00100345
2228.79 0.807825 0.00103858
2217.42 0.809499 0.00102993
2179.16 0.809893 0.000974199
2240.88 0.809289 0.00105829
2306.74 0.810814 0.00104737
2259.92 0.80927 0.00107955
1985.5 0.807673 0.00102832
2213.03 0.803254 0.00101397
2333.14 0.810731 0.00109979
2094 0.80879 0.00108213
2929.92 0.811573 0.00106387
2158.16 0.808614 0.00105894
2280.23 0.808908 0.00105491
2139.58 0.806907 0.00109658
2243.68 0.806667 0.00109498
2027.1 0.808717 0.00104301
2076.63 0.809753 0.00105905
2606.74 0.808576 0.00106144
2055.61 0.807566 0.00107878
2309.67 0.809102 0.00103933
2202.63 0.807903 0.00104308
2184.49 0.806815 0.00111095
2215.11 0.806425 0.00105788
2104.63 0.807761 0.00105833
2934.8 0.812105 0.00106137
2033.27 0.808724 0.00103159
2129.49 0.806254 0.00103899
2311.35 0.808519 0.0010894
2086.18 0.80742 0.00108056
2422.54 0.81002 0.00106873
2137.98 0.805246 0.00102319
2360.76 0.805862 0.00102845
2652.26 0.807361 0.0010327
2108.22 0.80814 0.00102845
2212.79 0.809508 0.00105686
2198.08 0.80586 0.00104866
2436.07 0.807837 0.00106102
2174.92 0.808829 0.00106743
2147.25 0.80835 0.00112522
2607.12 0.809463 0.00105638
2307.62 0.808962 0.00103085
2303.75 0.806958 0.00107139
2060.45 0.806895 0.00104834
2195.11 0.806076 0.00104604
2240.43 0.808899 0.00104653
2155.88 0.809123 0.00102394
2125.4 0.805946 0.00104473
2151.31 0.808611 0.00105514
2304.58 0.810885 0.00104249
2313.68 0.806556 0.00107109
2295.77 0.807076 0.00107783
2403.65 0.808534 0.00109773
2230.07 0.806962 0.00106118
2495.08 0.806771 0.00103892
2254.79 0.806199 0.00100838
2399.99 0.808185 0.000992627
2278.82 0.809465 0.00103384
2414.84 0.808657 0.00108498
2353.31 0.809369 0.00109322
2011.51 0.808105 0.00104909
2143.41 0.807382 0.0010046
2458.74 0.808959 0.00106105
2305.27 0.808828 0.00108076
2211.18 0.807427 0.0010523
2115.65 0.806084 0.00105921
2205.51 0.807174 0.0010624
3033.6 0.808722 0.00105634
1999.09 0.806984 0.00105006
2242.97 0.807212 0.00106355
2286.83 0.80832 0.00107677
2304.15 0.810903 0.00107753
2179.68 0.809937 0.00106872
2320.27 0.808525 0.00105347
2261.95 0.807787 0.00105905
2175.59 0.808577 0.00105222
2154.11 0.809339 0.00103983
2108.23 0.807622 0.00106671
2592.28 0.811186 0.00105037
2259.64 0.809081 0.00109185
2369.55 0.808591 0.00107787
2197.82 0.804406 0.00105466
2112.68 0.807899 0.00105379
2070.53 0.809071 0.00105242
2564.03 0.8089 0.00106282
2322.16 0.809463 0.00107405
2884.64 0.809635 0.00106642
2014.74 0.8098 0.00109104
2226.33 0.811092 0.0010695
2253.22 0.807775 0.00105096
2164.94 0.808399 0.00103175
2462.57 0.809644 0.00108748
2142.78 0.807977 0.00106519
1983.88 0.809653 0.00105862
2202.19 0.808147 0.00106803
2414.3 0.807999 0.00107158
2056.52 0.805807 0.00106049
2439.11 0.810068 0.00104494
2288.38 0.809694 0.00104498
2168.42 0.806423 0.00111205
2209.52 0.806638 0.00102332
2519.2 0.810807 0.000995516
2200.18 0.807132 0.00106898
2064.09 0.806817 0.00106364
2298.58 0.809921 0.00105579
2076.47 0.807605 0.00106344
2288.57 0.807739 0.00106236
2294.01 0.807671 0.00105978
2391.67 0.807822 0.00103646
2233.32 0.810287 0.00101677
2189.95 0.8084 0.00107171
2281.36 0.807668 0.00107247
2266.2 0.808374 0.00105508
2101.61 0.808213 0.000951076
2142 0.808771 0.00104183
2578.86 0.80966 0.00102139
2458.53 0.808956 0.00106199
2156 0.807453 0.00105256
2413.48 0.80748 0.00107556
2272.66 0.808448 0.00110436
2251.11 0.808037 0.00105988
2131.53 0.808524 0.0010498
2069.21 0.806899 0.00105328
2270.13 0.808227 0.00103904
2168.35 0.810628 0.00103817
2307.09 0.806777 0.00106158
2243.29 0.807211 0.00109094
2137.07 0.806979 0.00105703
2566.74 0.811308 0.00112061
2899.38 0.810161 0.00102549
2629.7 0.807679 0.00108124
2291.62 0.809093 0.00106135
2136.51 0.810063 0.00104575
2365.86 0.80799 0.00107806
2584.27 0.806704 0.00101405
2232.05 0.805013 0.00108589
2400.3 0.806437 0.00103125
2265.39 0.81078 0.00107238
2058.85 0.807929 0.00103123
2389.52 0.808698 0.00111846
2119.61 0.804539 0.00104142
2217.3 0.80784 0.0010589
2242.01 0.807167 0.00102668
2195.83 0.809981 0.00111541
2641.81 0.808402 0.00104947
2371.69 0.808631 0.00106413
2429.73 0.808352 0.001048
2158.05 0.808876 0.00101938
2101.6 0.809206 0.00105861
2035.34 0.808908 0.00106116
2422.41 0.808382 0.00108564
2291.88 0.810263 0.00107453
2177.08 0.808301 0.00103185
2006.84 0.808971 0.00107919
2108.02 0.808192 0.00110958
2208.59 0.807034 0.00105919
2518.69 0.808807 0.00104131
2004.41 0.808813 0.00107474
2237.99 0.808995 0.00106713
2140.82 0.807364 0.000966668
2122.99 0.807861 0.00106289
2109.18 0.809095 0.00107376
2238.36 0.806627 0.00102532
2208.22 0.806193 0.00105539
2106.34 0.806361 0.00104599
2110.32 0.810058 0.000992681
2051.37 0.808993 0.00105356
2064.73 0.804338 0.00103916
2053.24 0.808607 0.00105466
2123.91 0.806105 0.00105438
2326.38 0.808045 0.00107856
2297.66 0.807919 0.0010763
2285.86 0.809521 0.00112477
2267.82 0.807737 0.00105927
2438.14 0.808038 0.00104319
2133.51 0.810003 0.00105518
2431.3 0.809067 0.0010643
2267.41 0.810201 0.00107546
2175.63 0.807175 0.00103374
2308.62 0.806316 0.00106623
2205.57 0.807217 0.00104835
2320.69 0.807825 0.00106483
2488.6 0.810887 0.00104346
2126.25 0.809173 0.00106115
2231.22 0.809065 0.0010605
2130.72 0.809465 0.00111573
2060.29 0.807822 0.00107039
2237.41 0.808464 0.00104856
2420.63 0.807969 0.00104795
2247.08 0.809016 0.00104192
2248.71 0.807695 0.00106172
2119.74 0.80781 0.00104485
2135.38 0.805326 0.00104962
2077.41 0.80671 0.00105813
2355.85 0.808463 0.00106242
2462.98 0.809495 0.0010609
2074 0.808389 0.0010239
2434.47 0.807016 0.00104471
2235.83 0.80722 0.00106193
2312.28 0.80923 0.00114265
2429.22 0.808922 0.00104762
2057.56 0.808213 0.00103354
2272.36 0.809312 0.00105614
2367.76 0.809195 0.00104951
2303.95 0.810409 0.00103581
2233.55 0.809986 0.00109009
2060.62 0.804242 0.00101915
2123.45 0.809374 0.00112392
2595.11 0.810403 0.00106609
2536.63 0.807299 0.00104773
2419.15 0.807076 0.00105289
2115.66 0.8073 0.00105929
2413.93 0.808929 0.00105506
2153.87 0.80815 0.00107905
2350.91 0.809723 0.00105272
2224.57 0.809071 0.000992328
2292.29 0.81091 0.00108536
2186.87 0.807966 0.00109115
2125.28 0.808418 0.00105858
2147.83 0.80927 0.00105306
2747.44 0.810428 0.000987958
2218.75 0.809107 0.00104738
2701.82 0.810848 0.00106488
2280.7 0.808637 0.00106163
2324.2 0.806204 0.0010312
2330.15 0.808315 0.00104743
2154.98 0.808699 0.00105742
2127.08 0.807269 0.00104603
2060.12 0.80863 0.00101675
2552.36 0.80775 0.000982281
2309.37 0.807746 0.00108044
2151.95 0.809814 0.00106438
2051.91 0.808064 0.00101844
2237.27 0.810129 0.00104416
2359.05 0.812774 0.00106412
