0.811152
0.811641
0.811815
0.809953
0.811072
0.810559
0.812492
0.808785
0.810303
0.810731
0.81101
0.809475
0.811373
0.808749
0.809401
0.810281
0.809664
0.810001
0.809939
0.809308
0.809589
0.807926
0.811338
0.810813
0.809972
0.810392
0.81182
0.811042
0.812212
0.810268
0.809572
0.812629
0.809719
0.810971
0.812359
0.810327
0.807644
0.810083
0.810396
0.809167
0.810723
0.810837
0.810616
0.810865
0.811368
0.812767
0.810618
0.809841
0.811552
0.811693
0.810279
0.811063
0.81185
0.810632
0.810692
0.810616
0.812068
0.811346
0.809235
0.810579
0.810857
0.809309
0.810259
0.810301
0.811741
0.809595
0.811362
0.809487
0.811455
0.810376
0.813735
0.809702
0.80968
0.810761
0.811581
0.809801
0.810911
0.812405
0.810481
0.811394
0.810116
0.809881
0.810117
0.812429
0.807045
0.811495
0.812867
0.809752
0.810708
0.809274
0.810928
0.811266
0.810329
0.812091
0.808957
0.811301
0.811896
0.809698
0.810066
0.810256
0.812028
0.810883
0.811881
0.810753
0.81063
0.809969
0.810162
0.812588
0.811131
0.809863
0.810561
0.811229
0.810504
0.810653
0.809742
0.810229
0.813958
0.81157
0.811196
0.809658
0.810719
0.810791
0.811804
0.811166
0.811003
0.811908
0.80967
0.811062
0.810059
0.810587
0.811021
0.811205
0.811098
0.810506
0.810476
0.811315
0.811302
0.810558
0.810788
0.810489
0.811105
0.809027
0.810057
0.810521
0.810498
0.809622
0.810809
0.810614
0.81129
0.81089
0.813017
0.811795
0.810623
0.80964
0.809265
0.811764
0.811769
0.811701
0.810788
0.809348
0.811436
0.811603
0.809072
0.810222
0.809525
0.811437
0.809132
0.809607
0.811935
0.81158
0.811291
0.811266
0.81006
0.812088
0.811091
0.810937
0.811422
0.811469
0.811328
0.81023
0.811572
0.812448
0.811972
0.81012
0.812139
0.809709
0.811431
0.810074
0.808608
0.810085
0.809497
0.811163
0.809361
0.810768
0.809991
0.811104
0.812182
0.810597
0.809117
0.80898
0.809785
0.811078
0.809265
0.810677
0.809457
0.808937
0.810346
0.811062
0.811002
0.811938
0.81271
0.812141
0.810901
0.809938
0.810003
0.808364
0.811682
0.811006
0.811181
0.809046
0.810795
0.812842
0.81074
0.810893
0.810629
0.811121
0.808896
0.807545
0.808969
0.810883
0.811121
0.809807
0.81121
0.809836
0.812399
0.80994
0.812149
0.810391
0.8123
0.812121
0.810726
0.80874
0.808376
0.813647
0.810203
0.808612
0.810052
0.810663
0.81036
0.810494
0.808912
0.811757
0.811109
0.811463
0.81032
0.811928
0.81019
0.812575
0.810633
0.809751
0.810702
0.811511
0.809532
0.809331
0.808193
0.810857
0.812617
0.809908
0.811938
0.810726
0.808181
0.81006
0.811124
0.80861
0.810324
0.809858
0.81051
0.811624
0.81111
0.811616
0.810444
0.81125
0.809764
0.811485
0.811174
0.810472
0.811253
0.809826
0.811736
0.810718
0.809199
0.810952
0.810347
0.809713
0.812018
0.811738
0.809958
0.8113
0.810669
0.810914
0.808162
0.810375
0.811514
0.810606
0.810899
0.808809
0.810933
0.809229
0.812566
0.811787
0.810986
0.809604
0.810185
0.811001
0.811625
0.80979
0.812041
0.811222
0.811385
0.807907
0.812575
0.811859
0.810048
0.810257
0.812467
0.810998
0.810765
0.812405
0.809978
0.809123
0.809849
0.811128
0.811639
0.81255
0.812642
0.810151
0.810285
0.809232
0.810275
0.810196
0.810142
0.812684
0.810312
0.811344
0.810279
0.809634
0.811709
0.810967
0.811219
0.811561
0.808645
0.809516
0.811611
0.811263
0.810758
0.810527
0.810509
0.810383
0.810644
0.811596
0.809403
0.808434
0.811603
0.811774
0.809131
0.812697
0.813788
0.809885
0.811909
0.812758
0.81
0.810104
0.811583
0.809822
0.81127
0.810429
0.811932
0.812034
0.810532
0.810979
0.810861
0.810705
0.811102
0.810216
0.809542
0.810932
0.812874
0.811906
0.811084
0.811234
0.81193
0.81035
0.811982
0.809252
0.811019
0.810022
0.810264
0.812472
0.8114
0.811234
0.810312
0.810302
0.810908
0.812321
0.809679
0.810119
0.810629
0.810555
0.80991
0.812675
0.811237
0.812986
0.811688
0.81113
0.811657
0.810899
0.810059
0.80925
0.810646
0.811645
0.81095
0.810715
0.809683
0.811889
0.81147
0.811901
0.809862
0.810985
0.807712
0.810309
0.812528
0.81064
0.811678
0.809369
0.811049
0.810305
0.811559
0.810845
0.81114
0.810316
0.80957
0.809812
0.811311
0.812905
0.810158
0.810463
0.81247
0.810673
0.809874
0.809963
0.81026
0.811918
0.810054
0.811214
0.811027
0.808273
0.810817
0.809496
0.809941
0.808205
0.810588
0.811209
0.80901
0.808709
0.811072
0.81042
0.810653
0.810056
0.810949
0.811214
0.812412
0.810298
0.809622
0.810707
0.812006
0.811757
0.811886
0.810459
0.81102
0.810555
0.810688
0.812222
0.811797
0.812649
0.808366
0.80955
0.810525
0.809449
0.810721
0.811738
0.810501
0.810361
0.81187
0.815297
0.809234
0.810012
0.810146
0.810169
0.811245
0.80895
0.810151
0.811455
0.809341
0.810957
0.810712
0.810654
0.811846
0.811149
0.812558
0.811363
0.810398
0.811432
0.810219
0.809864
0.809987
0.809529
0.81055
0.809798
0.810024
0.809625
0.809521
0.808014
0.812175
0.811127
0.8108
0.8101
0.811597
0.809774
0.809291
0.811231
0.808403
0.808939
0.813192
0.811359
0.809925
0.812712
0.810523
0.812338
0.811117
0.811131
0.809769
0.809402
0.811186
0.810276
0.809186
0.811388
0.810905
0.812278
0.810517
0.810227
0.810949
0.810686
0.809879
0.811956
0.812041
0.813421
0.811427
0.813105
0.811355
0.81001
0.811509
0.809263
0.811028
0.811174
0.811052
0.810111
0.810347
0.810108
0.810613
0.81066
0.811671
0.810628
0.810154
0.809601
0.810535
0.811074
0.812287
0.812362
0.808278
0.810371
0.810883
0.811115
0.811967
0.810134
0.808908
0.811144
0.810472
0.810865
0.81094
0.809867
0.809967
0.812088
0.811095
0.811051
0.811075
0.80971
0.811464
0.809636
0.809184
0.809854
0.810145
0.809168
0.810849
0.811015
0.809687
0.811813
0.810589
0.809456
0.809895
0.8122
0.808855
0.810059
0.810947
0.809497
0.810363
0.812043
0.811696
0.811257
0.811415
0.809236
0.811833
0.810575
0.810606
0.810666
0.81098
0.809437
0.811605
0.811016
0.81051
0.811705
0.809059
0.810646
0.811996
0.812047
0.811357
0.810768
0.809843
0.810162
0.811396
0.812024
0.810499
0.810268
0.81062
0.809216
0.811083
0.810483
0.809577
0.808073
0.808592
0.811045
0.812527
0.809736
0.812656
0.809454
0.809991
0.808525
0.810372
0.811018
0.810365
0.811006
0.809901
0.810589
0.808932
0.809818
0.810136
0.80896
0.811435
0.809608
0.810597
0.811038
0.81029
0.809297
0.811179
0.809638
0.810746
0.808441
0.811151
0.810116
0.811016
0.809761
0.810903
0.808444
0.812793
0.809032
0.81325
0.81145
0.81056
0.811643
0.812038
0.811999
0.811291
0.810416
0.808729
0.811416
0.808414
0.81124
0.811266
0.812784
0.811186
0.810299
0.810564
0.810035
0.810999
0.80987
0.811097
0.810762
0.812518
0.809548
0.81079
0.810027
0.810756
0.810176
0.811231
0.811776
0.809779
0.810975
0.809793
0.810026
0.808992
0.810611
0.811048
0.810261
0.809353
0.809324
0.811689
0.809774
0.811592
0.809833
0.810597
0.810962
0.808976
0.811374
0.810166
0.812039
0.808853
0.812198
0.810069
0.811345
0.808683
0.810804
0.810659
0.812354
0.810198
0.810838
0.810287
0.813099
0.811066
0.809908
0.812849
0.811693
0.8131
0.808924
0.809167
0.8116
0.812042
0.809912
0.810386
0.810743
0.810658
0.810215
0.80849
0.810718
0.811015
0.810396
0.811255
0.810426
0.810571
0.809684
0.811332
0.810939
0.812399
0.811904
0.811892
0.81092
0.810263
0.810461
0.811287
0.811046
0.810906
0.810395
0.810781
0.809721
0.810828
0.810445
0.810533
0.810006
0.810752
0.809742
0.80835
0.81178
0.810678
0.809909
0.809842
0.811613
0.810366
0.810936
0.812037
0.812498
0.810015
0.812236
0.810731
0.809717
0.812752
0.810962
0.809186
0.811644
0.811183
0.808585
0.810556
0.810636
0.811541
0.809975
0.810011
0.810377
0.810866
0.809846
0.810653
0.810617
0.811258
0.809886
0.810711
0.811306
0.811629
0.810373
0.811162
0.81115
0.81007
0.809568
0.81109
0.809712
0.809844
0.809225
0.810006
0.809396
0.809191
0.808727
0.809346
0.810079
0.808999
0.809611
0.809949
0.810833
0.810417
0.810625
0.811261
0.810551
0.81182
0.813557
0.811169
0.811668
0.810103
0.810663
0.809756
0.810954
0.811531
0.810722
0.81
0.811949
0.811459
0.810395
0.811238
0.811732
0.811315
0.811612
0.810677
0.811428
0.811328
0.811258
0.812159
0.811825
0.810687
0.810619
0.813052
0.810091
0.811024
0.810288
0.808914
0.811791
0.812157
0.810918
0.811234
0.809565
0.81156
0.810449
0.809885
0.810901
0.812058
0.809883
0.810799
0.811185
0.81013
0.808334
0.813058
0.810893
0.811263
0.810017
0.812885
0.80752
0.810437
0.811467
0.809841
0.81047
0.811017
0.811891
0.811423
0.809647
0.813787
0.809208
0.810639
0.811217
0.810936
0.809987
0.811965
0.811549
0.811226
0.81152
0.811415
0.811779
0.810697
0.812716
0.811638
0.808851
0.812355
0.811528
0.811106
0.809821
0.811834
0.811274
0.810271
0.811988
0.812526
0.811252
0.810297
0.81004
0.809256
0.811359
0.810773
0.80959
0.811113
0.812154
0.810008
0.81114
0.810719
0.810608
0.810023
0.8106
0.811611
0.809744
0.81141
0.810226
0.808336
0.808938
0.811487
0.809652
0.81142
0.80995
0.811173
0.809423
0.811681
0.811085
0.810894
0.811721
0.811193
0.810166
0.809915
0.809388
0.810895
0.809523
0.808839
0.809573
0.809679
0.811177
0.809949
0.809514
0.810846
0.811938
0.811389
0.811944
0.810451
0.810906
0.809633
0.810756
0.809843
0.811629
0.810288
0.810516
0.81032
0.810165
0.811062
0.811802
0.811454
