0.86216
0.862481
0.862472
0.862284
0.863611
0.866446
0.861302
0.862933
0.861682
0.863875
0.862728
0.863593
0.860383
0.861591
0.86201
0.864327
0.862379
0.861467
0.863458
0.863531
0.86425
0.863069
0.862156
0.863057
0.862717
0.86091
0.86419
0.861367
0.866024
0.860847
0.865837
0.864306
0.86069
0.862129
0.862526
0.860611
0.863522
0.862045
0.865488
0.861247
0.863837
0.863479
0.861318
0.863065
0.861506
0.860705
0.861471
0.86147
0.860873
0.859441
0.863667
0.860462
0.859365
0.859606
0.862537
0.863311
0.86327
0.863983
0.861583
0.860576
0.863092
0.862543
0.860831
0.86217
0.861682
0.864455
0.861681
0.864283
0.861006
0.864224
0.862523
0.862235
0.861499
0.864181
0.861567
0.859976
0.862307
0.860454
0.863738
0.862149
0.858615
0.860673
0.86201
0.863051
0.864527
0.863285
0.863142
0.860909
0.863637
0.863333
0.86108
0.86576
0.86151
0.860311
0.861362
0.863338
0.861836
0.862942
0.863128
0.864372
0.863438
0.862584
0.861366
0.858847
0.864176
0.86013
0.862917
0.862971
0.861351
0.863545
0.864034
0.863437
0.860734
0.864335
0.863041
0.861896
0.86079
0.862101
0.861026
0.863369
0.862562
0.86283
0.861987
0.861642
0.864155
0.859717
0.862638
0.863478
0.861969
0.863766
0.861147
0.862286
0.862446
0.863635
0.861158
0.862508
0.860656
0.862806
0.862914
0.860411
0.861986
0.86436
0.86408
0.864147
0.862717
0.860559
0.862386
0.861708
0.860146
0.864001
0.86212
0.863898
0.862349
0.864723
0.860707
0.86306
0.863294
0.860621
0.862556
0.863789
0.863622
0.863306
0.862638
0.862246
0.863923
0.863824
0.862686
0.863063
0.861908
0.860357
0.863762
0.859956
0.864457
0.862849
0.862267
0.861962
0.861695
0.861089
0.864348
0.862113
0.859743
0.863195
0.865975
0.861449
0.86398
0.860956
0.860524
0.862796
0.863401
0.85817
0.862384
0.860851
0.864201
0.863244
0.860008
0.865146
0.863358
0.86225
0.859981
0.863989
0.861613
0.861114
0.860658
0.861161
0.864509
0.864813
0.858655
0.860299
0.859079
0.861208
0.859292
0.860713
0.863778
0.865368
0.86242
0.861608
0.863201
0.863303
0.862858
0.860269
0.861837
0.862655
0.859917
0.863896
0.862856
0.861875
0.858305
0.863207
0.860353
0.862291
0.862035
0.861904
0.859314
0.861599
0.862156
0.863535
0.867465
0.861759
0.863589
0.862333
0.861309
0.862343
0.861624
0.861598
0.861233
0.861211
0.865228
0.863441
0.86159
0.862726
0.861446
0.860982
0.86217
0.863637
0.862229
0.862249
0.863381
0.860734
0.863318
0.863815
0.863311
0.859709
0.860303
0.86292
0.859805
0.862493
0.860823
0.859419
0.862489
0.860253
0.86074
0.863375
0.861022
0.863397
0.862833
0.863661
0.865806
0.860383
0.862823
0.862947
0.861975
0.862857
0.861269
0.858476
0.860474
0.864287
0.86308
0.859754
0.862559
0.866211
0.8626
0.864821
0.861863
0.862374
0.861569
0.862432
0.861236
0.860809
0.860478
0.862144
0.859757
0.860666
0.862242
0.863531
0.862425
0.860501
0.861941
0.861658
0.860751
0.861104
0.86323
0.861068
0.860109
0.863358
0.864583
0.864229
0.861873
0.863447
0.859893
0.861614
0.858682
0.863123
0.862582
0.862354
0.864672
0.863686
0.864148
0.858487
0.860484
0.863693
0.863545
0.862282
0.860971
0.863464
0.861472
0.862473
0.863027
0.863725
0.859717
0.861311
0.861409
0.86261
0.861374
0.863212
0.863213
0.863581
0.863821
0.863932
0.860691
0.861321
0.861677
0.86115
0.864502
0.863527
0.85977
0.862595
0.860074
0.863238
0.862029
0.862181
0.86107
0.862379
0.862206
0.861775
0.861395
0.863746
0.863529
0.862686
0.863495
0.86325
0.865436
0.861913
0.862074
0.863357
0.864548
0.863622
0.861417
0.860954
0.864001
0.862069
0.862432
0.860608
0.861006
0.859865
0.859769
0.863919
0.863595
0.862498
0.861961
0.864646
0.862445
0.863152
0.863634
0.860177
0.860075
0.862546
0.864426
0.86108
0.862531
0.860456
0.865557
0.862769
0.860581
0.861451
0.862693
0.864901
0.861886
0.863545
0.862635
0.863021
0.860125
0.865918
0.860122
0.863968
0.861089
0.862019
0.862744
0.865681
0.861775
0.863092
0.863271
0.861009
0.861921
0.863836
0.861651
0.864991
0.860793
0.862653
0.864199
0.859969
0.863492
0.860055
0.86275
0.861916
0.862868
0.863514
0.863292
0.861607
0.862949
0.863814
0.862511
0.861922
0.862105
0.860455
0.862703
0.862224
0.86177
0.865571
0.861158
0.858885
0.861584
0.86168
0.860464
0.863538
0.864082
0.862287
0.862255
0.863213
0.862428
0.861296
0.861357
0.8636
0.863174
0.863523
0.861697
0.86227
0.863286
0.861556
0.861434
0.862281
0.864335
0.862294
0.86238
0.864297
0.862891
0.861827
0.861425
0.863005
0.862821
0.86154
0.863424
0.862908
0.860669
0.864096
0.864895
0.864585
0.861153
0.863079
0.860105
0.866176
0.862754
0.863201
0.862307
0.863175
0.865247
0.864639
0.862685
0.860226
0.862677
0.859925
0.858213
0.860106
0.861345
0.861336
0.860907
0.862562
0.86299
0.859359
0.864287
0.863727
0.86568
0.860377
0.861284
0.863013
0.861877
0.863651
0.860772
0.861702
0.859307
0.861576
0.86318
0.861874
0.86181
0.862835
0.86346
0.86301
0.861083
0.861424
0.864486
0.863511
0.864133
0.862645
0.859274
0.865252
0.863432
0.8656
0.862221
0.863427
0.864268
0.85713
0.866725
0.865273
0.860535
0.861408
0.861044
0.862609
0.8633
0.861931
0.863052
0.863312
0.863819
0.86255
0.863777
0.862083
0.862635
0.86218
0.861512
0.860934
0.862885
0.861952
0.861363
0.859963
0.862443
0.863395
0.861421
0.860452
0.864418
0.863157
0.859826
0.862193
0.862992
0.861808
0.860093
0.863058
0.864456
0.865238
0.863777
0.857761
0.862346
0.863303
0.85992
0.864493
0.864329
0.859453
0.863671
0.862892
0.863657
0.862034
0.86368
0.862026
0.862685
0.862866
0.862461
0.862703
0.862528
0.863839
0.863924
0.863115
0.863503
0.857971
0.864193
0.862731
0.861898
0.861752
0.859834
0.862233
0.863313
0.860718
0.860856
0.864984
0.857928
0.8644
0.862791
0.861071
0.861231
0.862452
0.859991
0.864311
0.863057
0.861261
0.862926
0.859955
0.860347
0.864859
0.863394
0.861837
0.86134
0.863004
0.86377
0.860881
0.860002
0.860513
0.86299
0.85854
0.862585
0.861055
0.863005
0.859874
0.863928
0.861625
0.863094
0.861182
0.859538
0.862463
0.863304
0.862595
0.862724
0.865466
0.861188
0.858992
0.862416
0.862825
0.859717
0.864472
0.862659
0.863653
0.864639
0.862392
0.861007
0.862409
0.860589
0.862223
0.859628
0.858453
0.864914
0.863438
0.863397
0.864754
0.862769
0.864115
0.863112
0.861979
0.860389
0.863541
0.861529
0.862359
0.862384
0.863164
0.861074
0.860398
0.862392
0.862863
0.862872
0.86481
0.86249
0.864262
0.861512
0.85977
0.862515
0.863871
0.862349
0.861336
0.863622
0.859793
0.86212
0.861901
0.862929
0.86267
0.859656
0.863441
0.865216
0.862255
0.862493
0.86149
0.860657
0.86483
0.860712
0.860702
0.863052
0.865783
0.862885
0.861367
0.862566
0.862122
0.863905
0.862719
0.861262
0.860427
0.861811
0.864177
0.863116
0.861977
0.860506
0.8639
0.860996
0.859819
0.861278
0.860699
0.861156
0.861281
0.862288
0.862167
0.86346
0.860675
0.863848
0.863013
0.864186
0.862938
0.862087
0.862405
0.860971
0.860815
0.863738
0.863083
0.862625
0.864543
0.864472
0.862136
0.862531
0.859623
0.863057
0.86334
0.864689
0.859433
0.862405
0.862761
0.861116
0.864467
0.86283
0.862948
0.862597
0.862178
0.860285
0.860683
0.862444
0.858635
0.861145
0.864498
0.860601
0.862995
0.860813
0.862616
0.862568
0.864308
0.862444
0.863358
0.861548
0.8622
0.860549
0.863854
0.861935
0.862138
0.86395
0.860128
0.861622
0.861874
0.86576
0.860491
0.863075
0.862026
0.862093
0.863651
0.861479
0.863345
0.85991
0.863117
0.863962
0.86414
0.861422
0.863064
0.86407
0.859814
0.863954
0.862761
0.862855
0.862215
0.859679
0.861386
0.864829
0.861449
0.860978
0.860674
0.862458
0.86287
0.860795
0.862971
0.864912
0.863135
0.861603
0.862679
0.863527
0.86419
0.864853
0.862531
0.866371
0.86128
0.860418
0.861699
0.863625
0.863539
0.862224
0.862647
0.864776
0.86177
0.85997
0.862729
0.862491
0.861919
0.861099
0.861491
0.864561
0.861537
0.864162
0.863854
0.862317
0.862041
0.864108
0.864602
0.862172
0.863507
0.861691
0.859973
0.863467
0.862747
0.861477
0.864397
0.864241
0.862938
0.863803
0.861409
0.863699
0.863983
0.864235
0.86547
0.860011
0.861447
0.864323
0.862497
0.863997
0.86232
0.861415
0.862254
0.861465
0.860293
0.86381
0.862693
0.862907
0.862964
0.863581
0.860687
0.863519
0.864257
0.86145
0.863523
0.861773
0.860662
0.863565
0.862774
0.863618
0.862969
0.860123
0.863852
0.861611
0.860788
0.862844
0.861988
0.861388
0.861037
0.862665
0.863153
0.862236
0.862891
0.862181
0.863369
0.863055
0.860572
0.862924
0.861877
0.860344
0.863579
0.861952
0.862984
0.863153
0.864002
0.864068
0.863461
0.861876
0.861296
0.859394
0.86313
0.865495
0.862772
0.859207
0.861652
0.863227
0.862844
0.861796
0.860175
0.859883
0.85998
0.864062
0.860517
0.861217
0.860789
0.863377
0.861603
0.859824
0.861417
0.864623
0.860816
0.863159
0.862641
0.863361
0.860615
0.866734
0.859036
0.861437
0.859649
0.860763
0.862029
0.861605
0.862947
0.861055
0.862767
0.861201
0.862623
0.862347
0.860098
0.861301
0.862386
0.863782
0.863496
0.864238
0.86647
0.864831
0.865437
0.86407
0.861475
0.863186
0.85997
0.863636
0.861521
0.860784
0.862397
0.861295
0.861572
0.863073
0.864855
0.860509
0.861975
0.863957
0.863738
0.863357
0.863117
0.861153
0.862857
0.863689
0.862748
0.863468
0.862972
0.861233
0.861856
0.859269
0.861387
0.862838
0.864478
0.862517
0.861081
0.861988
0.863121
