1681.97 0.825178 0.000971466
1666.86 0.824363 0.000981343
1692.76 0.822826 0.000971199
1602.87 0.827654 0.000964178
1601.4 0.826134 0.00096107
1993.77 0.826561 0.000948096
1736.64 0.825996 0.000988981
1745.48 0.82566 0.000962266
1791.25 0.827175 0.000975055
1629.15 0.824491 0.000980359
1550.34 0.825583 0.00100176
1927.56 0.829151 0.00096865
1785.85 0.827152 0.000966553
1680.26 0.826522 0.00100064
1786.12 0.827685 0.000878228
1963.26 0.823897 0.000979885
1614.99 0.825287 0.000979943
1736.48 0.824625 0.000980371
1704.08 0.826104 0.000955575
1667.26 0.827624 0.000998724
1653.38 0.824267 0.000995936
1985.74 0.825662 0.000977207
1990.65 0.825697 0.000965648
1794.68 0.823887 0.000975945
1748.28 0.826754 0.000978641
1653.95 0.825339 0.00097269
1948.42 0.825599 0.000973381
1735.65 0.825643 0.000973747
1665.29 0.825332 0.000969092
1909.73 0.82605 0.000982942
1721.12 0.824241 0.000993121
1726.22 0.825705 0.00092061
1823.72 0.827278 0.000982995
1633.42 0.826433 0.000979879
1661.68 0.826897 0.000983291
1692.98 0.825505 0.000950059
1580.12 0.824125 0.000894794
1624.03 0.825624 0.00098549
1898.39 0.823744 0.000987769
1961.02 0.8246 0.000986972
1574.8 0.82283 0.00098638
1657.56 0.827064 0.000984406
1813.21 0.82646 0.000973134
1935.47 0.828962 0.000992688
1668.34 0.825214 0.000979106
1604.67 0.825712 0.000981368
1869.83 0.825137 0.000927776
1614.33 0.824929 0.00100225
1594 0.82474 0.00097376
1791.91 0.824728 0.000978853
1767.85 0.82657 0.000900623
1691.11 0.825286 0.00100587
1727.91 0.827626 0.000968433
1796.4 0.829013 0.000993372
1813.54 0.824651 0.000893545
1555.32 0.826699 0.000971676
1850.32 0.825751 0.000972882
1746.45 0.823147 0.000991925
1776.99 0.826108 0.000984575
1624.61 0.824913 0.000974604
1755.05 0.826089 0.000980361
1798.73 0.826615 0.000974851
1872.22 0.827275 0.000972222
1592.51 0.826535 0.000914782
1838 0.824976 0.000971817
1583.49 0.823606 0.000993244
1510.98 0.825753 0.00099172
1675.3 0.825697 0.000977907
1840.22 0.828199 0.000988989
2172.12 0.829326 0.000980947
1675.44 0.824587 0.0010049
1656.27 0.826117 0.00101685
1755.16 0.825809 0.00104338
1759.18 0.825511 0.0009946
1688.39 0.826835 0.000999208
1445.95 0.825525 0.000964971
1613.51 0.825957 0.000986721
1636.05 0.827322 0.000982538
1598.24 0.828726 0.00089176
2200.35 0.826502 0.000913674
1661.56 0.826065 0.000985795
1663.69 0.824966 0.000965765
2426.95 0.827602 0.00102811
1752.19 0.826663 0.000960126
2103.65 0.828611 0.000950033
1750.18 0.823759 0.000977673
1656.41 0.82827 0.000989637
1600.46 0.826633 0.000949087
1809.05 0.827605 0.00100648
1590.28 0.826391 0.00098502
1777.75 0.824974 0.000825411
1706.27 0.824921 0.000972615
1947.11 0.825313 0.000973076
1784.18 0.825512 0.000994032
1670.61 0.824947 0.000926362
1883.67 0.828419 0.000986564
1565.07 0.82578 0.000994162
1936.12 0.822771 0.000963205
1626.94 0.827985 0.000982675
1788.99 0.826073 0.000948714
1786.44 0.825541 0.000949419
1629.33 0.825439 0.000979119
1685.61 0.823201 0.000962298
2051.77 0.826415 0.000923716
1721.53 0.825827 0.00099557
2134.14 0.8269 0.000984117
1766.2 0.828143 0.000992492
1773.44 0.824332 0.000996602
1883.09 0.825985 0.000990689
1791.5 0.82764 0.000972724
1814.99 0.824667 0.000917791
2121.84 0.828002 0.00098585
1800.49 0.82216 0.000965622
1665.35 0.826522 0.000986558
1675.93 0.826454 0.00097107
1729.43 0.825631 0.000955744
1781.12 0.825273 0.000972469
1688.41 0.828324 0.000968427
2029.51 0.829453 0.000980373
1767.04 0.825085 0.00096842
1773.42 0.82729 0.00101892
2254.92 0.824807 0.000868827
1772.71 0.826974 0.000969236
2208.31 0.826745 0.00101983
1588.8 0.826252 0.000980459
1962.89 0.824303 0.00104601
1632.6 0.825937 0.000933145
1903.87 0.82768 0.000975428
1783.75 0.826784 0.000953191
1871.35 0.823231 0.000972996
1799.49 0.824875 0.000982798
1749.48 0.824759 0.000960798
1791.89 0.826656 0.000948593
1751.13 0.82594 0.000961129
1750.86 0.826182 0.000979827
1702.25 0.825471 0.000946256
1872.72 0.825706 0.000980417
1732.05 0.826988 0.000987241
2014.25 0.827773 0.000988478
1691.06 0.827546 0.000979973
1780.42 0.826338 0.000984716
1670.6 0.828292 0.000990721
2007.95 0.826051 0.000966413
1688.54 0.825477 0.000985912
1828.88 0.824157 0.00100693
1668.23 0.826549 0.000978342
1700.29 0.82641 0.000997968
1887.48 0.82351 0.000952146
1724.23 0.82722 0.000950476
1537.57 0.825399 0.000982016
1691.32 0.826302 0.000970399
1691.47 0.825193 0.00103152
1858.81 0.827196 0.000991986
1667.8 0.826345 0.000999112
1675.66 0.825533 0.000926698
1856.97 0.825079 0.000946255
2041.25 0.824548 0.000916625
1818.02 0.827569 0.000955078
1652.13 0.825511 0.000996989
1691.63 0.827447 0.000975309
1623.37 0.824009 0.0010293
1797.84 0.828512 0.000994633
1625.06 0.826314 0.000964976
1845.18 0.82733 0.00105927
1696.13 0.824604 0.000952535
1689.31 0.823076 0.000972528
1699.52 0.826129 0.0009514
1558.52 0.825182 0.000967927
1751.4 0.825821 0.000939729
1753.64 0.824768 0.000978993
1985.75 0.825676 0.00101814
1811.66 0.824439 0.000982681
1719.21 0.825558 0.000971743
1714.69 0.824857 0.000983604
1656.92 0.824431 0.000923007
1693.44 0.826162 0.000921088
1714.09 0.825847 0.000962216
1769.86 0.827621 0.000994612
1892.68 0.826613 0.00102814
1695.49 0.82602 0.000980224
2372.25 0.827076 0.000810069
1673.72 0.824221 0.000974613
1968.64 0.828786 0.00100744
1762.74 0.823741 0.000987874
1660.04 0.826037 0.000990664
1713.78 0.827661 0.000975694
1683.55 0.825207 0.000978753
1793.36 0.823357 0.000980432
1975.84 0.823918 0.000946551
1751.77 0.824543 0.000973725
1630.9 0.823622 0.00098874
1702.29 0.82794 0.000969334
1593.61 0.826881 0.000983377
1647.84 0.825768 0.000942743
1902.17 0.827133 0.000944949
1701.58 0.826526 0.000997304
1986.84 0.828529 0.000999688
1779.69 0.826285 0.000992407
1748.11 0.824329 0.000970971
1712.43 0.824209 0.000993703
1713.71 0.827148 0.00100293
1927.69 0.828443 0.000981686
1701.18 0.824692 0.000978506
1733.68 0.825608 0.00101669
1776.33 0.825449 0.000962731
1685.81 0.826751 0.000987098
1605.02 0.825249 0.000981297
1746.54 0.827322 0.00093846
1663.88 0.825247 0.000911768
1919.16 0.825481 0.000976109
1672.3 0.826757 0.000899732
1634.96 0.82608 0.000984924
2190.44 0.828168 0.00097404
1778.52 0.825072 0.000998674
1596.27 0.824715 0.000979275
1730.72 0.824492 0.000960264
2067.88 0.827705 0.000993184
1765.75 0.82513 0.000988006
1570.34 0.825219 0.000980991
1651.78 0.825549 0.000998053
1612.7 0.823689 0.000937559
1799.06 0.82439 0.000962505
1786 0.824697 0.000975144
1488.58 0.825486 0.000957653
1754.2 0.823563 0.000974629
2063.97 0.826069 0.000991194
1847.4 0.823933 0.000971416
1682.24 0.827403 0.000984878
1719.72 0.823761 0.000976405
1652.79 0.824744 0.000985196
1686.53 0.826346 0.000999643
1730.48 0.826424 0.000989447
1568.63 0.824358 0.000952718
1721.16 0.824918 0.000958057
1733.68 0.826518 0.00096813
1707.97 0.825205 0.000982909
1689.14 0.82483 0.000972682
2036.89 0.823571 0.000992751
2155.4 0.828029 0.000975978
1951.14 0.826679 0.000968975
1700.98 0.824178 0.000955104
1820.3 0.827587 0.00100032
1629.98 0.824929 0.000982511
1683.9 0.826699 0.000988327
1694.66 0.826699 0.000980172
1670.36 0.824632 0.000982742
1784.1 0.826336 0.000961915
1608.7 0.824634 0.000987457
1684.98 0.825974 0.000936626
1872.69 0.82748 0.000956951
1577.66 0.825626 0.000988381
1715.26 0.825419 0.000850782
1942.36 0.827246 0.000986742
1557.33 0.824791 0.000963812
1714.32 0.824449 0.00099723
1932.1 0.825528 0.000993859
1686.44 0.827773 0.000959421
1858.28 0.828999 0.00101592
1745.83 0.826031 0.000985105
1878.69 0.826553 0.000991657
1811.75 0.824964 0.000987062
1918.61 0.827599 0.000987701
1675.66 0.826186 0.000983012
1565.88 0.825299 0.000973728
1747.16 0.826186 0.000986955
1813.09 0.825361 0.000973638
1570.12 0.82626 0.000982344
1756.88 0.826104 0.000981511
1913.05 0.825367 0.000971311
1782.07 0.830106 0.00098277
1664.97 0.823907 0.000956066
1601.91 0.825978 0.000974962
1683.17 0.825166 0.000985827
1623.78 0.826692 0.00100058
1952.87 0.827745 0.000978429
1669.99 0.825804 0.000982731
1617.68 0.82655 0.00101961
1651.06 0.826129 0.000991754
1793.25 0.826528 0.000903216
1723.79 0.826291 0.000963029
1661.76 0.825713 0.000986832
1610.62 0.825632 0.00100281
2076.05 0.826673 0.000972169
1878.15 0.824559 0.000972775
1655.44 0.828471 0.000985475
1666.36 0.825044 0.000983518
1788.54 0.824017 0.000994336
1892.21 0.825193 0.000971116
1872.72 0.828448 0.000953689
1613.99 0.825802 0.000980406
1624.79 0.826753 0.000983014
2008.18 0.826599 0.000990899
1575.82 0.824607 0.000979001
1776.99 0.825761 0.000969042
1775.13 0.825339 0.000976654
1784.78 0.827162 0.00101109
1834.79 0.827318 0.000975364
1712.42 0.82353 0.000986288
1657.32 0.824369 0.000943758
1869.39 0.827429 0.000940402
1753.71 0.823672 0.000966113
1640.71 0.829131 0.000995997
1790.63 0.824555 0.00102668
1650.98 0.825591 0.000938266
1778.49 0.827815 0.000978984
1605.53 0.82673 0.000987709
1621.93 0.822333 0.000997426
1721.99 0.824703 0.0009537
1877.95 0.824922 0.000991624
1603.53 0.823626 0.000962209
1749.78 0.824311 0.000970584
1659.23 0.825437 0.00096805
1795.16 0.826162 0.000980027
1698.44 0.825428 0.000982047
1746.41 0.823366 0.000966722
1687.99 0.827746 0.000941805
1765.06 0.826363 0.000998581
1679.87 0.824231 0.000966271
2142.08 0.827745 0.00101503
1883 0.826874 0.000971274
1610.44 0.827013 0.0009558
1607.09 0.823937 0.000970967
1775.79 0.825015 0.000999454
2134.74 0.826825 0.000998498
1655.3 0.825141 0.000888761
1711.45 0.824545 0.000982272
1951.18 0.826587 0.000990956
2051.01 0.827997 0.000962445
1619.67 0.824854 0.000983174
1665.29 0.826317 0.000915292
1673.49 0.826224 0.000949147
1610.38 0.826275 0.000961471
1538.69 0.824697 0.000973034
1837.82 0.825453 0.0009893
1678.8 0.825373 0.000984635
1798.69 0.825873 0.000961912
1641.11 0.824728 0.00100164
1778.02 0.821819 0.000947126
1931.49 0.827144 0.00097218
1587.56 0.826088 0.000990191
1747.46 0.826533 0.000960299
1740.93 0.823901 0.000988744
1612.47 0.825811 0.000921644
1823.23 0.824558 0.000960475
1797.34 0.824601 0.000986705
2307.91 0.824281 0.000963892
1659.55 0.825746 0.000970903
1748.18 0.826871 0.000993828
1739.72 0.825395 0.000993944
1570.44 0.825556 0.000918081
2134.78 0.825214 0.000889093
1651.23 0.823942 0.000980378
1784.23 0.825358 0.000966581
1695.15 0.827906 0.000968198
1596.8 0.824371 0.000967566
1766.21 0.825403 0.00089221
1730.69 0.82881 0.000977856
1882.62 0.825735 0.000875908
1937.33 0.827759 0.000957416
1772.39 0.823376 0.000952407
1791.06 0.82686 0.00093199
1666.44 0.824901 0.000985846
1911.83 0.824828 0.000967757
1700.66 0.825377 0.000904396
1892.62 0.829129 0.00107663
1762.08 0.827896 0.000950199
1844.85 0.828188 0.0009644
1700.58 0.826403 0.000987543
1831.27 0.82659 0.000952128
1711.45 0.826168 0.00100359
1612.42 0.825593 0.000976199
1839.82 0.825456 0.00100861
1808.45 0.82431 0.000991511
1839.63 0.82341 0.000979433
1766.54 0.82357 0.00101015
1917.54 0.826505 0.000979832
1909.24 0.826416 0.000991686
1843.75 0.827021 0.000977868
1779.38 0.826906 0.000985887
1976.48 0.826689 0.000968234
1762.27 0.827596 0.00097358
1686.31 0.829253 0.000945914
1847.46 0.827457 0.0009618
2104.12 0.826356 0.000926684
1632.61 0.823575 0.00099001
1974.86 0.827026 0.000992698
1660.97 0.823511 0.000941658
1826.9 0.82842 0.00099177
1739.7 0.82257 0.000970418
1687.07 0.825459 0.000990794
1863.49 0.827038 0.000996713
1628.56 0.82629 0.000983526
1740.84 0.825799 0.000971693
1496.27 0.828277 0.000996443
1728.22 0.827299 0.000976229
1699.62 0.825856 0.000973249
1778.78 0.823003 0.000991554
1961.99 0.825761 0.000984788
1752.12 0.827288 0.000953725
1829.72 0.825388 0.000987977
1838.24 0.825445 0.000993232
1670.4 0.825032 0.000953206
1890.78 0.826363 0.00097775
1605.75 0.826061 0.000967704
1902.59 0.828579 0.00101316
1829.52 0.825298 0.000988451
1817.11 0.825018 0.000904294
1753.25 0.82403 0.00100108
1657.9 0.825991 0.000969045
1642.69 0.825447 0.000972606
2012.21 0.825648 0.000980782
2112.72 0.828928 0.000989064
1781.37 0.823779 0.000959957
1811.19 0.826267 0.000894028
1787.9 0.823877 0.000945895
1773.65 0.826673 0.00100719
1562.29 0.825642 0.000986917
1690.08 0.826191 0.000905631
1659.65 0.825359 0.000948678
1647.89 0.824923 0.000997152
1768.41 0.827556 0.000973588
1828.71 0.825014 0.000984402
1596.21 0.822674 0.000999235
1815.12 0.823978 0.00097654
1683.05 0.823147 0.000981187
1792.26 0.825373 0.000928335
1609.4 0.824633 0.000940461
1816.76 0.827021 0.000980967
1807.51 0.826498 0.000977834
1777.74 0.827029 0.000963442
1653.05 0.825409 0.000977866
1831.55 0.826339 0.00095719
1687.04 0.826966 0.000999852
1724.48 0.82906 0.000970182
1840.74 0.82409 0.000994517
1847.41 0.826 0.000975335
1613.59 0.826068 0.000984503
1668.96 0.82545 0.000908007
1640.4 0.825108 0.000980771
1611.84 0.824299 0.000967033
1823.05 0.824669 0.000980221
1772.44 0.828222 0.000975327
1802.99 0.826691 0.000987158
2124.98 0.82749 0.000981575
1737.55 0.828351 0.000983713
1625.62 0.827055 0.000982835
1908.56 0.826877 0.000908701
1786.45 0.827269 0.000986217
1986.45 0.827538 0.000961691
1798.26 0.825391 0.000978542
1712.01 0.829335 0.000988131
1706.61 0.824878 0.000986882
1581.67 0.825059 0.000980697
1995.83 0.828704 0.000968426
1834.59 0.825098 0.000979026
1706.37 0.825119 0.000771097
1730.64 0.826795 0.000947101
1649.59 0.825715 0.000949939
1602.39 0.826198 0.000936795
1581.28 0.824974 0.00095217
1633.23 0.825691 0.000960977
1546.13 0.827592 0.000982016
1728.66 0.827249 0.00100703
1968.53 0.826985 0.000948959
1655.68 0.825886 0.00100362
1683.28 0.826266 0.000914815
1673.41 0.825484 0.000924871
1925.12 0.826442 0.000989626
2006.02 0.825567 0.00101034
1803.22 0.824361 0.000958028
1571.96 0.824491 0.00102075
1713.85 0.8248 0.000991896
1635.61 0.825704 0.000986232
1630.81 0.82327 0.00100508
1681.74 0.826533 0.00101768
1688.76 0.826457 0.000976085
1571.86 0.828407 0.000956938
2144.65 0.827937 0.000978921
1613.79 0.825591 0.000976082
1689.63 0.824484 0.000974306
1878.49 0.821669 0.000982787
1692.31 0.828745 0.00100485
1500.78 0.824286 0.000969563
1607.86 0.825386 0.000913649
1856.69 0.826787 0.00101782
1640.17 0.825351 0.000985674
1909.43 0.825767 0.000922266
1661.77 0.826967 0.000975426
2357.67 0.822464 0.00101324
1556.1 0.82449 0.0009946
1833.33 0.825871 0.000975969
1713.17 0.82619 0.000990781
1601.81 0.826491 0.00099111
1756.12 0.82625 0.000915287
2025.87 0.825646 0.000974103
1795.89 0.823796 0.000965252
1581.54 0.826313 0.000970379
1590.26 0.825021 0.000982223
1651.76 0.826427 0.00097899
1690.97 0.827388 0.000917848
1629.09 0.826389 0.000911702
1841.88 0.825161 0.000982487
1726.87 0.826108 0.000988487
1677.7 0.827315 0.000972567
1779.49 0.828106 0.000985136
1915.12 0.824032 0.000974828
1563.02 0.825858 0.000981837
1977.98 0.825889 0.000989239
1625.75 0.826999 0.000961425
1650.08 0.825401 0.000981456
1655.98 0.826899 0.000980204
1941.08 0.826782 0.000906913
1688.22 0.825155 0.00101063
2078.34 0.827175 0.00096728
1858.62 0.823486 0.00098748
2211.81 0.829193 0.000988564
1802.47 0.82546 0.000918122
1629.78 0.827185 0.000986912
1865.18 0.826714 0.000990355
1757.74 0.824722 0.000995821
1715.58 0.827184 0.000923365
1881.43 0.823957 0.000984261
1613.17 0.823237 0.000982063
1858.68 0.825024 0.000968793
1702.76 0.826865 0.000989059
1699.84 0.827326 0.000974275
2054.72 0.825067 0.000991512
1743.52 0.82574 0.000931565
1485.54 0.826348 0.000917462
1672.11 0.82781 0.000979128
1672.74 0.825749 0.000974096
1771.04 0.826537 0.000983462
1783.25 0.826879 0.000989766
1864.33 0.825726 0.000965598
1798 0.825369 0.000956421
1689.21 0.826103 0.00100686
1690 0.825338 0.000984055
1768.49 0.82631 0.000969726
1667.24 0.826687 0.000976722
1755.14 0.823987 0.000982602
2172.95 0.828045 0.000961323
1721.95 0.828472 0.000987225
1623.7 0.82506 0.000978707
1769.57 0.827916 0.00100434
1766.75 0.826625 0.000996378
1597.42 0.824251 0.000976714
1970.99 0.827436 0.000991353
1677.11 0.825809 0.000961227
1832.38 0.826277 0.00101792
1910.37 0.826994 0.000958508
1852.9 0.825657 0.000952588
1663.04 0.825728 0.000986206
1666.06 0.82571 0.00102644
2036.62 0.826135 0.00095666
1617.04 0.825589 0.000974073
1829.13 0.826829 0.000990588
1822.88 0.826029 0.000972648
1714.11 0.825137 0.000973896
1660.8 0.823253 0.000986007
1756.32 0.825421 0.000980875
94214.4 0.723173 0.739568
1874.44 0.827097 0.00097722
1689.22 0.825594 0.000969655
1523.88 0.825225 0.000982698
1942.66 0.827424 0.000969892
1706.97 0.825883 0.000963489
1494.38 0.827078 0.00097113
1684.03 0.824889 0.00096779
1962.48 0.827548 0.000977819
1741.88 0.826693 0.00097182
1700.76 0.826864 0.00096546
1700.7 0.824386 0.000982248
1728.26 0.827426 0.000984573
1737.33 0.823977 0.000943088
1645.51 0.823602 0.000985115
1565.56 0.824243 0.000995291
1721.92 0.826525 0.000978434
1572.32 0.824224 0.00100342
1896.38 0.824828 0.000983979
1675.41 0.826498 0.000972161
1787.43 0.826885 0.000902464
1635.83 0.827355 0.000970347
2049.18 0.82775 0.000992106
1853.42 0.828079 0.000971107
1613.79 0.826962 0.000987556
1540.57 0.824722 0.000982279
1906 0.826618 0.000991176
1926.08 0.827672 0.00100554
1641.31 0.82654 0.000978402
1630.3 0.827247 0.000974039
1709.26 0.824669 0.000973261
1748.34 0.825514 0.000954493
1518.76 0.827008 0.000985596
1800.55 0.825433 0.000990129
1821 0.824125 0.000974617
1638.7 0.82442 0.00094395
1885.12 0.825638 0.000992799
1850.56 0.825301 0.000982013
1903.37 0.825966 0.000960204
1625.96 0.824403 0.000985518
1726.17 0.82455 0.000978018
1852.63 0.827596 0.000988714
1801.15 0.8251 0.000956409
1793.19 0.82483 0.000929748
1602.19 0.824653 0.000986349
1549.09 0.826134 0.00098061
1569.86 0.826631 0.000986927
1675.27 0.824535 0.000932674
1621.24 0.826697 0.000973639
1796.31 0.827736 0.000985479
1876.72 0.827248 0.000991469
2441.08 0.825279 0.000926636
1788.34 0.824823 0.000967173
1669.46 0.825133 0.000932424
1744.24 0.827119 0.00100434
1675.62 0.824313 0.000984911
1882.61 0.825713 0.000908893
1983.57 0.827284 0.000992585
1624.04 0.825607 0.00101141
1657.17 0.827598 0.000946995
1812.89 0.824489 0.000964849
1627.77 0.824612 0.00098626
1645.08 0.825804 0.000987908
1680.26 0.824834 0.000970732
1662.36 0.827313 0.000983239
1657.04 0.826114 0.000954931
1800.75 0.825839 0.000971769
1698.21 0.824286 0.000973706
1813.58 0.827245 0.000974946
1714.02 0.824858 0.000978449
1619.13 0.824476 0.000984119
1674.06 0.826477 0.000980595
1936.35 0.828092 0.000992124
1588.98 0.824774 0.000997708
1805.86 0.8244 0.000978653
1698.06 0.828029 0.000969847
1869.35 0.824685 0.000964412
1730 0.824528 0.000969544
1772.24 0.823323 0.000978552
1755.32 0.824869 0.000978758
1668.94 0.82426 0.00098444
1582.86 0.82563 0.000990695
1561.81 0.824169 0.000974426
1580.62 0.82474 0.000974301
1827.39 0.826617 0.000993578
2136.18 0.825499 0.000793337
1533.94 0.824584 0.00100911
1702.62 0.825483 0.000983105
1722.09 0.825104 0.000981209
1649.1 0.825902 0.000989238
1817.89 0.824865 0.000969341
1597.04 0.826238 0.000978185
1724.64 0.82616 0.000980734
1669.97 0.827264 0.000986412
1681.58 0.825813 0.000975502
1688.74 0.825681 0.000959604
1847.77 0.824001 0.00097514
1691.17 0.824838 0.000989069
1831.2 0.823816 0.000976258
1722.65 0.825432 0.000973753
1671.42 0.824977 0.000989421
1719.21 0.827208 0.000960145
1783.09 0.825069 0.000980685
1935.28 0.825525 0.000972639
1668.19 0.827063 0.000979797
1587 0.824201 0.000928142
1681.66 0.82511 0.000952953
1711.74 0.823762 0.000954178
1991.91 0.825087 0.000960311
1688.66 0.826883 0.000983887
2066.27 0.827627 0.000943526
1590.12 0.826631 0.000962581
1792.34 0.825332 0.000976211
2105.41 0.826919 0.000999175
2001.99 0.823114 0.000969357
1623.91 0.825142 0.000987001
1709.07 0.828199 0.00096701
1928.05 0.829839 0.000899344
1656.39 0.827274 0.000986019
1665.25 0.825779 0.000960851
1701.47 0.825246 0.000968539
1618.11 0.825463 0.00100404
1864.66 0.826325 0.000951012
1738.95 0.823064 0.000985223
1622.27 0.827238 0.00095988
1950.71 0.824735 0.000951225
1655.11 0.826664 0.000915782
1743.84 0.826799 0.000982064
1812.95 0.824959 0.000946818
1563.5 0.82425 0.000967358
1655.67 0.826287 0.000878861
1776.37 0.825551 0.000989791
1836.54 0.826342 0.000956204
1818.11 0.825014 0.000989458
1742.69 0.826866 0.000980944
1726.65 0.827668 0.00102589
1668.75 0.826027 0.000992139
1674.88 0.825542 0.000981052
1774.72 0.826808 0.000938222
1578.35 0.825184 0.00101214
1750.29 0.825699 0.000954745
1712.03 0.827328 0.000971635
1752.9 0.825072 0.000976086
1646.03 0.826028 0.000987301
1602.9 0.825359 0.00100389
1811.87 0.827487 0.000940937
1718.57 0.823377 0.000977907
1709.18 0.827683 0.000981729
1796.83 0.825724 0.00094844
1867.52 0.826714 0.000905959
1662.86 0.825801 0.000981452
2154.7 0.825202 0.000972631
1631.57 0.825195 0.000979408
1817.85 0.829263 0.00099608
1618.11 0.825731 0.000991715
1732.57 0.824962 0.00097136
1702.46 0.827086 0.000948497
1777.28 0.826497 0.000981585
1910.2 0.825788 0.00102081
1757.33 0.825773 0.000960619
1742.17 0.828206 0.000875066
1866.93 0.825193 0.000969729
1643.83 0.827303 0.000992425
1774.62 0.827269 0.000976497
1622.95 0.824061 0.000989278
1736.15 0.8263 0.000988942
1559.36 0.824631 0.000987491
1693.75 0.828164 0.000970121
1891.31 0.825247 0.000985652
1685.04 0.827294 0.000999966
1712.91 0.82635 0.000993322
1811.64 0.823667 0.000973449
1791.46 0.824605 0.000981079
1655.28 0.82722 0.000975653
1726.71 0.827238 0.00101038
1726.36 0.82485 0.000971503
1828.83 0.825295 0.000964334
1760.83 0.827574 0.000955618
1883.12 0.826598 0.00100726
1734.36 0.824098 0.000903872
1601.02 0.827392 0.000982805
1787.87 0.826764 0.000999934
1686.4 0.824957 0.00096941
2323.31 0.82661 0.000991302
1971.44 0.824898 0.000969028
2116.39 0.828569 0.000995522
1850.94 0.827641 0.000979591
1709.47 0.824447 0.000972312
1810.33 0.82578 0.000987106
1512.14 0.823966 0.000941199
1707.67 0.824372 0.000990701
1863.07 0.825865 0.000989137
1904.47 0.827284 0.00098298
1795.45 0.827529 0.000961997
1688.43 0.824675 0.000984351
1730.28 0.825266 0.00101102
1775.66 0.826215 0.000985738
1788.89 0.82363 0.000988242
1717.7 0.826757 0.000974857
1544.83 0.826291 0.000984595
1845.88 0.825945 0.000966778
1661.38 0.825183 0.0009746
1550.97 0.828324 0.000817161
1664.96 0.82525 0.00097464
2123.39 0.826962 0.000987725
1616.33 0.824975 0.000970078
1766.96 0.825993 0.00100431
1756 0.824442 0.000992785
1651.15 0.825854 0.000970662
1994.87 0.823713 0.000981853
1606.54 0.82386 0.00103665
1695.35 0.823648 0.000939102
1739.89 0.82458 0.000966641
1704.14 0.826419 0.000971041
1574.72 0.824806 0.000987703
1854.88 0.824358 0.000975429
1709.36 0.827353 0.000975665
1668.82 0.825394 0.000982909
2247.96 0.825047 0.00102959
1629.37 0.824466 0.000953365
1705.29 0.825939 0.00090256
1869.92 0.826395 0.000968952
1723.42 0.825833 0.000967815
1573.85 0.825832 0.000976353
1723.12 0.829353 0.000985693
1711.14 0.824879 0.00099038
1623.42 0.825645 0.000992741
1580.82 0.827285 0.000981986
1717.56 0.823984 0.000979563
1585.46 0.82512 0.0010155
1766.74 0.825268 0.00097711
1614.66 0.824925 0.000978028
1835.88 0.82653 0.000965083
1606.49 0.825565 0.000989785
1839.49 0.82334 0.000981893
1662.52 0.824817 0.000974291
1916.72 0.826309 0.000985335
1823.45 0.82645 0.00100162
1835.65 0.826088 0.000968057
1661.36 0.825609 0.00097805
1708.56 0.823093 0.000936693
1700.98 0.826036 0.000984525
1769.06 0.82646 0.000973599
1818.84 0.825185 0.00098497
1676.39 0.828916 0.000890193
1965.03 0.827866 0.000976137
1822.66 0.825457 0.000976232
1821.69 0.825936 0.000970133
1733.01 0.825337 0.000976551
1749.06 0.82582 0.000973731
1935.73 0.825128 0.000979389
1678.87 0.826337 0.000980967
2101.19 0.826341 0.000979615
1677.68 0.826848 0.000981123
1701.58 0.824232 0.000975965
1617.16 0.825579 0.000973283
1814.12 0.827071 0.000986361
1802.41 0.827212 0.000996943
1633.47 0.825773 0.000993883
1548.93 0.826549 0.000993053
1999.33 0.827109 0.000990834
1744.36 0.827972 0.00101983
1776.71 0.823275 0.000988639
1481.58 0.82631 0.000971322
1784.68 0.82695 0.000965179
1691.96 0.826357 0.000986486
1764.92 0.825776 0.000935372
1804 0.827087 0.000970058
1754.44 0.828709 0.00096806
1702.04 0.826059 0.000971464
1734.38 0.825916 0.00095452
1690.64 0.827697 0.00100131
1786.58 0.826123 0.000978558
1554.12 0.82556 0.000953721
1751.05 0.825293 0.00101378
1648.01 0.826634 0.000970463
1648.94 0.82543 0.000985325
2046.92 0.828312 0.000990757
1685.25 0.824691 0.000887834
1738.79 0.826296 0.000997837
1746.66 0.824087 0.000964833
1688.1 0.826037 0.000981488
1617.44 0.827071 0.000929624
1619.64 0.825337 0.000993187
1668.62 0.826487 0.000971702
2063.17 0.828354 0.000986073
1664.58 0.827227 0.000908773
1826.8 0.82475 0.00100681
1736.63 0.825272 0.000957482
2155.07 0.828921 0.000948208
1657.64 0.825922 0.00101412
2054.41 0.827831 0.000992146
1699.71 0.826814 0.00099713
1836.61 0.827466 0.000981885
1721.22 0.825707 0.000949444
1903.72 0.826889 0.000910776
2011.07 0.824616 0.000985587
1657.13 0.827522 0.000979001
1630.02 0.829246 0.000939997
1670.27 0.824905 0.000883076
2135.04 0.824841 0.000996906
1996.41 0.826098 0.000972436
1805.18 0.827434 0.000931513
1850.86 0.82409 0.000985158
1742.8 0.825746 0.000985863
1948.36 0.829956 0.00100145
1684.64 0.826933 0.000962168
1557.91 0.82572 0.000986437
1598.25 0.824564 0.000986398
1772.11 0.827096 0.000981674
1921.8 0.82555 0.000951472
2172.4 0.828588 0.000983596
1676.89 0.827399 0.000983617
1801.36 0.825948 0.000980321
1606.92 0.825948 0.000957467
1668.27 0.826223 0.000988822
1634.77 0.826192 0.00098715
1695.19 0.824308 0.000980572
1947.5 0.826758 0.0010191
1594.84 0.826432 0.000956015
1763.63 0.825785 0.000967758
2215.27 0.827411 0.000983075
1555.35 0.824503 0.000954353
1643.16 0.825078 0.000978031
1840.54 0.824167 0.000909428
1736.97 0.82465 0.000966541
1752.06 0.827778 0.000982918
1765.18 0.826546 0.000977116
1717.7 0.82845 0.000930224
1768.77 0.825096 0.000900321
2074.58 0.827574 0.000991055
1641.64 0.826916 0.000979944
1834.87 0.824326 0.000943345
1509.44 0.825524 0.000991523
1641.4 0.825515 0.000986026
1739.22 0.826993 0.000973884
1654.7 0.825753 0.000973407
1596.47 0.825416 0.000973798
1684.04 0.825711 0.000951462
1764.02 0.82569 0.00102356
1873.61 0.828827 0.000934987
1662.03 0.827178 0.000966466
1708.76 0.826214 0.00098304
1797.53 0.826138 0.000992372
1812.79 0.828387 0.000956547
1672.62 0.826627 0.000908528
1697.73 0.826501 0.000975645
1913.15 0.829553 0.000990784
1872.88 0.824176 0.00096514
1773.19 0.826202 0.000983809
1850.49 0.827243 0.00101692
1695.43 0.825706 0.000978871
1632.06 0.826968 0.000987864
1691.66 0.824592 0.000973866
2038.17 0.826803 0.0009322
1827.83 0.827879 0.000980478
1928.47 0.826587 0.000986303
2016.17 0.824101 0.000966556
1622.51 0.826174 0.000944138
1661.23 0.823048 0.000973864
1587.14 0.823883 0.000967491
1785.86 0.826835 0.000934314
2027.86 0.826077 0.000987019
1784.58 0.825429 0.000980683
1731.98 0.826728 0.000978909
1724.09 0.8263 0.000938195
1771.04 0.826984 0.000962636
67092.9 0.779589 0.348785
1674.09 0.824026 0.000960776
1588.35 0.826328 0.00097548
1757.21 0.825797 0.000979028
1991.73 0.826661 0.000970211
1911.74 0.82738 0.000998748
1603.15 0.824683 0.000977008
2239.72 0.827533 0.000935805
2008.47 0.82753 0.000957577
1644.32 0.826898 0.000991829
1881.07 0.827226 0.000981262
1724.66 0.823122 0.000987105
1771.5 0.827379 0.000969798
1677.97 0.826832 0.00101211
1561.78 0.825743 0.000986133
1777.56 0.827901 0.000928235
1865.85 0.828097 0.000977426
1765.53 0.826731 0.000914983
1724.44 0.826055 0.000963355
1714.23 0.826796 0.000978038
1726.64 0.825135 0.000989156
2159.74 0.826555 0.000954425
2148.97 0.828608 0.000949339
1969.9 0.828262 0.000982141
1780.29 0.824942 0.000982717
1619.86 0.825147 0.000984023
1911.62 0.825928 0.000982532
1619.21 0.828242 0.000974678
1760.85 0.826166 0.00101166
1695.4 0.825994 0.000948402
1607.22 0.827088 0.000981406
1691.43 0.823106 0.000954753
1843.1 0.829672 0.000988047
1664.86 0.827995 0.000985318
1877.44 0.826779 0.00101187
1782.29 0.824138 0.000943147
1696.85 0.825831 0.000913624
1632.6 0.824443 0.000969463
1686.1 0.82514 0.000986607
1800.63 0.826851 0.000969231
1667.65 0.824566 0.000937529
1796.66 0.826355 0.000984703
2205.76 0.82852 0.000974109
1905.5 0.827836 0.000989934
1714.16 0.825402 0.000977257
1625.73 0.826168 0.000986313
1734.12 0.823853 0.000954671
1641.87 0.824605 0.00098556
1871.78 0.826524 0.00100739
1734.89 0.826529 0.000974499
1579.62 0.826293 0.000981301
2211.12 0.82613 0.000989524
1994.25 0.827473 0.000959421
1624.8 0.82547 0.000937848
1805.2 0.829442 0.000952638
1679.63 0.824772 0.00097845
1677.76 0.825301 0.000917173
2178.14 0.82811 0.000981192
1619.08 0.825284 0.000953322
1597.5 0.828508 0.000974876
1646.38 0.824225 0.000959348
1832.14 0.823937 0.00100955
1726.41 0.829063 0.000994056
1625.36 0.824706 0.000985127
1797.52 0.826758 0.000995395
1946.02 0.826482 0.000942795
1617.29 0.826309 0.000888178
1652.69 0.825006 0.000967861
1679.05 0.822679 0.000970483
1678.28 0.825516 0.000927376
1788.33 0.82539 0.000985729
1704.73 0.825494 0.000963175
1884.4 0.825972 0.000955018
