0.82945
0.837469
0.824953
0.841377
0.8274
0.837161
0.828941
0.83291
0.838306
0.833222
0.827172
0.840198
0.836099
0.838428
0.829921
0.838373
0.8373
0.838523
0.83807
0.835614
0.840325
0.835101
0.842055
0.830959
0.840202
0.841083
0.828979
0.839569
0.840331
0.824796
0.833135
0.83472
0.828476
0.824122
0.828261
0.831277
0.831263
0.832993
0.824377
0.832114
0.836615
0.838596
0.839743
0.838322
0.839748
0.832455
0.83728
0.834356
0.83958
0.838284
0.838488
0.827209
0.827487
0.837607
0.837117
0.828903
0.826197
0.837345
0.831098
0.832363
0.841124
0.827763
0.838914
0.824632
0.827212
0.839416
0.834947
0.835462
0.830404
0.837814
0.838935
0.839637
0.832277
0.840122
0.833817
0.831161
0.839541
0.838438
0.82684
0.836297
0.82708
0.829088
0.840506
0.834325
0.837574
0.838822
0.831163
0.839398
0.829064
0.837765
0.830517
0.839615
0.83221
0.827525
0.83228
0.829771
0.838581
0.827871
0.829345
0.836431
0.823798
0.834455
0.830284
0.838899
0.835414
0.832643
0.839438
0.831125
0.834449
0.835669
0.827833
0.825815
0.833014
0.836276
0.838003
0.834671
0.824088
0.834837
0.830965
0.833124
0.835619
0.838093
0.830784
0.825998
0.834125
0.832711
0.836049
0.840628
0.838348
0.831489
0.826798
0.837589
0.835453
0.830881
0.827755
0.829348
0.836855
0.823764
0.840759
0.832936
0.83812
0.837277
0.835808
0.828042
0.826804
0.827541
0.839363
0.828191
0.836735
0.826087
0.83509
0.826755
0.839936
0.828689
0.826964
0.837321
0.826916
0.835889
0.835092
0.827269
0.827792
0.836166
0.836718
0.829643
0.830098
0.838134
0.828398
0.840192
0.838974
0.838949
0.830337
0.830953
0.824917
0.826482
0.838735
0.83255
0.828869
0.83008
0.826351
0.839919
0.832612
0.838327
0.829103
0.837116
0.827131
0.82779
0.839181
0.833038
0.828071
0.839395
0.839983
0.838439
0.82953
0.839688
0.831773
0.83391
0.837887
0.833199
0.837801
0.825247
0.836639
0.833053
0.835944
0.824643
0.837962
0.832272
0.8322
0.840394
0.834703
0.829536
0.838608
0.836369
0.836575
0.83313
0.841247
0.837972
0.839761
0.83795
0.82862
0.824321
0.839844
0.829721
0.838852
0.836866
0.833514
0.828911
0.839703
0.833247
0.832571
0.839539
0.830735
0.824907
0.841384
0.829978
0.838953
0.829193
0.828943
0.839581
0.836097
0.839974
0.839523
0.826791
0.835954
0.826809
0.833412
0.841779
0.831156
0.837751
0.838628
0.831374
0.84007
0.831605
0.833335
0.824882
0.835461
0.837905
0.839711
0.836839
0.830828
0.832355
0.828471
0.836091
0.840206
0.827973
0.838781
0.828795
0.828966
0.827192
0.833884
0.840522
0.832648
0.828938
0.833525
0.838842
0.831344
0.837742
0.832133
0.828253
0.838821
0.837736
0.835549
0.831641
0.826291
0.823982
0.842406
0.838902
0.827931
0.838617
0.827575
0.838857
0.839769
0.837075
0.827948
0.839358
0.840363
0.830894
0.840738
0.840009
0.838648
0.837751
0.836467
0.830267
0.839369
0.825816
0.833434
0.839604
0.833409
0.828258
0.826401
0.828159
0.825626
0.828626
0.83457
0.831583
0.839043
0.82728
0.837238
0.83293
0.827181
0.832323
0.831991
0.828538
0.836631
0.835423
0.830094
0.830372
0.82732
0.835813
0.83672
0.839169
0.826311
0.838148
0.827832
0.835343
0.83791
0.83729
0.827272
0.832594
0.835191
0.836915
0.840021
0.834764
0.831614
0.825557
0.826884
0.825219
0.823622
0.838472
0.834629
0.827555
0.839282
0.837388
0.836251
0.828261
0.837668
0.84055
0.836447
0.837903
0.825073
0.830032
0.838323
0.841277
0.835327
0.834634
0.834357
0.828039
0.828226
0.82659
0.827662
0.835551
0.842624
0.831724
0.831004
0.826106
0.833996
0.832517
0.831889
0.828434
0.825602
0.835878
0.832688
0.839723
0.838374
0.838912
0.826811
0.832408
0.840632
0.835091
0.832467
0.833106
0.832913
0.834713
0.840676
0.832442
0.833024
0.823003
0.833319
0.822482
0.82798
0.833114
0.837262
0.835665
0.831383
0.837902
0.828692
0.833393
0.838245
0.834471
0.833419
0.831843
0.827166
0.837254
0.826718
0.838797
0.827548
0.837449
0.831983
0.831098
0.832811
0.831814
0.827859
0.833938
0.829244
0.83745
0.840294
0.828634
0.825937
0.838061
0.830466
0.839934
0.832953
0.834548
0.832937
0.838749
0.836563
0.841039
0.828742
0.832442
0.834887
0.83431
0.833898
0.834459
0.826944
0.839681
0.831058
0.829315
0.828726
0.839901
0.832977
0.832482
0.832434
0.833061
0.832769
0.831697
0.841292
0.839828
0.826648
0.831658
0.838124
0.834263
0.825748
0.825538
0.833296
0.832801
0.839694
0.83924
0.837083
0.828255
0.824325
0.837833
0.835955
0.828379
0.82759
0.829157
0.832698
0.827603
0.824496
0.837527
0.838872
0.827004
0.83905
0.827543
0.828036
0.840473
0.831577
0.825537
0.831301
0.836433
0.840393
0.834959
0.840298
0.826827
0.838699
0.835599
0.829037
0.835609
0.824196
0.826574
0.830372
0.835759
0.831245
0.838334
0.840116
0.831132
0.830985
0.828316
0.835867
0.833809
0.836593
0.826037
0.840235
0.826368
0.830522
0.838918
0.840229
0.832481
0.836935
0.836476
0.829126
0.832291
0.836933
0.827161
0.825206
0.831944
0.836377
0.840857
0.823514
0.827457
0.834809
0.834109
0.834672
0.833379
0.829663
0.825868
0.837454
0.840498
0.834587
0.839457
0.837426
0.827044
0.832128
0.833056
0.826612
0.834198
0.834952
0.837778
0.824018
0.826675
0.839497
0.827858
0.825595
0.833488
0.829678
0.839148
0.837455
0.837559
0.83386
0.841111
0.836679
0.825682
0.824628
0.832931
0.836361
0.824955
0.82518
0.832118
0.83649
0.837371
0.84109
0.836664
0.833003
0.827606
0.823274
0.831308
0.824082
0.825464
0.836193
0.824717
0.836598
0.839211
0.839877
0.842065
0.83994
0.824671
0.834065
0.826781
0.836443
0.837136
0.837445
0.839337
0.826791
0.834094
0.836456
0.828179
0.825731
0.834099
0.827803
0.834353
0.827361
0.832374
0.834164
0.835742
0.840274
0.835916
0.838858
0.82943
0.834713
0.831772
0.834899
0.828503
0.840488
0.834771
0.84157
0.828099
0.841764
0.825835
0.838669
0.825301
0.823618
0.83393
0.824614
0.824525
0.837313
0.836962
0.840805
0.83769
0.834199
0.826461
0.829537
0.829285
0.82987
0.829676
0.828538
0.832781
0.837695
0.825261
0.828235
0.840983
0.832404
0.826834
0.827688
0.839276
0.832822
0.832994
0.83502
0.836046
0.834949
0.835903
0.830554
0.827443
0.832487
0.833933
0.827156
0.830243
0.838532
0.837271
0.826363
0.836842
0.829417
0.833136
0.836345
0.840321
0.831922
0.831934
0.826034
0.82643
0.828595
0.827883
0.838681
0.839056
0.825245
0.837636
0.827307
0.83538
0.841225
0.827264
0.828034
0.839031
0.839086
0.827557
0.828158
0.825024
0.836165
0.832032
0.838291
0.836119
0.839015
0.840428
0.824941
0.83904
0.827113
0.833711
0.832259
0.832985
0.837238
0.825923
0.830097
0.826295
0.837376
0.831192
0.841788
0.836471
0.827508
0.832551
0.839922
0.830769
0.829778
0.830688
0.829927
0.829614
0.839386
0.838303
0.827696
0.826493
0.836116
0.836022
0.828298
0.839699
0.837204
0.826712
0.838515
0.827808
0.833018
0.837103
0.833049
0.832615
0.826933
0.830419
0.826748
0.839989
0.838629
0.826511
0.824398
0.838514
0.838721
0.840325
0.829687
0.826955
0.838213
0.828036
0.828993
0.84076
0.8369
0.830005
0.837343
0.829815
0.829365
0.826907
0.829543
0.83328
0.83992
0.837694
0.83579
0.83564
0.828745
0.827354
0.828241
0.825312
0.825765
0.837591
0.826557
0.840898
0.826634
0.836961
0.828443
0.840565
0.829295
0.828146
0.837132
0.839826
0.827082
0.834103
0.836636
0.833682
0.826328
0.838471
0.824182
0.824692
0.838727
0.824495
0.828615
0.840476
0.833223
0.825701
0.827223
0.839986
0.827306
0.838764
0.841542
0.834715
0.839311
0.841685
0.82415
0.82657
0.836408
0.825705
0.825245
0.838081
0.840134
0.824988
0.830306
0.825327
0.827078
0.839067
0.841254
0.823754
0.835869
0.8254
0.824444
0.832378
0.828348
0.834803
0.837643
0.840162
0.826949
0.828169
0.834869
0.834245
0.841805
0.836091
0.829945
0.835988
0.840939
0.836312
0.839089
0.827988
0.837943
0.836779
0.839554
0.842181
0.823804
0.826838
0.825107
0.822801
0.826973
0.838163
0.841136
0.83893
0.83284
0.832492
0.828936
0.831402
0.825785
0.84022
0.835891
0.835149
0.833508
0.828569
0.830649
0.831968
0.830969
0.825406
0.826721
0.830288
0.829215
0.826497
0.825758
0.826835
0.825474
0.824545
0.836664
0.828733
0.828935
0.832639
0.837814
0.824886
0.831774
0.827978
0.83272
0.825294
0.832575
0.826682
0.83226
0.840877
0.829712
0.839593
0.839288
0.825469
0.829269
0.838668
0.836769
0.824798
0.838407
0.830626
0.827116
0.831946
0.82634
0.831537
0.835449
0.834899
0.836138
0.82811
0.839711
0.840624
0.835227
0.835441
0.837965
0.841051
0.83088
0.834847
0.836498
0.829771
0.828147
0.836209
0.826054
0.824381
0.838493
0.836315
0.841386
0.83349
0.841515
0.836179
0.831571
0.834975
0.832843
0.827269
0.838239
0.838534
0.840954
0.826311
0.840461
0.82658
0.842069
0.839766
0.83823
0.834583
0.830728
0.836129
0.828042
0.82815
0.829937
0.82753
0.83594
0.824528
0.833645
0.838789
0.833017
0.83802
0.840005
0.83128
0.839524
0.837073
0.836298
0.837128
0.825129
0.840175
0.837279
0.83693
0.830412
0.836702
0.832587
0.835813
0.837918
0.840135
0.827831
0.833933
0.837716
0.83422
0.831886
0.826785
0.826232
0.827519
0.823021
0.84253
0.833813
0.828774
0.835621
0.826099
0.831777
0.828984
0.823921
0.826995
0.828217
0.825582
0.827673
0.824173
0.839639
0.827619
0.838823
0.826172
0.829028
0.82862
0.824984
0.835485
0.827048
0.838157
0.828532
0.836949
0.839372
0.830332
0.839786
0.832511
0.833158
0.839419
0.838933
0.837295
0.82757
0.828371
0.836992
0.839646
0.840138
0.828625
0.827104
0.838828
0.832929
0.832242
0.834341
0.831935
0.826342
0.827552
0.838666
0.828541
0.834233
0.840702
0.832458
0.823981
0.836601
0.834365
0.835631
0.828688
0.837014
0.839542
0.832079
0.839869
0.838638
0.838584
0.826935
0.839657
0.837053
0.830722
0.836557
0.837906
0.833466
0.841814
0.827856
0.830665
0.836188
0.831535
0.83999
0.837379
0.837912
0.832298
0.827886
0.839178
0.837253
0.841276
0.831464
0.836071
0.832021
0.839261
0.832683
0.835315
0.825924
0.825886
0.825046
0.839935
0.831058
0.826137
0.831529
0.829092
0.826749
0.825602
0.835857
0.840039
0.825342
0.828612
0.831787
0.827328
0.832379
0.839746
0.826658
0.836735
0.826426
0.839484
0.827561
0.837924
0.840564
0.838025
0.835182
0.827104
0.835784
0.8338
0.835765
0.839778
0.831605
0.839004
0.837962
0.840961
0.828604
0.828078
0.836779
0.824499
0.832603
0.836042
0.836199
0.832851
0.839916
0.833257
0.836305
0.825805
0.82558
0.840758
0.840252
0.834452
0.838921
0.829374
0.828364
0.840091
0.832682
0.836629
0.831633
0.828452
0.832966
0.83827
0.828117
0.83118
0.837458
0.832735
0.834647
0.82898
0.824037
0.827011
0.841746
0.826182
0.835769
0.836217
0.836818
0.834681
0.831463
0.8265
0.832581
0.830229
0.831353
0.838623
0.831075
0.836293
0.826843
0.827769
0.82783
0.837511
0.831764
0.837479
0.827516
0.840624
0.827692
0.832548
0.836267
0.838935
0.836054
0.828198
0.841752
0.827103
0.833173
0.839424
0.825059
0.840625
0.826799
0.824574
0.833551
0.835911
0.832794
0.836618
0.831818
0.83835
0.840944
0.835259
0.839736
0.827922
0.829296
0.83205
0.823867
0.832142
0.831174
0.822626
0.825795
0.831817
0.833129
0.824501
0.835858
0.831175
0.833014
0.836376
0.832276
0.840263
0.825418
0.83335
0.839673
0.826884
0.829464
0.835713
0.826198
0.833168
0.837364
0.836463
0.824816
0.827612
0.833312
0.841223
0.837642
0.824001
0.839583
0.826677
0.832881
0.833879
0.834404
0.841493
0.82991
0.834772
0.82778
0.831155
0.83684
0.838841
0.827665
0.830826
0.825859
0.827407
0.829591
0.834341
0.838168
0.838614
0.838076
0.840654
0.833144
0.838115
0.831385
0.831608
0.840885
0.831275
0.836554
0.839663
0.837119
0.830407
0.837918
0.835144
0.828068
0.829257
0.834025
0.827387
0.836628
0.835316
0.830219
0.832179
0.838006
0.825577
0.837344
0.838601
0.833694
0.838711
0.833236
0.83078
0.834809
0.839164
0.839329
0.827945
0.833125
0.832586
0.834479
0.832205
0.825006
0.82744
0.839635
0.83403
0.834479
0.837456
0.837012
0.839501
0.827484
0.832217
0.8265
0.83496
0.839155
0.829109
0.836793
0.83885
0.837332
0.831822
0.829403
0.829104
0.832664
0.828402
0.825175
0.82764
0.826222
0.826175
0.832041
0.831458
0.834419
0.839364
0.828063
0.829914
0.830859
0.839872
0.828704
0.831572
0.839716
0.837895
0.837135
0.840989
0.839001
0.839406
0.827418
0.840066
0.832917
0.834664
0.825066
0.839636
0.842177
0.839492
0.839939
0.836725
0.840361
0.82672
0.832588
0.83002
0.836975
0.833008
0.827742
0.832477
0.842266
0.837991
0.837712
0.839571
0.837503
0.833697
0.832388
0.838542
0.833471
0.828564
0.838801
0.837088
0.8388
0.832421
0.838415
0.831426
0.837702
0.832626
0.838816
0.840339
0.824151
0.839392
0.839551
0.824787
0.839173
0.827862
0.840783
0.842263
0.833237
0.824448
0.832758
0.831669
0.835895
0.833675
0.835099
0.838852
0.834196
0.83529
0.826885
0.824948
0.837879
0.831545
0.83213
0.838275
0.833624
0.827511
0.824833
0.836217
0.835743
0.831935
0.831932
0.837848
0.828937
0.838113
0.830264
0.835074
0.830592
0.838176
0.825379
0.828025
0.836819
0.828574
0.836464
0.838272
0.838118
0.830227
0.831063
0.827159
0.828631
0.830998
0.828489
0.831517
0.838049
0.837945
0.822991
0.832333
0.838939
0.838643
0.836794
0.837341
0.837046
0.837203
0.831744
0.833895
0.831724
0.83149
0.836753
0.824925
0.829985
0.831472
0.827928
0.83789
0.832505
0.833629
0.842102
0.829611
0.831647
0.828313
0.8256
0.83649
0.827314
0.834435
0.840747
0.827818
0.838117
0.828525
0.838813
0.837765
0.839951
0.841057
0.837064
0.836769
0.835613
0.826351
0.839494
0.827358
0.836114
0.829646
0.834973
0.825724
0.835475
0.831712
0.837441
0.823525
0.838478
0.825767
0.838653
0.827094
0.829394
0.832458
0.838311
0.833528
0.839216
0.826058
0.835912
0.839856
0.828176
0.840653
0.84033
0.832331
0.837828
0.838598
0.827961
0.828187
0.830924
0.825565
0.827084
0.825577
0.830285
0.840277
0.826387
0.826447
0.838619
0.839108
0.833323
0.840663
0.827691
0.826662
0.831664
0.831543
0.828315
0.829542
0.823377
0.832515
0.825112
0.83233
0.826498
0.826506
0.837363
0.841258
0.826216
0.835311
0.842072
0.834419
0.827504
0.833035
0.84016
0.825405
0.837741
0.826567
0.834819
0.824642
0.839061
0.832505
0.836956
0.829881
0.82759
0.831538
0.834734
0.832051
0.830763
0.837304
0.831367
0.838291
0.834038
0.838187
0.831266
0.834743
0.835803
0.834529
0.833211
0.82903
0.82817
0.831985
0.826692
0.831155
0.836694
0.827963
0.838178
0.838679
0.82853
0.833798
0.832296
0.829764
0.824575
0.836896
0.837025
0.83607
0.83669
0.826994
0.828527
0.838089
0.84063
0.831664
0.822442
0.83826
0.83936
0.829082
0.837956
0.839986
0.839158
0.833121
0.827616
0.83632
0.833789
0.83242
0.828352
0.8315
0.834401
0.841012
0.82707
0.828765
0.834909
0.83857
0.82299
0.83704
0.836416
0.836064
0.837869
0.84086
0.840038
0.827598
0.833314
0.827379
0.840439
0.838643
0.825639
0.837171
0.830588
0.834906
0.836146
0.839571
0.838575
0.828796
0.828246
0.836113
0.838603
0.840753
0.830215
0.838457
0.828459
0.822055
0.831191
0.837381
0.826371
0.827544
0.826157
0.827233
0.83318
0.82929
0.823435
0.83133
0.838998
0.840672
0.830519
0.834396
0.833508
0.835091
0.825246
0.838703
0.838631
0.826311
0.832069
0.837352
0.837217
0.83226
0.832547
0.839712
0.832158
0.832847
0.836453
0.828451
0.836669
0.826981
0.838146
0.828251
0.82677
0.829428
0.826975
0.839413
0.83315
0.83912
0.838394
0.830007
0.838503
0.826194
0.834803
0.839281
0.839741
0.834304
0.838153
0.835886
0.830382
0.830942
0.828513
0.837231
0.840074
0.829165
0.840302
0.840287
0.842486
0.82714
0.826599
0.832468
0.835546
0.839779
0.840142
0.836712
0.837579
0.82846
0.84078
0.827328
0.825662
0.837668
0.832846
0.832746
0.828576
0.842193
0.82962
0.839555
0.825115
0.840521
0.833475
0.834369
0.827104
0.831592
0.826348
0.833389
0.826894
0.828729
0.827316
0.827043
0.833212
0.838952
0.836086
0.827897
0.840933
0.829671
0.827278
0.828645
0.836411
0.831544
0.828107
0.829227
0.840996
0.83168
0.840298
0.837177
0.827636
0.828649
0.840161
0.833404
0.829761
0.830261
0.824976
0.836513
0.838669
0.832403
0.831137
0.840868
0.833821
0.838937
0.827929
0.833253
0.830985
0.836568
0.832814
0.834787
0.832126
0.835954
0.831139
0.839893
0.827471
0.838492
0.824599
0.8361
0.832841
0.836944
0.840839
0.838836
0.840516
0.836587
0.827414
0.829953
0.840227
0.829567
0.827162
0.826901
0.829497
0.830656
0.83627
0.82435
0.828966
0.824555
0.833847
0.839871
0.836585
0.833152
0.83065
0.831229
0.835778
0.831232
0.83837
0.832421
0.840501
0.836153
0.832955
0.831305
0.836239
0.839001
0.837752
0.824587
0.828288
0.84077
0.826769
0.824035
0.839124
0.835918
0.82796
0.839801
0.839217
0.827481
0.838121
0.827108
0.839723
0.83188
0.832605
0.827917
0.83212
0.833457
0.83083
0.832385
0.83409
0.827232
0.835223
0.832404
0.828932
0.834152
0.839047
0.837824
0.82768
0.839204
0.838284
0.841157
0.834682
0.837676
0.832096
0.837267
0.832985
0.825441
0.841399
0.826363
0.825201
0.832309
0.835869
0.832032
0.829241
0.825705
0.828926
0.82536
0.840122
0.832941
0.838547
0.832019
0.838245
0.825843
0.829242
0.828838
0.827954
0.831831
0.840448
0.839664
0.826025
0.839513
0.83218
0.828871
0.829756
0.825828
0.840966
0.837783
0.826185
0.828048
0.83946
0.837243
0.82747
0.839935
0.831779
0.836461
0.830777
0.83304
0.837555
0.82481
0.829042
0.835986
0.82855
0.840419
0.835304
0.832169
0.832276
0.828335
0.835629
0.831733
0.827696
0.828105
0.826573
0.835161
0.834763
0.830972
0.830112
0.831309
0.827721
0.830476
0.830324
0.839343
0.831049
0.836202
0.836411
0.827233
0.825604
0.834089
0.82261
0.835916
0.832935
0.836367
0.824927
0.83826
0.840841
0.840058
0.84146
0.832541
0.838938
0.838537
0.825522
0.83948
0.838361
0.837145
0.828524
0.831679
0.841158
0.836808
0.832557
0.825794
0.833783
0.831256
0.839923
0.826992
0.843821
0.832505
0.840326
0.838407
0.831303
0.835101
0.840927
0.831796
0.826862
0.841676
0.831785
0.831714
0.838895
0.824734
0.826966
0.835191
0.839051
0.831743
0.837814
0.832754
0.839263
0.840674
0.837291
0.834257
0.834782
0.838273
0.82683
0.827132
0.839776
0.833334
0.833148
0.828044
0.838451
0.83105
0.828741
0.832623
0.829784
0.840298
0.838422
0.825655
0.836759
0.840246
0.833382
0.835455
0.839565
0.825503
0.837052
0.832303
0.827493
0.834985
0.832345
0.837234
0.838507
0.84051
0.82595
0.826333
0.826375
0.838845
0.838783
0.838888
0.840465
0.833845
0.839017
0.828994
0.826278
0.832149
0.831761
0.831212
0.827333
0.824074
0.832565
0.832965
0.833332
0.828901
0.82938
0.837666
0.828421
0.840087
0.840207
0.83728
0.838557
0.833276
0.830877
0.839086
0.834678
0.823205
0.827262
0.83193
0.839783
0.824574
0.833345
0.831083
0.834835
0.834782
0.835489
0.828958
0.825186
0.836238
0.833102
0.827274
0.827066
0.828336
0.825019
0.836459
0.832574
0.828062
0.825353
0.833113
0.833618
0.827349
0.837179
0.838598
0.83823
0.8374
0.837959
0.839747
0.824802
0.828094
0.828815
0.82617
0.839249
0.836047
0.829225
0.840475
0.838743
0.832018
0.831371
0.832176
0.837092
0.832501
0.836174
0.835046
0.838868
0.825531
0.825834
0.836804
0.829583
0.829513
0.833357
0.826341
0.828751
0.824413
0.827282
0.835395
0.829099
0.8315
0.837129
0.837365
0.824582
0.825987
0.824829
0.837833
0.838517
0.835144
0.835916
0.84061
0.838284
0.836661
0.830635
0.839197
0.82671
0.840088
0.828711
0.834537
0.824604
0.827159
0.832208
0.825707
0.829112
0.827023
0.831298
0.839252
0.833852
0.831183
0.839219
0.840434
0.825372
0.840011
0.821784
0.832931
0.836617
0.839519
0.838405
0.835768
0.831955
0.83265
0.840358
0.836312
0.832807
0.825018
0.839115
0.824435
0.823261
0.832419
0.839144
0.827888
0.836123
0.829917
0.837005
0.826133
0.826134
0.828573
0.827578
0.83782
0.83574
0.830713
0.82821
0.831487
0.828082
0.829022
0.835034
0.837396
0.839996
0.841866
0.828262
0.823639
0.829392
0.831624
0.840357
0.834522
0.836677
0.828032
0.842458
0.837316
0.824445
0.840601
0.826955
0.825883
0.829515
0.830015
0.839298
0.832244
0.828462
0.838938
0.836399
0.826321
0.827367
0.834993
0.825528
0.828702
0.841688
0.83715
0.831554
0.832713
0.833284
0.828762
0.827451
0.839336
0.833535
0.827424
0.831525
0.824788
0.834906
0.831114
0.840203
0.833314
0.827514
0.827401
0.835441
0.839197
0.825533
0.831519
0.833419
0.832762
0.84101
0.835556
0.836054
0.831876
0.833969
0.842373
0.836256
0.82491
0.826505
0.832578
0.832897
0.837839
0.832545
0.825293
0.839647
0.831992
0.826374
0.838008
0.827588
0.832655
0.833323
0.835881
0.825029
0.828424
0.833112
0.838652
0.833186
0.836258
0.8376
0.830608
0.839713
0.836692
0.826994
0.831513
0.834968
0.836885
0.832264
0.826042
0.828214
0.837817
0.826731
0.838254
0.834193
0.83947
0.827074
0.83868
0.82398
0.839438
0.839694
0.832292
0.837319
0.829249
0.828688
0.832503
0.838795
0.838603
0.828354
0.83311
0.827124
0.827355
0.825355
0.828524
0.832238
0.826016
0.833715
0.832983
0.833132
0.838721
0.824955
0.8236
0.826906
0.825879
0.839446
0.832125
0.836822
0.837161
0.831941
0.83962
0.833722
0.839922
0.833298
0.830817
0.831526
0.828062
0.840326
0.835615
0.831089
0.829
0.839402
0.836252
0.826375
0.823732
0.829789
0.83619
0.838568
0.836246
0.830448
0.832178
0.839816
0.826193
0.841556
0.837703
0.838214
0.829736
0.840778
0.839477
0.837883
0.839887
0.825932
0.829672
0.840281
0.827902
0.832674
0.839301
0.832814
0.839596
0.828466
0.830561
0.842749
0.833042
0.830985
0.826156
0.840383
0.838909
0.836407
0.824672
0.839619
0.828622
0.839475
0.825036
0.82427
0.826527
0.833591
0.827024
0.826246
0.834743
0.827192
0.829257
0.834305
0.825823
0.841222
0.829051
0.834063
0.837119
0.840049
0.827792
0.82947
0.839222
0.839217
0.836176
0.826826
0.832839
0.835735
0.825869
0.839619
0.838609
0.836637
0.83156
0.829908
0.835078
0.832489
0.829223
0.825596
0.825805
0.826443
0.828321
0.837255
0.827551
0.835244
0.837436
0.826559
0.829383
0.840986
0.829102
0.832451
0.837426
0.826387
0.838267
0.832462
0.837972
0.826892
0.833181
0.829266
0.836494
0.838939
0.827941
0.839752
0.831491
0.83783
0.82666
0.839201
0.839324
0.831455
0.838692
0.840213
0.840188
0.839481
0.831445
0.840148
0.832349
0.84299
0.82746
0.840808
0.828289
0.834557
0.829165
0.842076
0.838968
0.839498
0.828
0.831068
0.832556
0.828255
0.834844
0.823016
0.833993
0.833335
0.836858
0.839862
0.830278
0.8379
0.832083
0.839471
0.831549
0.827581
0.833774
0.836644
0.831473
0.837323
0.836393
0.832298
0.834445
0.824943
0.831466
0.836266
0.827668
0.839174
0.831693
0.824625
0.839748
0.839638
0.831223
0.826548
0.826542
0.827596
0.838169
0.828695
0.827086
0.827298
0.839345
0.836193
0.838907
0.828896
0.83676
0.825978
0.825212
0.827389
0.827564
0.837754
0.826802
0.831902
0.838209
0.837869
0.829147
0.827209
0.840152
0.835272
0.829017
0.834586
0.838092
0.832098
0.835406
0.828838
0.840946
0.837295
0.830677
0.837372
0.828819
0.82215
0.83655
0.831121
0.830829
0.833473
0.834209
0.82588
0.839669
0.832507
0.824897
0.835438
0.831573
0.828849
0.832988
0.828368
0.825961
0.832087
0.835329
0.839429
0.823182
0.828141
0.826115
0.835132
0.824811
0.841004
0.824442
0.835999
0.840833
0.826797
0.826262
0.837205
0.82653
0.840242
0.833517
0.836761
0.827461
0.829167
0.825636
0.838821
0.832398
0.828435
0.825961
0.836788
0.834842
0.82856
0.826429
0.830215
0.83711
0.834076
0.831416
0.832681
0.837436
0.827215
0.827859
0.836155
0.825925
0.838943
0.827251
0.829336
0.831273
0.832448
0.825787
0.828996
0.832295
0.827792
0.837283
0.83734
0.83012
0.840344
0.832818
0.826057
0.83627
0.835156
0.831812
0.833549
0.83697
0.823941
0.832993
0.830671
0.833758
0.840432
0.839356
0.839122
0.839502
0.83236
0.82963
0.830832
0.82579
0.839106
0.831605
0.828999
0.839508
0.830829
0.838015
0.828418
0.839441
0.835833
0.834099
0.839837
0.832711
0.836511
0.838951
0.83382
0.839881
0.834504
0.827696
0.839113
0.835964
0.847166
0.82678
0.831708
0.827542
0.830073
0.83143
0.836998
0.838785
0.83949
0.826513
0.827741
0.831454
0.839935
0.839669
0.837385
0.827682
0.836155
0.833726
0.837056
0.825336
0.833706
0.829547
0.827521
0.82502
0.82931
0.825168
0.83096
0.826577
0.831799
0.830396
0.839725
0.825573
0.831374
0.838942
0.836087
0.830202
0.828533
0.828077
0.828178
0.827575
0.833463
0.840895
0.831792
0.839903
0.827608
0.828197
0.840843
0.841795
0.827769
0.83456
0.840601
0.839976
0.843027
0.828348
0.82452
0.828432
0.827362
0.825577
0.825109
0.827675
0.837892
0.82669
0.830602
0.824157
0.82808
0.840232
0.838938
0.834043
0.824692
0.831555
0.836277
0.829022
0.826353
0.838412
0.838827
0.8351
0.838342
0.832482
0.836545
0.825845
0.839053
0.825439
0.83872
0.827508
0.825643
0.826217
0.832497
0.827967
0.826677
0.828477
0.829166
0.837589
0.835591
0.836544
0.82838
0.831483
0.830185
0.832776
0.838887
0.83873
0.829085
0.838682
0.831531
0.830039
0.830637
0.835075
0.829566
0.835364
0.824577
0.838211
0.840169
0.828606
0.839527
0.840566
0.827471
0.8376
0.825744
0.827039
0.824953
0.841019
0.836699
0.829171
0.832412
0.837502
0.835753
0.839515
0.82642
0.839127
0.825498
0.8259
0.829863
0.839942
0.826567
0.8329
0.825965
0.829983
0.827563
0.832271
0.837174
0.841154
0.827696
0.830819
0.832962
0.825044
0.832394
0.834513
0.831454
0.830077
0.832883
0.840082
0.825986
0.826077
0.838822
0.833247
0.82796
0.825879
0.835379
0.836379
0.834729
0.839396
0.823705
0.83871
0.836447
0.832574
0.831536
0.836408
0.841188
0.830108
0.838829
0.841483
0.828071
0.833389
0.839614
0.841447
0.828059
0.834297
0.826708
0.842161
0.830864
0.828761
0.841671
0.828487
0.839512
0.830808
0.832341
0.835942
0.838804
0.833444
0.825152
0.828598
0.838439
0.825055
0.833437
0.839161
0.827922
0.83257
0.83805
0.841099
0.826165
0.825958
0.82719
0.837748
0.835895
0.826155
0.830516
0.838089
0.822523
0.838413
0.832667
0.836328
0.827165
0.829794
0.828784
0.82856
0.839328
0.827721
0.840577
0.823253
0.825711
0.825621
0.824206
0.824824
0.831793
0.835893
0.839979
0.837761
0.827666
0.836819
0.837489
0.838913
0.83728
0.827654
0.828767
0.832403
0.827098
0.827728
0.830847
0.838506
0.831678
0.827351
0.825116
0.829107
0.834043
0.837718
0.831412
0.833141
0.832304
0.837386
0.837362
0.836456
0.832347
0.833005
0.824435
0.828164
0.836256
0.836676
0.838576
0.838544
0.835447
0.838364
0.828384
0.828561
0.834585
0.835131
0.829537
0.838744
0.828843
0.828683
0.837527
0.838681
0.833336
0.827419
0.825642
0.835418
0.833067
0.835208
0.832952
0.830807
0.829407
0.829418
0.840989
0.826105
0.8401
0.841168
0.832434
0.828114
0.827061
0.836585
0.837031
0.839286
0.829091
0.835589
0.83937
0.836915
0.833687
0.835403
0.839057
0.825814
0.835846
0.838843
0.836693
0.823598
0.833276
0.826496
0.826518
0.832063
0.832187
0.840576
0.826409
0.839038
0.832338
0.821497
0.831927
0.832435
0.827884
0.829215
0.835975
0.824586
0.837684
0.825948
0.832216
0.83797
0.830272
0.840918
0.833646
0.826013
0.827204
0.833888
0.837476
0.833753
0.826883
0.828615
0.828196
0.831877
0.837952
0.839779
0.824511
0.832515
0.829031
0.836676
0.831429
0.832252
0.826506
0.838611
0.829804
0.838353
0.834297
0.827885
0.828454
0.832655
0.830124
0.829181
0.827487
0.836976
0.833135
0.839526
0.824186
0.835565
0.83853
0.838567
0.83302
0.826644
0.835886
0.837299
0.834639
0.839045
0.827169
0.832599
0.831786
0.838176
0.833751
0.83565
0.840432
0.829143
0.836897
0.832051
0.838887
0.825826
0.837092
0.838046
0.825493
0.836188
0.825109
0.824856
0.831592
0.838893
0.840328
0.840675
0.83637
0.820946
0.825539
0.824184
0.840249
0.838081
0.84026
0.828123
0.834122
0.830712
0.831424
0.828746
0.838119
0.839159
0.826889
0.832868
0.83426
0.832423
0.834657
0.825318
0.83336
0.838723
0.830751
0.830013
0.831696
0.839563
0.829408
0.826055
0.842956
0.838039
0.840603
0.839992
0.838743
0.836379
0.827066
0.835374
0.834887
0.838259
0.827862
0.839369
0.828333
0.833942
0.837934
0.824456
0.825876
0.832836
0.832781
0.828994
0.828166
0.827794
0.832007
0.840148
0.829466
0.827403
0.832547
0.827817
0.835074
0.834476
0.835898
0.840462
0.823867
0.829562
0.835964
0.834754
0.828372
0.827502
0.836215
0.838604
0.828812
0.824097
0.83056
0.833895
0.827446
0.83924
0.84077
0.831689
0.832756
0.831029
0.827767
0.826136
0.834338
0.835045
0.837016
0.827259
0.835404
0.828282
0.823983
0.833097
0.825787
0.828593
0.838357
0.840591
0.832302
0.841886
0.834417
0.830112
0.82899
0.839355
0.837834
0.831677
0.827988
0.830626
0.82991
0.826706
0.831807
0.838951
0.833304
0.838348
0.827133
0.831816
0.82337
0.826175
0.836255
0.830781
0.832711
0.839361
0.829054
0.830768
0.832989
0.835453
0.837068
0.840644
0.825372
0.831755
0.842268
0.825644
0.827156
0.831246
0.83766
0.832854
0.827936
0.825919
0.83938
0.837492
0.831538
0.840172
0.8334
0.841967
0.831039
0.829503
0.83339
0.828127
0.827089
0.832612
0.831381
0.839902
0.830422
0.831568
0.840659
0.838122
0.832917
0.837823
0.836356
0.836264
0.838889
0.839391
0.825306
0.835046
0.831717
0.829296
0.839194
0.839868
0.826417
0.839814
0.8265
0.832199
0.832101
0.838038
0.826648
0.836718
0.828845
0.832477
0.831241
0.841081
0.838215
0.84311
0.838602
0.83875
0.826156
0.831093
0.830992
0.826538
0.826091
0.827653
0.842362
0.838253
0.83883
0.831705
0.840499
0.828589
0.827967
0.841498
0.8372
0.837163
0.83774
0.840776
0.82645
0.833205
0.832257
0.831612
0.828972
0.839919
0.826955
0.825875
0.839355
0.833067
0.839954
0.825676
0.83649
0.837264
0.823207
0.840979
0.839116
0.836294
0.832713
0.835598
0.83783
0.825784
0.825398
0.828466
0.823706
0.827042
0.839053
0.831019
0.838801
0.836559
0.827836
0.830113
0.828418
0.832749
0.833305
0.824729
0.837901
0.839445
0.838157
0.835373
0.841539
0.832883
0.835179
0.835733
0.836728
0.835094
0.839977
0.834273
0.826725
0.840239
0.839271
0.839862
0.836952
0.83903
0.828373
0.826759
0.839946
0.828159
0.833477
0.827365
0.828702
0.832335
0.838806
0.826702
0.827754
0.826532
0.826151
0.835118
0.836095
0.83285
0.829527
0.829617
0.825061
0.836421
0.827778
0.83558
0.838822
0.826878
0.838376
0.834856
0.838777
0.82904
0.83867
0.839045
0.832105
0.836422
0.834479
0.835347
0.83821
0.834819
0.824114
0.837092
0.837759
0.839255
0.826119
0.835847
0.840102
0.828273
0.837286
0.837569
0.831644
0.836368
0.829683
0.829606
0.829433
0.827853
0.825184
0.834139
0.832594
0.831887
0.824454
0.830807
0.828654
0.834976
0.833759
0.826753
0.83794
0.83144
0.837432
0.825903
0.835381
0.826856
0.827449
0.839646
0.828153
0.826839
0.837628
0.824308
0.834507
0.82499
0.827697
0.82594
0.841375
0.835521
0.839291
0.827055
0.826342
0.839801
0.837725
0.83845
0.834288
0.827005
0.82412
0.832191
0.827688
0.830123
0.832437
0.839456
0.824213
0.836249
0.831852
0.826186
0.832121
0.831203
0.839957
0.830055
0.838862
0.836644
0.84004
0.828581
0.83909
0.838845
0.831868
0.836688
0.840687
0.830338
0.827351
0.839371
0.835989
0.834657
0.839872
0.825549
0.834541
0.835699
0.829198
0.825703
0.834228
0.830294
0.839038
0.826664
0.837954
0.839552
0.830419
0.837961
0.836444
0.841024
0.833366
0.839981
0.838364
0.831576
0.840529
0.835995
0.825445
0.825586
0.828089
0.826739
0.839282
0.838009
0.828651
0.823918
0.836811
0.829387
0.824435
0.831213
0.827614
0.840422
0.835361
0.836074
0.829172
0.839148
0.826658
0.834311
0.824742
0.831611
0.822161
0.824555
0.839923
0.827772
0.834218
0.840168
0.834113
0.829335
0.829154
0.840351
0.841508
0.838533
0.83225
0.838318
0.825695
0.826273
0.837692
0.833099
0.837898
0.840872
0.839807
0.835063
0.838982
0.8328
0.824628
0.829227
0.827787
0.842463
0.824178
0.839933
0.837049
0.832286
0.824518
0.835554
0.824673
0.83358
0.831981
0.829447
0.839032
0.827767
0.825965
0.825466
0.828146
0.8376
0.827794
0.82688
0.835188
0.831445
0.837718
0.829204
0.829609
0.827405
0.824933
0.823737
0.832296
0.824562
0.841863
0.836642
0.827128
0.831487
0.840392
0.827217
0.83974
0.837001
0.836429
0.839715
0.827626
0.84002
0.82811
0.838383
0.837224
0.840433
0.825647
0.827558
0.826616
0.830688
0.830967
0.826529
0.837492
0.831282
0.828608
0.840577
0.831283
0.831224
0.832392
0.833822
0.838292
0.826566
0.827356
0.825536
0.826605
0.834305
0.838461
0.839276
0.825907
0.823153
0.835441
0.840839
0.824365
0.830825
0.839262
0.828301
0.84034
0.827475
0.831926
0.830252
0.830986
0.839358
0.838937
0.838512
0.831421
0.837676
0.831494
0.828395
0.836589
0.83704
0.829858
0.824161
0.828785
0.841576
0.822199
0.826761
0.835976
0.824348
0.837007
0.837416
0.825164
0.831828
0.839825
0.830792
0.83745
0.833056
0.840669
0.840596
0.834118
0.83876
0.83678
0.836056
0.839858
0.835489
0.824622
0.827186
0.830815
0.827602
0.832167
0.832326
0.83411
0.838835
0.836667
0.828544
0.832262
0.825435
0.834312
0.835911
0.833529
0.840667
0.838459
0.825664
0.83673
0.833949
0.834082
0.831833
0.831204
0.83647
0.839516
0.839041
0.832491
0.833715
0.82577
0.831799
0.837867
0.838629
0.839282
0.827221
0.839853
0.824752
0.83571
0.827519
0.838996
0.825771
0.83712
0.827862
0.837607
0.828566
0.831996
0.83683
0.831749
0.841555
0.825675
0.832806
0.833163
0.828268
0.836463
0.835546
0.826256
0.834983
0.828395
0.840657
0.838024
0.827879
0.832958
0.83229
0.826107
0.836011
0.828581
0.835967
0.826018
0.822887
0.829273
0.83795
0.839906
0.837663
0.833674
0.827228
0.841249
0.832227
0.827244
0.838406
0.839648
0.83747
0.82466
0.830428
0.830888
0.83819
0.831534
0.838519
0.837324
0.82568
0.832938
0.838352
0.829871
0.825614
0.838802
0.826924
0.83783
0.828648
0.826693
0.825392
0.826392
0.82644
0.840889
0.840063
0.839998
0.831783
0.832542
0.838742
0.82637
0.834916
0.836898
0.839754
0.840192
0.83558
0.826431
0.837218
0.826829
0.834322
0.837091
0.835594
0.832588
0.833624
0.826154
0.837389
0.828738
0.835891
0.840283
0.83836
0.834476
0.827723
0.828055
0.839813
0.833053
0.828203
0.839995
0.83188
0.838081
0.843019
0.831265
0.830286
0.840944
0.839862
0.83958
0.838432
0.830203
0.836134
0.838004
0.839984
0.828289
0.8387
0.827867
0.829214
0.827653
0.839809
0.831425
0.832999
0.82499
0.838838
0.837796
0.834589
0.828714
0.835694
0.832492
0.839862
0.838402
0.838844
0.829467
0.832709
0.839096
0.827978
0.824698
0.840111
0.828202
0.826731
0.826217
0.841157
0.84014
0.842492
0.825792
0.830861
0.836555
0.825228
0.834801
0.839356
0.835217
0.836327
0.838143
0.83688
0.838982
0.840021
0.83164
0.830931
0.83293
0.833649
0.829667
0.824789
0.827126
0.82937
0.835123
0.832046
0.838619
0.831556
0.839045
0.837846
0.839315
0.839322
0.840124
0.831251
0.83312
0.82703
0.841095
0.837037
0.825909
0.839039
0.841049
0.828651
0.840334
0.82558
0.823301
0.834112
0.83238
0.840578
0.832369
0.832878
0.839748
0.838682
0.838623
0.830204
0.840197
0.840166
0.836187
0.842217
0.828367
0.836995
0.839886
0.833736
0.833186
0.827177
0.837295
0.831316
0.83183
0.827236
0.826258
0.831576
0.833196
0.82868
0.826764
0.830935
0.825437
0.837989
0.832737
0.834615
0.831147
0.826482
0.837565
0.838019
0.836336
0.83022
0.833376
0.827462
0.838716
0.833429
0.828569
0.82387
0.837809
0.841849
0.839787
0.826887
0.8395
0.828541
0.834597
0.835254
0.839325
0.836653
0.828425
0.831196
0.830938
0.836112
0.834371
0.838232
0.840455
0.825333
0.831847
0.832245
0.837919
0.838511
0.835907
0.838225
0.839014
0.83503
0.833017
0.839267
0.835629
0.832496
0.827196
0.831392
0.837153
0.839118
0.833237
0.833547
0.840606
0.834953
0.838106
0.835463
0.828036
0.829557
0.829176
0.827467
0.839461
0.825217
0.836958
0.839671
0.841718
0.840942
0.839783
0.837546
0.838313
0.833072
0.841493
0.826097
0.841088
0.834244
0.83323
0.827805
0.838247
0.830473
0.834104
0.840978
0.83436
0.836852
0.836308
0.827912
0.835737
0.830535
0.825867
0.82443
0.824343
0.840384
0.83188
0.833274
0.830714
0.831185
0.830456
0.836383
0.828283
0.838221
0.837276
0.827809
0.834233
0.838331
0.833221
0.826858
0.832388
0.831319
0.825708
0.831829
0.836794
0.838575
0.82829
0.829889
0.827368
0.833409
0.840298
0.836382
0.828456
0.826399
0.839994
0.838027
0.833352
0.827293
0.828732
0.825645
0.826692
0.833787
0.827982
0.837854
0.83406
0.827702
0.82749
0.829463
0.834713
0.833543
0.838799
0.830849
0.842649
0.82791
0.835466
0.831299
0.832863
0.827666
0.836971
0.827636
0.826339
0.832653
0.840237
0.828754
0.827581
0.839711
0.838368
0.827365
0.837282
0.836486
0.838001
0.834654
0.838771
0.827836
0.828139
0.832881
0.828906
0.831515
0.828469
0.826936
0.827607
0.833144
0.827209
0.834513
0.839583
0.826286
0.824939
0.830063
0.833023
0.827201
0.838954
0.8267
0.839508
0.829037
0.839867
0.825641
0.838624
0.839505
0.834576
0.827353
0.831913
0.824246
0.836684
0.8363
0.831407
0.834713
0.841781
0.82467
0.835834
0.829686
0.836882
0.839454
0.839594
0.82579
0.822948
0.839347
0.831117
0.838838
0.824392
0.839989
0.83789
0.83464
0.837295
0.840074
0.826884
0.836443
0.838036
0.838174
0.828106
0.826058
0.836439
0.840754
0.829978
0.834754
0.837323
0.8252
0.834617
0.833737
0.826933
0.838892
0.836415
0.839664
0.840161
0.832433
0.832143
0.838992
0.837048
0.839422
0.82643
0.835261
0.824978
0.839394
0.836766
0.833956
0.839044
0.826104
0.837201
0.827112
0.839387
0.839383
0.826973
0.835813
0.82426
0.832978
0.830246
0.828423
0.830679
0.823795
0.837118
0.839937
0.827016
0.826592
0.838392
0.835956
0.828323
0.832623
0.840467
0.83663
0.839278
0.82824
0.837389
0.839208
0.827105
0.83732
0.831323
0.838169
0.837312
0.835677
0.839421
0.824566
0.825005
0.823677
0.839572
0.837146
0.823462
0.831545
0.835943
0.839574
0.83125
0.835397
0.831322
0.827014
0.838916
0.826875
0.83829
0.832829
0.832329
0.829533
0.831517
0.825676
0.825873
0.832041
0.839185
0.834905
0.83208
0.838598
0.828259
0.836937
0.824853
0.840734
0.835771
0.839936
0.830719
0.841064
0.841052
0.827018
0.837147
0.839848
0.840113
0.827905
0.839316
0.829725
0.840319
0.838061
0.826736
0.834253
0.83109
0.836168
0.840017
0.839198
0.832457
0.839015
0.824812
0.838313
0.837859
0.826248
0.839121
0.825795
0.827036
0.837172
0.838809
0.82763
0.837345
0.828495
0.834369
0.830863
0.837032
0.833386
0.831422
0.833027
0.834012
0.823287
0.83827
0.835713
0.826603
0.83535
0.826197
0.830745
0.833164
0.825054
0.84014
0.840543
0.8279
0.838823
0.836673
0.839111
0.828885
0.828838
0.831258
0.837418
0.830514
0.839361
0.837552
0.837904
0.825528
0.82752
0.830183
0.840809
0.834143
0.828007
0.837915
0.837861
0.826773
0.827717
0.827429
0.83503
0.824493
0.824861
0.830083
0.828952
0.83173
0.836505
0.834149
0.82763
0.825758
0.838168
0.82916
0.838598
0.833227
0.840765
0.830302
0.836113
0.83282
0.832265
0.839824
0.836078
0.834888
0.840998
0.832054
0.832295
0.827187
0.838036
0.834385
0.828388
0.824174
0.828206
0.832888
0.834963
0.827408
0.827853
0.835801
0.8292
0.826401
0.83827
0.836813
0.827906
0.837806
0.831571
0.831502
0.823198
0.826591
0.826494
0.82658
0.83418
0.838832
0.832385
0.839341
0.824977
0.825688
0.832029
0.832873
0.824338
0.827157
0.826497
0.831524
0.828618
0.836768
0.82634
0.826682
0.83248
0.834964
0.831015
0.833133
0.834573
0.841415
0.83259
0.841334
0.824749
0.826588
0.827157
0.831494
0.830208
0.838384
0.838417
0.839243
0.827628
0.838334
0.827266
0.823953
0.832641
0.832498
0.834368
0.836104
0.824779
0.836949
0.834693
0.830766
0.83985
0.832447
0.835443
0.834593
0.8277
0.831919
0.825975
0.840903
0.833109
0.827459
0.832541
0.835991
0.838255
0.838418
0.826673
0.839811
0.837539
0.834999
0.83432
0.827651
0.833588
0.84101
0.828453
0.832609
0.835355
0.830881
0.839519
0.836214
0.839779
0.827707
0.830146
0.828716
0.824481
0.832718
0.826764
0.829169
0.825247
0.837648
0.835234
0.83711
0.841429
0.827317
0.839344
0.825294
0.827397
0.834519
0.833965
0.830624
0.833506
0.824493
0.827841
0.831597
0.82717
0.833975
0.839099
0.840756
0.823753
0.838105
0.826272
0.826601
0.832863
0.838668
0.832537
0.836038
0.840017
0.831638
0.831614
0.832401
0.841106
0.828297
0.84066
0.825528
0.837949
0.837471
0.831197
0.837834
0.835165
0.840959
0.826838
0.833778
0.839685
0.824843
0.832583
0.837917
0.827388
0.825233
0.832619
0.821617
0.83707
0.828734
0.84022
0.830489
0.834343
0.828893
0.827557
0.835583
0.834734
0.83206
0.838937
0.828043
0.838843
0.827411
0.839733
0.828266
0.827199
0.82724
0.839276
0.837483
0.82886
0.833057
0.827903
0.840131
0.839595
0.836316
0.836194
0.82984
0.83562
0.827009
0.838103
0.838335
0.824974
0.839834
0.833953
0.838732
0.836556
0.837867
0.831008
0.828709
0.842793
0.841249
0.831562
0.828139
0.832231
0.833364
0.833759
0.826435
0.830663
0.828476
0.839835
0.831785
0.837589
0.841336
0.828065
0.835079
0.830247
0.82719
0.833517
0.838398
0.836347
0.827834
0.825655
0.837477
0.825331
0.833741
0.841016
0.838515
0.825396
0.823286
0.832699
0.829391
0.826015
0.828671
0.835114
0.830291
0.832377
0.82944
0.825382
0.839179
0.836212
0.825951
0.833336
0.839744
0.825896
0.832612
0.839708
0.836666
0.828208
0.834297
0.84002
0.839494
0.82658
0.832987
0.836822
0.832413
0.833644
0.835716
0.826151
0.835
0.832614
0.825485
0.838607
0.832154
0.833776
0.835689
0.825473
0.839403
0.837067
0.839592
0.837657
0.832991
0.838127
0.825266
0.828642
0.841947
0.830336
0.839962
0.835615
0.840769
0.825662
0.827255
0.836679
0.828765
0.833466
0.832932
0.834211
0.835402
0.838952
0.837211
0.829316
0.826109
0.831017
0.838221
0.842311
0.839242
0.836451
0.82653
0.839331
0.828726
0.836428
0.833381
0.838251
0.82686
0.841813
0.841144
0.826771
0.835504
0.826812
0.826481
0.830732
0.828144
0.839915
0.824853
0.839269
0.836052
0.823797
0.831638
0.840635
0.839902
0.835227
0.837466
0.841431
0.840382
0.832809
0.825782
0.826884
0.840125
0.829232
0.833308
0.830208
0.829167
0.836456
0.83083
0.83503
0.826476
0.832453
0.823156
0.838515
0.825801
0.826846
0.831144
0.838716
0.829698
0.82474
0.831989
0.826163
0.83713
0.838231
0.831434
0.837558
0.825556
0.841435
0.827738
0.837338
0.841209
0.828085
0.831687
0.837815
0.824839
0.830222
0.833275
0.832032
0.827204
0.830201
0.840767
0.828377
0.838183
0.833089
0.829074
0.832429
0.841871
0.829885
0.824206
0.824133
0.825764
0.827558
0.83726
0.829646
0.825778
0.826896
0.835436
0.834207
0.838115
0.838745
0.840548
0.829865
0.838974
0.82849
0.831865
0.831703
0.82679
0.825954
0.831521
0.832677
0.838656
0.837671
0.831932
0.826021
0.839431
0.830834
0.827711
0.835406
0.825037
0.832294
0.832229
0.839906
0.833178
0.826336
0.840034
0.825958
0.83687
0.824542
0.826607
0.835992
0.839598
0.828791
0.826357
0.82201
0.837933
0.828051
0.825576
0.838866
0.826565
0.83561
0.832965
0.838751
0.827999
0.837828
0.840398
0.826562
0.831379
0.83933
0.826786
0.834157
0.833773
0.838703
0.830248
0.829064
0.840986
0.827901
0.838234
0.834109
0.827376
0.828357
0.828835
0.832849
0.831282
0.828685
0.83137
0.827407
0.830807
0.837307
0.830576
0.832748
0.835909
0.836803
0.838321
0.829827
0.838062
0.841235
0.834878
0.824978
0.838204
0.838215
0.828653
0.826356
0.828017
0.830437
0.838392
0.835815
0.838853
0.840144
0.832181
0.832663
0.826534
0.831775
0.83937
0.834553
0.84034
0.828723
0.84056
0.83833
0.834855
0.826013
0.841529
0.827007
0.833668
0.832084
0.839207
0.833798
0.826665
0.827752
0.835075
0.830203
0.831665
0.836342
0.838017
0.828168
0.837971
0.82481
0.834348
0.831531
0.839527
0.824061
0.82854
0.828849
0.836795
0.825745
0.83849
0.839324
0.836505
0.835414
0.826843
0.82953
0.838252
0.834335
0.835634
0.839975
0.826788
0.839236
0.830913
0.840507
0.834793
0.833947
0.828344
0.83639
0.828794
0.834729
0.836463
0.831738
0.829875
0.837344
0.824196
0.84185
0.839242
0.840981
0.83344
0.826106
0.83697
0.835531
0.836592
0.839817
0.838311
0.82373
0.838228
0.83603
0.83769
0.830223
0.837251
0.838898
0.840371
0.837252
0.836232
0.837188
0.83913
0.839849
0.837566
0.826772
0.836937
0.839411
0.832477
0.827562
0.834612
0.840798
0.832214
0.840201
0.831727
0.837458
0.829379
0.836046
0.839618
0.840215
0.840343
0.827699
0.829373
0.83964
0.837847
0.836493
0.830863
0.840689
0.830842
0.83873
0.825941
0.827392
0.832584
0.826936
0.828386
0.830545
0.838633
0.82793
0.840014
0.8394
0.832148
0.825758
0.833458
0.82694
0.838248
0.838062
0.824392
0.827404
0.828965
0.8393
0.825608
0.836646
0.83432
0.832244
0.832416
0.827305
0.83607
0.838291
0.833861
0.831794
0.831519
0.834742
0.824947
0.842142
0.828764
0.836047
0.832075
0.834391
0.828891
0.828846
0.838161
0.824212
0.840485
0.836469
0.836291
0.83233
0.829045
0.826307
0.828561
0.838034
0.827024
0.833791
0.826018
0.837612
0.826084
0.831172
0.827683
0.8291
0.83249
0.830217
0.832058
0.824921
0.829205
0.839094
0.828515
0.83049
0.838304
0.836674
0.834035
0.835688
0.827598
0.826789
0.837599
0.830493
0.831703
0.835696
0.837898
0.826823
0.837689
0.841719
0.825226
0.834344
0.834382
0.827236
0.835832
0.824751
0.825985
0.840481
0.83643
0.826406
0.83171
0.830423
0.821377
0.825077
0.837727
0.833055
0.837282
0.825555
0.826191
0.834602
0.829121
0.83929
0.8404
0.841051
0.827286
0.824525
0.839196
0.826848
0.833646
0.832853
0.826506
0.834063
0.825646
0.841329
0.83881
0.838175
0.829624
0.826382
0.827091
0.833605
0.839822
0.826742
0.827437
0.838988
0.823822
0.829162
0.838962
0.83698
0.837407
0.835783
0.837019
0.826978
0.832323
0.841517
0.838399
0.837661
0.824899
0.829266
0.828076
0.826509
0.836216
0.8269
0.834513
0.825829
0.83117
0.837014
0.839053
0.824756
0.83979
0.836558
0.839704
0.829839
0.835502
0.83127
0.839049
0.830885
0.8319
0.826966
0.831754
0.823928
0.82745
0.82855
0.826833
0.838073
0.83036
0.830151
0.827568
0.838283
0.838485
0.833992
0.83288
0.840357
0.828302
0.828113
0.828362
0.827536
0.830444
0.83763
0.836428
0.827067
0.8342
0.838598
0.827729
0.829159
0.839239
0.830849
0.838574
0.824828
0.829243
0.828895
0.832813
0.839988
0.83699
0.839878
0.833767
0.837373
0.836648
0.831719
0.838927
0.825262
0.839282
0.840446
0.838854
0.833371
0.826388
0.837399
0.827287
0.826743
0.823205
0.839838
0.826203
0.831033
0.827818
0.831208
0.830939
0.829868
0.833487
0.82682
0.828686
0.840883
0.836923
0.839497
0.838285
0.832735
0.826412
0.824055
0.826854
0.833886
0.83567
0.840488
0.836233
0.838921
0.833905
0.835949
0.839554
0.837541
0.833444
0.829023
0.824311
0.824035
0.828292
0.842374
0.831715
0.82816
0.831829
0.830498
0.841242
0.832606
0.835489
0.839543
0.841429
0.831633
0.824924
0.826745
0.824419
0.832124
0.839301
0.839884
0.840505
0.828263
0.832738
0.832681
0.834804
0.833139
0.834864
0.834343
0.824776
0.83211
0.831887
0.824768
0.829764
0.836816
0.837164
0.84276
0.839452
0.831301
0.828659
0.828602
0.836841
0.836791
0.841171
0.839911
0.826445
0.837518
0.833788
0.836414
0.823762
0.826079
0.831629
0.831815
0.827508
0.827255
0.826073
0.8242
0.829918
0.840895
0.831659
0.829063
0.83182
0.842339
0.835431
0.823826
0.836129
0.832027
0.837715
0.840623
0.836085
0.839088
0.834016
0.827867
0.841119
0.834452
0.82676
0.837509
0.829803
0.834703
0.833017
0.84037
0.838603
0.825723
0.826587
0.835485
0.82579
0.833074
0.839507
0.830947
0.832352
0.83656
0.825887
0.825982
0.835902
0.827617
0.82468
0.835361
0.833553
0.839899
0.840546
0.83272
0.828406
0.825774
0.827472
0.835445
0.833387
0.830443
0.825654
0.82669
0.8235
0.839056
0.836803
0.833795
0.823882
0.840234
0.825921
0.83615
0.839663
0.836494
0.825434
0.826795
0.839914
0.82591
0.835656
0.830887
0.836336
0.831509
0.835185
0.837172
0.830943
0.837537
0.840334
0.826702
0.82673
0.828076
0.838743
0.83831
0.827135
0.839454
0.839129
0.840758
0.830581
0.836456
0.82419
0.827862
0.828992
0.831224
0.824313
0.840251
0.828309
0.835846
0.837674
0.839051
0.840292
0.834938
0.840462
0.841417
0.829857
0.827078
0.831897
0.838176
0.838462
0.832437
0.838171
0.831507
0.835277
0.827064
0.831403
0.832731
0.836265
0.831487
0.838927
0.825069
0.840714
0.83761
0.82733
0.838787
0.828113
0.839391
0.830905
0.840509
0.8262
0.836386
0.839029
0.830412
0.83798
0.83636
0.839125
0.837954
0.840254
0.83748
0.834303
0.837621
0.826797
0.840489
0.832439
0.839711
0.839349
0.841364
0.838948
0.826992
0.83526
0.825492
0.837237
0.828437
0.837166
0.836839
0.840607
0.839991
0.838483
0.834041
0.824669
0.832014
0.828733
0.829859
0.83875
0.839391
0.831179
0.841168
0.829616
0.838307
0.834944
0.833222
0.837493
0.840415
0.822057
0.831789
0.832033
0.825958
0.832417
0.825714
0.839386
0.828856
0.839841
0.831857
0.825124
0.838878
0.837624
0.840638
0.836841
0.82999
0.831181
0.825009
0.828052
0.82764
0.838995
0.832934
0.824103
0.832974
0.83739
0.840078
0.828382
0.830252
0.836433
0.841321
0.832659
0.826864
0.830969
0.840332
0.833446
0.825509
0.823696
0.838128
0.839032
0.837781
0.839746
0.842089
0.825626
0.837421
0.825802
0.840514
0.8347
0.834079
0.839317
0.831305
0.829868
0.833131
0.830097
0.823951
0.828456
0.827041
0.840018
0.838225
0.832895
0.826313
0.832019
0.826597
0.831678
0.835148
0.834494
0.830782
0.83989
0.831692
0.839588
0.825526
0.825591
0.832477
0.838682
0.837152
0.823714
0.82873
0.838624
0.838789
0.832129
0.835835
0.832671
0.829112
0.840239
0.833025
0.838959
0.837712
0.82993
0.840046
0.834605
0.835772
0.824571
0.829259
0.838621
0.840518
0.831743
0.832921
0.824781
0.831651
0.839153
0.833294
0.836703
0.824083
0.833392
0.838375
0.830495
0.83321
0.836968
0.840048
0.826774
0.831264
0.838435
0.830328
0.832636
0.823264
0.83843
0.827708
0.825418
0.82297
0.838291
0.828245
0.826075
0.842209
0.831658
0.829216
0.827646
0.837317
0.838401
0.8375
0.839728
0.823823
0.837071
0.826122
0.829046
0.824287
0.827018
0.830625
0.828754
0.836633
0.840036
0.828895
0.836193
0.839979
0.827977
0.832752
0.831415
0.831237
0.831121
0.831539
0.827363
0.833887
0.827592
0.838701
0.831112
0.8304
0.84022
0.840931
0.830893
0.827529
0.838042
0.840136
0.8402
0.832744
0.839144
0.837766
0.840436
0.828146
0.837718
0.838376
0.828635
0.838622
0.82705
0.839497
0.838293
0.834677
0.82966
0.839166
0.837521
0.832503
0.831469
0.83457
0.83153
0.838943
0.839587
0.832489
0.825494
0.839872
0.823636
0.831961
0.837191
0.825703
0.827461
0.83802
0.838664
0.840022
0.829745
0.836992
0.83867
0.829799
0.837085
0.840322
0.826856
0.827191
0.839444
0.834455
0.84031
0.832298
0.832257
0.839879
0.840795
0.838765
0.831367
0.837721
0.835573
0.827691
0.840657
0.835117
0.831465
0.837552
0.833257
0.827731
0.840697
0.840184
0.833944
0.838891
0.828598
0.826343
0.83157
0.82728
0.840139
0.822776
0.823539
0.837561
0.83792
0.831271
0.826631
0.830457
0.828027
0.840512
0.828482
0.827647
0.839172
0.825837
0.828257
0.840337
0.828126
0.830509
0.83799
0.82689
0.832877
0.826097
0.831169
0.827828
0.827686
0.837759
0.834905
0.832401
0.838865
0.83803
0.838167
0.831091
0.832983
0.838047
0.822163
0.831453
0.825604
0.83366
0.838915
0.825598
0.838375
0.826529
0.829633
0.835266
0.838578
0.826341
0.829041
0.836672
0.840816
0.827241
0.836728
0.840881
0.838827
0.830885
0.831378
0.830449
0.835837
0.827597
0.83765
0.836092
0.835853
0.834784
0.824501
0.839071
0.831475
0.829266
0.837308
0.828153
0.825895
0.826611
0.824045
0.830207
0.834487
0.834208
0.829972
0.838649
0.83918
0.825633
0.830075
0.83727
0.825861
0.83173
0.834536
0.826246
0.833365
0.833902
0.837918
0.828316
0.828132
0.828678
0.829268
0.824939
0.833663
0.831215
0.84003
0.824345
0.831396
0.833115
0.829894
0.836186
0.826634
0.835888
0.831614
0.829592
0.82509
0.833505
0.830819
0.833218
0.838234
0.823854
0.824797
0.836693
0.837456
0.828415
0.836492
0.83848
0.83142
0.838399
0.832852
0.836951
0.829181
0.829076
0.826542
0.830742
0.826126
0.835588
0.83771
0.828857
0.834694
0.827005
0.827025
0.840589
0.828058
0.833134
0.827037
0.84137
0.83144
0.825877
0.839855
0.838511
0.837114
0.840323
0.840479
0.825504
0.827816
0.829865
0.827997
0.840098
0.835951
0.826693
0.839182
0.839825
0.832258
0.827633
0.835538
0.824487
0.840364
0.839104
0.825551
0.827392
0.823605
0.831752
0.841586
0.829117
0.836478
0.827325
0.82786
0.830942
0.827872
0.837875
0.829416
0.82694
0.840653
0.83288
0.8327
0.836564
0.834211
0.83211
0.827717
0.827511
0.839832
0.835991
0.831669
0.830497
0.826364
0.826975
0.831458
0.831515
0.822427
0.828497
0.834618
0.831675
0.827949
0.836441
0.836641
0.83171
0.841401
0.82476
0.837907
0.839604
0.824328
0.836392
0.827126
0.841409
0.838273
0.838586
0.838302
0.838991
0.833008
0.824301
0.839257
0.836343
0.835546
0.840523
0.833297
0.833985
0.841018
0.836416
0.838629
0.833128
0.827236
0.837398
0.828894
0.828135
0.837618
0.838115
0.837763
0.828691
0.83954
0.827933
0.839663
0.826072
0.839521
0.828532
0.830329
0.839994
0.832827
0.83988
0.84239
0.839462
0.833166
0.833524
0.832664
0.831748
0.840899
0.83809
0.82997
0.836735
0.835667
0.827535
0.839345
0.826857
0.826738
0.832669
0.823691
0.837558
0.833546
0.83699
0.825373
0.835785
0.823169
0.835525
0.826892
0.839208
0.832682
0.82463
0.832353
0.83659
0.832089
0.828917
0.827907
0.833122
0.833795
0.825018
0.841349
0.831466
0.831356
0.833861
0.83917
0.837213
0.828155
0.831676
0.831591
0.834106
0.840416
0.838811
0.838238
0.828608
0.826408
0.826334
0.841128
0.835146
0.839567
0.828111
0.829322
0.831247
0.838369
0.842611
0.839546
0.828309
0.835952
0.841901
0.832689
0.832582
0.833091
0.828985
0.833096
0.838983
0.83409
0.833884
0.829439
0.830036
0.824975
0.837391
0.837332
0.837506
0.826513
0.833658
0.828745
0.833372
0.838889
0.831622
0.83421
0.826174
0.833995
0.831217
0.837151
0.833542
0.838456
0.838788
0.825001
0.826761
0.824762
0.830723
0.837753
0.827817
0.829886
0.836145
0.828419
0.839829
0.839357
0.827165
0.836853
0.833598
0.838997
0.842736
0.827451
0.827646
0.827706
0.830253
0.834933
0.825892
0.839194
0.832432
0.828218
0.840107
0.838595
0.840098
0.825948
0.836387
0.840955
0.826287
0.82492
0.827535
0.826428
0.832712
0.824745
0.837283
0.838339
0.831755
0.831025
0.828116
0.83856
0.82974
0.839958
0.832174
0.83408
0.841331
0.838111
0.828292
0.839754
0.83369
0.836659
0.824817
0.836914
0.838716
0.840288
0.828239
0.834319
0.830478
0.823821
0.837529
0.826263
0.834855
0.834568
0.826075
0.834089
0.832275
0.837761
0.827677
0.832194
0.838652
0.832144
0.837541
0.838131
0.839108
0.832089
0.839345
0.82793
0.83694
0.828668
0.83642
0.82369
0.830409
0.836507
0.825287
0.828899
0.828077
0.838106
0.82644
0.838891
0.833097
0.838092
0.826966
0.838741
0.832046
0.829595
0.839029
0.825675
0.825132
0.831445
0.837579
0.838859
0.834587
0.839181
0.840102
0.840246
0.840515
0.827926
0.824885
0.826599
0.833859
0.839313
0.828259
0.837782
0.834764
0.841532
0.833669
0.8273
0.828817
0.825264
0.833154
0.839223
0.827811
0.834911
0.826864
0.840441
0.842293
0.835002
0.839558
0.840542
0.827355
0.824532
0.839219
0.827045
0.839934
0.830761
0.837502
0.838674
0.83665
0.838372
0.837463
0.828976
0.832121
0.839131
0.839341
0.825889
0.825326
0.833998
0.837245
0.834236
0.82678
0.841367
0.836552
0.841741
0.837067
0.841005
0.826917
0.838619
0.82784
0.838803
0.829329
0.82974
0.827251
0.837253
0.838582
0.824697
0.832322
0.823135
0.835876
0.837314
0.836581
0.831138
0.839591
0.828041
0.838367
0.829507
0.839417
0.838592
0.839198
0.827477
0.83798
0.831519
0.834998
0.840161
0.838984
0.831736
0.834252
0.832601
0.832676
0.836401
0.828415
0.828831
0.831011
0.8364
0.827947
0.836011
0.828048
0.833395
0.837598
0.833939
0.829645
0.82857
0.829688
0.83533
0.839215
0.834798
0.830406
0.829506
0.828836
0.835002
0.831146
0.83076
0.831186
0.825055
0.838516
0.837893
0.836415
0.827298
0.833271
0.835714
0.830316
0.835078
0.83476
0.831981
0.826952
0.827785
0.831051
0.823756
0.828231
0.825185
0.828862
0.838505
0.830272
0.83015
0.830784
0.829645
0.832333
0.831881
0.833497
0.827305
0.830526
0.838415
0.828547
0.836861
0.834197
0.827211
0.828161
0.838752
0.830497
0.829965
0.840317
0.835804
0.835616
0.832162
0.835156
0.834908
0.828853
0.831494
0.839069
0.832368
0.836973
0.835282
0.834999
0.829699
0.83964
0.837609
0.839462
0.829109
0.8313
0.838784
0.839094
0.826311
0.828887
0.835727
0.840879
0.831927
0.833463
0.831564
0.830095
0.827778
0.834406
0.837743
0.833059
0.837695
0.837733
0.840847
0.833639
0.835535
0.826934
0.837935
0.832564
0.832933
0.840732
0.841066
0.840836
0.836059
0.838866
0.831761
0.838394
0.833288
0.828458
0.837474
0.835472
0.836184
0.833534
0.832311
0.83905
0.837275
0.838938
0.825688
0.83376
0.829284
0.835445
0.841559
0.834571
0.838519
0.825683
0.840003
0.839411
0.838896
0.830867
0.825218
0.832324
0.834763
0.830601
0.829153
0.82692
0.821904
0.838735
0.834015
0.841931
0.832786
0.830559
0.83685
0.839432
0.837231
0.828928
0.837462
0.834655
0.827013
0.832931
0.837433
0.835552
0.839557
0.833562
0.838077
0.835261
0.826175
0.82784
0.82924
0.840687
0.828355
0.839287
0.838166
0.836531
0.826846
0.837666
0.832878
0.824634
0.835195
0.830327
0.827103
0.836311
0.835477
0.829893
0.832747
0.826973
0.825427
0.829765
0.83749
0.828643
0.835121
0.838622
0.82614
0.838675
0.833597
0.838885
0.832333
0.833078
0.835951
0.828092
0.840539
0.841572
0.843242
0.82496
0.837519
0.832941
0.837024
0.8308
0.83391
0.838258
0.841011
0.834542
0.838358
0.835458
0.824967
0.838458
0.839784
0.826335
0.830913
0.838764
0.835332
0.838275
0.825113
0.830695
0.82537
0.829133
0.840897
0.834363
0.837971
0.83906
0.833062
0.829747
0.825218
0.840134
0.83978
0.836176
0.827085
0.837619
0.828368
0.834387
0.839395
0.834112
0.833203
0.835836
0.826484
0.824362
0.832443
0.825664
0.837226
0.824248
0.839754
0.834268
0.840003
0.838401
0.829367
0.838792
0.839538
0.832155
0.82435
0.825199
0.827232
0.837293
0.838369
0.82646
0.83385
0.824361
0.835314
0.83562
0.839621
0.835312
0.826959
0.839522
0.837204
0.826839
0.828049
0.826601
0.836386
0.838996
0.833639
0.831397
0.827854
0.83704
0.834939
0.829672
0.841826
0.828549
0.832294
0.83228
0.829828
0.833107
0.835464
0.830457
0.831809
0.827117
0.839539
0.838641
0.831665
0.836841
0.834526
0.837279
0.841333
0.837934
0.83671
0.832866
0.833006
0.832906
0.840244
0.831626
0.838499
0.84049
0.837698
0.825186
0.830799
0.838576
0.83756
0.829883
0.833296
0.831536
0.838739
0.828541
0.831666
0.831157
0.840011
0.84084
0.831073
0.83816
0.82531
0.829872
0.832042
0.834307
0.831069
0.837087
0.825486
0.8401
0.832906
0.826235
0.829316
0.837358
0.838144
0.838336
0.839811
0.827807
0.826069
0.826593
0.827486
0.838308
0.832302
0.830819
0.826665
0.825023
0.828365
0.84027
0.826943
0.824785
0.82343
0.834553
0.832613
0.824407
0.832067
0.832034
0.829374
0.827839
0.835048
0.826877
0.825442
0.832762
0.830612
0.826549
0.8288
0.84026
0.83876
0.839418
0.834787
0.833261
0.830864
0.826424
0.826072
0.82744
0.83278
0.828037
0.828708
0.830498
0.827539
0.829163
0.828228
0.838351
0.826413
0.836867
0.841128
0.827802
0.837256
0.827862
0.837925
0.829451
0.836897
0.829588
0.831913
0.831205
0.840641
0.840419
0.837998
0.827564
0.836139
0.832403
0.826799
0.834057
0.827372
0.830728
0.828961
0.839398
0.833485
0.828197
0.831634
0.834191
0.840761
0.839973
0.839732
0.831742
0.831202
0.82516
0.838477
0.827467
0.827629
0.827476
0.833365
0.836628
0.839395
0.828635
0.830543
0.837134
0.8248
0.839722
0.839059
0.837435
0.824716
0.827238
0.824865
0.825836
0.838104
0.826457
0.831776
0.832832
0.838199
0.836852
0.827079
0.82875
0.828227
0.838726
0.826688
0.833126
0.836595
0.824294
0.836954
0.837544
0.839425
0.832032
0.830641
0.827715
0.823726
0.826948
0.825028
0.827182
0.827621
0.839671
0.828845
0.82736
0.822961
0.827899
0.82515
0.827787
0.83327
0.839578
0.836542
0.831651
0.82547
0.832774
0.840148
0.833304
0.833593
0.837724
0.826641
0.833095
0.839257
0.829147
0.839869
0.836939
0.826234
0.839042
0.83555
0.831429
0.835707
0.823269
0.840312
0.828019
0.836579
0.838005
0.837686
0.835504
0.832742
0.823649
0.823417
0.837539
0.83245
0.826767
0.841418
0.838178
0.82393
0.82972
0.836441
0.8391
0.827095
0.833375
0.827606
0.832148
0.832442
0.835933
0.838933
0.840628
0.832791
0.836745
0.838539
0.831464
0.838634
0.838776
0.839681
0.839117
0.823393
0.826668
0.835877
0.839002
0.833486
0.839934
0.839356
0.83835
0.831934
0.832441
0.827506
0.841748
0.829261
0.824043
0.840118
0.834984
0.827187
0.832735
0.829354
0.82599
0.826302
0.82914
0.827547
0.837859
0.829865
0.837542
0.838055
0.827034
0.833394
0.834281
0.838939
0.840248
0.838628
0.827745
0.836339
0.827662
0.839499
0.828816
0.840565
0.829417
0.832672
0.833199
0.838499
0.826019
0.838791
0.83227
0.833695
0.83293
0.836098
0.829244
0.832107
0.838274
0.832995
0.836728
0.827753
0.82928
0.835607
0.837702
0.840033
0.84045
0.831021
0.832873
0.839217
0.841973
0.837599
0.832271
0.833405
0.827383
0.826385
0.832412
0.834033
0.838784
0.825133
0.839408
0.84088
0.831313
0.830882
0.835997
0.832059
0.833944
0.830329
0.841243
0.832707
0.837115
0.831625
0.842412
0.835042
0.839057
0.827824
0.830641
0.82431
0.840157
0.837713
0.838452
0.825213
0.828083
0.840853
0.82951
0.829346
0.827877
0.832395
0.83994
0.831155
0.827173
0.826499
0.835816
0.82862
0.830149
0.833192
0.829356
0.82816
0.827985
0.841234
0.83533
0.835833
0.838613
0.833127
0.841655
0.832683
0.830299
0.83922
0.824579
0.8394
0.833487
0.826696
0.825675
0.837327
0.841064
0.83825
0.838601
0.837854
0.835112
0.838329
0.838182
0.828448
0.827722
0.840623
0.835697
0.83216
0.833319
0.838418
0.834124
0.836436
0.828423
0.831907
0.839158
0.823785
0.828795
0.83253
0.82849
0.825422
0.836503
0.829667
0.827512
0.837743
0.836755
0.827645
0.835452
0.828726
0.840935
0.827143
0.841264
0.840403
0.827146
0.827904
0.831671
0.824812
0.825649
0.836279
0.825598
0.827576
0.825077
0.838125
0.824823
0.841841
0.83897
0.839649
0.830074
0.833017
0.837025
0.825932
0.828764
0.830665
0.839308
0.839491
0.835487
0.82863
0.828158
0.831012
0.82689
0.82558
0.835981
0.836947
0.832077
0.826689
0.828178
0.83617
0.84106
0.831139
0.834604
0.840084
0.835187
0.837112
0.833215
0.824446
0.83733
0.8285
0.836881
0.832494
0.830566
0.837333
0.829203
0.832438
0.836584
0.839547
0.835782
0.826277
0.834775
0.832497
0.825885
0.833278
0.838726
0.829611
0.83848
0.831134
0.836995
0.835252
0.83973
0.826353
0.838811
0.824125
0.824993
0.825605
0.828258
0.840982
0.832924
0.824864
0.828482
0.827816
0.827332
0.827065
0.834018
0.831333
0.827009
0.841067
0.822744
0.827434
0.827214
0.837347
0.828337
0.840419
0.826626
0.832681
0.841396
0.823023
0.83388
0.826777
0.836045
0.825268
0.837579
0.837488
0.827161
0.833247
0.840093
0.83552
0.832458
0.833171
0.839818
0.824139
0.839378
0.835241
0.834874
0.829138
0.833141
0.83024
0.837859
0.838754
0.834203
0.826994
0.835932
0.834043
0.827883
0.835473
0.839606
0.829221
0.840418
0.827496
0.824883
0.835865
0.834179
0.832969
0.833939
0.82746
0.837911
0.835447
0.825695
0.840965
0.826909
0.82634
0.825845
0.83356
0.832533
0.837513
0.839374
0.840703
0.825447
0.838874
0.826656
0.823283
0.838765
0.837744
0.827236
0.837717
0.827304
0.838591
0.841412
0.833007
0.826064
0.829789
0.840811
0.832383
0.828004
0.841608
0.836122
0.835628
0.828377
0.832706
0.822028
0.825219
0.837482
0.83752
0.840715
0.827592
0.83907
0.837334
0.837828
0.840668
0.832195
0.839975
0.833616
0.827212
0.838135
0.827092
0.838929
0.831569
0.83602
0.841511
0.828706
0.831715
0.836809
0.831658
0.838082
0.827758
0.837883
0.828983
0.827454
0.837096
0.834354
0.832619
0.833905
0.826928
0.832633
0.828568
0.835849
0.828466
0.826696
0.837429
0.838866
0.829207
0.831011
0.836641
0.837972
0.828465
0.8292
0.834555
0.837207
0.830683
0.842029
0.830274
0.832556
0.83221
0.837334
0.837505
0.832726
0.836863
0.826207
0.837788
0.833537
0.834965
0.83575
0.835448
0.837371
0.838473
0.826558
0.827471
0.834923
0.831317
0.827651
0.825441
0.836688
0.830639
0.828779
0.832673
0.839631
0.825945
0.83821
0.829686
0.826671
0.839491
0.825445
0.837426
0.832543
0.82803
0.834156
0.839998
0.837599
0.840802
0.839946
0.823736
0.838356
0.826376
0.824109
0.835119
0.832118
0.830325
0.826097
0.838296
0.833113
0.836508
0.837778
0.837716
0.83455
0.827691
0.840895
0.834482
0.827329
0.833648
0.827147
0.827205
0.829632
0.838921
0.831238
0.838493
0.836708
0.839406
0.828515
0.832304
0.830045
0.838407
0.826607
0.823461
0.838524
0.831633
0.836304
0.838809
0.837501
0.837934
0.836337
0.834194
0.839154
0.837074
0.838853
0.83942
0.824058
0.83176
0.839261
0.835723
0.836098
0.837016
0.835246
0.833312
0.832066
0.834797
0.826576
0.827863
0.832805
0.827637
0.836634
0.838205
0.838114
0.828475
0.830424
0.839933
0.837746
0.828342
0.836536
0.826042
0.83978
0.827013
0.838683
0.833127
0.838168
0.837518
0.830539
0.838718
0.842263
0.836818
0.827394
0.825114
0.825439
0.838302
0.836586
0.838883
0.832824
0.827964
0.836161
0.826077
0.825581
0.839873
0.837947
0.837232
0.834979
0.826036
0.829197
0.827703
0.829659
0.837995
0.834179
0.840568
0.824784
0.828963
0.825566
0.828765
0.82963
0.82432
0.840239
0.836288
0.836363
0.83877
0.835496
0.824056
0.837854
0.826388
0.837277
0.842085
0.838298
0.83553
0.825085
0.832038
0.827578
0.836912
0.837695
0.834138
0.829651
0.830221
0.825926
0.82781
0.840394
0.837931
0.830117
0.839977
0.834004
0.838692
0.835316
0.83141
0.829103
0.835443
0.836984
0.838043
0.840247
0.835534
0.823628
0.829108
0.832508
0.835308
0.824707
0.826714
0.830273
0.840516
0.837675
0.831165
0.828695
0.838603
0.833128
0.837079
0.839045
0.840649
0.827859
0.829798
0.828647
0.838739
0.828806
0.83755
0.836647
0.836956
0.835625
0.835209
0.83933
0.825441
0.834214
0.825949
0.83683
0.837828
0.833667
0.832999
0.836366
0.831541
0.836324
0.828091
0.833048
0.828512
0.831229
0.840419
0.833948
0.838326
0.824633
0.836395
0.83953
0.832507
0.840189
0.828057
0.838632
0.835354
0.841534
0.832247
0.831396
0.837644
0.840098
0.837994
0.831611
0.834825
0.824841
0.826017
0.829353
0.828222
0.837745
0.826658
0.830368
0.841018
0.83375
0.838993
0.838935
0.832175
0.840583
0.823101
0.837975
0.82417
0.838561
0.833189
0.836524
0.838869
0.835296
0.834472
0.828089
0.832603
0.838365
0.840098
0.832816
0.8317
0.833569
0.829069
0.830797
0.838713
0.839546
0.839647
0.835509
0.834487
0.834784
0.834775
0.836351
0.84015
0.835969
0.838928
0.833365
0.839849
0.834664
0.826128
0.839399
0.835793
0.83251
0.831311
0.828608
0.834944
0.84057
0.833342
0.834123
0.839417
0.839578
0.832678
0.824776
0.824365
0.827211
0.830986
0.827795
0.827592
0.828775
0.834952
0.838666
0.838144
0.832847
0.83375
0.832322
0.828157
0.83295
0.836356
0.827839
0.831325
0.839632
0.832022
0.833211
0.830269
0.830663
0.836133
0.8391
0.836277
0.84064
0.837015
0.83206
0.840197
0.83832
0.837629
0.838851
0.836197
0.829859
0.833075
0.83286
0.837299
0.832155
0.831315
0.832317
0.836921
0.840056
0.825106
0.832399
0.838543
0.840179
0.839073
0.833192
0.832207
0.841054
0.835631
0.833486
0.840412
0.839249
0.832546
0.828948
0.827049
0.838433
0.826324
0.840952
0.8375
0.839503
0.83914
0.836535
0.836418
0.831252
0.833691
0.838299
0.827905
0.832303
0.83516
0.838159
0.83839
0.823961
0.828328
0.826329
0.83796
0.831083
0.834516
0.839503
0.836348
0.833821
0.825578
0.823636
0.83449
0.824243
0.839833
0.837586
0.840416
0.838725
0.826289
0.835798
0.837595
0.827995
0.832532
0.828201
0.836905
0.835382
0.830608
0.827822
0.828432
0.825726
0.836549
0.832152
0.837546
0.832968
0.831988
0.829269
0.835663
0.839084
0.827283
0.824565
0.841174
0.8269
0.837029
0.829038
0.827371
0.839269
0.833398
0.823181
0.83002
0.832965
0.840334
0.841291
0.841299
0.836006
0.825731
0.829368
0.836242
0.828156
0.840289
0.839238
0.823151
0.82571
0.827708
0.830255
0.840087
0.824272
0.826386
0.833466
0.832158
0.823552
0.837695
0.828535
0.837544
0.836928
0.828037
0.838752
0.839812
0.826305
0.827537
0.836345
0.829985
0.823314
0.840881
0.84228
0.826934
0.838159
0.827209
0.83576
0.840391
0.835933
0.83772
0.829973
0.824408
0.839237
0.824545
0.824496
0.829268
0.838068
0.822875
0.835491
0.829367
0.826557
0.836682
0.834067
0.833353
0.825757
0.834219
0.834149
0.824004
0.833157
0.83734
0.833131
0.82654
0.836863
0.833207
0.839993
0.831527
0.840012
0.83906
0.826386
0.829064
0.837488
0.832705
0.831056
0.827235
0.825747
0.829902
0.839062
0.838975
0.838178
0.834645
0.837713
0.840015
0.82901
0.837524
0.840889
0.827296
0.834365
0.832809
0.826095
0.83729
0.831597
0.825605
0.833666
0.840803
0.824545
0.826343
0.831806
0.827103
0.837135
0.823703
0.830848
0.840385
0.826999
0.827323
0.831005
0.834346
0.831201
0.839855
0.838798
0.833581
0.836671
0.830983
0.834543
0.839065
0.84041
0.824079
0.831712
0.839095
0.827204
0.828132
0.826335
0.835698
0.839904
0.828128
0.829194
0.828502
0.827751
0.824335
0.825943
0.828367
0.834263
0.840507
0.833355
0.824074
0.832512
0.839498
0.832681
0.832254
0.839427
0.829702
0.832859
0.832746
0.839228
0.828644
0.831467
0.829885
0.8354
0.837081
0.831418
0.840153
0.837387
0.826612
0.8352
0.841951
0.83687
0.836523
0.833878
0.838304
0.833727
0.830601
0.837314
0.82746
0.835627
0.838921
0.838787
0.8281
0.839267
0.826706
0.826627
0.827344
0.831964
0.840353
0.836899
0.838938
0.827052
0.831662
0.826942
0.832998
0.825082
0.826157
0.827506
0.826784
0.835651
0.833469
0.834059
0.835002
0.8288
0.840567
0.83715
0.840996
0.836398
0.831631
0.832374
0.837482
0.83768
0.836638
0.832909
0.835449
0.838867
0.830335
0.836578
0.825688
0.828452
0.840725
0.82647
0.833723
0.833315
0.824039
0.832997
0.839863
0.84259
0.830158
0.835391
0.828945
0.838407
0.829442
0.827963
0.83572
0.824178
0.830597
0.82658
0.836766
0.826075
0.830758
0.833724
0.833357
0.832607
0.83598
0.827377
0.840511
0.841353
0.835331
0.839361
0.832508
0.832718
0.824762
0.826533
0.830239
0.824556
0.83182
0.834774
0.839732
0.826616
0.839981
0.824513
0.834107
0.837368
0.834957
0.841007
0.839395
0.824779
0.825778
0.821934
0.828591
0.831742
0.839053
0.830906
0.825056
0.841916
0.836039
0.831965
0.840038
0.825619
0.838077
0.832182
0.83127
0.840138
0.839267
0.831461
0.827136
0.826234
0.83507
0.836527
0.83925
0.837482
0.833373
0.8391
0.835338
0.840977
0.840907
0.832339
0.832739
0.838224
0.837343
0.838798
0.83476
0.839167
0.826287
0.833403
0.83116
0.831641
0.830527
0.83317
0.827499
0.829769
0.82879
0.824778
0.836661
0.838042
0.839541
0.841952
0.835673
0.831526
0.83922
0.836801
0.836584
0.832933
0.839064
0.838326
0.83552
0.827946
0.83955
0.83667
0.831797
0.830796
0.83773
0.841711
0.837596
0.827309
0.826605
0.828044
0.830611
0.838709
0.827366
0.840762
0.83242
0.826124
0.824836
0.839152
0.82792
0.832238
0.836344
0.836745
0.840863
0.826887
0.8275
0.83908
0.836983
0.826977
0.826939
0.836401
0.828198
0.828486
0.8282
0.827837
0.828655
0.82927
0.827958
0.833204
0.82663
0.827116
0.828464
0.837668
0.831793
0.8375
0.83676
0.840224
0.840854
0.832303
0.840987
0.837853
0.839564
0.835056
0.824377
0.832813
0.831369
0.831233
0.831464
0.828418
0.827225
0.825215
0.832753
0.838491
0.826374
0.837449
0.828475
0.823355
0.833828
0.831458
0.832533
0.828612
0.834697
0.834216
0.832465
0.833694
0.827513
0.839533
0.82586
0.835772
0.838339
0.83187
0.837892
0.828359
0.83888
0.832779
0.838338
0.835957
0.835957
0.831553
0.825495
0.836908
0.830161
0.833654
0.837165
0.837752
0.83056
0.836615
0.84006
0.826767
0.826647
0.831677
0.828291
0.828906
0.831696
0.834395
0.839313
0.825672
0.830293
0.832402
0.835762
0.833115
0.834548
0.835632
0.838273
0.835306
0.826719
0.830764
0.826235
0.835584
0.827344
0.826863
0.826026
0.83686
0.830078
0.841453
0.842384
0.826338
0.832949
0.832329
0.835151
0.825113
0.83909
0.834324
0.839706
0.837702
0.835202
0.832436
0.825516
0.840365
0.839033
0.8409
0.831969
0.825489
0.827908
0.83048
0.826076
0.838514
0.829173
0.831063
0.83965
0.832747
0.831496
0.837956
0.829392
0.839338
0.829607
0.82751
0.832355
0.829141
0.841475
0.831348
0.835367
0.830819
0.835375
0.832511
0.827344
0.8287
0.836102
0.838287
0.83898
0.836253
0.835936
0.841297
0.836544
0.828777
0.826767
0.837068
0.838903
0.824824
0.824715
0.837753
0.837806
0.826696
0.826949
0.83695
0.828215
0.832064
0.82763
0.831869
0.836507
0.831247
0.83901
0.834124
0.835027
0.839239
0.835208
0.8312
0.838351
0.838849
0.824291
0.841963
0.82561
0.839134
0.839396
0.8423
0.83434
0.828356
0.837273
0.839583
0.841072
0.833448
0.837388
0.838672
0.840402
0.840781
0.836082
0.832013
0.835663
0.827088
0.83653
0.837439
0.842502
0.829282
0.829076
0.83672
0.833777
0.837488
0.836492
0.836255
0.838502
0.841115
0.827735
0.833673
0.838321
0.836397
0.831051
0.836084
0.838412
0.823852
0.840267
0.829398
0.838263
0.83914
0.827507
0.836354
0.829878
0.832284
0.828728
0.824993
0.829054
0.827159
0.829469
0.835995
0.832769
0.8299
0.832151
0.836652
0.840843
0.830589
0.837543
0.834327
0.839228
0.828108
0.839034
0.834982
0.838729
0.833805
0.827959
0.825825
0.837387
0.830265
0.825643
0.841508
0.824314
0.828087
0.839911
0.828885
0.832813
0.827829
0.840794
0.839556
0.833604
0.825907
0.831909
0.832106
0.841152
0.839902
0.838131
0.830873
0.828881
0.83821
0.838569
0.832833
0.8398
0.833743
0.835559
0.828123
0.836256
0.82492
0.831215
0.840049
0.825984
0.829039
0.840261
0.832326
0.832885
0.829694
0.837231
0.825229
0.826918
0.828382
0.825506
0.834738
0.841201
0.832516
0.838899
0.828381
0.839146
0.826476
0.82766
0.8252
0.828446
0.836619
0.826423
0.83353
0.83381
0.833846
0.837308
0.826822
0.827909
0.837391
0.828438
0.836875
0.837707
0.82714
0.827768
0.82543
0.835208
0.8394
0.841189
0.826549
0.838444
0.839643
0.838212
0.836882
0.827802
0.835853
0.839739
0.838644
0.830969
0.8412
0.827065
0.827911
0.834312
0.825256
0.831513
0.82937
0.839328
0.83522
0.83819
0.833066
0.831431
0.833006
0.825999
0.840085
0.829597
0.832793
0.82753
0.842561
0.829144
0.828158
0.839999
0.839433
0.839772
0.834073
0.826395
0.827936
0.836307
0.827014
0.826519
0.827468
0.825578
0.824881
0.827627
0.836573
0.825867
0.839062
0.83875
0.838458
0.837719
0.828871
0.841119
0.831049
0.838145
0.824633
0.828394
0.839468
0.834316
0.839167
0.839229
0.833107
0.826287
0.836863
0.835244
0.837944
0.837568
0.835364
0.840391
0.822462
0.828078
0.837411
0.827517
0.835787
0.834595
0.829969
0.827435
0.832984
0.839721
0.827212
0.831528
0.840963
0.837851
0.825344
0.831012
0.838605
0.836608
0.824565
0.835847
0.827639
0.83497
0.830413
0.825005
0.839471
0.828913
0.831765
0.833676
0.824024
0.835877
0.835973
0.833825
0.828983
0.838979
0.836588
0.826309
0.83649
0.837965
0.839146
0.836871
0.835674
0.837693
0.827956
0.830998
0.839469
0.840583
0.834802
0.838972
0.825012
0.840839
0.836511
0.833335
0.839264
0.840815
0.83757
0.825843
0.839361
0.825514
0.832919
0.836121
0.824928
0.824385
0.832585
0.83411
0.835611
0.835454
0.840078
0.831745
0.840459
0.826713
0.837025
0.830573
0.831458
0.838226
0.835147
0.828356
0.828223
0.841374
0.83893
0.832204
0.83155
0.823585
0.838815
0.83383
0.823565
0.834351
0.828459
0.827367
0.836595
0.82617
0.840815
0.824445
0.827941
0.82743
0.83932
0.828616
0.83797
0.828915
0.832991
0.826078
0.836925
0.828608
0.823758
0.838345
0.831883
0.825938
0.834934
0.839896
0.837341
0.827347
0.833121
0.8353
0.827132
0.837246
0.82997
0.834085
0.828036
0.834453
0.839181
0.829853
0.833331
0.82364
0.836871
0.827239
0.825622
0.823829
0.83569
0.827852
0.829733
0.833972
0.828747
0.821883
0.835912
0.837214
0.840919
0.838955
0.826019
0.826458
0.82815
0.828031
0.829415
0.828716
0.82429
0.832258
0.837337
0.836936
0.830384
0.827614
0.836493
0.825491
0.829744
0.828985
0.829375
0.840793
0.828721
0.839352
0.83385
0.839728
0.836333
0.82907
0.825587
0.826527
0.839877
0.833933
0.829218
0.839311
0.83303
0.826178
0.824994
0.835722
0.835353
0.829013
0.825972
0.82644
0.825606
0.826768
0.832147
0.828483
0.836619
0.834839
0.827831
0.83968
0.834945
0.826698
0.831804
0.835309
0.825861
0.836713
0.839881
0.832552
0.837526
0.825182
0.827429
0.834327
0.825297
0.827147
0.837196
0.82619
0.834445
0.836206
0.830164
0.83581
0.839369
0.832392
0.83829
0.827777
0.839185
0.839205
0.828906
0.82348
0.829043
0.831506
0.841003
0.837327
0.827917
0.828727
0.839269
0.840802
0.836832
0.840487
0.831004
0.827265
0.827099
0.824349
0.840603
0.833012
0.832103
0.837164
0.841416
0.827593
0.839562
0.829434
0.829851
0.838506
0.825488
0.824224
0.836725
0.836935
0.840483
0.825515
0.822148
0.831654
0.840842
0.836534
0.832958
0.823179
0.832959
0.831298
0.828123
0.836772
0.839542
0.823656
0.841187
0.837121
0.834441
0.839073
0.837101
0.826383
0.840398
0.840728
0.826897
0.828084
0.837604
0.838935
0.833769
0.838193
0.82246
0.832295
0.828305
0.837743
0.838721
0.830623
0.832732
0.840684
0.82723
0.833629
0.832274
0.839777
0.827935
0.829743
0.83049
0.83723
0.831259
0.838741
0.827419
0.839051
0.839097
0.8399
0.830644
0.839885
0.834389
0.839556
0.842652
0.83746
0.826695
0.82309
0.840516
0.830198
0.827626
0.827507
0.838278
0.832763
0.835298
0.829528
0.826668
0.833104
0.841029
0.826264
0.837844
0.82581
0.829001
0.833252
0.832149
0.829262
0.837376
0.832002
0.825644
0.823927
0.828816
0.833348
0.832351
0.83328
0.833395
0.831709
0.829147
0.824352
0.833413
0.824253
0.831426
0.83204
0.838876
0.824718
0.828572
0.836434
0.83877
0.828531
0.838954
0.832479
0.839535
0.835429
0.839584
0.82596
0.836179
0.828415
0.839874
0.837287
0.841669
0.835012
0.832208
0.827281
0.829472
0.835618
0.833651
0.831129
0.836159
0.840023
0.837477
0.829892
0.840103
0.823525
0.839201
0.837388
0.840295
0.828603
0.82666
0.840311
0.826784
0.837753
0.832187
0.830565
0.834054
0.831501
0.831286
0.839362
0.838224
0.832872
0.842082
0.827486
0.841129
0.831931
0.825554
0.833093
0.824143
0.828508
0.840152
0.83395
0.833112
0.839735
0.828519
0.838933
0.827504
0.829135
0.836267
0.831727
0.839397
0.833788
0.827859
0.836241
0.833747
0.838029
0.828157
0.839737
0.834428
0.823925
0.84062
0.832482
0.831478
0.838677
0.831309
0.837272
0.827089
0.831868
0.838098
0.836278
0.828165
0.840014
0.834457
0.831457
0.834318
0.83381
0.825663
0.837694
0.840933
0.839861
0.839248
0.837602
0.830509
0.828808
0.837361
0.828075
0.836284
0.827917
0.824312
0.839028
0.826516
0.833335
0.837921
0.839724
0.841468
0.826681
0.837292
0.838879
0.828891
0.83443
0.827366
0.826534
0.83347
0.831157
0.838781
0.833294
0.83249
0.831078
0.833557
0.837434
0.839772
0.825447
0.829802
0.826458
0.837048
0.841473
0.841572
0.837725
0.829587
0.826195
0.834384
0.836348
0.839785
0.827924
0.828749
0.833025
0.829255
0.8244
0.829718
0.833379
0.832017
0.833057
0.834483
0.837959
0.831169
0.829601
0.833551
0.839455
0.832803
0.830022
0.83389
0.830689
0.83648
0.838071
0.833806
0.826986
0.833781
0.828796
0.825435
0.838218
0.83893
0.837342
0.824412
0.827476
0.837045
0.838362
0.832835
0.839047
0.838367
0.835708
0.838069
0.839725
0.839273
0.832758
0.82641
0.826876
0.8354
0.832448
0.832016
0.835746
0.839624
0.827851
0.836792
0.834557
0.83768
0.831339
0.835795
0.834738
0.830887
0.84105
0.838295
0.837181
0.835555
0.840875
0.828259
0.839118
0.826835
0.827125
0.827977
0.838111
0.836743
0.84079
0.835358
0.826383
0.828452
0.827294
0.823504
0.825827
0.826571
0.827336
0.831215
0.839118
0.826591
0.832099
0.835208
0.835604
0.833188
0.840004
0.8322
0.830968
0.838765
0.837566
0.826871
0.839724
0.838554
0.84009
0.831042
0.826546
0.82779
0.837854
0.825368
0.840132
0.830299
0.828698
0.829496
0.833428
0.83114
0.829121
0.836867
0.837268
0.839712
0.836069
0.836862
0.828859
0.835969
0.826807
0.835244
0.828365
0.838813
0.838546
0.83745
0.833112
0.84198
0.839026
0.823566
0.826497
0.838841
0.842987
0.823884
0.824315
0.826728
0.841106
0.827854
0.832848
0.825546
0.833486
0.827904
0.836996
0.836008
0.823865
0.83568
0.840248
0.827407
0.827055
0.837473
0.839454
0.829957
0.824858
0.837833
0.825032
0.833819
0.836034
0.828178
0.831457
0.829962
0.839584
0.839141
0.823917
0.839691
0.831345
0.836022
0.839768
0.833878
0.840754
0.829504
0.836509
0.83848
0.837197
0.835751
0.827328
0.828555
0.827436
0.840781
0.837634
0.84135
0.828925
0.831223
0.828
0.831692
0.831117
0.824461
0.837759
0.82671
0.830113
0.841952
0.835982
0.832789
0.838917
0.835344
0.837976
0.828688
0.826271
0.840202
0.836935
0.830919
0.831743
0.829431
0.829525
0.828594
0.839956
0.825985
0.832224
0.823269
0.826062
0.823394
0.82426
0.833032
0.827909
0.838815
0.830937
0.83189
0.827442
0.832157
0.829722
0.838721
0.822276
0.837708
0.84124
0.827473
0.832703
0.83678
0.835341
0.833893
0.82374
0.826295
0.82903
0.832527
0.826658
0.837282
0.827348
0.840602
0.832596
0.831997
0.838703
0.828129
0.832576
0.827667
0.825223
0.827582
0.838549
0.838987
0.827845
0.84324
0.835316
0.840373
0.827927
0.825655
0.836089
0.837712
0.837434
0.839817
0.836203
0.839723
0.828935
0.832761
0.840367
0.839117
0.82797
0.836834
0.826778
0.834703
0.829857
0.834183
0.835647
0.839341
0.836948
0.837699
0.838713
0.825405
0.825938
0.837108
0.82368
0.825833
0.834089
0.828001
0.832558
0.828329
0.82514
0.840722
0.8317
0.83245
0.837937
0.834784
0.821577
0.839749
0.835266
0.833441
0.838728
0.826543
0.832076
0.828246
0.837482
0.838495
0.833343
0.834602
0.831737
0.830738
0.839418
0.829786
0.830886
0.82824
0.82974
0.824712
0.824547
0.835165
0.825246
0.838192
0.823813
0.827601
0.837679
0.840235
0.838925
0.835463
0.832148
0.835956
0.825389
0.836285
0.83966
0.834257
0.826016
0.823529
0.830475
0.836742
0.827985
0.831088
0.833258
0.822969
0.832217
0.830253
0.828226
0.82829
0.824184
0.829209
0.829685
0.826308
0.836926
0.836335
0.83519
0.827439
0.827855
0.828652
0.829929
0.823892
0.833425
0.825878
0.831618
0.836415
0.828616
0.840754
0.840891
0.828739
0.831738
0.838506
0.825413
0.837653
0.839088
0.839636
0.833345
0.825713
0.825446
0.837795
0.837897
0.825015
0.834084
0.826093
0.837992
0.838555
0.832923
0.837752
0.837521
0.838423
0.832586
0.833113
0.823942
0.832316
0.841865
0.840024
0.825897
0.833754
0.828446
0.826467
0.838218
0.832261
0.835616
0.827148
0.840712
0.836744
0.82674
0.82921
0.825523
0.825217
0.830621
0.82434
0.828763
0.824961
0.840303
0.836054
0.825035
0.825422
0.832633
0.827794
0.838595
0.825875
0.839917
0.82906
0.834154
0.833162
0.83438
0.826614
0.839684
0.830258
0.826438
0.825364
0.837954
0.831388
0.825731
0.827981
0.832208
0.842768
0.825305
0.835934
0.835481
0.825701
0.836009
0.837003
0.834403
0.837825
0.823213
0.830657
0.831344
0.824931
0.839582
0.828702
0.827077
0.828972
0.838639
0.828929
0.841357
0.825807
0.835309
0.836061
0.824409
0.838791
0.828236
0.837477
0.840388
0.839749
0.826536
0.835207
0.828936
0.838097
0.827512
0.840902
0.829658
0.837934
0.834771
0.832215
0.828086
0.834925
0.832715
0.838675
0.838878
0.831245
0.833788
0.835798
0.831058
0.841555
0.838718
0.840476
0.840399
0.835865
0.839297
0.836598
0.830878
0.833444
0.833313
0.838367
0.828173
0.841237
0.82336
0.840747
0.841453
0.8323
0.839814
0.826023
0.827068
0.840611
0.827116
0.827524
0.838572
0.836428
0.837903
0.840468
0.826693
0.835129
0.834796
0.82802
0.83722
0.838192
0.824511
0.826357
0.834421
0.832479
0.834475
0.832089
0.837703
0.839231
0.828635
0.825508
0.838176
0.84008
0.82994
0.827365
0.827635
0.829612
0.831619
0.83288
0.826343
0.827686
0.827196
0.831795
0.826867
0.829135
0.838071
0.83961
0.840044
0.836094
0.827629
0.839586
0.838111
0.840928
0.841745
0.831306
0.831085
0.839062
0.839056
0.837745
0.830193
0.833813
0.840436
0.833734
0.840169
0.828021
0.829981
0.831673
0.838346
0.839258
0.838532
0.838268
0.825826
0.829017
0.833422
0.839715
0.832903
0.840508
0.826137
0.833398
0.836297
0.842097
0.840487
0.824211
0.827989
0.824707
0.833464
0.824362
0.824917
0.841211
0.837493
0.826227
0.838188
0.828539
0.839231
0.835388
0.828531
0.837683
0.840117
0.825347
0.831607
0.833053
0.827582
0.828703
0.834725
0.834061
0.826627
0.828221
0.828782
0.831811
0.834155
0.832685
0.827897
0.838518
0.825449
0.835059
0.832021
0.829102
0.835456
0.82812
0.827597
0.826888
0.837292
0.827293
0.832691
0.826144
0.836854
0.832918
0.836304
0.82772
0.834473
0.833865
0.831327
0.830571
0.826322
0.832565
0.837508
0.825259
0.82882
0.828036
0.828233
0.840942
0.83611
0.839529
0.832816
0.833151
0.832407
0.827793
0.837475
0.827323
0.837856
0.82682
0.824007
0.828091
0.83368
0.828631
0.827392
0.837908
0.827256
0.833398
0.839276
0.833342
0.837289
0.82785
0.832326
0.829364
0.824532
0.833134
0.837408
0.834124
0.826283
0.837363
0.828403
0.838704
0.826081
0.832047
0.835426
0.8358
0.827747
0.830929
0.839366
0.837226
0.839964
0.839168
0.832756
0.839086
0.824081
0.839504
0.833209
0.832485
0.841556
0.838518
0.831845
0.840567
0.836913
0.837089
0.823159
0.834409
0.838041
0.82781
0.833337
0.838857
0.824263
0.837869
0.841051
0.836703
0.835045
0.840661
0.827151
0.830323
0.826645
0.827369
0.824593
0.826553
0.841231
0.840088
0.827979
0.839481
0.835794
0.835327
0.828989
0.829299
0.835953
0.832583
0.831852
0.826455
0.836883
0.8284
0.832636
0.840027
0.827826
0.836856
0.832206
0.827566
0.84011
0.82932
0.839541
0.834032
0.838921
0.835002
0.833396
0.835095
0.827486
0.838412
0.836603
0.836666
0.837832
0.837637
0.83646
0.825322
0.826738
0.837838
0.826051
0.838343
0.82684
0.827562
0.83565
0.837628
0.828069
0.835239
0.836899
0.837314
0.839317
0.837177
0.838617
0.838437
0.838375
0.826297
0.832211
0.82706
0.833208
0.836928
0.837244
0.835654
0.829029
0.832033
0.836277
0.832736
0.830809
0.826345
0.83396
0.827826
0.839354
0.827159
0.836416
0.825792
0.832473
0.824982
0.82489
0.831349
0.834154
0.829064
0.839549
0.82274
0.833553
0.82601
0.836969
0.835639
0.837872
0.824951
0.823982
0.829907
0.828004
0.840106
0.8305
0.828028
0.837321
0.832291
0.832649
0.839495
0.825217
0.827059
0.826772
0.828333
0.830083
0.825833
0.837992
0.84227
0.83089
0.839574
0.831228
0.84117
0.834505
0.834441
0.837707
0.832626
0.839365
0.831605
0.825197
0.839997
0.834077
0.829672
0.828505
0.82674
0.826427
0.836626
0.834409
0.824157
0.841968
0.83623
0.833704
0.825381
0.835863
0.834136
0.832118
0.826084
0.827796
0.8395
0.834438
0.838504
0.826696
0.83798
0.836548
0.836101
0.826029
0.830716
0.833378
0.839327
0.838567
0.836904
0.832325
0.831316
0.830388
0.830686
0.835912
0.826164
0.839579
0.824581
0.837077
0.839826
0.827167
0.830334
0.825258
0.824372
0.838831
0.830978
0.830651
0.828845
0.82777
0.833297
0.838763
0.837808
0.82894
0.826658
0.826831
0.826819
0.838371
0.827851
0.829411
0.840181
0.838919
0.836607
0.831244
0.835637
0.836682
0.840051
0.839523
0.837018
0.825393
0.833452
0.836417
0.838339
0.823472
0.839255
0.835433
0.838286
0.828958
0.824828
0.838989
0.828459
0.838369
0.831817
0.837283
0.827412
0.842541
0.830115
0.839716
0.838373
0.824147
0.838196
0.832441
0.826776
0.834621
0.835038
0.825635
0.841867
0.839354
0.838693
0.836121
0.82772
0.82335
0.829862
0.840616
0.826797
0.831357
0.834409
0.836752
0.834237
0.827723
0.838653
0.839225
0.830501
0.841118
0.842601
0.824474
0.84041
0.825234
0.83431
0.825927
0.832149
0.838232
0.827258
0.834291
0.836431
0.825747
0.828262
0.825879
0.826411
0.838165
0.826866
0.829817
0.834799
0.838857
0.830881
0.832908
0.828992
0.840433
0.829365
0.838665
0.828344
0.83861
0.825924
0.828804
0.83953
0.827871
0.835217
0.824589
0.839899
0.832153
0.838048
0.831538
0.837828
0.826513
0.828906
0.834169
0.832077
0.839437
0.832823
0.83182
0.824469
0.825464
0.83128
0.826864
0.840595
0.833226
0.826653
0.832008
0.827871
0.831887
0.838958
0.840705
0.830603
0.826936
0.833262
0.833599
0.822851
0.835353
0.823746
0.829865
0.824791
0.841775
0.839148
0.83184
0.827153
0.827168
0.834796
0.839465
0.840532
0.836029
0.828219
0.835248
0.826579
0.836319
0.831844
0.841369
0.839085
0.829472
0.82614
0.827021
0.84041
0.837435
0.827468
0.836647
0.833473
0.83607
0.830497
0.832602
0.826075
0.840971
0.832181
0.836906
0.836895
0.825753
0.840827
0.827381
0.833472
0.835839
0.834744
0.840709
0.838028
0.837359
0.833893
0.826487
0.833011
0.836809
0.839004
0.828121
0.824921
0.824786
0.827063
0.832392
0.838553
0.826556
0.832832
0.832328
0.837601
0.834732
0.837586
0.824126
0.831232
0.826174
0.839286
0.833848
0.83419
0.827009
0.832691
0.835791
0.837874
0.824462
0.836889
0.8275
0.829074
0.838056
0.841414
0.823244
0.835069
0.83534
0.838662
0.830167
0.842235
0.829953
0.828657
0.840904
0.830801
0.838946
0.828341
0.836446
0.82611
0.827291
0.839918
0.827229
0.840627
0.839626
0.837839
0.838415
0.831196
0.833528
0.827438
0.835557
0.837057
0.838344
0.83908
0.840093
0.840993
0.83584
0.836666
0.840403
0.82634
0.839616
0.842174
0.830633
0.838459
0.827473
0.832201
0.837847
0.823686
0.840272
0.82829
0.838134
0.832693
0.832989
0.841329
0.84254
0.82588
0.838327
0.840591
0.830795
0.839421
0.838794
0.837125
0.833663
0.838368
0.827737
0.833769
0.838757
0.837501
0.826834
0.838098
0.839276
0.839155
0.831826
0.835495
0.826679
0.831759
0.838584
0.82743
0.824317
0.834449
0.837552
0.83326
0.826446
0.837375
0.825773
0.827394
0.824194
0.836254
0.832721
0.827664
0.837645
0.831023
0.838768
0.838282
0.825683
0.829959
0.8296
0.838922
0.836591
0.838521
0.826555
0.83391
0.833516
0.83279
0.831803
0.838622
0.829948
0.830758
0.829734
0.837127
0.840936
0.836928
0.830853
0.836231
0.827072
0.835224
0.830322
0.827081
0.828728
0.832633
0.839107
0.838292
0.830012
0.833945
0.828043
0.835714
0.838257
0.827124
0.827179
0.832166
0.82727
0.833434
0.826651
0.82739
0.837364
0.838885
0.826129
0.822698
0.831718
0.826876
0.839922
0.838982
0.829007
0.826252
0.82624
0.827426
0.827767
0.825781
0.83838
0.837288
0.827538
0.825757
0.833484
0.828928
0.826699
0.838231
0.837312
0.830403
0.837908
0.837682
0.824369
0.838838
0.837352
0.836917
0.834912
0.828565
0.838719
0.839606
0.838828
0.831679
0.833106
0.83641
0.826455
0.828753
0.834968
0.840138
0.831791
0.827396
0.834653
0.82503
0.834671
0.82798
0.839267
0.826764
0.83487
0.830457
0.83742
0.827571
0.835543
0.839831
0.82861
0.835016
0.829055
0.839292
0.835681
0.826246
0.8306
0.833897
0.837618
0.826155
0.837296
0.828938
0.832262
0.840188
0.838503
0.831174
0.838616
0.838638
0.831635
0.839583
0.838622
0.831825
0.836642
0.83152
0.825392
0.829173
0.838877
0.832432
0.827047
0.835151
0.841927
0.830369
0.833485
0.837322
0.836475
0.836771
0.839693
0.827439
0.831051
0.836337
0.839908
0.837529
0.835769
0.825583
0.837658
0.833472
0.837665
0.823861
0.828556
0.839006
0.826062
0.83232
0.83471
0.826499
0.831856
0.839579
0.829593
0.837258
0.835781
0.83988
0.8286
0.836381
0.828786
0.823175
0.837468
0.837062
0.831833
0.825951
0.838834
0.83279
0.828598
0.826833
0.833408
0.832886
0.837759
0.827587
0.825092
0.827181
0.833779
0.83924
0.833384
0.840318
0.827681
0.827108
0.827649
0.831273
0.835061
0.831555
0.832384
0.828308
0.829089
0.834817
0.834532
0.830158
0.830999
0.830566
0.836291
0.827125
0.834735
0.839205
0.825059
0.830333
0.832898
0.835293
0.837988
0.839589
0.829278
0.826755
0.833132
0.832851
0.829244
0.837711
0.837087
0.832659
0.832791
0.825877
0.837105
0.830292
0.828014
0.825926
0.827139
0.838024
0.836599
0.827475
0.839589
0.838923
0.834534
0.833968
0.831982
0.83641
0.827283
0.823492
0.82755
0.841132
0.835804
0.825443
0.826881
0.828439
0.831715
0.836974
0.828033
0.834935
0.835005
0.840537
0.837773
0.825301
0.837038
0.829065
0.825675
0.836444
0.83729
0.839586
0.837291
0.837904
0.832247
0.839629
0.83918
0.832206
0.829313
0.839572
0.826053
0.827869
0.825646
0.836119
0.825089
0.827978
0.835442
0.832531
0.830152
0.830776
0.839735
0.829646
0.841233
0.83681
0.831063
0.829592
0.825965
0.830394
0.824035
0.837947
0.83455
0.839923
0.823567
0.828178
0.831457
0.831242
0.839173
0.836809
0.839107
0.836907
0.837934
0.832153
0.835728
0.826901
0.837827
0.825908
0.829682
0.838261
0.828426
0.842031
0.829144
0.833961
0.832207
0.83607
0.827369
0.832023
0.832277
0.82675
0.827365
0.832275
0.825139
0.839018
0.831381
0.831533
0.829353
0.829028
0.832202
0.838547
0.827286
0.832745
0.832254
0.837852
0.824843
0.842043
0.838669
0.83749
0.829893
0.83925
0.835229
0.827366
0.825051
0.826075
0.823853
0.827699
0.838421
0.827681
0.831529
0.827183
0.838406
0.826647
0.824367
0.837074
0.839316
0.833802
0.836539
0.833842
0.837131
0.835673
0.841646
0.833398
0.832742
0.838441
0.831407
0.837378
0.828462
0.83311
0.830426
0.827996
0.827654
0.824661
0.841606
0.84166
0.840736
0.826354
0.830792
0.83314
0.833683
0.82436
0.826
0.840504
0.832414
0.836254
0.837988
0.832299
0.842235
0.828389
0.837386
0.830246
0.837579
0.83146
0.834817
0.829467
0.822959
0.836342
0.831898
0.828741
0.838185
0.837292
0.830584
0.831139
0.825869
0.825884
0.839579
0.839488
0.838647
0.835113
0.827522
0.830351
0.828415
0.832454
0.829693
0.836741
0.827489
0.837601
0.832356
0.840558
0.837616
0.839734
0.825721
0.841345
0.832998
0.827065
0.834135
0.831883
0.838977
0.831202
0.825385
0.82996
0.829451
0.831634
0.839001
0.832901
0.829197
0.83455
0.833072
0.829412
0.835812
0.839338
0.840439
0.827345
0.839624
0.828918
