452.381 0.824577 0.00729915
418.209 0.820183 0.00703997
428.722 0.822892 0.0109985
507.244 0.83149 0.00866329
477.374 0.827079 0.00695875
497.373 0.83689 0.0133958
434.281 0.812301 0.0068752
438.536 0.833642 0.00709869
452.662 0.821938 0.00692201
511.121 0.829714 0.0104143
439.729 0.842813 0.00840519
448.344 0.829352 0.00708963
456.945 0.844121 0.0126486
464.457 0.837594 0.00865079
432.47 0.852742 0.00876132
429.201 0.837245 0.00739278
477.772 0.840298 0.0177193
501.589 0.828623 0.00696524
445.153 0.830281 0.014486
506.727 0.820761 0.00691541
456.634 0.826012 0.00962985
486.514 0.817573 0.0074872
469.477 0.840208 0.00729944
494.631 0.821907 0.00694793
449.696 0.824819 0.00686623
492.686 0.833272 0.00715748
506.337 0.833568 0.00944161
519.522 0.849247 0.00740415
443.848 0.829464 0.00855845
491.913 0.836066 0.0102314
435.662 0.833473 0.0070389
445.423 0.818377 0.00679866
452.535 0.845064 0.0129015
516.785 0.828393 0.00706064
454.928 0.829128 0.00914303
412.398 0.843954 0.014621
514.729 0.830617 0.00709797
522.056 0.822453 0.00707107
424.284 0.834337 0.016908
420.439 0.844426 0.011824
443.357 0.822048 0.00700491
540.758 0.822364 0.0068597
496.207 0.844168 0.00735696
516.72 0.829634 0.0101467
447.015 0.828402 0.00712563
428.317 0.837873 0.0131966
475.807 0.851793 0.00736293
457.962 0.827151 0.010149
453.23 0.843183 0.00946182
491.787 0.849281 0.00747054
481.256 0.825417 0.00709589
457.397 0.830532 0.0071074
475.446 0.845484 0.0159721
507.737 0.839723 0.0125309
487.222 0.8406 0.0126322
434.369 0.83721 0.00746613
453.128 0.839089 0.017276
465.8 0.829121 0.00719188
473.943 0.847398 0.0037676
474.119 0.827059 0.00898685
449.612 0.845853 0.0127329
467.891 0.8335 0.0111036
522.57 0.842385 0.0135408
447.354 0.820144 0.00995546
480.051 0.822763 0.00694177
479.673 0.845377 0.0079855
460.943 0.828654 0.00712085
445.319 0.826726 0.00714405
477.883 0.821645 0.00921682
462.026 0.848442 0.01358
455.743 0.837438 0.0159016
555.924 0.823837 0.00705178
468.921 0.819532 0.00698157
501.031 0.832847 0.0133688
466.695 0.837711 0.014199
457.931 0.836131 0.0102233
460.487 0.83744 0.014116
457.28 0.821347 0.00689392
454.242 0.843555 0.0169241
466.746 0.830565 0.00708665
432.65 0.835644 0.0072062
459.92 0.825442 0.00702801
476.519 0.832563 0.0100068
451.713 0.82177 0.00683739
457.419 0.831896 0.00706854
443.143 0.844422 0.00730377
540.084 0.827277 0.0118
464.236 0.834806 0.00373982
465.774 0.824109 0.00738551
518.869 0.835081 0.0104872
507.445 0.81521 0.00696995
466.606 0.837641 0.00719018
496.283 0.834762 0.00968877
476.779 0.827322 0.00810111
478.933 0.835886 0.0131811
503.104 0.830953 0.00847295
481.577 0.828081 0.0157795
493.992 0.845996 0.0129623
437.146 0.836088 0.00723607
515.244 0.826072 0.00717512
459.446 0.834111 0.0100893
438.535 0.832051 0.0121807
489.701 0.845263 0.00727779
495.298 0.832009 0.0125536
478.183 0.83611 0.00744067
490.23 0.828354 0.00691561
468.503 0.819716 0.00696199
419.872 0.836447 0.01178
404.754 0.836784 0.0140749
494.803 0.831383 0.0077881
441.286 0.84802 0.00959554
459.984 0.819427 0.00699972
447.507 0.842243 0.0157679
468.534 0.846715 0.00731888
438.913 0.842561 0.0163522
470.405 0.824788 0.0123515
446.514 0.838634 0.015889
475.601 0.841102 0.00714691
456.819 0.827043 0.00698034
459.51 0.850661 0.0133304
482.748 0.828405 0.0072517
471.268 0.832959 0.00706733
522.05 0.828402 0.0112688
552.689 0.850871 0.00122223
467.964 0.828772 0.00695352
509.552 0.840106 0.0126546
413.332 0.846879 0.00736857
442.681 0.841634 0.0142838
531.849 0.833398 0.00961215
471.107 0.831435 0.0137591
479.674 0.830863 0.00712567
435.367 0.851446 0.0130682
492.635 0.836084 0.0137632
413.644 0.82514 0.00708122
434.941 0.827432 0.0081036
466.948 0.831168 0.0101196
438.284 0.838552 0.0105197
446.722 0.830097 0.00891592
542.309 0.831164 0.0120952
474.871 0.842972 0.00729157
500.528 0.818417 0.00693298
423.102 0.83334 0.00706387
448.898 0.849004 0.00374437
423.222 0.831879 0.00975704
493.174 0.836058 0.00713742
445.697 0.825892 0.0074197
501.615 0.820754 0.00695317
436.293 0.818754 0.00692868
431.777 0.845701 0.00731998
489.15 0.825716 0.00710176
491.661 0.846894 0.00731364
493.956 0.835203 0.00711281
502.35 0.82294 0.00692273
503.698 0.826726 0.00855327
436.213 0.828018 0.00703712
439.478 0.816416 0.00691728
490.788 0.819528 0.00704458
444.263 0.825187 0.0069678
486.42 0.823853 0.00700686
523.03 0.81934 0.0112258
430.33 0.831629 0.010127
509.428 0.828477 0.0099922
501.644 0.83901 0.0106642
485.333 0.851617 0.0159125
486.144 0.817122 0.00705628
491.432 0.825782 0.00875673
426.673 0.836691 0.0145287
452.289 0.832913 0.00689072
420.841 0.842276 0.0119328
439.914 0.819108 0.0069619
441.622 0.84017 0.00930314
494.596 0.82102 0.00701583
556.233 0.835153 0.00724084
471.203 0.82446 0.0149847
449.851 0.828823 0.0086699
510.799 0.852171 0.0139289
471.673 0.822776 0.00698886
472.906 0.830177 0.00713345
412.651 0.827209 0.0070657
494.456 0.83152 0.00702726
443.552 0.824474 0.00696603
485.905 0.835256 0.016012
448.437 0.839625 0.0132839
425.252 0.835125 0.00710605
398.61 0.835434 0.0070284
472.164 0.813487 0.00686478
436.274 0.839497 0.0163702
445.253 0.830329 0.00856071
433.488 0.833323 0.0133755
453.386 0.836312 0.0146104
485.531 0.814272 0.00692973
431.376 0.834144 0.013417
483.153 0.825408 0.00696857
470.738 0.838589 0.0133932
425.396 0.830673 0.00974906
456.199 0.833357 0.0123095
409.263 0.846199 0.00163161
492.537 0.842413 0.0102864
496.565 0.839843 0.00380693
483.95 0.838827 0.0104483
470.659 0.819675 0.00696133
531.105 0.851822 0.0155305
445.979 0.817723 0.00704764
424.86 0.827566 0.00751836
474.573 0.84877 0.0132668
531.129 0.837845 0.00718233
504.706 0.830789 0.0122117
463.075 0.848649 0.0144009
488.891 0.820492 0.00692859
451.766 0.825078 0.00698271
470.307 0.828661 0.00794834
497.399 0.858461 0.0137982
448.878 0.841175 0.0140731
503.85 0.834468 0.018298
459.708 0.827287 0.00708635
450.392 0.81976 0.00704791
434.839 0.826814 0.00162238
427.646 0.826863 0.0155363
505.752 0.827596 0.00733625
446.061 0.833394 0.00836713
495.259 0.835276 0.00720669
432.408 0.816912 0.00691725
430.606 0.837763 0.00859646
453.573 0.837616 0.00377548
492.991 0.861995 0.0167705
488.126 0.846842 0.014766
469.884 0.822771 0.0071301
455.22 0.826863 0.00708341
438.483 0.852089 0.00747631
499.036 0.828548 0.00886134
490.724 0.827805 0.00699135
429.511 0.843723 0.0135852
476.105 0.820978 0.00697658
488.675 0.842531 0.00730493
499.737 0.844206 0.00711382
504.385 0.82618 0.011045
440.251 0.830924 0.0165082
440.181 0.824242 0.00782277
455.198 0.839873 0.00746224
497.454 0.842614 0.00731638
458.234 0.820117 0.00703001
451.012 0.82045 0.0067784
460.867 0.835243 0.011623
501.063 0.819691 0.00727658
464.544 0.83041 0.0110263
455.508 0.828221 0.00686503
482.804 0.83314 0.0079224
489.201 0.836936 0.0104092
489.557 0.828687 0.0121671
516.204 0.826376 0.00687094
511.451 0.843193 0.0156255
473.91 0.801253 0.00683449
525.054 0.834164 0.0131974
510.781 0.823442 0.00704346
426.46 0.827053 0.0078007
485.322 0.831586 0.00966493
448.987 0.826078 0.00694202
467.396 0.847495 0.0135898
477.965 0.834117 0.0154004
459.092 0.836584 0.0071863
449.733 0.833889 0.0118954
454.956 0.812563 0.00683627
496.78 0.826192 0.00927494
518.39 0.8257 0.00712368
462.858 0.822526 0.00693932
439.599 0.803292 0.00686685
422.475 0.833472 0.00987867
507.92 0.832709 0.00710767
461.707 0.819412 0.0069181
489.547 0.849554 0.00735557
497.5 0.847996 0.0130566
444.616 0.839125 0.00725662
440.407 0.828347 0.00713225
468.515 0.840407 0.0100054
486.582 0.835948 0.0139712
465.684 0.833905 0.00928972
421.667 0.821202 0.00684032
490.133 0.833983 0.0140909
491.589 0.833586 0.0107285
511.732 0.826349 0.00698198
490.091 0.846015 0.00730835
518.082 0.82014 0.00699022
484.505 0.825162 0.0070184
520.02 0.836688 0.00699894
470.994 0.840422 0.0121173
529.865 0.830519 0.00713473
550.895 0.827403 0.00698239
432.139 0.81118 0.00884094
472.113 0.815559 0.0094249
524.883 0.830269 0.00813445
471.868 0.827225 0.0104407
519.216 0.82749 0.00770867
497.244 0.82648 0.0094227
434.37 0.832922 0.010662
492.636 0.833987 0.0065023
546.781 0.822493 0.00685608
464.411 0.823325 0.0100142
450.294 0.822468 0.00690662
468.097 0.82714 0.00902237
432.653 0.834502 0.00688618
472.165 0.837085 0.0139886
467.279 0.82151 0.00749898
526.791 0.823089 0.00697417
457.756 0.826191 0.00962111
476.1 0.812069 0.00695593
446.341 0.827728 0.00704073
443.891 0.820523 0.00695716
461.609 0.83011 0.0119601
498.808 0.835139 0.017487
430.427 0.81183 0.00690993
471.143 0.836658 0.0113564
492.972 0.834676 0.0149402
461.704 0.840602 0.00725473
472.022 0.838298 0.0149389
448.955 0.825392 0.00693066
451.387 0.838282 0.0152094
463.177 0.844086 0.00731893
499.407 0.819281 0.00680194
487.034 0.84225 0.00733061
479.821 0.813893 0.00692031
449.439 0.818433 0.00693924
500.919 0.818809 0.00681914
449.492 0.845445 0.0132886
453.469 0.84233 0.0157568
522.74 0.820419 0.00900969
505.803 0.819284 0.00681893
494.39 0.829539 0.0113604
488.93 0.817363 0.00682623
486.171 0.8209 0.00689912
543.291 0.82361 0.0119716
477.649 0.823504 0.00716087
457.654 0.821678 0.00834558
429.25 0.837452 0.00735292
460.352 0.826326 0.0070138
461.62 0.823474 0.00701254
459.11 0.822004 0.00700539
508.144 0.85077 0.00757978
427.193 0.834979 0.0136926
492.671 0.822877 0.0069106
445.899 0.832653 0.011527
441.027 0.826848 0.0110174
498.94 0.836438 0.0140877
509.934 0.818289 0.00683634
447.282 0.821758 0.00697357
504.288 0.849493 0.00728273
479.928 0.825202 0.0103317
476.191 0.832366 0.0127902
445.086 0.818937 0.00684244
471.504 0.82304 0.00700109
490.805 0.849201 0.0156397
500.555 0.818147 0.00695867
416.663 0.827292 0.00701954
462.437 0.834149 0.00820227
426.676 0.827405 0.0107369
460.305 0.815371 0.00699389
490.809 0.843946 0.00714748
523.914 0.830083 0.00697335
449.583 0.831988 0.011663
397.662 0.816076 0.00710484
463.54 0.842948 0.0152572
514.339 0.816602 0.00695457
451.585 0.849757 0.0180448
460.65 0.830545 0.00804823
546.628 0.824164 0.00705537
569.56 0.83351 0.00984584
458.719 0.837243 0.0103307
448.074 0.830116 0.00995502
514.883 0.837764 0.00129121
483.797 0.827207 0.00697432
497.377 0.822973 0.00703483
522.342 0.843061 0.0107088
471.714 0.832133 0.00686877
466.171 0.840508 0.0115838
515.556 0.829116 0.0070863
514.554 0.818432 0.00680434
462.663 0.819025 0.00678689
478.025 0.834998 0.0126892
550.901 0.846776 0.0146284
399.887 0.825502 0.00692525
463.21 0.827341 0.00705561
464.618 0.839945 0.0178831
411.808 0.832684 0.00885687
497.179 0.828753 0.00715429
493.17 0.850978 0.00375859
448.571 0.833209 0.0145951
465.009 0.817314 0.0069284
443.186 0.833936 0.00719597
499.934 0.826646 0.00702064
494.757 0.833077 0.00687794
524.797 0.822578 0.00702635
502.929 0.844624 0.00384244
506.465 0.837812 0.00370123
550.959 0.834644 0.00711266
487.29 0.828328 0.0179835
507.346 0.838361 0.014927
463.435 0.833461 0.013273
485.974 0.834529 0.0173617
443.619 0.829558 0.00690594
453.026 0.82277 0.00712072
469.541 0.845338 0.0128083
464.998 0.834314 0.0127794
498.994 0.828429 0.00681587
417.201 0.818942 0.00686806
516.858 0.836809 0.0104826
485.603 0.831992 0.00704674
480.613 0.860696 0.0136515
532.508 0.836006 0.00729734
416.606 0.816064 0.00689234
448.593 0.818516 0.00686409
484.034 0.828607 0.0170758
516.27 0.810723 0.00929285
443.803 0.84541 0.00992848
487.276 0.820354 0.00917768
470.002 0.828898 0.00899621
479.12 0.829041 0.0101374
459.789 0.838798 0.00944265
500.436 0.8333 0.00162286
508.679 0.822447 0.0105395
476.446 0.816897 0.00878852
482.28 0.845657 0.0138507
459.567 0.841787 0.0105411
485.793 0.855104 0.0154089
437.918 0.838974 0.0101415
462.272 0.832437 0.0120633
469.898 0.818932 0.00740083
442.649 0.831655 0.0131994
449.202 0.823735 0.00688693
467.817 0.823807 0.00682693
442.748 0.824496 0.0088796
518.63 0.822647 0.00684299
502.454 0.825795 0.0101538
471.982 0.839529 0.0142675
469.363 0.828782 0.00697763
519.607 0.829037 0.00709597
448.576 0.848597 0.00731958
451.943 0.825479 0.0069446
494.288 0.816955 0.00795951
535.76 0.832756 0.0147132
501.032 0.847079 0.00730185
496.486 0.837802 0.0164398
515.8 0.827079 0.00710737
503.184 0.837278 0.00719494
489.117 0.822516 0.00781453
529.222 0.838714 0.0115998
483.964 0.847641 0.0122385
420.731 0.827971 0.00793171
457.869 0.845527 0.0122919
452.465 0.813581 0.00672071
481.647 0.827147 0.00710495
496.593 0.82895 0.00695215
442.067 0.824345 0.0101182
441.977 0.823218 0.00696949
425.563 0.834611 0.0130734
468.663 0.842673 0.0141872
481.929 0.831579 0.0124393
466.642 0.810077 0.00677478
484.893 0.842154 0.0159244
447.799 0.826434 0.00694982
471.018 0.833442 0.00711971
478.832 0.832297 0.0106668
468.402 0.818315 0.00694614
504.719 0.821936 0.0069157
534.877 0.8301 0.00704241
466.731 0.835327 0.00717718
466.152 0.846209 0.00734715
464.053 0.842533 0.00728462
462.256 0.839747 0.0132397
481.206 0.821482 0.00685285
485.877 0.830909 0.00715957
476.025 0.831152 0.00711303
444.417 0.821632 0.00704908
465.319 0.829135 0.00917189
451.136 0.821914 0.00683866
502.372 0.840298 0.0137644
423.217 0.829541 0.00703143
459.922 0.823745 0.00680115
454.368 0.8388 0.00734064
494.216 0.822556 0.0107116
387.413 0.8182 0.00685459
453.718 0.852881 0.00741564
416.618 0.831393 0.0109614
504.121 0.839126 0.00883449
467.679 0.830207 0.00787607
494.497 0.84562 0.00726796
440.744 0.831997 0.0102792
440.991 0.838724 0.0072323
463.022 0.846704 0.0155003
496.301 0.830773 0.00713006
406.943 0.855466 0.00747594
500.796 0.817709 0.00695025
445.503 0.826465 0.0105327
441.104 0.826478 0.00692811
465.382 0.831216 0.00701173
486.238 0.838569 0.00767702
476.478 0.825152 0.00698196
473.556 0.831441 0.0124139
432.569 0.832015 0.00870501
440.741 0.834263 0.00718119
483.945 0.828072 0.00701934
420.549 0.843472 0.0163112
485.173 0.822963 0.00700159
462.838 0.846769 0.0129907
510.421 0.830116 0.0137141
495.393 0.850174 0.0128931
479.108 0.832049 0.00703617
471.891 0.82169 0.00694746
472.12 0.852882 0.00738379
456.792 0.828228 0.0135846
456.288 0.843599 0.0144663
438.805 0.842325 0.00727939
441.86 0.83093 0.00704443
512.872 0.823051 0.00715103
479.778 0.822018 0.00697528
422.591 0.847199 0.0168881
506.943 0.823864 0.00701834
447.86 0.835072 0.0112955
467.96 0.855859 0.00759326
462.92 0.838697 0.0127782
503.226 0.831161 0.00704086
452.45 0.841964 0.0141443
448.341 0.855887 0.0152542
470.75 0.830326 0.00792783
456.698 0.850585 0.0133407
477.675 0.822009 0.00706936
441.02 0.839826 0.00910423
456.073 0.824269 0.00710052
420.212 0.823176 0.00700149
501.142 0.828167 0.12033
444.541 0.840707 0.00727823
479.733 0.827964 0.0138509
459.591 0.832077 0.0137769
436.325 0.821976 0.00738599
511.709 0.813452 0.00693992
452.118 0.828705 0.0113525
469.34 0.83516 0.0070513
450.932 0.815405 0.00699762
508.269 0.822201 0.0110634
437.416 0.84948 0.020291
491.662 0.828881 0.00853624
485.512 0.827011 0.00695976
416.287 0.836867 0.00795972
459.883 0.815838 0.00681203
479.038 0.830503 0.00914801
425.443 0.851649 0.00744034
466.213 0.844015 0.013447
461.539 0.816364 0.00681066
430.3 0.833592 0.00710381
473.054 0.816875 0.00690818
469.546 0.837819 0.0132881
432.721 0.831444 0.0069823
498.835 0.823052 0.00694786
520.781 0.8322 0.00709317
510.167 0.837782 0.0139748
437.192 0.844469 0.0138631
447.115 0.825819 0.00807406
481.784 0.817936 0.00728313
483.063 0.850249 0.0129379
461.953 0.8532 0.0153669
466.52 0.838122 0.0112782
411.731 0.842105 0.00708527
488.137 0.835608 0.0159835
452.427 0.826567 0.00700973
432.779 0.842863 0.00717282
508.248 0.812987 0.00682831
468.913 0.834685 0.0105311
444.09 0.832938 0.00698324
500.436 0.83888 0.0132258
527.437 0.819544 0.00699333
459.398 0.860779 0.00382788
489.171 0.83563 0.00739958
510.072 0.82922 0.0103361
456.729 0.838446 0.0144386
505.486 0.834132 0.0123745
483.918 0.823212 0.00704469
461.86 0.844407 0.0140633
455.748 0.806332 0.00676363
463.261 0.840674 0.0190424
444.538 0.842552 0.00744867
522.617 0.833085 0.00721044
455.09 0.816305 0.00698087
460.209 0.823033 0.00727367
450.502 0.829394 0.0083755
438.501 0.845451 0.0165509
528.86 0.833727 0.00712357
454.661 0.835882 0.0128081
463.816 0.836922 0.00722758
482.45 0.832835 0.00710752
517.786 0.832757 0.0071216
390.335 0.838781 0.0113469
459.797 0.844473 0.0137438
477.108 0.822286 0.00692111
457.511 0.857517 0.015078
451.41 0.823284 0.00921297
476.226 0.845467 0.00726269
461.209 0.828038 0.00727644
477.034 0.82364 0.00685786
505.427 0.824957 0.00882703
461.817 0.826352 0.00711137
466.895 0.821962 0.00678316
487.532 0.849198 0.00745789
441.242 0.85198 0.00736276
436.6 0.831895 0.0129621
469.042 0.818533 0.00698074
423.074 0.825959 0.00778814
479.29 0.822926 0.00702478
526.479 0.825224 0.0109223
463.037 0.827758 0.00697995
522.652 0.835166 0.0127142
466.315 0.826372 0.00700353
440.272 0.841757 0.0108091
434.768 0.823451 0.0068691
462.928 0.818501 0.00694
456.836 0.853796 0.0142263
427.477 0.828762 0.00694968
438.11 0.843139 0.0142875
450.561 0.817838 0.00674986
428.815 0.820267 0.00844947
463.235 0.835746 0.0102661
488.745 0.838528 0.00727542
464.156 0.825782 0.00697378
468.918 0.827593 0.00722972
443.253 0.836619 0.0140832
507.063 0.821234 0.00762844
488.602 0.837793 0.00948214
473.021 0.835346 0.00889984
426.228 0.839045 0.00941093
485.119 0.842194 0.0136769
440.815 0.832204 0.0137802
509.327 0.842398 0.0143957
404.876 0.83109 0.00704898
465.422 0.820233 0.00683101
430.663 0.852728 0.0203337
437.633 0.830899 0.0135158
420.073 0.840248 0.0124645
527.986 0.830241 0.00703252
466.695 0.825815 0.00703193
503.032 0.845511 0.00740407
496.633 0.834017 0.0126573
495.142 0.826299 0.0136902
478.166 0.819039 0.00687352
450.044 0.838582 0.00923249
480.424 0.8262 0.00698361
493.455 0.831114 0.00698934
461.482 0.841997 0.0147547
445.348 0.823992 0.00975835
486.222 0.847657 0.0120631
476.879 0.836772 0.0158502
525.273 0.829485 0.00901285
479.81 0.832582 0.0068444
502.462 0.824377 0.0069493
481.157 0.822327 0.00701225
466.51 0.825362 0.00769836
501.271 0.825652 0.00874063
452.617 0.830024 0.00706391
490.048 0.830993 0.00702358
418.297 0.837389 0.0103406
455.669 0.828671 0.00834097
483.677 0.837523 0.0155674
442.599 0.838516 0.00736986
517.842 0.824792 0.00692423
466.165 0.848732 0.01296
458.849 0.8445 0.0127723
468.866 0.814833 0.00697135
503.23 0.824168 0.00711248
485.527 0.824013 0.00699032
461.211 0.832559 0.00861294
490.358 0.825507 0.00698262
426.685 0.824104 0.00693624
509.593 0.824901 0.0147177
434.534 0.825553 0.00713563
453.457 0.83027 0.00722836
437.203 0.843086 0.0106265
457.595 0.833717 0.00722257
422.11 0.826975 0.00866812
508.498 0.82592 0.00705093
465.675 0.827564 0.00993835
499.199 0.835544 0.010255
478.23 0.837014 0.00702427
473.112 0.850409 0.0110424
461.221 0.827424 0.0166337
494.215 0.852176 0.00377731
516.311 0.824306 0.00700825
487.167 0.83151 0.00713638
471.778 0.838615 0.0133292
472.051 0.847539 0.0133475
453.003 0.835351 0.00708798
452.652 0.822091 0.00825706
466.531 0.824622 0.00690613
463.011 0.833013 0.0186166
522.115 0.825347 0.00936591
451.314 0.824608 0.00831937
467.793 0.836061 0.0136681
448.945 0.839286 0.00730669
472.927 0.83109 0.0091257
416.98 0.83028 0.0075266
484.275 0.840221 0.0140052
461.142 0.850804 0.00122497
442.382 0.842197 0.00731318
452.851 0.824839 0.00962018
451.378 0.827287 0.00979319
422.798 0.839967 0.0110394
445.199 0.831434 0.00734117
505.629 0.829484 0.00706942
481.249 0.824014 0.00816377
485.073 0.843316 0.00724081
476.798 0.81685 0.00681557
517.392 0.821809 0.00907845
474.436 0.823778 0.00698431
522.814 0.839744 0.0104733
449.769 0.838613 0.0100847
422.257 0.822552 0.00699062
469.014 0.841059 0.0140978
498.094 0.839083 0.0136424
449.534 0.842482 0.00993792
500.755 0.841236 0.0105703
477.379 0.842846 0.00836386
500.683 0.828136 0.00702551
498.746 0.822897 0.00793726
450.382 0.840112 0.00818699
468.622 0.841393 0.013679
448.662 0.848355 0.00749299
533.122 0.848698 0.0194014
496.037 0.828695 0.00692157
452.778 0.823517 0.00707235
469.725 0.826095 0.00125707
446.646 0.838392 0.0106619
499.345 0.844983 0.00381278
454.937 0.844661 0.0126546
477.594 0.833986 0.0105616
487.647 0.838269 0.0155653
436.702 0.858443 0.0037985
392.017 0.818865 0.0102752
453.187 0.845499 0.015658
478.566 0.816039 0.00691699
462.28 0.847366 0.0151764
453.812 0.845858 0.0159443
452.046 0.826719 0.0128955
416.419 0.831076 0.00684271
432.488 0.835229 0.00929634
441.531 0.85352 0.0124955
465.539 0.837805 0.0119998
405.495 0.826049 0.014147
447.619 0.824302 0.00977862
482.87 0.835113 0.00844508
447.796 0.855482 0.00379157
519.018 0.825483 0.00703703
441.676 0.817373 0.00689646
495.257 0.817071 0.00689998
419.211 0.835662 0.0104895
479.449 0.827692 0.00967079
463.526 0.826042 0.00690836
486.957 0.828391 0.00705454
466.934 0.825781 0.0146697
449.126 0.852687 0.0149254
434.267 0.831458 0.00943765
528.192 0.839206 0.00738351
498.411 0.826466 0.0076683
500.312 0.826168 0.00705215
484.377 0.820761 0.00716269
471.855 0.828285 0.00699004
430.865 0.845527 0.0140443
463.52 0.837794 0.00375875
488.725 0.825646 0.00805862
424.727 0.850271 0.00381707
429.358 0.81758 0.00683611
449.43 0.83895 0.00379309
429.238 0.825928 0.00714618
451.678 0.838691 0.0131443
509.138 0.839131 0.0157831
432.938 0.83021 0.00716166
538.042 0.82848 0.00918353
477.084 0.833757 0.0146112
467.905 0.819041 0.00730744
439.606 0.836657 0.0139935
531.042 0.834036 0.0089946
443.801 0.833752 0.0112976
478.872 0.830231 0.00902431
481.554 0.828608 0.0106135
527.046 0.827875 0.00693199
465.381 0.842036 0.0151865
454.329 0.820078 0.00709832
426.309 0.824843 0.0108149
475.691 0.824321 0.00685679
471.058 0.818624 0.00798637
512.53 0.841411 0.0112344
444.292 0.81319 0.00676165
483.315 0.837565 0.00830155
445.822 0.831933 0.00708017
424.73 0.840351 0.00717221
427.344 0.831666 0.0141493
451.315 0.841017 0.0142309
530.196 0.82929 0.00709305
477.525 0.836672 0.00802257
472.046 0.845746 0.00732371
459.504 0.822848 0.00691477
470.329 0.842468 0.0138507
508.319 0.832822 0.0106846
490.024 0.837229 0.0147421
471.832 0.83525 0.00928167
509.951 0.822126 0.00758466
440.84 0.846882 0.00764929
445.11 0.826419 0.00812284
462.164 0.831183 0.00701349
463.835 0.825924 0.0157319
481.274 0.834409 0.00706518
473.179 0.841058 0.0142404
513.575 0.826387 0.00689234
502.449 0.8417 0.0137689
418.959 0.8271 0.00705503
460.052 0.824006 0.00701842
485.971 0.817588 0.00663662
477.35 0.827022 0.0107878
480.467 0.816097 0.00693224
465.931 0.831058 0.00838411
464.496 0.830266 0.0120674
504.906 0.844722 0.0180538
443.004 0.826626 0.00703551
460.683 0.826102 0.00719949
467.679 0.824175 0.00705758
452.344 0.831427 0.0106683
450.083 0.835647 0.0136898
456.681 0.839617 0.0071664
482.143 0.807504 0.00674284
445.012 0.822867 0.00732374
438.569 0.841444 0.0118919
496.545 0.839441 0.0134
399.72 0.816509 0.00689142
452.746 0.847214 0.0074173
458.349 0.834183 0.00699892
435.572 0.851846 0.00745736
514.836 0.838409 0.00706173
496.232 0.835132 0.0102901
401.611 0.833108 0.0078757
504.15 0.823239 0.00706827
441.864 0.840942 0.0138167
474.674 0.821735 0.00698508
428.12 0.844314 0.0127755
456.187 0.846427 0.01281
458.82 0.844748 0.00377208
476.17 0.840647 0.0158905
480.606 0.834459 0.0110821
466.588 0.836919 0.0164165
461.29 0.832024 0.0108003
474.143 0.826023 0.00708134
471.365 0.833042 0.00998058
480.745 0.830897 0.00704782
468.677 0.814668 0.00681151
527.168 0.831881 0.00705108
433.345 0.824697 0.0166186
517.663 0.829918 0.00706354
422.309 0.845192 0.0117706
496.546 0.830997 0.00697931
478.721 0.813511 0.00679682
444.865 0.827022 0.00702564
425.837 0.830751 0.00710812
459.362 0.826874 0.00702006
456.123 0.821261 0.00698174
472.988 0.832596 0.0070052
418.527 0.824359 0.00800777
467.853 0.846905 0.00741558
506.424 0.827209 0.00800696
447.138 0.829031 0.0102916
465.585 0.830704 0.00704421
456.664 0.850964 0.00962024
464.509 0.8181 0.00702901
496.26 0.836326 0.00379933
528.098 0.832455 0.00706368
455.884 0.83621 0.00730392
435.178 0.829271 0.00702662
469.815 0.820096 0.00702404
460.027 0.818986 0.00679384
484.146 0.838684 0.0123592
493.081 0.824389 0.00890376
459.925 0.821704 0.00712665
483.05 0.843771 0.0100966
510.933 0.823945 0.00702603
472.756 0.815807 0.00688603
438.468 0.830564 0.0145074
481.957 0.838908 0.00899195
443.867 0.849653 0.00746183
419.814 0.829919 0.0122797
505.951 0.817326 0.006879
469.129 0.829037 0.0104161
477.995 0.831749 0.00664012
458.442 0.835069 0.0114874
471.06 0.844612 0.00722589
434.89 0.841559 0.0147747
375.232 0.83543 0.00714861
471.794 0.850743 0.00733921
435.255 0.840507 0.0143098
480.592 0.840227 0.0141602
483.653 0.840907 0.0140925
439.745 0.821616 0.00698932
491.156 0.820959 0.00704333
475.384 0.834576 0.0115075
500.85 0.850574 0.0156868
447.622 0.832074 0.014997
520.176 0.823131 0.00709382
460.407 0.836333 0.00739724
423.197 0.825975 0.00685785
433.767 0.819441 0.00684602
514.831 0.828579 0.00783439
513.755 0.837313 0.00131166
498.947 0.841298 0.00722331
491.575 0.83828 0.0138606
449.813 0.839311 0.00377512
493.307 0.82848 0.00711
457.901 0.823275 0.00699004
485.107 0.836948 0.00732191
384.861 0.838142 0.0124438
485.898 0.838666 0.0137601
516.354 0.825027 0.00796705
425.503 0.838485 0.0152191
468.99 0.855758 0.00741082
446.549 0.837424 0.0110629
446.654 0.856969 0.00383043
488.332 0.832333 0.0105354
431.614 0.843916 0.0138121
406.261 0.817175 0.0069687
506.869 0.829201 0.00694105
429.344 0.817819 0.0068676
497.81 0.816926 0.00697303
434.76 0.830164 0.0136908
449.148 0.823782 0.00760175
469.043 0.855482 0.0137097
491.79 0.834973 0.00709403
411.216 0.82799 0.00970551
429.942 0.82901 0.00974253
506.477 0.840857 0.00713194
496.625 0.815771 0.00766242
437 0.836913 0.0122334
454.408 0.835835 0.00892819
492.231 0.829456 0.00701001
447.98 0.836832 0.0144823
493.785 0.81478 0.00895362
486.046 0.832955 0.00894695
436.985 0.822139 0.00693737
456.627 0.839638 0.0132044
470.023 0.850065 0.00126713
458.946 0.845791 0.00723598
410.52 0.834646 0.0149753
442.418 0.830158 0.00725153
477.348 0.829218 0.0140815
449.077 0.821339 0.00690863
448.667 0.841926 0.012517
496.122 0.818305 0.00687265
467.712 0.819771 0.00701807
453.185 0.815747 0.00693407
537.166 0.828932 0.00702741
476.954 0.827032 0.00702179
500.268 0.825607 0.00690816
507.478 0.819815 0.00705386
471.153 0.830867 0.0070999
442.187 0.845185 0.0105694
485.933 0.821486 0.00685991
465.323 0.842546 0.00727208
513.54 0.820456 0.00704213
478.246 0.837368 0.0182877
476.41 0.850281 0.0075011
498.08 0.828242 0.0069244
435.206 0.832041 0.00699263
403.142 0.829867 0.00700168
461.66 0.823763 0.00895217
487.628 0.822233 0.00695091
470.638 0.840807 0.00778722
477.615 0.824704 0.00736498
492.94 0.827397 0.00705995
460.282 0.844301 0.0016003
479.574 0.8251 0.00718541
471.609 0.83353 0.009782
457.178 0.813387 0.00674849
495.653 0.818544 0.00810627
450.278 0.85086 0.00753487
475.302 0.83363 0.00709877
491.948 0.833731 0.0114977
494.76 0.814756 0.00669802
488.159 0.82855 0.00698147
443.641 0.832786 0.00704482
466.282 0.830456 0.00378429
485.92 0.84657 0.013009
434.423 0.819944 0.00687473
477.824 0.828257 0.0107075
456.88 0.844427 0.00737154
489.202 0.842635 0.00704306
508.403 0.824307 0.00691996
418.538 0.834066 0.00703484
498.482 0.821476 0.00694404
481.952 0.831445 0.00707826
450.2 0.823221 0.015559
551.082 0.842816 0.0145372
495.403 0.844449 0.0150836
476.527 0.832683 0.00922022
489.565 0.823718 0.006966
520.014 0.832469 0.0072428
462.705 0.827251 0.0069836
534.506 0.811278 0.00687209
442.328 0.829868 0.00699748
511.254 0.829475 0.00713646
494.092 0.824931 0.00704202
494.46 0.833067 0.00723445
