0.833009
0.836892
0.832032
0.8342
0.83257
0.829381
0.833678
0.836164
0.836037
0.834792
0.828626
0.835309
0.831933
0.837549
0.833143
0.836486
0.832176
0.826258
0.833551
0.831919
0.832127
0.833824
0.832774
0.829646
0.8296
0.832885
0.833588
0.831305
0.83354
0.832627
0.836641
0.831526
0.836701
0.833441
0.832322
0.835165
0.832652
0.833827
0.833382
0.834219
0.83362
0.828589
0.836129
0.832034
0.832163
0.833355
0.832681
0.832079
0.833811
0.827285
0.837709
0.832125
0.833428
0.829375
0.831843
0.830867
0.832416
0.837743
0.835038
0.834033
0.832254
0.836341
0.834111
0.835144
0.826735
0.837151
0.833598
0.834352
0.833912
0.836957
0.833429
0.831121
0.835783
0.831801
0.834689
0.832697
0.826676
0.831398
0.827241
0.833134
0.830704
0.834206
0.836915
0.836095
0.831459
0.831381
0.835585
0.837118
0.828749
0.834429
0.828404
0.835161
0.828778
0.834601
0.832297
0.829621
0.838539
0.83557
0.829869
0.830116
0.829722
0.834517
0.830414
0.833387
0.830639
0.830545
0.829513
0.831775
0.836071
0.831839
0.833593
0.830971
0.831801
0.833133
0.835039
0.833755
0.831072
0.830646
0.832323
0.834733
0.829943
0.833438
0.8323
0.829544
0.830932
0.833534
0.832543
0.830314
0.832209
0.832484
0.837125
0.830804
0.832116
0.829547
0.833123
0.831492
0.830201
0.830071
0.833318
0.832822
0.831831
0.828162
0.832259
0.831733
0.836546
0.834678
0.830552
0.834086
0.834613
0.831899
0.831766
0.83299
0.834554
0.832417
0.83554
0.837717
0.833079
0.833502
0.833046
0.833332
0.832608
0.829543
0.83551
0.831907
0.836264
0.833398
0.833367
0.834924
0.830445
0.831986
0.83186
0.829552
0.834633
0.835605
0.833984
0.831621
0.82997
0.833003
0.829062
0.831984
0.830294
0.834064
0.831759
0.832282
0.833782
0.834739
0.834203
0.835283
0.832568
0.832042
0.8346
0.830728
0.833982
0.829632
0.83111
0.834659
0.834047
0.830609
0.832348
0.829761
0.830948
0.831276
0.832798
0.834146
0.832819
0.834419
0.833718
0.830967
0.834177
0.836257
0.833109
0.832769
0.836135
0.835001
0.837061
0.834244
0.834868
0.832571
0.831643
0.83156
0.834703
0.832089
0.833802
0.832578
0.833129
0.828912
0.832699
0.832689
0.83297
0.831622
0.834638
0.834114
0.83312
0.833746
0.83243
0.834512
0.831954
0.830416
0.839915
0.836339
0.833717
0.831416
0.835105
0.833045
0.83576
0.830864
0.8346
0.83624
0.834696
0.830522
0.832699
0.830948
0.834553
0.833572
0.830754
0.832082
0.836782
0.829557
0.8303
0.833479
0.832998
0.829188
0.834206
0.83341
0.831579
0.833263
0.831341
0.830707
0.837534
0.831439
0.836576
0.835714
0.83542
0.831933
0.831168
0.830923
0.83913
0.832967
0.834416
0.830984
0.836777
0.832569
0.838029
0.834124
0.831401
0.835684
0.834107
0.83012
0.835805
0.831895
0.831627
0.834994
0.835932
0.831119
0.831878
0.832473
0.833041
0.832361
0.833016
0.83162
0.832691
0.831939
0.832146
0.832512
0.828951
0.828889
0.838479
0.831434
0.833561
0.833012
0.83935
0.83289
0.83536
0.833057
0.833127
0.831394
0.833054
0.82803
0.82889
0.833103
0.833437
0.833261
0.835884
0.830806
0.833198
0.834846
0.833619
0.834036
0.833004
0.833964
0.832398
0.835223
0.832134
0.836331
0.830561
0.829812
0.837529
0.834471
0.835953
0.834996
0.833269
0.834231
0.833188
0.835193
0.832254
0.838366
0.835738
0.832422
0.835027
0.835751
0.830301
0.833246
0.837413
0.834623
0.831945
0.833843
0.830387
0.831416
0.834034
0.833829
0.828715
0.834643
0.834082
0.831388
0.83378
0.834441
0.835603
0.831099
0.838121
0.82955
0.832582
0.840363
0.829548
0.835062
0.83254
0.833093
0.830691
0.831245
0.830007
0.834986
0.83409
0.829628
0.831268
0.837074
0.832629
0.832768
0.834826
0.833545
0.834421
0.830914
0.834725
0.832852
0.835562
0.835938
0.830104
0.830731
0.833698
0.832618
0.832205
0.830647
0.83516
0.833678
0.83479
0.830222
0.831945
0.831664
0.833876
0.833819
0.834764
0.832364
0.833644
0.833662
0.830371
0.835426
0.832458
0.835121
0.829947
0.837593
0.831448
0.833814
0.83606
0.832188
0.832707
0.833879
0.8317
0.833346
0.831908
0.82935
0.831796
0.82844
0.833205
0.835144
0.832426
0.834386
0.831135
0.832212
0.833707
0.832161
0.837361
0.832949
0.834775
0.833511
0.828823
0.834349
0.833486
0.837013
0.833841
0.832931
0.830941
0.832328
0.8292
0.831065
0.834256
0.832166
0.833794
0.833744
0.831619
0.832915
0.829288
0.834902
0.831691
0.828956
0.832226
0.828994
0.832305
0.834897
0.832843
0.834187
0.834784
0.827269
0.839765
0.834275
0.83136
0.828504
0.833527
0.832503
0.831577
0.833866
0.834045
0.834599
0.833976
0.832231
0.832259
0.832011
0.830733
0.831398
0.83203
0.833441
0.828703
0.830874
0.830651
0.831952
0.831931
0.828208
0.826901
0.837364
0.8344
0.834374
0.828799
0.831989
0.832044
0.831653
0.830583
0.835904
0.83115
0.832612
0.834695
0.82956
0.833581
0.831658
0.831257
0.835983
0.829835
0.832156
0.836305
0.841878
0.831686
0.834746
0.83457
0.832839
0.831237
0.836872
0.832023
0.832145
0.833954
0.831125
0.829955
0.833479
0.838007
0.832817
0.83342
0.831694
0.837385
0.833886
0.829288
0.833183
0.832453
0.83518
0.830304
0.833753
0.833835
0.828679
0.833777
0.833656
0.835134
0.830226
0.832948
0.834484
0.835144
0.834673
0.832876
0.832109
0.833184
0.831464
0.832263
0.831755
0.833858
0.829453
0.829914
0.830127
0.833538
0.836579
0.833111
0.835988
0.830555
0.832372
0.832726
0.833925
0.836784
0.831468
0.829637
0.832278
0.832227
0.8317
0.834834
0.834103
0.838038
0.831449
0.837341
0.835124
0.831631
0.830171
0.833528
0.833974
0.834697
0.833316
0.834468
0.834481
0.832259
0.831314
0.835681
0.833032
0.832048
0.831205
0.832571
0.832644
0.832606
0.834289
0.837792
0.838563
0.832713
0.834693
0.835036
0.831448
0.828861
0.830629
0.836111
0.829654
0.830617
0.831361
0.832597
0.834756
0.83496
0.832756
0.834084
0.836148
0.833687
0.83429
0.831382
0.833101
0.833067
0.829966
0.83389
0.834915
0.833565
0.834064
0.835308
0.831436
0.834466
0.833834
0.831756
0.834268
0.832253
0.832842
0.831984
0.835009
0.83205
0.831548
0.82919
0.830646
0.83387
0.832646
0.831276
0.832105
0.832607
0.833075
0.836346
0.830224
0.829975
0.827269
0.836481
0.831046
0.835427
0.831264
0.835576
0.836318
0.835782
0.83166
0.834949
0.831239
0.830779
0.829131
0.831148
0.826471
0.835486
0.830115
0.834145
0.831782
0.833071
0.834055
0.829366
0.835128
0.831552
0.833059
0.834779
0.831236
0.833053
0.833084
0.829974
0.835097
0.838847
0.831092
0.83326
0.833234
0.835326
0.832535
0.83248
0.831473
0.833635
0.831789
0.834964
0.829285
0.832483
0.835814
0.834586
0.831713
0.83008
0.82984
0.831715
0.830877
0.82973
0.830914
0.833863
0.835244
0.829751
0.829669
0.831518
0.833087
0.835365
0.833238
0.8328
0.827926
0.831766
0.83142
0.831639
0.829194
0.833686
0.831629
0.833574
0.831486
0.830267
0.829668
0.830485
0.834204
0.830613
0.830242
0.834771
0.826941
0.831862
0.830484
0.833756
0.832093
0.829232
0.831379
0.832559
0.83296
0.833547
0.834622
0.833529
0.831881
0.834135
0.832141
0.835785
0.832459
0.826958
0.829544
0.831544
0.831247
0.833698
0.831618
0.830453
0.831797
0.828318
0.834689
0.83077
0.833257
0.830441
0.835165
0.836125
0.833947
0.830322
0.835475
0.830924
0.830089
0.832785
0.830193
0.833025
0.834936
0.835741
0.828904
0.831978
0.83253
0.831012
0.831162
0.83154
0.828261
0.834619
0.828974
0.829634
0.838186
0.83547
0.83272
0.832713
0.831828
0.830943
0.832687
0.83096
0.831102
0.835637
0.835828
0.836164
0.830127
0.830504
0.831075
0.834788
0.832706
0.83491
0.833324
0.832304
0.834521
0.827823
0.833085
0.830944
0.834011
0.835996
0.8309
0.832448
0.835127
0.829758
0.831185
0.833357
0.828994
0.832919
0.833856
0.836642
0.831881
0.832827
0.836177
0.832846
0.833637
0.831586
0.833874
0.828604
0.837854
0.830415
0.833998
0.830654
0.836823
0.831921
0.832717
0.833353
0.830846
0.832126
0.833197
0.835736
0.832271
0.828983
0.83007
0.829882
0.831729
0.831936
0.833374
0.833915
0.834031
0.836067
0.832423
0.833947
0.831736
0.832587
0.833247
0.829
0.832044
0.836945
0.829449
0.835008
0.828745
0.832958
0.832628
0.834092
0.829502
0.830174
0.831142
0.83016
0.83287
0.829079
0.837989
0.830188
0.830651
0.829997
0.834722
0.829305
0.831811
0.83302
0.832987
0.835792
0.833
0.829858
0.833536
0.831448
0.836391
0.829064
0.833141
0.834208
0.829869
0.833914
0.829552
0.835318
0.835387
0.828913
0.835464
0.835489
0.831552
0.831694
0.833241
0.836722
0.83182
0.834232
0.832336
0.832531
0.835028
0.828044
0.835051
0.833807
0.832106
0.831892
0.835642
0.835267
0.835756
0.832806
0.832083
0.83411
0.832394
0.835447
0.835333
0.835135
0.833486
0.831847
0.836798
0.83694
0.833606
0.834285
0.830569
0.830706
0.831642
0.830906
0.832815
0.834386
0.834345
0.832468
0.833501
0.832773
0.828728
0.832937
0.834233
0.834836
0.832414
0.831845
0.831962
0.833103
0.831564
0.832509
0.834217
0.825622
0.833121
0.836768
0.834374
0.835649
0.832868
0.83022
0.836771
0.833903
0.831736
0.835089
0.832505
0.831056
0.82996
0.832926
0.827815
0.837191
0.833959
0.830975
0.834073
0.837044
0.831611
0.836727
0.833191
0.83343
0.832189
0.83103
0.832849
0.837103
0.829217
0.835632
0.831092
0.835633
0.835228
0.831835
0.832339
0.831146
0.83741
0.832021
0.829334
0.831916
0.83394
0.831265
0.833292
0.833163
0.833687
0.835205
0.833157
0.833772
0.835957
0.830199
0.836822
0.832773
0.833008
0.830325
0.832976
0.834626
0.832469
