0.848773
0.847945
0.850373
0.848168
0.849552
0.849623
0.85268
0.850704
0.851802
0.848213
0.849081
0.849588
0.852108
0.847991
0.8479
0.851997
0.849157
0.84886
0.849776
0.852349
0.849546
0.846791
0.848025
0.848525
0.846946
0.849926
0.849497
0.84918
0.848184
0.850903
0.84879
0.851639
0.849153
0.848728
0.855215
0.849794
0.853874
0.855112
0.845481
0.847699
0.847219
0.847057
0.848268
0.848861
0.84334
0.85062
0.847448
0.849348
0.849325
0.846801
0.846746
0.843602
0.851846
0.851396
0.851395
0.848654
0.849174
0.847064
0.849601
0.847275
0.847446
0.847367
0.848743
0.848172
0.850092
0.846997
0.846304
0.851754
0.848541
0.846743
0.848758
0.847716
0.849572
0.849167
0.845929
0.853295
0.842354
0.845366
0.853921
0.848615
0.85009
0.849069
0.850182
0.848332
0.84983
0.855674
0.848735
0.847571
0.843058
0.853109
0.843873
0.850347
0.846423
0.850495
0.844496
0.847096
0.852056
0.85234
0.850872
0.848126
0.847169
0.850207
0.846194
0.844347
0.848869
0.854039
0.845943
0.851336
0.849947
0.849196
0.84963
0.853598
0.849681
0.846666
0.848127
0.848906
0.849787
0.850088
0.85319
0.845611
0.849165
0.851146
0.849449
0.850131
0.845055
0.850365
0.848093
0.84968
0.8505
0.849776
0.851125
0.853106
0.847902
0.85196
0.85085
0.847372
0.853015
0.852503
0.851035
0.850999
0.848867
0.848962
0.848162
0.847482
0.850756
0.846631
0.847736
0.852422
0.850618
0.848479
0.844526
0.853197
0.852925
0.850493
0.84553
0.853864
0.854954
0.846187
0.850494
0.84581
0.850033
0.857065
0.852121
0.849076
0.848501
0.848786
0.848437
0.850003
0.845034
0.849442
0.853057
0.847874
0.84929
0.851547
0.847447
0.851549
0.848012
0.851906
0.848253
0.850568
0.844851
0.845369
0.848278
0.847257
0.851778
0.848137
0.846822
0.847273
0.848675
0.845847
0.849232
0.849972
0.847957
0.847378
0.850176
0.849394
0.85039
0.847613
0.849691
0.846401
0.850669
0.854842
0.848615
0.85234
0.853886
0.849436
0.849959
0.849572
0.847544
0.846777
0.851362
0.846509
0.848469
0.851036
0.850643
0.849659
0.850476
0.849079
0.85102
0.850582
0.851044
0.849267
0.849943
0.850905
0.852457
0.848517
0.849161
0.847419
0.853378
0.854724
0.843286
0.849888
0.850108
0.855197
0.85057
0.847967
0.845728
0.849339
0.850991
0.850781
0.847412
0.851864
0.852079
0.850751
0.847929
0.849959
0.845638
0.851599
0.848874
0.853398
0.848576
0.845346
0.849507
0.84897
0.846063
0.849475
0.845421
0.846037
0.851844
0.848182
0.848158
0.849288
0.850749
0.850959
0.846607
0.850321
0.853853
0.846855
0.848336
0.851267
0.845877
0.848904
0.852713
0.848189
0.849184
0.854103
0.851362
0.849365
0.849656
0.848223
0.848127
0.847823
0.849
0.84329
0.851121
0.851636
0.846517
0.84735
0.847326
0.846221
0.848665
0.847932
0.849075
0.846372
0.847353
0.84968
0.847562
0.847158
0.847867
0.847461
0.852739
0.844891
0.84715
0.849313
0.845647
0.850104
0.847625
0.851207
0.85275
0.850603
0.84818
0.847594
0.849155
0.844488
0.851721
0.844471
0.847237
0.849594
0.851039
0.850063
0.848186
0.848584
0.850038
0.8473
0.85115
0.848119
0.853978
0.850058
0.84508
0.850533
0.854632
0.854306
0.847549
0.845373
0.848482
0.850011
0.84959
0.848358
0.851354
0.850689
0.852259
0.849577
0.846548
0.851856
0.848598
0.852598
0.848166
0.848933
0.849051
0.848519
0.852199
0.851913
0.849238
0.84904
0.846087
0.851019
0.848242
0.851613
0.849319
0.848676
0.851385
0.853003
0.851813
0.849138
0.849543
0.850493
0.84584
0.847674
0.845803
0.84817
0.852995
0.850142
0.849317
0.849036
0.846186
0.850054
0.848543
0.848891
0.850074
0.847975
0.84523
0.850488
0.847396
0.846898
0.850252
0.852798
0.852839
0.850793
0.848633
0.845323
0.849201
0.848089
0.850876
0.851601
0.850804
0.844111
0.851092
0.853244
0.849275
0.851413
0.848026
0.849586
0.850775
0.850663
0.848868
0.847799
0.849111
0.848699
0.845329
0.85045
0.850909
0.851774
0.85027
0.847976
0.851015
0.851255
0.84859
0.848527
0.846704
0.849917
0.854472
0.853318
0.848101
0.850745
0.847429
0.844953
0.848589
0.84637
0.849914
0.850895
0.852014
0.846494
0.849472
0.8521
0.848819
0.849146
0.850037
0.851157
0.848869
0.84618
0.853303
0.850867
0.853202
0.844842
0.852051
0.8485
0.851247
0.853226
0.85087
0.844975
0.848881
0.849947
0.847104
0.845578
0.849279
0.845451
0.846745
0.850734
0.851757
0.852787
0.84906
0.846068
0.850929
0.847129
0.851657
0.849961
0.853259
0.85048
0.849288
0.847868
0.843883
0.849435
0.852774
0.850482
0.84955
0.850298
0.852562
0.854345
0.85353
0.849652
0.847388
0.85083
0.850406
0.851237
0.845884
0.849564
0.850579
0.84943
0.850855
0.846542
0.851091
0.846991
0.847171
0.845775
0.841399
0.846491
0.848535
0.850915
0.851475
0.847285
0.844941
0.85437
0.848259
0.846702
0.850143
0.849838
0.849027
0.846347
0.851362
0.849094
0.849126
0.852379
0.850138
0.851972
0.848465
0.846615
0.847513
0.850795
0.851515
0.850407
0.850576
0.848688
0.846912
0.851187
0.852113
0.849319
0.847013
0.852206
0.84742
0.846226
0.848125
0.847952
0.850945
0.849857
0.84862
0.851368
0.851722
0.848893
0.849837
0.848598
0.848937
0.844461
0.850627
0.848625
0.848307
0.853497
0.853816
0.850161
0.850973
0.849024
0.84771
0.856625
0.84711
0.847799
0.852408
0.852965
0.850683
0.848949
0.855603
0.848513
0.851004
0.853864
0.849171
0.849486
0.849658
0.847369
0.850686
0.84927
0.852407
0.848823
0.850128
0.851309
0.850362
0.852785
0.855493
0.855348
0.851714
0.844815
0.851024
0.847075
0.848213
0.8528
0.849039
0.843432
0.845235
0.85096
0.850842
0.845817
0.850856
0.851653
0.852363
0.84871
0.849543
0.851408
0.851514
0.847891
0.846553
0.849686
0.848777
0.848726
0.852675
0.85013
0.848848
0.846788
0.851254
0.847063
0.842995
0.84975
0.846723
0.851014
0.848934
0.849602
0.854446
0.846593
0.851733
0.850584
0.848193
0.84973
0.848458
0.849314
0.849321
0.847827
0.846879
0.850024
0.848978
0.846566
0.853493
0.850873
0.84739
0.849747
0.846133
0.847915
0.845333
0.854376
0.849695
0.853739
0.848587
0.849011
0.853376
0.855362
0.846595
0.845032
0.852515
0.85297
0.8485
0.850231
0.850384
0.850384
0.849575
0.850058
0.852339
0.850008
0.850498
0.847988
0.84777
0.849345
0.853125
0.846282
0.847823
0.850013
0.851346
0.847755
0.853385
0.847996
0.85047
0.851554
0.848016
0.849938
0.847497
0.846492
0.846011
0.848524
0.852173
0.848692
0.846933
0.846511
0.847427
0.841827
0.846347
0.849898
0.843964
0.848833
0.849352
0.85046
0.850935
0.846999
0.850805
0.84951
0.850285
0.850008
0.843316
0.849876
0.847944
0.849358
0.844834
0.852997
0.844371
0.853331
0.852122
0.845292
0.851178
0.848456
0.850551
0.847993
0.850064
0.84915
0.850356
0.852464
0.850058
0.847517
0.845052
0.846436
0.84806
0.851219
0.847095
0.850359
0.847917
0.844893
0.853538
0.854145
0.851681
0.849944
0.845707
0.849979
0.850602
0.848074
0.850473
0.843646
0.846817
0.848219
0.84852
0.845654
0.849102
0.849208
0.849687
0.84979
0.84598
0.855058
0.849197
0.848168
0.852529
0.850492
0.848114
0.84907
0.847593
0.849629
0.849707
0.852415
0.848288
0.849964
0.846841
0.851156
0.851238
0.848362
0.85234
0.847714
0.849331
0.851204
0.848221
0.85083
0.847015
0.847622
0.849493
0.849737
0.853137
0.851573
0.854707
0.847197
0.848586
0.85012
0.845898
0.849113
0.849126
0.84882
0.845095
0.855548
0.849059
0.847133
0.848172
0.852896
0.848064
0.84784
0.85007
0.847918
0.849041
0.849652
0.846232
0.850241
0.848652
0.848498
0.849048
0.849292
0.849484
0.848141
0.847535
0.851061
0.846165
0.851831
0.847455
0.844623
0.848197
0.85118
0.848244
0.851266
0.849258
0.850028
0.846811
0.848576
0.84908
0.852897
0.847028
0.85339
0.849632
0.85256
0.846579
0.852664
0.846145
0.85059
0.846592
0.848654
0.845115
0.850224
0.845392
0.849411
0.846039
0.84896
0.84942
0.851184
0.851614
0.848488
0.849296
0.85295
0.847524
0.848102
0.848419
0.849203
0.849424
0.851917
0.85565
0.849564
0.851112
0.850973
0.853472
0.848842
0.848523
0.854051
0.850591
0.850139
0.849865
0.850116
0.847989
0.852735
0.848115
0.847277
0.851981
0.850832
0.851084
0.854674
0.850305
0.852647
0.849394
0.847933
0.848388
0.847836
0.854024
0.850583
0.842432
0.852832
0.848848
0.847575
0.848428
0.852223
0.851391
0.850804
0.849659
0.84579
0.855478
0.848273
0.848723
0.852648
0.848971
0.847586
0.848179
0.851229
0.847392
0.849604
0.85061
0.853446
0.85038
0.848638
0.853031
0.848691
0.846897
0.85015
0.846267
0.852076
0.843392
0.84921
0.850277
0.852986
0.846991
0.848335
0.848389
0.845898
0.848718
0.845292
0.854496
0.852759
0.845769
0.851544
0.848958
0.850462
0.850091
0.850782
0.849539
0.850695
0.855427
0.846199
0.855175
0.848389
0.851546
0.851036
0.848748
0.852732
0.848469
0.850246
0.850876
0.849412
0.849764
0.850545
0.847213
0.844924
0.853823
0.850605
0.854555
0.847123
0.850605
0.850399
0.852763
0.848388
0.847981
0.847537
0.844468
0.848582
0.850942
0.850619
0.855501
0.85034
0.848778
0.84512
0.845433
0.851816
0.849419
0.848555
0.846512
0.846044
0.852184
0.850713
0.852595
0.845927
0.846821
0.844943
0.848643
0.850252
0.847679
0.847956
0.848768
0.847917
0.849638
0.844556
0.849724
0.849668
0.846188
0.846629
0.850073
0.852487
0.852788
0.850042
0.849239
0.847312
0.85181
0.846118
0.850609
0.845788
0.85041
0.852991
0.846567
0.852714
0.849792
0.84974
0.846171
0.852135
0.85088
0.855294
0.852386
0.850042
0.847707
0.851321
0.850436
0.846432
0.847539
0.850537
0.845246
0.852069
0.853476
0.849574
0.848882
0.853848
0.85183
0.849575
0.848772
0.848232
0.849096
0.849232
0.8522
0.848902
0.848516
0.851305
0.851498
0.847092
0.846018
0.852426
0.846757
0.849765
0.852956
0.849099
0.848237
0.850515
0.853884
0.850336
0.848023
0.850594
0.848325
0.84811
0.84847
0.848496
0.84647
0.845397
0.849027
0.850452
0.853255
0.848122
0.849634
0.853689
0.846204
0.85462
0.850137
0.847411
0.84541
0.852156
0.846525
0.849631
0.850791
0.850144
0.852328
0.849985
0.844992
0.853483
0.848155
0.846774
0.850131
0.850443
0.848406
0.850906
0.848634
0.845187
0.852679
0.854054
0.848533
0.848082
0.84731
0.848157
0.848341
0.849528
0.848652
0.852197
0.8495
0.853156
0.843349
0.847902
0.85018
0.852415
0.852208
0.85128
0.846426
0.846307
0.850837
0.850002
0.850755
0.848592
0.852979
0.846716
0.848838
0.849276
0.846256
0.84645
0.853723
0.848466
0.854193
0.850564
0.849493
0.850354
0.854169
0.842849
0.849582
0.845282
0.851876
0.853686
0.848816
0.847479
0.853836
0.846116
0.848958
0.851355
0.851662
0.850316
0.846238
0.847227
0.852448
0.850024
0.847267
0.849495
0.850484
0.851158
0.846755
0.844336
0.851014
0.848651
0.847457
0.85188
0.849416
0.850669
0.844305
0.850512
0.850065
0.849383
0.847591
0.848712
0.841503
0.850391
0.843377
0.846703
0.84544
0.849967
0.849746
0.846651
0.847866
0.852531
0.852597
0.849843
0.851728
0.852646
0.85254
0.84754
0.84659
0.853337
0.847613
0.847639
0.850299
0.847165
0.849439
0.849272
0.852794
0.853142
0.850017
0.854093
0.846478
0.846922
0.852133
0.848526
0.848824
0.849421
0.848867
0.85002
0.846331
0.852329
0.846797
0.848045
0.849348
0.848256
0.848147
0.845728
0.848154
0.852642
0.845226
0.851047
0.850037
0.8471
0.849773
0.847613
0.84754
0.845756
0.848275
0.852148
0.846884
0.846462
0.847934
0.849243
0.849439
0.847511
0.844985
0.853611
0.844
0.848459
0.850307
0.852251
0.849304
0.847226
0.854608
0.845941
0.853679
0.852495
0.850741
0.845834
0.851356
0.849137
0.850838
0.849085
0.84826
0.847849
0.844485
0.850132
0.851107
0.847792
0.855475
0.851185
0.849192
0.848452
0.848268
0.853098
0.851757
0.84992
0.848843
0.849086
0.849867
0.846682
0.845746
0.851613
0.846002
0.852929
0.849718
0.850392
0.851187
0.84908
0.849611
0.848861
0.851174
0.849285
0.844832
0.844375
0.848262
0.849079
0.852858
0.854707
0.852074
0.845661
0.850335
0.852577
0.851879
0.851937
0.850509
0.849085
0.849126
0.845184
0.850697
0.852232
0.84399
0.84805
0.851489
0.850338
0.846373
0.847716
0.85054
0.847491
0.849896
0.848955
0.850588
0.847176
0.851584
0.85352
0.849042
0.853832
0.850395
0.848739
0.848991
0.848514
0.853439
0.849658
0.851731
0.84632
0.848749
0.848156
0.850187
0.85167
0.853856
0.845054
0.847257
0.851518
0.848629
0.851483
0.84866
0.846398
0.848846
0.845559
0.847454
0.848366
0.848974
0.847953
0.848536
0.847809
0.84592
0.850213
0.845271
0.85023
0.84927
0.851427
0.848413
0.849865
0.84751
0.847428
0.84773
0.850811
0.846279
0.84643
0.85418
0.849787
0.851245
0.850801
0.850953
0.851109
0.849851
0.850338
0.849601
0.847902
0.848018
0.848096
0.852781
0.850193
0.849342
0.848183
0.85084
0.847879
0.850034
0.846093
0.850396
0.850733
0.851017
0.850112
0.846955
0.850647
0.84406
0.849241
0.848367
0.849552
0.847086
0.853554
0.847229
0.848789
0.848939
0.853033
0.848017
0.848161
0.852208
0.849491
0.847464
0.8469
0.847744
0.849896
0.845504
0.851488
0.849335
0.848313
0.849311
0.848684
0.849289
0.848939
0.84909
0.847492
0.854419
0.847901
0.855026
0.851798
0.851491
0.851669
0.848882
0.845511
0.847809
0.84773
0.844899
0.850144
0.849309
0.850948
0.848949
0.844683
0.853023
0.856346
0.849131
0.84817
0.850651
0.849319
0.847328
0.851148
0.854738
0.850012
0.85067
0.847666
0.85093
0.848975
0.847503
0.85301
0.84637
0.851475
0.85372
0.850275
0.850086
0.847363
0.844917
0.848353
0.852411
0.847712
0.849075
0.849115
0.855919
0.84779
0.848236
0.848895
0.848183
0.84993
0.850347
0.846504
0.852025
0.847979
0.852376
0.850632
0.845796
0.85277
0.84789
0.852702
0.849957
0.852653
0.850478
0.847143
0.851805
0.850476
0.846943
0.849761
0.851537
0.849959
0.843148
0.851107
0.849579
0.849917
0.84737
0.847676
0.849378
0.849847
0.851747
0.849648
0.853352
0.854586
0.848089
0.848531
0.849813
0.849612
0.847204
0.84993
0.850851
0.84803
0.847849
0.847256
0.848797
0.85025
0.850629
0.846679
0.849648
0.848109
0.848794
0.846709
0.850399
0.848393
0.845433
0.850907
0.845675
0.849891
0.853232
0.847355
0.849246
0.849467
0.850398
0.849434
0.852731
0.851184
0.855067
0.849121
0.853905
0.852303
0.845562
0.846835
0.850443
0.851698
0.847039
0.848934
0.852595
0.852003
0.853386
0.852574
0.850434
0.844476
0.851467
0.84945
0.849316
0.851845
0.848841
0.850512
0.851488
0.847104
0.849276
0.849377
0.854088
0.847199
0.850743
0.849138
0.849989
0.851006
0.848126
0.850894
0.85175
0.846964
0.845593
0.849731
0.848788
0.850066
0.851126
0.850324
0.847297
0.851882
0.852824
0.848526
0.847729
0.851192
0.850934
0.85275
0.849127
0.852527
0.845723
0.847207
0.849606
0.851407
0.847008
0.848636
0.84883
0.852125
0.848423
0.847825
0.851634
0.846849
0.843938
0.850909
0.846242
0.851809
0.846007
0.849948
0.849407
0.853832
0.851436
0.852571
0.852502
0.851731
0.85221
0.849321
0.849043
0.846316
0.84573
0.848855
0.846724
0.850619
0.85187
0.84602
0.85119
0.85148
0.849641
0.849165
0.854491
0.851013
0.850946
0.845102
0.847078
0.852262
0.849638
0.85162
0.847663
0.852015
0.853748
0.853777
0.848953
0.849627
0.851135
0.846356
0.849538
0.85368
0.84796
0.848318
0.847891
0.851536
0.849588
0.852987
0.849382
0.852934
0.849629
0.850451
0.847875
0.847805
0.845154
0.850605
0.849267
0.849219
0.848493
0.847422
0.846378
0.852503
0.848356
0.848805
0.851257
0.848122
0.851997
0.850409
0.849954
0.850809
0.852789
0.851032
0.844816
0.849283
0.851058
0.848866
0.847668
0.849302
0.853976
0.849398
0.848339
0.851673
0.852259
0.846658
0.849021
0.852728
0.848017
0.841889
0.847068
0.851807
0.852873
0.855594
0.846376
0.849194
0.858035
0.849864
0.848694
0.85138
0.849698
0.848582
0.850574
0.847695
0.846245
0.850073
0.851202
0.848762
0.849849
0.849795
0.852481
0.847617
0.850081
0.850201
0.854339
0.844215
0.847004
0.847774
0.847371
0.847347
0.850405
0.855531
0.846789
0.847199
0.851693
0.848063
0.852501
0.849922
0.845381
0.849039
0.851446
0.84684
0.848524
0.843801
0.85094
0.850541
0.850633
0.848208
0.845358
0.849244
0.84863
0.849782
0.853141
0.850866
0.850249
0.851274
0.848337
0.851651
0.848997
0.853909
0.854415
0.847312
0.854794
0.843823
0.852054
0.853523
0.846629
0.852982
0.848363
0.849521
0.848117
0.84787
0.851172
0.852139
0.849375
0.851857
0.847579
0.849279
0.848441
0.852105
0.849596
0.849031
0.849331
0.844974
0.853513
0.853068
0.846666
0.845528
0.84745
0.849241
0.846319
0.849607
0.84923
0.84962
0.849131
0.849214
0.848028
0.845733
0.844914
0.848947
0.850631
0.849845
0.850217
0.852194
0.852254
0.84574
0.848512
0.850209
0.851459
0.846019
0.849214
0.85155
0.849568
0.851431
0.84972
0.848437
0.849909
0.849205
0.84868
0.848237
0.847668
0.849052
0.84725
0.854098
0.853632
0.848089
0.851383
0.850428
0.851991
0.849829
0.84832
0.847664
0.850767
0.840993
0.847672
0.84925
0.848891
0.849602
0.847752
0.853039
0.84758
0.855333
0.849682
0.847312
0.85
0.848882
0.848679
0.852964
0.848414
0.850537
0.851099
0.848522
0.851934
0.846681
0.84878
0.850191
0.850529
0.849508
0.845927
0.848425
0.848122
0.850749
0.851338
0.847059
0.850018
0.852823
0.849887
0.847064
0.853335
0.846875
0.849216
0.84961
0.848348
0.84832
0.850278
0.848532
0.846053
0.853304
0.849562
0.850263
0.848544
0.85156
0.850851
0.851907
0.854629
0.846254
0.845499
0.846446
0.85199
0.851353
0.849404
0.846849
0.845699
0.851391
0.853292
0.8476
0.850171
0.848948
0.844327
0.849292
0.847689
0.848086
0.846604
0.848927
0.845153
0.846349
0.847491
0.849955
0.848765
0.852789
0.845862
0.849496
0.847429
0.853156
0.850603
0.850337
0.845492
0.850107
0.849072
0.849666
0.846244
0.851355
0.853398
0.850167
0.850231
0.848064
0.84782
0.850588
0.848089
0.848063
0.851789
0.8514
0.848428
0.84183
0.850214
0.849121
0.845659
0.846982
0.849841
0.847531
0.847772
0.850175
0.847759
0.849184
0.849554
0.849523
0.846019
0.848938
0.851794
0.847578
0.846639
0.852469
0.852309
0.849811
0.85168
0.849725
0.847884
0.850243
0.851191
0.851465
0.8492
0.850668
0.848131
0.848999
0.850404
0.850732
0.849627
0.84356
0.851103
0.848739
0.846673
0.849115
0.850771
0.853868
0.855467
0.855227
0.849748
0.846601
0.850201
0.847044
0.849098
0.853387
0.845753
0.850645
0.850091
0.850482
0.849874
0.846991
0.849391
0.853563
0.84594
0.848232
0.849119
0.851237
0.850743
0.848925
0.850676
0.851688
0.848927
0.849213
0.847891
0.849112
0.848733
0.849799
0.85228
0.848935
0.848026
0.85527
0.843792
0.852968
0.850181
0.846511
0.852441
0.850838
0.850753
0.848799
0.853974
0.850382
0.850987
0.848324
0.851877
0.849129
0.850058
0.850035
0.849553
0.847888
0.849035
0.851728
0.853006
0.851547
0.855247
0.850442
0.844245
0.852075
0.853319
0.849699
0.854095
0.84605
0.847892
0.845372
0.843164
0.853627
0.85562
0.847515
0.849366
0.847985
0.847922
0.846524
0.850995
0.852594
0.851605
0.848759
0.846441
0.849431
0.852432
0.852265
0.847597
0.852027
0.850433
0.846027
0.853364
0.847486
0.851794
0.849691
0.84965
0.852286
0.854574
0.844094
0.851699
0.847969
0.851055
0.849595
0.849094
0.846383
0.849467
0.850366
0.853283
0.850131
0.845439
0.849163
0.848631
0.84886
0.85429
0.848498
0.854672
0.849242
0.851383
0.84736
0.848999
0.850222
0.850784
0.847867
0.850964
0.849047
0.846567
0.851692
0.847386
0.845247
0.848415
0.846026
0.852651
0.850746
0.849777
0.845934
0.850834
0.849007
0.84873
0.847697
0.84747
0.846713
0.854236
0.8502
0.851427
0.850707
0.850011
0.850672
0.847884
0.84334
0.848497
0.851801
0.844239
0.851562
0.8509
0.847343
0.85144
0.850794
0.847206
0.852803
0.850691
0.852183
0.845663
0.846949
0.849152
0.852113
0.848257
0.846869
0.844554
0.848404
0.851105
0.851186
0.847098
0.845246
0.850016
0.847048
0.843842
0.849797
0.84541
0.846396
0.847873
0.844112
0.846032
0.84935
0.84469
0.849613
0.853415
0.851284
0.847571
0.845617
0.847588
0.851079
0.84915
0.853682
0.845434
0.851235
0.843988
0.848056
0.850098
0.848815
0.851243
0.846653
0.849744
0.8469
0.848638
0.850481
0.853492
0.84574
0.850694
0.846049
0.849833
0.852001
0.848358
0.850033
0.84733
0.847484
0.84918
0.848185
0.85015
0.843583
0.845775
0.850673
0.847814
0.852429
0.846933
0.851482
0.85083
0.852175
0.847876
0.853609
0.849696
0.844956
0.851058
0.852302
0.854567
0.848847
0.847963
0.854629
0.847184
0.851378
0.849012
0.843923
0.849007
0.851404
0.851948
0.845315
0.851081
0.849014
0.847407
0.846544
0.851236
0.848645
0.851002
0.848301
0.849399
0.850014
0.849513
0.849834
0.847857
0.851241
0.848533
0.847875
0.854538
0.84819
0.850311
0.851095
0.850566
0.845458
0.847614
0.847977
0.848826
0.848838
0.847286
0.848153
0.85306
0.853072
0.852742
0.848667
0.848662
0.849357
0.849909
0.846811
0.846179
0.852322
0.850395
0.844591
0.851135
0.849231
0.846587
0.852518
0.847543
0.853026
0.851901
0.848692
0.845549
0.847408
0.849518
0.847328
0.850609
0.852846
0.850773
0.848928
0.846019
0.851218
0.85202
0.84956
0.852431
0.848696
0.843505
0.854857
0.847489
0.849819
0.848025
0.849796
0.848017
0.849247
0.850204
0.850547
0.84966
0.851481
0.853585
0.850619
0.84884
0.850932
0.849178
0.847134
0.848717
0.850052
0.848454
0.846544
0.848467
0.848425
0.850387
0.853744
0.847107
0.845456
0.848165
0.848385
0.847623
0.846477
0.851011
0.851527
0.849756
0.849488
0.849166
0.852556
0.85006
0.854747
0.852828
0.847012
0.852896
0.850129
0.844941
0.851525
0.844792
0.853042
0.850821
0.854611
0.851578
0.8501
0.848679
0.849886
0.851484
0.845522
0.847623
0.847128
0.851393
0.854464
0.847796
0.845219
0.848586
0.848568
0.850898
0.853042
0.848817
0.853714
0.850757
0.85154
0.8482
0.845175
0.851296
0.849742
0.849447
0.84914
0.847925
0.848746
0.849279
0.848122
0.852381
0.849631
0.84853
0.850366
0.84496
0.849054
0.849033
0.849758
0.846073
0.851069
0.850125
0.85355
0.850041
0.846815
0.847474
0.849242
0.850919
0.849118
0.846704
0.853272
0.856302
0.846776
0.8572
0.846448
0.851189
0.851162
0.848643
0.849168
0.84964
0.849615
0.848744
0.848975
0.849032
0.848094
0.84807
0.848765
0.843748
0.848039
0.852427
0.846481
0.853898
0.850021
0.844314
0.851594
0.854035
0.854732
0.845419
0.846792
0.850745
0.846842
0.851053
0.847849
0.853423
0.847676
0.846698
0.850583
0.851535
0.847437
0.85095
0.848533
0.850935
0.847711
0.852331
0.853439
0.848584
0.847988
0.847943
0.84844
0.846103
0.851454
0.845505
0.847545
0.848266
0.847232
0.854557
0.850769
0.847796
0.846138
0.852239
0.849221
0.851379
0.845046
0.844637
0.854324
0.849702
0.848114
0.848064
0.849419
0.851345
0.846819
0.84527
0.848902
0.848361
0.850283
0.846432
0.851029
0.849065
0.846818
0.846693
0.852134
0.852039
0.851372
0.84833
0.851153
0.850862
0.849532
0.85011
0.849467
0.850705
0.853585
0.845003
0.847496
0.847209
0.849036
0.850402
0.846409
0.843494
0.848856
0.852054
0.850975
0.84175
0.848925
0.850015
0.850108
0.85263
0.852897
0.847509
0.850044
0.850223
0.852612
0.84613
0.851966
0.85043
0.850173
0.848829
0.84988
0.847831
0.849741
0.855313
0.84844
0.845793
0.850702
0.849908
0.852338
0.853605
0.852727
0.848829
0.845338
0.851941
0.852195
0.849358
0.84901
0.852205
0.853434
0.850352
0.84765
0.849553
0.848892
0.847453
0.847266
0.854045
0.845738
0.851837
0.850258
0.848131
0.846212
0.847984
0.854306
0.847878
0.85024
0.849966
0.845236
0.851039
0.851504
0.843477
0.850334
0.845627
0.850849
0.850882
0.849636
0.855575
0.853083
0.844177
0.846843
0.854245
0.852265
0.848331
0.849287
0.845844
0.855051
0.851581
0.851441
0.847797
0.847147
0.847225
0.851885
0.849328
0.852966
0.852128
0.850429
0.845987
0.849006
0.847863
0.851532
0.851473
0.848997
0.847219
0.851108
0.85213
0.849367
0.852491
0.849471
0.850838
0.847045
0.847005
0.857571
0.849555
0.851908
0.850984
0.848006
0.850459
0.851633
0.850737
0.85372
0.851338
0.850591
0.852296
0.846307
0.848442
0.852042
0.847988
0.845655
0.850989
0.845253
0.853431
0.853231
0.848738
0.848423
0.847843
0.846434
0.846218
0.852573
0.850201
0.848808
0.848078
0.850699
0.850008
0.852056
0.85336
0.852072
0.848192
0.850827
0.847032
0.854934
0.848252
0.849013
0.845064
0.84737
0.84955
0.850788
0.852976
0.84968
0.850575
0.846173
0.850781
0.850075
0.851487
0.851038
0.844384
0.853723
0.853595
0.848252
0.850568
0.848378
0.847675
0.851774
0.848614
0.851195
0.846668
0.847722
0.844713
0.852183
0.848424
0.847897
0.849473
0.849145
0.841516
0.854907
0.848319
0.847808
0.852898
0.848548
0.84886
0.845942
0.848939
0.853459
0.851696
0.853639
0.849521
0.850752
0.849221
0.844964
0.851827
0.852015
0.851277
0.849547
0.85101
0.846479
0.852666
0.847526
0.848097
0.849687
0.852557
0.846261
0.84892
0.848371
0.849116
0.84921
0.848826
0.853301
0.84556
0.850613
0.845986
0.852173
0.847426
0.852143
0.84983
0.853134
0.84733
0.847967
0.849971
0.851469
0.84766
0.846527
0.849762
0.849841
0.849063
0.852349
0.852095
0.849633
0.846234
0.846019
0.850494
0.851685
0.848899
0.848371
0.851924
0.843085
0.845044
0.850262
0.853061
0.851989
0.849209
0.850455
0.849742
0.853593
0.850378
0.848838
0.849235
0.842526
0.84748
0.851222
0.849638
0.847414
0.84668
0.850937
0.846634
0.852232
0.845405
0.849465
0.849332
0.852111
0.848767
0.852638
0.852339
0.849274
0.851292
0.848646
0.850675
0.850452
0.85024
0.848654
0.846118
0.847021
0.851816
0.848427
0.846823
0.848979
0.847485
0.849664
0.847162
0.846046
0.851001
0.852174
0.854233
0.850608
0.850318
0.84853
0.856664
0.847449
0.848336
0.850447
0.845516
0.847766
0.849329
0.851423
0.851777
0.855913
0.84732
0.851713
0.849234
0.850967
0.848085
0.848201
0.84511
0.845854
0.853977
0.85298
0.845391
0.847665
0.847314
0.850908
0.850344
0.848131
0.850149
0.849123
0.855651
0.849973
0.848339
0.851914
0.850587
0.85166
0.848172
0.84961
0.849365
0.847132
0.847987
0.852425
0.850565
0.847846
0.845985
0.84715
0.850484
0.853125
0.848278
0.853314
0.851428
0.848409
0.852118
0.845414
0.849815
0.84952
0.846137
0.851837
0.849833
0.849325
0.848316
0.850101
0.847902
0.847324
0.844327
0.850632
0.853245
0.850164
0.846786
0.850571
0.851676
0.847235
0.85129
0.852535
0.848443
0.850298
0.845924
0.848613
0.848988
0.848622
0.850526
0.846393
0.846881
0.85029
0.848605
0.854982
0.849739
0.85235
0.850781
0.853442
0.85072
0.850177
0.845477
0.85097
0.845959
0.855046
0.848237
0.851927
0.853181
0.850918
0.850271
0.847124
0.84918
0.847694
0.84233
0.852273
0.846739
0.851738
0.847953
0.854319
0.847727
0.850748
0.848612
0.848947
0.849785
0.852017
0.853474
0.849151
0.849822
0.849612
0.850155
0.847713
0.847908
0.848636
0.856659
0.851511
0.84678
0.850179
0.8482
0.852087
0.852702
0.846046
0.848862
0.850469
0.850677
0.848742
0.849614
0.849731
0.851303
0.849764
0.84629
0.853795
0.853633
0.846529
0.849997
0.846895
0.847931
0.847832
0.848343
0.850025
0.852555
0.848056
0.846037
0.84506
0.854525
0.84528
0.847693
0.849027
0.84936
0.84881
0.849119
0.851193
0.849228
0.850477
0.850005
0.847735
0.847997
0.848256
0.850821
0.850306
0.844171
0.849319
0.84854
0.846719
0.849879
0.851412
0.845387
0.850575
0.847515
0.854382
0.850554
0.850464
0.846413
0.847972
0.846081
0.847032
0.848773
0.845215
0.844795
0.848209
0.849185
0.849774
0.853847
0.850161
0.849986
0.846546
0.852754
0.850682
0.847702
0.843353
0.848685
0.846524
0.848461
0.847545
0.843184
0.849984
0.85425
0.85293
0.853577
0.852086
0.851014
0.846313
0.851063
0.847362
0.84541
0.849242
0.856098
0.848137
0.846599
0.841954
0.848855
0.845034
0.85579
0.850456
0.847671
0.853426
0.84883
0.847718
0.848484
0.851599
0.845
0.849762
0.844219
0.849436
0.849422
0.848561
0.854614
0.851455
0.846095
0.848956
0.845536
0.848915
0.850543
0.848881
0.855387
0.845254
0.849817
0.855399
0.847924
0.851738
0.848256
0.855147
0.84518
0.847289
0.85012
0.852781
0.844899
0.850395
0.851582
0.850763
0.853789
0.849414
0.850672
0.850445
0.848396
0.845492
0.853697
0.848791
0.851577
0.851651
0.849736
0.851489
0.850752
0.852248
0.848038
0.849994
0.851707
0.84584
0.850936
0.85079
0.849182
0.848357
0.848708
0.854503
0.848325
0.847901
0.85258
0.846602
0.85227
0.848587
0.849104
0.845769
0.851434
0.850522
0.85107
0.847817
0.851761
0.850654
0.850503
0.847387
0.85115
0.84437
0.852532
0.849893
0.850873
0.852196
0.84946
0.850527
0.851669
0.852561
0.853855
0.849191
0.851317
0.849054
0.852185
0.848077
0.848633
0.851322
0.847462
0.854546
0.850714
0.850628
0.8503
0.847166
0.84857
0.849024
0.851374
0.848607
0.854963
0.847865
0.851074
0.847203
0.850071
0.855491
0.849761
0.847481
0.84787
0.848544
0.85034
0.851377
0.847948
0.8473
0.850735
0.850539
0.851244
0.848106
0.849107
0.84817
0.849601
0.848308
0.849645
0.845915
0.84987
0.850548
0.850062
0.848914
0.845639
0.852675
0.852746
0.84992
0.851317
0.851186
0.848776
0.85192
0.848637
0.848774
0.851661
0.848864
0.847436
0.849671
0.850194
0.850855
0.849947
0.850232
0.849164
0.854505
0.84666
0.849417
0.851008
0.843804
0.85054
0.85099
0.845647
0.847417
0.85145
0.848194
0.852849
0.85006
0.849069
0.851977
0.850611
0.848388
0.845478
0.851817
0.846753
0.845001
0.851628
0.846436
0.846978
0.849595
0.84945
0.849998
0.852379
0.847758
0.845515
0.844477
0.852232
0.849053
0.853046
0.856346
0.849577
0.850818
0.848717
0.849559
0.848498
0.849355
0.847374
0.85011
0.849429
0.851625
0.848413
0.849909
0.848267
0.846747
0.851313
0.851021
0.853128
0.850154
0.851427
0.85099
0.847223
0.846212
0.847124
0.84865
0.849128
0.849249
0.845477
0.849071
0.850501
0.85096
0.844971
0.853888
0.850082
0.846876
0.850804
0.852439
0.849191
0.843866
0.847742
0.855919
0.846792
0.8511
0.845143
0.854155
0.844996
0.847574
0.850851
0.843957
0.851706
0.847684
0.846839
0.849382
0.853031
0.851824
0.848426
0.848474
0.848613
0.843462
0.84576
0.851007
0.847265
0.844158
0.849078
0.848433
0.850974
0.851317
0.850751
0.846951
0.851143
0.849983
0.846344
0.849055
0.847246
0.850158
0.851304
0.846563
0.85185
0.850346
0.847187
0.848433
0.845192
0.850528
0.851192
0.845271
0.854784
0.851822
0.848054
0.850691
0.848407
0.847581
0.847873
0.849959
0.85064
0.84812
0.849857
0.85396
0.849613
0.846383
0.849744
0.850035
0.849927
0.845922
0.848816
0.846329
0.850601
0.847447
0.853647
0.84986
0.845259
0.854482
0.845499
0.847934
0.846335
0.847215
0.847368
0.845161
0.849114
0.85362
0.849142
0.852992
0.849003
0.851587
0.848436
0.851481
0.851127
0.850123
0.847231
0.84804
0.847677
0.846385
0.851017
0.854422
0.848864
0.849234
0.853001
0.850551
0.849055
0.848868
0.851428
0.847337
0.849906
0.848746
0.850586
0.851194
0.851465
0.84505
0.851145
0.852272
0.851504
0.84668
0.846083
0.85105
0.849366
0.84715
0.850847
0.850202
0.847602
0.851774
0.846384
0.849304
0.849464
0.846594
0.849585
0.853227
0.847457
0.843835
0.853355
0.849615
0.845914
0.853538
0.84994
0.851608
0.849231
0.85005
0.853991
0.843467
0.84894
0.849001
0.848245
0.848823
0.851423
0.84628
0.851858
0.850335
0.849678
0.845685
0.847161
0.850525
0.849265
0.84897
0.844525
0.845524
0.847485
0.846761
0.849846
0.850971
0.848637
0.846391
0.845884
0.848607
0.848416
0.850794
0.85266
0.852335
0.851187
0.851875
0.853429
0.84836
0.848027
0.846638
0.851232
0.849627
0.850816
0.847843
0.847284
0.8515
0.855446
0.848263
0.845762
0.845541
0.85237
0.850749
0.844039
0.851108
0.851837
0.850902
0.84784
0.850799
0.84977
0.850161
0.851554
0.844785
0.849526
0.851971
0.847973
0.847252
0.8476
0.845229
0.852357
0.846008
0.849461
0.844871
0.851513
0.849715
0.845304
0.853025
0.848069
0.848498
0.850944
0.846086
0.853596
0.851905
0.851804
0.849268
0.848014
0.851106
0.848426
0.851533
0.851953
0.852695
0.849148
0.851748
0.848288
0.853274
0.845655
0.846997
0.850295
0.851839
0.847917
0.85116
0.854463
0.844759
0.852182
0.850242
0.849342
0.84811
0.852927
0.845831
0.850217
0.845876
0.844126
0.849547
0.850582
0.85333
0.85083
0.847826
0.84954
0.848506
0.845639
0.848815
0.852922
0.849744
0.849281
0.851532
0.852155
0.852578
0.852508
0.851069
0.847256
0.851084
0.84814
0.847957
0.845126
0.849511
0.847678
0.850111
0.851311
0.848609
0.85108
0.850413
0.849098
0.84941
0.852397
0.852127
0.850058
0.849807
0.854646
0.848286
0.845678
0.848953
0.850377
0.849961
0.852549
0.855171
0.849145
0.846891
0.847067
0.852048
0.847658
0.854213
0.848032
0.845999
0.847013
0.846987
0.852829
0.852844
0.852099
0.851805
0.852107
0.854603
0.851551
0.847074
0.848635
0.850488
0.849214
0.849783
0.850253
0.84471
0.850549
0.849482
0.849184
0.851076
0.850159
0.846834
0.851593
0.853575
0.846706
0.852785
0.846439
0.843635
0.850235
0.849311
0.850252
0.85183
0.853918
0.852146
0.84648
0.853107
0.851632
0.846264
0.845428
0.850587
0.84844
0.845076
0.857532
0.852964
0.852619
0.85091
0.842873
0.849846
0.852584
0.851458
0.850849
0.849576
0.84883
0.849518
0.850234
0.84514
0.847113
0.848353
0.848595
0.852035
0.851305
0.848085
0.848412
0.850448
0.853704
0.847472
0.851517
0.852631
0.849479
0.843709
0.850467
0.852455
0.848495
0.847752
0.852058
0.855248
0.846206
0.847744
0.847636
0.848323
0.848556
0.849093
0.848495
0.84657
0.851539
0.852195
0.845796
0.853553
0.849116
0.851717
0.851206
0.847036
0.851116
0.851081
0.85065
0.848759
0.84993
0.843904
0.850758
0.851125
0.852723
0.848628
0.844098
0.848574
0.853729
0.848394
0.850198
0.855779
0.843736
0.845995
0.852388
0.848711
0.850534
0.852029
0.852157
0.848773
0.851334
0.848941
0.848885
0.849128
0.849823
0.85036
0.845813
0.847164
0.845447
0.857625
0.850639
0.848566
0.849499
0.848034
0.8472
0.851862
0.853785
0.850434
0.853859
0.852362
0.850398
0.84878
0.850773
0.854124
0.850387
0.847963
0.847392
0.851479
0.849067
0.84569
0.846199
0.849457
0.850492
0.851398
0.846366
0.850671
0.849147
0.852748
0.847264
0.848302
0.852939
0.850424
0.854329
0.851933
0.84776
0.847865
0.851799
0.849206
0.847757
0.851755
0.847912
0.848503
0.849653
0.848706
0.852037
0.850085
0.851409
0.85061
0.845813
0.850805
0.847593
0.856705
0.848947
0.848586
0.849848
0.850442
0.849619
0.852408
0.849144
0.847157
0.845808
0.848231
0.851823
0.844475
0.851829
0.850133
0.846729
0.851131
0.847693
0.854298
0.850166
0.84614
0.845476
0.851232
0.849958
0.849184
0.84852
0.852704
0.852686
0.849627
0.855
0.849768
0.849625
0.847632
0.848684
0.853234
0.851533
0.848354
0.847573
0.854205
0.848401
1
0.849434
0.848177
0.852927
0.843878
0.845327
0.850036
0.849485
0.848702
0.848428
0.848929
0.851797
0.852388
0.852599
0.851874
0.854056
0.847027
0.844006
0.846615
0.849142
0.846323
0.84662
0.845276
0.853479
0.850078
0.851024
0.850363
0.847419
0.850621
0.845394
0.851754
0.851615
0.850281
0.851869
0.853046
0.848103
0.85194
0.847226
0.849843
0.848382
0.844273
0.852456
0.848966
0.847989
0.85107
0.847182
0.851925
0.843473
0.851777
0.849271
0.851282
0.851342
0.848613
0.84819
0.848891
0.847012
0.848236
0.851396
0.847597
0.852001
0.849134
0.852382
0.849983
0.851562
0.844776
0.844214
0.850416
0.848625
0.849627
0.850977
0.850772
0.847902
0.853461
0.846929
0.847357
0.848144
0.850539
0.846369
0.851989
0.844354
0.848379
0.847401
0.849718
0.847258
0.84894
0.85095
0.85096
0.844198
0.849205
0.848334
0.855676
0.847624
0.849808
0.854165
0.851895
0.850015
0.850707
0.848414
0.848001
0.84787
0.848562
0.847974
0.855906
0.846801
0.846301
0.845139
0.847409
0.853052
0.845446
0.852216
0.851411
0.849962
0.851542
0.852288
0.848802
0.848378
0.850947
0.845819
0.851072
0.846572
0.847379
0.850942
0.848882
0.848005
0.849095
0.849188
0.854318
0.847143
0.849344
0.846347
0.854883
0.848313
0.85279
0.849537
0.844903
0.84391
0.852831
0.847937
0.850162
0.846049
0.850847
0.852597
0.850967
0.847261
0.853995
0.851494
0.849417
0.850206
0.845999
0.852836
0.848785
0.850174
0.84913
0.852889
0.846171
0.847161
0.849519
0.854135
0.849825
0.849408
0.853725
0.852029
0.847349
0.85077
0.850659
0.846803
0.846857
0.853731
0.850145
0.846801
0.845955
0.850825
0.852986
0.845589
0.851779
0.848312
0.847085
0.851094
0.851227
0.841146
0.852995
0.849594
0.852152
0.848704
0.842753
0.853794
0.850568
0.850881
0.84925
0.849611
0.850002
0.849609
0.851051
0.850135
0.854287
0.845078
0.85289
0.84967
0.850635
0.850053
0.847406
0.852489
0.849101
0.84696
0.850248
0.847594
0.844905
0.84705
0.847372
0.851915
0.852065
0.853425
0.852031
0.848952
0.851355
0.851861
0.846565
0.848448
0.843558
0.849346
0.847345
0.853983
0.847403
0.851993
0.848072
0.850229
0.8487
0.847974
0.851229
0.849057
0.852596
0.849283
0.851517
0.850851
0.855209
0.851577
0.849649
0.846079
0.851803
0.846022
0.853236
0.850693
0.845597
0.85209
0.849541
0.851009
0.850941
0.849377
0.848422
0.851914
0.849724
0.845137
0.850895
0.852959
0.8493
0.839344
0.849027
0.851562
0.851574
0.850228
0.850087
0.849787
0.851534
0.854236
0.85356
0.85404
0.846404
0.84493
0.854195
0.846052
0.850631
0.843014
0.851832
0.848996
0.850636
0.847041
0.849004
0.851618
0.845586
0.850047
0.854777
0.850982
0.849493
0.85021
0.847171
0.849542
0.84775
0.847382
0.851627
0.844204
0.851832
0.849573
0.851662
0.848343
0.849983
0.844491
0.85091
0.85014
0.845837
0.847515
0.847191
0.853694
0.849655
0.848414
0.85339
0.845724
0.850129
0.852625
0.851521
0.846474
0.845869
0.85343
0.845451
0.846634
0.845748
0.845347
0.84593
0.849734
0.846467
0.846314
0.843475
0.849788
0.847154
0.85363
0.850628
0.845746
0.849359
0.847536
0.84858
0.84769
0.849077
0.849792
0.850831
0.842348
0.850095
0.849105
0.848235
0.851261
0.850304
0.84583
0.849993
0.848347
0.847828
0.852999
0.852771
0.845657
0.850688
0.847239
0.851698
0.846857
0.851649
0.848282
0.850629
0.849247
0.853009
0.845406
0.850424
0.849884
0.848824
0.848527
0.845128
0.85367
0.846698
0.848945
0.850852
0.851363
0.845818
0.845519
0.850613
0.849587
0.850826
0.850993
0.851669
0.842876
0.847923
0.848814
0.851951
0.844536
0.845238
0.848172
0.847418
0.847181
0.850169
0.840164
0.853022
0.850773
0.852456
0.848489
0.853555
0.849476
0.847492
0.844856
0.8472
0.847535
0.850479
0.849362
0.844019
0.848408
0.849214
0.852572
0.84976
0.851279
0.848391
0.849744
0.852935
0.851356
0.849411
0.846682
0.845445
0.854814
0.850968
0.849871
0.848872
0.847665
0.852644
0.847164
0.850389
0.849895
0.850113
0.84713
0.84983
0.84806
0.853376
0.851042
0.847198
0.846934
0.847285
0.847432
0.850497
0.84829
0.850759
0.851042
0.850906
0.849957
0.850525
0.84923
0.851333
0.848996
0.85371
0.8498
0.844782
0.85368
0.852413
0.850876
0.845639
0.848537
0.848273
0.848507
0.851253
0.849952
0.846051
0.847572
0.846241
0.844367
0.85147
0.850857
0.85572
0.85033
0.847923
0.845761
0.84998
0.847919
0.851664
0.849301
0.849584
0.852616
0.848814
0.84535
0.847725
0.851672
0.849513
0.850875
0.847006
0.846774
0.848661
0.855022
0.852332
0.847901
0.847439
0.846864
0.856019
0.851512
0.845307
0.850644
0.849843
0.849376
0.846974
0.850507
0.846724
0.849195
0.849307
0.84436
0.846391
0.84775
0.850596
0.849191
0.855138
0.847458
0.848132
0.845346
0.84725
0.849271
0.845966
0.847606
0.849837
0.851812
0.847666
0.846794
0.847736
0.851578
0.846445
0.846538
0.846428
0.849198
0.850534
0.850818
0.851162
0.847664
0.850348
0.848475
0.849502
0.849288
0.846392
0.852822
0.845588
0.848696
0.852243
0.850435
0.847319
0.854243
0.849357
0.85088
0.852293
0.849691
0.849885
0.844673
0.842241
0.849567
0.846612
0.849639
0.848159
0.85291
0.848915
0.851524
0.843816
0.845024
0.848728
0.850054
0.850036
0.845828
0.851717
0.853439
0.850856
0.847641
0.853868
0.847266
0.854586
0.852439
0.850321
0.853287
0.850524
0.851349
0.850311
0.850386
0.848443
0.852716
0.849357
0.846842
0.846918
0.847702
0.843785
0.847875
0.847224
0.847564
0.846231
0.851457
0.848475
0.849224
0.848046
0.851773
0.851736
0.85297
0.850265
0.851154
0.849664
0.85015
0.848407
0.853089
0.849369
0.85091
0.846591
0.849407
0.850363
0.852422
0.846125
0.848804
0.846021
0.848574
0.851154
0.850019
0.853777
0.851883
0.843944
0.846107
0.847353
0.852296
0.849887
0.845846
0.851476
0.849555
0.847929
0.849286
0.849236
0.849658
0.84837
0.85025
0.852274
0.848209
0.849977
0.849876
0.847601
0.851089
0.851933
0.851504
0.853948
0.851775
0.847482
0.849938
0.852186
0.851873
0.84943
0.848998
0.851716
0.85012
0.852492
0.850897
0.849758
0.847725
0.851456
0.851277
0.848054
0.850008
0.850869
0.849955
0.85204
0.848163
0.846966
0.848542
0.846561
0.852168
0.846754
0.84601
0.854083
0.849847
0.849739
0.850509
0.854721
0.849076
0.850576
0.846693
0.849741
0.848435
0.847916
0.849619
0.847404
0.850398
0.848426
0.846583
0.849755
0.848247
0.849185
0.849465
0.848848
0.851076
0.849699
0.851502
0.849821
0.848372
0.8471
0.851286
0.848982
0.852173
0.848832
0.848461
0.847554
0.846643
0.850552
0.852545
0.848509
0.854276
0.848014
0.847868
0.849151
0.848639
0.844097
0.849896
0.848853
0.849349
0.850764
0.846221
0.849652
0.84689
0.849904
0.847622
0.851324
0.845289
0.851074
0.847369
0.848037
0.847543
0.846801
0.851121
0.850274
0.853626
0.848505
0.850535
0.847356
0.85129
0.847583
0.850311
0.849638
0.846972
0.849079
0.844981
0.846502
0.849613
0.84916
0.851446
0.844274
0.850887
0.848782
0.85047
0.845862
0.853113
0.846974
0.851434
0.847843
0.84753
0.850979
0.850583
0.847544
0.850343
0.849448
0.848987
0.8515
0.851407
0.846277
0.849166
0.846818
0.848342
0.849299
0.850417
0.847211
0.853723
0.85099
0.850046
0.85159
0.848138
0.849198
0.850035
0.852868
0.847252
0.848208
0.852505
0.850172
0.851434
0.848242
0.847611
0.854165
0.852065
0.849172
0.842333
0.846646
0.849452
0.849285
0.850165
0.849545
0.845504
0.852866
0.848745
0.850869
0.844072
0.850995
0.847353
0.853735
0.849369
0.843279
0.849097
0.849179
0.847158
0.847523
0.851061
0.849717
0.847526
0.851093
0.848701
0.847296
0.847574
0.848969
0.850359
0.850788
0.850871
0.849746
0.843919
0.849636
0.852528
0.849903
0.852715
0.850969
0.845506
0.84823
0.847587
0.847728
0.85427
0.847684
0.846505
0.848375
0.850876
0.854485
0.846023
0.849541
0.847781
0.848587
0.852545
0.847849
0.853332
0.853686
0.845028
0.847652
0.849628
0.849506
0.85207
0.850279
0.84748
0.84845
0.848424
0.852713
0.848072
0.84498
0.845317
0.847223
0.848373
0.848817
0.849065
0.850469
0.847635
0.850665
0.850743
0.843057
0.845504
0.848725
0.851809
0.850425
0.850497
0.848441
0.84778
0.850512
0.852857
0.848466
0.850103
0.848982
0.848065
0.852552
0.850165
0.851289
0.851328
0.846478
0.845792
0.850177
0.850328
0.847443
0.853196
0.853273
0.848751
0.851032
0.854224
0.848878
0.850173
0.844797
0.847778
0.848416
0.848222
0.848296
0.847721
0.850547
0.853279
0.8481
0.849701
0.85031
0.852145
0.850832
0.847831
0.851193
0.852689
0.847598
0.852912
0.852363
0.851464
0.84826
0.84965
0.849948
0.852372
0.850678
0.846174
0.85183
0.843273
0.850318
0.851877
0.848042
0.849669
0.848909
0.847422
0.849752
0.851027
0.845489
0.848629
0.849092
0.850255
0.849873
0.847956
0.851226
0.847718
0.851764
0.851516
0.852735
0.849004
0.847312
0.846605
0.847643
0.849523
0.854646
0.846572
0.850067
0.853058
0.849493
0.850175
0.85093
0.848035
0.846669
0.853177
0.854285
0.850821
0.847885
0.848359
0.850455
0.851769
0.847343
0.849368
0.849925
0.851151
0.85023
0.8488
0.849618
0.851402
0.853444
0.854066
0.852316
0.844897
0.848969
0.848423
0.848248
0.84583
0.851005
0.847883
0.851275
0.850743
0.849061
0.849786
0.848712
0.855484
0.84882
0.851497
0.852145
0.84768
0.851922
0.855007
0.846209
0.851387
0.851769
0.849379
0.851819
0.850243
0.848827
0.847747
0.845407
0.853432
0.852904
0.850141
0.848289
0.849624
0.846847
0.850117
0.84618
0.843975
0.853394
0.851041
0.846904
0.845
0.851703
0.852885
0.853547
0.851414
0.850223
0.844613
0.844999
0.84878
0.846531
0.852113
0.850726
0.850589
0.848074
0.846618
0.844592
0.849321
0.847805
0.851205
0.843893
0.853851
0.848363
0.846556
0.849819
0.847757
0.848993
0.845755
0.855045
0.847723
0.850616
0.847247
0.84526
0.850038
0.852893
0.846895
0.848315
0.849371
0.849628
0.846851
0.849962
0.851393
0.845044
0.850073
0.852761
0.849892
0.85013
0.846036
0.8526
0.850384
0.849427
0.846566
0.850162
0.850278
0.849028
0.853912
0.852088
0.851379
0.84553
0.850241
0.850016
0.850672
0.848171
0.847833
0.850287
0.848928
0.845706
0.845498
0.848489
0.849186
0.850445
0.851878
0.847996
0.853139
0.849005
0.851373
0.847752
0.849177
0.847994
0.843966
0.850494
0.846924
0.846501
0.847911
0.851916
0.84605
0.845129
0.84857
0.848347
0.847023
0.850761
0.845315
0.854018
0.854217
0.846883
0.848153
0.852121
0.846881
0.850275
0.845589
0.850632
0.851519
0.852696
0.849055
0.849944
0.846805
0.848556
0.85616
0.848138
0.850709
0.847559
0.846921
0.846073
0.850823
0.847688
0.848817
0.848453
0.844095
0.850492
0.850762
0.848062
0.848402
0.851239
0.851696
0.853704
0.854538
0.851124
0.852409
0.846824
0.848373
0.850356
0.848755
0.852759
0.848206
0.846002
0.850155
0.85153
0.851663
0.846748
0.846939
0.84657
0.850301
0.847525
0.849121
0.848469
0.848776
0.849138
0.848564
0.845804
0.849629
0.851093
0.846474
0.845897
0.847355
0.85028
0.84791
0.851988
0.853661
0.854307
0.849951
0.847967
0.853367
0.846082
0.84882
0.846629
0.853219
0.84665
0.84155
0.854481
0.850244
0.850721
0.852202
0.850856
0.848069
0.850052
0.847426
0.849367
0.853244
0.850046
0.848143
0.845596
0.852175
0.847802
0.846389
0.851577
0.846606
0.854493
0.851469
0.844275
0.846312
0.849567
0.848283
0.854712
0.849798
0.845811
0.850287
0.848544
0.846804
0.851101
0.852048
0.852852
0.850537
0.848227
0.850335
0.848136
0.852654
0.850848
0.846007
0.847732
0.84704
0.851083
0.846987
0.849689
0.851225
0.851724
0.852244
0.84889
0.844552
0.847616
0.848162
0.851438
0.846251
0.84915
0.846737
0.845939
0.847316
0.851583
0.849153
0.851838
0.846012
0.847084
0.854626
0.849429
0.848682
0.849874
0.844195
0.849517
0.847318
0.851548
0.848317
0.851002
0.848716
0.847112
0.848772
0.846139
0.851688
0.853704
0.849695
0.851328
0.851625
0.849891
0.843566
0.850473
0.857356
0.849487
0.849771
0.852329
0.845639
0.852076
0.851903
0.849958
0.849802
0.848204
0.848742
0.851848
0.849269
0.849862
0.852967
0.850453
0.845691
0.853313
0.848167
0.846344
0.848743
0.848849
0.856462
0.8443
0.852587
0.847149
0.848445
0.85072
0.849843
0.853404
0.85006
0.843514
0.848337
0.850913
0.84554
0.854126
0.848731
0.846339
0.848794
0.84812
0.85125
0.847703
0.849811
0.851805
0.852684
0.8484
0.84987
0.851191
0.847783
0.847381
0.851004
0.84758
0.847402
0.848497
0.851606
0.8499
0.848643
0.846965
0.847582
0.849429
0.850852
0.84501
0.84992
0.848422
0.85212
0.849825
0.855018
0.849312
0.847778
0.849504
0.854828
0.846415
0.847831
0.846833
0.852592
0.85053
0.851337
0.84814
0.846855
0.849626
0.851229
0.850423
0.847146
0.851348
0.851872
0.853871
0.851597
0.849999
0.854782
0.84703
0.852314
0.850478
0.851065
0.845304
0.851664
0.852833
0.85286
0.847095
0.850153
0.847347
0.845061
0.843952
0.853796
0.847068
0.85501
0.849692
0.853096
0.843418
0.852171
0.847802
0.852601
0.85127
0.848169
0.854725
0.849862
0.850638
0.843235
0.849111
0.848628
0.848176
0.848742
0.848943
0.84803
0.844958
0.847043
0.849011
0.851437
0.848954
0.846485
0.849961
0.84977
0.848026
0.852178
0.849655
0.846768
0.849429
0.851385
0.848754
0.849691
0.850867
0.851322
0.848254
0.850947
0.847358
0.851003
0.848598
0.852987
0.851731
0.848707
0.849941
0.849287
0.843595
0.850777
0.852754
0.849284
0.848954
0.848006
0.852134
0.850039
0.848544
0.849029
0.851003
0.842997
0.850623
0.84807
0.846356
0.850468
0.849612
0.844712
0.850662
0.845712
0.850057
0.852479
0.846689
0.849541
0.84879
0.848093
0.845015
0.85414
0.845511
0.848578
0.852896
0.847412
0.847877
0.847387
0.852312
0.850283
0.85277
0.849676
0.846755
0.850387
0.84572
0.850235
0.853422
0.852171
0.85089
0.848721
0.849808
0.848855
0.850753
0.846776
0.852519
0.846038
0.849072
0.848003
0.852551
0.850157
0.847093
0.847984
0.853271
0.850184
0.84763
0.849076
0.848578
0.851779
0.848471
0.850427
0.848523
0.849987
0.855411
0.845474
0.848708
0.848096
0.850011
0.851913
0.840828
0.85111
0.845091
0.850537
0.848132
0.849125
0.846601
0.852453
0.849548
0.848693
0.850741
0.846487
0.851388
0.848699
0.851568
0.848586
0.8524
0.847894
0.850272
0.849603
0.849885
0.851051
0.847649
0.849645
0.850309
0.843587
0.85158
0.849112
0.849289
0.845193
0.848284
0.853117
0.85035
0.850712
0.85116
0.847454
0.853411
0.850787
0.851863
0.846199
0.851863
0.847779
0.850501
0.844707
0.853675
0.851355
0.852249
0.851651
0.856787
0.842145
0.84769
0.848653
0.847187
0.849977
0.849983
0.84788
0.850181
0.84926
0.844607
0.849777
0.848456
0.847973
0.850975
0.847887
0.851393
0.848272
0.848367
0.850593
0.84716
0.852119
0.84932
0.847917
0.850878
0.843801
0.852958
0.851942
0.850313
0.846936
0.85021
0.850766
0.851104
0.845293
0.848787
0.846723
0.845913
0.849218
0.852506
0.847514
0.850492
0.850734
0.84252
0.8476
0.851155
0.844426
0.851351
0.846471
0.84816
0.851288
0.849284
0.84594
0.853556
0.846518
0.850595
0.849782
0.853607
0.851078
0.850605
0.849735
0.852391
0.851111
0.854445
0.848073
0.850203
0.850327
0.848838
0.846534
0.849852
0.851886
0.846949
0.845905
0.84807
0.847847
0.852135
0.847198
0.846896
0.849406
0.846024
0.850955
0.846947
0.850445
0.848757
0.850265
0.850729
0.84982
0.850932
0.851947
0.847251
0.852495
0.847344
0.847827
0.848519
0.851467
0.849747
0.850109
0.841406
0.853767
0.849873
0.852705
0.848473
0.850099
0.849343
0.852097
0.850653
0.851118
0.848036
0.851174
0.849236
0.852023
0.84597
0.846236
0.848378
0.845369
0.851102
0.848775
0.850548
0.843029
0.851332
0.847417
0.851776
0.848694
0.844283
0.849286
0.849744
0.852751
0.846242
0.852678
0.848825
0.847184
0.846904
0.848514
0.85342
0.851493
0.850706
0.852342
0.852315
0.84863
0.844891
0.850449
0.849354
0.849557
0.84871
0.8487
0.847926
0.852993
0.84703
0.847132
0.851824
0.854347
0.847999
0.847775
0.852928
0.846072
0.85148
0.847223
0.849479
0.85742
0.849765
0.846546
0.847914
0.849571
0.849272
0.850041
0.849802
0.850116
0.850161
0.846441
0.849556
0.852357
0.845752
0.848889
0.846684
0.851789
0.848355
0.848936
0.846504
0.849706
0.851303
0.850795
0.84839
0.848572
0.847484
0.847226
0.850679
0.852451
0.852317
0.851215
0.845632
0.849257
0.857028
0.850545
0.848462
0.847504
0.849163
0.848642
0.851123
0.854517
0.849699
0.847105
0.851668
0.850308
0.849818
0.848578
0.849547
0.850581
0.852118
0.852026
0.847118
0.847516
0.850963
0.85112
0.847987
0.853204
0.846591
0.850986
0.848783
0.848239
0.849657
0.849567
0.849678
0.851845
0.852594
0.846946
0.847028
0.852781
0.849294
0.850378
0.846217
0.850243
0.850977
0.850366
0.849241
0.85165
0.849059
0.847761
0.847037
0.852276
0.847219
0.847128
0.844344
0.845865
0.847645
0.848216
0.84806
0.850055
0.849471
0.853233
0.85036
0.849329
0.850567
0.848534
0.849528
0.845472
0.8507
0.853349
0.846893
0.849408
0.849544
0.852161
0.847293
0.844444
0.844257
0.848832
0.850651
0.850154
0.850601
0.846772
0.852811
0.847868
0.84683
0.851668
0.847837
0.849801
0.848073
0.852269
0.849116
0.84817
0.846971
0.848807
0.849738
0.848103
0.846683
0.848246
0.849324
0.84942
0.846926
0.853519
0.849972
0.847431
0.84848
0.85003
0.847096
0.854165
0.847524
0.851158
0.845943
0.850255
0.846677
0.849043
0.846506
0.850619
0.852248
0.85241
0.846984
0.851787
0.847461
0.854023
0.850125
0.850306
0.852663
0.851603
0.850111
0.850664
0.848705
0.847524
0.84673
0.851484
0.856332
0.852141
0.844149
0.849379
0.851121
0.852849
0.846523
0.848471
0.850941
0.854571
0.845569
0.849326
0.845016
0.849809
0.851787
0.850457
0.848293
0.846295
0.849065
0.849861
0.850362
0.854463
0.849437
0.851849
0.847049
0.84668
0.848687
0.849109
0.850659
0.848336
0.849333
0.854423
0.851347
0.845122
0.85268
0.850378
0.849682
0.850722
0.849233
0.852261
0.852466
0.848572
0.847638
0.847949
0.84688
0.846793
0.849787
0.849172
0.849847
0.847612
0.84935
0.846365
0.844231
0.847842
0.846229
0.851152
0.847679
0.849032
0.851312
0.849329
0.843074
0.849643
0.852836
0.851324
0.852899
0.851486
0.848836
0.853262
0.849507
0.853105
0.846492
0.847402
0.848602
0.851963
0.847723
0.853287
0.848274
0.846637
0.851378
0.846734
0.848034
0.845517
0.853744
0.848703
0.848535
0.85238
0.850731
0.849973
0.846057
0.849249
0.853001
0.848791
0.851756
0.849542
0.852218
0.85206
0.848304
0.851873
0.844028
0.850179
0.846012
0.851189
0.852179
0.854072
0.84796
0.84789
0.848654
0.851355
0.85256
0.84848
0.851579
0.851247
0.848155
0.848411
0.849247
0.849899
0.847741
0.847017
0.849144
0.846647
0.854393
0.848368
0.847288
0.851586
0.854126
0.852354
0.851337
0.846309
0.85495
0.848307
0.853082
0.850151
0.849881
0.849367
0.852315
0.849699
0.848492
0.848721
0.848449
0.848234
0.84915
0.84936
0.847541
0.853217
0.850054
0.846798
0.844692
0.846357
0.852063
0.847026
0.852039
0.85112
0.847333
0.850863
0.846765
0.852531
0.849517
0.852064
0.848454
0.852508
0.847361
0.849393
0.847464
0.850615
0.846411
0.853042
0.849347
0.846074
0.848011
0.850932
0.853068
0.848146
0.851083
0.850073
0.850768
0.849924
0.85357
0.851129
0.855383
0.851023
0.84961
0.852476
0.849297
0.843577
0.845783
0.849834
0.849463
0.848397
0.848798
0.850477
0.848541
0.847922
0.844819
0.848821
0.848555
0.847379
0.850185
0.851654
0.851637
0.846166
0.850304
0.850892
0.847911
0.849072
0.846009
0.851594
0.846269
0.846704
0.845752
0.850501
0.84791
0.84574
0.849232
0.851494
0.8492
0.850947
0.849909
0.845839
0.850091
0.848514
0.851558
0.853267
0.850142
0.851117
0.845035
0.846824
0.849974
0.848238
0.850651
0.853086
0.852409
0.850332
0.848813
0.851309
0.848558
0.847867
0.849104
0.847679
0.847218
0.849963
0.851282
0.846348
0.845709
0.85019
0.848861
0.846749
0.848178
0.850491
0.844555
0.849376
0.849777
0.852551
0.84752
0.852239
0.850947
0.85
0.849754
0.849947
0.847989
0.848279
0.846431
0.849029
0.84844
0.849995
0.847578
0.851409
0.854978
0.849282
0.845116
0.848612
0.846272
0.846854
0.850971
0.844956
0.846741
0.851656
0.853547
0.851268
0.852078
0.847361
0.850798
0.849986
0.85093
0.85011
0.848386
0.848725
0.852703
0.851215
0.855229
0.84683
0.84572
0.850035
0.850332
0.850223
0.850675
0.847261
0.845892
0.8478
0.846426
0.848863
0.851741
0.849524
0.846635
0.846957
0.852255
0.846595
0.846921
0.851913
0.84584
0.847272
0.852837
0.846414
0.846156
0.853835
0.847964
0.847915
0.848085
0.849638
0.850379
0.848148
0.847855
0.847973
0.850057
0.848299
0.846463
0.854812
0.850878
0.848569
0.846251
0.848969
0.847822
0.847211
0.852974
0.850429
0.847299
0.852795
0.853142
0.848694
0.852875
0.85034
0.848666
0.847574
0.847563
0.844972
0.85273
0.852549
0.846831
0.845618
0.848111
0.849258
0.849662
0.850967
0.850084
0.849094
0.847684
0.849049
0.844072
0.847179
0.849992
0.851057
0.849857
0.846117
0.847549
0.848493
0.848769
0.848544
0.846795
0.851173
0.850711
0.845406
0.85103
0.851279
0.85032
0.845309
0.846575
0.848333
0.851346
0.849419
0.848955
0.851461
0.848685
0.84942
0.851445
0.848516
0.848282
0.846489
0.852307
0.853205
0.847769
0.852026
0.85516
0.851265
0.849537
1
0.847346
0.850055
0.845036
0.849566
0.851203
0.850272
0.84616
0.847771
0.845581
0.851439
0.851223
0.847771
0.852328
0.845869
0.850882
0.850346
0.845786
0.848082
0.847895
0.844272
0.849842
0.853092
0.848036
0.847748
0.845796
0.845236
0.848153
0.852315
0.846238
0.845963
0.848469
0.853754
0.849408
0.847419
0.849046
0.849435
0.852028
0.852876
0.847658
0.849328
0.85207
0.850643
0.849299
0.85073
0.854195
0.847703
0.849687
0.849166
0.85018
0.851606
0.848958
0.849486
0.849839
0.846339
0.849052
0.846546
0.85381
0.842506
0.849784
0.847326
0.850674
0.854225
0.852106
0.851274
0.850035
0.852215
0.852132
0.844944
0.851287
0.847522
0.846384
0.851494
0.845997
0.848148
0.854074
0.845801
0.848501
0.850383
0.846559
0.84553
0.85027
0.853096
0.848196
0.848334
0.849493
0.853702
0.848835
0.847639
0.849311
0.851233
0.847535
0.853002
0.851824
0.849529
0.849259
0.851027
0.846363
0.846539
0.848828
0.849174
0.851179
0.851337
0.848772
0.845869
0.84998
0.846596
0.851988
0.844274
0.852188
0.848941
0.848212
0.851988
0.84952
0.850398
0.853385
0.848036
0.849243
0.84685
0.851454
0.846354
0.851001
0.848531
0.850436
0.847543
0.846711
0.852123
0.849057
0.847634
0.849835
0.846478
0.850817
0.845697
0.8449
0.849053
0.843064
0.851625
0.850366
0.848612
0.852378
0.852124
0.850216
0.848406
0.84456
0.850234
0.850975
0.852002
0.851141
0.843286
0.849637
0.853161
0.849526
0.850426
0.853429
0.84721
0.851955
0.846789
0.847878
0.851109
0.849542
0.853426
0.853672
0.851254
0.84981
0.847363
0.85294
0.847708
0.851102
0.845475
0.854718
0.850284
0.845925
0.850047
0.850729
0.849043
0.845831
0.849753
0.848583
0.849367
0.850968
0.850896
0.850352
0.845935
0.852392
0.848928
0.851739
0.849937
0.850176
0.849923
0.847948
0.848931
0.849203
0.84879
0.84853
0.845542
0.851237
0.851764
0.847253
0.848837
0.849212
0.849076
0.84424
0.846525
0.845813
0.850731
0.852821
0.855289
0.851866
0.855101
0.851655
0.852109
0.851858
0.85402
0.847873
0.851859
0.84909
0.846376
0.849356
0.845891
0.850118
0.848475
0.852816
0.850766
0.851187
0.855869
0.854395
0.849679
0.850179
0.852606
0.851272
0.846149
0.848885
0.846599
0.850418
0.851749
0.848218
0.849456
0.849052
0.852256
0.852974
0.849478
0.847798
0.846966
0.848808
0.846331
0.852127
0.853029
0.856006
0.850813
0.847634
0.850691
0.851651
0.852727
0.852213
0.851047
0.853002
0.846224
0.851309
0.851282
0.849096
0.847388
0.851125
0.849135
0.847849
0.848579
0.851848
0.851689
0.851237
0.852205
0.848646
0.849768
0.851001
0.848746
0.85174
0.849364
0.848658
0.847506
0.85135
0.848886
0.849981
0.8515
0.850124
0.850751
0.846748
0.853099
0.849968
0.851948
0.846765
0.84704
0.846707
0.848983
0.852583
0.846644
0.852084
0.847544
0.844724
0.851412
0.850664
0.851079
0.848667
0.850686
0.850995
0.845349
0.849236
0.852794
0.850576
0.847384
0.850712
0.847364
0.849132
0.851272
0.84875
0.853296
0.850203
0.853838
0.848441
0.850829
0.848183
0.84833
0.848659
0.847686
0.848056
0.85033
0.849265
0.849915
0.853024
0.849713
0.84796
0.852988
0.845878
0.847846
0.852131
0.846572
0.852343
0.850332
0.849071
0.847278
0.850059
0.848696
0.854691
0.849008
0.852618
0.847003
0.851997
0.850598
0.846614
0.850954
0.84928
0.850133
0.849113
0.847279
0.849365
0.854467
0.846305
0.848454
0.849337
0.850803
0.853068
0.846535
0.850297
0.847072
0.849195
0.853611
0.854776
0.846661
0.851001
0.851488
0.851214
0.845838
0.847639
0.850869
0.847761
0.850321
0.852423
0.847549
0.852936
0.852964
0.848864
0.850995
0.847342
0.849912
0.844573
0.846745
0.850205
0.847396
0.854696
0.846108
0.846055
0.846194
0.84912
0.856597
0.85074
0.849804
0.847641
0.849863
0.854967
0.850437
0.851399
0.848268
0.845445
0.849347
0.848915
0.850653
0.844347
0.844279
0.84365
0.854763
0.84973
0.852247
0.847076
0.84901
0.850434
0.851503
0.846852
0.845854
0.84843
0.84431
0.849265
0.848095
0.851447
0.850907
0.850572
0.848328
0.844246
0.851708
0.849282
0.85272
0.850263
0.847006
0.847783
0.84828
0.847567
0.847787
0.84686
0.847114
0.85168
0.852214
0.847571
0.850796
0.846154
0.849029
0.847205
0.842448
0.852098
0.844965
0.851186
0.846954
0.849368
0.848165
0.85145
0.852373
0.851426
0.851386
0.846319
0.851205
0.84485
0.84857
0.845479
0.847039
0.854145
0.85084
0.84573
0.84851
0.847902
0.850941
0.851138
0.848503
0.850012
0.851394
0.853393
0.849464
0.846387
0.852037
0.850334
0.857671
0.851869
0.855337
0.851113
0.84847
0.849752
0.848179
0.847143
0.854326
0.850623
0.846876
0.84675
0.852289
0.846354
0.847444
0.848544
0.84694
0.851445
0.853241
0.849963
0.851122
0.849894
0.847568
0.851169
0.853454
0.852564
0.849285
0.848382
0.846063
0.847278
0.846355
0.847543
0.847089
0.849542
0.849946
0.849141
0.848922
0.850645
0.849267
0.851806
0.848285
0.852531
0.846521
0.853011
0.848524
0.849599
0.848765
0.850144
0.847322
0.84727
0.847646
0.848663
0.84989
0.85278
0.847375
0.848329
0.85054
0.851829
0.847289
0.849535
0.848803
0.850384
0.848921
0.846251
0.849909
0.846643
0.846342
0.845775
0.851119
0.851431
0.848512
0.848816
0.847194
0.848688
0.848377
0.84562
0.849796
0.847613
0.852831
0.847403
0.848925
0.847191
0.852622
0.851344
0.84847
0.850128
0.845317
0.849179
0.853998
0.846795
0.851182
0.851818
0.852531
0.847733
0.848207
0.853839
0.842279
0.845958
0.845783
0.851616
0.849612
0.85327
0.853379
0.848871
0.848012
0.84912
0.850489
0.843789
0.849928
0.8534
0.852612
0.847127
0.853437
0.849243
0.849733
0.852264
0.851459
0.845564
0.849841
0.851877
0.849363
0.844799
0.848096
0.849682
0.847355
0.848765
0.850498
0.848859
0.852396
0.84779
0.853026
0.850335
0.849996
0.852379
0.850682
0.852752
0.848013
0.849674
0.84999
0.849722
0.850007
0.849224
0.845172
0.845132
0.849969
0.853177
0.850881
0.853149
0.850335
0.847954
0.847158
0.846343
0.850511
0.849028
0.845698
0.850423
0.846861
0.850605
0.850639
0.851189
0.845797
0.854535
0.852333
0.850098
0.848634
0.849695
0.850349
0.850912
0.849167
0.847445
0.845892
0.853207
0.848488
0.846998
0.847955
0.849629
0.846143
0.847952
0.848991
0.846451
0.848521
0.849187
0.854898
0.850644
0.852768
0.84913
0.851471
0.850233
0.851579
0.849738
0.847848
0.850766
0.849973
0.848217
0.849677
0.844285
0.847388
0.84892
0.85074
0.850261
0.85238
0.845036
0.846833
0.853588
0.846306
0.848133
0.850328
0.85255
0.846753
0.853411
0.847153
0.848581
0.850128
0.84926
0.844765
0.845007
0.849995
0.849401
0.851183
0.84816
0.846025
0.851117
0.849154
0.851726
0.850767
0.849957
0.848928
0.850416
0.853648
0.848833
0.849056
0.847676
0.852948
0.849855
0.848567
0.849712
0.851603
0.850651
0.847854
0.850455
0.851598
0.846008
0.851138
0.848997
0.845023
0.843568
0.85546
0.851206
0.85139
0.852034
0.847142
0.847307
0.850273
0.846957
0.848422
0.850898
0.849527
0.847896
0.849694
0.84956
0.851159
0.847531
0.850175
0.850666
0.848861
0.846133
0.848646
0.846562
0.8496
0.846676
0.848563
0.848791
0.850847
0.843972
0.847244
0.849998
0.850916
0.848696
0.848822
0.851187
0.849039
0.849633
0.850479
0.849298
0.847041
0.851743
0.848918
0.846105
0.845971
0.849838
0.851768
0.847994
0.853065
0.848435
0.846733
0.853741
0.854056
0.845805
0.852174
0.851533
0.851653
0.850558
0.849114
0.852013
0.848417
0.848359
0.852574
0.851571
0.848165
0.846196
0.848009
0.847519
0.849492
0.850221
0.851038
0.847128
0.846735
0.849031
0.849515
0.85035
0.848611
0.848618
0.850623
0.843876
0.852394
0.849948
0.85141
0.851512
0.851376
0.854316
0.852614
0.844891
0.847378
0.851533
0.845686
0.847049
0.849372
0.851349
0.848974
0.848985
0.848169
0.849373
0.848347
0.844433
0.848755
0.85012
0.848358
0.84866
0.854254
0.845548
0.850435
0.851754
0.847227
0.847673
0.84967
0.847487
0.854486
0.845879
0.848611
0.84754
0.840797
0.850665
0.851047
0.851825
0.85055
0.845971
0.848858
0.85004
0.853827
0.849702
0.853518
0.84889
0.846884
0.851154
0.848279
0.850187
0.845801
0.851704
0.848309
0.848688
0.851523
0.849083
0.853445
0.851659
0.849141
0.848026
0.846786
0.84632
0.844946
0.846927
0.852896
0.852181
0.850553
0.844668
0.849037
0.846881
0.847202
0.846596
0.846714
0.853511
0.847911
0.846408
0.852499
0.846392
0.851091
0.848326
0.8484
0.846942
0.847199
0.848811
0.85185
0.850107
0.849132
0.849518
0.850076
0.848875
0.849309
0.851131
0.849483
0.850319
0.84675
0.848692
0.854363
0.844087
0.845725
0.84752
0.846141
0.849396
0.848855
0.853881
0.851029
0.846809
0.849049
0.850203
0.850059
0.851422
0.848765
0.851249
0.847121
0.849092
0.845141
0.848523
0.845852
0.852811
0.849609
0.851046
0.851196
0.847752
0.850367
0.849603
0.850847
0.849293
0.848029
0.852085
0.848598
0.849633
0.849072
0.853699
0.849925
0.855904
0.85103
0.850695
0.847289
0.84439
0.850361
0.849632
0.849924
0.849297
0.847827
0.845499
0.84621
0.848844
0.852126
0.848949
0.847146
0.846555
0.851065
0.851782
0.852809
0.850629
0.850319
0.85279
0.848095
0.848698
0.846459
0.849146
0.85233
0.852872
0.847964
0.850786
0.851278
0.845303
0.847561
0.847407
0.850442
0.848022
0.845942
0.846797
0.851326
0.848488
0.849923
0.852088
0.851906
0.844115
0.848898
0.85083
0.850195
0.843808
0.84733
0.852488
0.853899
0.85278
0.852446
0.846191
0.845643
0.849031
0.848955
0.850189
0.849084
0.846337
0.849226
0.850413
0.854487
0.852087
0.850204
0.849453
0.849491
0.849266
0.845607
0.853982
0.851565
0.841538
0.850726
0.84805
0.845271
0.853454
0.850142
0.848867
0.848829
0.847663
0.850401
0.846806
0.850716
0.848756
0.848102
0.849746
0.850673
0.847736
0.848451
0.846479
0.847944
0.857777
0.854815
0.845844
0.848888
0.848993
0.848641
0.849628
0.853348
0.84554
0.849286
0.850443
0.852277
0.848739
0.852155
0.848072
0.853871
0.846639
0.85061
0.849018
0.850559
0.849689
0.846992
0.849361
0.848595
0.853875
0.847613
0.851053
0.845919
0.850456
0.844038
0.849438
0.851165
0.850887
0.850422
0.851032
0.85601
0.854857
0.850792
0.848914
0.848572
0.848177
0.846382
0.847988
0.84848
0.847084
0.85368
0.849688
0.853068
0.8519
0.844989
0.8467
0.8481
0.850715
0.84824
0.845052
0.850858
0.848974
0.851132
0.845955
0.852022
0.849133
0.849189
0.854413
0.85002
0.850619
0.84958
0.850331
0.851807
0.851912
0.854967
0.848297
0.848477
0.850197
0.852612
0.847054
0.848671
0.848861
0.853567
0.849449
0.850741
0.846936
0.844187
0.848772
0.849948
0.850516
0.847742
0.851212
0.849601
0.850944
0.848508
0.84905
0.844267
0.850656
0.850712
0.845374
0.847848
0.854679
0.846755
0.843953
0.852414
0.847035
0.848498
0.848769
0.847763
0.847637
0.850433
0.847795
0.853732
0.849076
0.846258
0.848519
0.850602
0.849372
0.844367
0.848156
0.851968
0.848329
0.846561
0.852778
0.848919
0.857002
0.851154
0.845935
0.846649
0.851529
0.847107
0.853197
0.846685
0.854699
0.852797
0.850626
0.848312
0.851487
0.849068
0.851566
0.851163
0.848605
0.848995
0.848708
0.850592
0.846533
0.850275
0.848243
0.847532
0.847751
0.84548
0.850359
0.8503
0.849301
0.848625
0.844532
0.850229
0.855739
0.848813
0.844899
0.852047
0.846029
0.849899
0.851431
0.843704
0.852919
0.851977
0.850507
0.852552
0.851377
0.846877
0.851448
0.850469
0.850581
0.84378
0.849541
0.850666
0.850527
0.846235
0.848283
0.848799
0.851966
0.845578
0.851048
0.850229
0.849705
0.851199
0.846595
0.853334
0.851701
0.847388
0.852632
0.850331
0.850744
0.848412
0.855373
0.846641
0.848489
0.847072
0.854336
0.850239
0.846029
0.851164
0.852517
0.850985
0.845729
0.847329
0.847921
0.846709
0.853311
0.852754
0.853298
0.851576
0.849534
0.851946
0.849621
0.845114
0.849801
0.852022
0.84598
0.849354
0.844404
0.853106
0.850046
0.852199
0.849313
0.852354
0.850033
0.850841
0.849348
0.84907
0.855241
0.849148
0.853334
0.847548
0.845859
0.846706
0.846439
0.849267
0.852374
0.849065
0.845578
0.853377
0.851665
0.847971
0.851583
0.845744
0.849636
0.847432
0.848313
0.853626
0.853151
0.845502
0.84384
0.847815
0.852538
0.845902
0.852639
0.851329
0.848528
0.84815
0.850155
0.853743
0.849338
0.849199
0.851142
0.857365
0.849222
0.852154
0.850453
0.850423
0.852264
0.854972
0.845676
0.849056
0.852545
0.848699
0.848382
0.851597
0.849863
0.851536
0.84849
0.855287
0.849769
0.848775
0.854868
0.847013
0.852174
0.853535
0.854335
0.853129
0.851478
0.849738
0.848863
0.854008
0.848731
0.851498
0.849049
0.848569
0.846368
0.849888
0.852537
0.849175
0.846714
0.849224
0.846552
0.847875
0.847189
0.850965
0.849251
0.849799
0.852645
0.849853
0.849928
0.847162
0.851066
0.849534
0.850842
0.849104
0.851273
0.849944
0.847638
0.847818
0.847866
0.8494
0.850534
0.849633
0.850243
0.849519
0.850292
0.847205
0.846282
0.850742
0.848118
0.850575
0.847905
0.850316
0.845745
0.848674
0.852096
0.850808
0.848645
0.845291
0.845744
0.850147
0.851719
0.846682
0.850239
0.848959
0.848177
0.848482
0.846797
0.847808
0.847761
0.84694
0.855688
0.846235
0.85747
0.848387
0.848262
0.852438
0.849493
0.846564
0.850441
0.847921
0.850932
0.85196
0.848193
0.846066
0.850328
0.848832
0.850133
0.850781
0.848898
0.849767
0.849587
0.851138
0.852195
0.852302
0.846344
0.84755
0.850941
0.848968
0.851073
0.851984
0.848771
0.847132
0.847913
0.84697
0.851799
0.851181
0.84903
0.848352
0.850048
0.845106
0.84886
0.843431
0.850144
0.85147
0.853145
0.848549
0.848336
0.848037
0.85324
0.850436
0.84962
0.846175
0.850519
0.854041
0.851208
0.851461
0.854924
0.847208
0.847509
0.850065
0.847453
0.851806
0.852456
0.84896
0.847096
0.850362
0.849165
0.852012
0.850357
0.849499
0.851441
0.847501
0.849801
0.851767
0.847411
0.85572
0.850484
0.854138
0.847907
0.846069
0.846805
0.852079
0.846676
0.84485
0.850239
0.848929
0.854467
0.851958
0.853085
0.849213
0.852004
0.849486
0.85035
0.849019
0.849766
0.851044
0.846412
0.851
0.844204
0.852575
0.850144
0.848143
0.850992
0.851051
0.849166
0.848073
0.846265
0.847029
0.850194
0.849059
0.847937
0.848566
0.849846
0.856464
0.848625
0.850966
0.846778
0.849815
0.847634
0.848165
0.852601
0.850136
0.84981
0.851199
0.851098
0.848946
0.84892
0.849218
0.849245
0.845452
0.846434
0.851191
0.852058
0.849553
0.85166
0.855956
0.848842
0.848245
0.849991
0.850248
0.850308
0.852026
0.849086
0.84638
0.84779
0.848503
0.849295
0.85039
0.84596
0.851854
0.841911
0.850185
0.847284
0.852203
0.848046
0.848071
0.852249
0.848079
0.84817
0.849396
0.847309
0.848263
0.853834
0.850642
0.8509
0.848064
0.851254
0.850601
0.848191
0.847096
0.850867
0.848507
0.846011
0.852964
0.845657
0.846278
0.851419
0.850468
0.84327
0.844375
0.849966
0.847919
0.846601
0.849541
0.85229
0.850625
0.849835
0.851718
0.84705
0.849087
0.846021
0.849767
0.847331
0.849222
0.855607
0.852271
0.848388
0.849809
0.852755
0.85122
0.85228
0.846895
0.850771
0.851546
0.84943
0.850822
0.850542
0.849851
0.856427
0.847833
0.847011
0.847169
0.853401
0.854891
0.848297
0.844398
0.844445
0.851778
0.850573
0.847091
0.845022
0.84665
0.849149
0.848686
0.850716
0.846605
0.854581
0.848194
0.845554
0.849692
0.85114
0.851976
0.846559
0.852615
0.849458
0.848029
0.848953
0.850448
0.847164
0.847841
0.849957
0.851901
0.850507
0.845784
0.849221
0.853193
0.846535
0.847575
0.845532
0.849582
0.847948
0.845368
0.847927
0.852884
0.853668
0.848646
0.846181
0.843153
0.850068
0.846643
0.848674
0.850681
0.849262
0.848643
0.851314
0.847808
0.849005
0.846596
0.847589
0.846009
0.848274
0.847884
0.851595
0.847294
0.847739
0.846336
0.852367
0.849851
0.845059
0.851872
0.8453
0.850936
0.851645
0.853225
0.846766
0.847072
0.849705
0.849901
0.848495
0.851113
0.846564
0.85124
0.848478
0.852724
0.850239
0.8548
0.845399
0.853093
0.846823
0.850394
0.852452
0.846975
0.84588
0.850026
0.851622
0.848164
0.852952
0.849844
0.856741
0.849732
0.850619
0.84874
0.850127
0.85053
0.850205
0.848108
0.852275
0.844915
0.849051
0.850791
0.850756
0.84811
0.855617
0.851476
0.849516
0.850577
0.848674
0.847597
0.852157
0.854807
0.850163
0.846722
0.848069
0.851064
0.845926
0.84987
0.846273
0.846681
0.847154
0.841005
0.848694
0.846414
0.852117
0.846644
0.851166
0.852658
0.849896
0.84961
0.845267
0.845528
0.851211
0.84907
0.852095
0.849858
0.852148
0.851253
0.845174
0.848836
0.845897
0.846892
0.845679
0.850034
0.852038
0.849592
0.851203
0.852396
0.847897
0.848467
0.849491
0.846556
0.848192
0.851048
0.849152
0.850652
0.849703
0.846293
0.847795
0.852188
0.846913
0.846157
0.850608
0.848456
0.848882
0.844217
0.848439
0.851579
0.853001
0.850998
0.848106
0.850704
0.852031
0.852222
0.846086
0.846121
0.855863
0.848072
0.853154
0.85046
0.85008
0.848692
0.85138
0.847139
0.847696
0.850567
0.847262
0.848921
0.851684
0.846916
0.849138
0.846135
0.846558
0.845926
0.849068
0.850541
0.84688
0.849814
0.845301
0.847037
0.851977
0.849805
0.850574
0.84755
0.854015
0.852765
0.852818
0.847242
0.849998
0.852164
0.844993
0.849252
0.849214
0.84978
0.850414
0.847995
0.852797
0.852821
0.848834
0.849828
0.849463
0.845872
0.851358
0.847901
0.848987
0.848453
0.851563
0.850735
0.851475
0.849816
0.846094
0.851484
0.843518
0.84593
0.851317
0.853072
0.848619
0.844798
0.853537
0.84887
0.85321
0.845445
0.850289
0.852484
0.853022
0.84538
0.845617
0.847691
0.84982
0.848146
0.852437
0.846876
0.851287
0.850975
0.851464
0.850659
0.850613
0.847088
0.852005
0.848856
0.856393
0.851353
0.852333
0.849773
0.845905
0.847353
0.846898
0.849931
0.848619
0.84511
0.849698
0.851357
0.849758
0.847412
0.847664
0.848403
0.853113
0.851296
0.849579
0.844655
0.851971
0.848045
0.851174
0.844282
0.848994
0.847775
0.854072
0.851814
0.848652
0.845493
0.853204
0.854754
0.848272
0.847137
0.848848
0.849969
0.845548
0.845526
0.848205
0.849748
0.847252
0.849504
0.845456
0.848861
0.847525
0.849101
0.850904
0.847042
0.851669
0.853558
0.850207
0.843907
0.84979
0.850083
0.855827
0.852598
0.850377
0.845977
0.849173
0.854383
0.851707
0.848881
0.854577
0.849501
0.846426
0.849082
0.851932
0.848302
0.84709
0.84856
0.847868
0.850479
0.849719
0.848066
0.849928
0.845285
0.849344
0.851526
0.849537
0.849638
0.849786
0.848745
0.8507
0.847651
0.851949
0.844556
0.849283
0.849639
0.84578
0.848759
0.849572
0.848396
0.847686
0.852835
0.849544
0.851096
0.849944
0.850888
0.854288
0.854081
0.85338
0.845297
0.854946
0.850444
0.853031
0.848549
0.850566
0.85252
0.845674
0.847807
0.848057
0.849265
0.851235
0.85389
0.843903
0.849121
0.854649
0.847966
0.848342
0.851987
0.850852
0.848934
0.85067
0.85767
0.850611
0.850423
0.849277
0.849718
0.849
0.846111
0.849256
0.850221
0.84978
0.852156
0.847913
0.849367
0.845221
0.847903
0.847181
0.850334
0.850841
0.847419
0.849938
0.847653
0.851318
0.849622
0.848226
0.851075
0.850864
0.850037
0.848306
0.849942
0.846159
0.847983
0.851367
0.845353
0.848661
0.852832
0.846731
0.846712
0.847773
0.848957
0.852452
0.854823
0.85086
0.845903
0.852634
0.845078
0.8518
0.847461
0.850275
0.850131
0.851018
0.856162
0.846882
0.851182
0.853196
0.849152
0.848927
0.846858
0.847732
0.851834
0.851689
0.845718
0.852948
0.848981
0.847071
0.845683
0.850009
0.8531
0.850413
0.847205
0.851078
0.851606
0.851984
0.845499
0.850655
0.851828
0.847632
0.849145
0.848443
0.847973
0.84711
0.849653
0.848532
0.847578
0.844419
0.849804
0.855688
0.851929
0.848181
0.852974
0.848479
0.852683
0.853615
0.84832
0.848767
0.848328
0.850256
0.850158
0.850657
0.848276
0.849626
0.851707
0.850241
0.848788
0.842803
0.847171
0.84591
0.847282
0.854196
0.851058
0.848816
0.849534
0.848129
0.849707
0.843694
0.845943
0.851296
0.847051
0.844702
0.85008
0.845963
0.84931
0.849852
0.849315
0.852725
0.846441
0.850389
0.852921
0.851418
0.848639
0.846696
0.848922
0.849009
0.848902
0.851231
0.84896
0.846226
0.846732
0.850212
0.850493
0.848816
0.850045
0.8483
0.852534
0.850303
0.849338
0.846779
0.849862
0.850532
0.848011
0.845223
0.848427
0.85073
0.850346
0.8484
0.846641
0.851488
0.856498
0.855673
0.849006
0.847702
0.850858
0.849024
0.851035
0.846086
0.847146
0.84607
0.847148
0.851008
0.850982
0.852232
0.850968
0.851542
0.847137
0.851139
0.848831
0.85255
0.847594
0.850058
0.852106
0.851987
0.849694
0.851359
0.843287
0.849368
0.847163
0.851163
0.846613
0.854626
0.8485
0.849843
0.840877
0.851848
0.852953
0.845323
0.851462
0.849803
0.849891
0.849785
0.847087
0.855596
0.844173
0.84994
0.844659
0.849335
0.851358
0.851725
0.848593
0.84993
0.851557
0.85087
0.84796
0.851337
0.851944
0.849896
0.85144
0.850126
0.84648
0.849561
0.847849
0.852147
0.848361
0.855028
0.849193
0.846611
0.851715
0.848206
0.846056
0.841994
0.849836
0.848599
0.852683
0.852528
0.851371
0.851069
0.85145
0.847568
0.852324
0.853446
0.851732
0.851304
0.850974
0.846374
0.846738
0.845711
0.845953
0.849871
0.852865
0.846853
0.852711
0.850945
0.852947
0.850905
0.849722
0.852394
0.847324
0.852167
0.850019
0.848712
0.85015
0.846034
0.849088
0.848272
0.852169
0.850436
0.851207
0.848415
0.848604
0.848862
0.849617
0.849427
0.849195
0.85185
0.849225
0.850345
0.847817
0.846474
0.851635
0.850462
0.847753
0.845498
0.84963
0.847875
0.849777
0.849729
0.847705
0.849512
0.852977
0.849368
0.849928
0.852152
0.845624
0.848167
0.848412
0.850253
0.84904
0.84757
0.848441
0.848393
0.85364
0.848968
0.851075
0.853152
0.851627
0.852334
0.847111
0.850544
0.850083
0.843715
0.850873
0.847952
0.84789
0.85051
0.84976
0.849069
0.852326
0.853836
0.848155
0.849235
0.849887
0.84801
0.851479
0.849276
0.853896
0.850244
0.850765
0.853129
0.850583
0.846256
0.847979
0.845902
0.850335
0.851367
0.848379
0.853693
0.84729
0.84988
0.852526
0.849295
0.846624
0.849157
0.848719
0.845245
0.85045
0.850367
0.851174
0.846428
0.846723
0.845186
0.846617
0.85137
0.844668
0.851489
0.850749
0.853064
0.849375
0.850167
0.850265
0.854535
0.847358
0.85258
0.850189
0.844981
0.846777
0.846979
0.846973
0.848355
0.849808
0.848582
0.850725
0.85227
0.851888
0.851154
0.846754
0.851977
0.847718
0.848807
0.851738
0.846586
0.850265
0.849524
0.84921
0.845382
0.852859
0.849544
0.853251
0.848389
0.852053
0.854475
0.851602
0.853051
0.844191
0.847428
0.845264
0.847027
0.849015
0.848685
0.850712
0.851051
0.849057
0.847793
0.849012
0.852498
0.847899
0.85216
0.847812
0.847488
0.850233
0.849157
0.845523
0.849659
0.850007
0.848102
0.850049
0.851747
0.851787
0.850772
0.849531
0.853814
0.853395
0.848305
0.854712
0.846033
0.848923
0.8526
0.847374
0.849056
0.849117
0.850253
0.847952
0.852288
0.847919
0.848416
0.848238
0.849489
0.849079
0.852113
0.845993
0.851103
0.848052
0.849405
0.849269
0.851799
0.845288
0.848446
0.849155
0.852058
0.847232
0.851528
0.848031
0.8483
0.851112
0.848384
0.849054
0.851945
0.848098
0.849854
0.850145
0.8508
0.852015
0.846023
0.848529
0.849194
0.845512
0.848879
0.844338
0.853005
0.845385
0.849556
0.849235
0.848325
0.848722
0.848666
0.848733
0.850327
0.843093
0.84892
0.852013
0.850992
0.844759
0.846087
0.850373
0.845747
0.846977
0.850854
0.846367
0.851834
0.85246
0.84636
0.851649
0.85283
0.852882
0.848045
0.84776
0.849768
0.849358
0.851696
0.8492
0.849243
0.852685
0.842478
0.854359
0.848793
0.849283
0.848248
0.849249
0.851592
0.849613
0.847884
0.852027
0.848284
0.84389
0.848088
0.852041
0.85252
0.84867
0.852932
0.849567
0.847988
0.84719
0.848383
0.845279
0.847281
0.851767
0.853711
0.848795
0.852849
0.850085
0.845129
0.85202
0.855039
0.851579
0.848722
0.84609
0.850173
0.846474
0.847465
0.848503
0.849257
0.848032
0.851615
0.849687
0.849885
0.851996
0.846301
0.851634
0.848766
0.848278
0.85027
0.84979
0.847845
0.84758
0.850015
0.852788
0.848841
0.846801
0.849899
0.849496
0.852495
0.850507
0.851581
0.852737
0.847677
0.848126
0.847323
0.851629
0.84643
0.84497
0.845857
0.848535
0.848561
0.849734
0.856155
0.848769
0.852913
0.847407
0.850406
0.846111
0.847836
0.850927
0.849063
0.848195
0.844705
0.849519
0.846891
0.849192
0.850928
0.848091
0.847603
0.850478
0.845352
0.850814
0.854309
0.850305
0.847988
0.851123
0.84912
0.850258
0.849452
0.850773
0.853343
0.851885
0.847579
0.85069
0.846498
0.846063
0.852773
0.852696
0.847834
0.853536
0.851391
0.847932
0.850496
0.850928
0.851358
0.846879
0.843095
0.849603
0.85136
0.852862
0.847972
0.849316
0.848242
0.849823
0.850279
0.849648
0.850878
0.846322
0.848144
0.849893
0.849765
0.849246
0.8508
0.850296
0.845859
0.846705
0.848874
0.847204
0.846765
0.849033
0.849943
0.850712
0.847628
0.849993
0.848024
0.855051
0.849421
0.849714
0.850559
0.842473
0.850323
0.854243
0.851032
0.846589
0.847624
0.854459
0.849656
0.849054
0.85137
0.850745
0.848344
0.849725
0.849116
0.847878
0.855845
0.85017
0.849798
0.855357
0.850922
0.846695
0.849104
0.849365
0.848659
0.8453
0.849182
0.843525
0.852809
0.852344
0.850296
0.846643
0.849947
0.846782
0.852147
0.849076
0.849891
0.850956
0.8508
0.851561
0.849354
0.848897
0.85016
0.85064
0.847918
0.849348
0.847401
0.848002
0.848948
0.846158
0.850761
0.848364
0.850156
0.850736
0.847122
0.85017
0.846646
0.84954
0.849494
0.850791
0.852336
0.850094
0.847291
0.848989
0.849207
0.854756
0.847466
0.845734
0.848407
0.847442
0.847851
0.850973
0.854488
0.847875
0.851748
0.84877
0.852682
0.855295
0.85028
0.852671
0.847982
0.851542
0.844049
0.8506
0.851243
0.850537
0.847821
0.853897
0.849962
0.848507
0.848341
0.848666
0.848034
0.847264
0.843558
0.852946
0.85247
0.850111
0.845351
0.847898
0.848787
0.849366
0.853094
0.85012
0.846622
0.847102
0.851209
0.851555
0.851249
0.851566
0.852178
0.852693
0.850904
0.844515
0.84889
0.850044
0.851145
0.852037
0.851263
0.845272
0.848509
0.849497
0.851183
0.848145
0.844985
0.849031
0.851891
0.849362
0.852092
0.84649
0.847402
0.851196
0.846365
0.853139
0.852499
0.850565
0.8532
0.849607
0.846977
0.847694
0.851157
0.849656
0.845477
0.845576
0.848144
0.846313
0.850124
0.852188
0.847963
0.848265
0.846021
0.849745
0.846146
0.849952
0.850383
0.852418
0.847519
0.850169
0.852288
0.853355
0.845753
0.8465
0.856005
0.849892
0.852833
0.84866
0.848777
0.850612
0.850492
0.851674
0.851429
0.850768
0.853106
0.850915
0.848375
0.849518
0.850311
0.848195
0.853897
0.849804
0.846056
0.849507
0.849521
0.847893
0.84958
0.851443
0.851529
0.852924
0.845715
0.856121
0.846391
0.855375
0.853725
0.850241
0.846151
0.853169
0.850705
0.851571
0.845535
0.851771
0.844141
0.844196
0.844925
0.853851
0.84912
0.847446
0.846521
0.848573
0.852557
0.848536
0.8534
0.849652
0.846965
0.8456
0.848284
0.850428
0.850795
0.848396
0.845541
0.850073
0.850707
0.846059
0.851514
0.851396
0.849392
0.848812
0.848772
0.84814
0.848181
0.848851
0.849981
0.849772
0.846908
0.85017
0.849871
0.850807
0.844116
0.852352
0.849413
0.856566
0.851522
0.84568
0.845277
0.849531
0.851806
0.848683
0.84862
0.852537
0.85356
0.847509
0.846577
0.84665
0.8473
0.849223
0.851043
0.848867
0.852219
0.853393
0.854538
0.852967
0.85057
0.848932
0.850815
0.849314
0.852693
0.848279
0.84974
0.85246
0.851356
0.850444
0.849461
0.849521
0.849852
0.848465
0.848805
0.850392
0.847479
0.851011
0.848947
0.848627
0.85033
0.849365
0.843973
0.845674
0.848116
0.85241
0.848328
0.847482
0.850645
0.847057
0.849543
0.847889
0.850978
0.854591
0.847421
0.849009
0.849183
0.847586
0.846809
0.847802
0.850822
0.850616
0.846046
0.847744
0.849925
0.846903
0.843178
0.851794
0.852482
0.849892
0.844817
0.849264
0.847717
0.850256
0.845705
0.853043
0.848721
0.842926
0.849779
0.847292
0.849293
0.850444
0.847822
0.851283
0.851041
0.856833
0.851009
0.852273
0.847758
0.847581
0.846411
0.852369
0.850177
0.84889
0.849256
0.848044
0.846356
0.850722
0.8442
0.849069
0.847503
0.846615
0.847881
0.847849
0.847522
0.845443
0.846169
0.849285
0.847966
0.845081
0.849953
0.847728
0.844374
0.854129
0.849229
0.851479
0.84988
0.848954
0.85353
0.851
0.850107
0.846779
0.848789
0.850464
0.848789
0.849813
0.852251
0.847064
0.8491
0.850027
0.849521
0.855036
0.851023
0.850361
0.848093
0.849851
0.848326
0.84596
0.853498
0.85053
0.849998
0.84696
0.851181
0.850235
0.845394
0.850364
0.845732
0.845508
0.848243
0.85231
0.84964
0.847887
0.854295
0.843668
0.853985
0.849696
0.847359
0.851667
0.850912
0.847823
0.845819
0.845895
0.852471
0.848276
0.850669
0.84531
0.848588
0.849317
0.848188
0.849625
0.848757
0.853071
0.846954
0.847298
0.848607
0.848339
0.845509
0.848289
0.84535
0.848107
0.847976
0.851859
0.847118
0.845321
0.850401
0.847548
0.852763
0.848355
0.852248
0.848592
0.848337
0.84624
0.849473
0.843262
0.848749
0.847897
0.846581
0.848167
0.845326
0.847936
0.846445
0.852978
0.84494
0.849772
0.84572
0.852346
0.84603
0.850793
0.85073
0.854278
0.847624
0.847463
0.847088
0.846016
0.848557
0.850276
0.850187
0.850197
0.846367
0.849858
0.846924
0.847073
0.851417
0.849578
0.845001
0.852993
0.852423
0.852297
0.84903
0.851221
0.848174
0.850453
0.850204
0.848355
0.850137
0.845192
0.851253
0.847185
0.850972
0.848802
0.852143
0.852401
0.846369
0.851324
0.849152
0.848528
0.851918
0.849188
0.846631
0.848299
0.849477
0.848414
0.852678
0.847202
0.849703
0.850088
0.847379
0.852845
0.849624
0.848039
0.851528
0.847275
0.851197
0.84961
0.847133
0.847306
0.849683
0.847186
0.849014
0.847588
0.844197
0.849936
0.851595
0.848993
0.847001
0.847222
0.8497
0.855596
0.853347
0.84863
0.848037
0.853565
0.851942
0.852177
0.847483
0.852129
0.848468
0.849676
0.849545
0.850197
0.84943
0.848248
0.853196
0.845553
0.843543
0.851538
0.851768
0.850182
0.848015
0.852479
0.849909
0.848135
0.850969
0.849599
0.842345
0.847848
0.850751
0.847085
0.847525
0.847912
0.847506
0.852315
0.852062
0.848541
0.848901
0.848602
0.850354
0.851793
0.8479
0.852881
0.847661
0.84743
0.849323
0.855241
0.850087
0.846626
0.851496
0.848341
0.845181
0.850276
0.850975
0.850098
0.847639
0.845843
0.849218
0.85401
0.846638
0.848711
0.849707
0.846836
0.846198
0.847964
0.854653
0.844691
0.851746
0.851458
0.850551
0.849803
0.851331
0.848504
0.850621
0.84924
0.853645
0.852787
0.848583
0.850638
0.846247
0.848441
0.851587
0.844012
0.847649
0.843678
0.844898
0.846419
0.85155
0.845129
0.851803
0.846999
0.851282
0.850811
0.848143
0.849221
0.846527
0.852788
0.848889
0.846229
0.847695
0.852699
0.854884
0.847309
0.847295
0.849754
0.847778
0.849128
0.849121
0.847704
0.850884
0.849177
0.845934
0.841741
0.845816
0.850969
0.85145
0.851055
0.847827
0.84785
0.848063
0.846099
0.852496
0.849652
0.853236
0.84535
0.850434
0.848818
0.850654
0.845571
0.850234
0.846773
0.847819
0.847351
0.847395
0.846595
0.854044
0.848137
0.849365
0.848839
0.849551
0.851299
0.853536
0.848892
0.850799
0.851062
0.848692
0.848636
0.850569
0.843823
0.845942
0.849587
0.851974
0.852889
0.848106
0.846921
0.849008
0.84872
0.846155
0.849108
0.85094
0.845723
0.849667
0.848115
0.849137
0.848808
0.85638
0.847654
0.848675
0.848493
0.843474
0.851974
0.849852
0.847211
0.845782
0.850504
0.847919
0.850611
0.841208
0.850556
0.84685
0.850443
0.847228
0.85012
0.855307
0.848878
0.846304
0.850757
0.847902
0.850781
0.851234
0.850434
0.850921
0.849872
0.850622
0.847257
0.850479
0.847864
0.851849
0.848655
0.84683
0.850264
0.846977
0.848939
0.850567
0.84993
0.848801
0.844918
0.848492
0.844684
0.846544
0.851901
0.848766
0.852306
0.84508
0.846696
0.851955
0.846749
0.846559
0.849777
0.851192
0.851796
0.84837
0.845681
0.849948
0.847933
0.848578
0.848418
0.846708
0.850383
0.849871
0.851513
0.857134
0.849063
0.855795
0.848487
0.850434
0.854007
0.84941
0.849447
0.850808
0.850615
0.846726
0.846677
0.848982
0.849511
0.849647
0.852364
0.851547
0.850211
0.84555
0.851724
0.852372
0.849514
0.846491
0.851758
0.843593
0.848977
0.849896
0.846395
0.853007
0.850126
0.844881
0.851986
0.851194
0.850166
0.847559
0.84934
0.843127
0.845418
0.848089
0.850317
0.850129
0.856078
0.846878
0.850336
0.847344
0.851166
0.84972
0.853047
0.849488
0.850803
0.84442
0.846365
0.850363
0.851809
0.853477
0.848979
0.853377
0.8438
0.84859
0.850301
0.849881
0.84984
0.849656
0.847863
0.850184
0.847363
0.846669
0.849308
0.849283
0.852508
0.850619
0.847788
0.851929
0.846415
0.846644
0.850708
0.842782
0.851544
0.851222
0.845595
0.850452
0.84681
0.84823
0.855104
0.851788
0.848196
0.85133
0.847771
0.8525
0.849297
0.848446
0.846434
0.845818
0.850246
0.850083
0.849364
0.852387
0.845477
0.847757
0.846643
0.850387
0.851262
0.848128
0.845874
0.849441
0.854766
0.848081
0.847289
0.848288
0.847555
0.848124
0.84738
0.850833
0.847662
0.850575
0.851945
0.845166
0.850313
0.850341
0.846378
0.847843
0.849761
0.850555
0.849113
0.846791
0.848892
0.849849
0.854393
0.845458
0.849337
0.848572
0.85226
0.850972
0.849073
0.846232
0.84907
0.850961
0.844938
0.851686
0.848449
0.85264
0.847414
0.850975
0.847226
0.848973
0.849046
0.84973
0.846274
0.848607
0.846615
0.852452
0.852101
0.851599
0.850468
0.846187
0.851458
0.851413
0.846934
0.845897
0.847416
0.849538
0.848758
0.853728
0.84718
0.850293
0.850298
0.848917
0.848018
0.847379
0.848508
0.846982
0.848185
0.851515
0.851828
0.854434
0.848611
0.851131
0.848295
0.84874
0.848909
0.853445
0.848264
0.845899
0.852916
0.850917
0.851325
0.849624
0.851994
0.84892
0.849667
0.848147
0.846215
0.858508
0.847494
0.847192
0.849371
0.848151
0.851111
0.853846
0.850899
0.848454
0.849313
0.849621
0.851338
0.845839
0.849329
0.852176
0.849445
0.851626
0.849728
0.845099
0.846033
0.848191
0.84756
0.844799
0.845172
0.849983
0.847531
0.846899
0.848163
0.85108
0.847959
0.851654
0.85301
0.851723
0.849758
0.847454
0.850648
0.849402
0.849508
0.847197
0.853203
0.847972
0.854667
0.850231
0.849874
0.845565
0.849394
0.848265
0.850225
0.848477
0.852417
0.851959
0.849321
0.851254
0.856804
0.857733
0.848259
0.848753
0.851195
0.850185
0.849239
0.848888
0.850065
0.844915
0.846961
0.852266
0.85177
0.850302
0.851064
0.846217
0.849517
0.851931
0.849343
0.847168
0.85014
0.848784
0.845865
0.849431
0.848757
0.847189
0.849844
0.852566
0.850389
0.850676
0.851992
0.847306
0.848778
0.851569
0.848333
0.850205
0.850294
0.848816
0.847903
0.846133
0.848984
0.849688
0.848402
0.849285
0.853532
0.85222
0.850924
0.852201
0.846996
0.848997
0.851639
0.851566
0.847047
0.850612
0.849162
0.852435
0.850948
0.850635
0.849707
0.84943
0.851103
0.849163
0.847856
0.847015
0.849015
0.848201
0.851952
0.84841
0.844297
0.847872
0.847712
0.847284
0.849122
0.85034
0.8484
0.844418
0.845717
0.843277
0.853379
0.8517
0.850015
0.849434
0.846708
0.849668
0.849722
0.846352
0.850893
0.84809
0.850536
0.845673
0.849501
0.844936
0.847867
0.853293
0.848555
0.853694
0.851314
0.851257
0.849233
0.849819
0.849624
0.84842
0.848741
0.851198
0.849615
0.847944
0.853208
0.847453
0.847864
0.847932
0.85263
0.846829
0.851508
0.850135
0.852891
0.84637
0.85356
0.848562
0.851996
0.845297
0.850658
0.84945
0.851476
0.851152
0.848027
0.850394
0.847926
0.846717
0.849696
0.844886
0.851973
0.852155
0.854137
0.845429
0.848599
0.849415
0.848
0.846608
0.851956
0.851971
0.850077
0.848876
0.849606
0.849251
0.847469
0.847031
0.846489
0.850967
0.850453
0.850411
0.852447
0.849716
0.850617
0.848408
0.852171
0.846622
0.849335
0.849166
0.850745
0.844563
0.848308
0.848807
0.85079
0.851086
0.84948
0.851902
0.851553
0.84967
0.850373
0.845693
0.847836
0.847931
0.849894
0.852277
0.851368
0.847808
0.850292
0.846759
0.849932
0.853356
0.848039
0.848882
0.852454
0.85058
0.851936
0.850278
0.846902
0.848575
0.850178
0.84972
1
0.850447
0.845488
0.852565
0.849949
0.847718
0.848031
0.852568
0.846891
0.847978
0.851882
0.851207
0.848846
0.843541
0.851909
0.852599
0.847684
0.85365
0.852546
0.849678
0.844214
0.85262
0.848272
0.850464
0.848664
0.851171
0.851382
0.850643
0.850831
0.851638
0.849562
0.848653
0.850608
0.847648
0.850858
0.8511
0.850066
0.852373
0.847665
0.852582
0.850108
0.852708
0.84939
0.847113
0.846464
0.847906
0.852206
0.848936
0.848801
0.84678
0.849143
0.848362
0.853277
0.849479
0.848706
0.849637
0.851872
0.849622
0.846946
0.848719
0.848351
0.844457
0.849668
0.845197
0.849212
0.847102
0.844192
0.849404
0.848847
0.852358
0.848418
0.84722
0.847318
0.847602
0.850754
0.845491
0.845691
0.846449
0.847351
0.846311
0.847944
0.851672
0.847139
0.844566
0.850633
0.851054
0.849732
0.851512
0.849859
0.84737
0.847125
0.848377
0.855681
0.851839
0.850522
0.849218
0.847093
0.852338
0.849535
0.850598
0.851328
0.851438
0.852338
0.847639
0.844496
0.854058
0.846487
0.852677
0.84727
0.847623
0.847747
0.85158
0.846428
0.858162
0.847191
0.849319
0.847716
0.850599
0.848967
0.846682
0.85122
0.846293
0.848328
0.851597
0.846813
0.848914
0.8527
0.851596
0.847429
0.84984
0.84664
0.849746
0.846261
0.847642
0.851014
0.846487
0.847954
0.849411
0.845803
0.845858
0.848924
0.850362
0.847912
0.846485
0.849365
0.850966
0.8508
0.846698
0.853847
0.853384
0.85071
0.850872
0.851159
0.847114
0.849625
0.846952
0.848386
0.85052
0.852841
0.852373
0.847597
0.848205
0.849113
0.851032
0.850424
0.849282
0.848611
0.849624
0.849732
0.84798
0.844925
0.84808
0.851824
0.849267
0.847851
0.844225
0.847713
0.849814
0.852563
0.850446
0.850174
0.853579
0.848688
0.851641
0.849684
0.845106
0.843615
0.845667
0.846935
0.848315
0.850076
0.848813
0.849943
0.847961
0.846477
0.850848
0.843486
0.846231
0.852454
0.848329
0.849436
0.847966
0.851295
0.850239
0.851171
0.853245
0.849893
0.847469
0.852043
0.855045
0.851073
0.847206
0.850755
0.851835
0.850475
0.847919
0.852328
0.848154
0.848648
0.852019
0.843586
0.850192
0.845817
0.846577
0.846359
0.847355
0.845152
0.85001
0.847067
0.850121
0.847138
0.849934
0.849337
0.848841
0.855858
0.847038
0.851048
0.846673
0.848771
0.853263
0.847371
0.849946
0.848089
0.852824
0.849702
0.848488
0.851773
0.849971
0.853481
0.844306
0.850326
0.853012
0.851527
0.852311
0.846089
0.851078
0.847948
0.846757
0.848203
0.846868
0.8533
0.846906
0.850683
0.856498
0.846854
0.850369
0.84989
0.846361
0.853742
0.851753
0.848973
0.845485
0.846897
0.846795
0.853276
0.850384
0.84857
0.84852
0.84953
0.847383
0.842925
0.850814
0.850889
0.846583
0.84975
0.845113
0.843266
0.850086
0.851326
0.850017
0.84935
0.842062
0.84399
0.854845
0.849657
0.846971
0.850692
0.847012
0.847568
0.845185
0.847355
0.85023
0.854301
0.848176
