0.897688
0.896912
0.874784
0.879927
0.88229
0.889849
0.875106
0.886795
0.872727
0.906566
0.882831
0.887117
0.881407
0.889517
0.884018
0.881749
0.87454
0.883055
0.876626
0.870493
0.886985
0.87427
0.874236
0.875684
0.901546
0.865852
0.881807
0.884053
0.877748
0.887989
0.892164
0.887361
0.884127
0.886105
0.897673
0.903117
0.877257
0.89184
0.891997
0.880023
0.887789
0.886981
0.885469
0.88435
0.88672
0.881213
0.87908
0.887782
0.885685
0.873483
0.883382
0.88033
0.891845
0.887631
0.885056
0.894709
0.889771
0.899759
0.892289
0.877697
0.892332
0.906337
0.864604
0.881338
0.885411
0.898421
0.893112
0.875839
0.883666
0.900124
0.880091
0.8865
0.882793
0.877931
0.873471
0.884358
0.887713
0.868553
0.889228
0.888912
0.883259
0.869568
0.894569
0.882207
0.893962
0.905507
0.884121
0.887526
0.880343
0.867011
0.890118
0.888851
0.874758
0.882256
0.906719
0.87852
0.887464
0.862076
0.897851
0.888149
0.88355
0.888187
0.911197
0.8884
0.872545
0.88768
0.89437
0.889884
0.884978
0.894118
0.870312
0.888097
0.882637
0.888373
0.865761
0.883067
0.862427
0.896599
0.884513
0.889554
0.872624
0.875533
0.881986
0.885608
0.892785
0.904687
0.893312
0.88369
0.872841
0.890525
0.907066
0.888357
0.888086
0.887509
0.889617
0.888444
0.896855
0.88084
0.889281
0.887704
0.88846
0.876507
0.891262
0.886924
0.884098
0.889462
0.917587
0.903705
0.89258
0.889228
0.893795
0.905563
0.896557
0.878247
0.886137
0.893013
0.871591
0.874239
0.883849
0.888466
0.904946
0.883943
0.870566
0.871504
0.895276
0.883595
0.896983
0.89119
0.893228
0.867006
0.865696
0.873942
0.892038
0.885315
0.890902
0.871418
0.877503
0.89725
0.881257
0.880708
0.889543
0.888031
0.898295
0.879689
0.878073
0.886163
0.894674
0.880753
0.885583
0.867358
0.878099
0.887337
0.885478
0.870101
0.882325
0.888919
0.89703
0.875733
0.866397
0.876901
0.887506
0.88969
0.882914
0.867917
0.878863
0.877939
0.873208
0.866522
0.874771
0.861638
0.883848
0.880691
0.89469
0.892961
0.913946
0.873662
0.878034
0.887826
0.885225
0.882722
0.889721
0.884286
0.894968
0.877045
0.891457
0.885129
0.888051
0.886808
0.889469
0.892972
0.875864
0.900751
0.876352
0.903814
0.869536
0.886207
0.907644
0.868331
0.886669
0.899469
0.888617
0.884545
0.887422
0.880464
0.883169
0.890811
0.899148
0.900153
0.892075
0.879169
0.899249
0.882506
0.883852
0.878846
0.895101
0.890363
0.885027
0.892408
0.886743
0.899734
0.879348
0.869995
0.886285
0.877631
0.897684
0.885651
0.885964
0.887815
0.886676
0.873252
0.89046
0.869873
0.898964
0.889006
0.870049
0.889847
0.879109
0.880493
0.886464
0.87439
0.865786
0.890221
0.878592
0.887226
0.869179
0.914706
0.905902
0.890467
0.896214
0.864561
0.890341
0.889726
0.887578
0.889112
0.87685
0.897735
0.861217
0.879119
0.885186
0.902388
0.889228
0.88847
0.888037
0.897363
0.910642
0.877329
0.891277
0.888066
0.892497
0.881425
0.87587
0.902186
0.864965
0.897884
0.890145
0.88546
0.878738
0.890346
0.901974
0.869885
0.881971
0.901624
0.889413
0.884832
0.882896
0.899599
0.879304
0.876339
0.889993
0.881653
0.896075
0.896095
0.885948
0.897841
0.87267
0.888423
0.878412
0.871136
0.891968
0.884364
0.888657
0.871999
0.900209
0.880099
0.876165
0.893957
0.879852
0.887507
0.887194
0.878643
0.88155
0.876954
0.889418
0.875899
0.862758
0.870834
0.872061
0.90309
0.888234
0.875927
0.878462
0.895315
0.901798
0.868267
0.871323
0.901044
0.894842
0.881811
0.906729
0.876407
0.877189
0.890104
0.888252
0.888096
0.89296
0.874618
0.909164
0.891745
0.8897
0.90057
0.873876
0.892806
0.878002
0.905283
0.898865
0.892546
0.889488
0.879234
0.887239
0.874856
0.867034
0.874648
0.882585
0.893308
0.867579
0.883094
0.892927
0.893779
0.882517
0.884793
0.869454
0.884367
0.88688
0.877433
0.881635
0.885089
0.901543
0.885528
0.894435
0.887326
0.873093
0.886511
0.896653
0.895034
0.872035
0.897733
0.884624
0.899947
0.877389
0.906273
0.901532
0.88083
0.899253
0.89779
0.890994
0.878091
0.894994
0.877504
0.882372
0.881221
0.891998
0.891297
0.873109
0.88257
0.875691
0.874013
0.881951
0.891539
0.884134
0.88352
0.888894
0.887707
0.872331
0.883709
0.858605
0.872123
0.883699
0.889805
0.903461
0.902735
0.871688
0.8888
0.894222
0.870273
0.887267
0.886585
0.887576
0.865106
0.893483
0.865549
0.907972
0.887872
0.901408
0.884929
0.89808
0.871681
0.890561
0.914222
0.877496
0.876572
0.888877
0.898633
0.886764
0.875219
0.892941
0.875668
0.884278
0.880871
0.883195
0.896554
0.880277
0.882194
0.885233
0.891401
0.894278
0.892962
0.876021
0.888286
0.895254
0.88133
0.874372
0.897079
0.90035
0.905543
0.8965
0.892842
0.872652
0.887748
0.889875
0.900458
0.881042
0.877743
0.886101
0.883399
0.880646
0.889612
0.896958
0.881959
0.888769
0.876251
0.886742
0.865872
0.874984
0.902586
0.895173
0.881258
0.874068
0.88536
0.87298
0.883864
0.869572
0.907195
0.901552
0.906048
0.884271
0.889313
0.881192
0.872041
0.888938
0.882033
0.883274
0.890972
0.894853
0.88685
0.880875
0.896026
0.885189
0.881097
0.870274
0.868322
0.870486
0.91465
0.89515
0.909129
0.907276
0.887097
0.888761
0.880299
0.884329
0.883689
0.885909
0.88089
0.87468
0.877218
0.880024
0.888248
0.889745
0.876354
0.865218
0.887494
0.893398
0.874489
0.879201
0.887993
0.878819
0.874361
0.871631
0.89322
0.895014
0.89446
0.889764
0.886487
0.883688
0.884946
0.891416
0.890251
0.886718
0.901011
0.88918
0.890351
0.874896
0.872018
0.886844
0.882376
0.894595
0.872578
0.895562
0.885994
0.908855
0.88871
0.890097
0.89007
0.893806
0.884697
0.885087
0.868473
0.904512
0.896503
0.889072
0.890915
0.879386
0.910103
0.889753
0.889036
0.889376
0.897813
0.875955
0.877541
0.881505
0.870938
0.903344
0.881374
0.886504
0.894796
0.890537
0.892008
0.889598
0.873324
0.873809
0.884701
0.875269
0.910735
0.882847
0.875461
0.876769
0.871209
0.903211
0.897574
0.862375
0.877711
0.901156
0.880317
0.884194
0.881742
0.890412
0.899014
0.891509
0.884288
0.888859
0.87909
0.88042
0.909923
0.897744
0.874559
0.892371
0.904316
0.888694
0.869391
0.89119
0.882747
0.895783
0.876986
0.889419
0.89631
0.893119
0.870555
0.889566
0.880976
0.875357
0.886633
0.886346
0.893055
0.89427
0.891977
0.865952
0.878454
0.8838
0.890326
0.895343
0.887046
0.871828
0.896153
0.878618
0.882159
0.890805
0.890265
0.892833
0.883336
0.876678
0.885708
0.875725
0.884413
0.867575
0.894325
0.877212
0.899761
0.879748
0.874349
0.891637
0.874902
0.877537
0.868729
0.879849
0.874388
0.883896
0.879518
0.884824
0.8737
0.881038
0.886374
0.896588
0.890745
0.878085
0.877133
0.899446
0.885724
0.860951
0.870278
0.887808
0.87753
0.889946
0.884368
0.880642
0.872444
0.904918
0.878291
0.88825
0.880831
0.886251
0.888618
0.884172
0.884146
0.883535
0.869601
0.871395
0.880457
0.871029
0.863184
0.883684
0.876406
0.887774
0.876015
0.862275
0.87619
0.896445
0.892418
0.883232
0.897104
0.861145
0.879205
0.877578
0.877838
0.892893
0.873454
0.867918
0.862013
0.894005
0.882373
0.874486
0.876309
0.891244
0.899624
0.909705
0.873581
0.894916
0.884331
0.896141
0.882116
0.880109
0.890996
0.899698
0.880873
0.884863
0.886457
0.890731
0.89308
0.87322
0.889176
0.883252
0.891959
0.895423
0.894507
0.887081
0.881969
0.886501
0.90535
0.890507
0.881027
0.887085
0.888465
0.885137
0.899438
0.886937
0.862018
0.900011
0.883456
0.889549
0.893129
0.879251
0.894687
0.895402
0.879639
0.880874
0.896877
0.888681
0.880528
0.886966
0.870235
0.894783
0.882153
0.872148
0.886696
0.88715
0.881385
0.872226
0.88056
0.881792
0.88231
0.882262
0.881165
0.882861
0.890379
0.881177
0.880053
0.87237
0.87527
0.866775
0.882882
0.883625
0.878605
0.871791
0.900747
0.88115
0.897614
0.86129
0.884187
0.90331
0.861926
0.878097
0.881226
0.888252
0.880247
0.895767
0.891569
0.885211
0.89646
0.881569
0.885303
0.901111
0.885422
0.884666
0.87494
0.884066
0.905524
0.874359
0.904656
0.870717
0.882774
0.891931
0.887947
0.876171
0.893685
0.882651
0.884242
0.871436
0.87
0.88793
0.888255
0.869038
0.890468
0.903159
0.887604
0.894427
0.875614
0.899713
0.877089
0.892245
0.892751
0.903166
0.904301
0.887137
0.867805
0.885477
0.880157
0.900228
0.886927
0.878823
0.888228
0.895145
0.876359
0.888407
0.878277
0.904207
0.906323
0.88431
0.877003
0.887144
0.879708
0.89849
0.887347
0.871795
0.888364
0.878938
0.885463
0.884547
0.865629
0.875569
0.902334
0.861119
0.88759
0.883811
0.891861
0.892655
0.887185
0.886423
0.905521
0.87809
0.895012
0.897723
0.900402
0.883362
0.877846
0.89287
0.88458
0.881353
0.876429
0.895624
0.873298
0.87831
0.882479
0.876601
0.870741
0.8848
0.885243
0.899039
0.875291
0.866149
0.876013
0.925727
0.885471
0.87684
0.885313
0.881329
0.889434
0.865804
0.88765
0.881683
0.899929
0.881283
0.864953
0.897687
0.882469
0.905186
0.888987
0.887359
0.894304
0.876109
0.888315
0.878736
0.886859
0.881151
0.902491
0.873119
0.873439
0.890854
0.881013
0.88623
0.888499
0.892544
0.882897
0.880046
0.897024
0.900414
0.891703
0.89662
0.889121
0.886439
0.898096
0.883347
0.879095
0.874738
0.886661
0.903929
0.883263
0.880192
0.890381
0.875415
0.904225
0.878746
0.868628
0.867451
0.884647
0.892244
0.867625
0.885887
0.903213
0.875353
0.892541
0.888262
0.890314
0.873023
0.864902
0.886423
0.896886
0.884916
0.872236
0.886391
0.881499
0.875755
0.880835
