0.876999
0.869532
0.865643
0.858049
0.863318
0.870325
0.866087
0.868674
0.861704
0.867842
0.868369
0.867619
0.870687
0.867701
0.864713
0.862552
0.864296
0.874069
0.868858
0.870594
0.86674
0.870324
0.867768
0.863515
0.868933
0.863978
0.872212
0.864298
0.868245
0.881545
0.868035
0.870743
0.869287
0.872188
0.868596
0.870186
0.858587
0.867235
0.870794
0.863862
0.873108
0.879658
0.867698
0.873042
0.87245
0.864939
0.867607
0.869383
0.86348
0.866566
0.871673
0.871229
0.871694
0.876072
0.875558
0.870423
0.866474
0.861677
0.872317
0.865626
0.862754
0.873791
0.871889
0.867572
0.874704
0.872296
0.864041
0.865473
0.859154
0.871483
0.867694
0.867377
0.863836
0.868118
0.867985
0.866698
0.866848
0.866911
0.869116
0.867642
0.870605
0.864463
0.864514
0.863195
0.870219
0.871743
0.866369
0.871637
0.871165
0.867602
0.865025
0.868127
0.873093
0.878655
0.871533
0.864456
0.86611
0.869087
0.869032
0.867223
0.872665
0.873277
0.860879
0.883408
0.870083
0.86564
0.876556
0.871142
0.870753
0.866239
0.872473
0.878732
0.870326
0.866935
0.869332
0.868915
0.863781
0.86286
0.871559
0.87228
0.874769
0.87122
0.857708
0.874612
0.871022
0.871524
0.873256
0.876157
0.867246
0.869544
0.868508
0.863965
0.868783
0.871081
0.865124
0.873362
0.871687
0.875801
0.864036
0.867263
0.866099
0.869033
0.873487
0.866568
0.87051
0.868582
0.86874
0.869604
0.867165
0.865274
0.862801
0.867832
0.870214
0.869756
0.871354
0.871236
0.877894
0.86845
0.87295
0.87216
0.867333
0.865718
0.860012
0.871359
0.866596
0.867393
0.873094
0.868884
0.868914
0.868284
0.875855
0.872201
0.865991
0.870545
0.868988
0.868363
0.865541
0.863675
0.87583
0.875365
0.869987
0.871763
0.863465
0.86708
0.871701
0.869316
0.873105
0.868743
0.868633
0.870936
0.872284
0.867289
0.86784
0.864665
0.872206
0.872409
0.868393
0.872207
0.876524
0.864011
0.868397
0.862296
0.867407
0.865277
0.867688
0.869942
0.868952
0.871162
0.871904
0.8741
0.870001
0.865176
0.865221
0.866928
0.868515
0.86495
0.870428
0.873022
0.870459
0.858064
0.874725
0.864654
0.873639
0.870615
0.860553
0.87388
0.869338
0.872402
0.878454
0.862553
0.871074
0.877152
0.859763
0.872142
0.871848
0.877738
0.867628
0.865475
0.871131
0.872175
0.866332
0.876011
0.866156
0.872289
0.86966
0.872673
0.868581
0.868358
0.875773
0.860941
0.86618
0.866847
0.865295
0.867235
0.86829
0.85966
0.864966
0.872175
0.871789
0.867343
0.868433
0.870903
0.871239
0.870199
0.871973
0.871334
0.875596
0.871075
0.866519
0.871874
0.861959
0.867127
0.870389
0.863031
0.867575
0.867237
0.872328
0.874446
0.881039
0.872101
0.863865
0.87544
0.867486
0.867298
0.8677
0.863712
0.872447
0.873012
0.87057
0.871521
0.864693
0.873777
0.86777
0.872611
0.869587
0.872887
0.868222
0.870455
0.8745
0.867061
0.865747
0.869704
0.868025
0.873471
0.867947
0.862672
0.869502
0.868422
0.867287
0.868015
0.867271
0.869047
0.872784
0.868225
0.864649
0.865324
0.862284
0.870787
0.871121
0.869537
0.869489
0.870622
0.873331
0.875209
0.871343
0.863439
0.858049
0.868783
0.871151
0.869541
0.879198
0.866056
0.875747
0.868737
0.860304
0.868159
0.869232
0.867829
0.86707
0.870718
0.869092
0.861253
0.876936
0.864715
0.871223
0.860578
0.867623
0.868247
0.8732
0.87465
0.869539
0.876358
0.87355
0.86662
0.878708
0.864646
0.876221
0.870609
0.872604
0.873864
0.877842
0.868492
0.878787
0.860747
0.864974
0.873168
0.868877
0.866753
0.865709
0.876749
0.86046
0.871989
0.868027
0.875838
0.872308
0.867101
0.863553
0.869155
0.871948
0.866616
0.874705
0.861541
0.869921
0.865626
0.867378
0.875063
0.869265
0.867363
0.872259
0.86286
0.865343
0.870103
0.870156
0.871685
0.868099
0.870748
0.868055
0.866948
0.861271
0.870307
0.871457
0.876644
0.867464
0.864022
0.858337
0.87806
0.869144
0.870429
0.869613
0.877156
0.869344
0.866402
0.868952
0.869209
0.867692
0.875534
0.87005
0.87037
0.869743
0.873365
0.869017
0.867473
0.877432
0.874632
0.86987
0.8713
0.865497
0.869123
0.86016
0.869838
0.875176
0.872814
0.870526
0.875753
0.868757
0.872638
0.862326
0.87843
0.8654
0.874393
0.873513
0.870924
0.865541
0.877456
0.868033
0.871519
0.86718
0.870202
0.870922
0.873047
0.869577
0.867792
0.866849
0.866858
0.872572
0.867191
0.875285
0.867477
0.868758
0.871561
0.861408
0.865861
0.867421
0.859573
0.862066
0.869338
0.867492
0.859512
0.864177
0.860374
0.870866
0.874015
0.87522
0.867242
0.874462
0.877732
0.870469
0.869125
0.866742
0.87587
0.85915
0.875004
0.86591
0.872439
0.872577
0.866951
0.868858
0.875533
0.863364
0.869589
0.869833
0.865654
0.861282
0.86722
0.87271
0.869809
0.868055
0.87598
0.872562
0.861749
0.870528
0.867326
0.873809
0.872839
0.864813
0.866701
0.86472
0.872035
0.864251
0.876109
0.871739
0.87366
0.865781
0.864452
0.87262
0.865896
0.863032
0.870803
0.877594
0.864027
0.866764
0.874004
0.873591
0.870753
0.868159
0.868583
0.873926
0.866471
0.870832
0.868145
0.866595
0.860358
0.866325
0.875354
0.869977
0.862929
0.872429
0.871448
0.870695
0.864441
0.875523
0.868473
0.867275
0.87837
0.863151
0.871923
0.86708
0.872309
0.87397
0.866743
0.86395
0.864278
0.866607
0.872038
0.863426
0.871829
0.871525
0.871701
0.872347
0.869454
0.873396
0.867597
0.867297
0.869437
0.873919
0.870962
0.865838
0.87327
0.867062
0.862081
0.866831
0.864044
0.864599
0.864436
0.86776
0.870528
0.870706
0.872423
0.876123
0.869568
0.866451
0.862422
0.87473
0.861688
0.86761
0.874968
0.871427
0.868996
0.867039
0.878251
0.863708
0.869052
0.872464
0.864389
0.871006
0.860391
0.8679
0.869104
0.876909
0.872166
0.869208
0.871358
0.862692
0.869672
0.87459
0.867021
0.868488
0.868706
0.868143
0.874196
0.861481
0.879327
0.863229
0.866978
0.872602
0.868188
0.86789
0.872457
0.861433
0.863452
0.864571
0.868517
0.873982
0.878808
0.869671
0.869281
0.868122
0.865755
0.866286
0.862604
0.87041
0.869632
0.866756
0.864772
0.865917
0.863172
0.867385
0.871586
0.88293
0.858364
0.868803
0.864288
0.868491
0.866229
0.870624
0.866694
0.871791
0.868582
0.870982
0.875423
0.862624
0.865504
0.865985
0.864492
0.867171
0.8709
0.869921
0.867566
0.871371
0.869423
0.863939
0.873443
0.871513
0.868689
0.869849
0.868668
0.866384
0.863152
0.863246
0.868559
0.872007
0.866333
0.871837
0.872057
0.881605
0.870841
0.872202
0.869866
0.876996
0.864194
0.871514
0.87935
0.868517
0.869318
0.861281
0.873069
0.868851
0.868335
0.875409
0.858174
0.870198
0.86666
0.870245
0.861185
0.875061
0.873196
0.868828
0.871372
0.869298
0.872446
0.862093
0.871859
0.874564
0.869767
0.879506
0.867038
0.870573
0.866787
0.868827
0.871982
0.871797
0.868775
0.866407
0.869554
0.871409
0.866598
0.863365
0.868925
0.86645
0.869526
0.869772
0.862374
0.880382
0.866589
0.872521
0.869663
0.878382
0.870431
0.876362
0.862205
0.867829
0.872604
0.863477
0.86264
0.86395
0.871167
0.870513
0.867574
0.865255
0.873288
0.871598
0.867188
0.86874
0.86688
0.875418
0.871511
0.862846
0.863681
0.865755
0.865948
0.875961
0.878941
0.86752
0.866847
0.872178
0.875469
0.865973
0.876431
0.87642
0.865025
0.868159
0.865186
0.874741
0.874374
0.860502
0.85554
0.873573
0.866125
0.858448
0.871719
0.861172
0.865056
0.877729
0.868342
0.868488
0.868586
0.875663
0.877381
0.876475
0.873857
0.867172
0.877389
0.872482
0.861121
0.859794
0.872866
0.866841
0.865948
0.872856
0.859809
0.873267
0.87385
0.8673
0.869715
0.857776
0.877417
0.863201
0.873321
0.869801
0.873613
0.867765
0.873927
0.872783
0.867362
0.871267
0.878757
0.870345
0.870402
0.869579
0.873788
0.875635
0.868366
0.868436
0.867669
0.868339
0.860922
0.8763
0.86647
0.87173
0.859645
0.869241
0.874931
0.867987
0.86896
0.870867
0.866349
0.881348
0.870845
0.867061
0.869426
0.873968
0.866121
0.874378
0.875472
0.863015
0.873657
0.867742
0.875432
0.869405
0.863068
0.869922
0.871465
0.864647
0.866707
0.867533
0.874188
0.866814
0.874024
0.867819
0.876666
0.87337
0.874019
0.872973
0.870443
0.869999
0.869401
0.869213
0.863566
0.870082
0.86854
0.873968
0.868378
0.873587
0.870934
0.868695
0.868432
0.863805
0.870058
0.86276
0.874642
0.86993
0.866821
0.862985
0.866389
0.875372
0.873828
0.869036
0.869479
0.871904
0.861739
0.869494
0.870386
0.867018
0.867072
0.866288
0.874508
0.863413
0.879437
0.865347
0.870857
0.867982
0.865048
0.868057
0.870919
0.870442
0.870417
0.868193
0.874294
0.865482
0.871583
0.863195
0.860087
0.871647
0.869277
0.860237
0.872137
0.866791
0.876139
0.87062
0.866578
0.869254
0.873346
0.868139
0.872168
0.8652
0.874107
0.875084
0.865312
0.866567
0.856313
0.872254
0.861588
0.869274
0.864758
0.862426
0.861331
0.87192
0.87392
0.863524
0.866906
0.868081
0.865248
0.865398
0.868082
0.862131
0.867985
0.868876
0.863405
0.867993
0.86635
0.865988
0.863526
0.874738
0.864773
0.87043
0.864411
0.874035
0.867867
0.878977
0.869322
0.881788
0.876076
0.875211
0.867871
0.870467
0.871309
0.871221
0.856861
0.873558
0.868188
0.870435
0.869922
0.869606
0.869197
0.876523
0.869393
0.869465
0.869496
0.863402
0.866075
0.865396
0.877242
0.873535
0.863264
0.871292
0.868506
0.866094
0.860231
0.868629
0.868089
0.871839
0.861597
0.870856
0.867569
0.873605
0.865968
0.866343
0.872525
0.87253
0.867047
0.872696
0.873498
0.863792
0.870333
0.865642
0.870588
0.871625
0.870738
0.872128
0.872146
0.874903
0.873914
0.87267
0.871866
0.871949
0.869311
0.874875
0.86841
0.865809
0.873438
0.865331
0.87253
0.871507
0.865979
0.864653
0.871882
0.874219
0.871773
0.865969
0.868257
0.864555
0.865498
0.871914
0.870196
0.861498
0.865749
0.870007
0.861866
0.867131
0.863435
0.872896
0.869745
0.867885
0.87225
0.870566
0.866135
0.862898
0.87067
0.872679
0.86499
0.875128
0.872317
0.866671
0.866111
0.87057
0.867952
0.872205
0.866908
0.867315
0.865768
0.872605
0.867418
0.875907
0.866429
0.870636
0.869092
0.870447
0.867297
0.866651
0.867298
0.873749
0.860292
0.873556
0.861714
0.876603
0.868013
0.868312
0.86452
0.864623
0.86486
0.870291
0.86092
0.869371
0.872961
0.868151
0.869685
0.87228
0.865286
0.867833
0.86684
0.873188
0.869802
0.861812
0.879445
0.872887
0.877469
0.86895
0.865326
0.877854
0.877663
0.857968
0.865864
0.878948
0.865999
0.872086
0.866659
0.866198
0.868704
0.866771
0.87328
0.869273
0.867145
0.860369
0.865322
0.87294
0.873433
0.876815
0.876819
0.868413
0.872178
0.862897
0.864182
0.865279
0.867426
0.866821
0.870669
0.859158
0.874198
0.867521
0.873142
0.863577
0.868437
0.864946
0.86701
0.866781
0.868173
0.867691
0.864056
0.86323
0.874889
0.861252
0.87481
0.87455
0.862106
0.875395
0.875162
0.874789
0.866613
0.864769
0.86771
0.871849
0.872633
0.869507
0.874095
0.868394
0.861439
0.870611
0.874049
0.868083
0.867615
0.873484
0.87022
0.865586
0.870908
0.874327
0.875458
0.871588
0.865185
0.871424
0.879617
0.869373
0.869156
0.871957
0.868361
0.878382
0.866558
0.876016
0.875075
0.872476
0.879481
0.870308
0.872762
0.872431
0.867675
0.869015
0.866506
0.871287
0.868792
0.865241
0.872208
0.853048
0.874766
0.866784
0.869961
0.869538
0.869686
0.862755
0.874455
0.85371
0.866709
0.87147
0.866213
0.866041
0.864239
0.864965
0.870388
0.869023
0.862834
0.873491
0.876007
0.864616
0.867932
0.865908
0.869098
0.872096
0.86648
0.867516
0.864811
0.858119
0.872527
0.86871
0.860814
0.874025
0.873778
0.86973
0.869044
0.87414
0.864101
0.869499
0.871663
0.866355
0.876443
0.877925
0.871875
0.869096
0.873388
0.869734
0.872126
0.871769
0.866164
0.875114
0.868905
0.868495
0.86943
0.870259
0.868768
0.870344
0.866279
0.872176
0.871098
0.87274
0.871485
0.862539
0.869401
0.869918
0.868784
0.874749
0.865858
0.869599
0.864475
0.869367
0.868942
0.87558
0.872716
0.859362
0.864531
0.864077
0.870992
0.869054
0.869841
0.875763
0.865285
0.876246
0.865965
0.871711
0.861884
0.874455
0.87029
0.862258
0.873698
0.870941
0.875866
0.864923
0.87428
0.873256
0.877152
0.867643
0.866248
0.873956
0.869281
0.865602
0.866221
0.870292
0.864444
0.872455
0.871074
0.873301
0.868373
0.874675
0.867871
0.878827
0.866818
0.874423
0.861043
0.871829
0.866748
0.867201
0.867431
0.868516
0.873422
0.868725
0.867726
0.87529
0.875104
0.865652
0.872122
0.871348
0.866478
0.871173
0.868216
0.876385
0.87058
0.870467
0.86707
0.870733
0.870646
0.872211
0.871037
0.870787
0.870891
0.862109
0.869788
0.871998
0.867092
0.872246
0.869553
0.87161
0.867952
0.87038
0.875076
0.867324
0.873003
0.867899
0.87572
0.874561
0.868828
0.860565
0.867466
0.872682
0.867808
0.878236
0.87158
0.873227
0.877557
0.879897
0.872832
0.867954
0.868638
0.87107
0.873643
0.866268
0.86883
0.869389
0.86304
0.868184
0.867379
0.864262
0.867628
0.864595
0.866803
0.870974
0.867964
0.871251
0.869025
0.865223
0.879344
0.874487
0.869066
0.872292
0.862599
0.868238
0.864287
0.869624
0.87983
0.860486
0.860339
0.869091
0.875828
0.868747
0.861888
0.867958
0.869449
0.871721
0.864012
0.86143
0.87691
0.866745
0.86759
0.865307
0.860893
0.863361
0.860876
0.873302
0.864569
0.868143
0.866554
0.867738
0.877771
0.870253
0.872166
0.864466
0.87174
0.85825
0.874846
0.867682
0.865207
0.86833
0.871017
0.877828
0.870259
0.863158
0.86739
0.857048
0.8592
0.865597
0.864714
0.870347
0.877754
0.867705
0.869958
0.864667
0.872554
0.865646
0.866763
0.862813
0.866263
0.868544
0.864862
0.874316
0.877007
0.869432
0.87289
0.867897
0.86808
0.87888
0.867847
0.861613
0.864861
0.864938
0.865691
0.867949
0.866514
0.866401
0.871195
0.87797
0.862625
0.866125
0.869566
0.860945
0.860142
0.866148
0.872402
0.867263
0.871559
0.861242
0.866562
0.874518
0.864142
0.866596
0.864459
0.867935
0.869464
0.865223
0.874867
0.870624
0.867004
0.865453
0.869172
0.866606
0.86466
0.873916
0.875372
0.872504
0.870385
0.86571
0.863814
0.873
0.863212
0.87003
0.867513
0.878818
0.867074
0.864974
0.864554
0.873827
0.877435
0.864462
0.877196
0.880173
0.864593
0.865766
0.867659
0.869325
0.869117
0.869986
0.867023
0.870427
0.869744
0.865528
0.869734
0.872448
0.872558
0.870384
0.868549
0.863125
0.87711
0.867399
0.857608
0.869922
0.866444
0.873116
0.870942
0.868946
0.873277
0.869827
0.870608
0.868037
0.869557
0.871795
0.87431
0.864603
0.873935
0.862052
0.865946
0.874625
0.868339
0.865406
0.873201
0.870913
0.874071
0.876892
0.859525
0.865201
0.8647
0.872848
0.865306
0.866622
0.863592
0.8656
0.873532
0.870731
0.861023
0.867972
0.863007
0.865909
0.868617
0.866704
0.869551
0.867097
0.875495
0.873858
0.869285
0.871897
0.867217
0.860999
0.869558
0.874673
0.867504
0.865529
0.865885
0.866223
0.874248
0.871998
0.858715
0.858476
0.862331
0.866669
0.867414
0.871863
0.878323
0.863132
0.866101
0.871943
0.872219
0.866096
0.866718
0.872828
0.873183
0.871963
0.866719
0.864191
0.868823
0.869338
0.868413
0.868404
0.872499
0.866058
0.878378
0.866577
0.869148
0.864801
0.878243
0.869625
0.870951
0.866364
0.859191
0.87182
0.867872
0.865776
0.875789
0.864233
0.875807
0.862982
0.867461
0.856175
0.874481
0.867693
0.867639
0.867096
0.869018
0.868021
0.867509
0.863784
0.871405
0.867776
0.871427
0.869367
0.871079
0.867777
0.868897
0.865585
0.868937
0.867359
0.872107
0.871753
0.872875
0.86652
0.863512
0.866218
0.859004
0.867407
0.867754
0.874489
0.864993
0.875558
0.873863
0.867411
0.869134
0.875453
0.870549
0.871332
0.869761
0.861479
0.87278
0.867918
0.866572
0.865372
0.86239
0.871544
0.870281
0.865517
0.872351
0.87509
0.861801
0.868656
0.876254
0.872731
0.86582
0.871207
0.875866
0.876982
0.865535
0.873518
0.870424
0.869404
0.872417
0.866747
0.872028
0.868111
0.874526
0.865008
0.871228
0.865236
0.87715
0.861554
0.873041
0.866888
0.876301
0.869225
0.861935
0.863297
0.865718
0.870008
0.866567
0.868771
0.863833
0.867047
0.867509
0.866664
0.865395
0.86838
0.876442
0.871144
0.867032
0.866684
0.868369
0.878266
0.868803
0.870852
0.872874
0.863485
0.871241
0.878483
0.87345
0.874243
0.858108
0.868766
0.863673
0.878923
0.873956
0.870827
0.872309
0.872529
0.865984
0.878955
0.867527
0.872833
0.875528
0.864805
0.876367
0.871992
0.866777
0.865018
0.876659
0.874347
0.865821
0.86533
0.865124
0.870281
0.875692
0.870225
0.86588
0.870252
0.874467
0.871875
0.869848
0.867915
0.878229
0.87141
0.86115
0.872634
0.866279
0.866936
0.868515
0.87298
0.873929
0.86928
0.874107
0.872515
0.872297
0.867848
0.869565
0.866123
0.875412
0.869552
0.864328
0.877741
0.869515
0.874254
0.871305
0.870039
0.869398
0.875625
0.8655
0.864423
0.868357
0.868629
0.865913
0.869419
0.870875
0.874833
0.872002
0.872258
0.870315
0.869397
0.869984
0.866565
0.869812
0.878224
0.867805
0.868143
0.867466
0.870698
0.868307
0.869954
0.880285
0.875291
0.870394
0.870063
0.868359
0.870568
0.878827
0.871341
0.868313
0.873822
0.864045
0.87399
0.875497
0.864724
0.868349
0.872455
0.865909
0.86456
0.866325
0.867236
0.870341
0.861198
0.874174
0.871874
0.861913
0.874405
0.867858
0.866916
0.864112
0.87082
0.87304
0.871836
0.866446
0.863716
0.883161
0.870126
0.867028
0.868224
0.867662
0.877186
0.86786
0.860678
0.868516
0.868435
0.871428
0.869669
0.872517
0.862386
0.873429
0.872108
0.870341
0.880252
0.861931
0.857898
0.871757
0.874208
0.870904
0.863328
0.869823
0.86753
0.866344
0.863848
0.869859
0.87188
0.868305
0.875658
0.864448
0.867817
0.86776
0.867194
0.867498
0.866703
0.867713
0.867266
0.864632
0.872264
0.870019
0.870375
0.862735
0.868935
0.865989
0.878253
0.873463
0.874381
0.874669
0.869717
0.869756
0.86804
0.860736
0.866868
0.869266
0.866408
0.869197
0.873293
0.867867
0.870853
0.861664
0.875994
0.871119
0.871849
0.873673
0.864701
0.861931
0.873907
0.868634
0.866461
0.866268
0.869545
0.870624
0.865963
0.872923
0.867087
0.870015
0.871187
0.867213
0.869665
0.871173
0.865434
0.866095
0.866586
0.86643
0.869264
0.869201
0.866336
0.863838
0.868014
0.861137
0.870827
0.871745
0.868698
0.871062
0.872726
0.862716
0.873195
0.865915
0.866545
0.872497
0.876801
0.869015
0.86859
0.857602
0.860321
0.869704
0.864518
0.871575
0.870368
0.874958
0.864949
0.865158
0.866105
0.867016
0.871533
0.867324
0.87088
0.867608
0.862762
0.874315
0.869999
0.870249
0.867096
0.865015
0.869382
0.864042
0.870303
0.861517
0.873394
0.869268
0.873353
0.878382
0.868157
0.8703
0.866875
0.876038
0.873026
0.873835
0.870793
0.86979
0.872121
0.881025
0.870017
0.872493
0.874545
0.873486
0.868604
0.87488
0.871688
0.867594
0.871352
0.866863
0.870241
0.871569
0.869845
0.868737
0.875247
0.870904
0.862629
0.874063
0.862491
0.862462
0.88507
0.867177
0.863886
0.874041
0.865897
0.867656
0.871564
0.87208
0.865587
0.874694
0.874326
0.868305
0.868617
0.875122
0.869993
0.869337
0.869227
0.868604
0.871983
0.872554
0.870028
0.870801
0.869923
0.865837
0.862091
0.864399
0.86827
0.874545
0.876661
0.869942
0.869487
0.864708
0.876811
0.863684
0.871824
0.861883
0.869945
0.872765
0.867686
0.866627
0.862138
0.870362
0.868226
0.869071
0.873197
0.86412
0.86957
0.867067
0.868377
0.867539
0.871078
0.867744
0.875804
0.870079
0.868997
0.869249
0.860702
0.873296
0.864225
0.86509
0.868359
0.868623
0.879667
0.864301
0.867429
0.87717
0.868992
0.870352
0.866426
0.870464
0.874849
0.865841
0.869563
0.875253
0.862298
0.862558
0.870226
0.876882
0.870714
0.866267
0.866265
0.862458
0.867438
0.864477
0.868822
0.864827
0.868961
0.87115
0.875713
0.862421
0.8616
0.870379
0.870133
0.872605
0.873794
0.862883
0.866715
0.861207
0.868301
0.86076
0.875747
0.865213
0.865499
0.862661
0.870787
0.86814
0.86793
0.875873
0.877752
0.867127
0.875535
0.864776
0.863498
0.868131
0.86305
0.870441
0.872078
0.871974
0.865988
0.868608
0.874868
0.868381
0.870894
0.874827
0.869559
0.867617
0.864526
0.8734
0.871855
0.864836
0.866151
0.861055
0.870777
0.871476
0.861751
0.858201
0.871675
0.870185
0.874906
0.869633
0.871411
0.870185
0.872752
0.869328
0.862374
0.870911
0.868832
0.860729
0.869789
0.867631
0.870216
0.873014
0.862142
0.871699
0.865861
0.869495
0.865156
0.869034
0.872052
0.872299
0.867207
0.877368
0.873441
0.867164
0.863972
0.863543
0.862014
0.873917
0.86144
0.876709
0.869474
0.861792
0.862412
0.871882
0.869707
0.874539
0.870218
0.861653
0.869837
0.866377
0.8727
0.862589
0.873605
0.863659
0.862426
0.862626
0.870639
0.859893
0.870546
0.863989
0.866983
0.875002
0.868882
0.868317
0.870727
0.874056
0.87145
0.866392
0.870316
0.865172
0.856845
0.872117
0.870476
0.879643
0.868523
0.870921
0.87958
0.870578
0.864244
0.869977
0.868113
0.86805
0.870859
0.870042
0.87174
0.869115
0.872075
0.871076
0.870139
0.864402
0.870186
0.868091
0.87487
0.859631
0.870895
0.869371
0.865137
0.873008
0.869894
0.870247
0.865556
0.874356
0.866245
0.868798
0.858604
0.862893
0.876122
0.871339
0.864519
0.865163
0.871086
0.870764
0.864892
0.868913
0.86841
0.875136
0.865034
0.876482
0.863788
0.870244
0.863232
0.86815
0.873345
0.869329
0.869756
0.866388
0.874372
0.872178
0.869927
0.867197
0.870531
0.870516
0.872953
0.865636
0.867921
0.869044
0.870682
0.867728
0.874734
0.865342
0.87711
0.86601
0.869405
0.867943
0.872478
0.861465
0.870175
0.862796
0.867811
0.869112
0.869815
0.870376
0.868716
0.867688
0.871236
0.867025
0.867821
0.875514
0.870304
0.866635
0.865145
0.873832
0.87014
0.870108
0.876014
0.87782
0.87407
0.871615
0.86708
0.864697
0.865837
0.876487
0.872902
0.872886
0.865106
0.875158
0.866583
0.866175
0.87032
0.868207
0.871033
0.868054
0.87367
0.862984
0.875632
0.872507
0.869413
0.873349
0.870085
0.863392
0.861833
0.872619
0.8674
0.867147
0.866539
0.862507
0.86972
0.872982
0.872604
0.872379
0.86886
0.869191
0.872783
0.868485
0.862923
0.861791
0.862544
0.872332
0.870621
0.87406
0.862855
0.87497
0.864598
0.865064
0.871317
0.856977
0.872515
0.87224
0.864666
0.87364
0.871974
0.874584
0.859526
0.871116
0.867438
0.872691
0.871606
0.869413
0.872705
0.872949
0.864889
0.864166
0.872242
0.86985
0.869793
0.865896
0.873198
0.871474
0.864417
0.868587
0.867104
0.871004
0.870587
0.870272
0.873267
0.860785
0.866998
0.868184
0.874237
0.866943
0.870199
0.857989
0.867058
0.86407
0.871921
0.875418
0.872135
0.86728
0.862643
0.871781
0.875172
0.863353
0.868697
0.867734
0.864378
0.867762
0.865281
0.871468
0.871254
0.858599
0.868004
0.868637
0.870021
0.872683
0.868271
0.868624
0.877731
0.867441
0.868907
0.863606
0.861468
0.869546
0.862277
0.87535
0.868997
0.871056
0.876061
0.8698
0.868361
0.865023
0.865444
0.863389
0.867461
0.867256
0.864213
0.867909
0.866818
0.863996
0.864832
0.868632
0.862283
0.870279
0.882272
0.864791
0.868839
0.866847
0.867359
0.868778
0.866523
0.872419
0.875977
0.869269
0.87188
0.880374
0.866213
0.863529
0.864042
0.869599
0.863183
0.868561
0.87255
0.869297
0.858045
0.867032
0.872149
0.869706
0.86294
0.869245
0.86947
0.859028
0.861948
0.864781
0.871238
0.864314
0.865354
0.858613
0.863769
0.866439
0.87005
0.867719
0.871554
0.869597
0.870418
0.867402
0.875459
0.869762
0.866908
0.870527
0.867151
0.868123
0.873849
0.868099
0.865719
0.866194
0.86874
0.874386
0.870306
0.866231
0.863278
0.873831
0.861999
0.868838
0.874238
0.869396
0.874118
0.86529
0.870688
0.874534
0.871197
0.871744
0.873837
0.872309
0.872349
0.870457
0.874869
0.870286
0.86989
0.875973
0.867396
0.875316
0.870602
0.874045
0.869822
0.867215
0.876777
0.871352
0.870199
0.857886
0.874883
0.870627
0.860491
0.864308
0.870747
0.868343
0.866452
0.866545
0.869371
0.865926
0.871639
0.869424
0.869472
0.874117
0.872904
0.867069
0.866348
0.860986
0.858264
0.870412
0.870186
0.869438
0.863011
0.869326
0.864338
0.870341
0.869337
0.866065
0.875087
0.865291
0.86741
0.868333
0.871079
0.865145
0.869477
0.867265
0.86706
0.868787
0.867668
0.862661
0.8595
0.875705
0.869423
0.867374
0.861157
0.873731
0.870094
0.883129
0.858017
0.865774
0.867355
0.857447
0.861407
0.873162
0.868256
0.87152
0.872351
0.869077
0.867984
0.868404
0.875964
0.868505
0.869773
0.866732
0.876529
0.867159
0.862895
0.865857
0.86937
0.873388
0.870479
0.870696
0.872601
0.866438
0.873002
0.872351
0.867888
0.864734
0.872088
0.868398
0.874058
0.862701
0.87921
0.867926
0.868503
0.871872
0.869676
0.87006
0.86616
0.872009
0.876575
0.860309
0.870929
0.868369
0.870654
0.856633
0.869661
0.865029
0.861711
0.86886
0.872604
0.877441
0.871225
0.869008
0.8664
0.868031
0.87296
0.87175
0.872394
0.866132
0.864495
0.871928
0.86123
0.86715
0.871314
0.873615
0.877139
0.870712
0.86585
0.86994
0.865291
0.865811
0.871299
0.872525
0.874007
0.868921
0.876725
0.876311
0.869515
0.866888
0.869643
0.864297
0.862261
0.861609
0.868866
0.870236
0.866458
0.87073
0.861101
0.864258
0.874172
0.875067
0.866736
0.869093
0.868788
0.869961
0.866174
0.872311
0.866605
0.876392
0.868785
0.870544
0.873951
0.871292
0.868987
0.866784
0.865459
0.860788
0.873619
0.867388
0.870273
0.869534
0.872977
0.876191
0.865057
0.874701
0.868534
0.869211
0.867394
0.87382
0.873317
0.875981
0.869605
0.866046
0.868173
0.869401
0.873534
0.871415
0.870853
0.8757
0.867408
0.871186
0.863235
0.870838
0.873695
0.871164
0.866512
0.866781
0.869624
0.863744
0.868337
0.867271
0.868693
0.864733
0.868747
0.86272
0.870247
0.871027
0.877754
0.868097
0.866772
0.863932
0.873168
0.863124
0.871287
0.873597
0.86509
0.873328
0.869485
0.863516
0.865918
0.866322
0.868382
0.86738
0.871528
0.863069
0.87249
0.871921
0.868288
0.867547
0.868938
0.867822
0.86718
0.871071
0.872344
0.866973
0.868321
0.868945
0.876733
0.868906
0.871985
0.863096
0.869776
0.871583
0.867552
0.873413
0.866322
0.867647
0.865746
0.856956
0.868762
0.875541
0.862957
0.866862
0.870111
0.869492
0.86419
0.866406
0.872682
0.867747
0.870715
0.872148
0.866648
0.866227
0.876159
0.871025
0.879311
0.870277
0.873982
0.870386
0.874974
0.864254
0.861992
0.87225
0.865446
0.871599
0.870171
0.869812
0.873641
0.865727
0.867076
0.865285
0.864518
0.87094
0.858972
0.86935
0.866303
0.866608
0.872073
0.872827
0.872608
0.875503
0.871986
0.869904
0.873851
0.863395
0.873455
0.866787
0.868871
0.867913
0.867202
0.871114
0.870305
0.865934
0.870692
0.874945
0.878515
0.870665
0.865307
0.868585
0.876962
0.869314
0.864704
0.866977
0.866256
0.86933
0.876263
0.874644
0.863258
0.871634
0.864569
0.866911
0.872531
0.867109
0.868175
0.871395
0.871626
0.867002
0.866583
0.875709
0.871762
0.871795
0.86718
0.868801
0.869893
0.875313
0.86969
0.863088
0.877112
0.867994
0.872706
0.864118
0.87515
0.87568
0.866492
0.872047
0.864652
0.872548
0.872832
0.870791
0.870905
0.866121
0.862723
0.871635
0.874453
0.869984
0.862931
0.868952
0.869432
0.863526
0.865465
0.873721
0.865501
0.868945
0.86875
0.864226
0.869765
0.867121
0.865758
0.871174
0.870199
0.875619
0.867571
0.860245
0.874599
0.869069
0.876842
0.874333
0.864737
0.868651
0.869915
0.871388
0.86952
0.868437
0.868761
0.877765
0.860605
0.866134
0.869784
0.873119
0.868673
0.868601
0.868137
0.871886
0.8692
0.872605
0.865707
0.869086
0.863497
0.870559
0.865739
0.862969
0.869453
0.871129
0.861768
0.880388
0.872098
0.871383
0.866777
0.871707
0.868103
0.875697
0.864295
0.870984
0.865311
0.864481
0.875
0.872782
0.870542
0.86657
0.868777
0.869041
0.87019
0.874556
0.868318
0.866493
0.867192
0.866335
0.874823
0.875601
0.870011
0.864165
0.863177
0.868952
0.873424
0.862642
0.868698
0.872034
0.877516
0.874719
0.872892
0.86325
0.873824
0.867274
0.864269
0.864387
0.86533
0.867962
0.864442
0.872979
0.866615
0.860653
0.863145
0.868655
0.869328
0.87076
0.867275
0.865364
0.869061
0.872536
0.869561
0.869104
0.871559
0.863052
0.876299
0.863459
0.871127
0.876876
0.869112
0.874779
0.875591
0.867964
0.868916
0.867284
0.869672
0.866609
0.870637
0.870338
0.875926
0.874496
0.864002
0.85967
0.868443
0.865696
0.87081
0.866422
0.871601
0.867344
0.868619
0.867187
0.87176
0.880255
0.86584
0.871709
0.87265
0.869218
0.867665
0.872547
0.866461
0.870486
0.873689
0.874036
0.871551
0.869631
0.876483
0.859016
0.872663
0.867705
0.876087
0.865559
0.870979
0.864138
0.875501
0.87138
0.866164
0.869188
0.86555
0.866372
0.882154
0.870835
0.871299
0.867536
0.871115
0.874789
0.87121
0.873115
0.870802
0.86883
0.867926
0.875039
0.868853
0.871835
0.869996
0.864428
0.87286
0.865672
0.871311
0.873729
0.867662
0.865419
0.867281
0.866339
0.871506
0.868719
0.867677
0.86901
0.863009
0.871213
0.865661
0.863212
0.866371
0.868325
0.869846
0.869783
0.874138
0.869935
0.872555
0.87624
0.866399
0.867615
0.865705
0.875107
0.868071
0.861037
0.872549
0.862204
0.870028
0.870587
0.875436
0.866472
0.863805
0.865943
0.870179
0.871333
0.869828
0.871203
0.866174
0.859454
0.878244
0.871529
0.871601
0.872261
0.862976
0.873719
0.867188
0.857615
0.868688
0.864103
0.870411
0.86872
0.877002
0.867513
0.867872
0.877864
0.871571
0.869224
0.87283
0.870155
0.869094
0.869932
0.874156
0.870247
0.867124
0.857461
0.879347
0.872715
0.866884
0.876524
0.87023
0.876906
0.867501
0.868008
0.868535
0.870038
0.866566
0.861854
0.864756
0.86513
0.878441
0.877612
0.871931
0.872086
0.868505
0.862714
0.871216
0.868183
0.873126
0.871572
0.867011
0.866703
0.883095
0.873194
0.870857
0.868795
0.860758
0.867621
0.869833
0.870223
0.865525
0.87364
0.869895
0.869844
0.872894
0.873792
0.874522
0.864592
0.870737
0.868923
0.863712
0.8638
0.873029
0.868858
0.868832
0.870833
0.867637
0.86823
0.868774
0.874329
0.870567
0.864519
0.870794
0.86434
0.868008
0.874477
0.866692
0.86903
0.87008
0.869546
0.866488
0.86278
0.862743
0.865001
0.866781
0.870182
0.871347
0.8695
0.865431
0.864382
0.876782
0.857474
0.867999
0.868633
0.872283
0.875539
0.871463
0.868192
0.868972
0.87219
0.864073
0.864199
0.868633
0.869576
0.863087
0.862137
0.868415
0.873839
0.871598
0.859397
0.867242
0.874714
0.870511
0.869286
0.866519
0.86377
0.874131
0.865263
0.869844
0.860995
0.874532
0.869145
0.866716
0.867565
0.868453
0.856279
0.865033
0.869595
0.870655
0.869611
0.863954
0.864776
0.872518
0.874603
0.866903
0.874564
0.856248
0.869974
0.868946
0.877766
0.874477
0.866752
0.866103
0.865843
0.86611
0.871043
0.865347
0.865279
0.865997
0.872948
0.870598
0.871433
0.867058
0.870003
0.866105
0.870551
0.86705
0.874301
0.874966
0.862305
0.868006
0.869598
0.876747
0.868342
0.866364
0.867794
0.867636
0.875601
0.875754
0.862187
0.865779
0.871637
0.865857
0.870339
0.864851
0.87153
0.861426
0.864858
0.874834
0.870079
0.864655
0.874062
0.873312
0.87536
0.865722
0.869346
0.870435
0.866516
0.880854
0.869455
0.864898
0.862572
0.867575
0.870596
0.8662
0.865476
0.861265
0.862976
0.87013
0.872956
0.866923
0.873735
0.866812
0.868293
0.873868
0.87333
0.876539
0.865295
0.866535
0.874371
0.870854
0.869801
0.8749
0.867762
0.873408
0.865655
0.864586
0.865803
0.867663
0.867431
0.866574
0.867195
0.868744
0.875061
0.868866
0.872626
0.861556
0.873754
0.86965
0.870384
0.872811
0.869939
0.870405
0.867163
0.863994
0.870356
0.867727
0.871067
0.872134
0.873116
0.870412
0.869373
0.87197
0.871318
0.865815
0.869926
0.879529
0.872951
0.869186
0.868072
0.868489
0.86367
0.866434
0.871356
0.863572
0.868758
0.870541
0.860446
0.870634
0.861637
0.870913
0.87057
0.868378
0.866396
0.873086
0.875676
0.867607
0.871006
0.864117
0.865136
0.870156
0.867103
0.871276
0.871675
0.867518
0.872254
0.863225
0.870657
0.877396
0.870284
0.865427
0.864195
0.873074
0.86374
0.870397
0.873175
0.868487
0.876751
0.873974
0.871128
0.863676
0.872984
0.868865
0.86969
0.86915
0.869641
0.860848
0.871729
0.87108
0.871358
0.864795
0.877562
0.868973
0.869246
0.86311
0.865827
0.872908
0.866116
0.872163
0.872618
0.865162
0.8697
0.875216
0.868405
0.875564
0.870676
0.863016
0.872154
0.870752
0.875997
0.87441
0.873063
0.871737
0.869815
0.869914
0.864392
0.870184
0.869795
0.863225
0.87289
0.864956
0.865408
0.859804
0.874682
0.869544
0.87587
0.866206
0.869976
0.865145
0.868552
0.869884
0.875062
0.870628
0.865392
0.868896
0.873645
0.866609
0.86496
0.864843
0.862185
0.85888
0.863562
0.869212
0.863192
0.869092
0.869768
0.871232
0.870984
0.869856
0.87335
0.864945
0.862327
0.86254
0.863549
0.870704
0.864762
0.874592
0.869821
0.863775
0.872551
0.871553
0.867844
0.87159
0.87272
0.871035
0.868059
0.87363
0.870602
0.866163
0.867399
0.873254
0.874937
0.872554
0.864678
0.87626
0.869702
0.875659
0.868633
0.872312
0.872593
0.87089
0.87734
0.870626
0.873649
0.865674
0.871198
0.865134
0.86605
0.866562
0.87849
0.863533
0.870787
0.875619
0.867993
0.864691
0.874881
0.873892
0.864287
0.870913
0.873785
0.865238
0.871684
0.861177
0.87611
0.868946
0.87021
0.868593
0.863952
0.868839
0.879141
0.874429
0.869913
0.871901
0.872775
0.878102
0.86057
0.865077
0.868377
0.867096
0.865818
0.875707
0.870097
0.859745
0.861988
0.878516
0.864968
0.86925
0.867307
0.868597
0.865664
0.867334
0.867137
0.874176
0.858924
0.861962
0.867741
0.869187
0.869338
0.868135
0.878915
0.865111
0.867266
0.874169
0.866731
0.863182
0.869796
0.865401
0.862574
0.879447
0.87296
0.869096
0.864427
0.866064
0.876018
0.873733
0.867015
0.870773
0.870018
0.872758
0.869297
0.865409
0.869206
0.866205
0.877685
0.862597
0.868875
0.866307
0.864179
0.868115
0.86504
0.875373
0.872261
0.874997
0.87626
0.864943
0.86772
0.871582
0.876428
0.871387
0.869017
0.862525
0.862932
0.875543
0.868399
0.861753
0.872912
0.871324
0.870827
0.874187
0.875258
0.866631
0.870169
0.874332
0.870317
0.864064
0.872784
0.8702
0.867051
0.868302
0.865132
0.869808
0.866074
0.872713
0.869882
0.869793
0.861689
0.867392
0.864196
0.873525
0.87137
0.865704
0.875193
0.871729
0.87738
0.869113
0.858274
0.872194
0.864787
0.863597
0.861202
0.87409
0.864025
0.872098
0.869769
0.865908
0.872131
0.865875
0.867034
0.871566
0.869725
0.867655
0.873657
0.874819
0.874355
0.874666
0.86377
0.872043
0.875985
0.863392
0.867792
0.87863
0.864634
0.873014
0.863443
0.861794
0.866689
0.876108
0.870396
0.869816
0.867797
0.868147
0.869092
0.871608
0.871649
0.868446
0.877127
0.866215
0.867648
0.87773
0.876364
0.877102
0.862401
0.875373
0.87567
0.871487
0.87282
0.870912
0.861908
0.865601
0.866267
0.86877
0.875081
0.879015
0.867676
0.869269
0.864949
0.871639
0.87909
0.865371
0.870164
0.873121
0.865168
0.869657
0.868133
0.86693
0.876173
0.86704
0.859261
0.870944
0.879884
0.872201
0.866846
0.864998
0.864945
0.874098
0.867739
0.869417
0.874458
0.865718
0.867085
0.87011
0.867651
0.867799
0.864564
0.869328
0.874405
0.872918
0.868673
0.870472
0.864717
0.863711
0.868373
0.863317
0.871989
0.867689
0.866877
0.87191
0.874533
0.87165
0.868628
0.873661
0.866669
0.868572
0.864953
0.873239
0.873047
0.864713
0.872045
0.872799
0.867994
0.870033
0.870988
0.871665
0.871015
0.865864
0.865844
0.872523
0.864748
0.869811
0.872503
0.87085
0.871024
0.875868
0.877207
0.864643
0.867166
0.870221
0.866737
0.859885
0.873635
0.872484
0.869435
0.865814
0.879314
0.867156
0.860092
0.877046
0.858502
0.861983
0.872242
0.8723
0.872289
0.874848
0.865062
0.874274
0.863943
0.87719
0.866772
0.872985
0.864769
0.873288
0.870485
0.8641
0.871365
0.859195
0.866189
0.874891
0.878813
0.856617
0.868082
0.876482
0.868985
0.860552
0.865828
0.873166
0.869669
0.868355
0.869753
0.869309
0.864835
0.862543
0.87824
0.867789
0.868501
0.86818
0.870665
0.876212
0.870243
0.859152
0.871362
0.875427
0.873358
0.865851
0.87258
0.868322
0.866115
0.873219
0.875553
0.866503
0.868521
0.871735
0.874691
0.872328
0.870739
0.874365
0.869789
0.870594
0.867592
0.869363
0.876513
0.873806
0.867709
0.86941
0.87767
0.865512
0.867104
0.875088
0.871225
0.862546
0.870685
0.869521
0.871006
0.869738
0.868084
0.876199
0.866317
0.869056
0.863542
0.862095
0.872787
0.865704
0.858859
0.885408
0.869378
0.873088
0.865472
0.871628
0.872609
0.87436
0.871537
0.864901
0.864162
0.874132
0.869806
0.872389
0.86286
0.86407
0.867694
0.873614
0.86404
0.871363
0.86431
0.874211
0.860863
0.863984
0.867661
0.868533
0.864639
0.866013
0.867879
0.866255
0.873162
0.8699
0.876427
0.868351
0.861464
0.869217
0.867961
0.86554
0.874936
0.869911
0.862984
0.862266
0.869617
0.870684
0.870059
0.865125
0.871133
0.864882
0.872438
0.869846
0.867017
0.868131
0.869766
0.862679
0.869005
0.867094
0.8638
0.878175
0.868802
0.86213
0.867532
0.872183
0.867272
0.872253
0.873711
0.866712
0.863843
0.872186
0.869812
0.871412
0.869222
0.873925
0.875474
0.877728
0.861424
0.870897
0.878195
0.866313
0.87025
0.869987
0.871749
0.873178
0.872523
0.869566
0.869453
0.876176
0.876373
0.87659
0.864367
0.874332
0.867466
0.868891
0.870497
0.865242
0.874015
0.87138
0.871782
0.864836
0.868773
0.867665
0.867254
0.877311
0.86239
0.859192
0.867055
0.87091
0.878267
0.863636
0.867976
0.866683
0.873218
0.873853
0.862399
0.870329
0.867887
0.863265
0.872564
0.865903
0.871052
0.866577
0.868486
0.870147
0.871864
0.867576
0.871489
0.870032
0.868591
0.868471
0.860836
0.869215
0.867864
0.867282
0.866159
0.867706
0.864782
0.866462
0.865527
0.873023
0.876862
0.869715
0.860496
0.875407
0.86827
0.873161
0.873669
0.875732
0.875148
0.871446
0.870536
0.87138
0.861722
0.870691
0.869852
0.878405
0.86853
0.871665
0.868019
0.867895
0.868106
0.876379
0.867198
0.870542
0.861966
0.865872
0.870263
0.867428
0.862494
0.869389
0.872128
0.870916
0.865472
0.869202
0.870347
0.866864
0.865902
0.863548
0.866051
0.867555
0.864696
0.866869
0.871351
0.869961
0.867546
0.875039
0.86378
0.868688
0.865956
0.864548
0.871938
0.868695
0.868628
0.870727
0.863943
0.857907
0.871345
0.858265
0.864796
0.871143
0.86989
0.870332
0.863452
0.857179
0.864962
0.866045
0.866621
0.8719
0.871097
0.87065
0.859039
0.874553
0.873157
0.86512
0.86754
0.864373
0.87309
0.878013
0.865646
0.868325
0.865161
0.868754
0.870674
0.865601
0.871952
0.869917
0.872009
0.867969
0.856722
0.865628
0.871506
0.871501
0.874661
0.869025
0.875043
0.866594
0.870115
0.869705
0.871563
0.873146
0.866562
0.862364
0.870196
0.871775
0.869448
0.868075
0.861855
0.867035
0.867194
0.869304
0.873858
0.877293
0.867466
0.863094
0.870045
0.865776
0.870817
0.875059
0.867937
0.872782
0.871393
0.864125
0.861603
0.882787
0.855645
0.868663
0.872411
0.876993
0.87609
0.86049
0.868373
0.870631
0.871432
0.871015
0.866234
0.873019
0.86874
0.869214
0.861295
0.867005
0.878135
0.86759
0.868931
0.867943
0.865241
0.871226
0.87623
0.871698
0.867695
0.874295
0.876371
0.86772
0.868391
0.866822
0.865588
0.872256
0.869415
0.866035
0.870855
0.869503
0.87926
0.875916
0.861428
0.871788
0.870176
0.870497
0.87378
0.875135
0.867805
0.855152
0.866568
0.873917
0.868225
0.870449
0.872585
0.874012
0.868127
0.874478
0.873691
0.867639
0.871045
0.86253
0.864254
0.866345
0.863713
0.86335
0.871784
0.876156
0.867833
0.87206
0.870543
0.871292
0.867858
0.871285
0.86598
0.869336
0.863248
0.860278
0.873081
0.868013
0.867966
0.869065
0.871113
0.872751
0.869207
0.873603
0.870394
0.870214
0.872621
0.866799
0.874765
0.874774
0.866213
0.872457
0.864596
0.864165
0.874914
0.867271
0.870577
0.863584
0.87045
0.874103
0.871454
0.868658
0.868874
0.869898
0.873194
0.861684
0.872428
0.868885
0.866401
0.870176
0.870251
0.870509
0.864465
0.863784
0.867953
0.867643
0.866457
0.868282
0.868582
0.871439
0.864029
0.868923
0.870283
0.868536
0.872043
0.870385
0.864613
0.868859
0.867006
0.871858
0.8649
0.876808
0.870459
0.870643
0.868621
0.867009
0.862434
0.871655
0.877312
0.869329
0.880368
0.872131
0.867793
0.867209
0.866627
0.871303
0.873169
0.876357
0.866927
0.87349
0.87396
0.863355
0.865704
0.872421
0.866296
0.873952
0.878755
0.863532
0.87133
0.872029
0.869509
0.871021
0.864267
0.870969
0.863741
0.866708
0.865203
0.877159
0.872802
0.86497
0.873028
0.873746
0.857195
0.860606
0.872485
0.869888
0.858547
0.867728
0.864718
0.866134
0.872792
0.867174
0.872014
0.874417
0.864102
0.869696
0.861431
0.87279
0.869228
0.864261
0.865916
0.875153
0.863058
0.875147
0.867616
0.865889
0.868135
0.870967
0.86954
0.868759
0.868285
0.870968
0.859653
0.866238
0.87442
0.863634
0.873977
0.872716
0.869867
0.864209
0.866968
0.873734
0.864839
0.868636
0.866723
0.86237
0.862195
0.876739
0.877772
0.870664
0.864527
0.871034
0.870378
0.874234
0.871393
0.870556
0.868201
0.872105
0.868231
0.863068
0.865559
0.865857
0.871546
0.874204
0.874819
0.873099
0.870268
0.867331
0.869883
0.87373
0.872774
0.870879
0.86257
0.863366
0.870502
0.873112
0.87342
0.870794
0.869972
0.876902
0.869075
0.873224
0.869126
0.860324
0.858464
0.86755
0.864904
0.868051
0.870791
0.865223
0.864759
0.867945
0.872058
0.863846
0.873602
0.867288
0.87278
0.867635
0.862457
0.871967
0.87292
0.878075
0.86563
0.87022
0.869153
0.871156
0.861961
0.86791
0.871912
0.864944
0.866613
0.870344
0.873301
0.869726
0.86772
0.874108
0.865808
0.861366
0.867357
0.867769
0.876619
0.864722
0.875782
0.868313
0.871366
0.875029
0.873188
0.875475
0.868288
0.866601
0.87177
0.869302
0.865012
0.863539
0.866623
0.863334
0.865721
0.874443
0.87005
0.871781
0.868239
0.869151
0.860936
0.868756
0.869655
0.868113
0.867635
0.865821
0.875083
0.866277
0.871346
0.864049
0.866444
0.878508
0.874346
0.871458
0.86812
0.868051
0.858816
0.875628
0.870314
0.868988
0.870369
0.864687
0.862655
0.870274
0.874843
0.870357
0.871953
0.87076
0.865953
0.863232
0.869774
0.865919
0.867887
0.870421
0.865622
0.873027
0.864848
0.868791
0.867006
0.869331
0.873841
0.865186
0.862281
0.869268
0.871469
0.874877
0.858066
0.867788
0.865876
0.868958
0.869859
0.866434
0.87166
0.86198
0.865501
0.870905
0.864198
0.866793
0.876615
0.866396
0.863076
0.875882
0.861815
0.863774
0.872064
0.867721
0.870435
0.870861
0.867245
0.861257
0.872138
0.857692
0.865854
0.874351
0.874124
0.870262
0.86561
0.868461
0.86575
0.858244
0.871389
0.867072
0.86996
0.870631
0.872265
0.86813
0.863108
0.862923
0.857374
0.87199
0.869319
0.874183
0.871589
0.877232
0.866511
0.870909
0.872471
0.8729
0.862107
0.870606
0.866247
0.875109
0.861331
0.86329
0.875806
0.8629
0.872806
0.866875
0.87388
0.872245
0.868565
0.865359
0.86504
0.871246
0.868361
0.860899
0.865514
0.866708
0.867208
0.869371
0.864296
0.875131
0.873696
0.869566
0.879945
0.866993
0.863697
0.872138
0.872596
0.865683
0.866816
0.864543
0.874897
0.870544
0.865644
0.869441
0.867678
0.870797
0.877223
0.866779
0.868426
0.866239
0.863845
0.868952
0.863047
0.867315
0.872905
0.867663
0.868348
0.861357
0.870389
0.874377
0.873765
0.869951
0.873469
0.865347
0.869707
0.871663
0.871845
0.865877
0.873339
0.867031
0.873275
0.868135
0.874542
0.87428
0.874115
0.868021
0.869642
0.867424
0.867373
0.863765
0.871144
0.862431
0.868839
0.868171
0.86158
0.868907
0.871451
0.876121
0.87583
0.873515
0.867387
0.869658
0.867938
0.864334
0.873827
0.8664
0.867071
0.865985
0.867529
0.864811
0.867087
0.862401
0.86263
0.859978
0.874352
0.87143
0.870272
0.863863
0.874575
0.863277
0.862335
0.865313
0.870952
0.861579
0.874045
0.867127
0.86667
0.87437
0.861037
0.866722
0.872337
0.86593
0.863263
0.875799
0.86697
0.870443
0.864412
0.868341
0.859182
0.864348
0.87073
0.87146
0.869534
0.866117
0.861073
0.864822
0.869435
0.865673
0.861989
0.866573
0.883316
0.865311
0.862471
0.868112
0.868045
0.865351
0.873919
0.870276
0.875972
0.871723
0.874363
0.859616
0.873931
0.870166
0.866398
0.87054
0.870133
0.862948
0.863514
0.865386
0.868538
0.864079
0.872086
0.868357
0.86195
0.873495
0.871345
0.863789
0.873032
0.871215
0.864511
0.870513
0.868782
0.870426
0.862152
0.856405
0.863203
0.865051
0.865458
0.867794
0.866577
0.871016
0.862134
0.875426
0.865804
0.866544
0.866185
0.876817
0.863191
0.873438
0.871516
0.874943
0.869484
0.870733
0.872832
0.87279
0.868765
0.871904
0.866455
0.867573
0.877854
0.869197
0.861789
0.866593
0.867969
0.865019
0.869196
0.876794
0.870423
0.868565
0.870298
0.874836
0.874644
0.875508
0.863854
0.869548
0.876792
0.869894
0.871011
0.877458
0.867475
0.86844
0.869965
0.86534
0.876674
0.863022
0.870017
0.86854
0.867122
0.872201
0.871469
0.865537
0.869598
0.864362
0.860278
0.86929
0.867837
0.864699
0.873197
0.871044
0.874709
0.86706
0.878343
0.876804
0.876887
0.865816
0.862532
0.870159
0.867301
0.866689
0.875164
0.884544
0.862123
0.870427
0.862812
0.870637
0.873639
0.873329
0.864831
0.867444
0.867186
0.864698
0.869819
0.868057
0.861064
0.86812
0.869671
0.867353
0.870282
0.867826
0.870153
0.864907
0.8721
0.866033
0.86651
0.869061
0.874069
0.870689
0.87511
0.869171
0.874086
0.863575
0.869184
0.866774
0.858847
0.867212
0.874454
0.874843
0.867217
0.868645
0.872709
0.872807
0.874476
0.861674
0.873974
0.867645
0.868344
0.876929
0.870668
0.865488
0.870897
0.867211
0.869787
0.872688
0.875524
0.872791
0.871851
0.863649
0.870941
0.874577
0.870369
0.870746
0.871547
0.873649
0.875369
0.867117
0.869541
0.875529
0.870065
0.866788
0.862826
0.870423
0.868956
0.872474
0.869459
0.870378
0.879059
0.868659
0.868461
0.869423
0.870465
0.867102
0.860202
0.873487
0.874755
0.878451
0.865334
0.871776
0.863759
0.867051
0.867577
0.869431
0.869237
0.871043
0.873484
0.863853
0.873638
0.877699
0.870271
0.873152
0.873855
0.867753
0.865243
0.870492
0.86549
0.870237
0.868093
0.864197
0.864082
0.859028
0.866602
0.874832
0.863764
0.869222
0.863736
0.862134
0.869857
0.866173
0.860142
0.866163
0.865555
0.870043
0.865639
0.865546
0.870965
0.873157
0.860736
0.871121
0.88106
0.865021
0.871421
0.865571
0.872666
0.86433
0.874909
0.869371
0.862031
0.872729
0.869211
0.868756
0.868441
0.867942
0.864557
0.868729
0.873727
0.862695
0.862922
0.868058
0.873088
0.86947
0.867922
0.861797
0.8729
0.865857
0.867861
0.867445
0.871196
0.865168
0.867683
0.871041
0.866344
0.867334
0.869743
0.872634
0.87203
0.864618
0.868618
0.871653
0.868921
0.864497
0.874733
0.87025
0.858038
0.866895
0.862002
0.870473
0.86539
0.870327
0.874266
0.859885
0.873866
0.870178
0.871882
0.874147
0.874104
0.873235
0.872085
0.874195
0.873862
0.875776
0.867199
0.866748
0.871318
0.859432
0.872833
0.864214
0.860017
0.871744
0.869634
0.876318
0.860767
0.865198
0.866392
0.871001
0.870043
0.866854
0.868621
0.866446
0.87044
0.867934
0.863102
0.873283
0.868852
0.864752
0.874203
0.872255
0.871887
0.865308
0.864642
0.862244
0.871694
0.871627
0.866121
0.871556
0.871908
0.867421
0.866247
0.870282
0.870059
0.862039
0.8712
0.868168
0.87376
0.86703
0.871435
0.866185
0.876524
0.877548
0.866158
0.875835
0.872954
0.874567
0.872216
0.869377
0.877361
0.868404
0.860669
0.870629
0.862202
0.868915
0.871216
0.868295
0.875189
0.872086
0.864102
0.870637
0.870936
0.875757
0.868674
0.867622
0.867861
0.870157
0.868819
0.868558
0.869359
0.871052
0.868447
0.860285
0.873956
0.866704
0.877509
0.866912
0.870156
0.865605
0.873239
0.872649
0.872646
0.867076
0.861511
0.873053
0.867033
0.876206
0.871535
0.875636
0.860233
0.866852
0.863628
0.86927
0.8693
0.867764
0.86964
0.868703
0.867548
0.864757
0.877459
0.867151
0.865794
0.873617
0.874839
0.871138
0.865282
0.866938
0.868226
0.873096
0.865392
0.866718
0.863133
0.86954
0.859551
0.870356
0.866693
0.874209
0.879185
0.873988
0.868636
0.868819
0.870738
0.865065
0.869704
0.874353
0.872898
0.872903
0.868862
0.867154
0.871748
0.871464
0.868474
0.875473
0.869649
0.873562
0.870905
0.862343
0.870218
0.872891
0.872506
0.874147
0.869017
0.86552
0.870167
0.868394
0.866767
0.867243
0.875629
0.876917
0.857346
0.873677
0.8639
0.86401
0.872663
0.875645
0.868835
0.874715
0.866458
0.873197
0.864058
0.870798
0.874541
0.875118
0.880173
0.860643
0.870078
0.873988
0.861568
0.875362
0.865285
0.88042
0.871436
0.864339
0.869062
0.866561
0.860832
0.869589
0.875401
0.867546
0.86748
0.871145
0.871137
0.86663
0.867164
0.860129
0.860642
0.86412
0.87655
0.857211
0.866224
0.869317
0.865942
0.870738
0.868545
0.867181
0.869317
0.869801
0.866898
0.87178
0.870569
0.865495
0.867788
0.868735
0.872472
0.872052
0.871189
0.865491
0.871507
0.872366
0.874812
0.868258
0.87378
0.869024
0.866556
0.871673
0.863584
0.870924
0.873851
0.862725
0.876724
0.866433
0.875162
0.859496
0.868065
0.873919
0.86427
0.866727
0.871208
0.86539
0.867482
0.862705
0.870438
0.871112
0.870772
0.863438
0.863581
0.869407
0.87679
0.869476
0.870761
0.87134
0.870275
0.868464
0.874101
0.87026
0.874154
0.875405
0.87748
0.871853
0.856613
0.879711
0.870729
0.871899
0.871067
0.870634
0.867041
0.863485
0.871169
0.871551
0.876335
0.874699
0.866055
0.869047
0.866113
0.859813
0.869731
0.870887
0.863765
0.87599
0.870833
0.86644
0.865736
0.870329
0.864592
0.866056
0.870139
0.865748
0.867594
0.874591
0.878596
0.861389
0.874842
0.864968
0.869571
0.86897
0.865838
0.87115
0.876915
0.864256
0.874908
0.869062
0.871492
0.869798
0.873979
0.878504
0.867032
0.8711
0.865096
0.87223
0.874858
0.865378
0.865664
0.872459
0.875593
0.876913
0.868746
0.868252
0.86267
0.870635
0.874923
0.870486
0.871765
0.870982
0.864341
0.872459
0.865347
0.872733
0.868641
0.868311
0.872255
0.861077
0.862009
0.868954
0.864355
0.87313
0.867978
0.875036
0.870042
0.861785
0.869114
0.87332
0.87555
0.859233
0.869013
0.869782
0.866569
0.865222
0.876683
0.869474
0.870232
0.868943
0.874842
0.869349
0.8683
0.865582
0.867007
0.875185
0.868125
0.870006
0.867918
0.863023
0.870718
0.874076
0.870657
0.866695
0.862592
0.871779
0.872912
0.868911
0.876791
0.868787
0.871387
0.863046
0.87328
0.868727
0.871063
0.864239
0.869934
0.877598
0.87987
0.868659
0.864317
0.868484
0.87215
0.872865
0.86338
0.868934
0.869583
0.866799
0.877865
0.873567
0.871277
0.873562
0.870734
0.877088
0.870112
0.869933
0.867344
0.866124
0.872093
0.869753
0.866901
0.861801
0.861946
0.872623
0.87222
0.865453
0.870102
0.873948
0.867886
0.874538
0.861312
0.868817
0.872993
0.870006
0.866229
0.873293
0.867007
0.877478
0.870663
0.870716
0.867369
0.867229
0.885992
0.860357
0.867439
0.877474
0.865448
0.87174
0.874531
0.868939
0.866706
0.871159
0.869625
0.877703
0.877563
0.863072
0.877741
0.871534
0.859529
0.870363
0.868325
0.866938
0.875049
0.864916
0.864732
0.878275
0.870382
0.867033
0.869685
0.864897
0.869925
0.873102
0.868
0.864276
0.861287
0.868942
0.868739
0.865687
0.872707
0.873249
0.866696
0.868492
0.871486
0.868841
0.861724
0.865706
0.86563
0.860655
0.875504
0.861893
0.866012
0.87174
0.865771
0.858189
0.867588
0.871437
0.864763
0.861002
0.873141
0.86771
0.866669
0.871936
0.875212
0.870561
0.864701
0.871666
0.869249
0.870429
0.870289
0.868656
0.869126
0.869967
0.866848
0.863357
0.866941
0.859987
0.879668
0.868159
0.877023
0.867215
0.868028
0.86827
0.867713
0.872187
0.866303
0.862879
0.863657
0.862918
0.865633
0.866586
0.86859
0.87055
0.873778
0.863678
0.87177
0.865112
0.873504
0.867506
0.865109
0.868945
0.862048
0.86859
0.86803
0.873307
0.870093
0.878154
0.871564
0.870085
0.864149
0.875182
0.868961
0.866113
0.866309
0.877017
0.868329
0.866141
0.876473
0.869466
0.869162
0.864904
0.872668
0.872049
0.868793
0.867507
0.865592
0.865215
0.869089
0.86328
0.873655
0.86654
0.872606
0.858829
0.870472
0.865169
0.868453
0.871546
0.863071
0.87196
0.87299
0.868438
0.872799
0.862326
0.869437
0.866418
0.869513
0.862792
0.865676
0.871901
0.873624
0.867917
0.864244
0.878228
0.865468
0.877497
0.869712
0.866231
0.872361
0.875679
0.867227
0.870698
0.876456
0.868205
0.875973
0.869538
0.87057
0.872926
0.87314
0.87543
0.866035
0.867839
0.871886
0.873467
0.869901
0.868147
0.874916
0.863481
0.86605
0.872618
0.865143
0.871362
0.867249
0.869924
0.867496
0.872264
0.876014
0.863769
0.861838
0.870284
0.865892
0.868442
0.859079
0.866767
0.864571
0.863095
0.870994
0.866801
0.875534
0.866769
0.862794
0.868851
0.867361
0.869249
0.866868
0.877023
0.875279
0.86906
0.866249
0.867637
0.869246
0.872326
0.869094
0.868348
0.869852
0.872682
0.875969
0.865203
0.870478
0.864392
0.866009
0.86523
0.869933
0.867936
0.871849
0.866691
0.868482
0.863924
0.867116
0.869465
0.875208
0.876126
0.856983
0.870435
0.865978
0.864985
0.874841
0.867543
0.870903
0.864833
0.875192
0.867638
0.87248
0.875138
0.869192
0.877844
0.863435
0.880796
0.864626
0.873412
0.866463
0.864795
0.872316
0.876536
0.871056
0.867199
0.86729
0.866873
0.870527
0.874567
0.872318
0.863157
0.870289
0.865049
0.870335
0.867423
0.872495
0.869197
0.872423
0.869103
0.871317
0.864182
0.860234
0.864718
0.877595
0.860875
0.86432
0.86921
0.864323
0.867988
0.871297
0.866438
0.863233
0.869373
0.867112
0.865796
0.863715
0.871669
0.867541
0.87357
0.87076
0.87647
0.867265
0.875139
0.87133
0.874206
0.875562
0.874032
0.871398
0.874138
0.871445
0.867493
0.868097
0.8699
0.868182
0.871665
0.872143
0.872994
0.866109
0.871411
0.871393
0.867567
0.871821
0.873499
0.864241
0.871752
0.867177
0.871536
0.870119
0.86628
0.873256
0.870915
0.860999
0.867121
0.877322
0.869199
0.866554
0.86378
0.868708
0.866365
0.866865
0.872977
0.863299
0.868983
0.86827
0.866776
0.870602
0.867483
0.866215
0.881042
0.866131
0.874942
0.860956
0.864391
0.872028
0.865081
0.870611
0.8679
0.869956
0.870292
0.86971
0.86577
0.865624
0.866737
0.866191
0.880007
0.867036
0.868431
0.869533
0.871909
0.862851
0.860283
0.872934
0.867285
0.872774
0.872925
0.873833
0.874033
0.861725
0.875532
0.865111
0.866962
0.867315
0.86939
0.863657
0.881585
0.869875
0.867866
0.864968
0.868142
0.86793
0.868581
0.864027
0.870036
0.864228
0.873586
0.874456
0.877821
0.863618
0.871962
0.87181
0.866617
0.866057
0.870557
0.865978
0.86064
0.861905
0.868193
0.86534
0.871975
0.872997
0.862829
0.875303
0.877019
0.866604
0.861499
0.875256
0.879613
0.866887
0.867853
0.869745
0.870775
0.870282
0.868467
0.870245
0.871142
0.874252
0.864051
0.872548
0.875264
0.87054
0.873731
0.866152
0.873543
0.870159
0.862541
0.866961
0.872104
0.875042
0.86366
0.866173
0.865646
0.869064
0.864105
0.862649
0.869868
0.871312
0.870237
0.875126
0.86987
0.872228
0.87186
0.871056
0.862154
0.866425
0.870982
0.860234
0.867784
0.86992
0.870408
0.868022
0.868125
0.870262
0.865724
0.863027
0.87492
0.870401
0.871881
0.863523
0.869717
0.877054
0.871776
0.867857
0.871482
0.874379
0.866284
0.875546
0.868086
0.872616
0.863346
0.868517
0.877533
0.874486
0.87358
0.861551
0.866247
0.876415
0.870093
0.860939
0.877147
0.871488
0.867772
0.874958
0.872914
0.865032
0.863144
0.868503
0.868528
0.872285
0.866083
0.866252
0.866378
0.87349
0.865906
0.87269
0.866137
0.871504
0.870604
0.869262
0.865234
0.877828
0.864781
0.867923
0.864014
0.873677
0.867073
0.866865
0.861873
0.866521
0.867149
0.864975
0.868404
0.874602
0.870132
0.859178
0.869432
0.866722
0.869356
0.876012
0.876329
0.86606
0.863136
0.875048
0.869629
0.876312
0.872065
0.868809
0.869566
0.877146
0.863511
0.867184
0.869408
0.867617
0.868999
0.875591
0.869485
0.871191
0.867701
0.868902
0.865337
0.872545
0.875578
0.87288
0.864916
0.867964
0.872944
0.86847
0.865112
0.866973
0.872665
0.864547
0.868695
0.865406
0.8656
0.859801
0.86582
0.871824
0.860222
0.870341
0.876193
0.866592
0.868641
0.865811
0.866279
0.874086
0.870591
0.875667
0.872921
0.868784
0.874916
0.867046
0.868279
0.869981
0.864195
0.864603
0.874815
0.861763
0.861395
0.871858
0.86668
0.87112
0.874388
0.879692
0.878536
0.862342
0.862464
0.870772
0.866876
0.876886
0.87156
0.865282
0.870031
0.866697
0.860654
0.871383
0.863222
0.865858
0.87175
0.86546
0.871691
0.87055
0.870712
0.870621
0.874013
0.871063
0.867649
0.867678
0.876061
0.87546
0.879098
0.866535
0.869547
0.878743
0.874435
0.869179
0.87184
0.865975
0.869214
0.867499
0.871289
0.86522
0.865547
0.866528
0.871817
0.865875
0.869145
0.867264
0.862106
0.863532
0.858518
0.87765
0.873402
0.875906
0.870769
0.871278
0.868418
0.871594
0.865193
0.862212
0.869705
0.870676
0.864008
0.867797
0.866581
0.870947
0.872514
0.874306
0.870731
0.870667
0.869163
0.881554
0.872493
0.871741
0.867432
0.86678
0.875123
0.86584
0.874698
0.863521
0.87508
0.869034
0.867345
0.867122
0.865628
0.861268
0.866756
0.871213
0.867842
0.862618
0.867972
0.872078
0.870282
0.864619
0.871852
0.866807
0.87303
0.871652
0.86581
0.869751
0.873765
0.866787
0.875019
0.869909
0.875706
0.87024
0.868923
0.862938
0.863843
0.875512
0.870392
0.872986
0.861782
0.865611
0.871859
0.870067
0.874307
0.86178
0.87579
0.873124
0.866682
0.870001
0.871513
0.873178
0.869704
0.870444
0.871754
0.875631
0.866792
0.870748
0.865367
0.869627
0.872854
0.860418
0.86797
0.867685
0.865611
0.863034
0.867721
0.865619
0.869491
0.86885
0.868432
0.879506
0.867254
0.873439
0.864079
0.867288
0.866327
0.870348
0.873422
0.878741
0.866733
0.87112
0.871853
0.866364
0.865533
0.869051
0.880044
0.870401
0.872252
0.867562
0.875469
0.87099
0.867522
0.871184
0.870561
0.874638
0.870829
0.866366
0.867136
0.870811
0.87088
0.873124
0.868714
0.873171
0.872709
0.879078
0.871916
0.872063
0.854034
0.871379
0.86565
0.869006
0.869428
0.865176
0.860411
0.875242
0.873278
0.868167
0.875755
0.871368
0.871552
0.863021
0.87009
0.868916
0.873548
0.871051
0.870756
0.869592
0.873336
0.874002
0.865252
0.869472
0.867337
0.868626
0.867131
0.870185
0.864542
0.870108
0.876055
0.874185
0.863393
0.877715
0.868748
0.872821
0.86814
0.867753
0.864445
0.866093
0.874559
0.8747
0.849574
0.866316
0.869977
0.85937
0.866585
0.862831
0.866679
0.863412
0.873153
0.870181
0.86855
0.868676
0.869703
0.875649
0.867468
0.866096
0.876357
0.86146
0.872981
0.865112
0.873942
0.868918
0.861604
0.869238
0.863542
0.866306
0.860625
0.868177
0.873802
0.86909
0.863759
0.866149
0.870341
0.863736
0.865327
0.871778
0.863248
0.866516
0.866774
0.871531
0.872979
0.868374
0.868459
0.865808
0.861021
0.870729
0.869613
0.872145
0.866393
0.868679
0.869811
0.870861
0.869797
0.870085
0.858492
0.868463
0.865307
0.866451
0.873384
0.871355
0.860791
0.877906
0.868557
0.8659
0.868822
0.864462
0.864818
0.873447
0.878098
0.865451
0.877115
0.86516
0.872601
0.877602
0.871637
0.86457
0.867317
0.865565
0.869503
0.867004
0.871039
0.870506
0.867267
0.875111
0.8703
0.871938
0.875011
0.867075
0.873261
0.874025
0.870819
0.863091
0.875055
0.873453
0.868767
0.868317
0.867134
0.862486
0.869511
0.860923
0.866251
0.859603
0.871835
0.864051
0.869885
0.860727
0.862328
0.858087
0.866013
0.863881
0.867114
0.873111
0.864361
0.870233
0.868979
0.871042
0.870067
0.872575
0.874871
0.869654
0.874509
0.864295
0.872457
0.877046
0.866033
0.874967
0.875799
0.868727
0.861011
0.865896
0.861755
0.871211
0.873804
0.867909
0.869747
0.871447
0.871236
0.88157
0.873988
0.878203
0.872083
0.866354
0.873895
0.87377
0.868135
0.875682
0.86478
0.857632
0.874282
0.861617
0.865285
0.870554
0.868811
0.870499
0.869294
0.880196
0.865845
0.863531
0.870056
0.863062
0.868286
0.869361
0.866288
0.870771
0.871898
0.869762
0.872724
0.865337
0.872384
0.869826
0.873395
0.865373
0.881461
0.878444
0.862569
0.866352
0.873961
0.874637
0.870694
0.863494
0.866199
0.866108
0.870038
0.872022
0.867471
0.869308
0.878422
0.875458
0.869491
0.881208
0.870038
0.86501
0.873133
0.858534
0.86329
0.871879
0.864613
0.874017
0.869229
0.871474
0.866304
0.867043
0.87144
0.868169
0.865378
0.868078
0.871743
0.877155
0.86288
0.87417
0.867985
0.86783
0.867431
0.860775
0.867725
0.870605
0.871818
0.871675
0.87377
0.867608
0.875062
0.864912
0.863648
0.870062
0.877687
0.868297
0.873053
0.875458
0.873794
0.864153
0.872486
0.865152
0.872542
0.867052
0.868319
0.867423
0.870784
0.867088
0.871779
0.870576
0.878039
0.87058
0.8676
0.864207
0.86174
0.863022
0.870896
0.868607
0.868148
0.869756
0.865586
0.874384
0.865173
0.867422
0.864877
0.872118
0.86587
0.87494
0.871402
0.867719
0.86776
0.875226
0.869133
0.871841
0.874908
0.878175
0.868489
0.867872
0.867744
0.87266
0.865431
0.869548
0.869686
0.869052
0.86346
0.867743
0.870602
0.869786
0.88235
0.867708
0.859304
0.869939
0.872251
0.868128
0.867153
0.870155
0.873461
0.868217
0.863709
0.880639
0.868413
0.869048
0.868162
0.866434
0.865057
0.874956
0.878349
0.868877
0.866205
0.871513
0.872306
0.868766
0.863555
0.865375
0.863844
0.869898
0.868979
0.863378
0.863488
0.863446
0.87017
0.86707
0.864737
0.872122
0.862295
0.870655
0.879017
0.860672
0.872056
0.871766
0.870838
0.865596
0.875697
0.864582
0.865636
0.873921
0.872852
0.873371
0.866514
0.869816
0.863241
0.863713
0.867084
0.872737
0.870291
0.868541
0.872339
0.865974
0.865316
0.865892
0.865295
0.868791
0.870849
0.868978
0.869508
0.871328
0.865234
0.870851
0.87348
0.871363
0.867498
0.875745
0.866571
0.866888
0.870527
0.865649
0.857413
0.865419
0.877168
0.868581
0.867911
0.865518
0.871922
0.864209
0.874992
0.860387
0.876717
0.874711
0.871825
0.863834
0.856438
0.862608
0.870862
0.877725
0.879714
0.866728
0.865041
0.865965
0.872324
0.865082
0.868477
0.869002
0.864596
0.870126
0.867494
0.867661
0.873283
0.868317
0.866806
0.871295
0.868407
0.862662
0.868315
0.866205
0.862915
0.864309
0.868257
0.871017
0.870164
0.86191
0.875321
0.863366
0.871765
0.86148
0.87294
0.870432
0.870452
0.865704
0.869503
0.868135
0.871139
0.875884
0.865341
0.862482
0.864041
0.87098
0.857596
0.869328
0.868174
0.870396
0.873102
0.868885
0.864825
0.877674
0.865317
0.874975
0.869231
0.865659
0.872534
0.86429
0.863585
0.874898
0.867069
0.867153
0.872088
0.871533
0.863992
0.865865
0.871864
0.863243
0.871426
0.871705
0.868853
0.868682
0.866069
0.861142
0.868989
0.861949
0.869835
0.862399
0.872737
0.87141
0.872336
0.863599
0.873794
0.8664
0.870622
0.872827
0.869629
0.863631
0.868912
0.864655
0.872277
0.870311
0.864423
0.866815
0.874483
0.874491
0.867193
0.871471
0.863853
0.882585
0.872013
0.866508
0.868283
0.873739
0.866526
0.876034
0.864585
0.863993
0.879368
0.869051
0.87126
0.867679
0.864078
0.872514
0.87089
0.864989
0.871413
0.873253
0.867506
0.866806
0.866953
0.866136
0.866461
0.869701
0.870493
0.872222
0.864365
0.862029
0.872234
0.869285
0.871688
0.864939
0.875951
0.864401
0.867029
0.87077
0.865187
0.871035
0.879771
0.871574
0.868929
0.866005
0.864042
0.867712
0.862762
0.867595
0.874382
0.86747
0.871876
0.85925
0.870148
0.865755
0.869942
0.8668
0.867522
0.855799
0.868679
0.874863
0.868597
0.87087
0.867876
0.860117
0.882415
0.871648
0.864214
0.87538
0.869154
0.873121
0.874565
0.864292
0.865941
0.867572
0.862042
0.862368
0.870104
0.875197
0.867512
0.876447
0.873105
0.864623
0.864576
0.871037
0.873527
0.865057
0.868465
0.870306
0.874234
0.86767
0.876527
0.863259
0.876188
0.869543
0.874463
0.871574
0.876548
0.876427
0.863952
0.875142
0.872854
0.863716
0.864225
0.874233
0.869605
0.871613
0.874987
0.866005
0.870437
0.865356
0.873203
0.866978
0.869797
0.87181
0.878276
0.873943
0.874219
0.873165
0.863112
0.864487
0.868987
0.878356
0.873418
0.868582
0.872256
0.868441
0.868978
0.871837
0.86414
0.875379
0.872043
0.868659
0.871969
0.870003
0.868311
0.873887
0.870695
0.877121
0.867549
0.878683
0.874084
0.859758
0.872203
0.870159
0.869566
0.869571
0.877533
0.874791
0.858879
0.863601
0.868863
0.864716
0.863786
0.866472
0.869173
0.871723
0.874294
0.863791
0.866232
0.864292
0.859661
0.869336
0.8643
0.872693
0.875615
0.873294
0.872247
0.867231
0.864192
0.873167
0.869001
0.872128
0.872422
0.877339
0.873889
0.876717
0.870565
0.862704
0.879298
0.870039
0.870308
0.869512
0.871998
0.872032
0.862467
0.862076
0.873674
0.87087
0.876674
0.866769
0.869198
0.869818
0.869388
0.867079
0.868536
0.86597
0.862846
0.873497
0.868434
0.86899
0.875307
0.87088
0.870862
0.869163
0.869888
0.87211
0.862472
0.873589
0.871674
0.870508
0.874307
0.871807
0.8691
0.869386
0.868417
0.867186
0.862535
0.869418
0.867755
0.867728
0.86408
0.873346
0.873412
0.875061
0.87044
0.867288
0.868547
0.865195
0.872747
0.868101
0.863923
0.870521
0.867072
0.858129
0.863106
0.872415
0.868533
0.86509
0.875102
0.870515
0.862856
0.866432
0.872505
0.873036
0.867934
0.867756
0.867463
0.873572
0.871027
0.868378
0.876162
0.861477
0.864357
0.872835
0.866446
0.868434
0.872046
0.868906
0.861592
0.87342
0.871597
0.873041
0.869974
0.871047
0.858301
0.862732
0.87406
0.866019
0.873425
0.871072
0.869461
0.872255
0.862459
0.87046
0.874062
0.870275
0.871248
0.876082
0.86925
0.866058
0.864773
0.869703
0.867989
0.864817
0.869872
0.865613
0.871749
0.865561
0.871466
0.864426
0.867424
0.878466
0.868938
0.867894
0.85987
0.870235
0.870852
0.871438
0.864547
0.860218
0.869888
0.866891
0.869121
0.873782
0.87486
0.866949
0.870975
0.873071
0.871093
0.863624
0.870082
0.874695
0.870969
0.864958
0.871588
0.873105
0.871017
0.86075
0.877374
0.877432
0.874593
0.86464
0.872268
0.869251
0.869343
0.868954
0.86814
0.872381
0.867654
0.867015
0.867972
0.870642
0.866724
0.869046
0.876281
0.874625
0.864719
0.86938
0.868104
0.871898
0.872833
0.862884
0.863736
0.873121
0.863908
0.860734
0.869275
0.864665
0.861831
0.866319
0.862057
0.870898
0.872796
0.87073
0.8728
0.875128
0.869851
0.872285
0.866706
0.863214
0.870415
0.870036
0.87504
0.865776
0.875567
0.867226
0.872523
0.86949
0.873827
0.863966
0.857838
0.873777
0.868275
0.875691
0.875069
0.867228
0.864734
0.876041
0.864578
0.863685
0.864053
0.869459
0.869463
0.870251
0.876602
0.869862
0.865048
0.876204
0.86881
0.865626
0.87371
0.868023
0.872554
0.8677
0.873377
0.866315
0.866828
0.873523
0.871028
0.865787
0.864737
0.862443
0.871642
0.869689
0.872751
0.868631
0.872175
0.868826
0.870753
0.862073
0.871622
0.868303
0.865399
0.867181
0.865181
0.861246
0.867638
0.867145
0.865598
0.873932
0.868096
0.866754
0.860845
0.870571
0.870831
0.869718
0.863297
0.872688
0.872293
0.869944
0.861676
0.866951
0.873
0.868599
0.867323
0.871495
0.87307
0.871071
0.864278
0.872061
0.873894
0.870506
0.876529
0.863641
0.865292
0.865995
0.864837
0.877661
0.876624
0.864687
0.8748
0.859425
0.871525
0.873856
0.869139
0.869252
0.867379
0.867443
0.876151
0.86418
0.868362
0.86065
0.870977
0.874099
0.866874
0.863407
0.865236
0.870041
0.865814
0.875128
0.874572
0.876764
0.861727
0.870307
0.870289
0.870346
0.86573
0.867113
0.859548
0.864309
0.867443
0.863974
0.870254
0.867377
0.867994
0.863647
0.869714
0.870952
0.872357
0.872897
0.865346
0.866983
0.870394
0.865682
0.875929
0.868878
0.866629
0.866536
0.868545
0.871495
0.874857
0.873311
0.866321
0.873968
0.868446
0.872228
0.864842
0.871985
0.870479
0.864564
0.875849
0.876802
0.872265
0.867656
0.867946
0.86429
0.869884
0.86385
0.865002
0.864998
0.865181
0.86998
0.870751
0.866903
0.870338
0.875245
0.878262
0.867978
0.866913
0.865271
0.874932
0.870633
0.874911
0.859994
0.871529
0.876104
0.870657
0.872513
0.865665
0.868673
0.857862
0.86309
0.869908
0.867585
0.865091
0.870086
0.868081
0.862053
0.865438
0.869982
0.865469
0.870525
0.868829
0.860675
0.867173
0.868587
0.863478
0.868464
0.868227
0.866219
0.867777
0.868932
0.865656
0.865603
0.86986
0.868844
0.862841
0.86659
0.862111
0.868761
0.871395
0.872322
0.8664
0.867855
0.864278
0.871983
0.86094
0.874244
0.868431
0.874097
0.873324
0.872206
0.868953
0.864525
0.866692
0.871884
0.872635
0.860189
0.872987
0.8695
0.869254
0.871764
0.869022
0.862228
0.8776
0.869467
0.868406
0.869542
0.873596
0.871796
0.873889
0.86613
0.864439
0.865636
0.86941
0.867944
0.865781
0.866672
0.86796
0.869513
0.881199
0.871695
0.867949
0.868881
0.865207
0.873592
0.871216
0.868183
0.879107
0.877146
0.86935
0.870761
0.871725
0.874214
0.86481
0.865818
0.869544
0.865335
0.873287
0.872626
0.872573
0.871699
0.872501
0.865855
0.862661
0.866114
0.859904
0.875538
0.863609
0.866819
0.871558
0.864852
0.872884
0.871729
0.861306
0.865359
0.861504
0.873458
0.874922
0.874326
0.866236
0.869935
0.87327
0.870254
0.872318
0.86899
0.873684
0.868708
0.86777
0.869516
0.866629
0.868099
0.872744
0.873991
0.870041
0.864637
0.867804
0.871246
0.858431
0.876994
0.863969
0.869017
0.873691
0.868775
0.87464
0.866628
0.869268
0.870674
0.869579
0.868962
0.867079
0.874999
0.869311
0.870974
0.863716
0.868485
0.868701
0.868868
0.868052
0.865503
0.872166
0.874792
0.867884
0.874257
0.869919
0.872927
0.86641
0.878196
0.872406
0.862488
0.871732
0.866571
0.869002
0.869259
0.866063
0.86667
0.876838
0.868261
0.863985
0.86632
0.864832
0.871034
0.873469
0.873991
0.867753
0.870536
0.860956
0.875469
0.863816
0.873537
0.867538
0.864786
0.871289
0.866285
0.869967
0.873186
0.874844
0.871734
0.869678
0.86538
0.8693
0.869959
0.869224
0.864562
0.868031
0.864976
0.869465
0.866705
0.870375
0.870337
0.868232
0.871206
0.875858
0.868038
0.861328
0.873033
0.870779
0.869658
0.86853
0.865215
0.872802
0.868246
0.870566
0.870995
0.863716
0.864579
0.862732
0.877617
0.875385
0.868567
0.866552
0.871532
0.862389
0.862539
0.873438
0.873061
0.873534
0.876682
0.869849
0.864693
0.859623
0.869765
0.871224
0.871038
0.869389
0.869576
0.867181
0.873247
0.874932
0.868455
0.872547
0.864813
0.86768
0.869372
0.867442
0.868553
0.867684
0.869456
0.86782
0.874913
0.870068
0.871424
0.859463
0.862602
0.86324
0.870205
0.863294
0.874242
0.86166
0.874007
0.871695
0.868112
0.878504
0.866127
0.868984
0.871477
0.861622
0.869072
0.877173
0.868985
0.871533
0.874541
0.873105
0.864561
0.874535
0.871623
0.877498
0.867623
0.867319
0.86592
0.867079
0.868412
0.868743
0.8736
0.874486
0.869832
0.869499
0.869763
0.87609
0.865035
0.870165
0.869128
0.873637
0.863387
0.868734
0.871673
0.866722
0.868946
0.87059
0.871316
0.873304
0.862277
0.870737
0.864485
0.864239
0.880802
0.865743
0.86877
0.873759
0.868836
0.871472
0.876792
0.868655
0.872347
0.873349
0.871464
0.869338
0.868346
0.867667
0.873891
0.868968
0.858763
0.865014
0.868309
0.866017
0.868508
0.866811
0.863624
0.874343
0.865596
0.865779
0.86172
0.868555
0.874829
0.86899
0.872989
0.863105
0.870442
0.865905
0.861534
0.87041
0.864842
0.873639
0.86741
0.87618
0.866486
0.870367
0.874357
0.872721
0.867917
0.870611
0.871511
0.869909
0.867161
0.867452
0.867073
0.865932
0.863781
0.877511
0.866404
0.863326
0.872915
0.866544
0.875662
0.86907
0.869477
0.863964
0.867912
0.867421
0.865214
0.868838
0.874143
0.864936
0.871044
0.87138
0.88013
0.874997
0.868125
0.86174
0.868104
0.873524
0.86418
0.869899
0.869079
0.872833
0.867918
0.871021
0.87126
0.872448
0.865448
0.861666
0.86863
0.870845
0.870819
0.870999
0.866621
0.873395
0.868375
0.877713
0.863307
0.869841
0.879161
0.866304
0.865267
0.867984
0.867246
0.86768
0.864449
0.86769
0.866823
0.86701
0.867603
0.86677
0.871933
0.870137
0.867219
0.865816
0.861901
0.866627
0.857626
0.866544
0.874297
0.8727
0.872387
0.86577
0.868953
0.87476
0.8737
0.869935
0.869553
0.869992
0.869365
0.868206
0.864173
0.872366
0.864655
0.866934
0.866773
0.871196
0.865711
0.864059
0.868749
0.875559
0.867109
0.862702
0.869735
0.868065
0.86972
0.877906
0.867353
0.87274
0.867846
0.880362
0.867366
0.880005
0.864862
0.869557
0.871263
0.869731
0.869058
0.876752
0.864684
0.871154
0.871821
0.868728
0.869667
0.872056
0.869246
0.869546
0.868054
0.869371
0.864367
0.868395
0.87516
0.866512
0.868015
0.867661
0.873085
0.869043
0.865413
0.869402
0.874774
0.87371
0.872232
0.865541
0.873043
0.870889
0.870303
0.869323
0.86156
0.862266
0.865194
0.864891
0.86984
0.872595
0.867959
0.867248
0.867577
0.867135
0.876967
0.873641
0.868426
0.872212
0.864637
0.863462
0.868707
0.865429
0.866556
0.872581
0.862448
0.86697
0.866213
0.872304
0.872737
0.865973
0.867281
0.870272
0.860696
0.867618
0.876002
0.872778
0.880419
0.866369
0.865327
0.875001
0.872375
0.861292
0.870056
0.865328
0.875496
0.869106
0.857248
0.865381
0.871163
0.872827
0.871423
0.868647
0.862273
0.872151
0.864672
0.864174
0.873533
0.865976
0.872815
0.86151
0.87204
0.873153
0.867381
0.868655
0.867262
0.870081
0.871544
0.865311
0.870674
0.867175
0.867852
0.864472
0.874535
0.870291
0.871489
0.870062
0.869641
0.864786
0.873868
0.869583
0.864219
0.865759
0.869318
0.868659
0.86822
0.869109
0.872591
0.866654
0.870846
0.87614
0.870752
0.867092
0.866542
0.864684
0.871841
0.862912
0.862805
0.867795
0.871551
0.871865
0.86799
0.871037
0.862491
0.875283
0.870844
0.864645
0.874235
0.874889
0.870608
0.859653
0.871071
0.864433
0.870949
0.877236
0.873957
0.865051
0.867714
0.86405
0.865113
0.869683
0.873641
0.867007
0.86922
0.87025
0.869367
0.860866
0.870643
0.869327
0.87008
0.868652
0.870331
0.868515
0.88768
0.872814
0.866308
0.871456
0.86454
0.873238
0.87315
0.866902
0.86693
0.867824
0.865289
0.866281
0.876992
0.870457
0.862989
0.855396
0.866733
0.868405
0.87531
0.865227
0.86597
0.869553
0.873725
0.869986
0.862732
0.864147
0.873819
0.875747
0.868096
0.87395
0.8706
0.866338
0.870242
0.861867
0.868611
0.870721
0.869343
0.866032
0.862671
0.872601
0.8686
0.871568
0.868339
0.876571
0.864664
0.879863
0.86507
0.873341
0.871966
0.865602
0.869696
0.869847
0.871659
0.868941
0.863955
0.874312
0.875329
0.86806
0.877902
0.870217
0.862323
0.872967
0.878515
0.877383
0.873652
0.872656
0.873254
0.869174
0.864863
0.865978
0.871431
0.867843
0.87084
0.867351
0.871613
0.871492
0.871264
0.865094
0.874055
0.867248
0.864749
0.8765
0.862849
0.877899
0.874105
0.870842
0.869194
0.864377
0.86883
0.867716
0.870598
0.873741
0.873121
0.875519
0.870882
0.865665
0.864578
0.862699
0.871304
0.868573
0.874272
0.871553
0.873824
0.871251
0.876442
0.872112
0.86793
0.875661
0.863946
0.870054
0.876564
0.869455
0.866374
0.875897
0.869902
0.86523
0.868435
0.852639
0.871683
0.857626
0.875144
0.858793
0.867448
0.870819
0.869404
0.86394
0.873709
0.868033
0.865902
0.871938
0.860799
0.875035
0.870514
0.869067
0.861485
0.869412
0.866287
0.863938
0.876959
0.87354
0.876898
0.870834
0.86581
0.870187
0.863187
0.864222
0.866831
0.863537
0.861581
0.865536
0.860817
0.8667
0.864803
0.86116
0.865159
0.871498
0.874072
0.861066
0.869938
0.871418
0.868911
0.868075
0.865753
0.873781
0.872336
0.87078
0.875929
0.873354
0.868695
0.867711
0.868526
0.867834
0.861417
0.867488
0.871683
0.870293
0.871924
0.87354
0.874719
0.871416
0.868856
0.872664
0.865563
0.875592
0.866067
0.871483
0.877346
0.867492
0.85582
0.867641
0.872151
0.874683
0.864732
0.868317
0.872983
0.86733
0.86088
0.873829
0.868018
0.867241
0.859853
0.867223
0.864618
0.870021
0.868329
0.869879
0.874024
0.870596
0.86812
0.871281
0.866062
0.869201
0.87603
0.863899
0.867703
0.871641
0.858565
0.86443
0.866452
0.868649
0.868759
0.865559
0.870029
0.86916
0.867621
0.870005
0.868446
0.870354
0.865147
0.868986
0.870745
0.87167
0.875562
0.863132
0.871803
0.872189
0.868742
0.863352
0.871876
0.873426
0.860258
0.864052
0.872899
0.861893
0.868645
0.871745
0.883477
0.873029
0.873645
0.873318
0.86592
0.88028
0.865805
0.864275
0.869144
0.86941
0.871922
0.865992
0.872047
0.876322
0.871546
0.869226
0.870753
0.873142
0.857983
0.875806
0.869774
0.860227
0.864297
0.874162
0.863916
0.869436
0.865384
0.871048
0.875366
0.861793
0.869726
0.868729
0.874866
0.871353
0.874696
0.866422
0.880474
0.863773
0.861242
0.870089
0.868101
0.876819
0.869173
0.869059
0.873969
0.870613
0.869279
0.863701
0.86769
0.864408
0.867185
0.872538
0.873295
0.862867
0.865488
0.862342
0.865146
0.86435
0.872314
0.860832
0.872146
0.87615
0.872034
0.871953
0.87035
0.865836
0.867715
0.867362
0.865692
0.863435
0.866523
0.878323
0.866086
0.868654
0.866548
0.86737
0.872625
0.864987
0.867429
0.870824
0.869807
0.862135
0.864013
0.87675
0.863406
0.873464
0.865019
0.867498
0.869299
0.865526
0.867948
0.87322
0.870221
0.870598
0.873974
0.874129
0.874779
0.864686
0.876125
0.86889
0.873488
0.872902
0.874105
0.87048
0.868286
0.876138
0.862933
0.866606
0.875874
0.870587
0.872442
0.868985
0.871218
0.863393
0.868724
0.874743
0.876
0.867968
0.864643
0.873079
0.867585
0.873148
0.867955
0.87329
0.872403
0.871938
0.865759
0.871419
0.869633
0.870134
0.867165
0.8644
0.866956
0.862606
0.861907
0.863777
0.866347
0.861829
0.875389
0.871301
0.873159
0.866669
0.86853
0.875911
0.874728
0.877108
0.880807
0.861433
0.876027
0.870272
0.875311
0.864573
0.868658
0.869376
0.866556
0.866162
0.873481
0.868884
0.873291
0.855892
0.870452
0.868311
0.868351
0.867111
0.872537
0.86447
0.86531
0.873909
0.868508
0.866898
0.860653
0.865732
0.87154
0.876308
0.866971
0.871355
0.871268
0.86535
0.871133
0.870419
0.872996
0.874557
0.874093
0.871524
0.865583
0.87383
0.867299
0.8695
0.865586
0.862031
0.876043
0.866306
0.864673
0.867295
0.873322
0.871806
0.870054
0.868615
0.870365
0.866276
0.870663
0.866491
0.878097
0.866864
0.869598
0.877001
0.865357
0.876184
0.865141
0.869505
0.863898
0.874831
0.861775
0.878987
0.8658
0.860912
0.865278
0.86466
0.864029
0.86901
0.869538
0.862148
0.872302
0.860156
0.868972
0.852024
0.873193
0.864003
0.87452
0.864308
0.871106
0.861738
0.869098
0.869881
0.868702
0.872309
0.861594
0.873872
0.876239
0.868886
0.868106
0.874545
0.873493
0.870767
0.866764
0.872043
0.869221
0.865177
0.873221
0.87422
0.867928
0.871391
0.869042
0.870054
0.875027
0.871552
0.871851
0.866431
0.86564
0.858573
0.878151
0.866138
0.866742
0.863392
0.860689
0.870524
0.868876
0.869362
0.868329
0.872356
0.864326
0.872608
0.873431
0.866734
0.86478
0.870117
0.868032
0.874323
0.866976
0.864491
0.869192
0.874424
0.868584
0.873172
0.883222
0.862199
0.874763
0.868419
0.872498
0.864301
0.86251
0.865182
0.872947
0.869456
0.871285
0.872758
0.869026
0.864805
0.865319
0.869882
0.862811
0.872574
0.868925
0.868285
0.871686
0.865489
0.865847
0.868025
0.867251
0.866509
0.866006
0.865785
0.872633
0.876158
0.866991
0.872303
0.868768
0.868898
0.863182
0.866085
0.869273
0.869637
0.868285
0.873765
0.871356
0.867011
0.872997
0.874803
0.866093
0.875419
0.870061
0.86686
0.86893
0.875115
0.870502
0.864214
0.871845
0.863487
0.861693
0.868846
0.871988
0.869698
0.865627
0.868626
0.86581
0.86842
0.870884
0.867013
0.873152
0.865787
0.862011
0.875575
0.872819
0.873368
0.876634
0.867226
0.867132
0.86956
0.871392
0.874538
0.858471
0.869997
0.875596
0.86779
0.87279
0.875647
0.867056
0.865846
0.872498
0.87323
0.870061
0.870946
0.870099
0.864193
0.865497
0.874154
0.870842
0.870983
0.866454
0.869786
0.872931
0.863961
0.872498
0.874241
0.872032
0.869627
0.869927
0.870212
0.871779
0.865574
0.874441
0.868516
0.874942
0.869711
0.866549
0.860909
0.862791
0.865966
0.870605
0.865525
0.863861
0.869331
0.86603
0.859483
0.867391
0.865552
0.865928
0.857258
0.871078
0.867743
0.872211
0.870956
0.861449
0.862277
0.869795
0.868581
0.862118
0.868074
0.864856
0.874735
0.874929
0.871723
0.869195
0.859784
0.873217
0.871427
0.870092
0.869311
0.864082
0.872977
0.87754
0.868179
0.866349
0.865728
0.875441
0.866998
0.86905
0.872733
0.859629
0.874126
0.874904
0.873156
0.872439
0.866793
0.868198
0.867696
0.871977
0.868766
0.869682
0.869773
0.867227
0.868057
0.861515
0.867718
0.871002
0.866874
0.868115
0.87051
0.865454
0.868987
0.86625
0.870503
0.867754
0.872283
0.86595
0.872183
0.870744
0.861796
0.870101
0.877973
0.871639
0.866228
0.871417
0.870688
0.865908
0.874408
0.869396
0.872271
0.868515
0.866592
0.867676
0.868269
0.870431
0.867459
0.869074
0.870766
0.872511
0.869915
0.875405
0.868807
0.867282
0.875195
0.868493
0.875485
0.862114
0.874954
0.869872
0.864512
0.873355
0.871175
0.869083
0.867715
0.871858
0.870527
0.868847
0.874072
0.866725
0.865323
0.865312
0.870026
0.88015
0.866685
0.863183
0.864321
0.869061
0.87509
0.865697
0.860918
0.869083
0.868422
0.867681
0.876254
0.863045
0.868092
0.86344
0.868534
0.858858
0.870482
0.868516
0.875283
0.868308
0.867045
0.87597
0.875389
0.869825
0.866201
0.870544
0.869276
0.866739
0.86476
0.872852
0.868291
0.872204
0.871193
0.870544
0.872752
0.867973
0.866599
0.874525
0.871348
0.872326
0.863042
0.872749
0.867105
0.86297
0.865461
0.865823
0.877343
0.868133
0.862534
0.87347
0.876844
0.86693
0.864791
0.865656
0.873229
0.877705
0.859803
0.866583
0.874931
0.877679
0.868621
0.868113
0.860951
0.87618
0.868474
0.868833
0.86118
0.876928
0.87056
0.866779
0.865514
0.875485
0.867082
0.860662
0.875264
0.867796
0.867666
0.870813
0.870704
0.870004
0.870568
0.866744
0.861272
0.8636
0.860951
0.866869
0.870635
0.872789
0.871628
0.86646
0.864334
0.86819
0.878184
0.865788
0.874858
0.867951
0.865187
0.875058
0.875807
0.865885
0.86558
0.859504
0.871302
0.863582
0.865197
0.871801
0.86651
0.862135
0.867316
0.864236
0.871146
0.865961
0.864333
0.867582
0.868458
0.872069
0.864253
0.866677
0.872199
0.878305
0.869367
0.86345
0.864597
0.86789
0.874774
0.871066
0.880219
0.872159
0.865716
0.874333
0.866347
0.877689
0.867459
0.866064
0.872959
0.876179
0.86979
0.872498
0.863502
0.876616
0.873971
0.867829
0.871728
0.858059
0.86584
0.860912
0.865639
0.867306
0.872692
0.869963
0.873755
0.873866
0.860679
0.873844
0.869157
0.87601
0.874988
0.874436
0.860504
0.860901
0.871089
0.869421
0.86677
0.866545
0.865306
0.86866
0.867299
0.867859
0.872838
0.874375
0.875022
0.865881
0.874315
0.865017
0.871869
0.874652
0.87068
0.875343
0.868951
0.867194
0.869059
0.867004
0.870698
0.875191
0.872094
0.866963
0.870363
0.862958
0.880104
0.866722
0.87009
0.869732
0.872007
0.867626
0.871641
0.866907
0.879346
0.867686
0.873291
0.869826
0.87241
0.868262
0.867568
0.869483
0.867302
0.865088
0.864786
0.864983
0.875122
0.876091
0.864952
0.872569
0.866828
0.869299
0.867826
0.870335
0.870632
0.862006
0.862826
0.870313
0.865292
0.876672
0.855502
0.866055
0.86872
0.877985
0.868863
0.869129
0.871536
0.869166
0.865607
0.871607
0.868306
0.866252
0.874845
0.865493
0.868352
0.857448
0.868065
0.868901
0.867994
0.879508
0.869759
0.868028
0.876636
0.871061
0.865152
0.865864
0.868829
0.86806
0.874601
0.861593
0.878561
0.880011
0.869051
0.862935
0.871748
0.873098
0.866805
0.87508
0.860215
0.867024
0.864494
0.869855
0.866537
0.868439
0.868495
0.864999
0.875883
0.865966
0.873206
0.867592
0.861602
0.867712
0.876008
0.864541
0.870814
0.865747
0.873487
0.870518
0.868268
0.857265
0.87282
0.869395
0.871084
0.863635
0.870796
0.871166
0.872377
0.873171
0.872727
0.867576
0.874069
0.872326
0.867592
0.866386
0.865863
0.870291
0.868024
0.8716
0.864888
0.87387
0.868581
0.868779
0.865722
0.871668
0.86747
0.873376
0.868862
0.874588
0.874316
0.869729
0.868048
0.870382
0.867963
0.872722
0.868373
0.870294
0.870188
0.867324
0.863691
0.867214
0.866299
0.87148
0.87156
0.864722
0.857617
0.87163
0.872374
0.878977
0.869799
0.878691
0.866331
0.874221
0.86973
0.879392
0.869666
0.865772
0.863672
0.865588
0.875811
0.874148
0.878011
0.869146
0.869178
0.872479
0.872842
0.872302
0.875867
0.868141
0.865105
0.865619
0.86109
0.874434
0.866969
0.865671
0.865033
0.864277
0.870677
0.86155
0.872503
0.876018
0.865967
0.877939
0.871792
0.871706
0.865099
0.87074
0.864487
0.867619
0.868122
0.870991
0.875217
0.866342
0.871102
0.869739
0.866367
0.870466
0.869361
0.870974
0.866077
0.865008
0.872012
0.880952
0.872002
0.86197
0.8662
0.867861
0.866911
0.869379
0.868455
0.874004
0.867374
0.873256
0.862559
0.86526
0.868804
0.87199
0.870513
0.865161
0.866767
0.869253
0.860781
0.868929
0.866513
0.867371
0.86319
0.87683
0.874163
0.868374
0.864538
0.870021
0.868642
0.868269
0.872368
0.867254
0.866936
0.873203
0.871033
0.873594
0.867476
0.872131
0.877465
0.872875
0.867581
0.862537
0.865313
0.873753
0.866582
0.866468
0.873781
0.869318
0.866598
0.867893
0.867076
0.862282
0.865285
0.86075
0.869491
0.858427
0.865439
0.863535
0.86803
0.866401
0.86715
0.872732
0.863576
0.871005
0.867683
0.873056
0.86747
0.876675
0.868717
0.870015
0.870145
0.86452
0.865482
0.864302
0.880242
0.871275
0.869172
0.861976
0.86938
0.870602
0.863343
0.857464
0.86799
0.870053
0.867031
0.866126
0.86693
0.869912
0.865346
0.867591
0.871338
0.867811
0.866513
0.862219
0.861996
0.875626
0.858088
0.872708
0.858974
0.870926
0.870306
0.87935
0.86569
0.87135
0.870013
0.870189
0.869356
0.869416
0.867094
0.868924
0.868818
0.86404
0.858588
0.867257
0.871573
0.872368
0.868968
0.86811
0.871366
0.86106
0.864984
0.862887
0.87409
0.867999
0.868513
0.86454
0.864954
0.869522
0.872638
0.869159
0.875136
0.864122
0.866382
0.872725
0.867988
0.868789
0.877877
0.861023
0.868437
0.874144
0.869048
0.860555
0.869501
0.870567
0.870066
0.874525
0.877828
0.87011
0.86924
0.878742
0.870528
0.869391
0.871405
0.865915
0.85823
0.869515
0.864833
0.873239
0.871623
0.873735
0.868068
0.870346
0.865658
0.868141
0.86807
0.859589
0.871358
0.868279
0.862974
0.87084
0.870679
0.870044
0.865972
0.872561
0.870947
0.865044
0.875536
0.868302
0.867246
0.871261
0.865179
0.875788
0.86702
0.862265
0.870196
0.864309
0.874034
0.878108
0.871183
0.860422
0.871996
0.870623
0.874232
0.866927
0.873227
0.867879
0.859233
0.867327
0.873565
0.868648
0.870231
0.867923
0.87192
0.863565
0.867667
0.864105
0.866071
0.866393
0.869472
0.870167
0.861033
0.870538
0.868504
0.865024
0.869228
0.864174
0.867462
0.873392
0.871301
0.871482
0.87676
0.86928
0.873044
0.86633
0.873951
0.873612
0.871319
0.874276
0.863504
0.871796
0.869792
0.863026
0.87011
0.863631
0.864928
0.860512
0.872107
0.867679
0.863652
0.864516
0.869903
0.868765
0.869971
0.87334
0.870142
0.870311
0.869951
0.869237
0.861994
0.869744
0.869328
0.86288
0.868773
0.873883
0.866755
0.860172
0.866616
0.871935
0.875923
0.872108
0.860955
0.874158
0.866249
0.875038
0.866363
0.868476
0.863873
0.871179
0.861575
0.86724
0.870488
0.875735
0.868135
0.87273
0.869568
0.87343
0.865584
0.865782
0.865942
0.873133
0.871781
0.868277
0.86588
0.864721
0.863082
0.869354
0.870793
0.871181
0.869509
0.871365
0.865867
0.868314
0.880214
0.863749
0.868161
0.870967
0.869244
0.867302
0.870862
0.866318
0.867164
0.869995
0.868935
0.873703
0.868755
0.867575
0.870226
0.865118
0.868778
0.858591
0.876833
0.873777
0.865567
0.85972
0.871501
0.862963
0.869978
0.865293
0.872361
0.87456
0.864647
0.869031
0.868606
0.866865
0.872931
0.872959
0.866213
0.874274
0.871685
0.875478
0.871516
0.870035
0.87379
0.870455
0.871837
0.867731
0.86302
0.871026
0.865458
0.873028
0.86883
0.868495
0.868287
0.869119
0.871224
0.868521
0.862325
0.872558
0.871116
0.865722
0.870402
0.864245
0.863189
0.865339
0.867044
0.870829
0.872157
0.870426
0.862792
0.874308
0.866381
0.870429
0.871541
0.875531
0.866024
0.878982
0.863998
0.869744
0.868643
0.8613
0.863353
0.867002
0.869825
0.869669
0.863142
0.87275
0.875006
0.861374
0.860112
0.873289
0.864807
0.872001
0.865411
0.871425
0.876224
0.865268
0.870076
0.87343
0.873525
0.866338
0.863391
0.872914
0.862156
0.872734
0.870737
0.870232
0.86776
0.872684
0.863643
0.871486
0.871008
0.861717
0.866086
0.867174
0.873103
0.868128
0.862389
0.879107
0.86573
0.86655
0.870788
0.869201
0.863109
0.868259
0.869544
0.874974
0.870939
0.874329
0.868475
0.872459
0.868041
0.863781
0.873679
0.867219
0.871835
0.872878
0.878353
0.875157
0.867654
0.874746
0.867531
0.864244
0.868368
0.870149
0.874693
0.869271
0.872579
0.865735
0.865463
0.864726
0.864451
0.87532
0.876005
0.869832
0.869245
0.870678
0.858673
0.8698
0.874691
0.861662
0.864387
0.872023
0.868785
0.870369
0.864191
0.873524
0.870571
0.866186
0.865426
0.862345
0.868613
0.864889
0.8687
0.872679
0.86736
0.867713
0.863884
0.872445
0.868546
0.868165
0.859204
0.870927
0.870472
0.87243
0.866264
0.867076
0.866506
0.863601
0.872839
0.864261
0.878519
0.870256
0.869945
0.863226
0.868136
0.873486
0.863986
0.861426
0.870939
0.866864
0.869445
0.867947
0.864386
0.872474
0.870406
0.866144
0.868597
0.866098
0.86461
0.86582
0.872253
0.86395
0.867919
0.871966
0.873109
0.870366
0.866845
0.869957
0.871959
0.866449
0.872477
0.872426
0.865601
0.867508
0.867206
0.868046
0.875545
0.865048
0.863223
0.863202
0.862256
0.873628
0.86492
0.868548
0.871424
0.867745
0.870422
0.870783
0.869516
0.874135
0.86915
0.865449
0.863566
0.867062
0.863038
0.869444
0.866455
0.866033
0.86932
0.870932
0.872764
0.864448
0.871017
0.876093
0.864369
0.866177
0.863135
0.869098
0.874032
0.866228
0.866303
0.874265
0.865117
0.86495
0.865811
0.875825
0.866829
0.871648
0.871612
0.87243
0.87182
0.874367
0.867044
0.870301
0.863533
0.869746
0.875271
0.870572
0.871515
0.875923
0.869163
0.86782
0.871771
0.86567
0.866908
0.869728
0.8756
0.869833
0.868246
0.871552
0.871795
0.875175
0.876471
0.871077
0.87756
0.878187
0.865015
0.865414
0.876705
0.865311
0.873294
0.867984
0.874549
0.870733
0.871731
0.870228
0.874351
0.868475
0.872267
0.870944
0.869913
0.865247
0.873205
0.867791
0.867326
0.877234
0.863388
0.879959
0.874125
0.875486
0.870209
0.858144
0.875077
0.87188
0.871542
0.876695
0.873002
0.878968
0.865672
0.871839
0.868011
0.868266
0.869856
0.865024
0.878958
0.868485
0.864718
0.879051
0.864891
0.864531
0.871667
0.874435
0.867354
0.861561
0.874222
0.871752
0.876346
0.870163
0.871421
0.868497
0.864008
0.864614
0.867336
0.871674
0.872402
0.867135
0.867249
0.868531
0.872588
0.875938
0.865677
0.874565
0.869266
0.87676
0.865516
0.867629
0.862022
0.87598
0.866931
0.866644
0.876868
0.874751
0.86752
0.868737
0.87119
0.869787
0.870821
0.87215
0.863919
0.87139
0.865122
0.867306
0.867273
0.875095
0.868042
0.865426
0.863624
0.870665
0.867286
0.874188
0.862148
0.869162
0.870792
0.872561
0.863428
0.866513
0.865097
0.87483
0.866078
0.866078
0.864313
0.87094
0.865343
0.867222
0.865954
0.867786
0.872006
0.868943
0.865367
0.876651
0.862348
0.867088
0.872144
0.872888
0.870242
0.880672
0.875188
0.866141
0.870788
0.87315
0.868357
0.867807
0.872858
0.87515
0.859249
0.865147
0.865081
0.869904
0.86731
0.871588
0.874701
0.874426
0.859596
0.870322
0.866724
0.872765
0.878449
0.868011
0.86281
0.868239
0.866529
0.868698
0.863479
0.869427
0.861726
0.860802
0.872665
0.86527
0.86427
0.86198
0.87102
0.865345
0.872155
0.863204
0.872475
0.869104
0.868737
0.876922
0.872539
0.871244
0.862978
0.868189
0.862934
0.871107
0.869619
0.865762
0.868157
0.87128
0.868097
0.871585
0.864917
0.875745
0.868101
0.86875
0.867577
0.872362
0.866522
0.865318
0.868122
0.872474
0.865509
0.868166
0.875308
0.869561
0.868549
0.866235
0.872184
0.857363
0.869855
0.867568
0.871638
0.875781
0.875883
0.872746
0.862527
0.874261
0.869462
0.872309
0.866734
0.870152
0.864351
0.873753
0.869144
0.870353
0.87479
0.873428
0.874987
0.868113
0.870407
0.861916
0.87102
0.871437
0.865849
0.869084
0.875741
0.871628
0.864722
0.872676
0.870829
0.863432
0.870709
0.874127
0.869314
0.867813
0.877033
0.867154
0.875885
0.862684
0.868928
0.866527
0.868043
0.864223
0.870673
0.859582
0.874598
0.869613
0.861208
0.869395
0.869457
0.866762
0.867616
0.862517
0.873966
0.868714
0.872514
0.861744
0.874371
0.863224
0.871524
0.8665
0.865496
0.864427
0.867383
0.872799
0.875091
0.869303
0.861123
0.873303
0.869181
0.864936
0.867945
0.867981
0.877414
0.864651
0.878966
0.869827
0.870992
0.877308
0.873278
0.879854
0.874268
0.867892
0.867404
0.873203
0.870944
0.872253
0.865994
0.867415
0.874419
0.866636
0.865991
0.868151
0.872864
0.864944
0.869715
0.870374
0.875478
0.868586
0.863029
0.874385
0.870534
0.86833
0.877024
0.869373
0.865736
0.870891
0.868014
0.875527
0.873742
0.866776
0.870064
0.879375
0.876983
0.870358
0.870603
0.871096
0.872447
0.865655
0.865915
0.862947
0.868542
0.86174
0.865326
0.876304
0.87004
0.868291
0.872063
0.870583
0.857983
0.868917
0.865704
0.863803
0.86974
0.872063
0.870161
0.870839
0.872621
0.86978
0.870151
0.867081
0.870823
0.872707
0.867336
0.871578
0.872284
0.868782
0.874976
0.870152
0.868085
0.869761
0.874481
0.860417
0.870946
0.873545
0.866429
0.872051
0.876991
0.874973
0.869538
0.866233
0.871065
0.869699
0.865137
0.870704
0.866097
0.871611
0.865209
0.867814
0.864288
0.863668
0.869988
0.867416
0.865829
0.877571
0.858425
0.870085
0.86573
0.87104
0.863291
0.869079
0.866071
0.869708
0.865513
0.870425
0.870255
0.872226
0.863645
0.869995
0.873617
0.866159
0.861506
0.865781
0.867296
0.877164
0.865317
0.868309
0.874581
0.866996
0.867016
0.864414
0.86182
