0.837516
0.834505
0.835628
0.834454
0.838506
0.834587
0.836729
0.839117
0.836123
0.836455
0.839195
0.838957
0.836713
0.836971
0.838311
0.836378
0.838339
0.838551
0.837457
0.836527
0.836754
0.836583
0.836938
0.836472
0.838096
0.835488
0.838748
0.836282
0.838785
0.837594
0.83576
0.83625
0.837757
0.835974
0.837461
0.837276
0.838098
0.835709
0.835563
0.83575
0.837971
0.836821
0.837726
0.837839
0.838222
0.836706
0.833081
0.836321
0.834724
0.836165
0.836895
0.836194
0.836664
0.837709
0.837613
0.83506
0.838165
0.836282
0.835688
0.837159
0.8376
0.83771
0.838098
0.838386
0.834838
0.837138
0.83636
0.835807
0.834411
0.83455
0.834803
0.837485
0.837726
0.834895
0.83677
0.837386
0.839443
0.83732
0.836866
0.838953
0.836302
0.83702
0.836807
0.837603
0.83748
0.838781
0.839093
0.837788
0.836758
0.836055
0.835891
0.835532
0.836826
0.836577
0.838638
0.836586
0.836996
0.837763
0.8381
0.836994
0.837549
0.836576
0.837076
0.836947
0.836012
0.836975
0.838618
0.837506
0.836904
0.83441
0.838091
0.837454
0.834409
0.836251
0.837523
0.83777
0.837629
0.835688
0.838929
0.836431
0.837656
0.83846
0.835785
0.839621
0.83924
0.836716
0.835443
0.838983
0.835376
0.836128
0.836511
0.837454
0.83638
0.834933
0.836786
0.83674
0.837668
0.836524
0.835935
0.838407
0.837348
0.836712
0.834286
0.837167
0.836895
0.83691
0.83428
0.837212
0.838111
0.836643
0.839237
0.835797
0.836992
0.835664
0.836278
0.835941
0.836002
0.838531
0.836595
0.838048
0.833592
0.836055
0.835637
0.838184
0.83715
0.839105
0.835383
0.837701
0.839067
0.835173
0.838611
0.834939
0.837677
0.840588
0.835342
0.836219
0.83593
0.83907
0.836073
0.836516
0.836211
0.837264
0.835288
0.838255
0.83651
0.834465
0.837165
0.838335
0.835901
0.837386
0.8386
0.839282
0.836294
0.835141
0.835256
0.83993
0.83598
0.837876
0.836076
0.836357
0.838365
0.83875
0.83623
0.835971
0.83635
0.838128
0.836751
0.835216
0.837011
0.836098
0.838085
0.835272
0.836612
0.839394
0.836621
0.838962
0.835785
0.836115
0.836267
0.838274
0.836584
0.837645
0.838175
0.835807
0.836108
0.83757
0.837889
0.835447
0.835524
0.836983
0.838355
0.836296
0.83654
0.836033
0.837141
0.83829
0.836169
0.836649
0.835464
0.838851
0.838133
0.837382
0.835161
0.837593
0.836085
0.838706
0.836441
0.837843
0.836753
0.83746
0.839
0.836097
0.837796
0.840047
0.836441
0.837329
0.836013
0.835236
0.839339
0.836352
0.837489
0.837299
0.838086
0.838939
0.836544
0.835695
0.838885
0.837642
0.836562
0.837636
0.83471
0.837979
0.839775
0.836954
0.837489
0.836946
0.836254
0.834475
0.837186
0.837194
0.836515
0.836017
0.835878
0.839304
0.840148
0.837366
0.837144
0.837963
0.836745
0.837916
0.837168
0.837498
0.836965
0.835908
0.837955
0.838257
0.836326
0.836335
0.837961
0.837249
0.839049
0.839883
0.839379
0.837267
0.836265
0.837411
0.839811
0.837907
0.835628
0.835971
0.833313
0.83724
0.838085
0.839514
0.838489
0.83606
0.838742
0.833423
0.838123
0.839933
0.836035
0.837251
0.838514
0.837169
0.839756
0.834999
0.836333
0.837391
0.837982
0.839948
0.837036
0.837482
0.835543
0.838067
0.837323
0.837704
0.837179
0.838496
0.835427
0.838097
0.840309
0.839224
0.837831
0.838389
0.836409
0.837927
0.837038
0.838306
0.837088
0.837028
0.837194
0.8368
0.835919
0.836262
0.83837
0.837791
0.835367
0.836452
0.837139
0.840416
0.83905
0.837184
0.837476
0.836212
0.835777
0.837771
0.834743
0.837463
0.836516
0.835563
0.836815
0.836411
0.839104
0.837885
0.839444
0.838541
0.838296
0.836459
0.836508
0.838052
0.837082
0.8337
0.837144
0.838017
0.836611
0.836893
0.838696
0.835546
0.838525
0.83655
0.835803
0.836983
0.837182
0.837743
0.839561
0.835462
0.836913
0.836395
0.833524
0.838432
0.835393
0.835962
0.836701
0.836076
0.837176
0.837303
0.836643
0.837276
0.837031
0.835173
0.836715
0.834725
0.838752
0.837141
0.83812
0.837374
0.835903
0.834914
0.837253
0.836977
0.838712
0.835115
0.837696
0.834752
0.834455
0.835396
0.837562
0.836268
0.836157
0.836939
0.837986
0.835946
0.835308
0.837464
0.837907
0.839097
0.837335
0.837451
0.838637
0.835938
0.835441
0.837131
0.837893
0.837319
0.836456
0.836935
0.836515
0.83783
0.83744
0.836318
0.837596
0.83917
0.838049
0.838289
0.835387
0.83732
0.837327
0.836437
0.83585
0.833437
0.8394
0.836957
0.836028
0.836865
0.836469
0.838471
0.837464
0.837188
0.838778
0.838786
0.837172
0.836475
0.837447
0.837207
0.837191
0.834935
0.8353
0.838112
0.835867
0.837599
0.839026
0.836111
0.837446
0.836355
0.838441
0.83725
0.835742
0.836533
0.835905
0.837361
0.83579
0.837209
0.836042
0.838924
0.838378
0.836587
0.839307
0.835482
0.834956
0.837212
0.837107
0.837392
0.837896
0.836101
0.837422
0.834419
0.836782
0.836688
0.837243
0.839199
0.835963
0.836192
0.836905
0.838472
0.835831
0.837623
0.836377
0.839604
0.836471
0.836934
0.835649
0.837854
0.837293
0.836707
0.834786
0.836549
0.839459
0.838327
0.834177
0.837792
0.838144
0.837157
0.836201
0.836845
0.836579
0.837783
0.836684
0.840058
0.836585
0.836651
0.835641
0.837961
0.838851
0.836868
0.836569
0.838662
0.834848
0.836033
0.836423
0.836721
0.836467
0.837952
0.836545
0.837462
0.836078
0.838122
0.834196
0.836046
0.839519
0.837829
0.836019
0.836584
0.83721
0.839475
0.836404
0.835894
0.834654
0.836385
0.838031
0.834675
0.835173
0.838194
0.834721
0.836271
0.839419
0.835906
0.837852
0.833979
0.837396
0.840233
0.840096
0.835826
0.837058
0.8369
0.836838
0.83575
0.833637
0.83844
0.837144
0.837468
0.835365
0.836006
0.838101
0.836673
0.839666
0.83628
0.83693
0.836235
0.838797
0.837062
0.836376
0.835002
0.835145
0.836937
0.837095
0.835179
0.835834
0.836272
0.83764
0.836375
0.837713
0.835242
0.837181
0.836261
0.839796
0.836517
0.835806
0.837325
0.835811
0.838243
0.83515
0.838901
0.839014
0.836289
0.836715
0.837117
0.836288
0.838023
0.835605
0.835992
0.837606
0.837807
0.835631
0.834652
0.836588
0.837837
0.837077
0.83951
0.835449
0.837139
0.838274
0.835733
0.836687
0.836191
0.836201
0.836876
0.837467
0.837756
0.836685
0.835828
0.835844
0.836824
0.837191
0.836597
0.835554
0.838158
0.836015
0.837909
0.834618
0.838422
0.83675
0.83744
0.837369
0.836267
0.839675
0.838468
0.838584
0.83491
0.836891
0.837028
0.838729
0.836302
0.837123
0.839612
0.837056
0.836581
0.836327
0.836727
0.837311
0.837592
0.837382
0.839736
0.83963
0.834528
0.837548
0.838693
0.837111
0.837639
0.836747
0.836715
0.837353
0.837005
0.835716
0.839581
0.837185
0.837875
0.836364
0.835794
0.836403
0.837044
0.83702
0.83799
0.836441
0.839147
0.836225
0.836834
0.837959
0.837751
0.839114
0.837731
0.835725
0.840486
0.834009
0.836919
0.837422
0.836401
0.839075
0.837975
0.837808
0.837982
0.83656
0.837421
0.835811
0.836148
0.835644
0.837867
0.83863
0.838367
0.83699
0.837193
0.835348
0.836704
0.83568
0.837155
0.836989
0.836644
0.838117
0.837854
0.834771
0.835753
0.836373
0.837535
0.836952
0.838504
0.837547
0.83306
0.836569
0.836625
0.836499
0.836183
0.836011
0.835426
0.837244
0.836895
0.836375
0.836885
0.836346
0.838086
0.83562
0.838775
0.838999
0.837246
0.837046
0.837911
0.838502
0.836175
0.837201
0.839981
0.836088
0.835713
0.838053
0.836503
0.836347
0.838757
0.836034
0.835485
0.835383
0.836687
0.835576
0.837245
0.837274
0.838148
0.836682
0.837628
0.838262
0.836733
0.838319
0.837427
0.837723
0.837811
0.836343
0.836347
0.836839
0.838949
0.839368
0.837607
0.837547
0.838206
0.836712
0.836696
0.839379
0.835542
0.838867
0.837396
0.838093
0.837949
0.838178
0.836465
0.839832
0.836399
0.834104
0.835564
0.835292
0.835784
0.83857
0.834835
0.837293
0.836259
0.837315
0.835451
0.837064
0.834237
0.839753
0.836896
0.837482
0.838026
0.838317
0.840356
0.838702
0.836238
0.834994
0.836606
0.839082
0.835395
0.836242
0.83941
0.838405
0.837159
0.836125
0.837642
0.836866
0.837444
0.838605
0.837618
0.836628
0.837423
0.8357
0.83781
0.836987
0.838645
0.838395
0.838575
0.837495
0.837818
0.839876
0.836859
0.837902
0.838466
0.838343
0.837569
0.839026
0.837733
0.83739
0.837473
0.837395
0.837297
0.839003
0.83601
0.83439
0.837783
0.836031
0.837293
0.836786
0.833581
0.838712
0.836089
0.83617
0.838773
0.837932
0.835018
0.837253
0.838231
0.83627
0.837763
0.837592
0.838693
0.83545
0.83878
0.836284
0.838213
0.835049
0.836986
0.835949
0.839812
0.839192
0.836571
0.838564
0.836796
0.83807
0.837095
0.833823
0.836363
0.836257
0.837509
0.837297
0.835738
0.835429
0.839215
0.839149
0.836407
0.837337
0.838273
0.841442
0.834398
0.836013
0.838933
0.838138
0.838113
0.836177
0.836614
0.838979
0.837574
0.837585
0.838233
0.836563
0.836401
0.836963
0.838033
0.838517
0.837298
0.840768
0.835702
0.837969
0.837276
0.837306
0.837708
0.837532
0.839022
0.836703
0.836726
0.835626
0.83709
0.836725
0.838632
0.837307
0.837128
0.836422
0.839009
0.836783
0.83808
0.837143
0.838623
0.834766
0.835469
0.838486
0.837014
0.835838
0.836761
0.834679
0.834102
0.838642
0.837065
0.838917
0.834114
0.839329
0.836803
0.837571
0.833936
0.838907
0.836055
0.835483
0.835415
0.837167
0.836859
0.836084
0.836023
0.837773
0.837572
0.835594
0.835982
0.836331
0.834401
0.838829
0.834644
0.835125
0.836123
0.835307
0.835171
0.836704
0.834901
0.837709
0.836258
0.836916
0.83829
0.838946
0.836365
0.836973
0.834064
0.835369
0.837122
0.837542
0.838802
0.838792
0.836206
0.836317
0.836912
0.836812
0.838973
0.838689
0.836764
0.838968
0.837167
0.835863
0.838609
0.833917
0.83821
0.836892
0.83701
0.836288
0.836023
0.835653
0.839379
0.837007
0.836265
0.835814
0.836386
0.837688
0.835474
0.836865
0.835389
0.837112
0.837317
0.837078
0.835355
0.835987
0.838006
0.838691
0.835142
0.836075
0.835324
0.83711
0.836734
0.837825
0.837822
0.838102
0.83613
0.837703
0.837168
0.836139
0.835939
0.838611
0.836728
0.836604
0.839148
0.837568
0.838262
0.836829
0.835139
0.838071
0.836984
0.835967
0.838838
0.838555
0.836192
0.83577
0.836949
0.836868
0.837997
0.83801
0.836185
0.835612
0.835997
0.836013
0.839118
0.836733
0.838153
0.836031
0.835285
0.835174
0.836163
0.836933
0.83625
0.838978
0.836933
0.835668
0.836591
0.836985
0.838295
0.83782
0.837249
0.835161
0.838021
0.83741
0.834494
0.83831
0.837762
0.835869
0.835626
0.838256
0.834202
0.836185
0.838996
0.836827
0.836867
0.836892
0.839023
0.839099
0.836598
0.837374
0.836117
0.837521
0.837049
0.836248
0.83825
0.838069
0.838418
0.835374
0.836351
0.837483
0.838618
0.837893
0.836197
0.840535
0.835169
0.83784
0.836808
0.837722
0.834963
0.837205
0.837076
0.841154
0.836425
0.837812
0.836125
0.835713
0.836998
0.83783
0.835689
0.837226
0.839873
0.837028
0.834589
0.837354
0.836756
0.835705
0.835726
0.837807
0.837381
0.836225
0.835969
0.835132
0.836816
0.835322
0.834248
0.838628
0.836112
0.83731
0.837732
0.836601
0.835699
0.837873
0.836184
0.837652
0.836187
0.8387
0.839279
0.835066
0.83699
0.837057
0.838629
0.839556
0.838471
0.837309
0.838166
0.835449
0.836621
0.835697
0.837269
0.835888
0.837038
0.838396
0.837723
0.83651
0.837311
0.834836
0.836566
0.839564
0.837409
0.835857
0.835581
0.835307
0.837246
0.838113
0.837477
0.836913
0.837244
0.836881
0.83723
0.836207
0.83661
0.837148
0.837163
0.836967
0.837863
0.837219
0.834895
0.836877
0.835133
0.838846
0.836907
0.837364
0.837171
0.838476
0.837703
0.839125
0.836873
0.837707
0.836842
0.838182
0.834716
0.835473
0.837449
0.837181
0.835165
0.83874
0.835378
0.836207
0.834507
0.835762
0.836992
0.839876
0.838095
0.837849
0.839184
0.834549
0.834932
0.835156
0.835832
0.83887
0.840218
0.836482
0.83703
0.837038
0.837293
0.839777
0.835103
0.834743
0.839661
0.837788
0.835947
0.836843
0.836027
0.838124
0.837677
0.834398
0.836611
0.838333
0.83683
0.836065
0.835091
0.83685
0.837313
0.836906
0.838148
0.834513
0.840353
0.839757
0.836082
0.837744
0.837239
0.837758
0.836569
0.83837
0.839294
0.837103
0.834709
0.836485
0.835807
0.837136
0.837496
0.837066
0.833492
0.837444
0.8368
0.837533
0.836479
0.838747
0.838239
0.837344
0.837805
0.836395
0.835975
0.836213
0.836775
0.835835
0.837823
0.837783
0.837542
0.838861
0.838959
0.835631
0.835999
0.839572
0.839122
0.837032
0.836714
0.837701
0.836374
0.835212
0.83812
0.836547
0.838671
0.837042
0.835082
0.836684
0.837839
0.839346
0.838595
0.835656
0.837113
0.836642
0.835021
0.838507
0.836873
0.833454
0.837258
0.838363
0.837307
0.835545
0.836013
0.837014
0.835718
0.84003
0.837455
0.839433
0.840055
0.838043
0.83618
0.835315
0.836396
0.835067
0.837776
0.834852
0.839572
0.837284
0.837854
0.835177
0.8379
0.837013
0.83769
0.836771
0.836976
0.837119
0.837384
0.838426
0.835616
0.837371
0.839333
0.837135
0.83642
0.834444
0.838289
0.840569
0.834067
0.839044
0.838854
0.836717
0.83587
0.838973
0.835968
0.839016
0.838968
0.837027
0.838023
0.835579
0.834906
0.837681
0.838683
0.839212
0.83645
0.836869
0.838977
0.836783
0.834763
0.838772
0.836257
0.835826
0.834853
0.837912
0.838352
0.838084
0.836979
0.837882
0.840306
0.838171
0.836633
0.834285
0.838436
0.837281
0.838912
0.838566
0.836803
0.838041
0.838496
0.835698
0.83601
0.835079
0.835168
0.83808
0.836278
0.838328
0.837606
0.839017
0.836811
0.835773
0.837379
0.836354
0.83522
0.835605
0.837333
0.837919
0.834921
0.837608
0.83912
0.835061
0.835479
0.838743
0.836925
0.837484
0.839418
0.839154
0.836138
0.834843
0.837824
0.837296
0.836636
0.836699
0.837344
0.836501
0.834599
0.835714
0.836775
0.836077
0.835921
0.839345
0.835487
0.836019
0.83794
0.837491
0.836412
0.835515
0.837548
0.83673
0.838629
0.837854
0.83884
0.836343
0.836226
0.835744
0.837928
0.837414
0.836951
0.836579
0.836106
0.837089
0.835827
0.839966
0.838415
0.836352
0.837614
0.837903
0.837216
0.836666
0.836101
0.838983
0.834492
0.836972
0.836518
0.839693
0.836769
0.83787
0.83556
0.837081
0.83411
0.836609
0.838137
0.833891
0.838579
0.836661
0.836688
0.837193
0.83658
0.837494
0.836707
0.836902
0.835772
0.835558
0.836883
0.835729
0.836091
0.839544
0.83654
0.836446
0.835072
0.836637
0.838316
0.836993
0.837612
0.836458
0.837064
0.838294
0.838081
0.837441
0.839061
0.835065
0.837951
0.835827
0.836408
0.834336
0.836931
0.835291
0.838207
0.840135
0.838265
0.83759
0.834482
0.834787
0.835456
0.83819
0.839143
0.834982
0.836343
0.839761
0.837245
0.83844
0.837269
0.840061
0.836467
0.838097
0.836948
0.837388
0.837981
0.837562
0.836355
0.838176
0.836944
0.837663
0.837271
0.837777
0.83806
0.835543
0.835668
0.836829
0.838113
0.835469
0.836874
0.839006
0.836801
0.83842
0.837758
0.836451
0.835823
0.840531
0.83703
0.838154
0.834702
0.776133
0.838107
0.83592
0.836638
0.837716
0.837104
0.835459
0.83371
0.838751
0.837754
0.840659
0.833781
0.836749
0.836109
0.83606
0.838659
0.838876
0.837583
0.835772
0.839755
0.834537
0.837104
0.834399
0.837442
0.837874
0.835867
0.836832
0.838982
0.83716
0.836761
0.838216
0.83736
0.837368
0.836369
0.834928
0.835721
0.837604
0.837
0.837023
0.837964
0.838477
0.835716
0.838569
0.836425
0.83634
0.83547
0.835381
0.838912
0.836487
0.836929
0.837952
0.835086
0.837883
0.836758
0.83895
0.837704
0.836716
0.840001
0.837023
0.837695
0.838512
0.837679
0.838511
0.838656
0.837644
0.838446
0.83665
0.837525
0.83825
0.835551
0.836996
0.837858
0.8404
0.837696
0.83871
0.837461
0.836656
0.835787
0.837368
0.835603
0.836529
0.834894
0.835006
0.837142
0.835716
0.836002
0.835539
0.838064
0.838068
0.836536
0.836432
0.834891
0.836746
0.834841
0.840304
0.838113
0.836704
0.837748
0.83791
0.836944
0.836206
0.83545
0.839443
0.837812
0.837453
0.837068
0.839203
0.838039
0.837381
0.838824
0.837811
0.834338
0.837276
0.839787
0.835753
0.834991
0.835515
0.837836
0.838392
0.835494
0.837353
0.836218
0.83603
0.836918
0.83878
0.837485
0.83606
0.83718
0.835362
0.835859
0.836327
0.837521
0.837338
0.836514
0.836102
0.836439
0.839147
0.837859
0.837057
0.837587
0.835497
0.836399
0.837911
0.835797
0.837535
0.837202
0.838863
0.839
0.834739
0.835836
0.839033
0.835189
0.837662
0.837675
0.838321
0.836721
0.834611
0.837817
0.837922
0.835814
0.83323
0.834882
0.835535
0.83557
0.836112
0.839167
0.839446
0.838227
0.837352
0.83816
0.836621
0.835358
0.836131
0.839721
0.834717
0.837561
0.837548
0.835451
0.837729
0.838266
0.837928
0.837207
0.837837
0.835051
0.83383
0.838837
0.837233
0.83433
0.838427
0.837959
0.835119
0.835419
0.834743
0.838698
0.838851
0.837346
0.838689
0.837439
0.835213
0.834244
0.838501
0.836812
0.837741
0.836424
0.840465
0.835995
0.835915
0.837974
0.835802
0.837083
0.83697
0.83811
0.837508
0.838283
0.837928
0.836789
0.837523
0.836313
0.838403
0.835971
0.834972
0.83822
0.836046
0.836342
0.836695
0.835794
0.834275
0.838473
0.838361
0.837429
0.836775
0.837071
0.839707
0.837854
0.838477
0.838016
0.836607
0.835934
0.836606
0.836039
0.838152
0.835841
0.837604
0.838544
0.836563
0.838796
0.837763
0.838159
0.841087
0.8359
0.836168
0.840028
0.836692
0.838452
0.835468
0.838002
0.836675
0.836584
0.839054
0.83719
0.839957
0.836163
0.832939
0.835428
0.837867
0.837304
0.83545
0.836591
0.835339
0.837355
0.834573
0.839869
0.839283
0.837668
0.8368
0.837658
0.835415
0.836032
0.837058
0.837657
0.838459
0.838409
0.837627
0.836612
0.835747
0.835999
0.83818
0.836075
0.835843
0.838213
0.836894
0.837679
0.840027
0.835514
0.835886
0.837146
0.837837
0.841628
0.836555
0.835363
0.835742
0.836666
0.83929
0.834981
0.837813
0.837179
0.836881
0.838899
0.836144
0.837625
0.83698
0.835706
0.836859
0.834566
0.835144
0.837849
0.835654
0.838492
0.834617
0.836789
0.839575
0.837633
0.835069
0.837889
0.836909
0.837155
0.838216
0.836529
0.83535
0.83664
0.838211
0.83808
0.837567
0.836485
0.835498
0.836533
0.837689
0.83754
0.836295
0.837125
0.838371
0.838973
0.837446
0.836784
0.83823
0.834781
0.83482
0.836364
0.835631
0.837961
0.835929
0.835972
0.837642
0.838178
0.835545
0.836952
0.836049
0.839146
0.835905
0.835024
0.836685
0.837336
0.837156
0.838764
0.835701
0.838137
0.836056
0.834997
0.836595
0.83597
0.836502
0.835943
0.83772
0.837824
0.83528
0.835029
0.836866
0.835991
0.836927
0.837431
0.837213
0.837442
0.835724
0.836254
0.840068
0.83665
0.83602
0.837748
0.83731
0.839454
0.836469
0.838289
0.837789
0.837686
0.839102
0.838736
0.836159
0.835627
0.836601
0.839002
0.836817
0.837569
0.838028
0.837254
0.836159
0.83537
0.837399
0.838384
0.83625
0.839015
0.837567
0.838688
0.838181
0.836456
0.836065
0.836076
0.837017
0.837196
0.835728
0.835179
0.837298
0.836345
0.837706
0.83679
0.835178
0.836417
0.837345
0.8362
0.836896
0.837423
0.839193
0.838293
0.839698
0.837992
0.835793
0.837636
0.836406
0.838277
0.83524
0.839988
0.837777
0.837197
0.837413
0.835688
0.837062
0.836847
0.83645
0.836012
0.834774
0.838263
0.836525
0.837872
0.836025
0.837906
0.837363
0.838739
0.835749
0.836452
0.835756
0.837833
0.836117
0.839405
0.838678
0.835541
0.837491
0.8333
0.835172
0.838085
0.837791
0.836845
0.836398
0.836119
0.836293
0.836523
0.837203
0.836515
0.837084
0.837703
0.837553
0.837287
0.836778
0.837942
0.836039
0.837257
0.838346
0.83432
0.836515
0.835595
0.83748
0.836974
0.837747
0.838183
0.837233
0.836328
0.834221
0.836748
0.83391
0.838212
0.838013
0.837043
0.838062
0.838715
0.83661
0.836353
0.837546
0.83896
0.837483
0.836708
0.836026
0.836979
0.838709
0.836256
0.837075
0.838537
0.837132
0.836847
0.835233
0.835658
0.836928
0.837084
0.838513
0.838979
0.838085
0.834143
0.838867
0.838787
0.838751
0.835812
0.838536
0.836896
0.83447
0.838193
0.837518
0.837342
0.837639
0.837391
0.836691
0.838228
0.837482
0.835117
0.834604
0.836356
0.837439
0.838242
0.836921
0.836064
0.836624
0.835598
0.836972
0.8363
0.835373
0.836095
0.836565
0.834725
0.83953
0.835095
0.835576
0.835675
0.837866
0.840029
0.837862
0.8373
0.835904
0.838599
0.834983
0.839058
0.83517
0.835408
0.835336
0.835867
0.836938
0.835783
0.837834
0.836538
0.83767
0.837446
0.835831
0.837444
0.838035
0.835343
0.834586
0.83554
0.836042
0.836267
0.837705
0.836194
0.838144
0.839183
0.837491
0.836383
0.835378
0.836096
0.837603
0.83459
0.837635
0.837669
0.834965
0.835383
0.838754
0.837026
0.835845
0.835591
0.83795
0.83645
0.835245
0.83831
0.837509
0.836236
0.838647
0.837471
0.837153
0.836208
0.837693
0.839807
0.835783
0.837589
0.83851
0.836785
0.834699
0.836715
0.838003
0.837146
0.835937
0.839092
0.836779
0.836526
0.837094
0.836164
0.837612
0.837066
0.837923
0.834623
0.839315
0.836607
0.837163
0.836153
0.835887
0.834672
0.834779
0.83625
0.838561
0.836467
0.835493
0.837424
0.837781
0.836096
0.838256
0.836391
0.835382
0.837434
0.835997
0.838223
0.838425
0.836959
0.837454
0.836273
0.836895
0.836555
0.838269
0.836617
0.837859
0.83779
0.84019
0.83757
0.837124
0.836352
0.836858
0.837208
0.837192
0.834128
0.836934
0.835437
0.839412
0.837076
0.837522
0.838051
0.838304
0.838371
0.838064
0.83725
0.836151
0.836803
0.834804
0.838108
0.838009
0.836481
0.83647
0.837252
0.836283
0.836345
0.837639
0.835647
0.835798
0.839827
0.836448
0.835469
0.837107
0.834514
0.837232
0.83569
0.837744
0.837949
0.837393
0.836059
0.840179
0.837921
0.83666
0.836284
0.837849
0.838223
0.83808
0.838266
0.837448
0.837229
0.836256
0.837211
0.837415
0.837957
0.835826
0.836308
0.838829
0.837296
0.838059
0.838206
0.835889
0.836852
0.83858
0.837397
0.836444
0.83649
0.838339
0.836551
0.835389
0.837546
0.838319
0.835426
0.835158
0.837335
0.837096
0.83828
0.837005
0.837193
0.836807
0.837175
0.83613
0.836178
0.836448
0.83849
0.838125
0.837139
0.839085
0.837736
0.835923
0.837119
0.840123
0.837975
0.838428
0.839324
0.839976
0.835451
0.838617
0.838369
0.837586
0.839155
0.835639
0.836347
0.834863
0.836454
0.836489
0.836098
0.838888
0.837572
0.835971
0.836291
0.836498
0.834654
0.8354
0.83685
0.836009
0.837114
0.836164
0.839182
0.836038
0.837167
0.834736
0.836731
0.839285
0.837224
0.838254
0.838571
0.836694
0.835957
0.837098
0.838022
0.836041
0.836905
0.836171
0.836918
0.83699
0.838701
0.83759
0.836165
0.84021
0.840588
0.836832
0.836691
0.837905
0.837424
0.83608
0.838322
0.83657
0.838987
0.834982
0.835706
0.838412
0.836638
0.837718
0.836332
0.837243
0.834592
0.837126
0.837559
0.837061
0.839273
0.838135
0.836072
0.838419
0.839787
0.837272
0.839303
0.835663
0.838888
0.836708
0.834748
0.836338
0.835083
0.835485
0.836463
0.837746
0.837761
0.837713
0.834951
0.83716
0.836031
0.838767
0.836017
0.837779
0.835826
0.838622
0.837582
0.836469
0.835619
0.835569
0.83709
0.838962
0.836325
0.838041
0.836028
0.83767
0.837748
0.84017
0.834338
0.83807
0.836256
0.83835
0.836159
0.837545
0.836533
0.835791
0.834614
0.836926
0.836445
0.833901
0.837254
0.836438
0.837192
0.837001
0.837953
0.838655
0.838304
0.835759
0.835363
0.837917
0.837443
0.83809
0.836699
0.835432
0.83664
0.836833
0.839678
0.836315
0.836966
0.83749
0.83687
0.837738
0.837195
0.840361
0.836981
0.837022
0.838055
0.837004
0.836241
0.839089
0.838669
0.83467
0.839513
0.836
0.835056
0.837905
0.835731
0.839296
0.835715
0.83741
0.836287
0.837114
0.838985
0.837814
0.837061
0.837275
0.837365
0.837159
0.83696
0.837631
0.838595
0.839883
0.835515
0.836418
0.835884
0.835993
0.836444
0.837445
0.835838
0.837832
0.836439
0.837164
0.836934
0.834783
0.834516
0.836094
0.837839
0.838846
0.838443
0.834411
0.838742
0.83577
0.838746
0.838632
0.835206
0.837519
0.834317
0.837465
0.835881
0.836727
0.835512
0.836526
0.838888
0.836578
0.836386
0.836926
0.83703
0.837172
0.838768
0.837664
0.838604
0.836873
0.833411
0.836767
0.840036
0.837563
0.837897
0.835307
0.836812
0.836963
0.837994
0.836493
0.836795
0.837196
0.836714
0.835926
0.83504
0.838403
0.835089
0.836918
0.837581
0.835617
0.838105
0.836571
0.838877
0.836592
0.837536
0.837052
0.83722
0.836474
0.839785
0.835807
0.83915
0.838308
0.835743
0.836414
0.835131
0.838601
0.838547
0.837735
0.839817
0.836665
0.838567
0.836235
0.836959
0.836847
0.836463
0.836341
0.836929
0.834926
0.840085
0.83615
0.83617
0.836679
0.835212
0.836712
0.835805
0.837104
0.836754
0.836686
0.835631
0.835083
0.838311
0.838754
0.836886
0.834754
0.836043
0.835898
0.837783
0.836485
0.838881
0.836802
0.836785
0.838348
0.836644
0.836559
0.837799
0.835355
0.837438
0.838196
0.835034
0.838731
0.835222
0.837478
0.8368
0.836993
0.837303
0.839194
0.835238
0.836213
0.834391
0.837532
0.835578
0.835086
0.837142
0.837814
0.835827
0.836433
0.838602
0.83736
0.836846
0.837965
0.836039
0.836977
0.837663
0.837386
0.83802
0.837661
0.835334
0.837487
0.837401
0.837509
0.836508
0.838022
0.83823
0.838976
0.835346
0.837966
0.83782
0.839361
0.837958
0.835157
0.837567
0.836904
0.838115
0.835572
0.838981
0.838693
0.838461
0.837449
0.836986
0.838371
0.838806
0.837652
0.836424
0.835338
0.836796
0.837637
0.836808
0.834511
0.836486
0.836789
0.83724
0.837271
0.835904
0.835303
0.835661
0.836142
0.836907
0.837463
0.837077
0.834667
0.835873
0.835531
0.838011
0.838137
0.836988
0.836935
0.83706
0.838377
0.837412
0.835836
0.835952
0.83515
0.834664
0.837637
0.8373
0.836193
0.835657
0.839564
0.836812
0.835301
0.837303
0.836409
0.836807
0.839351
0.834989
0.83627
0.835391
0.837846
0.837241
0.838256
0.836471
0.836387
0.836457
0.837361
0.838544
0.836823
0.837477
0.838395
0.836014
0.836351
0.834336
0.83858
0.83787
0.83699
0.836058
0.835723
0.838253
0.837976
0.835039
0.837305
0.835712
0.835732
0.836934
0.836617
0.838693
0.837449
0.833961
0.836972
0.835766
0.835808
0.836418
0.836322
0.838057
0.837047
0.839548
0.835336
0.839274
0.838144
0.834219
0.834418
0.837068
0.838767
0.838198
0.837691
0.837759
0.838047
0.835568
0.838071
0.836916
0.836572
0.835819
0.839498
0.83866
0.838154
0.835288
0.836794
0.836678
0.835097
0.836788
0.837377
0.837832
0.838496
0.838362
0.837491
0.839312
0.83669
0.836933
0.837297
0.838643
0.836475
0.836755
0.836094
0.835093
0.839575
0.835969
0.836178
0.838638
0.835314
0.835759
0.838959
0.836436
0.837122
0.836187
0.838451
0.837267
0.834903
0.837484
0.838161
0.838184
0.834797
0.836958
0.838638
0.83698
0.836024
0.838299
0.836089
0.834383
0.836436
0.838263
0.837012
0.839355
0.834054
0.836628
0.835456
0.837131
0.83674
0.836544
0.837576
0.836715
0.83381
0.834824
0.838188
0.836228
0.838705
0.835205
0.83792
0.837994
0.836531
0.835356
0.838393
0.836925
0.836836
0.836964
0.836812
0.834336
0.836248
0.838216
0.838552
0.838973
0.838057
0.84034
0.837325
0.837583
0.835115
0.838218
0.839485
0.837149
0.837127
0.835174
0.837366
0.836289
0.836545
0.835726
0.835936
0.838058
0.837839
0.837943
0.837677
0.837782
0.835317
0.835532
0.838284
0.837576
0.836904
0.837041
0.836476
0.839157
0.832139
0.837444
0.838027
0.836804
0.835935
0.836036
0.835396
0.838551
0.835613
0.835618
0.8348
0.837803
0.83524
0.836158
0.838251
0.836574
0.838036
0.832398
0.837582
0.836964
0.839172
0.837289
0.840081
0.836776
0.83551
0.838284
0.83545
0.835517
0.837579
0.837821
0.836701
0.837858
0.837985
0.838188
0.838106
0.836631
0.835684
0.834929
0.838455
0.837493
0.836442
0.835418
0.835453
0.838991
0.838405
0.837004
0.837964
0.835842
0.83605
0.837094
0.834984
0.836724
0.835654
0.836851
0.83962
0.835646
0.833663
0.840614
0.837361
0.837464
0.83966
0.835793
0.838431
0.839308
0.836797
0.837615
0.834955
0.838098
0.837308
0.839757
0.837374
0.836827
0.83455
0.835324
0.837876
0.838574
0.83797
0.839297
0.838314
0.835811
0.835938
0.836815
0.837426
0.839077
0.835624
0.836582
0.836359
0.836668
0.837133
0.835322
0.838421
0.836404
0.83574
0.834274
0.835921
0.835728
0.836377
0.837248
0.838786
0.834799
0.831687
0.838841
0.836604
0.837152
0.837889
0.836855
0.836108
0.833423
0.837393
0.836112
0.840909
0.839593
0.836336
0.835949
0.836471
0.838015
0.83763
0.83754
0.839362
0.838722
0.836679
0.835938
0.838057
0.83817
0.836912
0.836101
0.838946
0.839362
0.837155
0.834852
0.836197
0.837964
0.837003
0.83679
0.837965
0.83499
0.839162
0.837849
0.839246
0.836568
0.839679
0.836599
0.835997
0.834975
0.836789
0.838074
0.836881
0.834602
0.835997
0.837443
0.836749
0.837006
0.83543
0.836906
0.839979
0.834065
0.837786
0.835572
0.838044
0.837226
0.837846
0.836584
0.838779
0.836953
0.835241
0.838231
0.835737
0.837932
0.834851
0.83741
0.837883
0.836167
0.837302
0.838171
0.836052
0.836899
0.837067
0.838867
0.839129
0.834921
0.836232
0.838212
0.836538
0.833078
0.838382
0.837927
0.838184
0.839058
0.840265
0.834883
0.837343
0.834076
0.836107
0.838092
0.837871
0.838091
0.836266
0.835638
0.839361
0.835789
0.836595
0.838921
0.834428
0.836915
0.838143
0.839912
0.837006
0.83797
0.836969
0.835969
0.83766
0.838901
0.837919
0.836384
0.83443
0.836264
0.835744
0.838554
0.838969
0.837977
0.837038
0.839439
0.837846
0.839167
0.83672
0.836363
0.837766
0.835411
0.834213
0.835262
0.837851
0.835111
0.839624
0.838638
0.836914
0.838621
0.838915
0.8364
0.834619
0.838647
0.837519
0.834436
0.835158
0.837568
0.836882
0.839321
0.839538
0.836115
0.835373
0.837847
0.836965
0.836829
0.836638
0.833709
0.838117
0.836897
0.836778
0.836598
0.837501
0.83743
0.836997
0.835797
0.834206
0.839887
0.836657
0.836536
0.837052
0.839229
0.837091
0.836602
0.837031
0.837323
0.83583
0.83886
0.836676
0.83624
0.8392
0.837422
0.835876
0.836312
0.83706
0.835629
0.83643
0.84119
0.835714
0.835737
0.838237
0.837392
0.836798
0.834572
0.835718
0.836547
0.837082
0.837278
0.835253
0.834627
0.836064
0.837188
0.837704
0.836313
0.837066
0.839312
0.834722
0.837957
0.838508
0.837016
0.834153
0.83665
0.837063
0.837916
0.836431
0.836979
0.836979
0.836578
0.838404
0.837385
0.836997
0.835973
0.835622
0.83527
0.835666
0.837255
0.835482
0.838871
0.835747
0.837415
0.837869
0.838525
0.837481
0.837127
0.836994
0.836101
0.837606
0.836262
0.83658
0.836373
0.839671
0.838555
0.839194
0.837565
0.837883
0.837345
0.836936
0.838478
0.838751
0.837578
0.837192
0.838624
0.836045
0.834511
0.835799
0.837697
0.837995
0.836495
0.836656
0.836072
0.837735
0.83376
0.836916
0.837911
0.837502
0.836748
0.837383
0.834876
0.837257
0.837795
0.838226
0.83827
0.836434
0.837553
0.836508
0.838902
0.838018
0.837402
0.837324
0.836836
0.836886
0.83801
0.837344
0.836989
0.839402
0.837301
0.836003
0.834875
0.838557
0.837263
0.836569
0.837935
0.837595
0.835066
0.837973
0.836833
0.836768
0.836252
0.838056
0.839017
0.837485
0.838017
0.836153
0.837889
0.838162
0.838636
0.836479
0.836137
0.836097
0.83536
0.835069
0.83545
0.838916
0.838685
0.838167
0.83469
0.836791
0.838527
0.838435
0.838785
0.836014
0.83526
0.838183
0.835828
0.836319
0.836446
0.836719
0.838474
0.837532
0.838936
0.837492
0.837817
0.832774
0.838078
0.836025
0.836435
0.836179
0.836044
0.837116
0.836383
0.836545
0.836397
0.836504
0.837198
0.835608
0.838447
0.838309
0.838259
0.836317
0.837379
0.836985
0.836255
0.837145
0.835868
0.836118
0.838489
0.836672
0.836441
0.837366
0.837328
0.840454
0.83746
0.836706
0.835973
0.837238
0.835542
0.834931
0.837967
0.836717
0.838305
0.837715
0.838317
0.835827
0.838602
0.836066
0.836747
0.839662
0.836431
0.836232
0.834786
0.834717
0.837068
0.836951
0.834412
0.837946
0.836186
0.837864
0.838302
0.837581
0.837297
0.836202
0.837351
0.836408
0.835598
0.836567
0.834129
0.835723
0.836277
0.838609
0.840325
0.834687
0.83798
0.836558
0.836696
0.83824
0.83674
0.837833
0.835633
0.838607
0.836808
0.836344
0.838492
0.838847
0.834791
0.836456
0.837293
0.836553
0.837805
0.836125
0.837589
0.837557
0.83565
0.837871
0.836239
0.837562
0.835606
0.835912
0.838245
0.836417
0.837871
0.833326
0.836694
0.836435
0.835059
0.838286
0.83895
0.836584
0.839129
0.838067
0.835905
0.839098
0.835621
0.836634
0.835829
0.837724
0.835361
0.837639
0.836864
0.836818
0.83439
0.836869
0.837312
0.836358
0.839782
0.834316
0.837364
0.838351
0.838962
0.834416
0.835735
0.837958
0.837245
0.836077
0.836246
0.836756
0.837377
0.83596
0.835198
0.837821
0.836273
0.837736
0.836673
0.836554
0.838434
0.835358
0.838266
0.837774
0.83653
0.835214
0.836754
0.838134
0.836304
0.836449
0.837373
0.836661
0.836516
0.835868
0.837634
0.836443
0.840176
0.835664
0.833207
0.83527
0.836032
0.836055
0.838858
0.840658
0.83595
0.835586
0.837708
0.83711
0.837959
0.836578
0.838477
0.837583
0.839356
0.837131
0.838023
0.837809
0.838712
0.834424
0.835408
0.838047
0.837826
0.837323
0.836243
0.837436
0.835576
0.836602
0.837628
0.836481
0.835893
0.838188
0.837274
0.836509
0.839218
0.83481
0.837186
0.837136
0.838952
0.83745
0.838277
0.839044
0.837724
0.83734
0.835131
0.83562
0.838696
0.836194
0.837013
0.837367
0.83529
0.835103
0.836569
0.835826
0.836876
0.836409
0.835254
0.835378
0.836227
0.836379
0.838619
0.83772
0.836558
0.836032
0.837084
0.837027
0.836511
0.835626
0.835511
0.837586
0.837086
0.836994
0.835872
0.834741
0.835889
0.838963
0.838713
0.835861
0.835749
0.836621
0.838041
0.836671
0.836361
0.835765
0.837059
0.836356
0.838584
0.837474
0.837574
0.838037
0.835973
0.837379
0.839672
0.836769
0.835265
0.836617
0.838164
0.836839
0.836874
0.836723
0.837205
0.835747
0.837103
0.839644
0.835944
0.836057
0.837849
0.835391
0.834232
0.836641
0.837345
0.837061
0.836219
0.836606
0.83803
0.834326
0.837927
0.83666
0.837954
0.839912
0.838524
0.83632
0.83717
0.834243
0.837966
0.836051
0.837655
0.837136
0.835867
0.835249
0.837204
0.840548
0.837654
0.837596
0.83559
0.836257
0.835945
0.837801
0.836956
0.836451
0.837491
0.836042
0.837712
0.83572
0.83859
0.837378
0.838486
0.838648
0.837564
0.83871
0.836581
0.832717
0.837769
0.836721
0.834443
0.838462
0.835521
0.835109
0.83711
0.836384
0.837985
0.837156
0.834875
0.835454
0.837168
0.837669
0.83796
0.834703
0.838163
0.838523
0.837719
0.836158
0.838294
0.83597
0.837047
0.834543
0.834922
0.838371
0.836638
0.837928
0.83675
0.838458
0.836221
0.836648
0.83701
0.83724
0.837327
0.838425
0.840588
0.836322
0.838919
0.83704
0.835757
0.835767
0.836439
0.837384
0.838211
0.834711
0.83384
0.835317
0.835775
0.837945
0.836745
0.838075
0.8365
0.836847
0.836404
0.835619
0.835904
0.834723
0.838978
0.839036
0.837642
0.834919
0.838117
0.836783
0.838473
0.837024
0.838115
0.837138
0.835619
0.838897
0.836748
0.836578
0.837085
0.835939
0.833012
0.836898
0.836795
0.836148
0.839108
0.83813
0.835449
0.837099
0.83676
0.836403
0.838492
0.836876
0.837629
0.837429
0.83842
0.837413
0.838044
0.836257
0.836402
0.83902
0.838187
0.837314
0.83417
0.835777
0.835464
0.836658
0.834925
0.837198
0.838199
0.835466
0.837895
0.838941
0.836471
0.837637
0.836321
0.834889
0.839863
0.836471
0.834613
0.836966
0.836921
0.834854
0.837461
0.839441
0.838507
0.83658
0.838408
0.83983
0.837906
0.835657
0.838615
0.8373
0.837819
0.835475
0.837572
0.836585
0.837563
0.837878
0.836623
0.840142
0.836938
0.839499
0.836514
0.838808
0.83703
0.836244
0.83916
0.837867
0.837381
0.836161
0.836489
0.837696
0.837161
0.836518
0.835145
0.837329
0.838687
0.838105
0.837882
0.837013
0.838058
0.835939
0.838397
0.837172
0.836939
0.836478
0.839378
0.837342
0.834718
0.836285
0.836997
0.837687
0.835169
0.836119
0.837357
0.8383
0.838444
0.837893
0.839545
0.836708
0.836364
0.838307
0.836027
0.835276
0.838406
0.83857
0.837728
0.838457
0.83728
0.838818
0.836784
0.835292
0.835659
0.834574
0.835275
0.835797
0.83598
0.839235
0.838671
0.837244
0.838531
0.837602
0.836864
0.835897
0.834069
0.839146
0.840343
0.835499
0.838432
0.83719
0.83869
0.835404
0.840833
0.83597
0.83563
0.837123
0.836657
0.836401
0.83661
0.836486
0.838669
0.836804
0.837465
0.837859
0.838395
0.834785
0.834106
0.835899
0.8381
0.837737
0.833207
0.839264
0.837131
0.837453
0.836397
0.838717
0.836446
0.835156
0.837759
0.837442
0.838277
0.83676
0.835989
0.837601
0.837317
0.836939
0.836812
0.837604
0.836679
0.834302
0.83693
0.836684
0.837815
0.834602
0.835386
0.836541
0.835832
0.838022
0.835602
0.836737
0.832552
0.835385
0.837569
0.837843
0.834384
0.835202
0.835291
0.835619
0.835659
0.835092
0.838347
0.837248
0.835218
0.838419
0.836209
0.836465
0.835526
0.838755
0.837001
0.838163
0.836938
0.835862
0.836602
0.836258
0.8376
0.83704
0.837755
0.837261
0.838625
0.838637
0.835284
0.837232
0.83847
0.835087
0.8353
0.83685
0.839117
0.834521
0.838499
0.837539
0.838109
0.8382
0.835196
0.835103
0.837942
0.835233
0.838466
0.839778
0.83618
0.833186
0.835429
0.838981
0.836607
0.83569
0.837467
0.836722
0.839135
0.836951
0.837402
0.835938
0.837282
0.837453
0.837965
0.838416
0.836256
0.836458
0.837284
0.838323
0.836463
0.836385
0.838223
0.836747
0.835981
0.836768
0.837726
0.838856
0.835981
0.834351
0.836122
0.839536
0.836078
0.837491
0.83705
0.834737
0.834605
0.837445
0.836834
0.835618
0.837869
0.836271
0.838594
0.838032
0.837847
0.837607
0.834381
0.83701
0.83809
0.836197
0.836516
0.838083
0.83783
0.835217
0.835981
0.83688
0.835303
0.834993
0.838213
0.836997
0.837505
0.836685
0.837772
0.837471
0.835062
0.83724
0.839299
0.838084
0.835132
0.839264
0.836686
0.837113
0.836418
0.837307
0.837877
0.83661
0.83804
0.835176
0.836659
0.837057
0.838055
0.834638
0.837476
0.838618
0.836559
0.836487
0.836575
0.834897
0.834604
0.837079
0.835949
0.840052
0.839331
0.837815
0.837106
0.836951
0.838384
0.836014
0.838598
0.837555
0.837165
0.836604
0.839705
0.835215
0.836958
0.837231
0.837095
0.83717
0.840007
0.837378
0.838928
0.836974
0.837741
0.834306
0.836677
0.838201
0.83717
0.836473
0.838145
0.838984
0.838372
0.836353
0.836447
0.835911
0.835095
0.837305
0.838783
0.83458
0.838377
0.835419
0.83634
0.837388
0.835845
0.837438
0.836898
0.838111
0.836617
0.836198
0.836554
0.837708
0.837624
0.836655
0.835146
0.838885
0.836777
0.839261
0.838079
0.837557
0.836999
0.836827
0.838076
0.836174
0.838126
0.835147
0.837225
0.837091
0.838094
0.835529
0.83869
0.837309
0.835847
0.836431
0.838619
0.836701
0.83894
0.837212
0.835678
0.83595
0.836827
0.839494
0.838504
0.836518
0.837668
0.836783
0.838699
0.837381
0.83525
0.835648
0.835249
0.836457
0.838972
0.834573
0.836949
0.837288
0.838004
0.839448
0.836873
0.83682
0.836
0.834714
0.835556
0.836553
0.839051
0.836983
0.837034
0.837816
0.833722
0.836942
0.83616
0.835674
0.83617
0.837355
0.836213
0.835341
0.83655
0.838367
0.837754
0.836955
0.837107
0.835795
0.83795
0.839178
0.837
0.8384
0.837869
0.838113
0.839046
0.836027
0.838108
0.838836
0.834188
0.834872
0.835215
0.835021
0.83774
0.837018
0.837383
0.835431
0.838313
0.834738
0.835772
0.838731
0.838151
0.834265
0.837759
0.836018
0.838453
0.839491
0.836735
0.83557
0.837807
0.839356
0.835738
0.835011
0.837905
0.837694
0.836996
0.836899
0.835307
0.837107
0.834639
0.836127
0.836953
0.835424
0.835955
0.836723
0.838764
0.838109
0.838144
0.837728
0.838239
0.835696
0.837897
0.838176
0.835605
0.836845
0.836808
0.836222
0.83644
0.835719
0.838091
0.83768
0.83811
0.836138
0.837801
0.836103
0.837346
0.840789
0.83612
0.835919
0.836143
0.836277
0.836046
0.83475
0.838909
0.83469
0.837143
0.83526
0.839393
0.837708
0.838072
0.836059
0.836639
0.83707
0.838512
0.838098
0.838028
0.836356
0.837134
0.838467
0.839559
0.836991
0.836194
0.837529
0.835487
0.837693
0.837638
0.836987
0.835828
0.83602
0.837996
0.838746
0.83804
0.838097
0.837694
0.836791
0.835571
0.835628
0.83759
0.839134
0.837874
0.836603
0.837646
0.837315
0.836038
0.837204
0.838573
0.836316
0.834381
0.834059
0.838442
0.836584
0.835266
0.835407
0.835431
0.838309
0.838184
0.838632
0.836771
0.835175
0.8375
0.834067
0.837096
0.837127
0.83594
0.834627
0.837003
0.835786
0.838604
0.836713
0.83648
0.836465
0.83604
0.838477
0.836414
0.833698
0.835162
0.836122
0.835576
0.837361
0.839106
0.838494
0.835083
0.836597
0.835789
0.836849
0.833962
0.835541
0.834423
0.836846
0.836953
0.836532
0.835664
0.837121
0.836309
0.836199
0.838115
0.837485
0.836821
0.836875
0.835844
0.837532
0.838273
0.837152
0.838785
0.838097
0.8361
0.837872
0.83655
0.83679
0.838518
0.837254
0.838519
0.836939
0.83492
0.836235
0.835843
0.835325
0.836486
0.840372
0.83797
0.834696
0.838425
0.8368
0.838261
0.837179
0.837312
0.835524
0.836494
0.838046
0.83637
0.838199
0.838205
0.83578
0.83729
0.835965
0.836835
0.839952
0.834787
0.834479
0.837841
0.835946
0.839691
0.83835
0.836673
0.838172
0.833473
0.838325
0.836169
0.836675
0.833624
0.839248
0.838444
0.837372
0.837885
0.835238
0.837543
0.836591
0.837101
0.837295
0.836914
0.837831
0.83811
0.837517
0.837417
0.838038
0.837565
0.840459
0.837326
0.837091
0.83857
0.83804
0.836195
0.834523
0.837382
0.839179
0.835626
0.835486
0.835301
0.837416
0.838867
0.837491
0.837603
0.836922
0.837415
0.836849
0.836167
0.835867
0.838504
0.835911
0.837385
0.836568
0.83708
0.836296
0.83749
0.835408
0.837354
0.83737
0.837407
0.838038
0.83835
0.836072
0.836906
0.838123
0.838567
0.836636
0.835269
0.839984
0.837293
0.837286
0.834827
0.838334
0.838435
0.836388
0.838302
0.835693
0.837575
0.83978
0.837841
0.837357
0.837858
0.833594
0.838699
0.836793
0.83604
0.835291
0.835291
0.838269
0.838459
0.837454
0.838063
0.838934
0.836896
0.837556
0.838391
0.838138
0.836741
0.835979
0.838329
0.837699
0.839764
0.837807
0.835686
0.834652
0.836043
0.837218
0.835259
0.837284
0.83723
0.838599
0.835683
0.838794
0.839562
0.837584
0.83933
0.837131
0.837578
0.837298
0.837728
0.840018
0.836178
0.835307
0.837404
0.835896
0.835699
0.833906
0.837183
0.836922
0.835942
0.838614
0.836974
0.83807
0.836357
0.835175
0.835433
0.837373
0.838244
0.837083
0.834538
0.837431
0.839037
0.836922
0.835536
0.837835
0.837888
0.836933
0.83963
0.835836
0.838884
0.837158
0.836918
0.836015
0.835739
0.8359
0.838467
0.83663
0.837332
0.836025
0.838853
0.839139
0.83459
0.836457
0.836505
0.838693
0.835333
0.834361
0.837327
0.837799
0.836287
0.83774
0.837068
0.834767
0.835036
0.836676
0.837059
0.836307
0.837011
0.840057
0.839134
0.836944
0.837153
0.839249
0.839882
0.838355
0.836255
0.836177
0.83703
0.837882
0.836696
0.835934
0.834109
0.836974
0.83449
0.837195
0.836865
0.838687
0.836431
0.838618
0.838073
0.838366
0.835955
0.837397
0.83889
0.838224
0.834612
0.83696
0.838866
0.836915
0.838842
0.837073
0.839407
0.836088
0.836846
0.837996
0.837752
0.833886
0.835428
0.837123
0.838318
0.834414
0.837478
0.837228
0.838597
0.83797
0.836251
0.836636
0.836749
0.836033
0.83619
0.835977
0.835296
0.83925
0.83516
0.839095
0.838383
0.834883
0.835046
0.838427
0.83842
0.839027
0.83629
0.83676
0.837529
0.837566
0.83842
0.837722
0.835478
0.836514
0.834827
0.837717
0.838457
0.836269
0.838232
0.836076
0.835614
0.83626
0.837159
0.837609
0.837835
0.836835
0.838056
0.835273
0.839409
0.836583
0.836477
0.835189
0.833073
0.83722
0.835652
0.836956
0.838064
0.834582
0.836499
0.837334
0.834667
0.835509
0.837824
0.837978
0.836627
0.836457
0.835499
0.836811
0.838007
0.83586
0.840124
0.837535
0.836955
0.838383
0.835353
0.836555
0.833071
0.836474
0.836481
0.838379
0.838325
0.837623
0.838418
0.838218
0.839705
0.835566
0.837481
0.836074
0.834115
0.834548
0.834346
0.834854
0.837707
0.837545
0.838165
0.833683
0.835825
0.836434
0.840405
0.836437
0.837801
0.838434
0.836685
0.835843
0.836014
0.83681
0.836635
0.835843
0.837071
0.837804
0.838312
0.838433
0.83687
0.837491
0.836021
0.836826
0.835835
0.835518
0.839047
0.836041
0.837263
0.836956
0.838269
0.836823
0.837321
0.836782
0.8351
0.834498
0.837568
0.838553
0.837755
0.836711
0.837673
0.83616
0.835437
0.835695
0.837102
0.835393
0.836089
0.8373
0.836001
0.834283
0.837069
0.837974
0.837694
0.837248
0.838457
0.836622
0.83738
0.838015
0.837394
0.836499
0.83649
0.837028
0.837675
0.836028
0.837075
0.838046
0.836549
0.836808
0.839008
0.834488
0.83769
0.835655
0.836631
0.837816
0.836857
0.83786
0.83696
0.837752
0.83604
0.838223
0.837212
0.837781
0.838125
0.836068
0.835954
0.835275
0.837972
0.835739
0.837354
0.837641
0.83799
0.83461
0.838141
0.835579
0.839036
0.835317
0.835255
0.840083
0.837927
0.837341
0.836272
0.836481
0.836191
0.837926
0.837208
0.836395
0.837978
0.838549
0.837451
0.837303
0.837582
0.836082
0.835404
0.835379
0.833913
0.836943
0.837647
0.836367
0.837121
0.838971
0.83616
0.836993
0.838348
0.83873
0.836703
0.835756
0.837974
0.836023
0.836931
0.837431
0.835419
0.838535
0.835683
0.83823
0.835854
0.837879
0.838295
0.837978
0.836138
0.837766
0.835858
0.839484
0.837327
0.833255
0.836765
0.838006
0.839191
0.836938
0.836641
0.840648
0.835828
0.837409
0.835611
0.836556
0.838591
0.833251
0.839206
0.836513
0.837099
0.839614
0.836949
0.839072
0.837241
0.838701
0.837985
0.83924
0.83768
0.837352
0.837965
0.835461
0.834706
0.837542
0.835609
0.836969
0.835664
0.836496
0.835694
0.834405
0.838019
0.836569
0.836654
0.837416
0.835094
0.837168
0.836697
0.837881
0.837658
0.837038
0.837678
0.83587
0.836367
0.835788
0.837468
0.837601
0.83678
0.837628
0.840367
0.837242
0.838357
0.837132
0.834453
0.836651
0.835839
0.836113
0.83538
0.834208
0.837297
0.835588
0.836061
0.837456
0.837025
0.835828
0.838655
0.835251
0.837165
0.836725
0.838993
0.839544
0.836447
0.837228
0.837737
0.836499
0.836673
0.836604
0.835281
0.837553
0.837525
0.836947
0.839007
0.836628
0.836955
0.834615
0.838779
0.838437
0.838033
0.838125
0.839471
0.834992
0.837138
0.836093
0.837712
0.839376
0.83638
0.837207
0.837862
0.837322
0.837519
0.838452
0.837153
0.836099
0.835917
0.835463
0.836733
0.838196
0.837101
0.835414
0.838863
0.83817
0.835636
0.836482
0.835823
0.8357
0.835021
0.836645
0.837568
0.834384
0.836577
0.836955
0.837066
0.838134
0.838728
0.837058
0.835946
0.839149
0.837613
0.836439
0.83811
0.838099
0.837005
0.837247
0.837481
0.83778
0.837568
0.837219
0.8387
0.837417
0.835017
0.835792
0.837439
0.83743
0.8386
0.839118
0.83652
0.834077
0.838127
0.837491
0.836445
0.836726
0.835988
0.840714
0.836743
0.836369
0.838311
0.834942
0.837435
0.835772
0.837735
0.836162
0.83861
0.837581
0.835879
0.835878
0.837783
0.833505
0.837529
0.838488
0.839607
0.83607
0.837303
0.835151
0.835604
0.839124
0.837707
0.836548
0.837519
0.839125
0.836265
0.836352
0.838014
0.83909
0.833535
0.838496
0.836104
0.838112
0.834261
0.835401
0.838901
0.835693
0.837174
0.83897
0.837727
0.836708
0.838042
0.837016
0.839601
0.836924
0.838269
0.836372
0.837096
0.836524
0.833782
0.838463
0.837473
0.838529
0.83852
0.836895
0.83725
0.838953
0.836059
0.837023
0.837549
0.836298
0.836236
0.838119
0.837917
0.838071
0.835334
0.839768
0.834202
0.837666
0.834372
0.836526
0.839156
0.838363
0.837452
0.835692
0.837179
0.837167
0.837134
0.83735
0.83698
0.836931
0.836911
0.836588
0.838076
0.838092
0.837618
0.837987
0.838413
0.835544
0.836215
0.837916
0.836066
0.835859
0.837316
0.836297
0.835869
0.836548
0.837095
0.840996
0.836201
0.83578
0.835449
0.836473
0.839216
0.835383
0.838338
0.836405
0.835496
0.838321
0.839002
0.83808
0.835129
0.837417
0.839002
0.837689
0.838703
0.837231
0.838826
0.838563
0.840629
0.839142
0.837128
0.837798
0.837062
0.835722
0.836701
0.837163
0.83583
0.836855
0.83932
0.838508
0.834897
0.836397
0.836292
0.836031
0.838402
0.836492
0.836314
0.839409
0.839209
0.837506
0.836305
0.836066
0.838364
0.834657
0.836452
0.836732
0.83693
0.837148
0.835865
0.835667
0.836191
0.837113
0.837118
0.837072
0.836741
0.835948
0.835563
0.83809
0.839121
0.838931
0.840696
0.834768
0.836462
0.839071
0.83724
0.835937
0.836795
0.837499
0.840412
0.835205
0.839481
0.836731
0.835284
0.837325
0.836783
0.83624
0.837326
0.836223
0.839651
0.837154
0.835646
0.838678
0.837819
0.83743
0.836071
0.836446
0.836905
0.83808
0.834483
0.837719
0.838735
0.838347
0.836031
0.836815
0.836714
0.838194
0.839579
0.836717
0.835547
0.837878
0.839915
0.836252
0.836646
0.838578
0.839411
0.839733
0.838164
0.837243
0.835374
0.835106
0.837874
0.839707
0.838229
0.838057
0.837406
0.83633
0.83691
0.837775
0.836859
0.836858
0.839212
0.836263
0.837822
0.837687
0.835213
0.837173
0.838654
0.835071
0.837047
0.838643
0.836392
0.837577
0.836976
0.839204
0.837217
0.837055
0.837998
0.837342
0.836843
0.838311
0.835445
0.835535
0.834868
0.840335
0.836374
0.837619
0.836781
0.836448
0.835373
0.834653
0.838436
0.836499
0.838204
0.837206
0.837839
0.835287
0.834684
0.838512
0.835858
0.836865
0.835584
0.837324
0.838177
0.836656
0.837431
0.835049
0.838179
0.839817
0.837436
0.838558
0.837314
0.838172
0.838864
0.833296
0.837365
0.835952
0.838392
0.838716
0.835001
0.836773
0.837693
0.836889
0.840428
0.838582
0.838409
0.837248
0.834193
0.836137
0.836278
0.838153
0.836734
0.838054
0.835504
0.835247
0.836454
0.839275
0.8382
0.836895
0.837133
0.835455
0.836801
0.835685
0.834693
0.836698
0.838222
0.836773
0.835024
0.835364
0.837426
0.83691
0.834813
0.838752
0.836886
0.837146
0.836992
0.83827
0.838478
0.835043
0.835811
0.836738
0.839167
0.835463
0.836395
0.835101
0.837045
0.838125
0.836375
0.836008
0.835675
0.836971
0.839037
0.839154
0.838946
0.838904
0.836971
0.836706
0.837047
0.837846
0.837306
0.839059
0.83795
0.835586
0.834743
0.83736
0.836091
0.835068
0.837302
0.835688
0.839253
0.83713
0.838897
0.838793
0.83369
0.839136
0.835299
0.835621
0.835536
0.836014
0.836723
0.838504
0.8368
0.833889
0.837828
0.834981
0.837357
0.833895
0.836458
0.838099
0.838272
0.838146
0.837111
0.838034
0.836832
0.835945
0.838705
0.840132
0.836051
0.83548
0.836872
0.837835
0.839811
0.838339
0.838513
0.837088
0.837795
0.837998
0.83682
0.833672
0.835161
0.835701
0.83795
0.835272
0.835079
0.837497
0.836853
0.837797
0.838193
0.836991
0.837714
0.835756
0.836543
0.835224
0.83622
0.836857
0.83685
0.838465
0.837019
0.836405
0.835506
0.836597
0.835543
0.837301
0.836011
0.837712
0.836824
0.837435
0.835362
0.835738
0.836925
0.83767
0.835665
0.838096
0.838353
0.836372
0.834614
0.838825
0.839836
0.837077
0.837502
0.836953
0.838235
0.836307
0.836678
0.834383
0.833736
0.836809
0.836239
0.838238
0.838327
0.837265
0.838083
0.834983
0.836346
0.837408
0.837306
0.837557
0.835538
0.838514
0.838794
0.835175
0.835929
0.839133
0.836527
0.837677
0.835215
0.836465
0.834327
0.835165
0.837242
0.836937
0.837559
0.835023
0.837173
0.83552
0.837816
0.837206
0.83465
0.835568
0.835431
0.834396
0.837464
0.837874
0.837766
0.836896
0.8363
0.838092
0.836226
0.840263
0.837336
0.836531
0.837088
0.837606
0.838124
0.836892
0.835201
0.837286
0.836187
0.83415
0.835052
0.837828
0.837719
0.837972
0.836171
0.839326
0.838877
0.835673
0.834001
0.841134
0.838731
0.835378
0.838521
0.834958
0.837932
0.833773
0.838344
0.836165
0.839073
0.837184
0.837499
0.83737
0.836472
0.839958
0.838121
0.839005
0.836561
0.840204
0.838363
0.837507
0.836871
0.835576
0.834411
0.837613
0.838777
0.840687
0.836858
0.834724
0.838003
0.838735
0.839537
0.838692
0.835379
0.838875
0.838317
0.835743
0.838197
0.837374
0.837952
0.834523
0.836048
0.83845
0.835927
0.838387
0.836649
0.836841
0.837156
0.833809
0.835266
0.835734
0.836412
0.838689
0.834421
0.83836
0.837618
0.837521
0.83846
0.836487
0.837301
0.838717
0.836959
0.835955
0.837532
0.836968
0.838921
0.839866
0.839659
0.836516
0.836859
0.837493
0.836632
0.836454
0.834991
0.838599
0.836955
0.836591
0.837063
0.834978
0.837492
0.837818
0.835573
0.838671
0.837845
0.837239
0.838215
0.836923
0.83959
0.836389
0.835638
0.836288
0.837473
0.83589
0.835279
0.83546
0.837235
0.83835
0.835488
0.838387
0.837703
0.835868
0.83768
0.837439
0.838527
0.836894
0.837143
0.836064
0.836653
0.838264
0.836333
0.838451
0.834145
0.837494
0.837369
0.837626
0.837296
0.839878
0.838938
0.838159
0.835848
0.837985
0.835905
0.83877
0.835678
0.835994
0.83574
0.836522
0.836044
0.836621
0.83575
0.838116
0.836582
0.837449
0.837282
0.837436
0.838955
0.837148
0.838892
0.837414
0.838839
0.834829
0.837565
0.83652
0.837199
0.837293
0.838232
0.837586
0.837099
0.837128
0.837602
0.836552
0.83563
0.83746
0.83459
0.838647
0.835957
0.838832
0.835647
0.837342
0.83715
0.838665
0.83632
0.837714
0.83817
0.837993
0.835783
0.8351
0.836926
0.836285
0.836919
0.836265
0.836147
0.837118
0.836543
0.838394
0.837046
0.839208
0.838427
0.835212
0.837378
0.83741
0.8351
0.837972
0.836231
0.837067
0.83781
0.838583
0.836238
0.836944
0.837454
0.837934
0.838568
0.83563
0.836638
0.836808
0.837471
0.83554
0.838706
0.834911
0.836894
0.837165
0.837322
0.834715
0.837616
0.836758
0.836419
0.836047
0.837655
0.835994
0.838596
0.837387
0.837388
0.837209
0.839401
0.837915
0.83661
0.835348
0.838197
0.835715
0.836069
0.84066
0.837622
0.837346
0.837761
0.837682
0.836579
0.836093
0.838545
0.838473
0.83644
0.836852
0.838803
0.836055
0.83626
0.834856
0.839606
0.836175
0.835728
0.837878
0.836879
0.835106
0.837781
0.836167
0.837675
0.836426
0.836664
0.837121
0.83735
0.838186
0.833351
0.834366
0.838398
0.83781
0.836138
0.837428
0.839201
0.836098
0.837534
0.832387
0.837772
0.838955
0.836527
0.837518
0.835716
0.83627
0.836298
0.838243
0.836945
0.835219
0.8351
0.836572
0.834767
0.83602
0.837752
0.838265
0.837671
0.838362
0.838794
0.837869
0.836679
0.83893
0.835917
0.837026
0.837158
0.838724
0.839866
0.834658
0.837679
0.835913
0.835786
0.83675
0.836907
0.836822
0.836781
0.836973
0.838642
0.834896
0.835112
0.837015
0.837032
0.837689
0.835855
0.836263
0.837279
0.837454
0.838537
0.834763
0.834524
0.835998
0.837203
0.840102
0.837857
0.838622
0.836408
0.838236
0.833947
0.835058
0.837786
0.835593
0.835527
0.837175
0.835172
0.836202
0.839048
0.837992
0.836687
0.836605
0.836888
0.838796
0.836571
0.836971
0.833834
0.837032
0.836295
0.837627
0.836432
0.838817
0.835753
0.837955
0.837383
0.838073
0.83743
0.837906
0.841186
0.835919
0.838525
0.835352
0.836306
0.835858
0.838896
0.832831
0.835971
0.836454
0.835681
0.838586
0.837752
0.837308
0.837745
0.836932
0.83814
0.837902
0.839572
0.834929
0.834471
0.837248
0.838349
0.835997
0.835326
0.838586
0.836787
0.838725
0.83665
0.835124
0.837268
0.835527
0.8375
0.837794
0.836731
0.838789
0.838856
0.837765
0.834523
0.838207
0.838646
0.838096
0.835553
0.83583
0.833946
0.840772
0.837809
0.837751
0.840178
0.836488
0.836765
0.836056
0.83756
0.834603
0.838687
0.83658
0.838255
0.835292
0.835016
0.838865
0.83612
0.837619
0.837143
0.835812
0.833473
0.837951
0.837838
0.836599
0.835881
0.835822
0.838078
0.837072
0.83556
0.83849
0.837807
0.834546
0.838572
0.836377
0.83495
0.836044
0.836137
0.835463
0.835815
0.836812
0.836026
0.836798
0.837957
0.837244
0.838444
0.836014
0.839754
0.83692
0.838165
0.838727
0.839691
0.836185
0.839493
0.839465
0.835661
0.837304
0.837315
0.837281
0.834471
0.836889
0.835638
0.837552
0.837957
0.835968
0.834257
0.837739
0.837551
0.835218
0.837067
0.836257
0.835082
0.836452
0.835651
0.837099
0.835398
0.837858
0.838337
0.836408
0.835817
0.836202
0.838
0.836193
0.836716
0.836474
0.838801
0.836959
0.836769
0.836503
0.836746
0.838583
0.836743
0.836265
0.835002
0.836679
0.837246
0.836517
0.836102
0.834731
0.837056
0.837813
0.838311
0.840108
0.837139
0.836494
0.835918
0.83678
0.834739
0.836499
0.836606
0.835251
0.832684
0.838988
0.836645
0.83516
0.837382
0.8374
0.835795
0.837542
0.837311
0.839769
0.835777
0.83785
0.837567
0.833693
0.838196
0.836263
0.839718
0.836722
0.839532
0.836471
0.838825
0.835783
0.836437
0.83652
0.835965
0.83744
0.837591
0.834882
0.838917
0.837485
0.83771
0.83334
0.836776
0.835618
0.838326
0.836104
0.836775
0.836618
0.837232
0.837934
0.835221
0.835705
0.836582
0.836825
0.836952
0.838177
0.837642
0.834924
0.836466
0.83669
0.835099
0.836255
0.835808
0.836227
0.836106
0.835533
0.837415
0.837069
0.834507
0.835876
0.836503
0.837857
0.835817
0.839415
0.836946
0.835921
0.837385
0.83752
0.837836
0.835376
0.83776
0.835386
0.837953
0.837899
0.834317
0.835324
0.835807
0.837322
0.837771
0.838339
0.83763
0.83543
0.836403
0.838328
0.836491
0.837585
0.837402
0.837622
0.837046
0.836822
0.836887
0.837913
0.835672
0.838766
0.836807
0.839505
0.836006
0.836449
0.838362
0.839662
0.838469
0.838324
0.835754
0.835307
0.837393
0.840981
0.836032
0.836936
0.835691
0.836744
0.837471
0.83735
0.836324
0.837398
0.835206
0.836859
0.836591
0.836166
0.836476
0.838157
0.838054
0.835594
0.837053
0.835702
0.83603
0.837497
0.834667
0.833892
0.840088
0.836923
0.836204
0.836738
0.838357
0.834933
0.837573
0.836141
0.835478
0.837887
0.838156
0.837313
0.838982
0.833954
0.835764
0.836106
0.839503
0.839165
0.838415
0.837375
0.839554
0.835213
0.836866
0.838431
0.837718
0.83711
0.837122
0.835916
0.836478
0.83851
0.836771
0.838044
0.836088
0.834705
0.837403
0.836452
0.837402
0.838163
0.836056
0.83639
0.83894
0.83771
0.834568
0.835329
0.838254
0.837711
0.834674
0.838123
0.837296
0.836315
0.836609
0.839535
0.837367
0.837002
0.837873
0.837289
0.83721
0.837499
0.836908
0.83544
0.839303
0.836595
0.838328
0.836836
0.836538
0.835724
0.835435
0.836054
0.837276
0.835146
0.835758
0.836719
0.834629
0.835045
0.836617
0.839382
0.837718
0.83676
0.837068
0.835076
0.836531
0.835544
0.836376
0.835115
0.838327
0.837393
0.836919
0.837347
0.83608
0.838408
0.837018
0.836136
0.838128
0.837263
0.83866
0.837277
0.837002
0.838387
0.836172
0.837617
0.838657
0.838479
0.835454
0.837639
0.836762
0.836659
0.83723
0.83778
0.837819
0.836766
0.836559
0.83977
0.838209
0.839672
0.837935
0.838592
0.837915
0.835618
0.833737
0.834924
0.836085
0.83787
0.834307
0.837175
0.83846
0.836804
0.835674
0.837679
0.838346
0.834718
0.83526
0.838278
0.836893
0.836274
0.834434
0.835494
0.837904
0.836526
0.838192
0.834878
0.834622
0.837053
0.836806
0.836591
0.837226
0.834375
0.837622
0.838467
0.84076
0.83715
0.838183
0.838802
0.83621
0.834566
0.835889
0.837313
0.833807
0.836101
0.838479
0.835557
0.838953
0.83631
0.838701
0.838581
0.835605
0.83584
0.83882
0.837155
0.836958
0.836145
0.837502
0.838525
0.835899
0.836411
0.837372
0.837534
0.83641
0.837845
0.836927
0.832732
0.838066
0.836829
0.838072
0.837912
0.836092
0.836948
0.83811
0.836705
0.837292
0.837739
0.837514
0.835978
0.836639
0.836681
0.836066
0.837739
0.838041
0.836488
0.836536
0.838253
0.836117
0.837469
0.836938
0.837722
0.837059
0.836841
0.835838
0.836843
0.837826
0.838709
0.835874
0.83838
0.837295
0.835322
0.838141
0.836361
0.837526
0.839353
0.837876
0.835933
0.837072
0.837326
0.838281
0.837429
0.835594
0.837617
0.836694
0.837489
0.838445
0.837357
0.839418
0.834221
0.834768
0.837928
0.836623
0.836481
0.838321
0.837268
0.835424
0.837745
0.836675
0.83682
0.836328
0.836239
0.837739
0.837612
0.838871
0.836599
0.837164
0.836072
0.837369
0.836353
0.837476
0.837616
0.836817
0.835988
0.836662
0.834809
0.835917
0.83764
0.833928
0.836636
0.838445
0.837563
0.838136
0.838363
0.838379
0.838478
0.838486
0.837938
0.835435
0.835341
0.837296
0.836924
0.836858
0.838405
0.837504
0.836293
0.838393
0.836116
0.835269
0.835393
0.836793
0.836698
0.836476
0.839365
0.8366
0.83603
0.837502
0.837053
0.835336
0.838755
0.838568
0.835546
0.837424
0.838878
0.837263
0.835723
0.837041
0.837441
0.834992
0.839116
0.83815
0.836512
0.837304
0.836795
0.833942
0.836102
0.836228
0.839004
0.836495
0.835432
0.837179
0.837434
0.837818
0.835345
0.838041
0.83555
0.836778
0.837349
0.837064
0.837561
0.838251
0.836521
0.836004
0.837525
0.836201
0.837139
0.837802
0.837118
0.838438
0.836335
0.835334
0.838115
0.837596
0.836997
0.836236
0.835911
0.835324
0.838224
0.835741
0.836539
0.836126
0.836361
0.837694
0.836599
0.836792
0.836964
0.837377
0.837145
0.835953
0.838205
0.837621
0.837671
0.838468
0.834468
0.834217
0.835562
0.836857
0.836452
0.836965
0.836538
0.837541
0.835906
0.837483
0.835228
0.838388
0.836947
0.837497
0.835046
0.835642
0.838044
0.836546
0.837227
0.835962
0.837693
0.834918
0.834284
0.836632
0.837027
0.837874
0.834954
0.836552
0.836511
0.83823
0.83978
0.83693
0.837146
0.838008
0.836502
0.835364
0.838637
0.838929
0.835118
0.836957
0.834375
0.835633
0.835915
0.837918
0.836725
0.838309
0.83712
0.837225
0.837446
0.838097
0.837114
0.835268
0.834302
0.836248
0.839133
0.836702
0.837103
0.836129
0.836733
0.834452
0.837098
0.839654
0.837088
0.837879
0.837142
0.835689
0.838269
0.835449
0.836177
0.837157
0.837741
0.837865
0.835974
0.835094
0.836076
0.83707
0.83471
0.835836
0.839215
0.838674
0.841647
0.836161
0.839035
0.835692
0.83802
0.834225
0.838991
0.83737
0.83628
0.835208
0.834782
0.839009
0.83627
0.837341
0.838126
0.836563
0.837893
0.835197
0.83766
0.838069
0.836434
0.835602
0.83523
0.838292
0.836692
0.838122
0.837837
0.837766
0.838104
0.836355
0.837447
0.838112
0.837752
0.838324
0.836388
0.837181
0.834921
0.837071
0.836633
0.836547
0.837449
0.836372
0.839423
0.836295
0.83563
0.837031
0.838517
0.836274
0.835044
0.836513
0.83574
0.837972
0.837502
0.836822
0.838075
0.836096
0.837488
0.837084
0.838925
0.836514
0.839904
0.834509
0.834515
0.837992
0.838832
0.83709
0.83521
0.836553
0.838431
0.837916
0.835772
0.839297
0.836405
0.836816
0.838183
0.836331
0.837265
0.837169
0.833963
0.839053
0.835796
0.836095
0.83809
0.838215
0.8387
0.837188
0.836345
0.836373
0.838604
0.838302
0.837514
0.836709
0.835457
0.83598
0.837257
0.837573
0.836313
0.837093
0.836863
0.837552
0.837515
0.837473
0.839229
0.836717
0.837545
0.836812
0.837059
0.840191
0.836233
0.835915
0.834148
0.8363
0.839766
0.837472
0.834653
0.837133
0.835656
0.836332
0.837354
0.839841
0.837067
0.841155
0.83437
0.83549
0.838778
0.835993
0.837227
0.83608
0.838299
0.83674
0.838885
0.837898
0.838432
0.838746
0.836215
0.837208
0.836108
0.835113
0.836992
0.835948
0.838396
0.835557
0.836697
0.836705
0.836745
0.834992
0.838261
0.838772
0.834272
0.835508
0.838675
0.835976
0.838258
0.838243
0.836828
0.836088
0.83631
0.835156
0.836175
0.836268
0.837022
0.839862
0.837631
0.838615
0.837366
0.839017
0.83568
0.834511
0.836493
0.838815
0.83802
0.837071
0.83681
0.834744
0.835338
0.836104
0.836799
0.839009
0.837923
0.83809
0.837455
0.836226
0.839028
0.837056
0.839406
0.835715
0.839219
0.837819
0.836951
0.838226
0.840153
0.836074
0.838093
0.835834
0.835073
0.836709
0.83733
0.839412
0.837695
0.836658
0.836614
0.834822
0.837676
0.837035
0.835919
0.837508
0.836721
0.838702
0.836159
0.8367
0.835893
0.837141
0.834667
0.83864
0.835028
0.838632
0.836034
0.835447
0.837727
0.83742
0.83549
0.837627
0.838528
0.837467
0.835398
0.836693
0.83689
0.836158
0.83537
0.83518
0.837565
0.837215
0.839358
0.835692
0.834516
0.83572
0.8363
0.837485
0.836543
0.834887
0.837807
0.836781
0.834453
0.836497
0.837978
0.837108
0.839196
0.838578
0.837485
0.83646
0.836414
0.834742
0.838615
0.837408
0.836544
0.837538
0.836984
0.836302
0.838908
0.837732
0.838763
0.837319
0.837647
0.839466
0.835178
0.834001
0.83643
0.835041
0.838936
0.835121
0.838372
0.838392
0.83629
0.838313
0.838974
0.835039
0.837058
0.836733
0.838327
0.836618
0.834818
0.838265
0.837196
0.836928
0.836895
0.83823
0.835679
0.837901
0.837622
0.837288
0.837725
0.837395
0.836199
0.839587
0.834934
0.837991
0.838815
0.836058
0.834928
0.837801
0.839435
0.835169
0.836233
0.835589
0.836357
0.835198
0.839466
0.835657
0.837556
0.836923
0.837917
0.838757
0.838823
0.83692
0.83673
0.836137
0.838554
0.835955
0.835835
0.836408
0.839793
0.839065
0.835915
0.838246
0.839135
0.836202
0.835162
0.839564
0.838621
0.839866
0.838592
0.837786
0.836985
0.839251
0.837715
0.836076
0.839468
0.837639
0.838063
0.838014
0.836651
0.837189
0.837994
0.835833
0.835879
0.837795
0.838375
0.839608
0.836217
0.836888
0.838003
0.838902
0.837179
0.836434
0.83869
0.837914
0.835723
0.834664
0.837064
0.836051
0.838965
0.838425
0.838284
0.835275
0.836154
0.834914
0.83723
0.835745
0.836643
0.836685
0.83973
0.838492
0.83358
0.838336
0.836705
0.836592
0.836452
0.835286
0.836723
0.837378
0.836944
0.837074
0.837736
0.836607
0.8355
0.838854
0.837307
0.839313
0.838615
0.837039
0.836139
0.837271
0.83626
0.83677
0.838272
0.83874
0.834317
0.835083
0.833924
0.836474
0.836767
0.838144
0.83696
0.835746
0.836984
0.837153
0.834645
0.839671
0.839238
0.836817
0.838338
0.837548
0.836685
0.837336
0.837056
0.838329
0.839518
0.83447
0.836264
0.839113
0.838934
0.8408
0.836628
0.837256
0.836706
0.837842
0.836666
0.837703
0.837368
0.835717
0.837353
0.834346
0.835531
0.839974
0.836708
0.838211
0.837525
0.838801
0.834989
0.836997
0.838768
0.834699
0.836059
0.837115
0.83657
0.834235
0.837778
0.836248
0.840508
0.836435
0.836926
0.836797
0.836785
0.837452
0.834985
0.839983
0.835361
0.836473
0.834053
0.836778
0.839011
0.837897
0.837827
0.835383
0.834443
0.837583
0.838708
0.836746
0.837895
0.835407
0.83691
0.836538
0.83795
0.839037
0.838421
0.837907
0.835886
0.837791
0.837754
0.838567
0.836124
0.837014
0.836466
0.836062
0.837954
0.834733
0.833933
0.838047
0.835559
0.837485
0.835957
0.83747
0.837497
0.835803
0.838862
0.837792
0.839865
0.839169
0.837382
0.84196
0.83819
0.83723
0.835673
0.836354
0.836159
0.838954
0.838022
0.836707
0.838313
0.837972
0.837029
0.838524
0.836163
0.838407
0.836816
0.834997
0.838533
0.836673
0.83946
0.838962
0.83676
0.840477
0.837826
0.835494
0.836737
0.837548
0.837161
0.835949
0.836542
0.838352
0.836382
0.837091
0.839306
0.836459
0.840344
0.838693
0.836546
0.836639
0.835947
0.836112
0.83628
0.838184
0.836645
0.838309
0.837341
0.83579
0.838402
0.838686
0.836848
0.838242
0.837049
0.838856
0.835081
0.838276
0.838767
0.836732
0.838322
0.836466
0.837903
0.836373
0.836587
0.837857
0.837806
0.838137
0.836427
0.836987
0.835797
0.833319
0.837907
0.838183
0.834947
0.838693
0.83599
0.835504
0.837043
0.840234
0.84059
0.836738
0.837712
0.838629
0.835024
0.836834
0.838727
0.837585
0.836603
0.835744
0.837412
0.836675
0.8379
0.836741
0.834932
0.837336
0.836419
0.837884
0.83644
0.837395
0.834383
0.838077
0.838484
0.837383
0.837617
0.83911
0.833967
0.837539
0.838539
0.839481
0.837251
0.836029
0.838559
0.834838
0.835214
0.837726
0.834929
0.840461
0.837861
0.837847
0.835819
0.837396
0.83632
0.838203
0.836653
0.835721
0.838279
0.836881
0.838613
0.836415
0.838376
0.837799
0.840192
0.83596
0.838161
0.83973
0.841634
0.83905
0.836744
0.837617
0.838882
0.839358
0.839669
0.83658
0.838319
0.836213
0.83757
0.837274
0.837636
0.836164
0.838411
0.837688
0.839689
0.83528
0.838962
0.836208
0.836217
0.83982
0.839199
0.836455
0.84007
0.837185
0.835899
0.839368
0.836459
0.837119
0.833854
0.834852
0.836934
0.836098
0.835675
0.837191
0.835592
0.838086
0.838186
0.836407
0.837509
0.835578
0.8366
0.835499
0.838555
0.83996
0.840194
0.835574
0.83823
0.838114
0.837747
0.837468
0.83856
0.837915
0.836307
0.835057
0.836389
0.836311
0.836182
0.836293
0.838364
0.836227
0.836597
0.835284
0.837729
0.834361
0.837247
0.83695
0.838701
0.837501
0.835722
0.837829
0.837117
0.838961
0.836827
0.835938
0.83613
0.834324
0.837516
0.838314
0.839044
0.839637
0.837515
0.837846
0.836286
0.834588
0.838872
0.836077
0.834425
0.835226
0.835737
0.837416
0.839632
0.837455
0.83915
0.837209
0.835659
0.836624
0.836751
0.835262
0.837989
0.835101
0.837008
0.838564
0.835384
0.836245
0.836179
0.83475
0.835719
0.838
0.835368
0.837394
0.836644
0.837934
0.839275
0.835969
0.83703
0.837615
0.835407
0.837018
0.838006
0.835862
0.835104
0.834344
0.83619
0.835632
0.836819
0.839128
0.836169
0.837679
0.837029
0.838873
0.8377
0.836221
0.834375
0.837046
0.836016
0.837061
0.838586
0.840002
0.83546
0.838395
0.836557
0.837853
0.83765
0.838967
0.843887
0.83741
0.838502
0.83596
0.836904
0.836151
0.838637
0.835524
0.837082
0.83933
0.836119
0.834877
0.835916
0.836121
0.837582
0.839789
0.838542
0.838247
0.837444
0.840331
0.837221
0.833461
0.838283
0.836909
0.837098
0.837121
0.837187
0.838264
0.837312
0.835922
0.83578
0.837453
0.837664
0.838396
0.837516
0.838062
0.835571
0.83397
0.836546
0.838092
0.837814
0.837164
0.838469
0.837302
0.836961
0.837283
0.837141
0.836965
0.83547
0.837479
0.835757
0.834595
0.836233
0.838333
0.836619
0.83743
0.836089
0.839802
0.837319
0.83656
0.837728
0.838022
0.837194
0.838292
0.835217
0.837249
0.837272
0.837248
0.839325
0.838293
0.834957
0.838617
0.835649
0.838496
0.836905
0.836539
0.837295
0.836931
0.83667
0.837201
0.835956
0.837298
0.838396
0.837627
0.837192
0.83506
0.836687
0.8403
0.837903
0.839073
0.837435
0.83885
0.839096
0.836698
0.83922
0.837469
0.838573
0.835369
0.836972
0.836415
0.838623
0.837089
0.836135
0.839465
0.835745
0.83612
0.838486
0.836916
0.835797
0.841042
0.836153
0.836733
0.839039
0.837616
0.839775
0.835043
0.839073
0.837011
0.836624
0.836025
0.835062
0.836283
0.835675
0.837541
0.839157
0.836681
0.837968
0.83685
0.836232
0.838739
0.84078
0.836236
0.836247
0.834813
0.837722
0.837568
0.836483
0.836561
0.83852
0.83785
0.83858
0.838555
0.839529
0.837861
0.834899
0.83474
0.836648
0.837204
0.839072
0.83851
0.838224
0.83755
0.836977
0.837286
0.839505
0.838976
0.838524
0.83299
0.838062
0.838923
0.836177
0.836038
0.835552
0.839724
0.837005
0.835734
0.837343
0.837547
0.838657
0.837617
0.837717
0.835571
0.837604
0.835241
0.834671
0.837555
0.838404
0.836779
0.838786
0.836847
0.839142
0.83663
0.837883
0.835268
0.837561
0.837783
0.835418
0.83619
0.83709
0.836437
0.837183
0.836017
0.837418
0.836914
0.836001
0.836954
0.836814
0.837694
0.839481
0.836495
0.835924
0.836654
0.838439
0.835772
0.836032
0.836759
0.835602
0.835311
0.837654
0.837211
0.838503
0.835118
0.838621
0.838378
0.83744
0.83849
0.836794
0.83514
0.835344
0.835986
0.834867
0.835362
0.83885
0.837218
0.838246
0.838736
0.837077
0.835892
0.838582
0.840011
0.837282
0.838593
0.837786
0.839757
0.83637
0.837201
0.834817
0.837305
0.838283
0.835143
0.8367
0.836329
0.838205
0.836357
0.835391
0.83527
0.836755
0.838723
0.84117
0.839485
0.8337
0.83789
0.836377
0.83798
0.838399
0.839116
0.838006
0.836619
0.838479
0.836089
0.836623
0.836789
0.837261
0.836508
0.837631
0.836166
0.835402
0.837303
0.836636
0.837043
0.835517
0.83836
0.836477
0.837865
0.83628
0.836962
0.836379
0.835274
0.83779
0.837001
0.837656
0.835183
0.836491
0.835654
0.838102
0.838104
0.835787
0.833564
0.83605
0.836874
0.837279
0.834298
0.83797
0.83713
0.838355
0.834315
0.83507
0.837055
0.837977
0.839871
0.838838
0.838226
0.835047
0.83994
0.837801
0.836894
0.835835
0.836003
0.836818
0.836112
0.835701
0.838434
0.83882
0.838041
0.835621
0.835519
0.836914
0.83544
0.837537
0.83857
0.838584
0.834946
0.837631
0.839956
0.837719
0.837468
0.835634
0.838768
0.837867
0.837686
0.836794
0.837751
0.835765
0.836731
0.835752
0.839645
0.837789
0.836136
0.834438
0.836862
0.836367
0.840638
0.835728
0.836893
0.836862
0.840503
0.838458
0.837907
0.836822
0.833908
0.836696
0.835872
0.835976
0.834705
0.835999
0.837749
0.83892
0.833971
0.837349
0.839012
0.841122
0.835158
0.837925
0.837634
0.836651
0.839015
0.836277
0.837795
0.836652
0.833165
0.838566
0.838298
0.836369
0.835514
0.838347
0.836977
0.835183
0.839074
0.840628
0.83894
0.837284
0.839389
0.838373
0.837937
0.835098
0.838509
0.837444
0.835759
0.838847
0.834559
0.837687
0.835484
0.837163
0.837079
0.836228
0.836952
0.838536
0.836322
0.83786
0.838463
0.837102
0.837083
0.835806
0.836538
0.836106
0.837412
0.836326
0.834933
0.838112
0.836735
0.835808
0.8397
0.837561
0.837344
0.836929
0.838434
0.839723
0.834095
0.835594
0.834328
0.835334
0.837034
0.835992
0.837334
0.834766
0.834559
0.838031
0.836708
0.838695
0.838788
0.834784
0.835853
0.835027
0.835799
0.836176
0.840681
0.834012
0.83638
0.833587
0.837365
0.836924
0.836211
0.836597
0.838725
0.835413
0.837397
0.836283
0.837089
0.837249
0.835392
0.838304
0.8368
0.839877
0.83813
0.838015
0.839185
0.83651
0.838612
0.836676
0.837817
0.837192
0.836561
0.837301
0.835737
0.837946
0.837694
0.834842
0.838345
0.838101
0.838324
0.837938
0.835417
0.837626
0.838653
0.836725
0.837548
0.836739
0.837371
0.839309
0.837255
0.838722
0.835032
0.837465
0.8367
0.835785
0.837509
0.835613
0.8373
0.835595
0.838711
0.837035
0.837494
0.836052
0.834984
0.835374
0.837617
0.838284
0.837431
0.837955
0.838681
0.833553
0.836212
0.838492
0.837445
0.838842
0.838
0.83845
0.834861
0.837222
0.836526
0.833791
0.838241
0.836648
0.838221
0.83666
0.836065
0.835275
0.837324
0.835637
0.838287
0.834544
0.83584
0.836935
0.836422
0.834269
0.835059
0.837146
0.837808
0.83781
0.838337
0.835403
0.839161
0.836569
0.83673
0.837018
0.836066
0.839226
0.835393
0.835875
0.839831
0.838335
0.837739
0.837654
0.837314
0.837074
0.837419
0.836048
0.835379
0.836876
0.838192
0.837657
0.836144
0.838011
0.836882
0.837884
0.836752
0.836371
0.836589
0.838126
0.837263
0.838637
0.836278
0.837374
0.838949
0.835013
0.834583
0.836766
0.838362
0.836144
0.835914
0.837341
0.838085
0.836588
0.837071
0.836986
0.8377
0.836517
0.835239
0.839938
0.837906
0.836711
0.83579
0.837811
0.837679
0.837221
0.83921
0.836264
0.836657
0.836678
0.837162
0.837192
0.836139
0.841513
0.83534
0.835586
0.836817
0.837453
0.838859
0.83558
0.837792
0.839112
0.838619
0.834733
0.840154
0.836674
0.836581
0.837276
0.837389
0.836541
0.839354
0.836451
0.832941
0.837473
0.837705
0.837066
0.837581
0.837747
0.837009
0.834247
0.835909
0.837805
0.835436
0.838122
0.834148
0.836807
0.836408
0.834804
0.836384
0.835377
0.836073
0.838158
0.836378
0.83853
0.837626
0.837314
0.83758
0.836081
0.838008
0.838027
0.839178
0.837228
0.838237
0.838807
0.837208
0.837117
0.838714
0.837736
0.836762
0.837486
0.83875
0.836568
0.838932
0.83592
0.838142
0.83662
0.835346
0.836539
0.837179
0.837304
0.839239
0.835174
0.836955
0.836862
0.839652
0.835991
0.839087
0.835622
0.835347
0.837076
0.837806
0.836126
0.837123
0.835075
0.836224
0.836028
0.835325
0.836916
0.835842
0.836666
0.835577
0.837007
0.836549
0.837081
0.839045
0.836582
0.836056
0.836252
0.836303
0.838523
0.837254
0.836775
0.837619
0.836965
0.835598
0.837175
0.835179
0.837196
0.83668
0.837874
0.835765
0.836636
0.836333
0.836169
0.835867
0.836822
0.83868
0.836793
0.837523
0.836728
0.837308
0.837817
0.838244
0.837224
0.835606
0.836852
0.838489
0.836624
0.838742
0.837584
0.83616
0.835225
0.835913
0.83646
0.83657
0.837864
0.836748
0.837498
0.835503
0.838544
0.839816
0.838703
0.835756
0.834823
0.838975
0.837146
0.836922
0.837921
0.835265
0.836308
0.836446
0.835679
0.834669
0.836768
0.838923
0.836819
0.838793
0.83692
0.836481
0.83636
0.833631
0.838201
0.838045
0.836372
0.837179
0.837428
0.83738
0.837196
0.838783
0.835511
0.837195
0.835081
0.833513
0.838477
0.835766
0.83713
0.836111
0.837761
0.836935
0.834735
0.835485
0.836077
0.835651
0.83652
0.836336
0.834914
0.837718
0.837872
0.837383
0.836036
0.837019
0.835784
0.839362
0.834234
0.83588
0.838251
0.838921
0.838122
0.835852
0.838972
0.836837
0.835836
0.835043
0.837852
0.839493
0.833255
0.83703
0.835859
0.839512
0.836748
0.837563
0.837397
0.837112
0.83626
0.838211
0.834021
0.837914
0.836121
0.840001
0.838754
0.839102
0.83725
0.835841
0.838489
0.835241
0.83674
0.836278
0.83665
0.836202
0.836597
0.834085
0.836159
0.836907
0.836573
0.836929
0.835967
0.83511
0.836248
0.837984
0.837826
0.838182
0.836871
0.839167
0.837991
0.836975
0.836197
0.836834
0.837766
0.836339
0.83668
0.834955
0.83851
0.837347
0.836874
0.838318
0.83519
0.836684
0.835694
0.83603
0.838459
0.834874
0.839263
0.837956
0.836565
0.836594
0.835879
0.837824
0.838815
0.834445
0.837683
0.839857
0.839298
0.838282
0.838727
0.838854
0.837262
0.839228
0.837199
0.838413
0.837436
0.838537
0.838698
0.836005
0.836412
0.83619
0.837171
0.839227
0.836574
0.835965
0.837398
0.83608
0.836647
0.839107
0.839365
0.838976
0.836961
0.83698
0.835309
0.837166
0.838857
0.835899
0.836754
0.834232
0.838327
0.838006
0.837586
0.837225
0.83704
0.836008
0.837624
0.840015
0.836061
0.836726
0.835396
0.836616
0.83579
0.837089
0.837599
0.834995
0.838957
0.836204
0.837635
0.837639
0.837972
0.835321
0.838856
0.838224
0.839082
0.83462
0.839138
0.835773
0.835317
0.837885
0.837006
0.837285
0.838052
0.836213
0.837285
0.836844
0.838226
0.837866
0.837862
0.837114
0.837697
0.836929
0.83612
0.837384
0.83588
0.838174
0.83632
0.834948
0.837913
0.837295
0.837764
0.836886
0.838128
0.835523
0.836194
0.835263
0.837575
0.835027
0.833955
0.835367
0.838585
0.838616
0.835611
0.837067
0.837323
0.835335
0.837967
0.837466
0.839948
0.835899
0.835437
0.836489
0.836015
0.837881
0.836953
0.836159
0.836042
0.836551
0.837015
0.838037
0.837726
0.838508
0.836643
0.836443
0.839102
0.836813
0.836578
0.835875
0.839031
0.838045
0.837346
0.835672
0.837507
0.839874
0.837894
0.838034
0.836955
0.836614
0.838202
0.839199
0.834934
0.835682
0.838462
0.837507
0.836977
0.838234
0.835654
0.838831
0.836481
0.837408
0.835514
0.835805
0.838582
0.834892
0.83474
0.837937
0.834746
0.836751
0.837779
0.835105
0.834525
0.837677
0.837547
0.836168
0.838574
0.835925
0.837475
0.836884
0.838397
0.837171
0.834101
0.835019
0.835245
0.8357
0.837162
0.835146
0.837227
0.836911
0.837326
0.837333
0.835406
0.83799
0.837994
0.840257
0.836684
0.839286
0.834027
0.838722
0.835048
0.836396
0.837727
0.836596
0.837986
0.838179
0.838736
0.836804
0.833968
0.836792
0.837439
0.837047
0.838056
0.83917
0.836032
0.836514
0.836064
0.836036
0.837069
0.837512
0.836652
0.836979
0.834543
0.83583
0.837244
0.83667
0.840417
0.836439
0.83677
0.8367
0.837486
0.835999
0.835901
0.837329
0.836483
0.8355
0.83609
0.836931
0.836651
0.836031
0.836409
0.837608
0.84113
0.835147
0.839057
0.838783
0.838114
0.835368
0.835864
0.836926
0.835824
0.837041
0.837924
0.836639
0.837732
0.838113
0.839739
0.836669
0.834884
0.837008
0.837208
0.835852
0.837956
0.836098
0.838027
0.837722
0.83696
0.838177
0.836662
0.836815
0.837113
0.83678
0.840712
0.836953
0.838339
0.836029
0.838861
0.836776
0.836911
0.836948
0.835847
0.837935
0.837008
0.837133
0.835297
0.837055
0.836255
0.837531
0.83717
0.837237
0.838742
0.834779
0.836728
0.836995
0.835608
0.835984
0.836025
0.836197
0.836951
0.837466
0.836075
0.835549
0.836263
0.834641
0.835315
0.837787
0.8387
0.836667
0.837606
0.837516
0.837456
0.834811
0.835277
0.836887
0.837546
0.834861
0.835511
0.83634
0.837073
0.83653
0.8354
0.838145
0.836135
0.840074
0.83613
0.837569
0.837012
0.837322
0.839286
0.836906
0.835618
0.837405
0.837882
0.837102
0.839482
0.835973
0.835212
0.838305
0.835779
0.83537
0.837625
0.837341
0.835558
0.838396
0.837073
0.835089
0.837489
0.836725
0.834109
0.835585
0.836972
0.83421
0.836524
0.835637
0.83701
0.836628
0.836491
0.836147
0.834614
0.838264
0.837172
0.835007
0.839477
0.834846
0.83898
0.83463
0.836966
0.836071
0.835881
0.834905
0.836182
0.838564
0.835946
0.837429
0.836575
0.836814
0.838593
0.837178
0.83531
0.838555
0.838266
0.83677
0.83627
0.835846
0.83652
0.836853
0.836282
0.83638
0.838333
0.835483
0.834915
0.838298
0.836705
0.837779
0.83639
0.839292
0.838859
0.837988
0.835786
0.836418
0.83649
0.835669
0.834869
0.840174
0.837826
0.835141
0.839269
0.837516
0.838019
0.835111
0.836652
0.836322
0.840004
0.836051
0.837135
0.838133
0.837149
0.83798
0.837482
0.837618
0.838745
0.838896
0.836416
0.836254
0.839307
0.83691
0.838356
0.837259
0.837667
0.836618
0.835513
0.836958
0.837113
0.835286
0.83545
0.836459
0.839961
0.837215
0.837652
0.838163
0.837479
0.836486
0.837476
0.836621
0.836031
0.840731
0.835938
0.836264
0.836865
0.837294
0.838368
0.838983
0.837261
0.83771
0.83534
0.835474
0.835142
0.837243
0.837434
0.837583
0.837681
0.835975
0.83711
0.836767
0.839265
0.836978
0.835943
0.840062
0.836712
0.836326
0.837434
0.837334
0.837744
0.835371
0.837684
0.836847
0.837289
0.836875
0.838622
0.834636
0.83673
0.837216
0.835177
0.835516
0.836883
0.836477
0.835519
0.837377
0.835519
0.836541
0.834413
0.836874
0.837512
0.836967
0.835834
0.837871
0.836751
0.835453
0.836131
0.834876
0.836949
0.837759
0.836329
0.834188
0.837716
0.834842
0.838727
0.836992
0.838503
0.838116
0.835911
0.836919
0.837433
0.835593
0.838983
0.837387
0.838391
0.835795
0.836338
0.838456
0.837055
0.838093
0.836304
0.835845
0.836923
0.8382
0.83567
0.838716
0.837092
0.835655
0.837901
0.836143
0.837427
0.835221
0.837216
0.835149
0.83795
0.835864
0.838375
0.833671
0.836555
0.839504
0.836152
0.83709
0.838029
0.838919
0.835925
0.837894
0.837553
0.836955
0.835868
0.835222
0.836909
0.836897
0.835719
0.836693
0.836281
0.840361
0.837613
0.836841
0.836843
0.83597
0.838513
0.836754
0.836143
0.836741
0.840554
0.836996
0.837606
0.839131
0.836243
0.83962
0.836329
0.838781
0.838796
0.836933
0.840827
0.839235
0.837135
0.835185
0.840909
0.838638
0.837891
0.837528
0.837524
0.835989
0.837764
0.835692
0.837013
0.836394
0.836825
0.837026
0.835138
0.838527
0.837456
0.838553
0.833937
0.836851
0.836965
0.837091
0.836119
0.836323
0.838865
0.838593
0.836812
0.835094
0.836555
0.835749
0.834014
0.835442
0.837915
0.838442
0.836402
0.837014
0.836899
0.836733
0.83736
0.837139
0.835496
0.837947
0.835415
0.837018
0.83829
0.83498
0.837672
0.838077
0.838459
0.836436
0.835747
0.836988
0.835295
0.837748
0.838498
0.836724
0.838729
0.836227
0.836593
0.837857
0.837062
0.83696
0.838016
0.835315
0.838877
0.835007
0.83648
0.837855
0.835985
0.838778
0.837121
0.837669
0.835707
0.836702
0.834635
0.837998
0.835257
0.836653
0.837368
0.836989
0.835887
0.836312
0.837575
0.83906
0.836705
0.838194
0.834734
0.837304
0.835176
0.837484
0.838119
0.837083
0.836436
0.835934
0.837736
0.835926
0.835752
0.835516
0.838258
0.83691
0.835084
0.836118
0.838573
0.835922
0.835882
0.837443
0.837214
0.837193
0.836744
0.83761
0.836083
0.837269
0.836807
0.836699
0.834994
0.837288
0.840808
0.836636
0.836455
0.837313
0.838655
0.837627
0.836858
0.836825
0.83669
0.835987
0.837183
0.838988
0.836806
0.837555
0.837463
0.836964
0.836575
0.83581
0.836036
0.8358
0.837945
0.834168
0.837098
0.838565
0.837856
0.837366
0.838157
0.837339
0.839144
0.836244
0.840528
0.836768
0.835723
0.835757
0.83656
0.838015
0.833521
0.837605
0.837225
0.83748
0.835212
0.841024
0.837437
0.836641
0.835428
0.836178
0.838766
0.837448
0.838326
0.836072
0.836704
0.838318
0.836032
0.836241
0.838137
0.834104
0.836057
0.840553
0.836884
0.837272
0.835835
0.836702
0.837507
0.837153
0.837109
0.837336
0.839292
0.836073
0.836632
0.836015
0.835606
0.837145
0.838673
0.837411
0.836108
0.836753
0.83906
0.838359
0.838147
0.838214
0.837955
0.835786
0.838338
0.83835
0.836122
0.838138
0.832827
0.837544
0.839338
0.836412
0.838524
0.835166
0.839956
0.836397
0.836934
0.837534
0.838842
0.837919
0.836241
0.838498
0.836767
0.838663
0.837161
0.835848
0.838337
0.836452
0.834832
0.83956
0.835585
0.83725
0.836551
0.837457
0.835524
0.837091
0.836
0.837728
0.836137
0.837618
0.837271
0.838147
0.836071
0.835487
0.837404
0.838393
0.836878
0.837128
0.834448
0.837178
0.837204
0.836416
0.836918
0.835248
0.837501
0.838072
0.83695
0.837016
0.837753
0.836862
0.839142
0.839117
0.836435
0.838196
0.837452
0.836544
0.838087
0.837009
0.835853
0.835358
0.834999
0.839215
0.836562
0.838277
0.83636
0.837722
0.837827
0.837286
0.836027
0.837179
0.837282
0.8382
0.838003
0.83762
0.836167
0.836076
0.836678
0.836248
0.835819
0.835546
0.83545
0.835609
0.837625
0.83681
0.835884
0.836781
0.836618
0.837117
0.840034
0.835136
0.83921
0.840223
0.837548
0.837206
0.835404
0.838666
0.837156
0.837703
0.836737
0.836855
0.839751
0.835691
0.833576
0.838557
0.839928
0.836534
0.838952
0.839042
0.838903
0.838709
0.836995
0.838143
0.837962
0.837152
0.839901
0.836505
0.836644
0.836644
0.838334
0.836839
0.836145
0.837135
0.836449
0.835685
0.838079
0.836845
0.836846
0.840075
0.835611
0.836238
0.838768
0.83611
0.837225
0.835829
0.835731
0.837561
0.837403
0.83678
0.83498
0.838487
0.836944
0.836241
0.839048
0.837367
0.837535
0.8347
0.836646
0.83649
0.836522
0.837177
0.840379
0.837231
0.836761
0.837962
0.838139
0.837234
0.837923
0.837146
0.838001
0.838853
0.835732
0.837967
0.835772
0.836685
0.839468
0.836462
0.835236
0.835815
0.839044
0.833938
0.833521
0.837209
0.837813
0.837141
0.835125
0.838854
0.836627
0.83712
0.837976
0.838009
0.837072
0.837231
0.838239
0.836563
0.835989
0.836703
0.837276
0.838225
0.83648
0.838092
0.835117
0.83905
0.83653
0.836367
0.8383
0.838248
0.841073
0.838016
0.838949
0.838483
0.835957
0.837605
0.838328
0.836217
0.83461
0.834881
0.83641
0.83838
0.838193
0.836505
0.838291
0.838709
0.836707
0.836622
0.836896
0.839028
0.836101
0.837296
0.837713
0.836966
0.835975
0.835499
0.833323
0.834544
0.836336
0.836666
0.83714
0.838461
0.834391
0.839137
0.836016
0.835373
0.834859
0.836555
0.836199
0.837921
0.836042
0.836474
0.837475
0.837563
0.836363
0.836196
0.836962
0.8369
0.836796
0.837601
0.837243
0.837658
0.8393
0.835273
0.837723
0.838674
0.836046
0.836667
0.840173
0.836679
0.836641
0.839269
0.83792
0.837156
0.838327
0.837274
0.835405
0.836494
0.839962
0.836782
0.836226
0.837023
0.835155
0.837176
0.83683
0.839593
0.836748
0.838125
0.836669
0.838823
0.834885
0.837511
0.837618
0.833928
0.835687
0.83896
0.835185
0.837314
0.837356
0.83592
0.838786
0.836618
0.834745
0.83863
0.837439
0.838228
0.83934
0.834338
0.838927
0.836309
0.837103
0.835508
0.838173
0.836
0.838458
0.838681
0.838952
0.83628
0.837386
0.836914
0.83916
0.837726
0.834392
0.837728
0.836539
0.837903
0.835709
0.835036
0.835685
0.837553
0.837338
0.834727
0.837411
0.837937
0.835464
0.838508
0.834528
0.836574
0.837061
0.839278
0.835696
0.83661
0.835825
0.83642
0.835682
0.837346
0.839467
0.839605
0.834868
0.83782
0.836866
0.835858
0.83682
0.8373
0.83787
0.838622
0.838247
0.837824
0.835628
0.836846
0.836737
0.838998
0.838717
0.836317
0.836853
0.838722
0.836359
0.836513
0.836034
0.838444
0.839347
0.836957
0.836214
0.837539
0.837529
0.834612
0.837129
0.83805
0.83706
0.836084
0.835395
0.835926
0.83765
0.83633
0.837001
0.837436
0.837477
0.83525
0.836838
0.836734
0.837965
0.837241
0.838056
0.836148
0.837894
0.83601
0.835985
0.836568
0.835991
0.836395
0.837272
0.836406
0.837268
0.837773
0.834468
0.835569
0.83498
0.836877
0.838255
0.835579
0.837176
0.834165
0.83758
0.835718
0.83686
0.834646
0.837901
0.838344
0.836822
0.838226
0.837383
0.83529
0.834848
0.836226
0.836935
0.838738
0.837873
0.837182
0.838985
0.835287
0.835892
0.834352
0.839298
0.835292
0.837965
0.837532
0.838838
0.83475
0.837817
0.837439
0.836516
0.836855
0.838542
0.834218
0.833777
0.83763
0.838029
0.839227
0.835744
0.836281
0.837959
0.835682
0.836582
0.834223
0.835575
0.836123
0.83732
0.837505
0.837172
0.835184
0.836478
0.839751
0.837695
0.836641
0.839188
0.836369
0.838882
0.83754
0.837657
0.834577
0.837393
0.837083
0.834594
0.837475
0.836194
0.837516
0.836696
0.835955
0.83622
0.837105
0.838915
0.836628
0.835805
0.837847
0.838093
0.836202
0.836643
0.838288
0.837269
0.837196
0.836266
0.83783
0.836496
0.837974
0.83808
0.835901
0.836048
0.838
0.836157
0.837165
0.837869
0.837128
0.834453
0.837393
0.837817
0.838369
0.837558
0.839151
0.838878
0.837852
0.836069
0.837564
0.837731
0.839035
0.836168
0.836335
0.836211
0.840019
0.836479
0.836595
0.83793
0.837569
0.837459
0.836384
0.836825
0.837728
0.838784
0.83729
0.838832
0.83675
0.83678
0.837478
0.836691
0.837377
0.838353
0.835259
0.838861
0.838309
0.838202
0.836404
0.835225
0.835511
0.838507
0.835339
0.839918
0.835466
0.834838
0.836448
0.836922
0.837743
0.838428
0.8372
0.836365
0.836235
0.835273
0.835943
0.836868
0.837717
0.837753
0.836409
0.835804
0.837413
0.835554
0.838848
0.837506
0.83597
0.838036
0.836488
0.837813
0.837391
0.837845
0.83726
0.83451
0.837925
0.834978
0.835456
0.837166
0.837988
0.838531
0.838389
0.837265
0.837197
0.837594
0.837974
0.83848
0.834812
0.836276
0.837108
0.839285
0.838455
0.837251
0.837239
0.836277
0.838983
0.839494
0.836822
0.834841
0.836529
0.837296
0.837393
0.838899
0.837565
0.836299
0.837223
0.837563
0.838053
0.837237
0.836831
0.837094
0.835599
0.836708
0.836114
0.838377
0.836013
0.838835
0.83579
0.834305
0.837366
0.834152
0.836075
0.838151
0.837078
0.838335
0.836864
0.838963
0.837526
0.838873
0.838976
0.837656
0.838373
0.838591
0.838037
0.839537
0.83765
0.837963
0.837883
0.837455
0.835463
0.835443
0.837268
0.839203
0.836286
0.836905
0.838146
0.836556
0.837745
0.836615
0.837952
0.838129
0.837521
0.838208
0.837529
0.833489
0.840005
0.837916
0.835807
0.836931
0.835335
0.836339
0.836757
0.837368
0.839114
0.835724
0.83583
0.834998
0.838202
0.836848
0.836516
0.837186
0.837362
0.837665
0.836926
0.837167
0.837281
0.837364
0.837803
0.832573
0.836733
0.836855
0.835531
0.838424
0.836627
0.836889
0.837678
0.837504
0.838273
0.83603
0.835384
0.836665
0.838293
0.835909
0.839649
0.836082
0.837968
0.835932
0.838817
0.835526
0.838391
0.837292
0.836617
0.836849
0.838098
0.838108
0.837384
0.837576
0.837333
0.83834
0.837345
0.837203
0.837086
0.83556
0.837039
0.836469
0.836203
0.837948
0.836491
0.836568
0.836898
0.836167
0.835951
0.836354
0.836368
0.836519
0.835881
0.837035
0.836486
0.837753
0.837461
0.837416
0.834345
0.837379
0.836742
0.836188
0.835677
0.835847
0.837387
0.837217
0.839101
0.838186
0.837965
0.838001
0.837107
0.836498
0.836694
0.838961
0.835386
0.838842
0.838249
0.834439
0.836951
0.837433
0.835871
0.836633
0.836721
0.836424
0.836215
0.837315
0.835194
0.839875
0.832372
0.838762
0.835246
0.83553
0.836621
0.836474
0.835939
0.837951
0.834515
0.836759
0.836663
0.83946
0.836853
0.835202
0.836202
0.836412
0.838752
0.83794
0.838319
0.836492
0.835964
0.83742
0.837966
0.834538
0.837324
0.837899
0.839169
0.834633
0.838842
0.838382
0.836006
0.836992
0.836557
0.836819
0.835948
0.837416
0.83699
0.836638
0.83487
0.839118
0.836847
0.836441
0.835679
0.836647
0.837073
0.836724
0.837179
0.837866
0.835913
0.837788
0.83919
0.839086
0.836055
0.834596
0.836493
0.837475
0.838839
0.836065
0.836806
0.837406
0.836505
0.835593
0.837838
0.837021
0.836734
0.835219
0.838402
0.834918
0.837154
0.835822
0.835277
0.837451
0.837009
0.839452
0.836685
0.83838
0.837601
0.835972
0.838034
0.835291
0.838318
0.835757
0.836091
0.838919
0.836213
0.838211
0.835475
0.836222
0.837132
0.834944
0.83702
0.836528
0.838131
0.836936
0.83594
0.838242
0.838613
0.83572
0.835841
0.837572
0.837707
0.83708
0.838499
0.836971
0.837117
0.837578
0.83675
0.837327
0.835608
0.836524
0.836592
0.837594
0.837805
0.839954
0.838559
0.839093
0.838344
0.835693
0.836994
0.837233
0.837983
0.841884
0.837556
0.836403
0.835251
0.835974
0.836935
0.83573
0.836711
0.835574
0.83694
0.836462
0.836013
0.837888
0.841359
0.83696
0.833834
0.835743
0.83882
0.835309
0.836998
0.838356
0.837336
0.836836
0.837018
0.838916
0.836194
0.839868
0.839199
0.836285
0.837216
0.838007
0.835766
0.837224
0.836813
0.837392
0.834497
0.834599
0.839023
0.836489
0.835533
0.838352
0.838886
0.839555
0.839171
0.837707
0.836743
0.838369
0.837024
0.837591
0.836492
0.836426
0.83864
0.835546
0.835337
0.837883
0.836953
0.834202
0.836291
0.837752
0.837166
0.838904
0.837579
0.836964
0.837879
0.837801
0.83656
0.837759
0.837353
0.835015
0.836865
0.838638
0.835489
0.836644
0.836765
0.835325
0.837216
0.836674
0.835756
0.838224
0.836483
0.839722
0.838345
0.837522
0.835737
0.837816
0.83659
0.836909
0.839459
0.838463
0.835613
0.838456
0.837605
0.835837
0.835688
0.837301
0.837135
0.836975
0.838481
0.83482
0.835908
0.83784
0.835243
0.836562
0.836715
0.837794
0.83822
0.83617
0.835867
0.837687
0.837244
0.838268
0.835968
0.836983
0.836422
0.836439
0.840438
0.839714
0.835931
0.83847
0.840048
0.837113
0.838348
0.837677
0.836775
0.837853
0.837999
0.837306
0.835927
0.83689
0.836628
0.839201
0.836239
0.836937
0.834636
0.839243
0.836638
0.83756
0.836816
0.837142
0.834898
0.835116
0.836668
0.836976
0.836338
0.840199
0.83609
0.836641
0.837683
0.837615
0.839106
0.839096
0.837079
0.837073
0.838313
0.838553
0.835946
0.836775
0.836442
0.838439
0.838428
0.836766
0.83675
0.837075
0.836668
0.837423
0.837342
0.838636
0.836028
0.838695
0.836478
0.839212
0.838197
0.836207
0.83577
0.83808
0.837523
0.837028
0.836705
0.836623
0.836647
0.836885
0.838474
0.837593
0.83712
0.838142
0.837872
0.837443
0.840326
0.84011
0.839948
0.834653
0.836539
0.836872
0.836642
0.837627
0.838185
0.840051
0.836188
0.838077
0.837816
0.836504
0.837274
0.835803
0.837612
0.838073
0.836524
0.835541
0.839211
0.838391
0.837279
0.839142
0.835605
0.835517
0.835033
0.839093
0.838431
0.839022
0.836216
0.837371
0.836995
0.837451
0.837801
0.836582
0.839303
0.837729
0.836264
0.836922
0.837514
0.836103
0.834683
0.836672
0.837825
0.836523
0.836732
0.83755
0.833703
0.837768
0.836054
0.835342
0.835691
