1556.07 0.904422 0.00101388
1516.16 0.900469 0.00109999
1579.81 0.902401 0.00109448
1447.12 0.900523 0.00109639
1667.37 0.901269 0.00108282
1464.71 0.903609 0.00107552
1606.13 0.904399 0.00111214
1407.97 0.90082 0.00110462
1550.37 0.900646 0.00110476
1465.55 0.900235 0.00113217
1516.4 0.899689 0.00108448
1510.47 0.902459 0.00111828
1696.81 0.898947 0.00108909
1651.72 0.902312 0.00107441
1624.86 0.89953 0.00107452
1504.73 0.899717 0.00108424
1751.09 0.901624 0.00111294
1604.88 0.902606 0.00103547
1553.74 0.904293 0.00112004
1615.23 0.901535 0.00109264
1579.06 0.903184 0.00111243
1861.17 0.900277 0.00109477
1549.23 0.900509 0.00108122
1486.63 0.902336 0.0010814
1763.65 0.905007 0.00110378
1803.12 0.902357 0.00109124
1439.66 0.903965 0.00108458
1627.63 0.898477 0.00109158
1540.66 0.900547 0.00109476
1558.32 0.901581 0.00110454
1608.79 0.901491 0.00109756
1674.45 0.900329 0.00110538
1508.76 0.89954 0.00109896
1515.14 0.9005 0.00107499
1494.81 0.901313 0.00108493
1495.1 0.900433 0.00106245
1546.2 0.898491 0.00109908
1601.62 0.904021 0.00107874
1537.65 0.897083 0.00108211
1517.75 0.903676 0.00110521
1653.35 0.901392 0.0010984
1718.11 0.901405 0.00111502
1579.5 0.899842 0.00111736
1541.98 0.900487 0.00109925
1772.23 0.901571 0.00106191
1814.41 0.903891 0.00108099
1581.92 0.904302 0.00106102
1653.77 0.898644 0.00110739
1610.37 0.903148 0.00110304
1709.04 0.900446 0.0010803
1699.61 0.900717 0.00107154
1582.69 0.9011 0.00112227
1885.4 0.900367 0.00110076
1619.02 0.900055 0.00112432
1604.21 0.899493 0.0011384
1423.49 0.900516 0.00109021
1472.12 0.903306 0.00109754
1574.98 0.903125 0.00110368
1582.28 0.899834 0.00115107
1512.8 0.899349 0.00107339
1440.21 0.902957 0.00107134
1434.75 0.902652 0.00109579
1761.47 0.900151 0.00107152
1411.89 0.901292 0.00113175
1771.51 0.903197 0.00112819
1712.98 0.904536 0.00107693
1594.54 0.900943 0.00110389
1695.66 0.899726 0.00106303
1629.36 0.900737 0.001096
1812.26 0.903908 0.00112513
1499.77 0.899834 0.00108673
1502.07 0.898964 0.00106311
1538.37 0.900886 0.00107924
1450.55 0.901807 0.00108758
1606.98 0.902454 0.0010848
1568.96 0.903391 0.00110886
1618.91 0.903039 0.00110484
1520.06 0.900849 0.00109328
1556.2 0.901216 0.00112682
1608.1 0.902099 0.00107858
1519.24 0.900895 0.00110805
1542.56 0.898067 0.00110381
1438.5 0.900727 0.00108147
1627.35 0.900162 0.00109903
1510.22 0.899461 0.0011143
1485.4 0.901666 0.00110045
1642.19 0.902328 0.00107223
1505.91 0.897752 0.00108399
1557.92 0.900766 0.00110897
1459.95 0.901683 0.00109335
1769.09 0.904346 0.00111771
2178.91 0.896928 0.00109859
1756.09 0.900656 0.0011704
1605.92 0.899805 0.00109654
1531.83 0.89843 0.00111629
1548.58 0.901415 0.00108386
1490.01 0.898743 0.00109965
1603.97 0.899372 0.00109276
1479.14 0.901216 0.00110008
1513.09 0.899669 0.00110716
1487.82 0.903522 0.00107788
1576.27 0.899544 0.00108393
1927.94 0.897871 0.00110798
1465.54 0.899419 0.00107135
1478.86 0.902293 0.000802822
1519.97 0.901966 0.00109613
1506.82 0.901198 0.00109997
1587.2 0.900781 0.00106759
1652.17 0.901019 0.00110415
1503.09 0.900089 0.0010951
1468.94 0.90267 0.00110185
1496.74 0.9006 0.00107531
1577.83 0.899354 0.00110121
1449.74 0.901097 0.00110209
1446.02 0.900603 0.00115031
1577.26 0.903826 0.00110629
1449.99 0.900579 0.00104186
1787.98 0.904225 0.00117437
1473.53 0.903165 0.00112404
1493.65 0.902152 0.00109655
1582.2 0.901881 0.00109093
1613.41 0.902517 0.00113002
1536.16 0.902826 0.00110745
1523.58 0.903345 0.00108563
1635.37 0.900346 0.00109736
1541 0.901948 0.0010999
1418.88 0.902537 0.00109252
1849.79 0.901743 0.00113128
1768.75 0.902751 0.00108031
1710.84 0.902186 0.00110475
1478.57 0.903933 0.00109783
1359.21 0.899213 0.00109877
1549.02 0.900693 0.00101715
1523.23 0.900437 0.00106499
1588.45 0.90234 0.00112349
1476.08 0.902136 0.00108072
1647.28 0.900197 0.00110201
1660.71 0.903083 0.00110639
1541.21 0.902841 0.00106647
1606.36 0.900009 0.00102687
1587.57 0.898096 0.00108628
1781.21 0.8992 0.00109084
1443.8 0.900414 0.00103636
1524.98 0.900686 0.0010849
1482.24 0.901559 0.00111124
1940.43 0.899924 0.00107808
1577.91 0.903536 0.00106403
1537.53 0.903554 0.00116591
1424.83 0.899447 0.00106786
1661.74 0.901351 0.00109564
1605.49 0.900083 0.0010757
1570.45 0.904248 0.00112759
1787.81 0.903216 0.00110456
1602.46 0.901333 0.0010294
1428.22 0.901044 0.00106567
1694.21 0.900203 0.00108685
1459.69 0.901196 0.00110583
1486.32 0.901638 0.00113579
1733.97 0.900672 0.00109526
1511.85 0.901043 0.00109153
1675.4 0.897723 0.00110385
1560.12 0.89966 0.00107028
1478.02 0.902229 0.00111762
1521.71 0.902541 0.00108258
1569.1 0.900541 0.00106707
1451.96 0.90112 0.00108278
1530.26 0.902076 0.00106543
1518.24 0.902498 0.00108877
1414.3 0.899419 0.00105393
1473.42 0.902451 0.00108676
1622.22 0.901585 0.00109178
1550.45 0.90155 0.00106678
1377.99 0.902488 0.00108195
1568.64 0.899696 0.000998391
1421.54 0.903437 0.00108951
1612.49 0.900882 0.00114335
1572.3 0.900602 0.0011108
1588.7 0.903444 0.00109766
1566.87 0.904037 0.00109481
1533.08 0.900302 0.00109108
1673.7 0.902355 0.000994523
1439.42 0.901982 0.00114218
1506.32 0.901893 0.00107871
1634.04 0.899272 0.00114672
1554.33 0.900195 0.0010842
1579.97 0.900811 0.00109921
2058.72 0.901701 0.00110761
1764.59 0.901365 0.00106781
1630.11 0.903886 0.00108696
1441.56 0.901464 0.00109199
1580.66 0.898938 0.0010966
1549.02 0.902735 0.00109104
1549.72 0.901986 0.00110286
1811.49 0.900413 0.00111231
1694.01 0.898516 0.00113259
1489.31 0.903321 0.00111252
1579.4 0.901527 0.00111239
1453.65 0.901869 0.00108249
1543.07 0.901859 0.00110836
1511.54 0.900872 0.00110466
1552.42 0.89826 0.00110018
1602.92 0.901365 0.00108902
1414.26 0.902601 0.00118574
1507.09 0.902414 0.00111486
1408.98 0.900158 0.00108233
1457.84 0.899324 0.00104473
1447.91 0.898886 0.0010966
1616.08 0.900273 0.00106109
1567.72 0.901311 0.00105509
1465.8 0.902455 0.00112507
1454.12 0.901186 0.0010747
1574.12 0.900513 0.00109538
1461.08 0.902241 0.00109802
1451.21 0.9013 0.00112587
1607.83 0.901115 0.00114749
1425.5 0.899635 0.00109229
1442.11 0.902742 0.0011284
1459.72 0.902223 0.00108066
1559.64 0.902826 0.00111169
1520.73 0.900573 0.00108218
1570.1 0.899574 0.00109611
1753.25 0.898469 0.00106477
1543.1 0.900766 0.00105089
1592.4 0.902131 0.00109654
1517.28 0.901018 0.00108906
1500.61 0.902312 0.00111846
1884.12 0.906849 0.00111196
1621.62 0.902584 0.0011057
1419.23 0.901885 0.00113466
1596.69 0.900214 0.00112278
1692.43 0.897017 0.00110458
1535.61 0.900729 0.00110073
1547.5 0.899304 0.00107097
1456.23 0.903115 0.00109397
1343.57 0.901392 0.00107312
1539.07 0.901344 0.0011168
1595.37 0.900034 0.00110703
1561.08 0.90359 0.00108407
1789.17 0.898968 0.00110657
1427.84 0.903224 0.0011155
1451.06 0.90333 0.00108477
1667.75 0.900903 0.00112569
1591.24 0.902796 0.001102
1823.69 0.900604 0.0011003
1399.97 0.901425 0.00111797
1375.16 0.901428 0.00107655
1448.95 0.900648 0.0011271
1840.96 0.898423 0.00108691
1540.53 0.903532 0.00109231
1580.38 0.90235 0.00104326
1483.97 0.90255 0.00108179
1711.16 0.899399 0.00111728
1722.31 0.9001 0.00105452
1515.03 0.900594 0.00110047
1552.32 0.904186 0.00108639
1830.95 0.901425 0.0011024
1565.42 0.901852 0.00109576
1611.45 0.90272 0.000960618
1472.19 0.899618 0.00108837
1420.37 0.902328 0.00110353
1470.94 0.900954 0.00111211
1700.98 0.901598 0.00109737
1562.67 0.904179 0.00112819
1612.12 0.900551 0.00107799
1841.4 0.905786 0.00111472
1622.17 0.898574 0.00113148
1313.73 0.900336 0.00109394
1525.44 0.902026 0.00110343
1645.34 0.902994 0.00110003
1592.11 0.902085 0.00106164
1787.85 0.904565 0.00109974
1443.11 0.901829 0.00103606
1656.08 0.899878 0.00110297
1500.44 0.902496 0.0010588
1596.08 0.901243 0.00108932
1560.79 0.900135 0.00108784
1578.59 0.901241 0.00110439
1548.61 0.901389 0.00110385
1506.66 0.900488 0.00104882
1452.7 0.901208 0.00107623
1539.21 0.902527 0.00109072
1515.92 0.900342 0.00110045
1431.05 0.903504 0.00108615
1759.29 0.896992 0.00110495
1503.85 0.89958 0.00110012
1529.17 0.90074 0.00109735
1738.77 0.901323 0.00112722
1360.87 0.901707 0.00107245
1669.33 0.898269 0.00109937
1622.03 0.90293 0.00109097
1540.51 0.901048 0.0010977
1741.89 0.903362 0.00109672
1433.66 0.904483 0.0010666
1693.49 0.90388 0.00109259
1843.76 0.904271 0.0011155
1495.61 0.900432 0.00109219
1429.73 0.90233 0.0010955
1503.04 0.901467 0.00110723
1489.35 0.901733 0.00109604
1854.1 0.899082 0.00107761
1555.61 0.902434 0.00112479
1525.96 0.90059 0.00110206
1495.6 0.900241 0.00108349
1742.19 0.900926 0.00109436
1510.18 0.900069 0.00110584
1844.03 0.900979 0.0011125
1466.05 0.901423 0.00112339
1663.91 0.897198 0.00108339
1418.21 0.900691 0.00111942
1501.12 0.899224 0.001068
1504.76 0.902735 0.00109781
1496.98 0.903317 0.00112668
1500.25 0.901086 0.00101293
1626.4 0.90247 0.00110507
1598.05 0.902047 0.00111551
1473.13 0.902449 0.0011061
1915.43 0.899882 0.00103757
1678.53 0.900352 0.00109263
1553.78 0.901737 0.00109836
1621.06 0.902734 0.0011074
1715.75 0.901349 0.00108776
1420.47 0.899603 0.00107174
1478.64 0.901682 0.00108728
1487.29 0.901807 0.0011667
1522.84 0.900193 0.00109405
1666.88 0.898294 0.00104227
1472.26 0.899751 0.00109125
1413 0.902642 0.00108882
1593.22 0.902469 0.00110788
1478.84 0.901123 0.00108613
1615.82 0.898124 0.00105773
1511.92 0.901732 0.00113361
1680.14 0.896738 0.00108202
1530.52 0.900149 0.00109779
1609.88 0.901929 0.00103629
1487.06 0.902838 0.00110224
1501.48 0.902228 0.00105293
1552.34 0.900338 0.00108328
1607 0.90096 0.00106905
1517.9 0.898881 0.0011065
1564.97 0.902488 0.00105157
1598.14 0.903203 0.00108182
1548.01 0.902192 0.00109664
1456.1 0.900158 0.00109982
1504.2 0.901101 0.00105367
1560.28 0.90236 0.00112237
1546.85 0.898307 0.00112351
1442.86 0.902534 0.00108071
1681.27 0.899537 0.00109285
1515.78 0.901324 0.00109803
1657.41 0.898658 0.00105778
1572.66 0.906257 0.00109325
1597.63 0.902043 0.00109206
1747.51 0.904055 0.00109014
1646.62 0.90226 0.00108807
1501.85 0.900316 0.00106142
1529.42 0.90139 0.00108854
1722.25 0.901311 0.00108973
1467.11 0.897132 0.001055
1738 0.899609 0.00110026
1468.35 0.8983 0.00106254
1395.37 0.902958 0.00110929
1637.7 0.903776 0.00115132
1670.51 0.901009 0.00109737
1698.75 0.901077 0.00108032
1495.52 0.903298 0.00110203
1482.12 0.899248 0.00107677
1502.33 0.900957 0.00107611
1692.02 0.901537 0.00110532
1544.03 0.900659 0.00110408
1495.94 0.900831 0.000874875
1580.89 0.902008 0.00112824
1583.98 0.902448 0.000993282
1473.15 0.902285 0.00109163
1640.55 0.902351 0.00106512
1560.66 0.904297 0.00104388
1634.36 0.898906 0.00107081
1497.43 0.900288 0.00107955
1646.37 0.899841 0.00106954
1583.66 0.900131 0.00104058
1555.3 0.902592 0.00110871
1408.88 0.90211 0.00107566
1569.85 0.900981 0.00109484
2233.61 0.896762 0.00109697
1454.07 0.899971 0.00110734
1517.98 0.90029 0.00105352
1545.36 0.903823 0.00111841
1533.82 0.903165 0.00108791
1556.23 0.900396 0.00109767
1653.94 0.899958 0.0010957
1750.76 0.901727 0.0010924
1630.74 0.897872 0.00108738
1584.11 0.900177 0.00108394
1470.39 0.900253 0.00109744
1586.62 0.901233 0.00112629
1326.57 0.901423 0.00106479
1400.13 0.902128 0.00109891
1596.15 0.90112 0.00102601
1484.75 0.9 0.00109527
1489.09 0.900966 0.00103985
1493.6 0.902735 0.00109798
1440.36 0.902396 0.00109455
1558.1 0.903045 0.00108841
1606.1 0.898135 0.0011151
1409.28 0.901917 0.0010932
1877.69 0.902884 0.00107407
1640.64 0.898969 0.00109796
1573.45 0.903701 0.00110335
1461.34 0.904098 0.00114182
1519.45 0.901219 0.00109687
1471.53 0.900362 0.00110341
1476.01 0.899007 0.00109984
1591.47 0.902083 0.00109382
1482.56 0.897655 0.0011092
1631.69 0.898896 0.00110007
1606.43 0.904203 0.00107963
1741.07 0.902719 0.001087
1593.18 0.900819 0.00108731
1570.65 0.897368 0.00101294
1384.62 0.900496 0.00110204
1484.74 0.901482 0.00103876
1402.51 0.901377 0.00111112
1542.58 0.900303 0.00110423
1617.6 0.902169 0.00107037
1639.78 0.898466 0.00107552
1605.97 0.89975 0.00109727
1583.75 0.904664 0.0011042
1518.87 0.901799 0.00108226
1506.78 0.90246 0.00102356
1596.36 0.903089 0.00108411
1575.8 0.901094 0.00110369
2069.48 0.899119 0.00106571
1534.86 0.901821 0.00110448
1530.01 0.903644 0.00111282
1651.32 0.899252 0.00116145
1543.8 0.901117 0.00108541
1431.74 0.900892 0.00105773
1974.03 0.899079 0.00108912
1520.77 0.900579 0.00107296
1616.61 0.899338 0.00108922
1514.44 0.898926 0.00110493
1546.81 0.900464 0.00108297
1478.85 0.901903 0.00110464
1527.49 0.898639 0.0010911
1596.22 0.900248 0.0010808
1683.21 0.903009 0.00111228
1541.71 0.902415 0.00109354
1583.43 0.901382 0.00113693
1851.44 0.898251 0.00109429
1509.3 0.900247 0.0010986
2000.91 0.904544 0.00108247
1568.49 0.899633 0.0010686
1611.76 0.900784 0.00113291
1483.76 0.89937 0.00110192
1553.07 0.902592 0.00106978
1578.71 0.900039 0.00109687
1489.64 0.903795 0.00112138
1638.76 0.900954 0.00109465
1581.92 0.901118 0.001089
1395.21 0.904408 0.00105609
1739.41 0.899614 0.00108058
1520.04 0.901755 0.00110833
1677.26 0.901748 0.0011129
1456.13 0.901861 0.00110829
1624.22 0.900651 0.00113646
1470.75 0.900731 0.00109962
1648.61 0.899604 0.00109308
1549.69 0.899475 0.0010996
1660.03 0.901227 0.00105914
1614.96 0.901135 0.0011033
1601.23 0.901831 0.00110872
1540.83 0.899576 0.00105512
1609.52 0.902044 0.00106945
1572.73 0.903142 0.00106379
1592.85 0.903999 0.00108559
1512.39 0.902845 0.00101654
1593.37 0.901875 0.00105941
1666.22 0.90288 0.00109928
1760.07 0.90339 0.00110674
1554.41 0.904705 0.00109013
1547.79 0.902955 0.0011136
1444.45 0.902488 0.00111174
1561.94 0.901649 0.00107554
1451.86 0.903117 0.00112103
1574.76 0.902587 0.00112683
1501.72 0.901037 0.00110243
1538.49 0.901477 0.0011042
1476.27 0.900272 0.00110181
1702.79 0.900124 0.00112469
1734.8 0.899989 0.00109151
1662.49 0.900299 0.00110602
1571.13 0.902284 0.00113084
1461.26 0.900552 0.00108791
1597.01 0.900544 0.00109669
1511.65 0.90123 0.000994545
1798.48 0.898194 0.00110555
1613.81 0.902648 0.00111453
1538.94 0.90055 0.00115235
1651.08 0.900481 0.00113834
1520.87 0.900865 0.00108273
1699.27 0.899289 0.00104903
1708.19 0.899388 0.00111947
1433.95 0.899344 0.00109497
1520.56 0.901286 0.00113321
1408.47 0.902568 0.00110022
1718.14 0.900104 0.00106287
1524.27 0.902884 0.00109253
1514.52 0.900982 0.00109426
1588.55 0.901006 0.00109299
1672.11 0.899315 0.00109354
1829.33 0.903827 0.00110911
1576.95 0.901177 0.00109632
1616.87 0.90384 0.00109884
1487.89 0.900429 0.00109156
1742.8 0.902322 0.00109782
1478.93 0.898723 0.00112624
1491.91 0.900313 0.00109487
1593.36 0.900377 0.00106502
1478.56 0.901546 0.00109801
1562.74 0.899038 0.0011112
1500.75 0.902349 0.00107334
3009.64 0.908311 0.00112021
1485.9 0.898898 0.00107281
1505.14 0.903887 0.00109972
1578.68 0.90117 0.00113368
1624.46 0.89919 0.00112326
1611.74 0.900307 0.00107455
1659.91 0.902883 0.000899611
1611.35 0.9003 0.00111188
1523.48 0.901025 0.00109209
1815.65 0.904243 0.00110832
1448.08 0.900451 0.00106156
1587.98 0.902625 0.00107212
1504.28 0.901632 0.00110515
1456.18 0.904927 0.00110697
1532.86 0.901213 0.00107807
1677.76 0.902154 0.00105143
1748.02 0.8992 0.00108943
1585.65 0.900967 0.00108624
1657.78 0.90379 0.00110892
1745.83 0.904865 0.00109832
1611.5 0.899811 0.00106956
1523.42 0.902841 0.0010786
1473.11 0.902043 0.00113143
1547.51 0.90197 0.0010927
1543.05 0.899977 0.000992395
1639.47 0.905261 0.00110437
1594.78 0.902247 0.00110204
1446.08 0.901742 0.00105442
1525.15 0.899489 0.00110908
1640.7 0.903006 0.0010914
1612.14 0.902512 0.00110579
1506.78 0.901003 0.00110212
1646.6 0.899616 0.00111479
1498.18 0.902322 0.00109888
1534.59 0.901179 0.00112099
1445.17 0.903452 0.00108405
1718.55 0.901125 0.001088
1436.21 0.901768 0.0011065
1492.98 0.901702 0.00106493
1620.09 0.900537 0.00109826
1699.43 0.902923 0.001093
1524.25 0.899314 0.00109993
1568.98 0.901819 0.00107366
1547.35 0.900891 0.0010891
1589.16 0.900369 0.00108394
1526.82 0.902885 0.00109003
1646.68 0.902739 0.00111705
1421.32 0.901655 0.00109474
1350.84 0.900174 0.00108361
1704.73 0.903459 0.00107188
1534.7 0.899821 0.00109039
1559.05 0.903743 0.00109028
1491.07 0.90165 0.00108711
1540.18 0.899951 0.00106175
1534.32 0.899343 0.00103462
1703.96 0.900304 0.00111491
1588.47 0.90282 0.00113758
1769.03 0.901978 0.00111436
1658.1 0.901002 0.00108901
1600.21 0.897787 0.00110114
1596.78 0.898797 0.00108417
1561 0.899982 0.00111448
1529.87 0.90419 0.00106366
1591.93 0.899964 0.00110528
1577.55 0.900456 0.001124
1578.95 0.90237 0.00110486
1708.33 0.904235 0.00101792
2086.91 0.900762 0.00110763
1727.52 0.900085 0.00111244
1481.24 0.897799 0.00117243
1524.01 0.898334 0.00107946
1767.84 0.902401 0.00110501
1661.18 0.903731 0.00109619
1577.9 0.901717 0.00109201
1755.29 0.900472 0.00108808
1589 0.905005 0.00108956
1632.84 0.902587 0.00109873
1562.72 0.900855 0.00113062
1696.85 0.904445 0.00110254
1467.6 0.900834 0.00105875
1518.45 0.903028 0.0011128
1509.35 0.903336 0.00105826
1536.29 0.898623 0.00110032
1504.3 0.902014 0.00108096
1889.49 0.901061 0.00110556
1507.61 0.901586 0.00107776
1529.74 0.900692 0.00109137
1766.46 0.904587 0.00107573
1415.33 0.902048 0.00111761
1650.87 0.902149 0.00108779
1449.31 0.902261 0.00106168
1402.67 0.899556 0.0010726
1507.99 0.904459 0.00108742
1624.31 0.899293 0.00110198
1487.1 0.901285 0.00109851
1508.7 0.901281 0.0011185
1551.3 0.90104 0.00110811
1728.59 0.90395 0.00108404
1574.99 0.898916 0.00109427
1606.88 0.902754 0.00106575
1484.98 0.900282 0.00109898
1505.11 0.900072 0.00109181
1538.71 0.900262 0.00105203
1814.44 0.897752 0.001102
1521.28 0.901322 0.00111733
1600.67 0.901277 0.00103418
1629.16 0.900435 0.00108583
1482.13 0.899855 0.0010926
1520.08 0.90397 0.00107003
1740.72 0.901123 0.00110872
1504.71 0.901627 0.00110381
1511.19 0.899725 0.00108393
1656.72 0.902209 0.00110915
1389.2 0.902194 0.00110959
1481.17 0.903985 0.00109386
1723.69 0.901012 0.001054
1695.6 0.901149 0.00110684
1479 0.899919 0.00109162
1503.41 0.899201 0.00109753
1597.32 0.901203 0.00112097
1563.92 0.900202 0.0011103
1489.57 0.899331 0.00109701
1488.09 0.901275 0.00108154
1596.1 0.898728 0.00112545
1461.15 0.900019 0.00110768
1500.03 0.900065 0.00110637
1632.98 0.903376 0.00111121
1467.69 0.903534 0.0010593
1559.43 0.902131 0.00108402
1550.09 0.903241 0.001105
1467.67 0.901634 0.00109758
1557.54 0.898146 0.0010581
1467.11 0.90179 0.00107181
1518.14 0.901471 0.00108302
1584.74 0.900192 0.00108984
1991.51 0.899558 0.00104757
1698 0.90271 0.00111212
1467.58 0.901781 0.00107196
1461.02 0.90062 0.00116921
1652.78 0.898998 0.00109365
1696.89 0.901407 0.00110122
1466.68 0.900172 0.00109997
1590.14 0.900633 0.00104429
1577.16 0.900279 0.00114056
1518.08 0.901881 0.00109716
1877.15 0.900205 0.00110763
1568.94 0.898771 0.00109608
1970.54 0.900755 0.00108514
1621.8 0.89999 0.00109488
1527.88 0.901908 0.00110551
1584.77 0.901329 0.0011113
1586.3 0.900678 0.00113785
1688.46 0.900403 0.00111685
1660.39 0.900958 0.00108962
1489.01 0.90118 0.0011031
1618.72 0.903324 0.00109386
1652.49 0.898793 0.00106564
1380.58 0.902818 0.00109002
1651.93 0.900617 0.00112802
1662.32 0.898662 0.00110819
1746.97 0.905908 0.00110601
1427.81 0.901178 0.00104616
1962.44 0.898824 0.00110645
1427.83 0.904392 0.00112877
1611.66 0.900222 0.0010809
1565.02 0.902042 0.00108623
1607.23 0.90261 0.00113217
1660.31 0.901964 0.00110028
1542.06 0.902597 0.00106899
1583.39 0.899726 0.00109042
1489.88 0.901566 0.00110792
1631.98 0.903175 0.0010567
1565.73 0.901838 0.00111529
1552.58 0.899371 0.00109473
1671.25 0.899728 0.00109125
1580.83 0.901987 0.00112153
1719.29 0.901989 0.00110519
1654.29 0.901074 0.00110559
1768.85 0.901591 0.00109262
1453.38 0.902611 0.00111788
1839.98 0.901016 0.00105665
1580.09 0.903253 0.00108694
1721.98 0.900859 0.00105929
1514.14 0.900736 0.00107214
1535.31 0.901686 0.00107884
1723.88 0.900814 0.00101474
1611.46 0.902287 0.00110012
1576.9 0.903639 0.0010813
1546.67 0.902779 0.00102808
1431.12 0.902604 0.00108416
1732.75 0.902044 0.00110532
1441.4 0.902623 0.00111575
1557.7 0.902588 0.00103958
1477.98 0.903346 0.00111459
1585.2 0.903197 0.00112731
1780.85 0.900487 0.00107564
1626.02 0.904028 0.0010968
1557.06 0.900248 0.0010855
1478.99 0.903167 0.00109386
1566.44 0.900803 0.00108948
1515 0.901128 0.00110438
1934.69 0.896688 0.00104471
1426.77 0.901862 0.00111525
1715.82 0.898956 0.00109409
1878.22 0.899227 0.00110907
1441.17 0.900077 0.00109577
1502.57 0.901767 0.00109372
1532.71 0.901142 0.00102003
1544.88 0.904215 0.00111227
1528.54 0.900162 0.00109996
1446.02 0.897997 0.00108631
1800.61 0.905465 0.00112776
1516.1 0.902222 0.00109795
1561.24 0.901114 0.00109053
1659.66 0.902555 0.00111661
1456.65 0.900572 0.00110087
1445.44 0.900195 0.00106572
1791.65 0.898383 0.00108786
1484.6 0.9016 0.00109827
1693.06 0.903551 0.00110938
1561.34 0.8999 0.00108511
1639.7 0.901407 0.00109652
1639.71 0.899937 0.00110344
1716.75 0.900967 0.00104433
1523.55 0.901712 0.00109591
1509.29 0.901452 0.00109459
1544.63 0.902392 0.00109263
1682.21 0.90174 0.00105261
1400.24 0.903274 0.00107457
1546.23 0.900175 0.00101751
1496.37 0.902171 0.00109859
1587.05 0.900358 0.0010894
1490.79 0.901768 0.00108979
1684.03 0.900125 0.00109113
1628.49 0.905696 0.00111893
1351.24 0.903287 0.00109125
1674.42 0.90048 0.00108473
1432.86 0.902111 0.00107787
1452.26 0.903037 0.00110889
1569.16 0.900466 0.00109992
1519.29 0.900253 0.00110366
1652.3 0.900948 0.00110763
1598.23 0.902123 0.0010719
1561.91 0.900882 0.00109405
1472.91 0.89882 0.0010931
1501.26 0.89917 0.00108523
1577.29 0.902214 0.00109592
1507.87 0.90199 0.00109335
1608.64 0.902941 0.0011066
1695.29 0.897736 0.00108947
1720.38 0.898388 0.00110091
1746.83 0.900996 0.00113882
1575.81 0.902428 0.00111306
1661.71 0.900222 0.0011037
1883.77 0.897456 0.00113207
1681.11 0.904656 0.0010988
1623.38 0.900133 0.00113602
1710.86 0.898685 0.00110746
1602.04 0.899811 0.00111617
1757.46 0.900978 0.00110007
1971.33 0.902282 0.00107497
1521.61 0.901047 0.00111535
1809.17 0.902669 0.00109593
1496.05 0.901119 0.00105109
1509.44 0.903083 0.00110891
1664.22 0.899383 0.00109173
1618.6 0.899738 0.00118378
1559.95 0.900727 0.00109101
1457.93 0.903132 0.00111435
1529.25 0.900069 0.00108673
1647.31 0.900372 0.00107314
1819.67 0.902154 0.00110304
1605.95 0.9046 0.00104484
1430.59 0.901142 0.00109124
1474.06 0.901847 0.00108026
1643.01 0.902384 0.00111773
1617.09 0.898677 0.0011136
1610.85 0.901143 0.00111831
1572.66 0.903359 0.00114886
1484.41 0.901417 0.00110591
1458.4 0.904929 0.00110163
1597.8 0.900839 0.00108903
1563.83 0.900751 0.00109944
1465.65 0.90278 0.00113781
1808.09 0.900088 0.00107662
1463.16 0.901304 0.00111614
1469.63 0.900292 0.00109107
1558.94 0.901947 0.00110589
1502.15 0.901657 0.00111743
1656.18 0.898431 0.00111871
1548.92 0.900164 0.00110648
1463.64 0.902819 0.00111377
1496.2 0.901445 0.00110257
1667.55 0.89931 0.00110862
1435.06 0.900693 0.00110382
1655.72 0.900737 0.00108505
1459.54 0.902119 0.00109528
1539.35 0.903475 0.00114729
1524.86 0.901532 0.00112496
1882.84 0.902249 0.00106188
1569.43 0.900262 0.00110651
1677.04 0.899587 0.0010989
1490.42 0.90192 0.00106625
1812.36 0.899263 0.00103645
1670.39 0.902249 0.00111252
1595.46 0.903029 0.00110545
1624.81 0.902563 0.00109993
1464.71 0.900625 0.00111376
1502.58 0.898241 0.00110058
1665.72 0.900653 0.00104467
1752.88 0.899538 0.00108469
1787.12 0.900171 0.00110599
1408.05 0.898475 0.00111249
1764.47 0.899639 0.00105897
1513.18 0.900234 0.00109328
1446.21 0.903093 0.00106063
1710.16 0.902521 0.00109339
1698.45 0.898934 0.00106672
2061.33 0.898203 0.00107249
1753.88 0.900098 0.00108422
1665.01 0.902367 0.00108537
1419.78 0.902404 0.00106828
1476.4 0.901394 0.00110312
1476.26 0.902062 0.00107224
1413.71 0.900706 0.0010977
1631.75 0.901697 0.00108416
1907.47 0.904222 0.00110662
1716.84 0.903046 0.00111037
1683.3 0.90384 0.00110025
1677.86 0.898402 0.00110247
1583.34 0.901311 0.00106181
1723.32 0.904766 0.00116384
1583.01 0.902327 0.000989087
1707.92 0.90068 0.0011433
1577.74 0.901659 0.00110008
1864.85 0.904103 0.00115365
1452.3 0.901042 0.00108295
1758.59 0.903389 0.0011678
1466.09 0.901863 0.00108557
1472.49 0.900638 0.00109234
1603.4 0.901706 0.00106576
1475.06 0.900681 0.00109313
1503.83 0.899572 0.00105283
1740.42 0.899262 0.00110542
1628.85 0.898331 0.00110209
1441.05 0.901542 0.00109683
1507.65 0.904588 0.00111685
1457.14 0.900686 0.00110725
1567.32 0.903985 0.00112194
1541.01 0.89918 0.000947108
1781.15 0.899384 0.00108755
1491.92 0.903076 0.00117682
1601.88 0.899389 0.00108355
1649.32 0.90026 0.00108645
1768.87 0.899781 0.00109195
1525.73 0.902788 0.00106519
1430.99 0.902509 0.0011089
1560.73 0.898667 0.00108233
1450.39 0.901852 0.00105949
1512.96 0.902125 0.00109205
1680.34 0.89973 0.00109638
1659.67 0.902121 0.0011007
1722.25 0.901835 0.00108582
1507.56 0.898987 0.00108429
1578.29 0.902468 0.00107228
1578.04 0.900269 0.00109979
1548.91 0.904529 0.00112175
1588.14 0.903641 0.00111578
1462.6 0.90054 0.00110056
1688.21 0.900495 0.00111438
1626.01 0.903687 0.00108989
1703.9 0.899757 0.00110088
1527.89 0.902855 0.00109755
1519.39 0.901885 0.00109725
1805.81 0.902245 0.00108045
1561.58 0.902272 0.00109984
1558.92 0.899188 0.00110005
1800.67 0.901599 0.00109943
1700.57 0.903799 0.00100841
1604.74 0.900906 0.00106493
1723.61 0.903892 0.00111447
1676.55 0.899644 0.00110746
1607.3 0.899943 0.00109713
1591.99 0.901216 0.00109511
1575.3 0.901079 0.00110077
1420.05 0.900271 0.00110569
1523.05 0.901839 0.0011084
1512.91 0.900905 0.00109317
1535.16 0.903055 0.00109926
1516.48 0.901957 0.00109095
1489.02 0.902858 0.00111179
1515.1 0.901379 0.00106421
1793.1 0.904862 0.00107289
1509.73 0.903615 0.00108647
1578.6 0.902506 0.00107741
1486.13 0.902867 0.00109115
1581.1 0.901825 0.00108925
1611.03 0.902558 0.00108404
1452.77 0.901541 0.00112066
1695.09 0.899505 0.00105678
1606.6 0.899635 0.00109498
1539.9 0.904181 0.00104904
1444.42 0.901949 0.00112926
1438.46 0.902079 0.00109975
1639.88 0.901831 0.0010995
1698.36 0.904246 0.00105706
1600.1 0.902159 0.00109918
1508.65 0.903165 0.00108203
1511.97 0.902842 0.00109185
1935.89 0.90273 0.00109021
1477.3 0.903894 0.00109957
1553.01 0.899475 0.00109942
1788.04 0.903382 0.00113058
1472.2 0.901568 0.00109384
1417.77 0.90031 0.00109688
1971.81 0.9003 0.00109825
1533.46 0.903473 0.00108535
1508.14 0.90165 0.00106832
1573.51 0.900909 0.00110976
1512.76 0.900868 0.00109552
1450.13 0.90402 0.00109358
1605.91 0.902032 0.00100757
1648.37 0.900041 0.00109956
1831.2 0.90034 0.00109417
1587.38 0.9038 0.00111396
1530.89 0.900149 0.00108828
1459.52 0.900989 0.00109984
1398.36 0.901037 0.00107551
1443.8 0.901864 0.00113086
1527.93 0.900954 0.00108398
1644.41 0.902021 0.00106801
1522.49 0.901897 0.00108596
1439 0.901876 0.00110025
1622.38 0.8992 0.00110882
1464.27 0.901341 0.00110509
1627.22 0.904892 0.00110868
1558.61 0.902327 0.00109112
1408.07 0.901335 0.00110336
1586.4 0.898404 0.001062
1570.3 0.900011 0.00111369
1722.71 0.902509 0.00108916
1564.56 0.90123 0.00107677
1928.64 0.89951 0.00108933
1423.01 0.901 0.00106536
1918.73 0.89899 0.00109438
1590.99 0.898796 0.00107885
1593.88 0.902969 0.00104868
1413.91 0.901206 0.00108994
1486.29 0.900706 0.00108574
1619.83 0.900799 0.000997152
1421.7 0.902625 0.00107997
1785.14 0.898245 0.00111734
1513.19 0.899095 0.00108793
1431.16 0.902677 0.0011379
1522.36 0.899055 0.00110516
2003.18 0.899595 0.00108052
1505.33 0.903228 0.0011073
1537.04 0.898577 0.00109828
1459.09 0.904053 0.0011314
1550.23 0.903427 0.00111189
1442.79 0.900556 0.001125
1475.72 0.902123 0.00108859
1721.4 0.902248 0.00108515
1570.23 0.899795 0.00113112
1657.28 0.905315 0.00111806
1525.8 0.903448 0.00102382
1674 0.903453 0.00113936
1502.98 0.900629 0.00108938
1533.85 0.902372 0.00105185
1546.27 0.901621 0.0010879
1557.22 0.89737 0.00110031
1768.82 0.898867 0.00110373
1472.15 0.903142 0.00110394
1465.15 0.904098 0.00107315
1827.84 0.903587 0.00104286
1491.54 0.9004 0.00111027
1483.13 0.901169 0.00113865
1510.48 0.903594 0.00111345
1835.56 0.902821 0.00108057
