1664.16 0.839752 0.00103265
2094.87 0.841523 0.00101433
1794.48 0.837769 0.00098046
1744.65 0.840867 0.00100728
1745.28 0.837313 0.00104641
1608.07 0.841019 0.00105159
1687.91 0.837911 0.00107167
1776.77 0.838333 0.00100579
1771.15 0.839238 0.000958577
1596.06 0.839182 0.000981483
1616.5 0.83803 0.00104403
1998.36 0.838044 0.00101951
1840.43 0.841299 0.00104527
1949.71 0.840445 0.00103403
1633.95 0.840119 0.00102534
1678.92 0.840855 0.00100646
1641.25 0.837573 0.00103002
1839.1 0.842446 0.00103714
1854.86 0.840844 0.00105046
1834.38 0.841471 0.00100477
1631.23 0.838483 0.00104407
1685.06 0.839418 0.000969258
1818.8 0.839721 0.00101123
1599.46 0.8409 0.00102307
1752.23 0.839632 0.000998805
1828.53 0.839256 0.0010356
1709.49 0.837685 0.00103956
1959.7 0.840016 0.00102275
1590.84 0.839516 0.00101789
1850.8 0.83895 0.00101671
1979.88 0.841707 0.00105154
2268.4 0.836658 0.00102256
1833.9 0.840042 0.00102517
1521.7 0.840188 0.000998822
1916.35 0.838971 0.00102352
1571.74 0.840396 0.00102652
1819.81 0.842514 0.00102064
1853.48 0.842223 0.00103853
1682.44 0.840493 0.00104436
1733.9 0.837364 0.000961247
1767.91 0.837596 0.00105181
1637.06 0.840357 0.00105465
1770.79 0.838171 0.00101776
1727.24 0.838059 0.0010461
1778.7 0.837421 0.00100157
1635.33 0.8378 0.000999207
1896.94 0.838221 0.00103458
1849.64 0.839791 0.00103977
1804.93 0.83788 0.00102705
1639.27 0.839868 0.000919513
1802.37 0.841293 0.00101715
1806.57 0.841448 0.00104066
1652.85 0.838976 0.00100199
1692.62 0.839304 0.00102512
1751.02 0.843013 0.00103928
1765 0.838606 0.00103164
1696.59 0.837438 0.00104279
1594.97 0.839713 0.00105307
1670.42 0.839444 0.00104068
1630.31 0.83952 0.00103458
1720.08 0.839507 0.00101554
1620.57 0.840842 0.00102014
1811.8 0.841126 0.00101375
1812.33 0.839747 0.000987642
1530.24 0.838574 0.000993655
1787.03 0.841737 0.00103662
1959.67 0.838604 0.00103186
1852.24 0.841985 0.00102814
1592.47 0.839181 0.00103488
1722.79 0.839955 0.00104569
1620.21 0.838306 0.00101416
1755.4 0.838285 0.0010506
1695.46 0.840029 0.00102011
1590.82 0.839491 0.00102229
1670.71 0.8396 0.00101192
1516.36 0.840333 0.00104224
1878.35 0.840696 0.000971912
1634.56 0.839377 0.00106344
1580.89 0.839962 0.00103102
1639.8 0.838166 0.00104355
1635.73 0.839439 0.00109385
1625.34 0.83927 0.000976363
1625.52 0.840944 0.00105144
1787.5 0.839627 0.00101812
1677.41 0.837378 0.00101485
1737.66 0.838473 0.00102738
1817.02 0.839792 0.00103715
1966.63 0.839463 0.00102772
1727.79 0.841152 0.00102075
1912.43 0.840359 0.00102296
1610.03 0.842566 0.00102582
1552.06 0.840015 0.00102409
1704.89 0.839926 0.00102229
1629.48 0.84014 0.00102186
1714.07 0.840632 0.00102167
1619.43 0.8392 0.00101365
1621.67 0.836053 0.00102465
1726.27 0.840621 0.00105864
1703.28 0.837777 0.00104933
1864.04 0.841605 0.00104505
1714.95 0.839288 0.00106743
1534.56 0.839904 0.0010279
1947.45 0.838734 0.00101565
1795.65 0.840263 0.00104274
1852.97 0.839356 0.00103022
1843.28 0.837783 0.00103157
1586.39 0.840999 0.00101531
1689.46 0.839582 0.00102374
1672.73 0.837461 0.00104692
1713.93 0.84167 0.0010105
1681.65 0.837891 0.00101339
1665.16 0.83765 0.00100992
1761 0.839483 0.00104779
2022.5 0.841914 0.000964579
1746.77 0.841153 0.00102481
1826.76 0.838551 0.00103088
1722.54 0.840971 0.000956223
1605.49 0.840819 0.00106475
1801.96 0.837597 0.00101831
1724.51 0.83881 0.0010184
2004.5 0.840216 0.0010422
1735.44 0.83966 0.00101951
1666.81 0.839181 0.00103961
1645.51 0.839315 0.00103593
1740.58 0.84026 0.00103798
1658.83 0.839222 0.00100021
1909.92 0.840004 0.00103884
1731.3 0.838968 0.00102246
1670.41 0.838952 0.000988012
1688.86 0.838384 0.00103209
1885.91 0.837603 0.00101816
1840.88 0.840337 0.00103843
1598.81 0.838849 0.00103775
1615.28 0.839313 0.000997497
1667.24 0.839257 0.00102999
1971.43 0.839064 0.00101255
1799.53 0.839775 0.00104858
1642.39 0.839654 0.00104892
1493.68 0.840172 0.00103673
1696.64 0.840939 0.00105551
1894.41 0.840451 0.00101007
2007.46 0.839541 0.00102582
1741.25 0.838272 0.00102452
1699.65 0.839303 0.00105443
1727.82 0.840287 0.00101836
1699.09 0.83958 0.00102501
1612.52 0.841319 0.00102114
1716 0.843181 0.00103593
1762.42 0.839946 0.00100647
1911.71 0.841792 0.00103298
1642.68 0.839669 0.00100753
1622.89 0.840938 0.00100338
1768.96 0.840579 0.00105285
1593.41 0.839589 0.00105441
2015.14 0.842228 0.00103387
1636.93 0.840739 0.00100993
1701.22 0.837913 0.00102925
1719.4 0.838052 0.00102193
1579.47 0.839697 0.00106652
1682.51 0.838989 0.00103631
1864.16 0.840707 0.000973864
1565.66 0.837981 0.00103184
1878.3 0.838324 0.00102507
1597.17 0.837972 0.00103343
1706.5 0.836553 0.000993521
1620.21 0.839047 0.00102525
1658 0.839208 0.0010465
1694.95 0.840344 0.000994154
1957.11 0.841759 0.00105468
1583.03 0.840747 0.00102786
1738.14 0.839167 0.00103448
1548.96 0.837915 0.0010272
1674.74 0.838878 0.00102894
1744.93 0.839023 0.000994393
1727.37 0.838534 0.00103879
1666.6 0.838611 0.000970766
1787.63 0.842189 0.00104154
1589.48 0.838298 0.00103405
1657.75 0.83978 0.00101226
1681.93 0.839222 0.000983291
1955.82 0.841887 0.00103574
2132.02 0.840103 0.001021
1861.04 0.840216 0.00107596
1724.36 0.839743 0.00107093
1731.27 0.838288 0.00104071
2172.38 0.840325 0.00100967
1843.47 0.842636 0.00104714
1692.33 0.839868 0.00105387
1765.65 0.838404 0.00102294
1552.87 0.839997 0.00101856
1727.73 0.84222 0.001033
2076.93 0.838697 0.00103267
1689.29 0.837835 0.00103716
1555.37 0.838749 0.00103439
2129.18 0.839668 0.000991972
1886.7 0.841392 0.00106707
1798.59 0.839333 0.00103866
1722.52 0.840031 0.00103274
2337.33 0.844235 0.00105783
1634.21 0.840885 0.0010237
1805.07 0.839062 0.00100931
1797.38 0.839496 0.00103368
1576.8 0.839105 0.00102934
1710.95 0.842363 0.0010488
1924.85 0.841256 0.00101413
1738.49 0.840751 0.00100111
1734.31 0.841506 0.00107018
1757.21 0.839494 0.00102753
1816.48 0.839762 0.00104048
1643.46 0.838651 0.00100975
1683.84 0.840118 0.00103037
1662.21 0.838762 0.00101295
1868.61 0.838568 0.00101935
2069.08 0.840745 0.001036
1728.81 0.839663 0.00102967
1596.01 0.838244 0.00101487
1811.64 0.836902 0.00103252
1980.78 0.840414 0.00103688
1885.48 0.839559 0.00100868
1626.79 0.839598 0.00102825
1547.9 0.841983 0.00101731
1748.98 0.837979 0.00103277
1684.2 0.83921 0.000987346
1977.44 0.837253 0.00105246
1663 0.838314 0.00105557
1831.66 0.838167 0.00102905
1832.17 0.840809 0.00105209
1736.19 0.838567 0.000963081
1764.27 0.840281 0.00102668
1880.46 0.840747 0.00102482
1855.82 0.839215 0.00099265
1865.78 0.839378 0.00104497
1709.98 0.84015 0.00100065
1518.75 0.839509 0.00100362
2047.45 0.841423 0.00103457
1668.21 0.842568 0.00103084
1687.78 0.842155 0.00103654
1842.5 0.840805 0.00104149
1723.02 0.841553 0.00102812
1803.3 0.840768 0.00102607
1614.4 0.838858 0.00104157
1745.13 0.838107 0.00100395
1727.87 0.839285 0.00105628
2012.6 0.836905 0.00100309
1791.27 0.838417 0.00101965
1879.94 0.840821 0.00102719
1945.44 0.840383 0.00102586
1542.35 0.841502 0.00102913
1596.61 0.841423 0.00102435
1782.9 0.838757 0.0010406
1653.09 0.839174 0.00103791
1693.09 0.839789 0.00100045
2137.17 0.841413 0.00102674
1597.42 0.839675 0.00102673
1803.85 0.840007 0.00102209
1903.81 0.841182 0.00103446
1593.52 0.839824 0.00105461
1682 0.840076 0.000922639
1555.16 0.839517 0.00103832
1589.94 0.838805 0.000966673
1717.32 0.837285 0.00103501
1578.39 0.840036 0.00103053
1713.49 0.840642 0.00103002
1665.46 0.838802 0.00101296
1763.81 0.835688 0.001019
1745.15 0.83964 0.00100094
1767.29 0.841864 0.00100142
1602.76 0.842298 0.00102431
1616.18 0.839703 0.00104537
1668.47 0.839201 0.00104997
1858.93 0.837397 0.0010618
1610.31 0.83739 0.000998227
1922.38 0.840417 0.00102523
1700.73 0.838621 0.00102427
1755.48 0.836441 0.00105381
1846.33 0.840489 0.00104814
1879.01 0.839534 0.00101486
1659.4 0.838503 0.000986322
1648.95 0.837741 0.00104138
1972.96 0.843006 0.00103126
1909.24 0.839853 0.00103279
1699.91 0.839073 0.00102071
1666.5 0.839262 0.001025
1742.38 0.843609 0.00105586
1963.6 0.841382 0.00103924
1673.92 0.838724 0.00103732
1619.83 0.840332 0.000995849
1719.52 0.841747 0.00102913
1665.63 0.838602 0.00103895
1721.3 0.84187 0.00103588
1612.84 0.84002 0.000906044
1799.2 0.839145 0.000963867
1769.53 0.843595 0.0010323
1622.09 0.839034 0.000993714
1894.11 0.840012 0.00103652
1706.34 0.840167 0.00104799
1575.42 0.840064 0.00103078
1613.86 0.837737 0.00103106
1683.54 0.839798 0.000918155
1847.3 0.843037 0.00102976
1673.27 0.837118 0.000997828
1710.58 0.839629 0.00103404
1933.11 0.83678 0.00101082
1936.68 0.837363 0.00101946
1683.83 0.84193 0.00103776
1622.13 0.838538 0.0010276
1659.69 0.841691 0.00106201
1833.78 0.841974 0.00104147
1593.64 0.837703 0.00101867
1884.31 0.841042 0.00101455
1634.93 0.838895 0.00104821
1642.56 0.841003 0.00102006
1703.78 0.83957 0.00101251
1723.4 0.837849 0.0010138
1772.11 0.839905 0.00102533
1693.06 0.838741 0.00102543
1618.77 0.841963 0.000993157
1695.96 0.841146 0.00103431
1685.81 0.839341 0.00102464
1683.6 0.839162 0.00102564
1764.08 0.840184 0.00100151
1626.25 0.839207 0.00102571
2105.44 0.841448 0.0010448
1549.58 0.840328 0.000999111
1747.34 0.840975 0.00102289
1860.08 0.83976 0.00100063
1700.86 0.837927 0.000965625
1697.71 0.837978 0.00104901
1846.33 0.838536 0.00102286
1639.29 0.839711 0.000998724
1708.53 0.837584 0.00100258
1729.42 0.836971 0.00102103
1877.08 0.839002 0.00103487
1688.22 0.838705 0.00104899
1623.01 0.841185 0.00103237
1856.62 0.837585 0.00105064
1656.94 0.839659 0.00104678
1837.15 0.838988 0.00101115
1713.2 0.840713 0.0010415
1686 0.840525 0.00102392
1745.7 0.838106 0.00101267
2078.23 0.842099 0.00105405
1636.25 0.836808 0.00104703
1645.02 0.838781 0.00101379
1666.9 0.839647 0.00102607
1743.3 0.840534 0.00101279
1931.7 0.841461 0.00104568
1816.86 0.840522 0.00108943
1814.67 0.839293 0.00102767
1755.4 0.837544 0.00102389
1835.08 0.839148 0.0010632
1651.3 0.839922 0.00102975
1736.47 0.839703 0.000946251
1495.76 0.841994 0.00102406
1758.04 0.838841 0.00101865
1568.72 0.837871 0.00104034
1790.53 0.838798 0.00103311
1824.26 0.840266 0.00107826
1653.77 0.838114 0.00103768
1676.94 0.835932 0.00101361
1674.46 0.838909 0.00102431
1605.15 0.841164 0.00106693
1863.67 0.840684 0.00100082
1774.8 0.841331 0.00104071
1740.67 0.837498 0.000999305
1710.43 0.841727 0.0010349
1703.84 0.840956 0.00103849
1815.31 0.840318 0.00104291
1596.17 0.839433 0.0010282
1844.32 0.838122 0.00102401
1588.28 0.838841 0.00103562
1734.08 0.836583 0.00103114
2018.67 0.843062 0.00104569
2027.89 0.837422 0.00102259
1741.86 0.837669 0.00101136
1598.87 0.838904 0.00105427
1681.18 0.839716 0.0010069
1713.92 0.839251 0.00102386
1750.03 0.840643 0.00102675
1833.09 0.840062 0.0010591
1721.84 0.840482 0.00102786
1683.26 0.840966 0.00100433
1743.32 0.839182 0.00105924
1616.86 0.838953 0.00103322
1725.77 0.839331 0.00102802
1599.56 0.838956 0.000927345
1646.44 0.840532 0.00104377
1653.1 0.838898 0.00101839
1908.54 0.843214 0.000998027
1768.28 0.839739 0.000976982
1722.43 0.83863 0.00103778
1844.04 0.84232 0.00103216
1608.12 0.838497 0.00108724
1776.16 0.840624 0.00103173
1547.5 0.838507 0.000996149
1711.7 0.838403 0.00100951
1523.82 0.84125 0.00102695
1727.98 0.840385 0.00102574
1771.69 0.838898 0.00101204
1733.32 0.839564 0.000996501
1700.25 0.83994 0.00104132
1609.68 0.83831 0.00103617
1789.92 0.837574 0.000811943
1662.97 0.840471 0.00105822
1672.44 0.838991 0.00100152
1699.77 0.838426 0.00100861
1670.24 0.837822 0.00101601
1823.97 0.842048 0.00103879
1762.62 0.836376 0.00102457
1947.09 0.840901 0.00103221
1636.32 0.840314 0.00106971
1559.09 0.839303 0.00103492
2154.29 0.842316 0.000908617
1818.54 0.840427 0.00101992
1704.85 0.840816 0.0010286
1607.82 0.838713 0.000999536
1674.91 0.840869 0.00102868
1664.71 0.840364 0.0010054
1757.83 0.840083 0.00103117
1548.37 0.840442 0.00104828
1690.42 0.838973 0.0010375
1701.88 0.84072 0.00104083
1595.36 0.841445 0.00101525
1662.7 0.839755 0.0010124
1675.8 0.839913 0.00103496
1743.01 0.837103 0.00103147
1785.79 0.840296 0.00102737
1588.53 0.841066 0.0010353
1831.58 0.841869 0.0010371
1687.97 0.839176 0.00105366
1671.04 0.839372 0.00102915
1786.99 0.842222 0.00102737
1794.73 0.837255 0.00102058
1635.68 0.837719 0.00102162
1928.17 0.840309 0.00102966
1731.44 0.838408 0.00102237
1694.5 0.839986 0.00102666
1705.19 0.840644 0.00101999
1687.46 0.841041 0.00104677
1781.56 0.838137 0.000996108
1695.08 0.840955 0.00106877
1635.87 0.839914 0.00101096
1938.36 0.84183 0.00103606
1788.85 0.839651 0.00105318
1621.24 0.838149 0.00102441
1724.86 0.839266 0.00103044
1847.41 0.838712 0.00103435
1864.16 0.838163 0.00102041
1693.79 0.840011 0.00104285
1995.47 0.841439 0.00102702
1659.95 0.838545 0.00100275
1700.81 0.838314 0.0010209
1692.02 0.837641 0.00101451
1848.26 0.839499 0.00103998
1792.56 0.839235 0.00103199
1655.38 0.84072 0.00102206
1651.04 0.839255 0.00103269
1783.15 0.839565 0.00103562
1706.02 0.840391 0.0010113
1673.64 0.839956 0.00104302
1665.09 0.838938 0.00101347
2173.66 0.84142 0.00102085
1692.82 0.838011 0.00102354
1912.32 0.837158 0.00101415
1785.22 0.838488 0.00103212
1558.64 0.839846 0.00104355
1757.14 0.83934 0.00107332
1774.53 0.838563 0.000976171
2074.65 0.84296 0.001045
1733.07 0.840968 0.00103083
1750.9 0.838626 0.00106108
1666.95 0.838289 0.00104411
1795.63 0.841035 0.00102013
1793.05 0.841769 0.0010034
2276.07 0.837431 0.0010309
1775.05 0.837871 0.00102749
2085.14 0.840208 0.00104038
1795.12 0.836988 0.00103511
1959.82 0.84301 0.00107116
1733.35 0.840483 0.00102955
1748.18 0.839052 0.00103029
2009 0.844436 0.00105389
1792.96 0.838122 0.00102526
1507.86 0.839584 0.00101949
1761.63 0.839793 0.00102339
1565.28 0.839637 0.000943041
1985.78 0.838884 0.00102709
2122.63 0.841638 0.00103935
1900.57 0.839346 0.00105273
1921.88 0.837291 0.0010114
1790.6 0.840185 0.00101429
1860.05 0.840065 0.00104786
1541.97 0.839466 0.00103039
1666.2 0.840602 0.00103902
1672.59 0.840169 0.00105315
1733.71 0.840841 0.000997258
1910.62 0.839913 0.00103532
1528.15 0.838688 0.00104748
1685.45 0.840334 0.0010214
1640.04 0.838709 0.0010254
1634.39 0.840269 0.00104625
1727.63 0.839766 0.000992811
1796.07 0.837301 0.0010049
1560.89 0.835785 0.00102193
1919.33 0.83868 0.00100582
1807.36 0.84057 0.00101532
2127.73 0.840822 0.00103298
1734.51 0.839911 0.00101961
2031.35 0.840488 0.00101375
1744.3 0.841744 0.00104333
1600.45 0.840214 0.00105611
1678.63 0.837264 0.00102521
1691.24 0.839973 0.00102731
1495.6 0.836631 0.00104024
1738.11 0.840929 0.00107183
2085.4 0.840959 0.00104508
1684.56 0.839967 0.00104345
1714.01 0.838022 0.000988659
1808.59 0.838546 0.00103593
2153.51 0.84146 0.00101916
1819.72 0.83916 0.00102522
1666.83 0.841163 0.00104294
1692.12 0.839354 0.00101695
1748.8 0.838031 0.00102927
1873.73 0.841726 0.00104609
1632.27 0.840582 0.00103701
1695.98 0.839444 0.00101802
1778.68 0.839381 0.0010186
1816.55 0.840371 0.0010211
1559.33 0.839652 0.00102205
1664.04 0.837001 0.00105148
1651.77 0.840799 0.00104942
1619.23 0.839622 0.0010145
1765.99 0.839358 0.00104514
1878.7 0.839582 0.0010415
1717.24 0.839368 0.0009627
1610.47 0.837159 0.000985311
1634.73 0.838868 0.00102923
1723.06 0.837145 0.000990498
1920.2 0.839529 0.00103686
1698.18 0.840164 0.00098739
1804.78 0.839606 0.0010245
1932.81 0.836014 0.00101544
1745.89 0.841117 0.00102227
1614.78 0.839073 0.00105338
1728.25 0.838828 0.00105169
1616.62 0.838764 0.00102069
1800.4 0.839452 0.00103453
1830.5 0.838821 0.00102503
1683.71 0.839082 0.00100394
1756.08 0.842032 0.00103889
1588.8 0.839828 0.0010436
1785.66 0.839393 0.00101862
1623.86 0.841147 0.00103137
1659.24 0.838164 0.00104657
1878.5 0.840805 0.00101308
1728.8 0.84068 0.00103673
1852.22 0.838869 0.00102879
1956.72 0.841102 0.000921394
1651.55 0.838088 0.00103835
1597.14 0.838715 0.00103171
1722.02 0.840761 0.00102522
1906.62 0.841287 0.00102201
1698.52 0.839543 0.001041
1922.32 0.843006 0.00105328
2358.65 0.842553 0.00105717
1852.07 0.83925 0.00101463
1652.56 0.839938 0.00103636
1918.47 0.839937 0.00100984
1646.69 0.839174 0.00104888
1657.54 0.838501 0.00102576
1718.03 0.840955 0.00106267
2085.39 0.840144 0.00102974
1736.57 0.840749 0.0010439
1711.67 0.839542 0.00103509
1791.78 0.839953 0.00103584
1870.66 0.840004 0.00102763
1737.68 0.839266 0.00105203
1552.52 0.842067 0.00105066
1910.39 0.838265 0.00102851
1660.92 0.839487 0.00103702
1822.26 0.835867 0.000970007
1706.23 0.840718 0.00103423
1620 0.839206 0.00105886
1664.09 0.840342 0.00100267
1707.15 0.840203 0.000987248
1634.66 0.84112 0.00104093
1734.77 0.839671 0.00104701
1903.75 0.836867 0.00100857
1596.82 0.841168 0.00100612
1783.76 0.839735 0.00103951
1480.21 0.841787 0.00100609
1756.72 0.838949 0.000982357
1797.15 0.837061 0.0010194
1773.96 0.840955 0.000994419
1815.52 0.841283 0.00101984
1661.83 0.839087 0.00100025
1618.19 0.838252 0.000990594
1688.97 0.839391 0.00101898
1648.15 0.840879 0.00105172
1670.61 0.837143 0.000996973
1568.31 0.838507 0.00104463
1791.16 0.84089 0.00103819
1717.4 0.839515 0.000993733
1737.85 0.841716 0.00106771
1673.78 0.8375 0.0010389
1692.33 0.839177 0.00101955
1625.96 0.838916 0.00104884
1831.63 0.842082 0.00104861
1573.91 0.838103 0.00103199
1823.83 0.838553 0.0010514
1763.7 0.838961 0.00103837
1810.68 0.839697 0.00104968
1844.86 0.839681 0.0010202
1846.68 0.838752 0.00102852
1639.91 0.841585 0.00105078
1641.71 0.839351 0.00102074
2023.64 0.839922 0.00104294
1855.91 0.84092 0.00103019
1679.03 0.839827 0.00103383
1801.8 0.842392 0.00103401
1782.21 0.838048 0.00107217
1619.89 0.839982 0.00105352
1681.34 0.838742 0.000993818
1971.04 0.839601 0.00102574
2044.58 0.843404 0.00101028
1741.99 0.840734 0.000989107
1773.63 0.841481 0.00103571
1925.12 0.84092 0.00104721
1810.47 0.839598 0.00102004
1683.04 0.838833 0.00101187
1619.72 0.840038 0.000991455
1681.78 0.840178 0.00100835
1757.96 0.841206 0.00103135
1667.29 0.838746 0.000997793
1843.28 0.842168 0.000993521
1654.11 0.841357 0.00100977
1596.03 0.837409 0.00102269
1659.07 0.840553 0.00103566
1691.53 0.84026 0.00106474
1659.54 0.840529 0.000991958
1888.36 0.838242 0.000993591
1731.79 0.838449 0.00102072
1745.9 0.839978 0.00108709
1615.6 0.838573 0.00102403
1797.93 0.839993 0.00098418
1800.89 0.842225 0.0010396
1806.89 0.84016 0.00105707
1648.56 0.839435 0.00104425
1978.05 0.839096 0.0010257
1884.32 0.838119 0.0010277
1720.41 0.838649 0.000981301
1747.38 0.84093 0.00101164
1606.78 0.83834 0.00102319
1635.34 0.841382 0.00102915
1696.75 0.840798 0.00106199
1840.79 0.84041 0.000997422
1820.26 0.840111 0.00104777
1772.83 0.838142 0.00103511
1702.95 0.842534 0.00104013
1631.24 0.842077 0.00103289
1609.72 0.841705 0.00103836
1674.8 0.83748 0.00101576
1795.69 0.840406 0.00100565
1718.73 0.83981 0.00102681
1609.82 0.840277 0.00102839
1982.7 0.840006 0.000986086
1641.33 0.838471 0.00101718
1635.11 0.840634 0.00104615
1774.35 0.839843 0.00102766
1750.95 0.840102 0.00102697
1751.28 0.840231 0.00103433
1668.74 0.841391 0.00101899
1710.91 0.8368 0.00104077
1682.09 0.84147 0.00102586
1855.52 0.839459 0.00106335
1680.65 0.838327 0.0010328
1824.09 0.839014 0.000986038
1574.91 0.839507 0.00104663
1602.02 0.839806 0.00102075
1786.86 0.841849 0.00104698
1748.47 0.84171 0.0010281
1701.64 0.838856 0.00103244
1826.74 0.841845 0.00101197
2010.29 0.838045 0.00101739
2086.46 0.839677 0.00101295
1935.06 0.841886 0.00107643
2012.61 0.840051 0.00102004
1891.69 0.841983 0.00103632
1947.96 0.841444 0.00104137
1653.47 0.837601 0.00103742
1658.67 0.839691 0.00102732
1617.44 0.840562 0.00102833
1812.15 0.838034 0.0010408
1652.95 0.837809 0.00102611
1780.63 0.84099 0.00107404
1666.19 0.836835 0.000986136
1523.27 0.83911 0.00103256
1684.79 0.838595 0.000998481
1814.05 0.840863 0.000990633
1611.91 0.84084 0.00100829
1717.27 0.83956 0.0010121
1778.63 0.838821 0.000998291
1924.46 0.842589 0.00105664
1563.45 0.839702 0.00101855
1772.32 0.838073 0.000980967
1562.31 0.84011 0.00104014
1926.22 0.84209 0.0010482
1894.37 0.8382 0.00103784
1708.35 0.842691 0.00102059
1959.96 0.837717 0.00100389
1662.75 0.837649 0.00105783
1639.56 0.838945 0.00103775
1695.19 0.841195 0.00102741
1751.4 0.841931 0.00104425
1933.74 0.839226 0.000978453
1685.58 0.840346 0.00105191
1630.16 0.841739 0.00104246
1642.82 0.837357 0.00105417
1798.35 0.840066 0.00102817
1620.39 0.839913 0.00102498
2088.14 0.843615 0.00103194
1836.37 0.836706 0.00102835
1568.31 0.837006 0.00103104
1845.42 0.840394 0.00103355
1733.63 0.837356 0.000991124
1770.48 0.836788 0.00102634
1967.9 0.839625 0.00105178
1909.11 0.838978 0.00103388
1942.89 0.84192 0.00105253
1699.51 0.839595 0.0010376
1886.22 0.843066 0.0010471
1706.32 0.83895 0.00102219
1619.75 0.841362 0.00102244
1755.95 0.839796 0.00105828
1568.21 0.840457 0.00104395
1759.85 0.837597 0.00101755
1703.25 0.838468 0.00101039
2021.12 0.841059 0.00102859
1695.84 0.83759 0.00101682
1747.56 0.839732 0.00104153
1700 0.840299 0.00101296
1694.43 0.840295 0.00105139
1806.99 0.839667 0.000995582
1696.3 0.837815 0.00104152
1559.42 0.840222 0.00103512
1780.19 0.840769 0.00098369
1701.17 0.841212 0.00102524
1620.89 0.838934 0.00104908
1764.53 0.839235 0.00102663
1643.39 0.838015 0.00103769
2041.43 0.840226 0.00102949
1699.98 0.837625 0.00100886
1722.8 0.840358 0.00103929
1799.72 0.83893 0.00102923
1621.22 0.838772 0.000977499
2281.38 0.843714 0.00103617
1872.54 0.840453 0.0010115
1614.45 0.840264 0.000986296
1690.16 0.841183 0.00103886
1745.92 0.84149 0.00101283
1582.49 0.842301 0.00105365
1679.88 0.840112 0.00101191
1714.07 0.840976 0.00102449
1805.43 0.838229 0.00100803
1673.94 0.841278 0.000992657
1594.35 0.840489 0.00100258
1892.18 0.835894 0.00103381
1763 0.840105 0.00106055
1614.6 0.839718 0.00108401
1610.25 0.837707 0.000977384
1949.06 0.842492 0.00105624
1680.3 0.838407 0.001044
1734.96 0.837302 0.000969583
1740.42 0.843182 0.00102175
1707.78 0.840722 0.00104007
1864.46 0.838439 0.00103385
1568.47 0.839543 0.00100165
1939.25 0.839426 0.00100729
1729.69 0.839988 0.000961906
1776.24 0.838854 0.00107375
1837.28 0.840394 0.000955206
1723.52 0.840015 0.00102471
1721.23 0.840683 0.0010455
1476.16 0.838879 0.00102627
1672.53 0.839398 0.00100597
1882.83 0.841307 0.0010682
1799.77 0.840658 0.0010148
1714.2 0.83738 0.000996463
1900.71 0.838774 0.00103738
1745.76 0.83833 0.00105263
1633.68 0.842326 0.00100794
1780.05 0.83957 0.00099262
1761.63 0.84149 0.00103347
1820.51 0.839519 0.00107057
1872.03 0.840552 0.00104073
2065.36 0.842923 0.0010658
1633.18 0.839998 0.001033
1643.07 0.840081 0.000989161
1585.75 0.840875 0.00103188
1649.97 0.8394 0.00102363
1953.96 0.842557 0.00100561
1792.84 0.841432 0.00105203
1669.71 0.838124 0.00103957
1657.9 0.83982 0.00102635
1758.63 0.839421 0.0010124
1746.91 0.840339 0.00106533
1622.75 0.841217 0.00102958
1896.26 0.83962 0.00103424
1966.27 0.839896 0.001031
1718.69 0.840655 0.0010047
1892.44 0.841226 0.00104236
1622.14 0.8386 0.00103892
1658.32 0.838392 0.00103921
1681.94 0.838632 0.00104369
1645.87 0.840156 0.00104436
1669.04 0.84013 0.000951815
1698.19 0.838692 0.000976692
1596.84 0.841366 0.00105574
1853.29 0.841108 0.00103096
1678.52 0.839437 0.00102349
1553.77 0.839423 0.00103013
1661.35 0.840625 0.00103139
1781.43 0.840341 0.00105305
1575.81 0.841117 0.00105673
1702.5 0.841254 0.00103083
1647.76 0.839602 0.00101718
1740.29 0.841346 0.0010428
1805.96 0.837699 0.00103626
1716.8 0.838962 0.00102159
1651.33 0.842706 0.000939942
1685.59 0.840767 0.00100984
1629.16 0.840272 0.00102785
1656.21 0.839783 0.00104223
1806.66 0.840614 0.00100385
1753.08 0.841114 0.00102121
1761.84 0.840617 0.00102227
1670.9 0.839721 0.00102657
1826.64 0.84081 0.00106268
1728.52 0.838817 0.00104499
1738.98 0.839662 0.00104355
1880.78 0.8401 0.00101867
1841.39 0.838489 0.00100273
1929.28 0.839225 0.000963189
1569.38 0.839106 0.00106318
1601.28 0.838819 0.00104253
1807.9 0.842171 0.00100961
1779.73 0.841612 0.00103582
1701.3 0.841282 0.00105332
1755.85 0.840229 0.00103803
1714.8 0.841088 0.00103746
1800.9 0.839346 0.00103313
1753.23 0.841358 0.00102923
1719.86 0.8407 0.00102874
1635.61 0.838696 0.000995306
1720.7 0.839081 0.00103445
1792.72 0.838654 0.00104509
1717.75 0.841345 0.000991544
1653.47 0.839553 0.00102373
1654.47 0.839795 0.00100024
1928.57 0.84158 0.0010565
1720.19 0.837382 0.00102182
1931.85 0.843016 0.0010227
1912.82 0.839571 0.00103485
1707.08 0.838869 0.00103747
1680.85 0.839754 0.00101076
1811.57 0.837177 0.00101987
1708.32 0.837632 0.0010739
1634.44 0.84003 0.00101361
1607.72 0.839269 0.000981955
1680.24 0.84114 0.0010379
1612.7 0.842015 0.00100858
1625.14 0.841392 0.00100575
1685.66 0.837989 0.00101969
1763.93 0.840252 0.00103923
1755.22 0.842126 0.00101066
1728.26 0.840767 0.000861817
1735.76 0.84105 0.001056
1713.66 0.841314 0.00103901
1833.8 0.841204 0.000976665
1991.47 0.842424 0.00101681
1869.23 0.840484 0.0010141
1732.53 0.840914 0.00105142
1745.87 0.838794 0.00101572
1748.69 0.84119 0.00103842
2032.12 0.839226 0.000976043
1841.55 0.838086 0.00099659
1858.68 0.839116 0.00101657
1710.33 0.839275 0.00101748
1721.77 0.839005 0.00100658
1551.82 0.83994 0.00102158
1861.95 0.839764 0.00106511
1613.83 0.838426 0.00103417
1696.18 0.840987 0.000993153
1791.17 0.842974 0.00102763
1823.25 0.842564 0.00096025
1644.22 0.838898 0.000983323
1994.23 0.841838 0.0010366
1802.44 0.840887 0.0009751
1760.42 0.837865 0.00103278
1686.28 0.838768 0.00102952
1705.23 0.843544 0.00104526
1721.06 0.841605 0.00103842
1634.3 0.839179 0.00103152
1689.68 0.83894 0.00103463
1782.25 0.84234 0.00104293
1770.41 0.840773 0.00103037
1745.41 0.840149 0.00102923
1739.06 0.840129 0.00103682
1616.1 0.84254 0.00102053
1947.32 0.840512 0.00103736
1713.03 0.839749 0.00102882
1746.01 0.838563 0.000985807
1707.1 0.838313 0.00103043
1606.66 0.840399 0.00102874
1639.01 0.841283 0.00106026
1616.87 0.840835 0.00103011
1817.01 0.839537 0.00102135
1619.32 0.838668 0.00101625
1770.12 0.840484 0.00100265
1665.12 0.839913 0.00101906
1860.37 0.838772 0.00102132
1649.29 0.83798 0.00105651
1607.91 0.839491 0.000965617
1714.76 0.838259 0.00103627
1726.02 0.839729 0.00102958
1735.59 0.83908 0.00104693
1696.56 0.84002 0.00101945
1771.82 0.838716 0.00102862
1766.58 0.840217 0.00100524
1695.99 0.84001 0.00102814
1816.67 0.840136 0.00103837
1674.09 0.842027 0.00102263
1759.06 0.841455 0.00100612
1792.49 0.841191 0.00101813
1626.11 0.842343 0.0010184
1907.94 0.839608 0.0010222
1841.42 0.839894 0.00102581
1691.88 0.837606 0.000987823
1537.01 0.838061 0.00102359
1975.2 0.839976 0.00104776
1679.92 0.841263 0.00100565
1671.91 0.840434 0.00102595
1629.71 0.839913 0.00102317
1692.64 0.841258 0.000923337
1684.89 0.84024 0.000752281
1841.49 0.840012 0.0010371
1782.71 0.839061 0.00101865
1563.6 0.839682 0.00103789
1872.88 0.842342 0.00103174
1765.54 0.840274 0.00103937
1757.3 0.839379 0.00094846
1669.33 0.838571 0.00101844
1665.57 0.840005 0.00108751
1887.65 0.841194 0.00101788
1784.05 0.836713 0.00100562
1625.71 0.840443 0.00100637
1954.13 0.839278 0.00102245
1693.28 0.837377 0.00102607
1796.39 0.838057 0.00102647
1564.9 0.839615 0.00102413
1769.96 0.839062 0.001056
1602.75 0.837942 0.00102328
1823.08 0.837762 0.00102787
1664.79 0.839583 0.00104174
1631.54 0.838707 0.000985897
1682.36 0.840162 0.00101994
1602.64 0.841193 0.00101952
1637.05 0.840913 0.00102953
1935.94 0.840379 0.000996718
1897.82 0.83673 0.00104084
1812.75 0.837876 0.000984151
2155.03 0.841595 0.00102788
1651.35 0.839666 0.000989523
1637.36 0.839756 0.00103334
1758.98 0.838899 0.001011
1781.71 0.840235 0.00103617
1768.66 0.839762 0.00102059
1648.11 0.837807 0.000965712
1565.92 0.838982 0.00105044
1652.68 0.841161 0.00104217
1805.81 0.839395 0.00101956
1759.98 0.83896 0.000971719
1853.37 0.841331 0.00107975
1617.19 0.837841 0.00102349
1759.16 0.83693 0.00105226
1899.52 0.841817 0.00102662
1651.83 0.837816 0.00101335
1690.27 0.839129 0.00102337
1911.79 0.841737 0.00104043
1659.31 0.840923 0.00102007
1699.07 0.839158 0.00103061
1900.69 0.837706 0.00105167
1693.3 0.840467 0.000999967
1652 0.838675 0.00100435
1781.2 0.840393 0.00101746
1696.12 0.842424 0.00101402
1749.56 0.838443 0.0010059
1740.2 0.839313 0.00105318
1715.73 0.839672 0.00095731
