21633 0.870598 0.00101494
21833.5 0.869216 0.00103432
21230.8 0.868492 0.00102147
21457.1 0.871385 0.00104739
21726.2 0.868773 0.00104989
21716.8 0.870809 0.00103598
21472.8 0.871012 0.00102175
22081.8 0.868315 0.00102711
21537.5 0.870568 0.00102132
21581.7 0.86946 0.0010478
21116.4 0.872262 0.00107272
21828.3 0.867961 0.00102054
22134.2 0.868488 0.0010159
21504.2 0.871127 0.00100777
20608 0.871013 0.00106262
21725.7 0.872092 0.00104508
21968.9 0.867204 0.00101025
21789.7 0.86945 0.000986337
21750.1 0.872234 0.00106699
21333.7 0.869118 0.00107893
22090.9 0.869669 0.00104833
20938 0.872796 0.00104209
21359.8 0.86939 0.00104058
21464.7 0.869607 0.00104096
21904 0.870338 0.00104885
21496.6 0.86963 0.00103214
21357.3 0.866275 0.00105361
21782.3 0.871224 0.0010329
20761 0.871042 0.00107131
21547.9 0.86945 0.00100682
21524.9 0.868735 0.00103028
21477.5 0.870275 0.00101708
20794.6 0.87158 0.00102769
21576 0.871497 0.00106576
21346.5 0.869877 0.00104263
21491.1 0.869785 0.00105566
21170.6 0.868845 0.00101821
22518.5 0.868409 0.00102338
21445.9 0.871743 0.00102954
21327.7 0.871083 0.001049
21607.1 0.870532 0.00104473
20898.9 0.871342 0.00101561
21661.6 0.871497 0.000942324
21630.9 0.867848 0.00101338
21161.3 0.870563 0.00103082
21696 0.870608 0.00103143
21990.3 0.86978 0.00103088
22724.8 0.868345 0.0010667
21327.1 0.870585 0.00105592
21096 0.868609 0.00100266
21499.5 0.870561 0.00102148
21582.2 0.869193 0.0010297
21326.6 0.870139 0.00103489
21310.5 0.871912 0.00104126
21377.5 0.867982 0.00104434
21741.7 0.869767 0.00103097
21453.3 0.868216 0.00104781
20556.3 0.871108 0.00103775
21214.1 0.870521 0.0010072
21444 0.870934 0.00102064
21388.5 0.870391 0.00104563
21708.1 0.8716 0.00101387
21590.5 0.869995 0.0010284
21389.1 0.871724 0.00103652
21900 0.870097 0.00104168
21337.4 0.867485 0.00102178
22156.2 0.869528 0.00102739
22156.4 0.869301 0.00103304
21369.7 0.870246 0.00103833
21171.6 0.870716 0.00104294
21587.1 0.868064 0.00103819
21527.2 0.870822 0.00104837
21622.4 0.869577 0.00102791
21152.1 0.870895 0.00105069
21562.3 0.868046 0.00105474
21791.7 0.868877 0.00103779
21639.8 0.868899 0.000999348
22028 0.86807 0.00106176
22301.1 0.870281 0.00101981
21820.6 0.871259 0.00103665
22162.8 0.870746 0.00103599
21518.4 0.869898 0.00101531
20788.5 0.870267 0.000918174
21668.2 0.87142 0.00102828
21835.7 0.869811 0.00103028
21156.5 0.871631 0.00104214
21385.8 0.87159 0.00102905
22020.1 0.868977 0.00101356
21263.7 0.869917 0.00103008
22575.7 0.868318 0.0010273
22310.5 0.867865 0.00103961
21717.5 0.869418 0.00103201
21576.4 0.872077 0.00103325
21378.8 0.872997 0.00104096
21766.3 0.867873 0.00104064
22040.6 0.86774 0.00101847
22140 0.86968 0.00105921
21911.5 0.87184 0.00102578
21424.4 0.872108 0.00102902
21653.6 0.86813 0.00102894
22179.9 0.868971 0.0010386
21669.1 0.869401 0.00105364
22117.4 0.869386 0.00102087
21566.5 0.871361 0.00102234
21691.4 0.870618 0.00103953
21110.8 0.869691 0.0010155
21354.9 0.868761 0.0010282
21409.9 0.870092 0.00103498
21140.8 0.870258 0.00104605
21780.4 0.868349 0.00103254
22076.4 0.867129 0.00103559
21151.3 0.868132 0.00105596
20880.3 0.870478 0.00103395
21676.1 0.868412 0.00102737
21342.4 0.868434 0.00106231
21695.3 0.869128 0.00100004
21648.1 0.869995 0.00100924
21150.1 0.870917 0.00103627
20821.4 0.8689 0.00102686
21902.1 0.868509 0.00104374
21263.5 0.869837 0.00103417
21765.7 0.873327 0.00103202
21534.6 0.868192 0.00102314
21449 0.868778 0.000982212
21559 0.867703 0.00097855
22112.5 0.868048 0.00101974
21472 0.87105 0.0010193
21770.6 0.870349 0.00104826
21501.5 0.868715 0.00104855
21355.6 0.872447 0.00103821
21364.9 0.87017 0.00103567
21545.3 0.871584 0.00103735
21557.9 0.867577 0.00105393
21421.9 0.871172 0.00103756
21518.1 0.871566 0.00104335
21653 0.868679 0.00105796
21463.9 0.870866 0.000986117
22127 0.869924 0.00103595
21474.8 0.869823 0.00106841
22142.5 0.870735 0.00104883
21495.5 0.871002 0.00106781
21349.2 0.869859 0.00101721
21726.9 0.871403 0.00104496
21921.4 0.870171 0.000998479
21384.2 0.870716 0.00102189
21284.5 0.87211 0.00105763
21858.1 0.867625 0.00103749
21303.8 0.867041 0.00104885
21329.9 0.869044 0.00103765
21409.9 0.870189 0.00103256
21325.7 0.871069 0.00105599
21746.5 0.872445 0.00103815
21335.9 0.869768 0.00105429
20826.9 0.869392 0.0010522
21599.9 0.869419 0.000993517
22028.4 0.869659 0.00103138
21691.5 0.872907 0.00102622
20867.4 0.868687 0.00102817
21662.2 0.870049 0.00108623
21562.1 0.871401 0.000988501
21315.5 0.86917 0.00104246
21579.5 0.871858 0.00103761
21221 0.873028 0.00103863
21607.4 0.873263 0.00105409
22352.2 0.869399 0.00100356
21546.2 0.870331 0.00106312
21178.9 0.871037 0.00104812
21316.1 0.872084 0.00104518
20549.1 0.870365 0.00103848
21632 0.870767 0.000994025
21388.3 0.871858 0.00101528
21141.4 0.868771 0.00103352
21979.4 0.870179 0.00104526
21861.1 0.868891 0.00102541
21593.3 0.871124 0.000981871
21481.3 0.869276 0.00102696
21665.9 0.871159 0.00101292
20994.7 0.868529 0.00105719
21247 0.870811 0.00107539
21188.3 0.869845 0.00103167
21671.3 0.871624 0.00104678
21113.3 0.870284 0.00102686
21619.2 0.869276 0.0010496
21858.5 0.868641 0.000966708
22059.2 0.867826 0.00100789
22056.3 0.869383 0.00101652
21656.1 0.8725 0.00104313
22061.7 0.868608 0.0010189
21837.7 0.867894 0.00103538
21498.2 0.868629 0.00103085
21634.5 0.869424 0.00103848
21499 0.868248 0.0010169
22014.7 0.870098 0.00104011
21663.4 0.871537 0.00104285
21567.5 0.870146 0.00104673
21859.2 0.869761 0.00103505
21531.7 0.870421 0.0010339
22070.4 0.868946 0.00102089
21348 0.869514 0.00102423
22115.6 0.86843 0.00102088
20867.4 0.870636 0.00104743
21934.2 0.870637 0.000997254
21339.1 0.871021 0.00101971
21913.4 0.870348 0.00103058
21061.3 0.873277 0.00103949
21386.1 0.869828 0.0010515
21538.2 0.867968 0.00104737
21806.2 0.869166 0.00104754
21448.9 0.870026 0.00104444
21312.6 0.869709 0.00102028
21540.8 0.869514 0.00104484
21386.9 0.871464 0.00103435
21739.8 0.87125 0.00103261
21938.8 0.867694 0.00104535
21601.1 0.87206 0.0010277
21541.2 0.87045 0.00105602
21430.2 0.870858 0.00104224
21422.6 0.869625 0.00102609
20920.4 0.870983 0.00104596
21694.2 0.871346 0.00102054
21241.7 0.870536 0.00103696
21591.7 0.870564 0.00104094
21574 0.871282 0.00100176
21344 0.869196 0.000978177
21449.2 0.871238 0.00104423
22211.3 0.870076 0.00103573
21944.4 0.869416 0.00100635
21534.1 0.871543 0.00101537
21926.4 0.867806 0.00102969
21307.1 0.870389 0.00102973
21494.8 0.870283 0.00101685
20640.9 0.86969 0.00103883
22227.8 0.869149 0.00113068
21728 0.869639 0.00104778
21630.5 0.869564 0.00104519
22262.4 0.868844 0.00102288
21667.1 0.870977 0.00104055
21078.3 0.871128 0.000980016
21520.6 0.869941 0.00102056
21675.5 0.869267 0.00102489
21254.4 0.870073 0.00104883
21443.3 0.870895 0.00104897
21385.6 0.871226 0.00102527
22272 0.86895 0.00102589
21325.3 0.868031 0.00106003
22210.2 0.871541 0.00100982
21878.4 0.870951 0.00103869
21363.2 0.871066 0.000980998
21511.9 0.870967 0.00103446
21458.8 0.870846 0.00106104
21694.1 0.871217 0.0010367
21662 0.868233 0.0010106
21680.2 0.869669 0.00102512
21695.4 0.866773 0.00103342
21372 0.870078 0.0010274
21973.4 0.868281 0.00103109
21103.3 0.869992 0.00102584
21902.8 0.868693 0.00105648
21573.4 0.870547 0.00102656
21617.6 0.868366 0.000986962
21375.9 0.869312 0.0010131
20753.3 0.871193 0.00105121
22011.8 0.870159 0.00103984
21606.2 0.871808 0.00104633
21707.2 0.870383 0.00102062
21915.6 0.869331 0.00103235
21849.2 0.868979 0.00105032
21461.3 0.869949 0.0010363
21650.4 0.868977 0.00102421
22377.4 0.870335 0.00104592
22152.7 0.870034 0.00101195
21346.5 0.868601 0.00101967
22029.2 0.869977 0.00103329
20978.8 0.867751 0.00104041
21698.8 0.868962 0.00102856
20859.6 0.872778 0.00106103
21305.1 0.869452 0.00101935
20974 0.869196 0.000955477
21930.7 0.867825 0.00103671
21009.9 0.869223 0.00102722
21169.6 0.870051 0.00104209
21796 0.871718 0.00106007
21441.2 0.867679 0.000998504
21492.2 0.870239 0.0010284
21401.6 0.871871 0.00103411
21570.5 0.870975 0.00101981
21931.4 0.870325 0.00102878
22583.7 0.869964 0.00101455
20731.8 0.870064 0.00104142
21420.5 0.869183 0.00102732
21155.1 0.870822 0.00103719
22010.1 0.87033 0.00105035
21190.7 0.869243 0.001059
21785.4 0.870326 0.00099278
21636.8 0.868332 0.00105104
22070.2 0.870181 0.00105567
22479.1 0.867969 0.00104573
21176.5 0.870658 0.00102845
22596.7 0.867808 0.0010413
21575.6 0.865951 0.0010366
21794.1 0.870917 0.00102278
21493.2 0.868658 0.001031
22083.9 0.870517 0.00104127
21507.4 0.868014 0.00103497
21896.2 0.870187 0.00102226
21639.7 0.870222 0.00103408
21459.5 0.868274 0.00096982
20944.4 0.869645 0.00100874
21484.4 0.870708 0.00103965
21518.3 0.872881 0.00104243
21263.1 0.871025 0.00105593
21822.5 0.870714 0.00104479
21444.7 0.870422 0.00104162
21172.4 0.871116 0.00103802
21939.5 0.871189 0.00105924
21576.8 0.870251 0.00101657
21982.4 0.870541 0.0010362
21461.6 0.868511 0.00102869
22220.5 0.867619 0.00106532
21683.4 0.869318 0.00101295
21414.9 0.869477 0.00104349
21835.1 0.869395 0.00102853
21661.3 0.868939 0.00104603
21946.2 0.86808 0.00102177
21646.2 0.871172 0.00100437
21804.4 0.869193 0.00105355
21709.4 0.868636 0.00102644
21077.9 0.87033 0.00103818
21494.6 0.869697 0.00104732
21438 0.867529 0.00102064
21873.8 0.870206 0.000976301
21374.5 0.872554 0.00104998
21289.3 0.871736 0.00101423
21672.8 0.869865 0.00105116
21960.2 0.870704 0.00106863
21928.2 0.870037 0.00101659
21487.1 0.866928 0.00102193
21586.2 0.870616 0.00101041
21344.4 0.870783 0.00102842
20922.8 0.86887 0.00102541
22517.3 0.869597 0.00102998
89420.1 0.760912 0.739607
21397.9 0.87048 0.0010413
21455 0.868927 0.00103002
21423.6 0.870986 0.0010146
21368.7 0.870334 0.00103564
21635.8 0.869741 0.00101607
21718.7 0.868765 0.00103856
21958.4 0.868021 0.00102385
21757.2 0.87058 0.001051
21516.1 0.868933 0.0010702
21497.7 0.871388 0.00102847
21247.6 0.870713 0.0010561
21496.6 0.869646 0.00103638
21375.3 0.871172 0.00103447
21517.8 0.870202 0.00102356
21727 0.870769 0.00102351
21308.8 0.871617 0.00102959
22127.6 0.86815 0.00103329
21722.8 0.868728 0.00104145
21423.1 0.871971 0.00102394
21658.2 0.867769 0.00104121
22167.6 0.869262 0.00103042
21203.1 0.86862 0.00102262
21478 0.870069 0.00101975
21666.4 0.869729 0.00103321
21248.6 0.869413 0.00101274
21745.3 0.870045 0.00104938
21386.1 0.868865 0.00104466
21720.9 0.870609 0.00105678
21602.5 0.867404 0.000998492
21747.8 0.870267 0.00101233
21382 0.869559 0.00103115
22056.9 0.867434 0.00104343
21466.4 0.868207 0.0010512
21684.9 0.867774 0.00101094
21707.4 0.869579 0.00104469
21985.9 0.869613 0.00103047
21503.8 0.870766 0.00103706
21871.1 0.868026 0.00101426
21320.4 0.868316 0.0010348
21107.7 0.869333 0.00104607
21843.2 0.869954 0.00102273
20460 0.870792 0.001057
20994.3 0.870942 0.0010397
21260.3 0.867537 0.00103479
21604.3 0.868506 0.00100615
21502 0.870252 0.00103911
21962.3 0.87067 0.00104193
21236.4 0.871995 0.00105155
21059 0.870731 0.00103046
21120.5 0.870148 0.0010443
21434.9 0.869938 0.00102413
21028.2 0.871285 0.00103772
21404.2 0.867847 0.00103402
22288.6 0.867837 0.00106313
21986.5 0.870274 0.0010207
21454.1 0.87041 0.00103853
21707.1 0.870121 0.00108724
21247.3 0.86687 0.00103379
21475.2 0.867638 0.00103521
86370.5 0.754234 0.741376
21282.1 0.869015 0.00103372
22053.8 0.873683 0.00101573
21576.4 0.870177 0.00103426
21418.7 0.870688 0.00103021
21268.9 0.872022 0.00106259
21672.4 0.868092 0.00100526
21444.6 0.871104 0.00101116
20865 0.868195 0.00102465
21716.9 0.87029 0.00103462
21548.5 0.873628 0.00103375
21859.3 0.871128 0.00105198
21478.7 0.87134 0.00105421
20613.3 0.869896 0.00104814
21308.5 0.872255 0.00103909
21303.4 0.870918 0.00103087
21617.7 0.86743 0.00104034
21692.1 0.871159 0.00103681
21726.7 0.872417 0.0010404
21638 0.869975 0.00101396
21209.5 0.869492 0.00102094
21881.7 0.870183 0.00100075
21809 0.871112 0.00103825
22521.1 0.870053 0.00103555
21581 0.869955 0.00102359
21342.6 0.87009 0.00102452
21608.6 0.868959 0.00103667
21976.4 0.871281 0.00103155
20878.6 0.869112 0.00102365
21511.7 0.869 0.00108467
21331.9 0.870154 0.00102502
21216.1 0.867377 0.00103234
21489.2 0.868931 0.00104022
22102.2 0.868301 0.00103914
21884.9 0.8707 0.00101995
21906.4 0.87152 0.00104171
21276 0.868927 0.00104983
21961.2 0.866839 0.0010181
22026.7 0.870147 0.00105087
21342.7 0.870385 0.00102693
21359.4 0.870125 0.00102656
21210.4 0.867915 0.0010454
21371.2 0.871086 0.00101613
21462.9 0.871543 0.0010213
20973.8 0.870031 0.00103289
21964.2 0.870734 0.00104356
21225.4 0.868065 0.00101882
21238.5 0.870828 0.00104034
21149.3 0.871234 0.00104783
21702 0.868385 0.00103129
21498.9 0.871398 0.00108493
21722 0.868865 0.000942787
21431.7 0.869652 0.00104538
21775.9 0.86776 0.00103488
21408.9 0.872839 0.00103604
21606.1 0.870391 0.00104147
21687.9 0.870053 0.00103649
21345.9 0.87236 0.00105952
21416.3 0.869909 0.00105612
21731.9 0.869515 0.00103178
21844.6 0.869455 0.00104942
21773.6 0.867525 0.00100027
21160.1 0.87127 0.00102625
21410.7 0.868669 0.000999988
21136 0.868573 0.00103093
22015.7 0.868569 0.00101086
21578.2 0.869664 0.00103625
22353.1 0.866737 0.00106307
20797.2 0.871477 0.00103809
21358.7 0.870189 0.0010345
21550.2 0.869374 0.00104342
22001.4 0.872758 0.00102493
22202.6 0.867901 0.00102297
21141.7 0.869791 0.000979857
21097.1 0.872175 0.00106085
21965.8 0.868784 0.00102349
21617.8 0.869605 0.000834284
21726 0.870169 0.00103908
21737 0.873905 0.000998773
21870.3 0.868781 0.00102223
21847.7 0.869339 0.00103717
22521.3 0.87098 0.00103321
21330.5 0.870606 0.00103549
21630.2 0.871735 0.00105977
21804.2 0.867171 0.0010355
20827.5 0.8706 0.00102191
21457.4 0.870467 0.00107287
21572.9 0.869003 0.00102968
21431.1 0.871226 0.00103917
21585.5 0.871951 0.00105553
22060.6 0.87143 0.00106182
21246.3 0.870575 0.00102412
21700.6 0.868837 0.00103454
21329.4 0.868748 0.00104284
21130.2 0.870636 0.00104033
21443.6 0.873119 0.00104835
21110.8 0.87067 0.00104117
22189.9 0.868944 0.00102223
22299.8 0.868879 0.00103654
21526.1 0.871514 0.0010409
22387.8 0.867682 0.00103372
21495.4 0.870759 0.00103008
21386.5 0.87139 0.00104172
22393 0.86598 0.00101814
21276.5 0.867667 0.00101641
21464.1 0.871197 0.00104585
21635.4 0.871097 0.00102268
21271.5 0.871878 0.00102203
22238.8 0.868341 0.000984497
21804.2 0.867946 0.0010209
21823.1 0.872442 0.00102645
21836.8 0.868955 0.001026
21476.2 0.871017 0.00104992
21688.4 0.871669 0.00105724
21401.8 0.870436 0.00104194
21975 0.867553 0.00104786
21313.8 0.871385 0.00104632
21606.2 0.870676 0.00106703
21844.9 0.867986 0.00102863
22068.6 0.87154 0.00103319
21502.2 0.867916 0.0010095
21218.9 0.871778 0.00103291
22396.8 0.870563 0.00102543
21620.7 0.868274 0.00105371
21383.3 0.870136 0.00105385
22055.2 0.871636 0.00104826
21343.2 0.871394 0.00105383
21084.7 0.869305 0.00104574
22106.3 0.868207 0.00102754
21496.8 0.868899 0.00103057
21359.5 0.869322 0.00103065
22486.4 0.867731 0.00102953
88097.7 0.760069 0.739526
22172.1 0.867458 0.00103339
21537.9 0.868623 0.00102117
21711.4 0.871116 0.000984917
21185.1 0.870487 0.00102378
21925.4 0.868893 0.0010202
21449 0.868674 0.00102818
21962.1 0.870336 0.000961311
22252.4 0.86801 0.00103665
21160.7 0.868636 0.00104821
21439.8 0.870372 0.00102677
21719 0.871713 0.00102487
21721 0.870065 0.00104957
21735.1 0.871108 0.00103275
21685.1 0.868149 0.0010271
21615.6 0.869112 0.00102476
21678.6 0.872322 0.00103559
21613.2 0.868291 0.0010262
21502.6 0.869797 0.00104735
21358.6 0.868489 0.00101772
21275.5 0.86983 0.00102018
21043.9 0.871215 0.00104247
21844.2 0.869137 0.00102733
22029.4 0.870317 0.00102306
20806.1 0.871579 0.00105365
21952.4 0.867023 0.00102207
21668.8 0.874586 0.00105152
21666 0.869513 0.00102604
22393.1 0.869294 0.00103182
21698.2 0.870142 0.00100946
21151.4 0.872466 0.00103163
21191 0.869858 0.00102771
21182.3 0.869403 0.00104488
21215.9 0.869955 0.00102342
21620.9 0.868109 0.00103651
20968.5 0.870059 0.000841293
21052 0.870947 0.00102566
21607.3 0.872308 0.00106322
21540.4 0.870142 0.00102791
21205.2 0.872566 0.00106005
22212.9 0.867714 0.00104684
21758.8 0.868842 0.00102857
21500.2 0.874507 0.000901583
21983.1 0.868819 0.00102662
21331.5 0.870948 0.00103419
21498.3 0.871615 0.000994762
21262.7 0.869394 0.00103279
21354.9 0.868593 0.00103432
21257.1 0.870521 0.00102849
21897 0.869698 0.00102375
22352.9 0.870058 0.00103388
20797.4 0.869437 0.00104768
21711 0.869115 0.0010546
21239.2 0.871287 0.000985563
20628.7 0.871023 0.00100907
21085 0.869556 0.00103863
21909.9 0.868943 0.00101897
21152.8 0.870211 0.00102224
21574.1 0.871346 0.00102582
21855.5 0.869207 0.00104051
21739.1 0.868338 0.00101258
21246.3 0.869342 0.00104387
21405.4 0.86834 0.00104343
21593.5 0.870873 0.00103836
21621.1 0.870012 0.00100781
22001.5 0.870626 0.00104378
21409.5 0.871502 0.00102639
21209.5 0.869119 0.00103591
21897.1 0.869174 0.00102715
20680.9 0.870609 0.00102784
21784.4 0.871489 0.00108494
21840.8 0.869916 0.00104454
21766.4 0.869507 0.00104293
21454.6 0.870213 0.00104475
21414.7 0.870436 0.00102502
21736.7 0.871705 0.00100863
21599.2 0.870189 0.00101453
21702.4 0.870377 0.00104952
21423.2 0.871099 0.00104384
21955.1 0.86711 0.00100029
21475.7 0.870601 0.00104309
21639.1 0.867803 0.00101684
21399.7 0.870871 0.00102348
21403.8 0.868264 0.00103412
20912.6 0.869598 0.00102427
22396.1 0.868658 0.000998309
21530.8 0.868999 0.000998437
21074.3 0.867915 0.00104183
20851.7 0.868719 0.00103277
21392.1 0.869124 0.00104511
21862.6 0.871377 0.00103318
21331.5 0.871884 0.00104982
21975.3 0.866955 0.00105106
21354.3 0.869192 0.00104162
21691.4 0.869915 0.00102223
21651.5 0.870452 0.00103656
21446.9 0.871205 0.00103807
21144.7 0.87118 0.00105979
21311.6 0.869612 0.00103026
21373.2 0.87268 0.00108026
21115.1 0.87033 0.00104798
20895.1 0.872236 0.00101181
21544.2 0.872914 0.00103257
21282 0.871544 0.00102569
21521.7 0.868815 0.00102456
21521.9 0.870669 0.00100386
21331.6 0.871586 0.00103625
21462.1 0.869479 0.00106433
21265.5 0.869987 0.00104825
22026.2 0.868916 0.0010082
21614.3 0.869694 0.00103986
21693.4 0.871112 0.00104706
21165.8 0.869982 0.00104536
21058.2 0.872572 0.00104468
21944.4 0.87191 0.00104025
21582.8 0.870216 0.00104286
21499 0.869932 0.00103905
21760.1 0.871344 0.00106475
21815.7 0.869599 0.00104694
21682 0.871338 0.00104568
21857.2 0.870115 0.00100179
21138 0.870622 0.00104
21337.8 0.87092 0.00103917
21457.2 0.871511 0.00102909
22019.2 0.868733 0.0010235
21239.3 0.870579 0.00104308
21679.4 0.866507 0.00103152
21950.7 0.870952 0.00103561
21413 0.869823 0.00102784
22565 0.866679 0.00103303
22143.8 0.869571 0.00104818
21624.8 0.870985 0.0010492
21100.6 0.870692 0.00104806
21575.2 0.869858 0.00102732
21874.8 0.866664 0.00099823
21773.3 0.87176 0.00102674
21175.2 0.869172 0.00105052
21998.6 0.869154 0.00104931
21089.1 0.870183 0.00103762
22014.7 0.870399 0.001036
22187.7 0.868706 0.00104112
21048.9 0.86795 0.00107007
21249.9 0.868905 0.00102934
21949.7 0.873078 0.00104938
21289.8 0.869142 0.00101432
21098.5 0.869424 0.00104048
21321.8 0.870882 0.00102336
21727.9 0.870612 0.00102909
21165.1 0.872385 0.00108879
21426.2 0.869181 0.00105079
21760.8 0.872257 0.00105022
21516.8 0.872037 0.00103484
21986.5 0.870677 0.00105253
20734 0.86967 0.000991474
21755.6 0.866895 0.00102317
21727.7 0.87193 0.0010351
21468.9 0.870129 0.00102646
22478.5 0.870312 0.00103276
21487.1 0.871486 0.00105638
21530.9 0.871703 0.00103712
21237.3 0.871821 0.00101984
21473.9 0.868413 0.0010219
21272.5 0.869628 0.0010415
21168.2 0.868177 0.00102978
21231.7 0.872776 0.00102914
21790.1 0.869224 0.00102451
20839 0.873671 0.00103364
21463.5 0.867712 0.00102185
21584.4 0.869274 0.00104643
21295.6 0.870708 0.00105342
21631.6 0.868136 0.00100898
21277.5 0.870381 0.00102669
22032 0.869836 0.00102931
21180 0.872249 0.0010542
21347.5 0.870324 0.00104663
21534.9 0.870326 0.00104075
21461.1 0.870776 0.0010492
22032.3 0.868838 0.00102779
21699.2 0.870956 0.00103446
21077.1 0.869592 0.00104508
21658.4 0.866891 0.00102113
21583.3 0.871127 0.00103973
21667.8 0.869962 0.00103261
21725 0.868672 0.00103854
21527.2 0.870842 0.0010294
21580.4 0.86945 0.00102396
21904.9 0.869697 0.0010254
21088.4 0.867693 0.00102655
20763.6 0.86957 0.00102564
21728.5 0.870468 0.00103547
21345.8 0.871572 0.00102592
20996.6 0.870911 0.00102961
22071.8 0.870772 0.00108696
21395.5 0.870386 0.00102174
21169.4 0.870176 0.00105625
21455.9 0.873369 0.00105445
21795.4 0.86652 0.00103107
21459.8 0.868696 0.00101616
22124.8 0.869619 0.00105388
21613.6 0.870423 0.00100904
21582.9 0.870446 0.00100576
20987.4 0.870686 0.00103769
21587.1 0.868775 0.00101894
21452.3 0.871757 0.000992874
21640.3 0.868437 0.00105311
21873.4 0.868736 0.00104281
21247 0.873012 0.00104566
21461.9 0.871654 0.000980005
21573.3 0.872116 0.00102562
21931.9 0.868602 0.0010233
21157.6 0.869847 0.00101378
21542 0.868144 0.00104678
21504.4 0.870255 0.00102871
22092.3 0.870801 0.0010197
21246.7 0.870154 0.00101841
21341.7 0.869086 0.00103287
21732.2 0.869608 0.00104158
21345.9 0.871665 0.00105023
21666.6 0.869644 0.00102719
21512.4 0.868846 0.0010205
21071.4 0.871128 0.000938429
21379.6 0.869342 0.0010643
22073.2 0.868395 0.00100735
21544.7 0.869792 0.00104075
20828.2 0.869888 0.00103452
21386.7 0.870626 0.00102232
21619.7 0.868963 0.00103629
22012.6 0.86834 0.00103626
21321.6 0.869846 0.00104086
21944.4 0.869995 0.0010273
21959.7 0.868468 0.00104352
21996.3 0.868696 0.0010491
21165.2 0.86937 0.00106007
21402.1 0.87263 0.00104099
21479.8 0.87042 0.00102105
21653.2 0.868102 0.000997304
21522.5 0.867969 0.00101634
21247.4 0.869012 0.00104075
21672.4 0.871088 0.00103506
21480.9 0.871894 0.00102873
22251.5 0.86907 0.00104057
21412.2 0.868162 0.00104884
21966.9 0.868215 0.00103693
21273.7 0.871001 0.00106565
21585.6 0.870605 0.00105588
21494.6 0.868459 0.001033
21265.4 0.871153 0.00104301
20994.2 0.871444 0.00102373
21119.1 0.868266 0.00102817
21670 0.86898 0.00101458
21385.2 0.870123 0.00102924
21189.4 0.868263 0.00104306
21789.7 0.871045 0.00103363
21622.5 0.868701 0.00101471
21425.8 0.86941 0.0010569
21803 0.870832 0.000953283
21762.6 0.867876 0.00100952
21223.2 0.867539 0.00102602
21239.8 0.871091 0.00103611
21736.4 0.869201 0.00101114
21608.8 0.868298 0.00103128
21392 0.869175 0.00102348
22241.1 0.870412 0.00104602
21951.3 0.871015 0.00103337
87792.9 0.751911 0.740405
21496.1 0.868349 0.00100672
21252.9 0.87075 0.001056
21507 0.870825 0.00103565
21891.4 0.867448 0.0010141
22229.7 0.867542 0.00101402
21483.2 0.872522 0.0010804
21364.6 0.868453 0.00105213
21482.6 0.869663 0.00102097
21739.6 0.872195 0.00102708
21284.5 0.872707 0.00102848
21117.1 0.870439 0.00102819
21028.6 0.869528 0.00103416
85698.4 0.767698 0.739234
22112.8 0.869849 0.00103279
21531 0.868635 0.00104553
21861.7 0.871421 0.00106809
20862.3 0.87207 0.00106134
21798.8 0.870738 0.0010158
21409.4 0.870383 0.00100298
21099.8 0.870944 0.00103808
21244 0.86841 0.00101902
21614.6 0.870791 0.00103749
21681.7 0.870091 0.00102384
21538.4 0.869632 0.0010231
21732.2 0.869347 0.00100708
21199.7 0.871825 0.00102563
21772.9 0.869476 0.00102917
21510.3 0.871141 0.00104702
20981.2 0.870943 0.00103822
20876.6 0.869777 0.00106397
21389.3 0.870918 0.00103931
22012.8 0.870316 0.00102518
21912.7 0.86927 0.00102918
21735.2 0.870057 0.00104442
21407.5 0.870841 0.000993794
21647.7 0.870998 0.00104239
21691.2 0.873967 0.00104059
21284.1 0.87155 0.00102903
20987.7 0.86889 0.0010341
21384.2 0.872514 0.00103151
21333 0.871854 0.00102982
21822.1 0.869706 0.00102345
21167.7 0.871174 0.00104184
21101.1 0.870514 0.00103978
20890.9 0.86739 0.00103909
22256.8 0.866832 0.00101763
20922.9 0.871551 0.0010502
21921.5 0.869423 0.00102967
21776.2 0.869868 0.00104
20796.6 0.871042 0.00102396
21223.3 0.871687 0.00103222
21257.2 0.871847 0.00100186
20977.6 0.869352 0.00103662
20718.3 0.870198 0.00102192
21302.1 0.872613 0.0010502
22163.8 0.869467 0.00102892
21878.2 0.870372 0.00105109
21781.8 0.871283 0.00102231
21085.7 0.871546 0.00105322
20653 0.869334 0.00104751
21850.9 0.868339 0.000991616
22147.7 0.870952 0.00101953
21304.4 0.869256 0.00106006
21943.8 0.868757 0.00101686
21434 0.869389 0.00103682
22028.5 0.871078 0.00102762
21342.4 0.870936 0.000948172
21040.3 0.86877 0.00102867
20758.5 0.871578 0.00103032
21313.9 0.868454 0.00102756
21240.6 0.871758 0.001024
21776.5 0.869564 0.00102357
21762.5 0.86946 0.00102945
21851 0.870613 0.00103518
21567.1 0.869963 0.00103396
21845.2 0.870689 0.00102996
21988.8 0.870329 0.00100833
21700.7 0.869335 0.00103282
22015.2 0.869172 0.00101302
20760 0.869068 0.00102036
21794.4 0.871261 0.00102111
21779.7 0.869472 0.000989391
21583.6 0.871734 0.00103937
21677 0.868444 0.00102091
21367.3 0.871282 0.00102242
21919.5 0.868002 0.000931231
21743 0.871566 0.00101075
21482.4 0.869071 0.000970729
20535.7 0.87001 0.00103805
21535.4 0.870928 0.00103007
21792.2 0.869734 0.00106854
20738.3 0.871445 0.00104057
21406.1 0.870672 0.00103523
21752.4 0.870939 0.00102467
21140.8 0.868943 0.00104671
22130.4 0.868068 0.00100268
21474.8 0.870505 0.001053
21655.9 0.872035 0.00104329
22228.4 0.869991 0.00105158
21828.8 0.870051 0.00104319
21907.7 0.870388 0.00103359
22243.5 0.868425 0.00102949
21540.7 0.872786 0.00102447
22253.2 0.871937 0.0010607
22279.9 0.871243 0.00101639
21862 0.872214 0.00104826
21137.9 0.871873 0.00108826
21525.2 0.870996 0.00104813
21994.3 0.869792 0.00100399
22436 0.867993 0.00102372
21962.1 0.869093 0.00103857
21166.6 0.868755 0.00103535
21795.6 0.867458 0.0010261
22184 0.868367 0.00103665
22227 0.872589 0.00104172
22246.1 0.87036 0.00102924
21427 0.871015 0.0010373
22037.4 0.871744 0.00103073
21617 0.87397 0.00105056
21744.6 0.867815 0.00104863
21661.8 0.868386 0.00102497
21483.4 0.870485 0.00101826
22354.4 0.869554 0.0010184
21333 0.871094 0.00104598
21038.5 0.869533 0.00105987
20988.7 0.870483 0.00104483
21169.9 0.870637 0.00103576
21635.8 0.8699 0.00102444
21228.8 0.869868 0.00100903
21540.8 0.870567 0.00102757
22017.6 0.868319 0.00105292
20739.1 0.869938 0.00105107
21720.9 0.867023 0.00102605
21482.6 0.868576 0.0010479
21614.8 0.871291 0.00103512
21807.5 0.869736 0.00103551
20889.9 0.868918 0.00103729
21173.3 0.870159 0.00105344
21589.4 0.867577 0.00103081
21549 0.869519 0.00106129
21569.6 0.868937 0.00103267
21396.6 0.869429 0.0010178
22126.2 0.868 0.00103851
22319.1 0.869839 0.00101983
21992.4 0.871003 0.00103984
84852 0.767945 0.740222
21143.7 0.869116 0.00100669
21488.2 0.871071 0.00103818
21781.9 0.870472 0.00100849
21772.6 0.870093 0.00101574
21262.9 0.873002 0.00101031
21737.8 0.869577 0.00103242
21237.4 0.870358 0.0010314
21960.8 0.869439 0.00101982
21893.1 0.871277 0.00104566
22291.2 0.868779 0.00105128
21291 0.871977 0.000951788
22104 0.867937 0.00103766
22106.8 0.870765 0.00105131
21642.2 0.870861 0.000997139
21930.4 0.871666 0.00104414
21669.6 0.869608 0.00103998
21505.7 0.867938 0.00102856
21457.1 0.873243 0.00102169
21394 0.869491 0.00102583
21628.6 0.867626 0.00103287
21433.7 0.87002 0.00105528
21608 0.868712 0.00105528
21855.1 0.868429 0.00102481
21506 0.870993 0.00104085
20911.2 0.867863 0.00103511
21366.6 0.871791 0.00106323
21282.1 0.870641 0.0010336
21350 0.870348 0.00102697
22408.6 0.868427 0.000976586
21509.9 0.867884 0.00103158
21290.5 0.871436 0.00106826
21667 0.86803 0.00101711
21345.2 0.86988 0.00103028
21963.2 0.868567 0.00103488
21426.7 0.869015 0.00104668
21581 0.869855 0.00101903
21593.6 0.870566 0.00101203
20824.2 0.870089 0.00104989
20902 0.866727 0.00102865
21629.2 0.868799 0.000993533
21560.4 0.868649 0.00102913
21659.9 0.867246 0.00100471
21740.2 0.869655 0.00102164
21500.5 0.872663 0.00100532
20896.2 0.869694 0.00103789
21390.3 0.870872 0.00104223
21492.3 0.869701 0.00095682
21071.8 0.872716 0.00105636
21153 0.870516 0.000969897
21769.9 0.870402 0.00102005
21661.3 0.869982 0.00103299
21005.4 0.872553 0.0010298
21619.2 0.868376 0.00103705
22749.5 0.869811 0.000976092
21076.1 0.872427 0.00101912
21799.9 0.86767 0.00100522
