491.811 0.841126 0.00693095
514.371 0.822769 0.00674168
406.803 0.827943 0.00668224
447.231 0.824573 0.00730059
476.054 0.823225 0.00913566
487.057 0.840519 0.0189049
523.064 0.822724 0.00669585
457.254 0.835354 0.00962738
463.802 0.845438 0.00691973
512.633 0.815856 0.0066897
481.643 0.819606 0.00921586
453.121 0.826713 0.00676445
449.821 0.850394 0.00701438
486.748 0.82666 0.00675978
434.76 0.832082 0.00694655
504.766 0.837404 0.0110926
471.294 0.82608 0.0067039
459.862 0.825051 0.00895873
461.682 0.835478 0.0065635
553.36 0.84246 0.0131675
476.64 0.835315 0.012691
476.454 0.82406 0.00673519
388.407 0.841406 0.0154431
456.598 0.826997 0.00776723
465.759 0.828394 0.0066733
430.587 0.828103 0.00673171
470.893 0.833773 0.0142211
483.607 0.82695 0.00671025
454.245 0.830848 0.0067
475.879 0.838557 0.00689607
452.374 0.824948 0.00665181
487.075 0.834668 0.00670559
481.42 0.838604 0.00683811
497.957 0.846843 0.0118597
481.198 0.839352 0.00696394
427.066 0.830321 0.0068638
497.479 0.836852 0.00698439
461.48 0.829587 0.00672672
488.57 0.829245 0.00669635
406.279 0.852667 0.00365716
463.007 0.835802 0.0122821
438.104 0.831362 0.00668872
512.151 0.823787 0.00670545
421.669 0.835831 0.0171121
476.653 0.844289 0.0134487
457.431 0.828178 0.00677165
455.292 0.82402 0.00666326
463.565 0.830341 0.00981293
439.535 0.821937 0.00668041
517.983 0.845152 0.00702797
501.9 0.843048 0.00991081
408.164 0.847015 0.00705853
451.896 0.811428 0.00652797
497.302 0.836815 0.0131397
470.749 0.826585 0.00676493
489.064 0.828883 0.0102525
453.465 0.830268 0.00813269
496.877 0.82529 0.00667921
387.177 0.826419 0.00908734
455.109 0.82576 0.0111553
478.268 0.835538 0.00690921
402.415 0.822169 0.00660637
444.861 0.821233 0.0066484
474.26 0.840048 0.0133031
531.105 0.842417 0.00694175
460.366 0.84765 0.00697428
429.121 0.838479 0.00368959
453.873 0.827921 0.0111568
495.613 0.827672 0.0101137
488.94 0.823929 0.00659492
471.058 0.823046 0.00667093
477.231 0.822949 0.00971486
460.327 0.827745 0.00677301
433.146 0.839941 0.0103278
467.304 0.842685 0.012001
451.979 0.818215 0.00940318
413.535 0.823031 0.0067442
459.522 0.844567 0.015829
462.971 0.853744 0.0036564
486.389 0.827162 0.00669983
471.082 0.834839 0.012579
462.94 0.828356 0.00781006
537.13 0.821447 0.00677362
447.648 0.82814 0.00656059
440.267 0.823125 0.00993864
510.651 0.839044 0.00700339
445.409 0.821353 0.007738
478.647 0.822674 0.00673839
426.616 0.831489 0.00681994
458.889 0.822175 0.00750731
473.922 0.830444 0.00944226
447.531 0.830917 0.00933814
472.376 0.827547 0.00661154
506.832 0.815596 0.00664963
456.401 0.825562 0.00666202
507.368 0.828555 0.00666689
474.962 0.818714 0.0066614
419.853 0.834658 0.0137772
474.509 0.839831 0.0187458
481.747 0.836927 0.0138952
504.621 0.845678 0.00702093
474.371 0.843913 0.014421
471.318 0.820889 0.00647833
455.035 0.831812 0.0135422
498.826 0.822113 0.00673525
457.93 0.83103 0.0125643
472.748 0.835861 0.0118979
466.413 0.852113 0.00709198
461.09 0.829581 0.00668935
481.762 0.825386 0.00673603
457.544 0.840333 0.0130479
414.266 0.830188 0.00870472
511.463 0.826315 0.0144822
452.663 0.815721 0.00656628
463.385 0.819678 0.00663459
463.102 0.820366 0.0107809
438.841 0.82766 0.00668514
476.132 0.830714 0.00880656
445.255 0.827993 0.00679668
473.988 0.844599 0.00359965
510.829 0.81831 0.0065946
487.477 0.845886 0.0138162
460.563 0.814945 0.00871848
512.075 0.832684 0.0121092
408.025 0.820177 0.00714716
552.899 0.832407 0.00681593
469.995 0.834811 0.00676888
460.264 0.833976 0.00693442
526.193 0.825059 0.00660679
419.991 0.829288 0.00656056
479.179 0.819699 0.00665477
479.022 0.843601 0.00701835
465.171 0.839413 0.0127446
461.225 0.807906 0.00661066
470.9 0.824626 0.00713845
515.915 0.828167 0.00882925
474.2 0.830593 0.0130763
477.36 0.8356 0.00989472
431.378 0.81764 0.00852009
462.849 0.83447 0.00669259
564.388 0.817674 0.00664091
475.791 0.822567 0.006612
481.548 0.839422 0.00136673
416.634 0.814881 0.0101237
532.656 0.81723 0.00612312
491.439 0.845716 0.00864009
469.606 0.835366 0.0102454
410.346 0.833264 0.0172869
454.164 0.805676 0.00667651
477.76 0.838518 0.0138506
482.979 0.828567 0.00667846
480.486 0.823558 0.00944203
466.243 0.823342 0.00678298
427.455 0.827264 0.0065866
446.016 0.8217 0.00670746
451.927 0.835315 0.00692808
441.197 0.827854 0.00713811
464.96 0.841968 0.0123808
497.707 0.816978 0.00658737
435.711 0.829834 0.018177
459.428 0.819527 0.00657252
441.406 0.82148 0.00661782
412.074 0.834113 0.0172696
469.319 0.842726 0.00698566
522.245 0.849174 0.00368761
441.775 0.852155 0.0203263
444.247 0.825022 0.011327
454.778 0.842089 0.00673406
485.399 0.821439 0.00653166
471.594 0.8195 0.00655838
484.204 0.827046 0.00642581
484.479 0.822069 0.00929485
483.273 0.823326 0.00671544
493.364 0.817147 0.00651826
442.587 0.850218 0.00707867
524.083 0.838818 0.0162191
491.157 0.822415 0.00744249
489.346 0.834436 0.00663614
431.977 0.822936 0.0065412
465.795 0.823013 0.00769426
437.523 0.842561 0.00698362
439.455 0.822095 0.00672285
495.612 0.840278 0.00985299
502.18 0.840449 0.0129186
423.966 0.849321 0.00133203
439.042 0.825297 0.00976023
421.813 0.837029 0.00678893
454.02 0.851943 0.00727196
504.781 0.828818 0.00916085
440.996 0.846548 0.00698556
460.251 0.805811 0.00650373
523.807 0.832745 0.00683337
455.805 0.847299 0.00367896
504.012 0.822612 0.0068697
487.81 0.831772 0.00684635
534.167 0.822325 0.00671193
504.91 0.838195 0.0128733
452.991 0.837055 0.0132604
524.153 0.818982 0.0065857
421.394 0.830297 0.00884956
453.317 0.838335 0.00678414
555.522 0.832625 0.00916792
427.668 0.821025 0.00658357
459.215 0.831493 0.0129161
459.952 0.820684 0.00903959
453.656 0.832448 0.00696939
439.22 0.821224 0.00671784
471.571 0.823396 0.0066296
500.285 0.830838 0.00674132
420.871 0.833006 0.00664739
478.164 0.837329 0.0131935
458.611 0.825153 0.00674131
465.648 0.825336 0.00664061
444.7 0.827567 0.00677993
543.311 0.826973 0.00666199
482.256 0.838415 0.0127941
487.868 0.836007 0.0135295
439.852 0.842639 0.0150092
471.944 0.822893 0.00651622
449.975 0.82616 0.00907081
399.28 0.833901 0.00689832
417.291 0.819353 0.00667782
416.388 0.845834 0.00703621
471.859 0.844195 0.00683862
452.032 0.81513 0.00655934
478.064 0.832227 0.0194539
493.677 0.851664 0.0175027
452.63 0.842775 0.00703092
427.957 0.825245 0.00661858
445.157 0.855095 0.0171812
465.131 0.827377 0.00663644
507.602 0.82287 0.00675147
508.007 0.827737 0.0145278
496.067 0.821652 0.00660154
421.405 0.83021 0.0124549
473 0.822561 0.00774316
453.639 0.824452 0.00667008
495.541 0.833683 0.00681195
434.999 0.845867 0.00695153
456.55 0.826075 0.0147101
448.195 0.850363 0.00367882
504.918 0.838905 0.0126009
476.809 0.845251 0.0131945
427.817 0.815139 0.0064905
417.694 0.841177 0.00768258
461.395 0.848304 0.0069747
437.363 0.821275 0.00677862
515.83 0.828354 0.0127838
478.985 0.823007 0.00668253
453.097 0.821211 0.00658189
430.825 0.840026 0.0136107
427.514 0.829003 0.00989532
471.956 0.82531 0.00978953
450.163 0.827946 0.00677137
442.829 0.812753 0.00659691
468.664 0.828837 0.0066833
431.216 0.834572 0.00959597
482.019 0.806299 0.0065292
431.419 0.822776 0.00666269
435.517 0.833329 0.0138518
473.286 0.837047 0.0154877
486.469 0.834247 0.0122719
517.002 0.826841 0.00682682
433.298 0.821282 0.0127773
496.963 0.822006 0.0077476
435.181 0.846366 0.00684384
435.154 0.837993 0.0114085
474.051 0.84248 0.00864836
533.473 0.828046 0.0148738
424.152 0.820084 0.00747116
459.266 0.844764 0.00691868
541.705 0.831651 0.0109373
508.169 0.846915 0.0126587
417.288 0.825591 0.00652409
442.214 0.832564 0.0101673
477.968 0.825805 0.00676364
507.982 0.81414 0.00669916
500.729 0.834943 0.00678557
499.204 0.824215 0.0066918
434.872 0.843314 0.00697742
468.315 0.828839 0.0068034
476.803 0.843616 0.0144708
457.82 0.822106 0.00661246
464.053 0.831954 0.00675247
486.087 0.826182 0.00955635
488.134 0.829131 0.00682318
452.555 0.827782 0.00680375
454.66 0.835939 0.0126337
460.508 0.827471 0.0126074
461.291 0.848363 0.00699162
447.46 0.835854 0.00927381
447.184 0.826817 0.00671246
486.014 0.819286 0.00672671
472.267 0.823485 0.00652289
504.402 0.831542 0.0125557
471.668 0.8235 0.00697042
499.021 0.844626 0.0141431
449.538 0.840987 0.00640264
440.66 0.8258 0.00664055
433.828 0.831943 0.00683369
494.218 0.842164 0.0070899
461.452 0.836652 0.0067958
449.86 0.826243 0.00661063
475.209 0.826039 0.00927973
480.411 0.844205 0.0115441
452.609 0.833551 0.00694751
476.85 0.833569 0.0159626
460.391 0.82033 0.00680784
436.262 0.815654 0.00654598
456.34 0.823955 0.00681474
440.275 0.827862 0.00920023
477.934 0.835584 0.0129909
486.094 0.855738 0.00720702
463.831 0.816659 0.00683161
538.119 0.817522 0.00650943
420.025 0.81485 0.00676389
448.936 0.825466 0.00659589
478.237 0.824037 0.0067522
468.446 0.84571 0.00706404
519.151 0.833998 0.00790992
436.905 0.846712 0.00715027
433.932 0.824824 0.00661407
479.897 0.814557 0.00674599
485.942 0.838665 0.0103934
465.941 0.822475 0.0066597
451.207 0.839472 0.013611
502.816 0.830261 0.00832896
485.555 0.839309 0.0137996
505.427 0.835359 0.0124412
493.413 0.836114 0.00888273
464.488 0.822455 0.00653246
430.725 0.840056 0.0115365
487.511 0.828907 0.00667502
503.358 0.828699 0.0137439
464.701 0.828266 0.00670273
491.551 0.827428 0.0132534
485.324 0.826746 0.00879824
444.457 0.820372 0.00661166
467.92 0.822045 0.00752651
438.559 0.816776 0.00654474
462.039 0.841228 0.00114335
433.927 0.823369 0.00710921
508.284 0.845534 0.0172911
503.586 0.829095 0.00697735
456.184 0.82135 0.00677931
532.839 0.841763 0.0151623
510.335 0.835879 0.00161221
467.374 0.817174 0.00667226
453.549 0.819838 0.00656887
425.753 0.841763 0.0068345
455.331 0.830748 0.00671756
427.668 0.832363 0.00934239
471.818 0.820629 0.0086478
444.253 0.818971 0.00726014
463.707 0.826887 0.00677483
426.448 0.833635 0.0130259
437.431 0.831404 0.0138242
477.264 0.836644 0.0190591
494.01 0.84785 0.0160812
465.637 0.818567 0.00661832
472.264 0.837136 0.01264
463.618 0.835409 0.00679018
492.262 0.817368 0.00663942
444.992 0.821396 0.00700686
479.315 0.820118 0.00658147
489.83 0.818543 0.00662447
407.471 0.810149 0.0065325
430.115 0.842441 0.0133685
454.653 0.837479 0.0194306
464.835 0.835702 0.0121694
414.973 0.820739 0.00671344
550.691 0.844309 0.0132263
441.757 0.849671 0.00710922
430.051 0.819246 0.00653447
521.573 0.827514 0.00771942
478 0.830607 0.0120925
449.943 0.827036 0.00666536
475.627 0.836504 0.00693858
448.77 0.850051 0.00722258
454.71 0.838719 0.00947918
478.161 0.811325 0.00769806
471.999 0.815628 0.0114025
480.695 0.837394 0.0124285
482.421 0.8372 0.01999
490.854 0.813879 0.00658727
476.756 0.831189 0.00984088
477.93 0.826108 0.00661679
473.043 0.822419 0.00666458
443.082 0.839288 0.0141211
455.255 0.843689 0.0115223
483.106 0.836495 0.0111681
470.412 0.842297 0.0145889
491.092 0.829786 0.0110755
445.434 0.829494 0.00701791
491.573 0.826173 0.00664411
493.341 0.845866 0.00696232
511.504 0.820101 0.00655668
458.996 0.836948 0.0137155
442.786 0.821665 0.0112494
493.639 0.835767 0.00680412
495.343 0.837135 0.00684652
476.016 0.813334 0.00647069
488.065 0.835373 0.00707602
449.356 0.836516 0.0122121
464.24 0.833006 0.0128771
438.943 0.834977 0.00832342
443.634 0.832966 0.00808054
487.387 0.823558 0.0082426
431.955 0.821744 0.0066495
497.974 0.840284 0.00365086
501.171 0.824998 0.00678605
520.266 0.830416 0.0103926
449.901 0.825869 0.00664046
458.329 0.830439 0.0102488
482.336 0.822056 0.0065807
463.699 0.839209 0.0154932
489.928 0.831588 0.0165904
496.426 0.825544 0.00662667
488.524 0.840785 0.0135369
484.594 0.833256 0.0104039
448.588 0.843531 0.0156102
455.148 0.839307 0.00684676
453.877 0.822787 0.00666185
491.009 0.839257 0.00696027
445.87 0.822965 0.00673417
496.77 0.820196 0.00669975
417.054 0.824229 0.00662515
437.567 0.835343 0.00819916
446.543 0.821754 0.00665066
483.891 0.833046 0.0067232
431.043 0.827422 0.0064676
490.585 0.818261 0.00654757
475.66 0.841542 0.014149
462.676 0.830798 0.0067754
505.324 0.822392 0.00661906
480.983 0.822934 0.00680619
455.894 0.838317 0.0141272
470.34 0.829541 0.0107822
444.795 0.8312 0.0142247
461.799 0.81906 0.00855229
446.975 0.827242 0.00988598
463.585 0.81522 0.00662564
399.769 0.829566 0.00852155
468.555 0.826469 0.00668678
435.882 0.837218 0.0136327
458.592 0.826788 0.00669278
443.657 0.831515 0.0104634
433.116 0.836962 0.00683666
458.833 0.831998 0.00669146
452.488 0.843155 0.00712456
408.256 0.83291 0.0181882
444.925 0.827667 0.00681898
488.305 0.841497 0.0195582
432.954 0.826263 0.00839594
476.273 0.847829 0.0100391
458.591 0.83456 0.0134212
510.394 0.820712 0.00667987
488.59 0.833081 0.0179258
450.459 0.83665 0.00682634
424.883 0.81715 0.00662126
427.388 0.82309 0.00675868
533.021 0.816814 0.0103418
478.46 0.849489 0.00694673
451.46 0.830688 0.014827
503.995 0.816162 0.0065291
478.126 0.839477 0.00942524
475.711 0.821508 0.00925584
477.369 0.827 0.0105168
433.595 0.854561 0.0071955
462.65 0.845864 0.00371511
502.084 0.836327 0.00859575
437.469 0.835136 0.0143567
449.526 0.827033 0.0068145
489.657 0.849066 0.010987
478.796 0.835556 0.00680446
410.53 0.811808 0.00641678
449.818 0.819976 0.00659513
490.075 0.834 0.00879519
467.257 0.832694 0.015864
493.68 0.826694 0.00673253
464.004 0.838857 0.00957217
410.407 0.821516 0.00673196
481.648 0.823071 0.00666309
485.424 0.82647 0.00779966
459.291 0.836493 0.00690471
416.093 0.848518 0.0191181
470.014 0.82508 0.00912732
471.388 0.831126 0.00682812
503.173 0.836566 0.0137823
487.039 0.824867 0.012331
464.148 0.828667 0.00991082
469.472 0.817098 0.00654277
452.728 0.842484 0.0116274
434.327 0.83912 0.00689744
497.082 0.823678 0.00668565
465.18 0.826852 0.00671691
486.405 0.833366 0.00686778
469.018 0.84854 0.00685162
476.447 0.824956 0.00672724
505.564 0.826042 0.00671178
521.942 0.818189 0.00670104
452.491 0.836774 0.0137997
484.986 0.842046 0.00703863
530.624 0.83147 0.00675797
475.625 0.822934 0.00663468
460.097 0.838051 0.00771876
451.382 0.821254 0.00674328
467.148 0.832169 0.0118547
472.441 0.843928 0.00707292
456.724 0.844752 0.00371011
450.179 0.838221 0.0105719
410.722 0.83541 0.0155768
422.775 0.843194 0.013906
492.693 0.83772 0.0127113
483.707 0.830184 0.0132032
464.16 0.832118 0.00363657
513.516 0.831179 0.0125059
445.073 0.839511 0.00741008
405.592 0.847994 0.00702977
457.223 0.824074 0.00664793
483.962 0.837679 0.012168
439.664 0.821988 0.00670641
456.56 0.826633 0.0120416
507.495 0.840292 0.0142072
485.334 0.856362 0.00713469
507.871 0.834283 0.00694602
483.781 0.81786 0.00665967
424.257 0.83494 0.00782548
487.794 0.836025 0.00365533
467.218 0.829333 0.0100349
459.339 0.841128 0.0114281
466.909 0.827161 0.00674755
514.889 0.845872 0.0129197
466.221 0.845127 0.0134097
471.114 0.825932 0.00944499
465.388 0.844067 0.0067698
501.551 0.840862 0.0135184
428.194 0.824102 0.00860478
448.547 0.812987 0.00662635
512.79 0.848806 0.00696376
497.545 0.835657 0.00674586
456.012 0.830479 0.0109229
504.105 0.826677 0.00680087
552.348 0.828895 0.00683414
446.564 0.817412 0.00761919
558.941 0.84529 0.0120655
478.172 0.82948 0.00686209
522.182 0.83922 0.0076023
481.25 0.857466 0.00724636
497.174 0.828618 0.00874692
417.58 0.821864 0.00825461
517.547 0.826047 0.00675782
439.61 0.833919 0.00360252
453.177 0.816246 0.00677722
493.021 0.829715 0.0104139
464.134 0.842322 0.00114551
465.557 0.832945 0.0155593
438.668 0.822511 0.00830987
496.298 0.849643 0.00702361
463.767 0.825611 0.00667419
462.447 0.826077 0.0177329
455.038 0.818621 0.00670467
485.702 0.817096 0.00653325
466.721 0.822181 0.0133015
543.148 0.824603 0.00982451
505.242 0.841574 0.00704005
438.539 0.822405 0.00670246
508.881 0.827824 0.0067523
457.161 0.836956 0.00701128
429.732 0.831807 0.0068069
491.035 0.820241 0.00659496
529.073 0.835045 0.0126767
471.847 0.838239 0.00684444
502.103 0.853337 0.00720177
513.345 0.84031 0.00696023
430.157 0.836778 0.00690731
437.787 0.818221 0.00658019
468.389 0.827624 0.00657831
480.056 0.834788 0.00687215
458.023 0.846193 0.0145064
482.506 0.819669 0.00656486
477.002 0.84449 0.0133937
454.963 0.828022 0.00939409
458.983 0.847552 0.0131907
458.598 0.840978 0.00364426
438.338 0.83691 0.0130489
484.654 0.826051 0.00673537
441.204 0.832049 0.00734269
397.32 0.837643 0.0143296
408.01 0.82978 0.00993183
454.507 0.824035 0.00856818
447.268 0.821949 0.0102017
522.485 0.814728 0.00741915
440.48 0.846606 0.0121524
456.756 0.837954 0.00682493
458.747 0.826805 0.00666315
441.166 0.826485 0.00674813
479.782 0.842955 0.0141863
443.536 0.835081 0.00671325
447.52 0.835327 0.00932363
464.502 0.825925 0.00666617
493.296 0.84631 0.00695
518.408 0.827807 0.00949818
494.063 0.824557 0.00653663
497.287 0.846389 0.0159928
518.552 0.827087 0.00974411
465.442 0.815594 0.00672424
425.377 0.843528 0.00700993
477.337 0.825051 0.00661118
494.815 0.82468 0.0140027
447.426 0.818777 0.00650832
463.345 0.823795 0.00668054
462.584 0.829786 0.00633316
433.935 0.825959 0.00895714
462.541 0.846723 0.00368364
447.09 0.816738 0.00655457
479.702 0.843882 0.0069106
514.874 0.830462 0.00670802
416.5 0.821406 0.00656523
439.32 0.826908 0.00663056
483.71 0.839292 0.0152591
445.448 0.820082 0.0065769
440.435 0.822652 0.00646096
418.913 0.834396 0.0142735
425.622 0.821165 0.00668944
483.577 0.805143 0.00651802
430.129 0.841732 0.0136877
548.727 0.830224 0.00680026
532.94 0.818929 0.00665265
477.922 0.808673 0.0065889
447.337 0.831185 0.0182284
482.133 0.842301 0.00693708
430.085 0.839044 0.0129997
468.701 0.841239 0.00679523
411.344 0.826025 0.00678748
508.11 0.82358 0.00669688
450.2 0.828706 0.0124853
464.553 0.819189 0.00663773
484.207 0.827655 0.00779381
468.749 0.842788 0.00693234
490.602 0.842599 0.0132333
452.358 0.835 0.00934509
465.324 0.833276 0.0129415
454.953 0.833389 0.00682176
466.98 0.827982 0.00661982
517.474 0.846045 0.00743905
428.583 0.833419 0.00682318
509.369 0.816402 0.00656941
500.596 0.83296 0.00691333
518.838 0.845455 0.00705715
503.97 0.840411 0.00916054
455.608 0.828152 0.0126347
473.015 0.825456 0.00662442
494.307 0.836454 0.0119751
478.049 0.838083 0.00702605
491.303 0.856536 0.0134279
457.535 0.831158 0.0069317
518.459 0.845242 0.009884
459.21 0.847937 0.0131959
461.657 0.836834 0.015246
486.692 0.834742 0.00685516
406.936 0.818163 0.00654449
461.187 0.837607 0.014632
449.085 0.836253 0.0184663
483.737 0.832539 0.00684121
460.934 0.825595 0.0117699
430.127 0.826022 0.0096745
497.085 0.839498 0.0115113
445.384 0.842197 0.0068978
514.37 0.836544 0.0107386
493.765 0.849625 0.0070829
460.469 0.825715 0.0185058
490.214 0.826721 0.00732687
505.091 0.837992 0.0068864
423.12 0.841171 0.0138288
424.709 0.82857 0.00919153
471.967 0.817432 0.00669086
449.981 0.8322 0.00673221
470.693 0.839782 0.013023
493.748 0.82872 0.00669529
423.499 0.833511 0.00681657
426.906 0.836584 0.00977635
508.899 0.83024 0.0104839
529.156 0.847042 0.00184916
450.938 0.830316 0.00933038
476.93 0.827836 0.00962772
457.52 0.83393 0.00832417
504.645 0.83639 0.0134715
454.025 0.817351 0.0065408
448.542 0.817771 0.006578
512.385 0.81997 0.00766885
486.208 0.829965 0.00672867
410.451 0.815683 0.00658681
433.407 0.81834 0.00791543
516.119 0.835301 0.0147174
459.535 0.839516 0.00691315
442.126 0.827944 0.00679051
435.681 0.840261 0.0163862
416.072 0.818385 0.00663879
418.946 0.833813 0.00859636
445.213 0.836464 0.00691334
492.433 0.817135 0.00656852
443.793 0.834702 0.0124002
516.962 0.820262 0.00656774
471.724 0.834142 0.00143277
492.662 0.817741 0.00668671
469.693 0.842513 0.00363213
438.095 0.832822 0.0127679
481.726 0.828205 0.00667321
482.426 0.822684 0.00680855
489.65 0.830637 0.0115326
451.115 0.835162 0.0148883
490.108 0.830732 0.00949663
482.088 0.825191 0.0123555
470.618 0.835769 0.00802372
500.377 0.830726 0.00805701
414.797 0.855637 0.00698794
498.574 0.823519 0.00360912
512.87 0.821225 0.00674957
478.286 0.8243 0.00921554
526.696 0.850485 0.00114034
540.248 0.826868 0.00651856
427.879 0.827994 0.00940073
412.939 0.823059 0.00671476
416.566 0.823608 0.00673818
440.888 0.842948 0.0036729
460.567 0.831056 0.00678603
442.789 0.825464 0.00168875
489.602 0.831777 0.0108872
514.247 0.835326 0.0185244
491.943 0.82897 0.0094787
411.117 0.819761 0.00849094
476.646 0.829137 0.0093422
478.583 0.832786 0.00691034
459.589 0.819948 0.00672684
490.15 0.824151 0.00673382
451.623 0.821439 0.00671333
505.604 0.82637 0.00662795
481.507 0.829898 0.00665674
407.478 0.834518 0.0139143
460.749 0.83823 0.0156851
495.493 0.827542 0.00665858
463.327 0.835321 0.00362588
453.027 0.841391 0.0141002
484.912 0.846951 0.0150411
463.03 0.844221 0.00697401
502.863 0.842941 0.00691547
476.903 0.817297 0.00656341
522.168 0.839132 0.012836
444.167 0.830376 0.00680015
467.972 0.846183 0.00706033
508.591 0.819803 0.00667668
506.791 0.833172 0.00666885
473.315 0.844791 0.0147335
466.063 0.833945 0.00681113
461.873 0.819175 0.00680449
496.206 0.844508 0.0119081
468.798 0.834269 0.00763009
464.481 0.840411 0.00676333
458.807 0.818284 0.00670931
479.805 0.817951 0.00646642
486.435 0.824281 0.0111994
464.511 0.838667 0.00366074
466.638 0.838337 0.00809468
494.332 0.841471 0.00699186
462.914 0.825428 0.00661438
498.086 0.830022 0.00687186
473.743 0.834263 0.00684705
431.213 0.838263 0.0145757
418.659 0.841637 0.0139996
466.372 0.837676 0.00696269
443.493 0.810843 0.00636239
460.036 0.819821 0.00666493
434.864 0.834809 0.00678407
514.372 0.817871 0.00668461
491.847 0.827292 0.00664754
448.477 0.825666 0.00660653
436.549 0.820066 0.00861415
484.659 0.831277 0.00949472
520.969 0.822288 0.00769152
450.916 0.827267 0.00672242
453.102 0.824057 0.00666688
454.024 0.826655 0.0110423
497.608 0.820059 0.00662006
462.34 0.830116 0.00667471
488.821 0.832204 0.0106998
413.715 0.846179 0.00367079
461.884 0.829908 0.0115046
477.887 0.849845 0.00705154
439.035 0.831532 0.00665117
481.821 0.831534 0.00839375
448.253 0.819648 0.00659504
468.502 0.837559 0.0173345
460.596 0.814403 0.0066794
481.972 0.824635 0.00753669
443.494 0.833618 0.00688359
504.368 0.828763 0.0106074
453.741 0.825698 0.00661992
435.169 0.838075 0.00671898
474.905 0.841302 0.00684004
488.159 0.820092 0.00657217
507.851 0.816761 0.00655617
476.051 0.826771 0.00666644
474.071 0.825076 0.00903448
492.599 0.82928 0.00890926
468.985 0.836801 0.00674835
497.663 0.842004 0.0130818
404.693 0.828076 0.00847751
549.548 0.82705 0.00845899
516.104 0.837401 0.00671452
432.283 0.828512 0.00665744
449.296 0.827769 0.00867896
503.256 0.825848 0.00660021
486.45 0.828265 0.0136692
434.194 0.843244 0.0069856
429.786 0.817063 0.00647904
481.915 0.828271 0.00667886
494.926 0.834067 0.0166536
451.291 0.830884 0.00674625
462.991 0.817182 0.00664479
496.599 0.836343 0.00964734
541.621 0.83143 0.012858
497.607 0.843715 0.0137012
507.026 0.828267 0.00664334
448.859 0.847877 0.00713937
525.806 0.840088 0.00936669
482.086 0.837985 0.00714199
460.006 0.825201 0.00676621
455.795 0.837752 0.00688787
494.032 0.812711 0.00641647
512.908 0.822023 0.00670112
430.316 0.82793 0.00819296
480.804 0.829103 0.00680667
482.022 0.844754 0.0128339
438.031 0.810653 0.00647434
473.461 0.843568 0.00691488
395.313 0.834306 0.0150662
524.137 0.83287 0.00722555
446.204 0.841368 0.0138364
500.732 0.832961 0.00676893
440.069 0.84222 0.00660845
489.574 0.842566 0.0135654
425.313 0.834838 0.0154648
472.75 0.816036 0.00889393
411.691 0.809423 0.00646127
460.821 0.822829 0.00708631
474.875 0.829109 0.00884927
489.52 0.839767 0.0134264
439.274 0.827114 0.0066049
506.835 0.838587 0.0134488
443.004 0.831852 0.0145186
416.6 0.840596 0.00699244
503.049 0.82147 0.00849472
485.751 0.831269 0.0114963
468.846 0.831833 0.0123276
494.371 0.833802 0.0131458
470.845 0.814779 0.00842583
462.851 0.838116 0.00897573
465.929 0.832273 0.0124851
458.961 0.845836 0.00693227
448.424 0.843522 0.0121163
421.499 0.830889 0.0067356
485.917 0.846009 0.013458
502.234 0.819185 0.00659663
485.586 0.823676 0.00737267
443.475 0.824039 0.0104595
451.453 0.822411 0.00657114
493.763 0.837828 0.00683727
476.111 0.843032 0.0135458
502.259 0.821507 0.00630139
504.955 0.823508 0.00664192
436.927 0.826231 0.00665789
492.112 0.842192 0.0103474
438.342 0.841735 0.0128378
497.049 0.83636 0.0113843
484.739 0.834285 0.00940464
465.299 0.828119 0.0149675
465.591 0.847842 0.00702373
469.544 0.84351 0.00708446
405.726 0.826454 0.00824857
456.559 0.828769 0.0136401
416.124 0.842598 0.016807
529.621 0.844712 0.0167242
473.28 0.827157 0.00664601
441.535 0.82616 0.00676824
496.327 0.842876 0.0069731
473.147 0.833002 0.00709532
437.701 0.833063 0.00774235
493.596 0.830993 0.0090528
448.842 0.82488 0.0066155
448.728 0.821921 0.00667445
481.694 0.838504 0.0128229
497.55 0.838269 0.00681822
460.621 0.830861 0.0139946
429.984 0.835355 0.00915679
492.964 0.823593 0.0066979
447.964 0.841587 0.0126672
475.131 0.825311 0.00716099
514.714 0.830732 0.016837
420.11 0.822508 0.00669174
444.334 0.833617 0.00686811
454.189 0.834567 0.0123072
480.889 0.831924 0.0165605
479.715 0.825628 0.00684805
454.384 0.824426 0.00668791
454.543 0.835873 0.00690292
478.39 0.824867 0.00892094
429.512 0.824582 0.0066449
445.921 0.837764 0.00677488
456.521 0.841388 0.00370491
497.586 0.833538 0.0101569
470.825 0.831421 0.0123947
432.95 0.836419 0.00677089
474.892 0.847452 0.00951183
521.168 0.827393 0.00671309
502.123 0.816938 0.0078094
472.195 0.831555 0.011595
432.131 0.837718 0.00690486
482.453 0.844342 0.0068918
467.074 0.82013 0.00671199
477.117 0.830708 0.0110043
484.107 0.835852 0.00689824
464.961 0.827879 0.0103566
437.839 0.836814 0.00938506
529.067 0.838271 0.0152158
446.274 0.827948 0.00653597
472.235 0.836552 0.0143985
435.76 0.822719 0.00660164
492.591 0.819261 0.0066796
452.611 0.839413 0.00898275
453.473 0.814342 0.00665559
471.932 0.813978 0.00659437
437.942 0.820718 0.00849722
511.432 0.818564 0.00662109
415.786 0.855897 0.003714
444.867 0.839112 0.0128654
423.847 0.8358 0.00795992
455.93 0.821014 0.00665078
415.24 0.831139 0.00955754
430.437 0.82912 0.00681653
487.719 0.828808 0.0138122
464.399 0.834258 0.00692418
425.385 0.83796 0.00678311
466.585 0.828659 0.00611559
506.294 0.831412 0.0122782
493.651 0.825994 0.010553
472.051 0.835674 0.00757578
482.65 0.825715 0.0108461
434.748 0.830978 0.00662753
427.575 0.840731 0.0153294
465.308 0.829279 0.00667467
388.801 0.827819 0.00660776
421.812 0.836411 0.0147432
427.18 0.828165 0.00667969
443.115 0.834638 0.014197
484.609 0.820763 0.00675513
475.404 0.834429 0.00668414
423.161 0.830333 0.00930805
498.572 0.828606 0.00789795
465.455 0.841057 0.0152126
528.412 0.838672 0.0108537
449.213 0.821007 0.00670056
518.151 0.815556 0.00654198
458.306 0.836748 0.00671419
437.906 0.837505 0.00360811
423.041 0.833397 0.00682998
475.117 0.824577 0.00665904
448.554 0.83718 0.0142634
455.132 0.828863 0.00679686
535.17 0.852495 0.0070416
481.299 0.823986 0.00669576
420.491 0.822188 0.00976839
499.237 0.844922 0.013558
434.747 0.829559 0.0111982
488.606 0.837114 0.00682187
448.509 0.837147 0.00671673
470.125 0.817306 0.00924543
460.856 0.844538 0.0126448
456.582 0.826818 0.00665895
463.605 0.820605 0.00665072
450.539 0.82492 0.00654592
446.218 0.843644 0.0133755
455.889 0.829003 0.00671879
445.591 0.834471 0.0110795
491.672 0.838803 0.0117559
533.212 0.836068 0.0126163
456.381 0.815425 0.00655379
464.207 0.835665 0.0125964
538.702 0.830594 0.0170117
457.745 0.818229 0.00963185
444.416 0.82188 0.00667296
457.03 0.846419 0.00367864
502.582 0.828969 0.00670879
454.275 0.821643 0.00663437
474.699 0.840771 0.014733
440.792 0.835478 0.0165187
467.106 0.819817 0.00658252
495.595 0.824213 0.00665849
454.598 0.832023 0.00682643
449.904 0.836082 0.0149859
