1771.27 0.821842 0.000955583
1989.98 0.823525 0.000946224
2171.72 0.82408 0.000959309
2484.71 0.824401 0.000977786
1970.63 0.823602 0.000961911
1591.41 0.821189 0.000974985
1869.07 0.823396 0.000958289
1798.99 0.822877 0.000956512
1795.08 0.824789 0.000891444
2342.75 0.824244 0.000963074
1855.61 0.822617 0.000935033
1975.02 0.821602 0.000972436
1865.72 0.823672 0.000976798
1705.32 0.821614 0.000966768
1851.36 0.822264 0.000966112
1847.46 0.823647 0.000973448
2256.77 0.824058 0.00100332
1729.64 0.823404 0.00092367
2238.27 0.824157 0.00094801
1811.81 0.82416 0.000962417
1767.93 0.823932 0.000974192
1606.91 0.822554 0.000958024
2084.25 0.821842 0.00094081
1693.12 0.823777 0.000966345
1873.22 0.822709 0.000965184
1768.23 0.824329 0.00096588
1694.99 0.823834 0.000975456
1720.45 0.821762 0.00098941
2021.14 0.822943 0.000915922
1917.67 0.824144 0.000975957
1789.43 0.82228 0.000925617
1859.35 0.823535 0.000944004
2429.64 0.824012 0.000963502
2082.64 0.824799 0.000978649
1976.2 0.82103 0.000941
1897.12 0.823143 0.000964483
1778.48 0.820872 0.000962298
1790.92 0.824354 0.000970724
2032.96 0.824712 0.000932872
1997.35 0.822541 0.000832465
2084.93 0.824459 0.000946836
1877.6 0.822296 0.000963695
1806.87 0.825226 0.000971635
1986.9 0.822438 0.000961851
1800.56 0.824302 0.000983859
1968.21 0.821632 0.000950996
1876.39 0.82175 0.000961327
1760.29 0.824198 0.000967498
1646.3 0.824354 0.000967007
1893.06 0.825686 0.0010158
1774.3 0.82036 0.000959578
1941.7 0.821473 0.000954462
1720.54 0.82207 0.000936135
2210.5 0.8243 0.000964703
2075.5 0.820162 0.000942506
1880.87 0.823504 0.000977025
2014.5 0.821516 0.000979054
1697.58 0.823461 0.00091369
1769.31 0.823443 0.000957821
1913.02 0.825227 0.000948614
1761.45 0.822029 0.000983191
1821.28 0.822394 0.000967429
1756.92 0.822709 0.000956531
2046.32 0.825623 0.000947241
1935.37 0.821641 0.000957714
1949.17 0.822217 0.000984735
1886.69 0.823338 0.000969888
2013.67 0.82506 0.00094534
1740.03 0.82154 0.000956283
2169.49 0.820619 0.000943982
1931.74 0.823388 0.000977569
1772.86 0.824864 0.000965323
1949.99 0.823488 0.00087796
1756.93 0.821759 0.000979268
1787.76 0.821583 0.000972606
1946.54 0.823611 0.000923899
1686.36 0.822224 0.000930411
1898.85 0.824409 0.000976331
2054.78 0.824405 0.000961404
1927.39 0.82322 0.000892954
1863.45 0.825651 0.000976173
2040.56 0.824496 0.000935932
1905.91 0.825011 0.000971037
2442.44 0.822907 0.000955979
2425.69 0.825131 0.000969001
1932.39 0.821723 0.000967643
2186.7 0.825187 0.000978257
1976.91 0.824204 0.000924769
1727.77 0.823828 0.000895364
1788.37 0.823105 0.000912633
1731.94 0.824062 0.000982972
1958.47 0.824214 0.000955495
1748.37 0.824557 0.000992252
1936.9 0.822208 0.000969128
1725.9 0.824636 0.000914007
1950.74 0.823842 0.000966099
1731.29 0.823432 0.000967766
2006.23 0.821941 0.000932385
1759.65 0.823678 0.000996671
1829.22 0.823542 0.000931353
1902.23 0.824849 0.000957065
1897.97 0.825331 0.000986996
1773.05 0.822295 0.000956928
1848.31 0.822318 0.000954103
1783.74 0.823321 0.000974858
1951.86 0.822297 0.00099278
1786.79 0.823014 0.000960268
1801.27 0.820944 0.000955331
2005.21 0.822918 0.000968857
2096.08 0.822198 0.00099624
1853.43 0.823032 0.00096543
2070.6 0.823222 0.000961575
2019.52 0.824672 0.000990397
1987.48 0.825118 0.000947758
1992.58 0.82537 0.000972445
1774.62 0.82394 0.000966859
2054.82 0.82432 0.000955656
1905.97 0.823457 0.000953188
1878.34 0.824964 0.000962313
2185.5 0.82528 0.000900175
2223.29 0.823309 0.000934103
1845.74 0.823387 0.000972255
1946.74 0.82421 0.000963895
1696.74 0.825732 0.00094305
2260.37 0.823139 0.000988718
1681.34 0.822127 0.000978565
1923.54 0.824711 0.000953854
2155.59 0.823419 0.000953223
1877.3 0.824425 0.000978461
1868.07 0.825055 0.000978877
1727.37 0.821381 0.000970018
1760.73 0.822051 0.000968788
2276.13 0.825477 0.000835268
1942.48 0.822861 0.000957233
1969.82 0.824946 0.000954427
1840.13 0.824918 0.000958978
2082.73 0.823845 0.000969882
1887.61 0.82459 0.000970969
2081.45 0.823566 0.000976593
2156.74 0.821048 0.000957717
1799.77 0.823695 0.000954205
1777.56 0.823971 0.00094467
1852.03 0.822542 0.000969426
1954.08 0.82126 0.000977889
1785.51 0.823887 0.00094902
1860.97 0.821705 0.00094261
1748.73 0.821551 0.000967362
2145.7 0.819713 0.000960928
1917.75 0.823141 0.000966995
1962.54 0.821128 0.000955802
1848.7 0.823151 0.000963081
1967.91 0.823244 0.00089161
1949.81 0.823969 0.000954893
1690.85 0.822546 0.000966649
1766.02 0.824446 0.000982879
1852.68 0.823645 0.000969745
1783.57 0.822796 0.000955644
1696.24 0.823194 0.000932249
1793.49 0.822681 0.000944306
2025.27 0.825869 0.000857078
2056.41 0.823375 0.00095769
1879.58 0.821724 0.000964572
1871.84 0.823272 0.00095697
1959.65 0.820243 0.000952516
1854.77 0.822558 0.000887883
1888.95 0.824253 0.000965629
1931.28 0.822445 0.000859946
1766.36 0.825092 0.000958727
1882.91 0.822716 0.000985425
1734.25 0.822251 0.000968923
1980.6 0.822798 0.000965798
1867.75 0.821241 0.000963862
1930.59 0.822971 0.0009553
2052.14 0.822898 0.000971511
1927.32 0.820377 0.000970206
1862.5 0.822964 0.000970423
1700.17 0.823289 0.000957579
2142.31 0.824532 0.000951552
1802.98 0.821961 0.000964636
1947.92 0.821516 0.00097799
1861.52 0.823485 0.000959578
1766.1 0.824064 0.000965902
1929.3 0.824414 0.000959725
1788.77 0.82342 0.000959044
1799.1 0.824222 0.000982486
1956.41 0.821463 0.000992575
1969.43 0.823852 0.000964659
1765.45 0.823995 0.00097632
1935.53 0.82673 0.000977227
1958.81 0.819774 0.000952333
2104.91 0.825099 0.000959999
1846.06 0.822489 0.000979114
1906.48 0.822666 0.000969607
1958.93 0.824662 0.000870156
1793.54 0.822641 0.000965552
1792.51 0.822882 0.0009802
1682.05 0.822122 0.00085012
1721.33 0.822374 0.000991767
1877.23 0.823274 0.000934559
1864.5 0.82515 0.000975285
1944.66 0.822814 0.000984794
1896.95 0.824466 0.000951725
1760.89 0.821128 0.000968529
1943.41 0.822959 0.000983122
1841.33 0.822544 0.000962525
1981.42 0.823653 0.000963242
1940.97 0.82357 0.00096689
1829.42 0.82185 0.000964437
1787.77 0.823587 0.00094157
1930.51 0.823391 0.000922161
2278.99 0.825239 0.00097051
1891.24 0.823502 0.00097315
1840.94 0.820361 0.000967834
1856.07 0.823587 0.000909404
1860.86 0.821299 0.000967212
1967.55 0.824764 0.000930256
1819.52 0.822917 0.000913134
1846.26 0.823019 0.000718142
1811.38 0.824978 0.000965407
2013.03 0.824121 0.000948277
1974.17 0.825297 0.000989124
1881.41 0.822592 0.000942145
2050.37 0.823934 0.00096351
1750.1 0.822151 0.00097288
1958.14 0.824951 0.000932511
1781.73 0.823284 0.000991628
1755.93 0.824301 0.000957446
1777.27 0.822527 0.00104015
1701.5 0.823878 0.000959343
1941.14 0.823069 0.000967073
1791.8 0.822396 0.000957396
1777.97 0.820914 0.000963454
1791.3 0.822331 0.000937314
2011.21 0.824616 0.00096105
1953.31 0.823529 0.000964606
2220.15 0.82405 0.000963482
2119.72 0.824617 0.000960061
2072.15 0.823199 0.000956816
1999.36 0.826177 0.000883799
1756.89 0.823889 0.000974569
2539.9 0.826408 0.000969603
1759.87 0.822277 0.000933641
1832.58 0.824181 0.000976408
1722.37 0.82421 0.000997036
1862.9 0.826058 0.000970873
1970.7 0.824099 0.000976812
1877.49 0.8219 0.000966488
1789.38 0.824353 0.000961327
1890.43 0.820795 0.00096759
1896.91 0.823081 0.000961939
1714.48 0.821188 0.000964958
1980.98 0.822985 0.000968744
1784.71 0.82215 0.000948649
1822.63 0.82161 0.00096133
1818.3 0.822656 0.000960964
2167.14 0.823255 0.000968312
2166.67 0.825799 0.000969693
1730.87 0.824011 0.00089175
1814.04 0.821029 0.000883829
1872.65 0.821712 0.000969641
1782.71 0.821079 0.000957699
1884.92 0.823061 0.000795812
