540.976 0.844277 0.0137937
525.19 0.831758 0.00746993
466.63 0.829261 0.00717273
458.846 0.818778 0.00800273
469.98 0.822876 0.00738043
445.28 0.8231 0.0091532
469.701 0.844419 0.0142947
453.12 0.830917 0.00841372
515.801 0.818849 0.00713657
466.62 0.836544 0.0174466
450.739 0.839728 0.018291
472.486 0.840631 0.0105323
436.302 0.833178 0.0204782
483.811 0.844361 0.00765431
454.256 0.8387 0.00837024
472.145 0.817423 0.00730381
476.749 0.830301 0.00739135
487.161 0.841001 0.0168887
468.582 0.846369 0.0137195
513.329 0.820501 0.00725949
446.852 0.833066 0.00741011
476.535 0.838302 0.0137709
457.297 0.824851 0.00738089
501.431 0.860784 0.0137751
472.701 0.832095 0.0103122
465.154 0.846937 0.0101339
480.249 0.828065 0.00799436
437.03 0.834312 0.0149322
468.844 0.862432 0.00803359
483.779 0.816829 0.00712068
447.856 0.825271 0.00925395
455.543 0.855295 0.008035
476.033 0.819809 0.00721954
431.056 0.821793 0.00827647
455.463 0.825575 0.00735014
486.341 0.849438 0.0152112
527.038 0.836598 0.0145529
489.59 0.849711 0.0151893
508.606 0.840948 0.0144429
435.048 0.827621 0.00744353
495.349 0.836827 0.0170626
493.712 0.847452 0.00390752
549.175 0.833268 0.00728855
439.934 0.824615 0.00733874
510.195 0.833232 0.00737527
467.397 0.826735 0.0095737
412.41 0.84392 0.0149303
537.989 0.838907 0.00747286
469.452 0.841872 0.0119103
407.192 0.827235 0.00741402
409.519 0.848864 0.00389554
395.739 0.825642 0.00889712
505.044 0.838616 0.0126585
476.125 0.833606 0.00967328
457.51 0.814252 0.00716193
455.246 0.826837 0.00734852
462.041 0.840668 0.0151409
485.836 0.84391 0.0146336
443.187 0.834975 0.010177
450.309 0.835535 0.00742719
459.366 0.845275 0.00389216
499.136 0.824357 0.00711533
471.733 0.840999 0.00783708
426.537 0.83252 0.0149911
464.165 0.84017 0.0100112
474.691 0.830829 0.00833488
444.13 0.829119 0.00747313
436.416 0.830511 0.00992134
452.45 0.838621 0.0109107
445.14 0.830729 0.00746675
418.69 0.832283 0.00953436
461.141 0.822397 0.00735633
453.399 0.857414 0.0163027
505.779 0.824059 0.00708386
412.019 0.831763 0.0106937
490.244 0.837785 0.00757552
465.378 0.837903 0.013288
469.357 0.814134 0.00713281
447.513 0.830319 0.0138044
443.709 0.828479 0.00749671
414.726 0.835136 0.0149961
440.759 0.833672 0.0136581
478.072 0.832068 0.00972892
409.84 0.835995 0.00382987
511.762 0.818952 0.00734903
486.568 0.83423 0.0137003
447.797 0.832874 0.0127578
454.994 0.831003 0.0107595
439.096 0.820388 0.00719511
481.123 0.830789 0.00381607
468.239 0.825473 0.00730986
451.03 0.819255 0.00723767
506.331 0.85045 0.00150035
419.824 0.830819 0.00768215
467.689 0.832345 0.010406
418.642 0.826789 0.0072923
460.668 0.837358 0.0105591
466.374 0.864227 0.00200777
466.293 0.827401 0.00994477
422.698 0.837848 0.0110196
457.642 0.813841 0.00715247
496.939 0.852022 0.00202385
471.02 0.835937 0.0148274
399.627 0.83595 0.0122078
472.499 0.827904 0.0074967
463.165 0.831686 0.0105236
438.795 0.829149 0.007546
494.533 0.828442 0.015189
485.29 0.82869 0.00742336
519.272 0.834638 0.0095596
458.203 0.828872 0.00945546
447.444 0.83587 0.0111326
489.009 0.825035 0.00951029
438.602 0.850505 0.00777993
486.246 0.828258 0.00726488
485.089 0.8297 0.00732246
498.682 0.836951 0.00722409
491.486 0.827011 0.00735706
475.764 0.826761 0.0114269
496.932 0.810919 0.00824901
442.511 0.838495 0.00375096
446.727 0.825952 0.00970624
476.931 0.812435 0.00722196
454.947 0.821369 0.0117096
441.323 0.833585 0.0169456
486.142 0.821342 0.00718886
475.057 0.846263 0.00771406
452.321 0.841355 0.0165388
484.441 0.822993 0.007127
483.056 0.84918 0.00759538
460.602 0.841297 0.0154308
471.732 0.835694 0.0093394
432.135 0.834588 0.0120748
475.092 0.834059 0.0086642
470.032 0.825186 0.0072247
454.427 0.822258 0.00724935
478.828 0.833741 0.00732746
488.891 0.837765 0.0148866
458.011 0.83641 0.0127018
486.998 0.839851 0.0126471
459.379 0.838716 0.0152283
526.539 0.825981 0.0132407
478.602 0.823829 0.0073551
457.17 0.834673 0.0113492
486.54 0.840097 0.014361
519.873 0.843892 0.0104043
463.999 0.82828 0.00740945
469.379 0.836371 0.0148856
474.663 0.838952 0.00752868
429.729 0.827328 0.00721141
464.253 0.814421 0.00819903
370.2 0.852783 0.0166698
513.083 0.83411 0.01399
438.903 0.832859 0.013958
478.922 0.83498 0.0111105
452.591 0.831772 0.0178161
481.346 0.82569 0.00752118
481.685 0.840789 0.0130063
477.278 0.836747 0.0189307
439.637 0.839265 0.0162805
492.925 0.831569 0.00842415
453.152 0.835851 0.0101757
494.117 0.832075 0.00840876
434.833 0.828569 0.00955113
445.552 0.826972 0.0163245
470.526 0.827257 0.00733704
459.194 0.845228 0.0111383
466.419 0.842801 0.00758899
437.187 0.824523 0.00837693
458.721 0.827137 0.00854313
464.202 0.837046 0.00905031
458.066 0.829524 0.0179932
479.084 0.83639 0.00736245
476.517 0.846516 0.00782714
455.611 0.840899 0.00983854
503.039 0.836789 0.0117702
433.587 0.836957 0.0150478
477.603 0.858998 0.0193375
458.152 0.840759 0.0108967
407.148 0.832604 0.0132603
446.84 0.838066 0.0132036
456.596 0.835414 0.0104417
472.456 0.823279 0.00724649
460.121 0.844017 0.0157112
480.763 0.835766 0.00997
491.741 0.826857 0.00715527
438.391 0.826186 0.00747199
453.802 0.840507 0.00760119
470.628 0.82041 0.0156887
508.398 0.847898 0.00132767
499.464 0.857906 0.0128909
468.777 0.835389 0.00749637
466.292 0.82122 0.0073394
394.007 0.831912 0.00747184
483.986 0.833116 0.0148632
533.567 0.825208 0.00753211
412.351 0.823993 0.00737977
481.997 0.846877 0.00134277
449.596 0.814164 0.00709136
511.156 0.846083 0.00767866
509.399 0.842533 0.0134817
432.803 0.834152 0.0073256
515.842 0.840286 0.0136816
416.004 0.833352 0.0146255
481.47 0.849765 0.00766785
446.624 0.846138 0.0108821
453.397 0.824713 0.014204
466.816 0.835726 0.0119381
488.568 0.822322 0.00917397
472.38 0.838758 0.0124162
470.746 0.828975 0.00729288
404.542 0.831703 0.00728586
476.406 0.837115 0.012653
494.489 0.834074 0.00724715
483.713 0.821818 0.00752072
419.952 0.81487 0.00722443
432.753 0.848185 0.0139153
461.962 0.82928 0.00848334
482.647 0.826883 0.00760179
476.661 0.834208 0.0085724
473.578 0.845778 0.020399
473.981 0.858915 0.00791774
406.96 0.833704 0.0136802
462.291 0.83718 0.0116677
508.954 0.840919 0.019082
495.075 0.824505 0.00738289
482.331 0.824444 0.00740871
533.014 0.818598 0.00722714
499.917 0.848922 0.00389824
450.772 0.837131 0.00747726
461.914 0.855918 0.016018
497.756 0.821664 0.00744866
459.285 0.830422 0.0165972
482.906 0.81607 0.00721275
515.824 0.839337 0.0121697
448.379 0.859746 0.0131855
413.703 0.833446 0.013347
469.94 0.833467 0.0106184
443.864 0.85629 0.00959081
479.564 0.830291 0.00724095
463.361 0.827929 0.00750763
444.823 0.849849 0.0100912
463.854 0.840303 0.0169934
519.992 0.830634 0.00947815
510.379 0.847248 0.00171059
442.505 0.824315 0.00720742
451.488 0.835438 0.0124236
489.864 0.828091 0.00729991
476.477 0.826981 0.00712687
494.27 0.840981 0.010539
462.487 0.842755 0.0102901
454.99 0.837886 0.0106812
492.989 0.830423 0.00746498
458.943 0.82106 0.0071458
543.496 0.835223 0.0079509
448.353 0.840442 0.0106418
501.647 0.81421 0.00857142
430.178 0.827867 0.00729239
487.71 0.843598 0.0013712
461.351 0.840397 0.00192387
485.716 0.823253 0.00961947
460.387 0.830206 0.00741045
419.133 0.828964 0.00733835
464.356 0.82175 0.00743941
466.522 0.819958 0.00716696
413.288 0.833003 0.0115911
486.727 0.840022 0.0106909
464.853 0.828548 0.0078637
453.298 0.838743 0.0084069
465.277 0.828371 0.00729611
455.078 0.837216 0.0122537
521.078 0.824886 0.00733748
451.959 0.842836 0.00763475
442.812 0.82727 0.00741182
433.359 0.838297 0.00800136
480.209 0.848739 0.00784631
451.956 0.834483 0.00381785
556.15 0.818773 0.00718897
530.822 0.834162 0.0141963
413.217 0.847495 0.00128834
471.146 0.828013 0.0126879
513.445 0.822116 0.00713067
457.04 0.832539 0.0126969
460.883 0.821004 0.00726038
445.36 0.83119 0.00743915
448.006 0.81992 0.00715925
491.922 0.817761 0.00702333
464.328 0.82019 0.0105471
472.447 0.825747 0.0102184
516.688 0.832468 0.0149582
487.847 0.814845 0.00713159
481.354 0.825112 0.00718564
501.324 0.844211 0.00974529
465.801 0.832363 0.0115128
467.384 0.825622 0.00689186
493.831 0.825215 0.00790987
450.298 0.840955 0.0138825
492.898 0.85268 0.00770162
478.65 0.831477 0.00889722
479.4 0.828812 0.00719585
484.109 0.827383 0.00732069
495.034 0.825589 0.00731043
482.103 0.836047 0.0116801
465.422 0.827105 0.00760497
496.559 0.827814 0.00718112
496.663 0.841445 0.00388809
464.064 0.832462 0.00736831
471.011 0.840138 0.0127474
514.184 0.840148 0.00769681
469.622 0.826245 0.00758016
463.177 0.838498 0.00745552
495.37 0.826118 0.00727104
496.916 0.820341 0.00889246
529.455 0.824882 0.00739368
465.343 0.829782 0.0090776
503.745 0.823579 0.00739468
494.592 0.845335 0.0204855
527.165 0.820277 0.00719676
450.884 0.832195 0.0101265
435.724 0.824274 0.00729115
423.361 0.837668 0.0172588
504.673 0.846198 0.00839189
455.524 0.822505 0.0073415
411.388 0.827103 0.00867911
462.406 0.839695 0.0145121
445.252 0.831825 0.0075155
460.355 0.823728 0.00743926
467.345 0.822058 0.0121614
426.487 0.837138 0.0150806
446.974 0.832765 0.0103658
488.719 0.828674 0.0100889
457.712 0.829285 0.00728654
561.588 0.825603 0.0073993
466.939 0.854267 0.0152121
499.452 0.841987 0.0149009
505.928 0.817291 0.00724686
450.47 0.832104 0.0114319
450.468 0.845471 0.00386667
486.082 0.85259 0.00785507
489.781 0.837025 0.0135708
493.002 0.823293 0.00739114
462.548 0.836202 0.0150426
447.451 0.820689 0.0105396
462.784 0.834436 0.00966118
485.122 0.833177 0.0162703
431.229 0.814807 0.0071959
503.61 0.843634 0.00757162
472.063 0.826955 0.00740762
398.819 0.837492 0.0106348
431.284 0.821908 0.00738666
485.168 0.820411 0.00725304
461.656 0.851093 0.0139541
493.716 0.83057 0.00887278
461.675 0.838718 0.00940894
419.639 0.816438 0.0071756
514.821 0.849245 0.0102597
433.924 0.846954 0.00976898
476.164 0.851943 0.00782329
428.23 0.838237 0.0103543
466.938 0.834256 0.00818014
473.612 0.825687 0.00735508
450.739 0.810533 0.00720114
424.596 0.82612 0.00730583
451.847 0.829294 0.00993254
497.203 0.827152 0.00739277
459.446 0.855199 0.0136981
446.98 0.827537 0.00882587
458.819 0.835594 0.0105425
474.532 0.825707 0.00975111
391.324 0.837463 0.0114412
493.452 0.828818 0.0109932
442.326 0.838973 0.0103545
481.834 0.847664 0.00117454
445.56 0.856596 0.00387878
448.795 0.832954 0.0137866
447.684 0.835027 0.00870975
471.746 0.847775 0.014577
486.985 0.846836 0.00387373
474.066 0.819807 0.00741746
473.697 0.810018 0.00722394
507.452 0.844391 0.00933104
478.521 0.828092 0.00797363
463.308 0.822519 0.00712299
482.414 0.826835 0.00714233
447.161 0.844366 0.0115026
466.539 0.847744 0.0160587
473.241 0.831176 0.0109605
446.719 0.820917 0.00726621
410.304 0.846306 0.011949
512.258 0.830919 0.0146528
416.697 0.814434 0.00722187
455.845 0.822181 0.0071801
453.057 0.837925 0.0108052
453.697 0.823505 0.00810194
419.404 0.832957 0.00749096
424.596 0.831761 0.0131662
478.256 0.822858 0.00716294
472.72 0.837877 0.0137121
530.125 0.818832 0.00712103
458.1 0.812932 0.00711139
477.795 0.825445 0.0120863
526.389 0.841316 0.0134057
408.1 0.830698 0.00943188
457.323 0.838102 0.00928766
488.935 0.834122 0.0101587
414.948 0.836173 0.0099777
446.483 0.838736 0.0118376
496.598 0.829274 0.00732709
437.893 0.834535 0.00798757
469.899 0.825841 0.00992255
459.175 0.854309 0.0130094
489.339 0.837579 0.00735911
481.105 0.821977 0.00848842
515.799 0.839939 0.00379677
506.406 0.836458 0.00388855
479.92 0.828394 0.00722538
480.362 0.842921 0.0114554
424.8 0.837184 0.0108439
492.991 0.820214 0.00712534
463.86 0.830651 0.00791586
485.489 0.83113 0.00908267
499.912 0.840098 0.0187966
530.926 0.828771 0.0205365
438.195 0.830582 0.0148408
471.358 0.82799 0.00719302
506.3 0.842675 0.0074415
528.537 0.831217 0.0145096
471.99 0.843997 0.01369
467.797 0.82305 0.0134457
463.148 0.832645 0.0138197
441.529 0.834758 0.0167039
446.357 0.829555 0.00936251
485.609 0.826023 0.0130563
496.536 0.853182 0.0141461
491.501 0.822273 0.0100243
493.022 0.828629 0.00754386
501.857 0.847465 0.0125228
491.867 0.828083 0.00729872
415.602 0.830621 0.00875007
418.947 0.825351 0.00729379
526.427 0.833355 0.016306
488.06 0.836059 0.00885294
496.37 0.829567 0.00750029
524.782 0.816868 0.00721593
522.033 0.825283 0.00727179
519.477 0.832157 0.0105777
506.81 0.826215 0.00732787
480.258 0.844538 0.00940506
454.111 0.828837 0.00724519
452.818 0.862466 0.0151274
424.725 0.825429 0.00730588
465.718 0.834747 0.0147436
468.148 0.828471 0.0125126
451.185 0.832347 0.0073326
446.924 0.833521 0.00742279
439.101 0.857059 0.0152351
454.485 0.831775 0.00739728
457.698 0.836008 0.00735299
468.581 0.825646 0.0072267
496.156 0.840577 0.0145115
418.604 0.816933 0.010458
425.172 0.809931 0.00696517
475.45 0.832732 0.00741159
483.564 0.822971 0.00783404
480.509 0.826426 0.00999266
466.723 0.843944 0.0152237
491.003 0.817012 0.00712263
495.114 0.839173 0.0130703
480.092 0.837501 0.0149172
484.929 0.829604 0.00845319
426.375 0.828886 0.00743121
538.716 0.837686 0.00904973
455.182 0.83902 0.0125667
456.848 0.853988 0.00807575
409.406 0.830976 0.0103247
422.807 0.828933 0.00824848
462.329 0.839752 0.00741459
478.119 0.838944 0.0104781
423.415 0.82601 0.00741145
462.149 0.844835 0.0195477
429.984 0.857924 0.00806949
442.185 0.83524 0.00811477
435.388 0.839623 0.0073855
482.94 0.821867 0.00727796
427.436 0.833447 0.00719379
429.475 0.81492 0.00708051
450.146 0.832384 0.0106733
468.849 0.822584 0.00737528
429.828 0.83044 0.0143354
472.128 0.82677 0.00739789
466.159 0.839961 0.0135438
488.606 0.830517 0.0146504
457.656 0.826542 0.00740417
475.442 0.855183 0.00775333
477.309 0.823921 0.00914079
475.816 0.809817 0.00790495
503.859 0.849699 0.00126439
480.082 0.83842 0.00725751
471.388 0.829827 0.0102837
489.902 0.83271 0.00740033
456.832 0.823786 0.00712372
468.597 0.853868 0.0149054
464.811 0.841516 0.0125606
413.865 0.834761 0.0105399
482.059 0.824291 0.00713591
483.39 0.839537 0.00850363
487.581 0.838196 0.0160032
486.032 0.812641 0.0072376
522.197 0.83939 0.00955102
468.474 0.827981 0.00867552
476.322 0.825644 0.00728539
463.263 0.85149 0.00767442
452.93 0.841602 0.00768302
436.636 0.841787 0.0136191
464.538 0.826477 0.00746342
443.103 0.827526 0.00739513
485.555 0.826383 0.00756633
467.849 0.84113 0.0011892
463.868 0.810325 0.00715178
454.695 0.81837 0.00721569
479.549 0.82976 0.0137672
434.664 0.85145 0.00387063
459.827 0.812407 0.00708117
510.346 0.824045 0.0117632
483.871 0.834377 0.0093437
475.12 0.835198 0.00736104
457.46 0.831269 0.0074597
502.789 0.832178 0.00738408
437.335 0.814365 0.00710236
494.641 0.825767 0.0073172
544.732 0.824257 0.0135622
430.877 0.833522 0.00734699
472.785 0.825426 0.00732316
463.066 0.817732 0.00649584
464.237 0.850593 0.00778381
482.506 0.838263 0.0126474
469.754 0.818863 0.00737343
467.431 0.833809 0.00781491
474.637 0.834061 0.00929933
463.487 0.837081 0.00983624
541.808 0.844637 0.0190443
499.717 0.830565 0.00874938
465.337 0.815832 0.00732337
471.642 0.841731 0.00756997
482.295 0.811559 0.00714682
465.855 0.829045 0.00721938
449.56 0.855245 0.012051
452.394 0.846772 0.00774796
467.399 0.848455 0.00768984
469.384 0.831052 0.0103627
465.567 0.840066 0.014294
503.185 0.835475 0.00754992
419.889 0.831136 0.00734368
446.744 0.821313 0.00734329
467.078 0.826104 0.00715804
491.714 0.850133 0.00779951
411.278 0.840908 0.00755371
513.756 0.824193 0.00717476
484.313 0.831865 0.00741075
438.974 0.836303 0.00381706
449.505 0.819669 0.00729944
425.934 0.833182 0.0170079
489.15 0.843548 0.0101661
480.316 0.849857 0.0141328
441.716 0.855848 0.0171787
476.372 0.840447 0.00759221
461.576 0.824098 0.00735843
523.696 0.832169 0.0151846
458.773 0.821033 0.0074572
507.428 0.831855 0.00740211
493.368 0.825154 0.00958872
394.375 0.831315 0.00752794
496.242 0.836315 0.00746464
460.666 0.824179 0.01241
477.824 0.836352 0.0111839
424.883 0.835049 0.00723174
454.557 0.852231 0.00778836
458.436 0.847458 0.00384648
428.923 0.849827 0.0129385
421.678 0.830099 0.0107904
479.451 0.831995 0.00724929
452.474 0.827353 0.00732783
478.263 0.821598 0.00872427
450.933 0.843463 0.0103322
450.561 0.847974 0.0125396
471.805 0.841399 0.0135148
505.773 0.817452 0.00718767
460.151 0.825074 0.00737965
440.62 0.838028 0.00964667
470.761 0.838027 0.0123456
450.204 0.816551 0.00731415
424.794 0.841658 0.0156319
451.521 0.825901 0.00734873
486.319 0.851455 0.00778408
506.133 0.817473 0.00715299
489.372 0.824253 0.00731181
463.52 0.834895 0.00744809
486.764 0.843226 0.0140149
449.008 0.824008 0.00752904
444.313 0.818895 0.00723083
467.573 0.832847 0.00742015
477.061 0.836994 0.0116932
446.157 0.829032 0.00729563
413.63 0.846805 0.00142072
500.304 0.828058 0.0170416
428.917 0.856536 0.00792746
512.824 0.851207 0.0123596
407.063 0.827449 0.00731577
490.111 0.836062 0.00984318
429.513 0.826719 0.0154639
471.028 0.825398 0.00717987
500.914 0.816667 0.00729076
418.445 0.822667 0.00728023
470.797 0.842904 0.0157015
457.892 0.82804 0.00908352
410.821 0.825539 0.00737463
470.349 0.828073 0.0107431
454.227 0.821284 0.00730346
494.98 0.826655 0.00715759
445.317 0.821294 0.010037
455.904 0.839607 0.0181711
428.199 0.831415 0.00886581
400.165 0.836631 0.00852474
453.63 0.850176 0.001343
490.884 0.831978 0.00988505
477.434 0.830866 0.00721398
405.681 0.823319 0.0074122
492.22 0.813578 0.00709091
459.615 0.837297 0.00385331
462.073 0.819783 0.00741781
434.215 0.849655 0.00774317
533.895 0.830869 0.00906354
447.108 0.824405 0.00722772
477.059 0.819364 0.00689488
468.525 0.831755 0.0116437
508.946 0.831711 0.0106784
525.831 0.825953 0.00767525
396.376 0.824921 0.0120221
464.203 0.820718 0.00810132
448.067 0.847194 0.00382476
447.079 0.833937 0.0127813
466.994 0.827431 0.00745992
450.68 0.832963 0.00730389
488.5 0.834617 0.00990748
485.877 0.82751 0.00724115
476.638 0.821392 0.00734439
479.041 0.827315 0.00801281
442.021 0.833102 0.0145024
471.295 0.832584 0.00747789
460.063 0.837088 0.00743957
517.647 0.828239 0.00724297
467.597 0.837946 0.0117938
521.503 0.841754 0.0092155
520.25 0.840776 0.0120561
410.982 0.8233 0.00726185
458.789 0.826204 0.00915291
475.52 0.83704 0.017323
479.419 0.849924 0.0135611
474.131 0.840676 0.00756973
440.251 0.846811 0.0172976
484.259 0.845969 0.0141231
460.06 0.824001 0.00734945
450.287 0.853466 0.00904028
456.522 0.816807 0.00859755
466.034 0.839738 0.00767299
468.496 0.848018 0.0145946
403.891 0.822314 0.0090419
504.913 0.838568 0.0182754
453.09 0.817338 0.00720897
439.956 0.841381 0.0205137
451.135 0.842176 0.0158481
515.833 0.826173 0.013773
508.919 0.830546 0.0120736
425.119 0.816902 0.00722817
430.344 0.818461 0.00732783
465.973 0.846527 0.0130278
492.172 0.825974 0.00721268
432.187 0.832736 0.0168061
499.932 0.821393 0.0073892
481.747 0.826616 0.00522426
454.245 0.822279 0.00723021
522.672 0.831925 0.013197
505.157 0.823567 0.00727252
514.562 0.827821 0.0136978
476.251 0.82294 0.00745929
482.157 0.838426 0.0111308
473.95 0.833679 0.00747594
453.811 0.831836 0.00895038
479.387 0.824642 0.00739856
518.33 0.812537 0.0074912
491.694 0.827233 0.0103352
429.475 0.831691 0.00895244
438.656 0.839233 0.0108374
480.709 0.834694 0.0144526
453.497 0.835163 0.0142294
477.655 0.807842 0.00720256
529.716 0.822105 0.00725383
501.554 0.82067 0.00705362
470.708 0.824831 0.00795985
482.219 0.834815 0.0146026
509.976 0.818496 0.00706734
446.385 0.831121 0.0110201
438.082 0.84006 0.0141379
484.53 0.838559 0.0105475
461.823 0.829531 0.00737985
452.738 0.841345 0.00751725
448.014 0.832784 0.0118503
437.475 0.829624 0.00712382
463.541 0.859003 0.0140451
471.179 0.83905 0.0111319
422.287 0.832574 0.00733013
478.336 0.838674 0.00867437
450.601 0.825131 0.00719067
475.959 0.832706 0.0115965
451.854 0.820928 0.00727389
459.074 0.836035 0.00860158
443.094 0.824855 0.00720196
484.851 0.831166 0.00738928
440.511 0.838927 0.0133347
462.699 0.829085 0.00729228
523.6 0.843794 0.00757149
480.317 0.838833 0.00754825
456.642 0.830728 0.0073795
520.361 0.825035 0.00724826
503.366 0.82861 0.00749555
447.104 0.843185 0.0108357
502.124 0.845791 0.00384737
462.337 0.842473 0.0074721
455.392 0.823437 0.00731278
472.318 0.819901 0.0073269
528.843 0.850945 0.0176045
477.616 0.849178 0.0163445
453.959 0.855734 0.0209456
488.929 0.825935 0.00721784
461.286 0.822288 0.00740395
466.984 0.817092 0.00715678
482.252 0.826467 0.00856105
475.818 0.827053 0.00748456
497.831 0.823895 0.00723505
459.079 0.830159 0.00729276
454.466 0.830255 0.00722885
446.684 0.831108 0.00735439
548.462 0.837783 0.0174668
466.714 0.824036 0.00730425
474.621 0.831717 0.00745302
459.276 0.82336 0.00730278
419.856 0.829466 0.00964113
470.705 0.834369 0.00922917
460.684 0.825073 0.00729695
431.906 0.83659 0.00733873
477.013 0.813388 0.0123863
476.454 0.83617 0.0101877
491.99 0.832822 0.0096881
442.585 0.830052 0.00929659
412.639 0.851528 0.0077293
510.551 0.825051 0.00721544
505.908 0.844455 0.0150609
459.458 0.824663 0.00734469
444.108 0.846467 0.0148808
490.806 0.821676 0.00736274
437.438 0.831116 0.0106844
448.015 0.82239 0.00981619
436.958 0.852992 0.0173095
506.527 0.821058 0.00727549
475.632 0.826894 0.00837295
460.397 0.813512 0.00716151
466.538 0.828639 0.01046
446.867 0.822516 0.00927585
436.084 0.822856 0.00727057
506.002 0.837709 0.011622
440.016 0.832422 0.0129653
450.1 0.816587 0.00125389
450.395 0.833152 0.0125395
469.721 0.822204 0.00717312
462.447 0.827518 0.00733592
488.593 0.838461 0.0141384
473.908 0.852036 0.00786161
431.657 0.837619 0.00123218
521.369 0.855144 0.00777701
508.746 0.827923 0.00745455
482.778 0.828458 0.00730466
482.445 0.837449 0.0129752
456.634 0.838978 0.00844074
490.443 0.848102 0.00193521
495.363 0.828784 0.0100498
438.727 0.834928 0.00704911
510.454 0.841424 0.0126714
436.829 0.845925 0.0168926
423.979 0.853699 0.00785757
427.09 0.828447 0.0121708
431.046 0.836661 0.0170846
426.323 0.831603 0.007973
420.431 0.828149 0.00730864
489.266 0.835777 0.00899791
478.19 0.822182 0.00730912
466.316 0.820741 0.00724058
486.425 0.82872 0.0107593
489.941 0.835591 0.00901267
509.386 0.817509 0.00724705
499.699 0.815883 0.00720536
399.324 0.846726 0.0155595
506.701 0.838402 0.0112209
497.825 0.838488 0.014603
505.856 0.827275 0.0142839
503.033 0.838369 0.0138676
468.019 0.829373 0.00745601
535.333 0.829849 0.00998535
484.664 0.843808 0.0105231
465.14 0.835167 0.00750973
429.85 0.825986 0.00832314
518.057 0.841236 0.013228
462.309 0.848053 0.00129313
495.86 0.840095 0.00764888
462.815 0.856234 0.00789826
499.504 0.844056 0.0137554
487.228 0.825155 0.00866087
430.804 0.833766 0.0114559
491.785 0.820356 0.00710335
443.152 0.824086 0.0120937
473.66 0.82121 0.00727141
464.935 0.838695 0.0073215
438.656 0.832331 0.00745528
486.501 0.838145 0.00745006
424.607 0.836743 0.0139704
535.053 0.816275 0.00719694
454.534 0.826906 0.00729627
463.346 0.82935 0.00994929
465.2 0.837173 0.0145603
447.543 0.831452 0.00758246
486.168 0.826066 0.00725685
526.634 0.848948 0.00390772
509.099 0.837606 0.0138585
534.913 0.811753 0.00720043
482.312 0.830866 0.00772612
489.95 0.827973 0.00745509
460.045 0.830639 0.00752288
465.843 0.827403 0.010571
461.521 0.823827 0.00737784
489.726 0.829581 0.00735256
487.593 0.813066 0.00843931
459.302 0.835977 0.0147115
444.781 0.82293 0.00713516
441.177 0.852911 0.00783541
470.372 0.813006 0.00716762
452.807 0.821115 0.00724804
452.949 0.818021 0.00712458
531.42 0.831793 0.00731211
440.387 0.829696 0.0102659
438.922 0.844422 0.0119756
499.224 0.843792 0.0137374
432.873 0.851131 0.0152005
440.522 0.812873 0.00713742
463.096 0.812141 0.00793045
476.923 0.844623 0.0125753
500.977 0.815945 0.00723645
481.009 0.836375 0.01332
457.956 0.84263 0.00169916
496.895 0.842718 0.0132481
468.208 0.839658 0.0150254
496.317 0.824846 0.00719552
473.436 0.827561 0.0094879
457.528 0.826806 0.00831486
481.398 0.835988 0.00748317
484.772 0.821664 0.00723155
470.109 0.841046 0.00772476
470.519 0.845008 0.0132074
520.413 0.837379 0.0100233
450.076 0.814726 0.00704706
442.231 0.833579 0.0147363
475.499 0.831896 0.00870522
442.955 0.82578 0.00736187
407.573 0.834308 0.0074533
512.376 0.832113 0.00727057
490.784 0.830926 0.00722354
435.326 0.824567 0.00714078
428.953 0.82643 0.00877563
471.173 0.849572 0.00388296
495.874 0.835466 0.00798098
477.505 0.824919 0.0102729
400.36 0.822142 0.00725986
541.696 0.824956 0.00716791
409.085 0.83202 0.00741266
516.152 0.852255 0.00783614
441.531 0.838871 0.00795378
443.567 0.830639 0.00729687
463.796 0.846817 0.0142022
486.948 0.835944 0.00982392
505.634 0.833395 0.0137937
497.819 0.85228 0.0148623
484.453 0.845481 0.00893815
438.019 0.818169 0.00722006
471.422 0.823995 0.0072186
453.358 0.81879 0.0072423
446.344 0.841774 0.0136482
482.914 0.829553 0.00750212
484.203 0.830704 0.00798948
468.505 0.827519 0.00865142
467.453 0.850823 0.0139838
474.849 0.816534 0.0086758
438.705 0.822999 0.00204789
468.159 0.833887 0.00998001
422.521 0.829737 0.0148022
450.258 0.818866 0.00818753
447.008 0.828686 0.00859013
481.717 0.847458 0.00773916
445.538 0.844338 0.00757511
452.185 0.824986 0.00741496
473.132 0.826433 0.00730184
428.618 0.84542 0.0117428
429.498 0.838076 0.00758125
471.362 0.826177 0.00735837
479.29 0.820629 0.00712724
469.59 0.831998 0.0107328
481.308 0.855825 0.00117909
479.386 0.827153 0.00738436
480.684 0.820969 0.0108078
497.135 0.840968 0.00886653
510.961 0.831428 0.00747477
491.131 0.830696 0.00740861
502.106 0.835682 0.0118869
467.285 0.83447 0.010093
473.644 0.828197 0.00743656
473.761 0.825206 0.00728879
516.247 0.835687 0.00758766
462.205 0.835069 0.0072978
490.987 0.824852 0.0072023
436.892 0.821201 0.00735979
450.511 0.858261 0.00805751
501.263 0.820956 0.00942448
460.342 0.821371 0.00729064
433.916 0.82955 0.00726798
530.163 0.826616 0.0150527
458.472 0.830916 0.0073737
477.389 0.823778 0.0087259
478.167 0.841366 0.00786319
469.363 0.832863 0.00921847
454.248 0.833227 0.00855401
481.746 0.822767 0.00735897
481.622 0.832601 0.00876794
474.701 0.823465 0.00722136
375.817 0.822278 0.00832689
506.42 0.839785 0.00730987
421.998 0.838358 0.00967852
449.213 0.832834 0.0155361
507.6 0.818193 0.00728249
426.715 0.829151 0.00728362
412.786 0.832603 0.00737828
455.898 0.849098 0.0150036
512.689 0.832411 0.00729739
523.049 0.829176 0.00723552
464.643 0.838237 0.0113091
494.541 0.839637 0.0144673
418.873 0.83561 0.0182131
519.378 0.834666 0.0119214
481.892 0.816292 0.00692695
503.033 0.835061 0.0107513
501.258 0.845988 0.0177749
439.585 0.840383 0.0122296
452.151 0.856853 0.0181569
409.086 0.846043 0.0130471
477.691 0.814073 0.00703514
443.721 0.830716 0.00737673
457.795 0.831761 0.0111764
450.118 0.823273 0.00734664
439.697 0.854795 0.00779305
423.853 0.846024 0.00765525
439.272 0.852992 0.0141074
447.59 0.827137 0.012366
459.892 0.817483 0.00721863
504.624 0.831843 0.00858474
437.733 0.835977 0.0113675
454.893 0.824875 0.00893836
489.636 0.839661 0.0074889
420.052 0.8294 0.015333
442.446 0.846932 0.013737
467.45 0.841997 0.0154617
439.589 0.817865 0.00726434
458.178 0.839123 0.00718713
475.049 0.834785 0.0151732
492.081 0.828289 0.00731198
429.793 0.843549 0.0136969
487.567 0.824445 0.008259
517.516 0.834707 0.00747513
468.026 0.843366 0.0112546
489.706 0.826522 0.00720526
524.406 0.843761 0.0138409
476.537 0.835677 0.0154644
443.934 0.840254 0.0108063
455.693 0.8525 0.00768687
455.619 0.840174 0.0142553
501.165 0.839932 0.0141592
506.505 0.826453 0.00729322
513.45 0.815574 0.00717557
477.89 0.818019 0.00725985
510.778 0.834991 0.0139102
515.232 0.833767 0.0195503
477.512 0.818117 0.00712448
482.846 0.832944 0.0149066
451.823 0.835517 0.0140784
495.991 0.820324 0.00712187
