0.84745
0.85351
0.851618
0.845045
0.85027
0.847775
0.847388
0.84419
0.85411
0.85416
0.853137
0.858623
0.851832
0.854663
0.842452
0.851069
0.851245
0.991908
0.855461
0.847218
0.85169
0.851483
0.850833
0.855816
0.858325
0.378023
0.849616
0.857456
0.845188
0.852422
0.851116
0.841128
0.847907
0.85324
0.852877
0.847393
0.845789
0.855162
0.846771
0.844939
0.852007
0.846679
0.850425
0.848739
0.853129
0.854853
0.855599
0.851008
0.8516
0.855103
0.851166
0.852881
0.848127
0.851202
0.852487
0.850017
0.845741
0.845687
0.852585
0.845941
0.856119
0.854473
0.999699
0.846289
0.844718
0.854685
0.851805
0.857222
0.858687
0.852889
0.845349
0.853623
0.85058
0.847266
0.851516
0.850103
0.85234
0.860398
0.851928
0.844689
0.855048
0.8473
0.845868
0.850875
0.847273
0.851221
0.845688
0.84445
0.999568
0.847141
0.850548
0.849298
0.844257
0.84638
0.858189
0.851574
0.850215
0.85921
0.851974
0.863725
0.851594
0.841719
0.847115
0.847249
0.850487
0.844319
0.850632
0.846352
0.851872
0.853723
0.844481
0.843422
0.847666
0.848362
0.852958
0.845385
0.852489
0.854308
0.848484
0.855022
0.851235
0.991536
0.850147
0.854644
0.848867
0.848815
0.84947
0.847229
0.855915
0.853953
0.847647
0.860533
0.852311
0.850748
0.848868
0.857703
0.850871
0.851596
0.848484
0.846365
0.85323
0.847716
0.849157
0.845545
0.850549
0.849263
0.854947
0.852122
0.854316
0.845478
0.856389
0.855227
0.848729
0.848002
0.84982
0.850321
0.844827
0.851616
0.850536
0.850424
0.853974
0.844141
0.845616
0.847723
0.852441
0.850827
0.848681
0.846726
0.84324
0.851368
0.853066
0.844543
0.847999
0.842153
0.849749
0.855057
0.844977
0.849022
0.849961
0.852075
0.850513
0.847811
0.849605
0.851372
0.853845
0.856387
0.857095
0.84641
0.850037
0.845258
0.849637
0.850754
0.846013
0.850544
0.840189
0.847794
0.849453
0.852296
0.851888
0.851223
0.84756
0.839728
0.850485
0.845591
0.849995
0.847738
0.849395
0.843799
0.849431
0.848867
0.853623
0.849914
0.855443
0.851672
0.847799
0.851726
0.852584
0.852475
0.848024
0.857014
0.845365
0.846097
0.861861
0.853444
0.843024
0.845941
0.843433
0.840614
0.853222
0.846834
0.851365
0.855737
0.846616
0.854789
0.844802
0.850649
0.85095
0.840215
0.846744
0.847878
0.845184
0.851
0.844576
0.848497
0.856622
0.853814
0.852403
0.85349
0.852004
0.851366
0.853505
0.848661
0.851063
0.841586
0.854775
0.848109
0.847851
0.849771
0.841172
0.847956
0.853273
0.848223
0.852893
0.851061
0.84678
0.845394
0.846562
0.846593
0.849254
0.849765
0.847526
0.847356
0.851775
0.845247
0.846576
0.844307
0.854345
0.849573
0.848923
0.853425
0.844967
0.858883
0.847503
0.848518
0.972834
0.852871
0.8462
0.855542
0.846777
0.85075
0.847879
0.905185
0.851391
0.843979
0.852427
0.848305
0.847791
0.854926
0.852167
0.853344
0.852053
0.85384
0.850924
0.850692
0.849447
0.848167
0.857741
0.849008
0.847415
0.850882
0.85205
0.852954
0.853233
0.850436
0.848267
0.873337
0.851767
0.853658
0.844657
0.850721
0.845943
0.844509
0.850714
0.856776
0.856345
0.851184
0.857616
0.850243
0.841242
0.856915
0.845793
0.849644
0.847193
0.840918
0.843422
0.847465
0.849112
0.844964
0.84316
0.853376
0.848597
0.844662
0.854077
0.848874
0.853108
0.858432
0.848853
0.85389
0.847955
0.847301
0.844155
0.847019
0.859584
0.84921
0.850241
0.852771
0.847743
0.846974
0.851003
0.849906
0.856397
0.842483
0.841797
0.854383
0.852733
0.839673
0.848718
0.843399
0.845239
0.848098
0.850163
0.850744
0.856886
0.846695
0.845394
0.851732
0.846348
0.846213
0.848297
0.842102
0.849631
0.845105
0.850137
0.85189
0.853842
0.849218
0.845623
0.848466
0.849582
0.847291
0.854005
0.849361
0.843735
0.849815
0.853665
0.847266
0.856837
0.849772
0.849601
0.852554
0.842025
0.858437
0.848384
0.853398
0.848746
0.841739
0.847369
0.848896
0.845128
0.854491
0.844906
0.856038
0.851239
0.844195
0.846525
0.846228
0.845727
0.847509
0.844146
0.851597
0.849635
0.843482
0.844987
0.851428
0.851295
0.842247
0.85068
0.85687
0.853328
0.849217
0.855835
0.854427
0.860988
0.757839
0.842232
0.848439
0.855251
0.853448
0.849223
0.849908
0.847299
0.854911
0.85176
0.845719
0.848115
0.845996
0.847383
0.848944
0.837115
0.842351
0.858426
0.84656
0.851274
0.853686
0.8507
0.853835
0.853801
0.845028
0.856464
0.860878
0.846296
0.843691
0.849699
0.848183
0.841045
0.849209
0.851025
0.849922
0.849014
0.851388
0.846168
0.848246
0.846943
0.850878
0.845271
0.856492
0.851368
0.846571
0.849297
0.856125
0.854154
0.840993
0.846646
0.848758
0.858047
0.846302
0.848811
0.851663
0.855988
0.854703
0.858021
0.855293
0.845902
0.849899
0.852457
0.849827
0.851616
0.854606
0.848711
0.852719
0.846613
0.844142
0.852977
0.844372
0.853205
0.853384
0.850432
0.858111
0.847797
0.847163
0.844904
0.853383
0.850989
0.846878
0.850011
0.93932
0.849196
0.853614
0.845378
0.856268
0.85351
0.850331
0.845539
0.849893
0.843888
0.852449
0.846292
0.848109
0.850112
0.847047
0.854723
0.843896
0.00407864
0.848212
0.845632
0.853065
0.86029
0.849644
0.847391
0.851734
0.850082
0.848388
0.851684
0.974759
0.853315
0.951059
0.850448
0.910471
0.839137
0.843262
0.852263
0.853325
0.854086
0.854446
0.856133
0.848016
0.853008
0.84312
0.853459
0.845009
0.856077
0.851931
0.853589
0.839164
0.849237
0.857314
0.845047
0.840234
0.851339
0.845696
0.853943
0.840584
0.852235
0.856731
0.852789
0.848663
0.848167
0.851648
0.848564
0.849548
0.852128
0.846421
0.855618
0.849399
0.845146
0.851639
0.852164
0.859737
0.849091
0.857257
0.848238
0.844638
0.839254
0.858376
0.846182
0.844883
0.841551
0.851116
0.85233
0.848948
0.847689
0.85197
0.850724
0.853104
0.85139
0.854358
0.854178
0.854944
0.859533
0.857509
0.850841
0.862854
0.852108
0.850018
0.0423707
0.839404
0.845656
0.849988
0.845219
0.854688
0.997383
0.851677
0.852726
0.855728
0.851472
0.849403
0.850595
0.850446
0.845691
0.849957
0.857206
0.853755
0.847364
0.847298
0.846283
0.851703
0.851283
0.853902
0.847704
0.848973
0.85223
0.853093
0.850712
0.850254
0.91013
0.850545
0.849731
0.855081
0.855315
0.85656
0.855981
0.856269
0.840035
0.850023
0.847378
0.851239
0.856161
0.848638
0.857707
0.855523
0.854501
0.849657
0.856783
0.850058
0.84797
0.843183
0.838217
0.909927
0.851861
0.843444
0.850339
0.851206
0.852796
0.854987
0.858183
0.846184
0.849151
0.849786
0.849936
0.856052
0.644883
0.852103
0.84968
0.854863
0.848323
0.857142
0.84517
0.84519
0.85793
0.845571
0.854178
0.847589
0.853899
0.857981
0.850052
0.85307
0.86005
0.856796
0.843346
0.85361
0.854901
0.857614
0.854561
0.850796
0.844174
0.844916
0.855041
0.844346
0.849441
0.842168
0.844616
0.844742
0.854435
0.854676
0.846705
0.850185
0.852892
0.848027
0.860976
0.851397
0.852888
0.845265
0.844863
0.856736
0.852345
0.854816
0.852306
0.839401
0.855036
0.851477
0.847421
0.848811
0.857163
0.849023
0.848063
0.846277
0.850808
0.854816
0.85338
0.852497
0.848377
0.851412
0.846267
0.852935
0.844794
0.85442
0.858519
0.857405
0.852266
0.85128
0.851828
0.847783
0.847033
0.849659
0.868537
0.847742
0.84902
0.846736
0.847829
0.851738
0.853223
0.853991
0.862969
0.850972
0.855579
0.854333
0.849244
0.842113
0.8531
0.845602
0.849018
0.848012
0.850865
0.841985
0.848677
0.851858
0.8482
0.845245
0.850481
0.850812
0.847711
0.851243
0.851603
0.844563
0.861847
0.908679
0.855273
0.847648
0.854465
0.847398
0.850567
0.849231
0.850983
0.857382
0.979047
0.846895
0.896241
0.857919
0.84725
0.843453
0.849904
0.852589
0.8506
0.851626
0.839461
0.846415
0.853597
0.845731
0.852524
0.849969
0.850131
0.845674
0.851834
0.844693
0.845419
0.84801
0.843575
0.848852
0.838407
0.856626
0.858017
0.848517
0.85163
0.853556
0.848304
0.848802
0.909645
0.851357
0.851451
0.849105
0.853472
0.844027
0.847467
0.852157
0.84875
0.982557
0.854201
0.847937
0.854083
0.849283
0.858078
0.84838
0.841343
0.849887
0.849703
0.854172
0.843757
0.850415
0.846906
0.84593
0.843691
0.855843
0.84785
0.856546
0.849968
0.849621
0.846175
0.855051
0.848288
0.843686
0.854437
0.853127
0.847844
0.845336
0.84604
0.84963
0.844776
0.849863
0.846938
0.852574
0.849534
0.852668
0.85085
0.849597
0.846297
0.855674
0.8382
0.851007
0.852471
0.859868
0.856146
0.844666
0.85166
0.849001
0.850276
0.848571
0.854436
0.847088
0.849404
0.856403
0.848921
0.847157
0.847907
0.85063
0.846478
0.84511
0.85034
0.852103
0.850301
0.848485
0.85638
0.845967
0.857209
0.84703
0.85162
0.840472
0.856757
0.845752
0.843346
0.854256
0.849981
0.849361
0.850422
0.842033
0.848126
0.850037
0.852684
0.853788
0.998505
0.848024
0.843712
0.846847
0.85859
0.843831
0.855503
0.842054
0.845528
0.849345
0.853121
0.851276
0.84483
0.850347
0.848966
0.849474
0.846383
0.850391
0.8496
0.859301
0.849143
0.849254
0.856498
0.85297
0.848537
0.836289
0.848933
0.85214
0.84769
0.854503
0.853081
0.849102
0.858422
0.854426
0.845376
0.854084
0.853698
0.849854
0.849136
0.844838
0.848662
0.857325
0.844768
0.855395
0.852733
0.85258
0.848352
0.849422
0.856327
0.851694
0.857151
0.845913
0.850158
0.845749
0.852659
0.848991
0.84769
0.851248
0.847541
0.852761
0.850697
0.664041
0.844346
0.851932
0.854219
0.851252
0.854057
0.848354
0.854249
0.84987
0.852054
0.859598
0.850564
0.853674
0.849919
0.853483
0.846036
0.847496
0.851985
0.846451
0.849385
0.850226
0.845271
0.848762
0.845632
0.850059
0.851488
0.841416
0.841576
0.857609
0.853716
0.847593
0.843728
0.853132
0.772099
0.851696
0.848993
0.843121
0.842329
0.850617
0.853232
0.853866
0.852711
0.851601
0.85328
0.848048
0.844707
0.84909
0.854989
0.853824
0.84983
0.846377
0.854019
0.845017
0.847782
0.848795
0.854434
0.849181
0.851378
0.851643
0.849532
0.852976
0.850364
0.844159
0.842987
0.849051
0.853262
0.852681
0.857871
0.854452
0.853329
0.855119
0.853109
0.853776
0.851538
0.852713
0.845594
0.850704
0.847279
0.846533
0.845185
0.847884
0.853191
0.848424
0.849968
0.848243
0.845482
0.846831
0.850332
0.854559
0.850037
0.852243
0.84414
0.85022
0.845993
0.855495
0.84326
0.845832
0.853941
0.846942
0.852959
0.851453
0.848452
0.856514
0.852984
0.852147
0.853337
0.850258
0.852506
0.848738
0.84692
0.854928
0.847283
0.851115
0.850717
0.859292
0.855678
0.851642
0.854932
0.847744
0.848237
0.84849
0.849301
0.844669
0.854327
0.851882
0.859525
0.85444
0.842994
0.84374
0.847205
0.861445
0.849146
0.854111
0.851881
0.85594
0.858237
0.840252
0.857298
0.848274
0.856844
0.85604
0.848289
0.855423
0.8457
0.851713
0.857887
0.850211
0.853634
0.851932
0.841749
0.851788
0.843327
0.848611
0.846633
0.856039
0.854096
0.844582
0.846511
0.846475
0.850364
0.849155
0.853735
0.843876
0.852306
0.850071
0.853273
0.851401
0.846768
0.845008
0.845654
0.841809
0.843048
0.852049
0.854787
0.848918
0.846303
0.840985
0.851543
0.846763
0.861171
0.850374
0.850992
0.846638
0.775943
0.850753
0.846777
0.850679
0.854162
0.846986
0.854862
0.837181
0.841289
0.855466
0.855753
0.851389
0.849228
0.847871
0.849968
0.850491
0.857656
0.849138
0.847206
0.848171
0.846108
0.848202
0.850868
0.851171
0.851634
0.846594
0.848159
0.853556
0.844174
0.855533
0.856413
0.848233
0.850409
0.857349
0.847287
0.847303
0.849087
0.854849
0.849738
0.851221
0.858879
0.852009
0.851578
0.848306
0.845786
0.846362
0.854578
0.851766
0.857081
0.849859
0.853541
0.85768
0.854766
0.855267
0.84874
0.848441
0.850796
0.850474
0.85446
0.853083
0.849024
0.848137
0.852105
0.846313
0.85409
0.849024
0.851084
0.855956
0.84902
0.846146
0.844552
0.849202
0.849386
0.850766
0.848543
0.846827
0.857767
0.853346
0.847768
0.84801
0.844142
0.850699
0.853379
0.839556
0.856793
0.841288
0.855413
0.848975
0.845159
0.852927
0.852461
0.849267
0.850266
0.842526
0.844851
0.850873
0.851687
0.84718
0.850883
0.844181
0.847957
0.849703
0.851946
0.846365
0.842299
0.852839
0.84164
0.859573
0.848584
0.853727
0.842488
0.848496
0.844248
0.84644
0.851381
0.856647
0.848142
0.850643
0.850843
0.960589
0.850818
0.847916
0.848987
0.854435
0.850338
0.852908
0.85022
0.857466
0.857826
0.843736
0.847195
0.847529
0.848673
0.84905
0.846554
0.846996
0.859725
0.849989
0.859284
0.846069
0.85112
0.840969
0.849689
0.841626
0.85155
0.842148
0.845867
0.85075
0.850713
0.847199
0.854578
0.843884
0.852147
0.850819
0.848322
0.848005
0.847264
0.848156
0.855396
0.85217
0.850388
0.850518
0.847024
0.846928
0.856924
0.846342
0.846173
0.843016
0.851425
0.851335
0.846175
0.85795
0.853507
0.848614
0.852378
0.850283
0.850377
0.850668
0.853229
0.852597
0.853603
0.854068
0.844168
0.844966
0.853422
0.841214
0.853085
0.854048
0.853581
0.85509
0.850088
0.848027
0.847166
0.854805
0.848026
0.949652
0.844181
0.844138
0.85156
0.849872
0.85246
0.852104
0.851292
0.840293
0.937394
0.51292
0.855564
0.856883
0.848629
0.859235
0.853965
0.847932
0.853507
0.861485
0.857958
0.854706
0.850174
0.847739
0.848135
0.849844
0.849993
0.849688
0.856096
0.843259
0.852502
0.845554
0.850874
0.845427
0.853813
0.84431
0.847852
0.8556
0.843247
0.853797
0.852271
0.846124
0.841946
0.853589
0.848775
0.848256
0.851189
0.851538
0.853436
0.855809
0.846674
0.841946
0.843878
0.847859
0.847595
0.84911
0.851735
0.85918
0.846383
0.849168
0.853099
0.858051
0.845427
0.852137
0.848694
0.850641
0.855895
0.849031
0.850269
0.845832
0.851445
0.850011
0.85719
0.850946
0.847939
0.854575
0.848927
0.845314
0.856077
0.854822
0.854455
0.852344
0.851336
0.849526
0.853358
0.843286
0.847095
0.850094
0.848517
0.856599
0.850401
0.852294
0.853274
0.848203
0.847925
0.846971
0.851744
0.851863
0.85403
0.841992
0.847492
0.854239
0.851718
0.857358
0.844414
0.856339
0.852448
0.841218
0.845397
0.852756
0.83908
0.850161
0.849369
0.84685
0.852148
0.851203
0.849088
0.850573
0.85229
0.849833
0.850502
0.85355
0.849758
0.858697
0.858169
0.842487
0.857346
0.843428
0.854966
0.85302
0.847438
0.846285
0.85255
0.842791
0.851854
0.842883
0.851581
0.840902
0.854158
0.855362
0.841958
0.84946
0.848778
0.853087
0.85318
0.854556
0.852961
0.851053
0.850969
0.850331
0.85336
0.851672
0.853239
0.847842
0.851015
0.858279
0.845705
0.850848
0.850478
0.849722
0.899548
0.844982
0.84835
0.85157
0.850847
0.850605
0.835958
0.844657
0.997242
0.848626
0.844505
0.86217
0.849334
0.848284
0.845999
0.848518
0.847276
0.855623
0.858411
0.852155
0.853398
0.854183
0.853384
0.841333
0.85018
0.854733
0.84643
0.85239
0.856886
0.851556
0.851248
0.847279
0.845372
0.858523
0.847962
0.845613
0.845169
0.850796
0.8511
0.861873
0.843665
0.853048
0.845819
0.850738
0.850732
0.844638
0.846267
0.849498
0.848373
0.849982
0.8568
0.846608
0.853454
0.852619
0.848893
0.853921
0.959916
0.845989
0.857056
0.855423
0.845668
0.839129
0.853053
0.851009
0.852785
0.849052
0.843978
0.849685
0.846684
0.843274
0.858681
0.854618
0.848616
0.849901
0.850837
0.847082
0.854509
0.858124
0.848322
0.856892
0.856816
0.856887
0.849713
0.851793
0.851042
0.84695
0.845385
0.850616
0.849946
0.847554
0.851816
0.847851
0.844384
0.849519
0.854288
0.852853
0.847789
0.847197
0.858425
0.849165
0.85446
0.855643
0.846219
0.857381
0.860039
0.84657
0.847529
0.849274
0.858928
0.854826
0.851937
0.905511
0.850511
0.857261
0.845953
0.859768
0.854973
0.845133
0.855199
0.840949
0.847849
0.844514
0.851462
0.842959
0.851649
0.849298
0.846108
0.853492
0.859451
0.849684
0.851634
0.85826
0.85001
0.849043
0.847808
0.855974
0.995371
0.84232
0.856479
0.848459
0.850659
0.853863
0.851836
0.850572
0.84634
0.852796
0.855056
0.842638
0.855347
0.857251
0.843683
0.84789
0.849691
0.851565
0.847576
0.847513
0.84595
0.84796
0.847878
0.850189
0.851395
0.846407
0.905786
0.849459
0.848723
0.856477
0.859846
0.849976
0.853888
0.848015
0.853476
0.852517
0.849826
0.848437
0.847479
0.852797
0.854194
0.855259
0.920567
0.903119
0.849125
0.850473
0.845716
0.848149
0.854061
0.85555
0.848264
0.850519
0.858865
0.844045
0.85432
0.852243
0.851543
0.84547
0.845673
0.851226
0.855389
0.838853
0.855242
0.849024
0.844677
0.844546
0.843183
0.847155
0.996342
0.85587
0.846766
0.84987
0.843322
0.846749
0.846943
0.849438
0.848686
0.851574
0.845455
0.852
0.851272
0.846586
0.848811
0.847181
0.905419
0.851887
0.850191
0.852327
0.84527
0.855182
0.85184
0.851956
0.848843
0.842667
0.846742
0.854243
0.842644
0.84656
0.853388
0.85112
0.849523
0.97766
0.846901
0.855783
0.847805
0.859475
0.849
0.839778
0.850366
0.837733
0.853956
0.85111
0.85157
0.840142
0.846117
0.84951
0.853469
0.855306
0.90924
0.84933
0.852417
0.853176
0.851458
0.848743
0.851953
0.851314
0.852085
0.850523
0.850028
0.851321
0.842778
0.851077
0.850252
0.84953
0.854634
0.852442
0.849813
0.85449
0.852232
0.848517
0.999937
0.849309
0.843369
0.859291
0.853531
0.850866
0.849265
0.848049
0.844771
0.846137
0.854772
0.853543
0.85044
0.855347
0.855275
0.841495
0.841846
0.847132
0.853283
0.85607
0.853751
0.852983
0.852181
0.84629
0.8474
0.848156
0.856433
0.847901
0.851937
0.843104
0.8545
0.850322
0.84864
0.848253
0.853375
0.853189
0.855353
0.843832
0.847362
0.855598
0.849705
0.857943
0.850941
0.847759
0.847421
0.850262
0.854253
0.852933
0.857317
0.85394
0.853556
0.856534
0.851925
0.847447
0.849403
0.855646
0.845022
0.848296
0.854776
0.849559
0.858219
0.848763
0.851318
0.845398
0.847873
0.843087
0.849301
0.849747
0.858037
0.847832
0.850673
0.852563
0.844795
0.839466
0.861227
0.855275
0.844256
0.856297
0.848624
0.842706
0.849382
0.857299
0.840185
0.85177
0.850757
0.851559
0.848759
0.856056
0.853804
0.849463
0.847848
0.846054
0.844618
0.84519
0.834713
0.855149
0.570178
0.849049
0.905722
0.842767
0.850239
0.850838
0.854769
0.850359
0.850307
0.856524
0.850016
0.854117
0.846616
0.852808
0.847934
0.851875
0.81904
0.847192
0.848715
0.857014
0.846741
0.85293
0.851371
0.850396
0.852448
0.849378
0.845406
0.852757
0.851219
0.850767
0.85177
0.844315
0.851104
0.849572
0.847991
0.841414
0.850366
0.854705
0.852097
0.849566
0.851103
0.848443
0.848544
0.854186
0.856347
0.851842
0.84751
0.852359
0.857827
0.85491
0.853978
0.854078
0.852314
0.851451
0.847022
0.848228
0.854052
0.844171
0.845965
0.849067
0.848266
0.854107
0.844156
0.851871
0.844644
0.849938
0.856502
0.851686
0.853821
0.850501
0.839306
0.851737
0.617868
0.849162
0.852499
0.999115
0.845531
0.851422
0.851312
0.836795
0.850309
0.855678
0.850566
0.850636
0.847424
0.85477
0.847664
0.851539
0.852095
0.856016
0.846247
0.844577
0.847758
0.847977
0.854108
0.851458
0.852023
0.841463
0.853009
0.85817
0.849017
0.853587
0.85761
0.854088
0.839591
0.854851
0.853525
0.849596
0.857727
0.851382
0.843879
0.851998
0.848194
0.85095
0.857462
0.852772
0.838401
0.851678
0.848295
0.849421
0.851064
0.850573
0.845577
0.844803
0.846217
0.848684
0.848852
0.854075
0.853964
0.849186
0.850218
0.859952
0.843897
0.854741
0.855364
0.846707
0.852785
0.849911
0.853215
0.859215
0.848769
0.85026
0.850191
0.851027
0.847394
0.85279
0.853846
0.848526
0.848423
0.855779
0.852001
0.843013
0.848154
0.850083
0.84869
0.853139
0.840875
0.844392
0.849766
0.847593
0.848799
0.843116
0.844019
0.881003
0.850253
0.857411
0.850097
0.84364
0.851045
0.851398
0.845136
0.844791
0.852681
0.852095
0.85262
0.844533
0.848905
0.849178
0.852457
0.851197
0.852175
0.844407
0.854384
0.849876
0.846465
0.844815
0.85108
0.847955
0.855655
0.853828
0.86041
0.851476
0.854152
0.843786
0.851006
0.841456
0.84742
0.858188
0.84894
0.85124
0.852363
0.851327
0.855153
0.856699
0.853697
0.844692
0.850916
0.849952
0.844326
0.851297
0.850713
0.845246
0.852306
0.856705
0.844481
0.855581
0.852415
0.846233
0.849833
0.846959
0.854023
0.841462
0.847847
0.853831
0.854255
0.851098
0.850026
0.857923
0.848739
0.853786
0.849124
0.843023
0.844615
0.847507
0.851477
0.852773
0.851878
0.984043
0.847381
0.84429
0.850172
0.853292
0.856033
0.844712
0.848033
0.850605
0.847811
0.849058
0.852921
0.847509
0.84672
0.845656
0.845843
0.84262
0.850979
0.846552
0.854833
0.844461
0.850892
0.858451
0.937334
0.860002
0.814842
0.846925
0.853535
0.855018
0.850281
0.847342
0.855298
0.84837
0.848505
0.846287
0.851109
0.848362
0.849439
0.850252
0.849397
0.850825
0.85479
0.852074
0.849267
0.843634
0.848288
0.844439
0.847067
0.849222
0.852219
0.844259
0.850841
0.943669
0.856521
0.85185
0.86063
0.846983
0.850732
0.852871
0.848425
0.850286
0.853914
0.85214
0.847942
0.857242
0.851742
0.844186
0.859393
0.849973
0.851595
0.849314
0.848718
0.84533
0.861326
0.849679
0.853635
0.852058
0.850981
0.845977
0.852299
0.852599
0.846003
0.846369
0.844072
0.856094
1.03432e-05
0.854704
0.850051
0.850487
0.851644
0.843111
0.854996
0.850646
0.846387
0.853637
0.843042
0.857839
0.852292
0.854115
0.905617
0.855765
0.852169
0.851834
0.847414
0.848203
0.85589
0.848195
0.851966
0.848925
0.850423
0.853307
0.850421
0.851019
0.84551
0.850197
0.851754
0.836868
0.847855
0.846618
0.849067
0.855139
0.851277
0.851584
0.852224
0.851989
0.847198
0.848723
0.850684
0.849914
0.848938
0.848977
0.853947
0.850061
0.848346
0.849463
0.846322
0.846304
0.852674
0.850843
0.848858
0.852846
0.853351
0.847152
0.857223
0.844416
0.848919
0.855764
0.904201
0.846625
0.853096
0.849701
0.851018
0.850243
0.846623
0.987067
0.515984
0.852635
0.848802
0.856095
0.847963
0.845132
0.852123
0.84986
0.861974
0.851324
0.850418
0.847653
0.852702
0.963923
0.85148
0.855593
0.838637
0.846497
0.857344
0.851405
0.849869
0.841632
0.849553
0.857095
0.848038
0.848336
0.854905
0.846487
0.846299
0.501315
0.851241
0.841933
0.851143
0.851433
0.850507
0.835748
0.850329
0.857997
0.851392
0.844754
0.845789
0.848383
0.856915
0.851942
0.847448
0.85323
0.857644
0.859515
0.845305
0.851165
0.906637
0.849822
0.854594
0.845844
0.843475
0.850962
0.853668
0.849635
0.848939
0.85393
0.852937
0.703592
0.853745
0.848652
0.855426
0.849617
0.854555
0.847306
0.939712
0.855978
0.84699
0.845113
0.845513
0.843707
0.860099
0.8515
0.852694
0.850548
0.850164
0.843029
0.849435
0.843927
0.847645
0.84619
0.848286
0.855082
0.844718
0.855086
0.850517
0.853524
0.854869
0.850516
0.844199
0.904765
0.848151
0.847293
0.853583
0.845531
0.852082
0.848687
0.99055
0.846353
0.855695
0.854541
0.851625
0.855057
0.849748
0.849091
0.840582
0.850582
0.848658
0.844823
0.84939
0.853041
0.852979
0.855411
0.845787
0.854778
0.852104
0.850544
0.857664
0.844982
0.853777
0.845534
0.848287
0.852535
0.845585
0.854391
0.839445
0.85381
0.854262
0.853037
0.842388
0.851369
0.851288
0.850694
0.850888
0.850542
0.845712
0.857305
0.851584
0.852926
0.850034
0.849747
0.853269
0.844356
0.85558
0.851638
0.849646
0.85062
0.851279
0.854931
0.852241
0.847487
0.8543
0.849233
0.851222
0.848534
0.847428
0.849501
0.84681
0.855696
0.847124
0.843638
0.854449
0.851973
0.874586
0.847418
0.84364
0.851222
0.851402
0.861457
0.850299
0.85297
0.856867
0.845773
0.844084
0.848381
0.855432
0.847205
0.848936
0.851937
0.852224
0.851454
0.852472
0.849546
0.854957
0.846467
0.843935
0.860457
0.841901
0.846038
0.855006
0.846054
0.845366
0.846968
0.850317
0.852535
0.845049
0.85452
0.851379
0.847884
0.851155
0.840279
0.847752
0.847336
0.851015
0.856314
0.847373
0.855671
0.854516
0.848572
0.851206
0.849647
0.8542
0.847639
0.84994
0.855065
0.849733
0.848865
0.849782
0.847634
0.854181
0.840587
0.850108
0.855083
0.846454
0.853916
0.847062
0.856101
0.850644
0.843674
0.847189
0.850518
0.852063
0.982395
0.852331
0.847898
0.844324
0.853689
0.85104
0.850006
0.861538
0.852356
0.847392
0.840202
0.851562
0.850378
0.853837
0.847854
0.850308
0.850733
0.856694
0.848215
0.841678
0.841388
0.847443
0.855745
0.851909
0.84788
0.851105
0.847984
0.845071
0.846118
0.854414
0.844773
0.843877
0.854379
0.846061
0.853595
0.851334
0.851917
0.847983
0.842653
0.850062
0.842289
0.855616
0.855453
0.850979
0.85943
0.855698
0.84502
0.845528
0.992258
0.848094
0.850224
0.848832
0.84506
0.854315
0.848191
0.8484
0.845312
0.853208
0.84707
0.850716
0.850111
0.846348
0.85109
0.850784
0.851979
0.849564
0.846056
0.848346
0.846157
0.849221
0.855045
0.845203
0.848672
0.85097
0.845644
0.853735
0.856402
0.853206
0.849249
0.851091
0.846589
0.843212
0.855886
0.846821
0.850093
0.845124
0.850029
0.848142
0.857462
0.853761
0.851653
0.842617
0.852035
0.84942
0.852057
0.849823
0.849417
0.854532
0.848855
0.843991
0.848981
0.845766
0.843662
0.852317
0.851447
0.842987
0.846526
0.851836
0.848567
0.85502
0.849227
0.853031
0.848212
0.854302
0.857146
0.850954
0.855109
0.858285
0.842148
0.85332
0.852453
0.853623
0.842972
0.849687
0.848978
0.845452
0.848235
0.848625
0.848313
0.842575
0.844768
0.847353
0.850342
0.853218
0.843866
0.855093
0.851298
0.846203
0.85348
0.845045
0.847434
0.848842
0.853569
0.841894
0.85296
0.843473
0.843322
0.850124
0.854715
0.853428
0.847461
0.86123
0.844406
0.851304
0.845085
0.853754
0.851165
0.85093
0.851513
0.850146
0.848629
0.854057
0.841983
0.858207
0.84346
0.852497
0.842486
0.845884
0.85898
0.853535
0.858231
0.84979
0.842075
0.854034
0.846195
0.853295
0.853247
0.844881
0.852549
0.848458
0.855054
0.848917
0.853298
0.849977
0.8537
0.85113
0.850781
0.850461
0.844398
0.849138
0.84737
0.654274
0.852893
0.853427
0.851306
0.846067
0.853378
0.848778
0.857213
0.84395
0.848846
0.855135
0.854064
0.857651
0.844313
0.856422
0.849615
0.847677
0.848848
0.852222
0.846619
0.854238
0.848751
0.850635
0.84896
0.848754
0.840603
0.852366
0.852348
0.848814
0.853588
0.848687
0.848266
0.847442
0.849982
0.850799
0.85141
0.85463
0.859001
0.8427
0.844479
0.852061
0.859499
0.842314
0.851688
0.85192
0.848763
0.846613
0.851655
0.851037
0.856649
0.849921
0.848908
0.853849
0.854188
0.850181
0.855785
0.845707
0.852075
0.847413
0.850416
0.851575
0.855244
0.850767
0.848277
0.844177
0.843144
0.848966
0.848231
0.850626
0.85131
0.852595
0.845004
0.848973
0.850756
0.843884
0.85066
0.852675
0.845843
0.853378
0.854744
0.847015
0.731993
0.848291
0.851803
0.852072
0.848016
0.853931
0.846643
0.85201
0.844515
0.85267
0.851365
0.841409
0.845572
0.84605
0.843803
0.854383
0.855602
0.854578
0.8503
0.85796
0.84788
0.848983
0.852529
0.85494
0.844867
0.853971
0.85817
0.848289
0.85543
0.850419
0.85094
0.849893
0.860945
0.857886
0.846554
0.844599
0.847802
0.852307
0.848747
0.846014
0.851214
0.8445
0.850752
0.855371
0.855901
0.852364
0.854223
0.84229
0.849735
0.855759
0.853001
0.836586
0.845461
0.85004
0.846999
0.850894
0.856093
0.847087
0.850925
0.847819
0.851002
0.851077
0.852009
0.843909
0.849384
0.850225
0.852604
0.845675
0.854886
0.850624
0.849641
0.85215
0.842236
0.850893
0.853843
0.855387
0.855418
0.857218
0.848017
0.84871
0.861247
0.853829
0.847669
0.847545
0.852898
0.852855
0.8508
0.849067
0.848939
0.844721
0.850896
0.841399
0.852151
0.847841
0.856058
0.850049
0.853704
0.853734
0.852981
0.851961
0.849185
0.851277
0.850657
0.848502
0.848606
0.851383
0.850632
0.852405
0.850422
0.84647
0.856071
0.851161
0.851573
0.846355
0.843854
0.849785
0.852431
0.856655
0.8531
0.855383
0.854403
0.843967
0.848604
0.84606
0.854756
0.844407
0.859109
0.843619
0.852986
0.843952
0.845314
0.849296
0.854878
0.848678
0.855866
0.851602
0.851031
0.852631
0.847997
0.852146
0.846902
0.853372
0.843266
0.845136
0.845948
0.847557
0.979479
0.853791
0.8571
0.849703
0.849157
0.850021
0.849541
0.85562
0.85052
0.850756
0.845274
0.854036
0.846908
0.849734
0.848785
0.846327
0.847473
0.854994
0.853142
0.84726
0.846358
0.858846
0.842206
0.849972
0.851725
0.851811
0.85775
0.855984
0.850412
0.847503
0.855212
0.853618
0.848712
0.847691
0.855343
0.84631
0.848285
0.850167
0.853623
0.855793
0.853024
0.854533
0.849446
0.852752
0.853604
0.848555
0.85006
0.856735
0.843004
0.848145
0.85254
0.851789
0.855263
0.852906
0.844081
0.85238
0.84388
0.856417
0.847447
0.845201
0.843674
0.850844
0.848734
0.859498
0.856417
0.845289
0.84758
0.851239
0.857233
0.844208
0.850147
0.84817
0.843799
0.850895
0.850256
0.847543
0.853933
0.854505
0.851222
0.849295
0.851516
0.851282
0.849163
0.856193
0.852075
0.850818
0.85725
0.849299
0.858018
0.840992
0.857629
0.851157
0.85063
0.854419
0.84902
0.845307
0.851438
0.851406
0.851242
0.846692
0.840472
0.847676
0.8449
0.855067
0.849819
0.840051
0.847812
0.853526
0.849958
0.850899
0.844291
0.85335
0.847386
0.848547
0.859573
0.845283
0.848757
0.847835
0.850507
0.854449
0.858603
0.85855
0.847977
0.84666
0.844162
0.846985
0.853563
0.854133
0.841419
0.848354
0.850727
0.847668
0.853368
0.848182
0.857494
0.84765
0.85304
0.855175
0.85183
0.84751
0.853623
0.852579
0.849369
0.845451
0.845574
0.850111
0.853438
0.848749
0.850824
0.839267
0.850776
0.850623
0.85086
0.856274
0.852449
0.851823
0.847093
0.846469
0.848238
0.847686
0.853827
0.84903
0.848015
0.852779
0.853961
1
0.849285
0.847617
0.849077
0.858442
0.850614
0.846046
0.84802
0.85367
0.852969
0.848248
0.84927
0.909492
0.854674
0.842164
0.853702
0.846526
0.84866
0.847022
0.849375
0.849583
0.861004
0.851403
0.846527
0.851013
0.847906
0.859887
0.852719
0.852308
0.854727
0.846926
0.843974
0.843793
0.850871
0.850609
0.850071
0.854347
0.850556
0.853026
0.853327
0.970289
0.848117
0.84125
0.857045
0.846136
0.846997
0.855916
0.852958
0.84346
0.848304
0.794892
0.862163
0.84163
0.853372
0.852352
0.855468
0.857416
0.844849
0.844747
0.858925
0.848283
0.853292
0.855513
0.848126
0.851435
0.847672
0.856037
0.850586
0.852384
0.857872
0.839916
0.852228
0.847851
0.851411
0.995028
0.850598
0.854402
0.851046
0.854405
0.853618
0.847813
0.857343
0.853552
0.856532
0.844882
0.85936
0.848852
0.848472
0.851086
0.844557
0.855182
0.847708
0.853228
0.85742
0.847378
0.841529
0.850283
0.855593
0.847219
0.845571
0.847708
0.853209
0.847942
0.848125
0.845515
0.852128
0.847286
0.861543
0.851216
0.847593
0.845882
0.844939
0.851131
0.986616
0.851026
0.849459
0.852499
0.856474
0.848768
0.845762
0.847959
0.854123
0.846968
0.844782
0.851189
0.851153
0.850072
0.842363
0.840683
0.85055
0.854211
0.850079
0.852334
0.850874
0.848
0.842504
0.852377
0.847426
0.85092
0.855877
0.85089
0.843134
0.852207
0.850341
0.848978
0.848812
0.847985
0.847011
0.84815
0.847724
0.844766
0.85474
0.846433
0.850717
0.847043
0.848672
0.851976
0.857232
0.845381
0.85395
0.859042
0.846786
0.846437
0.854732
0.849731
0.847819
0.8492
0.849515
0.84777
0.855414
0.857957
0.851053
0.845937
0.906279
0.847963
0.858577
0.85228
0.853348
0.845275
0.848877
0.846061
0.853107
0.859908
0.855305
0.848613
0.847645
0.855179
0.852802
0.851174
0.850801
0.846679
0.847161
0.847346
0.843873
0.86009
0.854529
0.858125
0.85817
0.84759
0.848463
0.858001
0.85562
0.852231
0.852275
0.851879
0.852406
0.845892
0.848775
0.846658
0.848607
0.84795
0.853706
0.84577
0.850295
0.847059
0.844278
0.862209
0.851874
0.855294
0.845383
0.85426
0.846297
0.846955
0.846438
0.858305
0.853283
0.851665
0.854382
0.848242
0.848559
0.845884
0.854175
0.848186
0.848436
0.847792
0.851943
0.85394
0.85094
0.8444
0.842151
0.857923
0.850654
0.858992
0.848099
0.848081
0.849697
0.839344
0.846652
0.846757
0.857137
0.860522
0.85099
0.846974
0.854601
0.844783
0.845177
0.841422
0.853876
0.853011
0.852045
0.850879
0.848093
0.842031
0.853717
0.840862
0.845922
0.850698
0.8553
0.844429
0.853407
0.855897
0.858037
0.850268
0.853851
0.857313
0.853519
0.855867
0.850933
0.855907
0.847916
0.851108
0.852282
0.841521
0.85507
0.84743
0.855011
0.851685
0.846963
0.847086
0.848797
0.851661
0.846105
0.843713
0.852374
0.846018
0.851222
0.849627
0.85124
0.843574
0.851005
0.857471
0.847779
0.849477
0.857715
0.855054
0.852469
0.860774
0.85598
0.84638
0.847371
0.846754
0.856256
0.84428
0.854379
0.8532
0.853883
0.853722
0.851131
0.860319
0.849775
0.849392
0.845079
0.847471
0.850102
0.851044
0.849141
0.844733
0.852214
0.851881
0.850264
0.848272
0.854835
0.857016
0.851704
0.846191
0.843287
0.853433
0.851535
0.84998
0.852453
0.854758
0.848547
0.850141
0.850253
0.845837
0.849931
0.8552
0.843544
0.85762
0.848458
0.850673
0.852897
0.844752
0.853357
0.849608
0.857188
0.849963
0.847975
0.85362
0.855155
0.852512
0.852514
0.852785
0.851704
0.848762
0.849875
0.847246
0.858029
0.855749
0.853386
0.855277
0.849763
0.856328
0.842697
0.845708
0.847325
0.854489
0.850858
0.848534
0.84977
0.846828
0.849228
0.848255
0.849961
0.850059
0.846036
0.850534
0.84814
0.849572
0.851525
0.849741
0.846917
0.854274
0.849945
0.844521
0.858927
0.847616
0.851853
0.85066
0.850879
0.846941
0.798963
0.858541
0.852861
0.837045
0.846085
0.848164
0.845639
0.852759
0.770229
0.851269
0.846595
0.851658
0.850567
0.852519
0.854753
0.850547
0.848502
0.855781
0.851043
0.8472
0.847349
0.844023
0.851744
0.843288
0.847838
0.84041
0.85393
0.856128
0.849414
0.851582
0.854731
0.852519
0.850876
0.852633
0.850543
0.852862
0.857239
0.85182
0.852213
0.855246
0.844496
0.850314
0.852867
0.853658
0.853145
0.852528
0.851993
0.839359
0.857311
0.847897
0.854044
0.855007
0.997403
0.853159
0.853939
0.848403
0.847579
0.849169
0.850209
0.840507
0.84847
0.858019
0.848172
0.854136
0.849516
0.849438
0.853773
0.84967
0.845092
0.849756
0.84515
0.842425
0.8463
0.842855
0.843428
0.853115
0.849516
0.849932
0.849562
0.845642
0.999997
0.846668
0.852872
0.852065
0.843855
0.854333
0.848321
0.849483
0.854192
0.850532
0.846744
0.843666
0.855526
0.675569
0.843405
0.854573
0.848887
0.849506
0.851584
0.850423
0.852635
0.846119
0.855721
0.85502
0.846374
0.858179
0.851361
0.845853
0.850607
0.845918
0.844567
0.85433
0.852903
0.847339
0.84627
0.857717
0.858367
0.849418
0.852759
0.842707
0.851629
0.850813
0.848111
0.853922
0.851981
0.846299
0.84369
0.843434
0.853098
0.849969
0.852681
0.854291
0.844299
0.855415
0.84889
0.849399
0.838531
0.851031
0.858937
0.850695
0.847542
0.852028
0.85089
0.846873
0.848999
0.849432
0.850679
0.856614
0.846756
0.855164
0.850185
0.847271
0.851198
0.849083
0.850014
0.849532
0.842749
0.859209
0.855211
0.841674
0.854824
0.85548
0.846534
0.851529
0.855112
0.993955
0.849731
0.850655
0.844211
0.850374
0.846155
0.853717
0.852339
0.857062
0.861786
0.853484
0.85302
0.850408
0.847436
0.845399
0.851066
0.849222
0.844736
0.846217
0.844909
0.847393
0.851695
0.851565
0.856211
0.851538
0.85287
0.849662
0.853635
0.853277
0.85094
0.847121
0.859074
0.845622
0.849033
0.845837
0.850917
0.841933
0.850959
0.850912
0.855122
0.843397
0.913387
0.857018
0.846051
0.84618
0.840763
0.850701
0.852568
0.850864
0.845817
0.843084
0.849636
0.850334
0.848391
0.83666
0.848456
0.84877
0.859933
0.845344
0.851625
0.852639
0.999984
0.850444
0.848547
0.849996
0.853943
0.84924
0.844189
0.851124
0.845879
0.854255
0.855511
0.849024
0.852123
0.853775
0.849685
0.850365
0.855289
0.845626
0.846129
0.85109
0.848531
0.852947
0.846803
0.851941
0.84631
0.849007
0.843557
0.852457
0.851741
0.847062
0.847423
0.849782
0.856794
0.846093
0.845849
0.853421
0.8469
0.855779
0.851928
0.851126
0.846064
0.841017
0.854967
0.850905
0.850069
0.856726
0.851336
0.849726
0.847944
0.853723
0.853896
0.853884
0.855033
0.854827
0.842497
0.855452
0.849699
0.852446
0.845453
0.851826
0.846682
0.84777
0.847561
0.847556
0.854757
0.849277
0.853043
0.844759
0.843653
0.842535
0.853743
0.846818
0.850984
0.84517
0.844335
0.851434
0.848999
0.848745
0.846644
0.845947
0.84844
0.855314
0.8527
0.856137
0.856022
0.86164
0.854003
0.855582
0.851144
0.846738
0.961376
0.847067
0.849761
0.846777
0.852432
0.851502
0.849659
0.851575
0.851344
0.84537
0.850428
0.850451
0.848469
0.852817
0.855266
0.846235
0.780774
0.851853
0.853345
0.843498
0.85236
0.85123
0.845065
0.848008
0.84902
0.844819
0.850203
0.849163
0.849133
0.856299
0.847349
0.862633
0.846585
0.847379
0.843015
0.852064
0.855239
0.850829
0.853515
0.848522
0.846283
0.844447
0.849165
0.849534
0.849999
0.847942
0.852258
0.849005
0.845183
0.844225
0.850804
0.840583
0.84904
0.850328
0.844096
0.8465
0.85392
0.849166
0.849272
0.851841
0.848892
0.843888
0.856611
0.848873
0.845255
0.843102
0.849193
0.852245
0.861262
0.849506
0.855959
0.850114
0.86105
0.853436
0.852315
0.845717
0.85217
0.851525
0.854318
0.851939
0.853128
0.852493
0.850688
0.846724
0.850759
0.853898
0.854185
0.851782
0.848545
0.851459
0.852006
0.847638
0.85848
0.851846
0.841777
0.852898
0.84413
0.844387
0.852412
0.844856
0.846552
0.849125
0.855689
0.845324
0.845071
0.850899
0.853349
0.841063
0.854167
0.848247
0.853301
0.840856
0.848536
0.852155
0.847484
0.848086
0.852144
0.851783
0.848876
0.847905
0.84819
0.848762
0.858584
0.848154
0.85141
0.857721
0.8523
0.847872
0.8485
0.851027
0.859792
0.840973
0.855811
0.845173
0.842885
0.843482
0.852338
0.853034
0.778544
0.850849
0.846528
0.850858
0.860606
0.845497
0.839152
0.85684
0.84927
0.846846
0.851997
0.84988
0.857216
0.856596
0.852924
0.844695
0.855215
0.850284
0.853885
0.853167
0.85245
0.847096
0.856489
0.853105
0.846533
0.84493
0.8559
0.846401
0.8511
0.854177
0.844501
0.852574
0.857526
0.847205
0.851027
0.857972
0.852413
0.85028
0.848642
0.852237
0.855893
0.847002
0.853692
0.851856
0.848663
0.764406
0.851264
0.849539
0.840211
0.842401
0.851115
0.854076
0.850399
0.851289
0.849893
0.847816
0.850912
0.848573
0.846392
0.847486
0.842671
0.849431
0.850551
0.846571
0.853778
0.849534
0.852838
0.849611
0.84811
0.852192
0.847992
0.85512
0.848209
0.84202
0.843582
0.85065
0.853514
0.849576
0.849641
0.854575
0.848693
0.845331
0.851419
0.854657
0.850178
0.854732
0.851445
0.851453
0.842086
0.846689
0.844349
0.855976
0.843836
0.854792
0.840125
0.851772
0.843417
0.854547
0.853119
0.84717
0.854519
0.854439
0.85163
0.840161
0.850036
0.851932
0.856231
0.85679
0.849756
0.854041
0.843723
0.853563
0.850791
0.853666
0.84893
0.858729
0.861034
0.854501
0.858755
0.850028
0.847889
0.850029
0.844466
0.850794
0.843529
0.845542
0.939078
0.848969
0.849996
0.854454
0.839888
0.847777
0.846305
0.849885
0.851232
0.847042
0.853799
0.852377
0.852862
0.853303
0.858176
0.854845
0.855356
0.849993
0.85057
0.845671
0.852078
0.845076
0.850801
0.852104
0.843466
0.841056
0.851175
0.835215
0.854019
0.976702
0.854224
0.846389
0.849964
0.875346
0.849761
0.853867
0.855833
0.841957
0.84451
0.847005
0.851317
0.846091
0.85622
0.854484
0.849073
0.850999
0.844225
0.851845
0.857251
0.848809
0.847933
0.844223
0.850034
0.844768
0.854429
0.851826
0.848835
0.852476
0.847221
0.853192
0.850204
0.847506
0.851428
0.853772
0.859662
0.845152
0.860736
0.849584
0.849149
0.856224
0.847676
0.843451
0.854658
0.848269
0.842656
0.849428
0.853008
0.85419
0.854184
0.841646
0.843129
0.845435
0.843015
0.859702
0.850492
0.857562
0.851301
0.843622
0.843234
0.846705
0.848737
0.84742
0.857159
0.856387
0.848511
0.845405
0.850019
0.850928
0.852285
0.85136
0.847032
0.845903
0.846656
0.84974
0.853606
0.851035
0.853559
0.852905
0.848854
0.851539
0.849293
0.849739
0.846822
0.842867
0.850248
0.847188
0.850507
0.848798
0.851679
0.850581
0.851106
0.858482
0.852621
0.855825
0.854627
0.843584
0.853725
0.853137
0.844404
0.848466
0.84508
0.854328
0.848832
0.84574
0.854656
0.849418
0.848977
0.841553
0.852677
0.857806
0.854862
0.844079
0.848587
0.844437
0.853995
0.859485
0.849505
0.853798
0.850797
0.846008
0.856784
0.845542
0.845927
0.843535
0.84914
0.852612
0.850235
0.854762
0.847433
0.849016
0.852711
0.84989
0.851691
0.853807
0.845798
0.853096
0.854208
0.84535
0.850364
0.845019
0.854124
0.842754
0.841828
0.855665
0.846804
0.85608
0.85477
0.847322
0.847366
0.853715
0.857574
0.850648
0.858147
0.849249
0.855124
0.842037
0.853559
0.84969
0.853947
0.842671
0.846652
0.847796
0.854398
0.85268
0.852869
0.850262
0.846937
0.85097
0.854218
0.856451
0.85602
0.855247
0.853794
0.842146
0.985542
0.844864
0.847316
0.846347
0.857135
0.848333
0.848474
0.843932
0.848896
0.854824
0.848297
0.848974
0.853725
0.848067
0.842842
0.845529
0.850492
0.857168
0.852225
0.859659
0.854877
0.854041
0.841294
0.851356
0.85048
0.846043
0.849429
0.854646
0.848258
0.841498
0.856002
0.845987
0.8554
0.852083
0.844591
0.843228
0.855056
0.844254
0.846996
0.8449
0.84052
0.854237
0.859047
0.845337
0.849364
0.850603
0.855917
0.848733
0.851823
0.854628
0.8465
0.849856
0.84451
0.846906
0.850401
0.850802
0.844783
0.853656
0.844869
0.85115
0.849593
0.844428
0.851739
0.849731
0.848105
0.845275
0.84498
0.849784
0.860661
0.855773
0.839743
0.862795
0.853163
0.847363
0.848977
0.858769
0.846556
0.854497
0.858906
0.851828
0.852088
0.842403
0.850027
0.846937
0.844021
0.848585
0.849636
0.846623
0.848514
0.832718
0.849696
0.853287
0.858656
0.845451
0.851168
0.844551
0.845187
0.851845
0.849828
0.840166
0.852819
0.848543
0.860215
0.853092
0.851498
0.847677
0.860544
0.843004
0.857672
0.852737
0.855372
0.849968
0.847207
0.842217
0.84349
0.848546
0.848078
0.84287
0.854876
0.418013
0.851082
0.854383
0.842755
0.853923
0.85096
0.842563
0.841084
0.850789
0.848029
0.847941
0.84047
0.847482
0.849968
0.846913
0.849893
0.845695
0.852686
0.856354
0.858949
0.858084
0.844493
0.85524
0.860564
0.861169
0.846077
0.851039
0.847669
0.850407
0.843657
0.847967
0.837779
0.84312
0.852064
0.850826
0.852428
0.855668
0.853702
0.85243
0.855825
0.843988
0.85004
0.849845
0.842719
0.857386
0.848627
0.851944
0.851914
0.850279
0.850135
0.849883
0.847869
0.85338
0.844456
0.854506
0.854678
0.857911
0.850325
0.853093
0.852829
0.848667
0.862597
0.855161
0.849149
0.846649
0.845477
0.855354
0.85476
0.853224
0.850908
0.848605
0.857452
0.847486
0.854178
0.852068
0.848009
0.844238
0.854201
0.850851
0.842388
0.847778
0.849045
0.84826
0.849104
0.851715
0.849668
0.844401
0.844939
0.850079
0.844174
0.849932
0.848884
0.848126
0.905097
0.847251
0.854248
0.853213
0.851262
0.852569
0.840652
0.848683
0.847809
0.84911
0.851266
0.851107
0.857222
0.846697
0.854845
0.849053
0.843796
0.852445
0.857553
0.857763
0.854522
0.856919
0.848182
0.852371
0.845608
0.84845
0.84986
0.842899
0.852852
0.851913
0.857821
0.848825
0.856791
0.844985
0.848215
0.850666
0.844624
0.856719
0.858341
0.851106
0.8483
0.845486
0.84831
0.846043
0.852992
0.84729
0.847926
0.850282
0.849503
0.848628
0.852067
0.846806
0.855838
0.85779
0.851941
0.855323
0.878162
0.849488
0.846053
0.84503
0.853274
0.849132
0.845644
0.84694
0.846154
0.852208
0.846211
0.8511
0.846962
0.839365
0.848799
0.850564
0.848774
0.852465
0.847629
0.840222
0.843258
0.84939
0.849791
0.85175
0.852116
0.846284
0.847781
0.853685
0.846896
0.849336
0.851165
0.845945
0.851162
0.854068
0.855301
0.856915
0.852265
0.856815
0.850081
0.842782
0.848289
0.844317
0.850492
0.848614
0.851338
0.851766
0.841507
0.846762
0.839917
0.84548
0.851188
0.849904
0.847695
0.852385
0.842926
0.843229
0.847439
0.849232
0.849971
0.852901
0.844793
0.854683
0.844193
0.846796
0.843276
0.855076
0.843554
0.853439
0.529936
0.845991
0.852139
0.853249
0.844923
0.854762
0.852713
0.849531
0.847766
0.857843
0.846613
0.846874
0.844054
0.848373
0.852888
0.849596
0.849959
0.849965
0.850483
0.850723
0.857119
0.860535
0.858367
0.85622
0.848118
0.848945
0.841237
0.851571
0.852599
0.849572
0.851112
0.848401
0.841201
0.843616
0.848441
0.854337
0.858833
0.848809
0.85352
0.849748
0.847492
0.857626
0.842331
0.849942
0.849165
0.841972
0.851769
0.848469
0.858718
0.852603
0.841841
0.853302
0.852581
0.848567
0.851845
0.848254
0.847573
0.847754
0.849572
0.860144
0.847722
0.855206
0.851342
0.854488
0.850296
0.852364
0.844421
0.848041
0.861004
0.846395
0.848345
0.853411
0.842736
0.852983
0.857013
0.856704
0.852797
0.852298
0.847285
0.847633
0.855382
0.841229
0.852729
0.844882
0.850923
0.856767
0.849813
0.849966
0.844888
0.855919
0.854522
0.85389
0.84984
0.852843
0.848458
0.851264
0.851199
0.854327
0.846964
0.842504
0.848398
0.848918
0.844874
0.841277
0.850194
0.849639
0.855953
0.849988
0.851378
0.852875
0.850859
0.848218
0.852754
0.844769
0.854309
0.852626
0.851929
0.852584
0.851835
0.851561
0.847556
0.847407
0.848039
0.849789
0.858677
0.848432
0.850538
0.854849
0.853551
0.846478
0.855851
0.844072
0.852268
0.857268
0.845819
0.842912
0.853329
0.859449
0.846442
0.858638
0.8534
0.846927
0.85419
0.845867
0.844011
0.848526
0.845337
0.851291
0.843299
0.847454
0.852274
0.850134
0.854187
0.854681
0.853922
0.846134
0.840202
0.846121
0.855678
0.848344
0.845983
0.851343
0.852474
0.851994
0.851241
0.858941
0.853662
0.854849
0.842919
0.842906
0.842157
0.847804
0.851627
0.850962
0.854748
0.851961
0.856147
0.853635
0.854163
0.846864
0.856554
0.857803
0.849372
0.848929
0.850752
0.858723
0.842511
0.846398
0.845756
0.853215
0.856131
0.855982
0.858767
0.853461
0.849165
0.852165
0.849029
0.843541
0.845129
0.852352
0.846775
0.846681
0.84815
0.849985
0.849057
0.846853
0.846955
0.849624
0.85702
0.846741
0.855846
0.848396
0.847936
0.845411
0.853736
0.851809
0.845669
0.839495
0.845122
0.891896
0.848556
0.854501
0.848086
0.850085
0.855483
0.854519
0.852847
0.861348
0.850009
0.84847
0.85174
0.849417
0.848227
0.85088
0.85341
0.849838
0.843029
0.850871
0.852644
0.859194
0.845564
0.855479
0.848486
0.857861
0.853485
0.853521
0.845261
0.848122
0.853087
0.84749
0.843479
0.851219
0.847671
0.852682
0.846935
0.850086
0.854262
0.858969
0.856768
0.845203
0.849738
0.853328
0.849251
0.847767
0.842622
0.849901
0.848943
0.852428
0.845911
0.849188
0.847821
0.859559
0.843784
0.859588
0.847482
0.852853
0.84921
0.846015
0.840073
0.843972
0.843855
0.85057
0.851379
0.846151
0.850638
0.853033
0.850476
0.852164
0.882547
0.845975
0.841286
0.84795
0.851153
0.852158
0.858
0.85787
0.852242
0.851773
0.845622
0.772239
0.849839
0.848207
0.85525
0.851667
0.851365
0.839719
0.841519
0.844545
0.848363
0.850015
0.857252
0.852485
0.854658
0.85059
0.855031
0.862918
0.848492
0.849111
0.850835
0.852646
0.845639
0.849431
0.849198
0.844517
0.851393
0.840097
0.847028
0.852825
0.844808
0.847017
0.848452
0.846668
0.844309
0.853745
0.8554
0.843504
0.847833
0.85109
0.855336
0.846391
0.851099
0.856258
0.852797
0.846365
0.843637
0.852337
0.849204
0.847672
0.850563
0.848711
0.843221
0.857384
0.851375
0.841937
0.843563
0.848497
0.845356
0.85514
0.848505
0.844024
0.84674
0.84333
0.853527
0.844411
0.844669
0.849257
0.852628
0.848614
0.841897
0.847263
0.853125
0.843845
0.847937
0.849886
0.854507
0.846924
0.855718
0.852249
0.847842
0.855527
0.846492
0.846184
0.852508
0.855658
0.843392
0.849566
0.853403
0.849824
0.854544
0.854595
0.850718
0.838774
0.853704
0.847324
0.850335
0.857792
0.842251
0.84861
0.851626
0.851385
0.851782
0.845329
0.842391
0.8484
0.848046
0.844198
0.853889
0.851436
0.848934
0.850745
0.837687
0.857645
0.847884
0.848954
0.846567
0.848407
0.84993
0.841725
0.852359
0.854452
0.848105
0.847296
0.845241
0.843058
0.855465
0.859403
0.85539
0.850504
0.852348
0.847812
0.855811
0.842009
0.853559
0.844021
0.859345
0.843471
0.850945
0.848678
0.852173
0.849316
0.856604
0.85187
0.844857
0.853157
0.848723
0.846444
0.845771
0.854188
0.857106
0.849351
0.852423
0.849957
0.855938
0.850895
0.852087
0.850409
0.853211
0.856004
0.856622
0.851093
0.839561
0.851505
0.841633
0.849533
0.851486
0.8643
0.846263
0.855428
0.851061
0.850432
0.854424
0.847843
0.849627
0.849763
0.848522
0.841438
0.849127
0.857748
0.85486
0.84137
0.857834
0.849429
0.85108
0.851002
0.852418
0.853184
0.840479
0.8508
0.851296
0.852185
0.850054
0.853152
0.850356
0.85406
0.849251
0.858496
0.856769
0.848482
0.848031
0.84841
0.847241
0.851354
0.84398
0.853128
0.848907
0.847994
0.846079
0.848546
0.848203
0.852424
0.851832
0.853776
0.848565
0.856884
0.850267
0.847316
0.846703
0.85079
0.847112
0.848051
0.852919
0.845972
0.851934
0.860214
0.85625
0.843562
0.858861
0.847416
0.845044
0.855934
0.850446
0.847659
0.851114
0.858979
0.859761
0.851489
0.85163
0.845578
0.847791
0.851744
0.845828
0.857445
0.849268
0.840865
0.847388
0.852123
0.849579
0.851368
0.847965
0.843221
0.854833
0.847478
0.842533
0.847104
0.855945
0.844108
0.849109
0.844551
0.846753
0.848705
0.849333
0.854625
0.849184
0.852847
0.850867
0.840165
0.851301
0.8515
0.85585
0.851782
0.846813
0.844819
0.849699
0.851475
0.851639
0.851939
0.853299
0.846449
0.849974
0.853882
0.856317
0.85117
0.847162
0.853632
0.860048
0.860626
0.848886
0.845951
0.843724
0.849426
0.843472
0.855748
0.860299
0.85649
0.851824
0.846834
0.847535
0.84731
0.850235
0.846951
0.853243
0.852567
0.847763
0.854185
0.842082
0.851107
0.854618
0.849424
0.845526
0.850621
0.855386
0.849872
0.852817
0.84997
0.850591
0.852105
0.856457
0.854245
0.855486
0.968166
0.852108
0.854224
0.84994
0.853613
0.853404
0.850626
0.848392
0.842573
0.850312
0.849387
0.84846
0.848917
0.851019
0.846832
0.854745
0.852237
0.853269
0.842864
0.849269
0.952313
0.847596
0.846548
0.84443
0.847673
0.853649
0.845465
0.851236
0.854925
0.852284
0.850803
0.849246
0.85001
0.853288
0.85553
0.850648
0.850526
0.845755
0.840863
0.852066
0.849547
0.861831
0.855404
0.849737
0.848089
0.854331
0.847952
0.85267
0.850341
0.850284
0.847479
0.849309
0.842536
0.856408
0.853563
0.857085
0.848367
0.85714
0.858087
0.851856
0.858198
0.850976
0.849937
0.852073
0.844959
0.843177
0.854023
0.847062
0.856934
0.843435
0.848909
0.846745
0.852938
0.853073
0.853766
0.84912
0.850899
0.850605
0.84616
0.842521
0.852949
0.848871
0.845018
0.851261
0.849476
0.909543
0.847193
0.846992
0.85622
0.849351
0.851352
0.857784
0.849342
0.85525
0.851996
0.853455
0.847665
0.846138
0.848072
0.85118
0.850889
0.841936
0.854853
0.857133
0.849528
0.852871
0.852617
0.855063
0.850891
0.855776
0.855448
0.849105
0.852356
0.846888
0.851098
0.847461
0.849439
0.851459
0.848339
0.850908
0.858745
0.853484
0.853786
0.853562
0.852908
0.852912
0.852196
0.846094
0.841179
0.850538
0.851774
0.842297
0.861213
0.855285
0.856125
0.940618
0.843493
0.852749
0.849829
0.847594
0.846927
0.851843
0.848861
0.854554
0.850252
0.853833
0.849757
0.851534
0.847958
0.844853
0.852984
0.849762
0.840602
0.842198
0.848321
0.851317
0.854591
0.845167
0.848102
0.910781
0.853124
0.853475
0.851849
0.842914
0.8444
0.84664
0.844191
0.918886
0.853047
0.847203
0.844975
0.992652
0.84575
0.852547
0.851919
0.850263
0.855194
0.854229
0.844555
0.852927
0.846233
0.845493
0.848291
0.842583
0.860713
0.852614
0.856683
0.852952
0.850086
0.856428
0.845515
0.848096
0.847246
0.85133
0.848363
0.852685
0.849261
0.845806
0.843981
0.851163
0.857584
0.857396
0.861889
0.84758
0.84419
0.841754
0.852199
0.8541
0.850669
0.843752
0.846892
0.852492
0.855075
0.85326
0.847656
0.852662
0.846488
0.854666
0.854171
0.853262
0.846854
0.857393
0.852662
0.84613
0.84691
0.844247
0.853494
0.850608
0.855637
0.857119
0.846099
0.995691
0.852525
0.861223
0.850262
0.850448
0.853495
0.84951
0.85477
0.844969
0.854773
0.843802
0.846399
0.845112
0.854132
0.857238
0.848963
0.848579
0.849583
0.852304
0.851537
0.850267
0.849054
0.849975
0.855846
0.850012
0.848524
0.843278
0.846102
0.851952
0.849975
0.858226
0.854433
0.843926
0.85845
0.999967
0.85115
0.849944
0.843573
0.838811
0.850202
0.84676
0.842594
0.846647
0.847353
0.856896
0.851838
0.849374
0.847067
0.850449
0.851365
0.858013
0.850822
0.846444
0.851588
0.845115
0.848828
0.848907
0.847752
0.850975
0.853593
0.851806
0.846221
0.847382
0.843813
0.852782
0.845517
0.849307
0.84469
5.81951e-12
0.851904
0.849196
0.852213
0.854152
0.846702
0.845004
0.846318
0.856382
0.849694
0.850539
0.849887
0.844454
0.852573
0.843691
0.848947
0.845872
0.850261
0.853525
0.851401
0.855062
0.847164
0.851188
0.847952
0.853897
0.841244
0.851284
0.97488
0.849783
0.83999
0.853339
0.849696
0.849771
0.850421
0.847462
0.850274
0.848235
0.853669
0.852959
0.848492
0.917354
0.850555
0.842397
0.84915
0.849483
0.850479
0.853401
0.851672
0.851926
0.850339
0.848785
0.84523
0.850606
0.851498
0.847239
0.844364
0.84818
0.849658
0.851571
0.849807
0.845084
0.856146
0.844463
0.846719
0.849616
0.851335
0.851338
0.854113
0.853044
0.851047
0.234115
0.845283
0.854796
0.849876
0.856236
0.852163
0.856016
0.850551
0.854951
0.843246
0.855234
0.849276
0.845322
0.842342
0.849512
0.855074
0.850083
0.858199
0.851956
0.848549
0.850856
0.852208
0.956715
0.851787
0.842913
0.848318
0.845429
0.852322
0.858909
0.853408
0.855455
0.848783
0.849399
0.843155
0.852465
0.854564
0.851467
0.85616
0.848537
0.849179
0.852244
0.909715
0.852709
0.848059
0.854352
0.855321
0.856704
0.849763
0.847868
0.840054
0.849514
0.847848
0.85276
0.845562
0.851786
0.856719
0.85983
0.848904
0.853007
0.849428
0.841258
0.846274
0.853352
0.85555
0.837678
0.854037
0.854701
0.854037
0.848752
0.849014
0.852428
0.843734
0.848611
0.840071
0.854441
0.851872
0.843825
0.861425
0.846874
0.845699
0.844518
0.849918
0.855997
0.844382
0.852578
0.849742
0.847297
0.854602
0.853612
0.851519
0.849271
0.849268
0.850013
0.851353
0.849743
0.854455
0.847208
0.853271
0.855049
0.843545
0.850996
0.851982
0.848053
0.846729
0.854977
0.846031
0.851962
0.848227
0.847034
0.851825
0.854563
0.853932
0.845761
0.850064
0.851589
0.847562
0.846326
0.84865
0.852317
0.851168
0.850753
0.847125
0.845314
0.849931
0.847012
0.911432
0.849915
0.853256
0.849633
0.845963
0.845517
0.844391
0.854771
0.849025
0.848086
0.847943
0.850297
0.542894
0.8376
0.857962
0.853835
0.846077
0.848464
0.851576
0.846455
0.846146
0.843918
0.847069
0.846786
0.851755
0.850656
0.854557
0.847801
0.84094
0.845818
0.847846
0.851447
0.84829
0.852935
0.845348
0.853111
0.853126
0.848193
0.848987
0.854792
0.851116
0.846377
0.857729
0.856165
0.843701
0.851837
0.841973
0.849326
0.848832
0.847866
0.841288
0.851044
0.858488
0.844143
0.84335
0.843484
0.850428
0.853075
0.853121
0.855965
0.851975
0.85969
0.847976
0.837443
0.851296
0.851329
0.846534
0.842555
0.847341
0.843682
0.842942
0.847807
0.845558
0.841085
0.847137
0.849074
0.847367
0.844621
0.849236
0.85308
0.885913
0.848038
0.861943
0.841406
0.85107
0.846096
0.847789
0.847221
0.846999
0.848646
0.847399
0.844441
0.846127
0.852227
0.848813
0.85602
0.84816
0.846048
0.850409
0.848822
0.852888
0.844706
0.848441
0.854501
0.849314
0.845857
0.844308
0.851891
0.859202
0.848346
0.847318
0.848354
0.852767
0.838273
0.857742
0.844915
0.847927
0.851812
0.848863
0.857172
0.849612
0.840525
0.848281
0.847514
0.845844
0.843997
0.848873
0.851443
0.856288
0.842181
0.847308
0.856029
0.853758
0.847508
0.852054
0.855358
0.846164
0.84326
0.855785
0.843718
0.852452
0.846291
0.846223
0.852868
0.852964
0.847315
0.850504
0.85658
0.851433
0.845991
0.860114
0.848377
0.848846
0.846339
0.848597
0.856868
0.84836
0.852867
0.856184
0.848027
0.852072
0.857454
0.850347
0.84481
0.853743
0.854295
0.851598
0.0164786
0.858673
0.853192
0.847521
0.857335
0.853439
0.850828
0.849147
0.848905
0.850766
0.991108
0.855614
0.847137
0.842674
0.847662
0.858539
0.820371
0.845189
0.847485
0.858219
0.845197
0.855912
0.849753
0.851323
0.846672
0.845091
0.952345
0.849622
0.85101
0.852084
0.848631
0.858491
0.847473
0.848917
0.846932
0.853115
0.854315
0.846647
0.842839
0.852453
0.85108
0.844591
0.856378
0.850013
0.846649
0.848943
0.980851
0.84962
0.855637
0.855286
0.847601
0.855622
0.852318
0.851368
0.856165
0.839367
0.847655
0.847768
0.84667
0.711523
0.848541
0.855508
0.846953
0.851641
0.850142
0.854483
0.848396
0.847728
0.84975
0.849009
0.856516
0.853523
0.858079
0.845674
0.850837
0.855466
0.851949
0.683162
0.854962
0.844161
0.853212
0.846713
0.856535
0.853834
0.852401
0.846955
0.843533
0.849693
0.853594
0.853143
0.84661
0.851573
0.853721
0.846644
0.850772
0.85242
0.846415
0.854189
0.857492
0.850926
0.850815
0.85186
0.850344
0.851587
0.851667
0.851881
0.840947
0.850127
0.846537
0.843781
0.845365
0.859838
0.853201
0.847015
0.846702
0.845032
0.846658
0.850952
0.8493
0.844437
0.850309
0.84494
0.853093
0.849686
0.847409
0.847181
0.850421
0.852449
0.857538
0.85503
0.848743
0.846677
0.846303
0.8527
0.855546
0.855009
0.849645
0.854666
0.857063
0.851608
0.855736
0.852697
0.846212
0.852584
0.849031
0.849974
0.850297
0.861499
0.849206
0.850498
0.848449
0.848232
0.847028
0.84876
0.855128
0.843847
0.850453
0.850676
0.294588
0.860345
0.849845
0.853005
0.850836
0.853311
0.846604
0.857672
0.853143
0.850355
0.849611
0.849911
0.854708
0.85074
0.851238
0.852083
0.859619
0.846266
0.853867
0.8436
0.843157
0.84127
0.846849
0.852489
0.852287
0.844133
0.856026
0.845331
0.850723
0.852205
0.999096
0.855569
0.847449
0.856895
0.854167
0.84981
0.841136
0.855322
0.857391
0.845742
0.847523
0.851553
0.854893
0.848905
0.854715
0.852849
0.857049
0.856812
0.849651
0.841222
0.853297
0.850436
0.853821
0.843783
0.849308
0.848644
0.850281
0.845026
0.854121
0.848199
0.85074
0.854534
0.842388
0.86054
0.847054
0.849663
0.847715
0.852081
0.852976
0.850808
0.836031
0.84754
0.843765
0.852147
0.847892
0.852318
0.853601
0.851437
0.852359
0.847742
0.845961
0.84802
0.854208
0.854368
0.850648
0.847568
0.847558
0.854255
0.839979
0.843003
0.853137
0.851952
0.997855
0.849253
0.85012
0.849917
0.851208
0.847742
0.848623
0.849303
0.851722
0.85098
0.844939
0.852497
0.852377
0.849879
0.854637
0.855075
0.845769
0.849396
0.849202
0.905864
0.854742
0.856388
0.843722
0.853321
0.854016
0.849393
0.843046
0.851836
0.852568
0.855658
0.849143
0.849613
0.846321
0.846069
0.8493
0.848121
0.852053
0.846747
0.847516
0.85373
0.846968
0.851349
0.84753
0.849295
0.846982
0.85597
0.847704
0.853272
0.84413
0.841788
0.853872
0.851331
0.848033
0.849785
0.855908
0.849289
0.8565
0.856067
0.850071
0.854192
0.847005
0.851144
0.849398
0.854927
0.848095
0.860258
0.854878
0.852795
0.851924
0.847401
0.857184
0.853394
0.847803
0.849902
0.841754
0.845109
0.848
0.855903
0.848105
0.84367
0.853199
0.841401
0.853084
0.852307
0.838384
0.854627
0.848901
0.85126
0.850302
0.852016
0.849832
0.848812
0.84213
0.850715
0.844036
0.83958
0.851914
0.848513
0.847957
0.853849
0.849012
0.851241
0.856758
0.856727
0.85627
0.849411
0.842235
0.850512
0.993405
0.850113
0.849565
0.85005
0.844685
0.849076
0.840686
0.853209
0.852638
0.848892
0.848805
0.842641
0.850862
0.85689
0.848317
0.854939
0.853025
0.855267
0.851196
0.85526
0.849135
0.846035
0.853835
0.848575
0.8461
0.84449
0.852315
0.849253
0.850835
0.85215
0.849832
0.856442
0.851316
0.848576
0.854595
0.858599
0.843373
0.853579
0.853217
0.844323
0.855879
0.841674
0.851854
0.846835
0.858414
0.853756
0.856609
0.846484
0.862176
0.848888
0.995539
0.849645
0.855404
0.854463
0.846922
0.843286
0.999985
0.84954
0.847293
0.846138
0.855497
0.839693
0.854053
0.850549
0.852301
0.85545
0.860194
0.849918
0.841647
0.849628
0.850118
0.846991
0.849894
0.848528
0.851294
0.854729
0.845719
0.852236
0.848058
0.844241
0.853125
0.845786
0.845334
0.853099
0.85434
0.846897
0.85249
0.850823
0.850217
0.85051
0.852232
0.846904
0.845946
0.850754
0.847661
0.850664
0.851977
0.852319
0.853789
0.840462
0.854661
0.850618
0.845676
0.847862
0.850903
0.850273
0.844709
0.851474
0.851139
0.85294
0.852429
0.850943
0.843942
0.848633
0.844391
0.851094
0.855302
0.845284
0.842762
0.852059
0.841688
0.844193
0.902803
0.853533
0.857224
0.860657
0.848095
0.854585
0.850884
0.847494
0.852447
0.851805
0.842466
0.843737
0.85738
0.850494
0.85137
0.847173
0.845836
0.85266
0.847822
0.856199
0.84618
0.852896
0.850743
0.840281
0.852373
0.846853
0.845111
0.846814
0.85383
0.852311
0.856307
0.850521
0.843851
0.847678
0.85111
0.847231
0.848056
0.8532
0.849917
0.85148
0.852568
0.848041
0.849305
0.852393
0.849164
0.848052
0.851455
0.859131
0.848071
0.857479
0.852204
0.847837
0.850703
0.850727
0.85084
0.845488
0.855434
0.909577
0.848688
0.857533
0.852768
0.845091
0.852764
0.846197
0.850317
0.853417
0.85178
0.843148
0.85986
0.850636
0.853271
0.847571
0.847597
0.850202
0.853476
0.8528
0.854601
0.849848
0.854871
0.846479
0.844832
0.85405
0.842669
0.84855
0.854313
0.848879
0.84954
0.849859
0.850708
0.85002
0.850687
0.845474
0.84496
0.845105
0.851538
0.853721
0.848881
0.83531
0.84779
0.845357
0.854532
0.845472
0.848564
0.846872
0.855325
0.851872
0.848207
0.906919
0.849381
0.84564
0.859173
0.851054
0.848507
0.851094
0.854448
0.843171
0.853655
0.852452
0.845986
0.847247
0.84943
0.852664
0.849931
0.846283
0.852312
0.849787
0.852014
0.855262
0.84509
0.850461
0.84674
0.852776
0.849603
0.846854
0.856564
0.858866
0.855744
0.85427
0.845776
0.852082
0.847001
0.848947
0.848678
0.849879
0.848657
0.85041
0.852161
0.841016
0.845842
0.858809
0.855786
0.84889
0.851253
0.851118
0.845923
0.845495
0.852009
0.850661
0.850524
0.856975
0.852199
0.842891
0.839112
0.84816
0.845708
0.85352
0.849203
0.851968
0.854715
0.851619
0.846958
0.849428
0.854832
0.845997
0.84577
0.853735
0.855383
0.855724
0.853941
0.847065
0.845092
0.850658
0.851591
0.846004
0.851515
0.852222
0.855221
0.848894
0.848298
0.851606
0.850168
0.848777
0.85572
0.849381
0.843956
0.846153
0.848618
0.851106
0.848888
0.853044
0.849376
0.855068
0.844086
0.997629
0.854674
0.852761
0.851223
0.848893
0.847253
0.846242
0.855485
0.639936
0.849829
0.856661
0.856855
0.841922
0.852793
0.853183
0.981287
0.848873
0.851536
0.842311
0.847824
0.851511
0.852218
0.849796
0.8542
0.851233
0.846605
0.854371
0.847962
0.85238
0.839994
0.843612
0.845761
0.853469
0.853326
0.855968
0.849365
0.84844
0.840909
0.845759
0.855819
0.853785
0.854252
0.844134
0.846244
0.846502
0.858752
0.851361
0.851031
0.851111
0.853648
0.851636
0.847438
0.848082
0.858237
0.845693
0.84346
0.84927
0.852061
0.855876
0.855262
0.854667
0.838439
0.851981
0.850082
0.847094
0.856521
0.852647
0.843934
0.848898
0.852315
0.853817
0.851161
0.846213
0.853771
0.847001
0.851243
0.850287
0.85541
0.852695
0.854527
0.910311
0.854179
0.854394
0.842978
0.852936
0.844098
0.855892
0.849757
0.849565
0.849581
0.853355
0.844473
0.850486
0.851331
0.857573
0.847005
0.852784
0.842311
0.845899
0.851336
0.837151
0.854243
0.847682
0.854534
0.855843
0.854724
0.856548
0.847526
0.846938
0.858666
0.847152
0.84226
0.846074
0.848042
0.857479
0.847161
0.852696
0.8537
0.852095
0.84934
0.848421
0.855456
0.851017
0.849235
0.846736
0.849651
0.847563
0.849573
0.844746
0.855213
0.854717
0.857716
0.849487
0.846083
0.851745
0.841158
0.85253
0.855941
0.850746
0.846999
0.848743
0.855702
0.853929
0.852927
0.845255
0.847784
0.853364
0.851509
0.849913
0.847351
0.887643
0.852553
0.849121
0.852908
0.839158
0.853378
0.856054
0.85345
0.849249
0.848794
0.848755
0.856275
0.849608
0.856827
0.85315
0.839496
0.85206
0.846215
0.858051
0.849074
0.841483
0.846929
0.845784
0.838386
0.852764
0.848853
0.847465
0.854237
0.855161
0.854712
0.851194
0.853864
0.858509
0.850295
0.854064
0.84973
0.849361
0.854389
0.850214
0.849874
0.844721
0.850658
0.845866
0.843918
0.855099
0.851734
0.844523
0.855734
0.852899
0.848164
0.849456
0.853426
0.848458
0.849849
0.848136
0.856692
0.841994
0.851165
0.852991
0.848568
0.858525
0.845988
0.853013
0.85673
0.850312
0.838106
0.847411
0.855753
0.855176
0.857105
0.849819
0.850729
0.850038
0.851864
0.85374
0.852681
0.84999
0.849086
0.848643
0.849012
0.844708
0.857879
0.848044
0.848458
0.851079
0.85679
0.853893
0.858047
0.99421
0.842409
0.847543
0.847355
0.849768
0.840958
0.847872
0.841863
0.849216
0.849066
0.846893
0.847827
0.849827
0.849954
0.842329
0.855835
0.848305
0.851591
0.855243
0.855885
0.855587
0.850797
0.850076
0.852369
0.222571
0.849625
0.843688
0.843142
0.846311
0.857535
0.850279
0.845953
0.845209
0.846277
0.849659
0.852942
0.847015
0.841825
0.851791
0.848594
0.850433
0.851571
0.843984
0.850788
0.848379
0.852479
0.847752
0.843717
0.849012
0.848538
0.987489
0.856131
0.859783
0.851489
0.845303
0.846297
0.854475
0.857847
0.848949
0.85367
0.848717
0.853952
0.848958
0.851128
0.849195
0.854347
0.842241
0.850853
0.850965
0.851603
0.853538
0.849418
0.853375
0.849188
0.847729
0.847742
0.850109
0.853304
0.85127
0.84862
0.847934
0.849474
0.844001
0.850631
0.836649
0.851544
0.8499
0.855172
0.85785
0.84817
0.851858
0.852768
0.966647
0.853436
0.847992
0.851612
0.853567
0.845333
0.846217
0.84582
0.849984
0.850064
0.846291
0.849766
0.849766
0.854056
0.853876
0.858598
0.847206
0.849587
0.857578
0.847673
0.856912
0.852375
0.849555
0.851408
0.846843
0.847236
0.851472
0.857135
0.849216
0.843466
0.856309
0.847728
0.849341
0.847446
0.84956
0.851197
0.851665
0.849833
0.850766
0.850584
0.856217
0.906424
0.85696
0.845551
0.849149
0.847271
0.849824
0.8495
0.836655
0.847432
0.849119
0.853229
0.850164
0.849657
0.845243
0.854518
0.857944
0.849434
0.848641
0.84585
0.855464
0.852396
0.85643
0.848459
0.846454
0.855991
0.848231
0.858414
0.852286
0.853398
0.85407
0.851266
0.852163
0.848679
0.852552
0.852594
0.840532
0.841431
0.852895
0.854446
0.846717
0.847935
0.85916
0.84625
0.852503
0.840696
0.848412
0.844484
0.853699
0.851453
0.851143
0.859178
0.853243
0.854024
0.852538
0.85454
0.854595
0.853234
0.841833
0.851697
0.841793
0.849603
0.846196
0.854128
0.850696
0.848899
0.848585
0.854464
0.845407
0.851106
0.847956
0.846992
0.84898
0.856133
0.848303
0.851714
0.85305
0.85088
0.848025
0.843454
0.853543
0.847197
0.850607
0.851912
0.847422
0.84108
0.848476
0.852384
0.232473
0.852438
0.844392
0.840714
0.848808
0.874194
0.851818
0.855043
0.841059
0.852582
0.851661
0.848907
0.860193
0.854279
0.848302
0.845629
0.858143
0.854536
0.84653
0.850969
0.848698
0.855823
0.853427
0.853775
0.842639
0.909689
0.847736
0.844687
0.851068
0.84937
0.849803
0.852527
0.849747
0.8557
0.850006
0.852266
0.854898
0.853422
0.84831
0.848713
0.851323
0.850365
0.853829
0.850921
0.855039
0.851659
0.853443
0.84918
0.853259
0.858728
0.854529
0.852289
0.846185
0.851747
0.847522
0.846483
0.848873
0.856522
0.853583
0.999812
0.856915
0.848815
0.853852
0.846249
0.847358
0.841934
0.839731
0.852606
0.847376
0.852924
0.849029
0.859529
0.849002
0.846824
0.855953
0.851212
0.848601
0.854076
0.849349
0.853864
0.844789
0.849466
0.859455
0.852113
0.849695
0.848606
0.852137
0.849599
0.850551
0.848571
0.853058
0.84659
0.862241
0.855341
0.839144
0.855738
0.844359
0.85091
0.848353
0.857632
0.851327
0.85337
0.853735
0.851291
0.839406
0.854564
0.856879
0.847306
0.852321
0.851722
0.851373
0.848934
0.846226
0.849736
0.845914
0.848029
0.851739
0.853687
0.844313
0.847504
0.854573
0.847882
0.976702
0.846005
0.852424
0.853739
0.854939
0.842264
0.844073
0.992682
0.852078
0.852107
0.844162
0.848587
0.850612
0.855147
0.842005
0.853179
0.850364
0.85019
0.853878
0.858205
0.8495
0.851528
0.852658
0.842667
0.850703
0.852066
0.850447
0.848125
0.842317
0.847179
0.851597
0.849661
0.85265
0.845192
0.849135
0.842425
0.853191
0.851827
0.849556
0.851287
0.845776
0.842541
0.852694
0.852841
0.848497
0.848008
0.839991
0.83979
0.848862
0.862948
0.851281
0.826608
0.858846
0.92982
0.848645
0.852725
0.849633
0.850244
0.848465
0.849269
0.855495
0.840857
0.858233
0.853171
0.845518
0.849171
0.854913
0.858087
0.848818
0.846349
0.848916
0.852603
0.843364
0.846109
0.84306
0.847178
0.856517
0.84682
0.851525
0.851143
0.854319
0.845411
0.847947
0.848695
0.855051
0.859494
0.847129
0.850094
0.849526
0.84611
0.841245
0.846654
0.85239
0.846936
0.849846
0.850016
0.854552
0.846086
0.855893
0.844602
0.849392
0.846289
0.856029
0.842853
0.851475
0.848412
0.851682
0.851887
0.845921
0.993574
0.839823
0.843718
0.849112
0.844316
0.850256
0.850354
0.854608
0.854182
0.853356
0.845445
0.850591
0.852094
0.851757
0.848616
0.852489
0.846829
0.851297
0.851125
0.847916
0.854744
0.849366
0.849125
0.851648
0.848161
0.842124
0.853433
0.848818
0.856782
0.852999
0.854098
0.848914
0.845627
0.852518
0.843854
0.844387
0.851358
0.852727
0.855739
0.851304
0.858816
0.848539
0.846089
0.862392
0.852088
0.851184
0.851861
0.855129
0.787743
0.855312
0.849412
0.842863
0.853232
0.853334
0.852318
0.845776
0.845712
0.850693
0.847899
0.846485
0.852858
0.849345
0.849905
0.848171
0.857335
0.84698
0.851844
0.849692
0.855517
0.846949
0.855203
0.848602
0.843378
0.854454
0.850474
0.862374
0.852159
0.846928
0.844143
0.856694
0.851994
0.63149
0.853679
0.847636
0.845807
0.857606
0.845081
0.851206
0.84477
0.979494
0.85015
0.848049
0.854833
0.85071
0.843407
0.857819
0.848211
0.846724
0.855784
0.851251
0.855633
0.851067
0.850486
0.850856
0.844692
0.840668
0.855939
0.853042
0.8488
0.848083
0.852643
0.852331
0.850298
0.854724
0.848459
0.84591
0.856456
0.84999
0.848406
0.850974
0.849397
0.856171
0.84677
0.844381
0.848343
0.851808
0.846643
0.84523
0.85148
0.85395
0.855549
0.846036
0.847561
0.853353
0.846011
0.852354
0.846964
0.84812
0.844
0.847249
0.842991
0.848709
0.850925
0.84829
0.855218
0.858366
0.853889
0.84957
0.856273
0.85367
0.8426
0.854813
0.850641
0.908093
0.852402
0.847189
0.853756
0.846921
0.852898
0.851645
0.839295
0.847252
0.848392
0.753819
0.84576
0.84932
0.855665
0.847933
0.846984
0.851648
0.848995
0.850361
0.843967
0.854012
0.850459
0.848979
0.85494
0.850243
0.848212
0.85643
0.849857
0.84577
0.852109
0.847132
0.853447
0.852782
0.847045
0.852173
0.856038
0.85844
0.847856
0.857779
0.846055
0.838764
0.863099
0.85192
0.843979
0.0407716
0.849141
0.852756
0.845369
0.847816
0.846464
0.85637
0.847639
0.851936
0.8451
0.853685
0.84255
0.848985
0.856361
0.847746
0.8458
0.844804
0.847949
0.849276
0.858003
0.843704
0.847514
0.855396
0.855115
0.854666
0.860185
0.846315
0.853529
0.85442
0.863196
0.857683
0.842607
0.846685
0.854655
0.852982
0.84906
0.850379
0.852152
0.846225
0.849278
0.850199
0.854472
0.845848
0.848199
0.850495
0.85462
0.848283
0.84767
0.850532
0.844994
0.845068
0.840574
0.844105
0.906914
0.852133
0.84972
0.859252
0.8518
0.854598
0.849272
0.850627
0.847239
0.851257
0.845773
0.855736
0.851426
0.851871
0.845214
0.843717
0.852825
0.848831
0.855011
0.869124
0.84932
0.85156
0.847966
0.852192
0.846891
0.845581
0.849315
0.853493
0.846867
0.842867
0.848905
0.845996
0.853059
0.856199
0.842973
0.846814
0.849564
0.845712
0.846168
0.849044
0.850099
0.853764
0.842762
0.852969
0.849886
0.850137
0.163325
0.849028
0.851487
0.846783
0.852948
0.853877
0.850624
0.848136
0.843304
0.843453
0.846378
0.839826
0.858603
0.850438
0.841251
0.854768
0.847625
0.853497
0.845012
0.846068
0.85102
0.853823
0.856503
0.850859
0.852315
0.853699
0.85921
0.849541
0.852031
0.855035
0.846551
0.846743
0.847615
0.853415
0.849657
0.850444
0.84509
0.846601
0.847611
0.917321
0.850025
0.850676
0.845752
0.847243
0.84577
0.853972
0.850732
0.8531
0.851304
0.843972
0.854883
0.852408
0.845524
0.999503
0.853826
0.839695
0.847065
0.846862
0.847193
0.843415
0.853957
0.841952
0.846267
0.853899
0.851727
0.855933
0.851972
0.845397
0.851901
0.838727
0.851327
0.849374
0.852694
0.850697
0.862005
0.84148
0.858937
0.842326
0.845461
0.850882
0.847601
0.842581
0.846118
0.852055
0.852059
0.852326
0.854485
0.846494
0.854865
0.839864
0.854827
0.85134
0.854402
0.85556
0.849015
0.848545
0.852127
0.852573
0.845202
0.843343
0.851398
0.851719
0.853099
0.850495
0.846971
0.856329
0.845032
0.851935
0.851477
0.844432
0.85285
0.85845
0.851678
0.855509
0.852292
0.850941
0.848338
0.844845
0.856335
0.847054
0.851799
0.853673
0.845566
0.854498
0.850644
0.851484
0.845163
0.851268
0.854715
0.849105
0.85335
0.852399
0.852697
0.84723
0.859178
0.848808
0.846016
0.850435
0.850655
0.847862
0.844852
0.848445
0.847129
0.847184
0.850728
0.85414
0.85256
0.847503
0.857127
0.846374
0.845559
0.846862
0.849568
0.849646
0.845301
0.853822
0.846231
0.849301
0.852404
0.850264
0.849486
0.848949
0.852052
0.848132
0.851219
0.846384
0.843017
0.847635
0.845321
0.848891
0.853116
0.845042
0.846338
0.851053
0.851966
0.845724
0.842905
0.850341
0.851557
0.839713
0.841215
0.848208
0.91018
0.845504
0.845833
0.846486
0.854951
0.847391
0.862231
0.847275
0.846571
0.845807
0.867375
0.850751
0.857294
0.849885
0.848439
0.855739
0.910288
0.848853
0.851165
0.85091
0.848398
0.852019
0.847051
0.856125
0.846063
0.855587
0.848148
0.852032
0.856972
0.849078
0.84649
0.856131
0.84936
0.848451
0.851858
0.8405
0.844218
0.847527
0.847238
0.855315
0.851819
0.852317
0.841663
0.846264
0.858712
0.849403
0.905225
0.852126
0.848967
0.849351
0.838294
0.847646
0.85823
0.861427
0.848467
0.852519
0.848464
0.845161
0.851391
0.843924
0.850064
0.853282
0.84878
0.862319
0.856257
0.858208
0.851735
0.849554
0.848589
0.846724
0.855304
0.846739
0.85434
0.85595
0.849843
0.845682
0.849891
0.849458
0.849337
0.855376
0.844799
0.849765
0.844752
0.853185
0.847534
0.854465
0.84694
0.842413
0.85466
0.846565
0.853287
0.839139
0.857067
0.852065
0.850916
0.846001
0.85469
0.839939
0.852442
0.857619
0.84725
0.851398
0.851701
0.858107
0.850898
0.850506
0.999001
0.851241
0.857781
0.848976
0.845729
0.849615
0.843763
0.848595
0.855876
0.855898
0.853867
0.845221
0.849827
0.850542
0.850557
0.848908
0.848456
0.850871
0.847557
0.854383
0.973266
0.854047
0.855685
0.854226
0.845999
0.853142
0.849593
0.844723
0.846425
0.852842
0.845502
0.844723
0.845617
0.851637
0.836925
0.856538
0.845451
0.848358
0.851801
0.851706
1
0.847568
0.854461
0.851128
0.847466
0.853843
0.853396
0.846308
0.849326
0.847342
0.850442
0.847857
0.843148
0.844829
0.844754
0.8505
0.84501
0.854123
0.848118
0.847392
0.842465
0.851257
0.850733
0.851744
0.849851
0.860093
0.855478
0.851031
0.859968
0.852616
0.854665
0.850124
0.845341
0.859544
0.853124
0.85275
0.849803
0.853227
0.853241
0.850056
0.845922
0.852923
0.852142
0.852286
0.851202
0.854258
0.846349
0.847606
0.84902
0.848828
0.847808
0.861663
0.845173
0.848753
0.849824
0.853045
0.858648
0.853264
0.853382
0.85235
0.849441
0.845981
0.853169
0.850376
0.849927
0.847776
0.85593
0.851701
0.843599
0.856722
0.854349
0.851116
0.858693
0.849613
0.850172
0.85916
0.854398
0.85572
0.846953
0.851838
0.844556
0.852109
0.847828
0.856472
0.853087
0.852352
0.849313
0.849272
0.851993
0.851395
0.855188
0.854897
0.844449
0.85211
0.846592
0.851182
0.851616
0.84724
0.856596
0.847562
0.844266
0.854204
0.853032
0.842363
0.850212
0.850569
0.851201
0.844063
0.854414
0.857488
0.852592
0.8571
0.848304
0.852187
0.850152
0.851231
0.851615
0.851579
0.854607
0.846145
0.849765
0.853101
0.853327
0.853888
0.847976
0.8484
0.85354
0.849622
0.842289
0.851866
0.845018
0.857285
0.904327
0.843676
0.84482
0.904715
0.851369
0.846945
0.8513
0.843191
0.853521
0.848005
0.843635
0.862762
0.846417
0.854711
0.852423
0.847807
0.839649
0.849307
0.85569
0.850276
0.850616
0.84821
0.8416
0.838302
0.847541
0.841066
0.851213
0.846186
0.853156
0.847704
0.848415
0.850087
0.855355
0.83877
0.847315
0.855319
0.853329
0.849329
0.846805
0.840347
0.852315
0.848558
0.845314
0.847656
0.850236
0.846433
0.846212
0.850343
0.848766
0.852984
0.848581
0.850542
0.845922
0.843446
0.859581
0.85283
0.8493
0.84706
0.853945
0.845939
0.853986
0.846856
0.848675
0.853366
0.851446
0.853414
0.851935
0.848325
0.841365
0.861732
0.851163
0.85379
0.849656
0.848299
0.848524
0.84522
0.85234
0.843496
0.841858
0.845411
0.846641
0.844357
0.849637
0.849691
0.852301
0.853384
0.850954
0.85218
0.849766
0.856344
0.851248
0.8473
0.855161
0.850118
0.858547
0.849003
0.847395
0.849195
0.859587
0.843338
0.848747
0.852895
0.849114
0.849202
0.844159
0.851686
0.843373
0.84936
0.850218
0.851619
0.845577
0.855347
0.85609
0.847071
0.862828
0.858181
0.851515
0.847264
0.848421
0.850669
0.849995
0.847577
0.851445
0.847845
0.84345
0.838254
0.850511
0.943013
0.841706
0.851404
0.846429
0.852195
0.851849
0.850389
0.83986
0.845384
0.853155
0.839573
0.852587
0.845414
0.844019
0.850996
0.851427
0.848445
0.855095
0.849779
0.851243
0.842419
0.855848
0.848204
0.847249
0.955406
0.843038
0.856637
0.855799
0.849087
0.847728
0.857597
0.837402
0.853674
0.8579
0.849257
0.852618
0.847312
0.852986
0.849915
0.850186
0.847438
0.853791
0.847123
0.852626
0.853301
0.849127
0.850797
0.846566
0.83828
0.844658
0.844842
0.853755
0.850645
0.850064
0.852159
0.858679
0.849353
0.846225
0.852553
0.848232
0.844663
0.850176
0.853951
0.849456
0.851938
0.846392
0.853269
0.845519
0.845611
0.846967
0.907754
0.849203
0.846446
0.851357
0.841067
0.851993
0.859167
0.842902
0.850719
0.849857
0.845893
0.848656
0.839471
0.849403
0.865185
0.849341
0.850422
0.855212
0.847368
0.847969
0.846976
0.856574
0.850019
0.849204
0.849931
0.856727
0.837978
0.84764
0.849634
0.904119
0.845192
0.85085
0.850729
0.846123
0.853826
0.848799
0.847112
0.848924
0.861047
0.850416
0.853869
0.848478
0.852492
0.847262
0.853463
0.852055
0.847358
0.848484
0.850163
0.851104
0.851867
0.845004
0.854038
0.850489
0.847692
0.849549
0.855193
0.858527
0.852904
0.84945
0.852416
0.855811
0.86235
0.851847
0.846057
0.845687
0.847728
0.845429
0.85144
0.842495
0.85017
0.853845
0.852479
0.857169
0.852613
0.849567
0.847939
0.848523
0.850973
0.843625
0.849272
0.852681
0.848841
0.856126
0.850503
0.856015
0.851024
0.844585
0.852628
0.847078
0.849265
0.848122
0.855999
0.852628
0.851435
0.850231
0.845602
0.849973
0.851384
0.860007
0.839896
0.849699
0.849826
0.854579
0.845929
0.858867
0.845957
0.850112
0.848625
0.848498
0.85161
0.851085
0.846208
0.849496
0.848966
0.845374
0.849365
0.840383
0.853645
0.848062
0.855616
0.85456
0.856567
0.85519
0.848396
0.851553
0.851141
0.854222
0.844373
0.852391
0.850898
0.847461
0.84295
0.857589
0.846488
0.856582
0.856114
0.84421
0.845315
0.848093
0.848048
0.849497
0.848063
0.948565
0.846684
0.849761
0.848907
0.849362
0.849064
0.856354
0.848014
0.851996
0.847779
0.856041
0.849994
0.846276
0.845921
0.860306
0.867943
0.848402
0.843002
0.84397
0.854148
0.850279
0.853599
0.852454
0.846844
0.850553
0.853326
0.857208
0.845487
0.852392
0.854973
0.857728
0.850725
0.847448
0.850236
0.86749
0.850956
0.850608
0.84586
0.854258
0.843986
0.844057
0.850548
0.853835
0.852796
0.856726
0.850506
0.846914
0.853365
0.851008
0.850008
0.851563
0.846865
0.847495
0.851988
0.859962
0.852937
0.847763
0.850355
0.855243
0.849858
0.853378
0.85039
0.855135
0.851201
0.851282
0.851415
0.853865
0.846231
0.850783
0.84821
0.858339
0.849095
0.845127
0.848447
0.850183
0.842454
0.844163
0.856191
0.847393
0.856438
0.850061
0.851327
0.848125
0.995024
0.85321
0.851073
0.838819
0.845704
0.850042
0.850919
0.850731
0.849733
0.847929
0.884179
0.8478
0.846723
0.856764
0.854304
0.857778
0.849932
0.846384
0.851448
0.847828
0.853496
0.848292
0.85283
0.850664
0.854098
0.855813
0.841517
0.857437
0.848658
0.855323
0.849543
0.850701
0.845242
0.846089
0.851578
0.857821
0.854569
0.848303
0.844961
0.850473
0.850566
0.843117
0.849672
0.849218
0.853552
0.851874
0.850548
0.847136
0.848883
0.855978
0.846035
0.849943
0.850962
0.848193
0.855792
0.856745
0.850748
0.85012
0.847965
0.875421
0.848907
0.841335
0.846308
0.851631
0.844906
0.848724
0.852517
0.846148
0.846911
0.845564
0.850266
0.848066
0.85039
0.846097
0.85454
0.848427
0.853665
0.85398
0.839533
0.844726
0.871972
0.848929
0.851885
0.84181
0.851009
0.853318
0.859204
0.847573
0.853594
0.844434
0.850224
0.859691
0.855125
0.848112
0.84477
0.844799
0.855971
0.841092
0.847691
0.851288
0.846426
0.848816
0.845372
0.858486
0.849881
0.848072
0.852038
0.84888
0.842367
0.845561
0.850883
0.845867
0.854346
0.852711
0.850713
0.851065
0.854726
0.851762
0.85042
0.845646
0.85651
0.844744
0.853592
0.844688
0.850485
0.85145
0.848186
0.854842
0.854098
0.855862
0.852911
0.852969
0.849668
0.859894
0.851117
0.846736
0.849276
0.855241
0.846083
0.85274
0.850592
0.851859
0.843784
0.854828
0.856377
0.858374
0.847391
0.856142
0.848214
0.852586
0.848091
0.848743
0.854547
0.855045
0.855351
0.842138
0.853392
0.844612
0.853879
0.845033
0.85188
0.848224
0.851495
0.844576
0.849492
0.854475
0.8489
0.854583
0.848586
0.842571
0.846537
0.854216
0.853486
0.848414
0.850482
0.852144
0.854485
0.851868
0.844452
0.85323
0.841012
0.850682
0.850595
0.858579
0.85132
0.845674
0.935956
0.850225
0.847281
0.844729
0.843331
0.842675
0.461715
0.847716
0.855223
0.847777
0.852205
0.939599
0.846645
0.839959
0.842879
0.849688
0.843861
0.841313
0.843579
0.84889
0.84929
0.848759
0.852194
0.844502
0.845385
0.840849
0.852669
0.846652
0.848194
0.8546
0.851813
0.84926
0.843269
0.858386
0.856386
0.854952
0.850972
0.855814
0.847499
0.850753
0.850197
0.851044
0.854911
0.85388
0.842962
0.850904
0.845941
0.849296
0.85159
0.851161
0.84582
0.847659
0.85475
0.848742
0.853317
0.850166
0.855897
0.846974
0.847774
0.849039
0.852598
0.852146
0.847106
0.852677
0.848521
0.844987
0.844241
0.850893
0.847145
0.850415
0.851758
0.849002
0.844803
0.863615
0.84793
0.846444
0.85464
0.852401
0.850548
0.852574
0.846632
0.851813
0.841107
0.981263
0.852866
0.849357
0.00165667
0.999279
0.846104
0.849792
0.850003
0.856044
0.852142
0.850038
0.846744
0.852374
0.852871
0.857973
0.844121
0.846192
0.848437
0.846192
0.850237
0.850521
0.849344
0.850996
0.850924
0.848764
0.854618
0.845081
0.851914
0.846505
0.853827
0.846504
0.846899
0.848382
0.843688
0.852951
0.850205
0.844494
0.847666
0.851687
0.851968
0.846786
0.850163
0.845968
0.852872
0.847213
0.848605
0.848412
0.847583
0.856822
0.854391
0.850027
0.852697
0.852715
0.852823
0.848984
0.848034
0.856268
0.850354
0.850335
0.850749
0.846395
0.851589
0.856035
0.847886
0.845325
0.854822
0.854367
0.844467
0.847588
0.850576
0.861156
0.843758
0.850107
0.858187
0.852649
0.852945
0.855691
0.847398
0.849455
0.839097
0.853872
0.847154
0.841521
0.850811
0.847002
0.853506
0.832064
0.85848
0.845477
0.845555
0.845893
0.859178
0.851505
0.846957
0.853731
0.846512
0.848343
0.839158
0.854892
0.856333
0.855812
0.851354
0.843148
0.854356
0.848507
0.848192
0.847645
0.845133
0.845929
0.850467
0.850555
0.847967
0.840514
0.850716
0.855524
0.904805
0.851623
0.851023
0.846449
0.852073
0.845076
0.850206
0.844997
0.845488
0.854028
0.85675
0.853702
0.85145
0.84813
0.853894
0.847705
0.861471
0.846951
0.847527
0.856598
0.844044
0.847733
0.849241
0.845956
0.85172
0.850215
0.846364
0.849127
0.849519
0.85516
0.854766
0.852686
0.848655
0.840623
0.848855
0.850513
0.845273
0.848721
0.887701
0.854416
0.849982
0.852277
0.856509
0.850091
0.842162
0.84352
0.845495
0.849839
0.844142
0.840594
0.850978
0.846571
0.859056
0.843175
0.998642
0.848359
0.845015
0.85025
0.842759
0.858585
0.845982
0.856272
0.852882
0.847824
0.844264
0.841255
0.85048
0.84724
0.845119
0.853188
0.851771
0.855999
0.852865
0.847771
0.844709
0.8444
0.838139
0.850225
0.84706
0.849128
0.85266
0.715271
0.849779
0.845922
0.846127
0.849023
0.839163
0.855898
0.847473
0.853651
0.849131
0.851143
0.848926
0.844528
0.849222
0.854704
0.845061
0.84594
0.841091
0.857889
0.855284
0.843696
0.851315
0.849501
0.840051
0.855571
0.848127
0.856218
0.848098
0.852561
0.847775
0.851955
0.847537
0.847561
0.848441
0.845746
0.854648
0.851351
0.84688
0.849864
0.850572
0.858553
0.855164
0.854591
0.843203
0.846446
0.854924
0.857516
0.846113
0.848118
0.85063
0.850222
0.85237
0.843575
0.856252
0.845648
0.846342
0.851269
0.852268
0.847257
0.859779
0.850474
0.84309
0.855607
0.842228
0.852713
0.857347
0.850344
0.857233
0.849083
0.849446
0.848489
0.856839
0.852038
0.848842
0.851041
0.850568
0.85057
0.849485
0.850428
0.853374
0.852312
0.846549
0.84881
0.853886
0.848774
0.856307
0.853629
0.851032
0.850748
0.845076
0.847995
0.849414
0.851906
0.850623
0.852286
0.849283
0.848957
0.849746
0.848677
0.84522
0.851788
0.850236
0.845209
0.851157
0.8546
0.849843
0.851319
0.850602
0.939073
0.84254
0.848304
0.851322
0.85925
0.847648
0.854282
0.852167
0.848987
0.853448
0.852916
0.849691
0.851978
0.855897
0.845845
0.844637
0.856993
0.848248
0.843456
0.848757
0.851309
0.848684
0.841332
0.850445
0.8508
0.84453
0.84005
0.85101
0.851225
0.849733
0.847756
0.851024
0.850274
0.845686
0.849321
0.843581
0.841546
0.848332
0.855859
0.846392
0.850977
0.847836
0.846879
0.846588
0.846149
0.853649
0.844239
0.854297
0.837491
0.856411
0.850905
0.852642
0.84414
0.84978
1.8879e-07
0.852088
0.854778
0.852178
0.85456
0.856234
0.846492
0.845669
0.850025
0.850019
0.836575
0.999998
0.84088
0.851902
0.845268
0.854493
0.849365
0.844702
0.858054
0.850378
0.851568
0.846566
0.852779
0.851487
0.843847
0.852197
0.850029
0.847078
0.8522
0.844817
0.847929
0.861108
0.855143
0.851998
0.848386
0.857041
0.842785
0.846279
0.84572
0.849713
0.853647
0.854422
0.850126
0.852043
0.845015
0.852016
0.849751
0.856683
0.845156
0.847261
0.852746
0.843571
0.847601
0.853667
0.84503
0.845196
0.857072
0.848317
0.853816
0.851096
0.849187
0.880408
0.853233
0.854252
0.853945
0.849959
0.86081
0.84969
0.858421
0.750086
0.850606
0.842324
0.84969
0.846565
0.8481
0.852144
0.849592
0.852851
0.847262
0.847737
0.853318
0.854974
0.851331
0.845887
0.851846
0.853086
0.841212
0.845217
0.847419
0.846389
0.853152
0.853997
0.844912
0.850842
0.858047
0.849543
0.850774
0.844915
0.852394
0.844777
0.849684
0.854901
0.852897
0.856468
0.855146
0.848338
0.855734
0.964822
0.847898
0.855252
0.848193
0.85491
0.850253
0.851958
0.84899
0.842147
0.847349
0.850749
0.848402
0.847785
0.852556
0.846121
0.851609
0.855193
0.855678
0.85879
0.848701
0.836569
0.853367
0.849143
0.850802
0.850585
0.850094
0.847522
0.852073
0.848072
0.851987
0.849278
0.853735
0.852419
0.843626
0.845424
0.0200586
0.845012
0.848531
0.851405
0.850675
0.849261
0.85369
0.852987
0.854159
0.853411
0.857907
0.851736
0.850535
0.852494
0.838624
0.854385
0.845413
0.844814
0.853559
0.847985
0.849315
0.847815
0.854604
0.852562
0.848313
0.841553
0.84855
0.855818
0.852127
0.854778
0.851799
0.852221
0.843425
0.84895
0.855599
0.857892
0.849118
0.843319
0.840065
0.849708
0.851777
0.853611
0.848574
0.854147
0.852783
0.844179
0.849486
0.981008
0.853152
0.856512
0.854042
0.847282
0.846274
0.850394
0.85002
0.854842
0.847902
0.847242
0.848473
0.841115
0.843499
0.851093
0.859035
0.848762
0.85143
0.847256
0.850956
0.841888
0.844059
0.849412
0.846021
0.853295
0.851956
0.852965
0.859583
0.958285
0.855572
0.846745
0.846669
0.854186
0.849236
0.854578
0.853612
0.851718
0.845416
0.854207
0.846809
0.847914
0.837792
0.858342
0.838643
0.852582
0.851373
0.857499
0.847114
0.848905
0.846904
0.846364
0.85019
0.850091
0.848752
0.846947
0.851978
0.850634
0.849996
0.847958
0.855185
0.849841
0.850641
0.851213
0.849199
0.850566
0.8567
0.853872
0.852491
0.846655
0.846858
0.849878
0.850167
0.848061
0.850535
0.850031
0.853244
0.848851
0.852004
0.85436
0.845255
0.859265
0.85142
0.854209
0.851059
0.852478
0.854589
0.852124
0.849851
0.848926
0.846251
0.853619
0.851507
0.851724
0.861447
0.850142
0.846595
0.855039
0.852267
0.849965
0.843036
0.84633
0.843638
0.844408
0.855584
0.85304
0.85354
0.848857
0.85165
0.850824
0.849729
0.8635
0.853543
0.849547
0.856192
0.846949
0.849663
0.848866
0.847693
0.84929
0.857797
0.848293
0.857295
0.847409
0.854
0.840127
0.851341
0.854783
0.853127
0.843402
0.847402
0.857082
0.850117
0.857997
0.842794
0.852362
0.84671
0.850987
0.856115
0.845024
0.847321
0.857828
0.853909
0.848675
0.845176
0.85182
0.854257
0.849713
0.85172
0.850676
0.856799
0.853657
0.842876
0.856993
0.84438
0.843796
0.851463
0.862872
0.850684
0.84788
0.849991
0.852516
0.849438
0.849787
0.84383
0.853331
0.848089
0.848152
0.845715
0.849174
0.961015
0.849525
0.847766
0.852116
0.847843
0.85191
0.852788
0.849604
0.859693
0.845667
0.846372
0.857138
0.854618
0.854416
0.850166
0.845629
0.851675
0.854021
0.848977
0.847993
0.841074
0.849276
0.850091
0.856144
0.855475
0.850117
0.851091
0.852099
0.854409
0.846402
0.85734
0.856921
0.846634
0.851197
0.910142
0.847307
0.861505
0.857684
0.863134
0.854721
0.850884
0.847515
0.848578
0.850158
0.845242
0.852204
0.854211
0.850347
0.903863
0.856713
0.854816
0.850138
0.848322
0.844984
0.842074
0.848569
0.850064
0.852738
0.849679
0.85135
0.849508
0.846828
0.849892
0.846799
0.843565
0.857351
0.85169
0.846937
0.847833
0.848584
0.85717
0.846428
0.848738
0.848596
0.847003
0.927316
0.842046
0.845297
0.852653
0.848298
0.859907
0.852774
0.845983
0.849753
0.84763
0.841141
0.844117
0.85458
0.85253
0.849549
0.848677
0.852918
0.846888
0.847746
0.853473
0.848647
0.84073
0.847477
0.854807
0.845562
0.850649
0.848533
0.843364
0.851366
0.856091
0.852975
0.852208
0.847728
0.851621
0.857805
0.846176
0.846946
0.852765
0.859156
0.848066
0.852587
0.84877
0.848821
0.849664
0.852721
0.851418
0.852099
0.848215
0.848399
0.85
0.850473
0.855429
0.846334
0.845035
0.846415
0.852149
0.85677
0.845732
0.852506
0.850596
0.851177
0.846813
0.852683
0.858097
0.847419
0.851766
0.850592
0.847842
0.856989
0.851437
0.853846
0.849694
0.849194
0.858474
0.844498
0.857234
0.847033
0.856635
0.848882
0.851995
0.847424
0.852348
0.851096
0.840937
0.841631
0.85316
0.851173
0.848755
0.849921
0.849786
0.846613
0.849949
0.628665
0.851326
0.850362
0.842895
0.851234
0.849509
0.853287
0.852598
0.857356
0.849057
0.846125
0.85215
0.853511
0.847809
0.845491
0.844734
0.852095
0.851433
0.845197
0.849216
0.845363
0.851733
0.851189
0.855699
0.847474
0.844085
0.844623
0.846228
0.857347
0.845093
0.851707
0.846822
0.846557
0.843133
0.852304
0.845591
0.851757
0.851254
0.850671
0.852471
0.850765
0.851502
0.843689
0.855133
0.841165
0.84255
0.845111
0.855147
0.858566
0.849855
0.847994
0.85901
0.848287
0.847015
0.855952
0.843264
0.851496
0.847555
0.847928
0.850724
0.848246
0.848927
0.854388
0.84448
0.839629
0.848991
0.848442
0.856409
0.843805
0.849118
0.854468
0.847298
0.851923
0.846747
0.852588
0.854238
0.847803
0.848413
0.847256
0.849146
0.84599
0.849015
0.849706
0.852709
0.84528
0.838739
0.846174
0.855269
0.853421
0.844651
0.847013
0.854728
0.84997
0.853046
0.849176
0.850057
0.846089
0.851832
0.847456
0.851251
0.849931
0.854006
0.848308
0.852882
0.850955
0.856161
0.84864
0.852065
0.849377
0.843521
0.855226
0.849588
0.849062
0.845155
0.728855
0.856245
0.851876
0.861548
0.853295
0.843855
0.846978
0.849254
0.849923
0.85355
0.85214
0.856533
0.849809
0.854805
0.845144
0.850788
0.854286
0.854136
0.849446
0.851329
0.853694
0.856435
0.854146
0.850745
0.846627
0.848409
0.852953
0.855054
0.847752
0.854799
0.846403
0.849457
0.847888
0.852616
0.849669
0.845567
0.852155
0.853502
0.850425
0.84289
0.848837
0.849943
0.853713
0.853606
0.852448
0.858685
0.850212
0.849627
0.848404
0.846998
0.856532
0.85238
0.854023
0.849188
0.843091
0.856585
0.847818
0.846568
0.855381
0.851934
0.855567
0.854141
0.847222
0.851716
0.850999
0.846896
0.856561
0.845192
0.851492
0.849719
0.849691
0.852093
0.850224
0.851254
0.8463
0.845031
0.854018
0.854357
0.779315
0.851628
0.859166
0.857098
0.848699
0.85289
0.856861
0.856301
0.856186
0.858628
0.852748
0.846137
0.853302
0.854458
0.849314
0.846107
0.847774
0.849296
0.853204
0.853521
0.851629
0.852589
0.850791
0.855139
0.847872
0.852093
0.844693
0.840226
0.851727
0.853017
0.848939
0.849398
0.849624
0.849416
0.846813
0.841587
0.850107
0.858334
0.854173
0.854329
0.851741
0.842418
0.849496
0.851006
0.847905
0.842075
0.854778
0.848015
0.852024
0.846419
0.848677
0.852559
0.848183
0.848869
0.851379
0.84088
0.848522
0.848887
0.853722
0.844807
0.85592
0.849457
0.846906
0.850779
0.8593
0.848971
0.856244
0.845311
0.850511
0.846957
0.845667
0.849276
0.844095
0.846046
0.850913
0.8521
0.840888
0.847313
0.834653
0.849947
0.844681
0.852579
0.84874
0.848806
0.845049
0.845288
0.852137
0.85067
0.850238
0.852332
0.855693
0.840516
0.846046
0.852435
0.842156
0.849984
0.84878
0.847372
0.852351
0.875218
0.852715
0.862306
0.840477
0.844847
0.854088
0.857553
0.857434
0.852241
0.850446
0.847453
0.851761
0.848823
0.853351
0.853107
0.855451
0.851383
0.853295
0.85437
0.849431
0.847606
0.848696
0.853951
0.851049
0.857933
0.851437
0.846319
0.849436
0.855181
0.835429
0.850588
0.849759
0.839678
0.855204
0.84642
0.84061
0.843019
0.849926
0.841427
0.83786
0.842632
0.850684
0.850932
0.852594
0.853423
0.843862
0.85202
0.849995
0.848096
0.849547
0.853068
0.853784
0.851039
0.845615
0.85829
0.849977
0.846162
0.995533
0.852308
0.844107
0.852773
0.848678
0.853309
0.846669
0.849055
0.847276
0.847211
0.856457
0.843804
0.851677
0.849799
0.845919
0.847003
0.851736
0.850235
0.853999
0.846401
0.856252
0.848244
0.858567
0.853006
0.852024
0.84725
0.856247
0.842295
0.854994
0.847594
0.85307
0.851764
0.84812
0.848057
0.847869
0.841509
0.848951
0.852436
0.844454
0.853207
0.842664
0.852802
0.8459
0.974391
0.855776
0.851161
0.853859
0.851845
0.84648
0.850094
