0.842725
0.841299
0.845981
0.84094
0.84092
0.843228
0.84103
0.843476
0.843783
0.846044
0.83906
0.839008
0.843287
0.83925
0.840171
0.841129
0.840207
0.843437
0.841913
0.843123
0.842358
0.845752
0.841722
0.842691
0.844977
0.841299
0.841196
0.841777
0.841625
0.842414
0.844211
0.841089
0.838631
0.841376
0.840812
0.844286
0.840462
0.840672
0.846335
0.842734
0.845708
0.843097
0.843396
0.8403
0.84376
0.841616
0.841873
0.840978
0.841007
0.841093
0.842105
0.84307
0.842846
0.841225
0.843022
0.840875
0.841737
0.841394
0.842214
0.844321
0.843067
0.844479
0.845648
0.841136
0.844488
0.842065
0.841772
0.841612
0.84149
0.841071
0.84385
0.84445
0.843542
0.844405
0.841539
0.839798
0.842231
0.84324
0.841025
0.842937
0.843069
0.84286
0.842609
0.842517
0.842726
0.84572
0.841249
0.839376
0.841502
0.843304
0.84315
0.840875
0.84486
0.846797
0.844575
0.841958
0.840746
0.838791
0.841614
0.843387
0.839842
0.844679
0.84312
0.839439
0.84148
0.83857
0.839435
0.844447
0.841226
0.84173
0.843564
0.84392
0.843438
0.841808
0.842422
0.841597
0.842379
0.841567
0.840434
0.842824
0.841194
0.84284
0.844758
0.843337
0.84015
0.840237
0.843706
0.844509
0.844511
0.840014
0.84507
0.843438
0.842375
0.843683
0.840069
0.840482
0.843565
0.840792
0.843739
0.840683
0.843939
0.843235
0.840983
0.840291
0.839327
0.841266
0.842962
0.840699
0.842095
0.840647
0.844509
0.84371
0.841748
0.840141
0.845592
0.841769
0.841635
0.84298
0.845884
0.841151
0.842056
0.843538
0.842119
0.8433
0.842167
0.844171
0.840307
0.84053
0.841979
0.842288
0.842382
0.842066
0.839399
0.839255
0.842912
0.843166
0.842857
0.845779
0.843011
0.84377
0.843406
0.841293
0.843585
0.841967
0.843725
0.843328
0.840884
0.843437
0.843957
0.842098
0.844335
0.843398
0.842068
0.840345
0.843651
0.841171
0.840792
0.842133
0.844849
0.845312
0.842684
0.842186
0.84229
0.842616
0.845079
0.841882
0.840891
0.843145
0.843647
0.845096
0.843508
0.83895
0.842464
0.845556
0.842262
0.840361
0.845332
0.843484
0.840289
0.84377
0.842811
0.843379
0.84216
0.843456
0.843171
0.843865
0.843061
0.844401
0.842029
0.844162
0.84136
0.843992
0.841107
0.843125
0.842504
0.844084
0.841512
0.842669
0.844779
0.840601
0.842298
0.842298
0.84541
0.83882
0.840661
0.840991
0.842757
0.84213
0.840978
0.842573
0.843518
0.842883
0.842222
0.837797
0.841488
0.843456
0.844187
0.841254
0.841175
0.843345
0.842399
0.842671
0.842947
0.843941
0.846249
0.843258
0.842804
0.841786
0.840827
0.841469
0.843765
0.840533
0.845243
0.840706
0.842588
0.837404
0.841201
0.841643
0.845333
0.842318
0.84323
0.839993
0.843603
0.843798
0.840253
0.839265
0.844028
0.841611
0.843537
0.843386
0.844416
0.845825
0.844283
0.839516
0.841134
0.841874
0.844473
0.842158
0.842921
0.842421
0.843211
0.845409
0.843411
0.842677
0.842572
0.839799
0.842858
0.84258
0.842481
0.842555
0.841608
0.84313
0.845307
0.841408
0.845263
0.841886
0.843466
0.840984
0.843086
0.844069
0.840712
0.844608
0.841922
0.840555
0.842488
0.842461
0.841327
0.839706
0.84465
0.843201
0.844193
0.842137
0.84024
0.843804
0.839145
0.842559
0.843993
0.842294
0.843853
0.842406
0.841492
0.84216
0.841513
0.839391
0.843934
0.842889
0.840566
0.842342
0.84257
0.842148
0.842681
0.843942
0.844246
0.841267
0.839151
0.84291
0.843578
0.840642
0.839911
0.842279
0.841769
0.841509
0.842508
0.843619
0.842371
0.842281
0.84458
0.84156
0.838668
0.843945
0.843639
0.842749
0.844617
0.841068
0.840649
0.845383
0.844064
0.845319
0.843798
0.844118
0.840971
0.842455
0.840916
0.844667
0.842455
0.84215
0.841246
0.842373
0.843536
0.840367
0.841945
0.841138
0.841235
0.839897
0.844044
0.844249
0.843892
0.840775
0.843166
0.843091
0.844553
0.840906
0.84586
0.844242
0.843279
0.842721
0.843516
0.842615
0.840169
0.843872
0.842362
0.841563
0.843037
0.842365
0.843282
0.842957
0.84313
0.84194
0.843478
0.842823
0.840869
0.837165
0.844023
0.837888
0.840517
0.840267
0.843647
0.842629
0.841262
0.842598
0.843637
0.842076
0.842939
0.841274
0.84265
0.841713
0.844349
0.839258
0.840241
0.84115
0.842289
0.840765
0.84304
0.84284
0.84108
0.844703
0.844622
0.845023
0.840278
0.842019
0.840042
0.844541
0.844159
0.842568
0.840497
0.84514
0.840685
0.844589
0.843417
0.84358
0.844883
0.840134
0.84312
0.842749
0.840838
0.844501
0.843914
0.842298
0.839856
0.841009
0.840171
0.840835
0.842842
0.842242
0.840475
0.842958
0.842145
0.840497
0.842585
0.84247
0.843918
0.842569
0.841707
0.846941
0.842388
0.839819
0.84223
0.842941
0.840166
0.840722
0.841273
0.840018
0.839305
0.841466
0.843783
0.839681
0.837455
0.839155
0.843068
0.842234
0.84102
0.842347
0.839925
0.841335
0.846168
0.843569
0.843203
0.841866
0.838555
0.841455
0.8445
0.844121
0.840186
0.840464
0.843712
0.840444
0.840941
0.838912
0.844059
0.840824
0.842312
0.839652
0.84384
0.84358
0.844521
0.840352
0.841611
0.843136
0.843017
0.84108
0.840153
0.843744
0.84214
0.841317
0.841026
0.841753
0.839558
0.843069
0.842202
0.841985
0.843803
0.846732
0.839888
0.84254
0.842697
0.843183
0.839532
0.841528
0.842031
0.845426
0.842107
0.843826
0.841218
0.839493
0.842068
0.844263
0.841613
0.838386
0.841722
0.846936
0.842589
0.843112
0.840146
0.842289
0.842415
0.841299
0.839619
0.839946
0.842195
0.840942
0.839432
0.841054
0.844867
0.842711
0.841107
0.841299
0.84204
0.845648
0.841437
0.843096
0.843512
0.842482
0.840331
0.840212
0.844653
0.841136
0.8443
0.841342
0.841363
0.846203
0.841663
0.845506
0.845401
0.840892
0.841448
0.840976
0.838263
0.839555
0.843956
0.843553
0.842779
0.846353
0.842398
0.843281
0.843599
0.843413
0.841693
0.844051
0.843783
0.841714
0.843407
0.841654
0.842102
0.842743
0.842194
0.842289
0.843285
0.841682
0.842853
0.844731
0.8424
0.841543
0.846117
0.841985
0.843211
0.840431
0.844642
0.840931
0.840493
0.842461
0.841552
0.844326
0.843423
0.845012
0.843206
0.840938
0.843796
0.841914
0.842208
0.840092
0.844875
0.841842
0.841226
0.840151
0.842778
0.843122
0.844615
0.843724
0.842711
0.842944
0.841333
0.841459
0.843184
0.844452
0.841947
0.843911
0.842515
0.840703
0.840744
0.838665
0.842157
0.843395
0.841922
0.844026
0.841133
0.844555
0.840833
0.8411
0.843931
0.842533
0.84034
0.842645
0.841065
0.845306
0.843661
0.842252
0.842526
0.844636
0.843259
0.838465
0.842077
0.842218
0.843953
0.840352
0.839053
0.84076
0.842823
0.843166
0.839879
0.842616
0.843067
0.842479
0.839536
0.843172
0.844333
0.841983
0.841609
0.845404
0.843434
0.843468
0.843011
0.844006
0.84275
0.844153
0.844586
0.844568
0.841279
0.841258
0.844818
0.842582
0.843683
0.844281
0.842061
0.842838
0.844084
0.841357
0.839822
0.842092
0.84135
0.842645
0.843104
0.839492
0.845669
0.842375
0.840676
0.842763
0.843217
0.841909
0.841562
0.84512
0.844885
0.840461
0.843626
0.843376
0.843853
0.841333
0.841686
0.840549
0.842392
0.840645
0.84225
0.843844
0.839024
0.841323
0.839246
0.843645
0.840384
0.841539
0.839841
0.842419
0.842199
0.841466
0.841701
0.837352
0.845638
0.840341
0.842828
0.840473
0.844858
0.844284
0.846949
0.845049
0.843679
0.839809
0.844413
0.845549
0.838706
0.840364
0.838301
0.842081
0.841398
0.841667
0.843332
0.842147
0.842707
0.840516
0.841418
0.841919
0.841186
0.840263
0.840792
0.840151
0.841134
0.84152
0.843371
0.839865
0.841721
0.842447
0.842128
0.84055
0.840304
0.844177
0.842621
0.839578
0.841972
0.843263
0.84361
0.847075
0.842017
0.843809
0.841934
0.840103
0.841742
0.842613
0.843756
0.843017
0.841892
0.845305
0.840872
0.842436
0.840911
0.842971
0.840902
0.839665
0.842186
0.841442
0.84229
0.839748
0.843852
0.842206
0.845333
0.841751
0.840479
0.843185
0.839603
0.845339
0.842099
0.841609
0.841304
0.841411
0.841861
0.840764
0.842134
0.844741
0.841005
0.841321
0.842808
0.842414
0.843863
0.841645
0.839927
0.842903
0.8404
0.841568
0.841955
0.844698
0.841822
0.843302
0.839675
0.841005
0.842766
0.842342
0.843616
0.844376
0.841049
0.842755
0.840444
0.844467
0.841871
0.845058
0.843171
0.843653
0.842874
0.841662
0.843036
0.842514
0.842848
0.841281
0.84097
0.846238
0.840916
0.839551
0.843915
0.84198
0.841247
0.843149
0.841157
0.840379
0.842797
0.838903
0.845893
0.842571
0.838681
0.843986
0.842472
0.842171
0.841953
0.841407
0.840088
0.842808
0.84363
0.843977
0.841239
0.842928
0.844397
0.841043
0.843755
0.844148
0.845264
0.842963
0.843647
0.839976
0.843117
0.842304
0.841149
0.841461
0.844235
0.843881
0.841502
0.843539
0.841642
0.84221
0.842207
0.843198
0.8431
0.843593
0.84112
0.839336
0.845101
0.844774
0.840931
0.844082
0.841125
0.841683
0.844296
0.842626
0.841745
0.843524
0.842389
0.841009
0.842135
0.841005
0.841666
0.842075
0.84321
0.841962
0.841409
0.842941
0.84367
0.842354
0.843892
0.842755
0.841103
0.838256
0.842361
