0.858286
0.866787
0.85352
0.87214
0.871315
0.850755
0.857671
0.866505
0.861872
0.869795
0.857051
0.846369
0.862816
0.853341
0.86018
0.860258
0.864097
0.863013
0.855728
0.8566
0.864218
0.865621
0.858026
0.86948
0.858494
0.856038
0.859832
0.861813
0.863041
0.867682
0.865883
0.867621
0.865293
0.863051
0.862925
0.862733
0.873161
0.864747
0.871849
0.860995
0.857598
0.86561
0.867337
0.862145
0.866734
0.863268
0.863224
0.860567
0.865594
0.867624
0.870133
0.864701
0.860043
0.863365
0.873892
0.870038
0.866176
0.8611
0.863282
0.861423
0.868797
0.86947
0.857001
0.859343
0.848268
0.855422
0.857244
0.856938
0.861866
0.866269
0.87584
0.860084
0.862897
0.863318
0.856566
0.867166
0.859001
0.860467
0.861933
0.859361
0.854683
0.861541
0.867235
0.857082
0.861141
0.866847
0.857577
0.859707
0.858882
0.862031
0.862458
0.860466
0.865491
0.872024
0.876486
0.862464
0.866268
0.868767
0.868173
0.860851
0.853402
0.862081
0.862752
0.861799
0.869954
0.865052
0.865852
0.871118
0.865043
0.856471
0.8645
0.871615
0.862707
0.863762
0.866985
0.871922
0.852364
0.862137
0.859536
0.85792
0.860042
0.864477
0.860204
0.860544
0.86293
0.853389
0.865021
0.866184
0.866798
0.863508
0.862391
0.857605
0.86739
0.86337
0.860056
0.859193
0.862454
0.866224
0.862309
0.866873
0.870268
0.870573
0.857948
0.868174
0.860655
0.861178
0.871828
0.863733
0.869489
0.858793
0.85891
0.869678
0.867662
0.87231
0.8607
0.861474
0.86711
0.855273
0.864221
0.862225
0.8682
0.86024
0.862133
0.862104
0.863136
0.869288
0.854669
0.852986
0.860327
0.855152
0.864471
0.860919
0.868867
0.852311
0.864186
0.870946
0.86849
0.868102
0.856255
0.861224
0.869064
0.873468
0.856555
0.86027
0.859826
0.854246
0.858329
0.864632
0.856848
0.861298
0.86916
0.865295
0.858944
0.866497
0.866563
0.85266
0.871573
0.863844
0.876338
0.866393
0.880291
0.870282
0.862177
0.866227
0.864793
0.862805
0.855792
0.863465
0.860918
0.858919
0.866146
0.870175
0.86009
0.868339
0.862335
0.866609
0.859672
0.865403
0.866734
0.86435
0.844995
0.858639
0.862586
0.865217
0.86005
0.871768
0.866232
0.857709
0.864298
0.867942
0.866044
0.865661
0.863668
0.860806
0.861933
0.872227
0.860693
0.869039
0.864196
0.86493
0.853055
0.859073
0.872422
0.86855
0.861055
0.856173
0.866828
0.870231
0.87094
0.866822
0.85692
0.859488
0.863447
0.864008
0.855268
0.859944
0.852964
0.865964
0.864057
0.865805
0.865723
0.871773
0.867252
0.868005
0.865395
0.855892
0.860201
0.861892
0.85113
0.865537
0.857091
0.863444
0.852028
0.862963
0.861051
0.858267
0.868311
0.856748
0.85596
0.854476
0.866462
0.867497
0.860527
0.863811
0.86605
0.858712
0.868632
0.865387
0.861935
0.865466
0.857976
0.865453
0.865658
0.863076
0.867631
0.856479
0.855412
0.858925
0.865443
0.862601
0.866146
0.866292
0.870513
0.858989
0.862829
0.863954
0.860467
0.871684
0.858116
0.862302
0.860942
0.868906
0.866044
0.861833
0.860982
0.855074
0.85143
0.875824
0.862754
0.865828
0.867578
0.863434
0.858131
0.858391
0.866326
0.862428
0.85327
0.864016
0.861325
0.874658
0.860673
0.869753
0.868132
0.862652
0.853404
0.867865
0.856304
0.852106
0.86753
0.86354
0.867811
0.856261
0.858934
0.857551
0.864821
0.867311
0.862167
0.865908
0.864639
0.86303
0.859158
0.859423
0.86161
0.856809
0.857123
0.865339
0.863354
0.858393
0.860713
0.86555
0.867228
0.86461
0.854434
0.856563
0.868185
0.867624
0.864685
0.863385
0.869337
0.858714
0.866843
0.865876
0.856685
0.843396
0.854877
0.867913
0.870984
0.854153
0.854825
0.863334
0.859246
0.862928
0.853409
0.858651
0.858021
0.865185
0.863884
0.860831
0.848382
0.861777
0.858412
0.86583
0.865192
0.851251
0.862828
0.865215
0.869144
0.867303
0.867379
0.861462
0.866936
0.85795
0.868989
0.854791
0.870012
0.858201
0.865252
0.85398
0.863219
0.865686
0.860596
0.858929
0.866895
0.860255
0.857771
0.863053
0.874378
0.862879
0.860835
0.865137
0.864291
0.855964
0.869802
0.856398
0.861845
0.869577
0.865111
0.858881
0.868051
0.862889
0.865972
0.871683
0.857793
0.864834
0.858642
0.861474
0.869468
0.870996
0.856135
0.856446
0.876647
0.857261
0.856801
0.853983
0.864995
0.861359
0.867121
0.867939
0.866577
0.854259
0.866061
0.853798
0.867545
0.866277
0.874346
0.862701
0.861074
0.867431
0.860078
0.86016
0.852996
0.859158
0.862841
0.860846
0.851642
0.862522
0.864489
0.87192
0.864778
0.86481
0.864999
0.854398
0.867374
0.853433
0.853165
0.863886
0.867701
0.868546
0.861007
0.860451
0.878992
0.863783
0.869779
0.866397
0.858868
0.86216
0.865386
0.867095
0.870535
0.863321
0.863184
0.864022
0.862067
0.853018
0.859008
0.869508
0.862403
0.86369
0.861879
0.860899
0.87438
0.862697
0.863279
0.865624
0.864851
0.858388
0.866786
0.862332
0.865766
0.865235
0.873461
0.859254
0.867579
0.865782
0.852282
0.867269
0.858326
0.863416
0.878021
0.863918
0.863085
0.874106
0.863798
0.868917
0.849829
0.857609
0.860207
0.86732
0.861823
0.875942
0.85765
0.866261
0.857353
0.865189
0.864278
0.865004
0.868019
0.853909
0.863277
0.863017
0.863163
0.867971
0.858623
0.865266
0.869513
0.861818
0.864997
0.862143
0.856892
0.846119
0.862241
0.858815
0.85551
0.855707
0.867189
0.856423
0.861039
0.863161
0.855497
0.851125
0.866004
0.863966
0.851376
0.865261
0.861863
0.86555
0.859487
0.853301
0.874156
0.872054
0.861465
0.872151
0.864802
0.850461
0.858875
0.851739
0.856525
0.864701
0.864397
0.862418
0.858943
0.854754
0.864882
0.865655
0.868569
0.868612
0.853985
0.852051
0.854782
0.865638
0.85381
0.856529
0.865924
0.861972
0.865379
0.867838
0.864065
0.862503
0.872395
0.867221
0.873989
0.859964
0.851409
0.857362
0.879446
0.856917
0.865499
0.859833
0.859713
0.873153
0.854853
0.871532
0.855202
0.862735
0.855681
0.869174
0.857478
0.868088
0.863667
0.871685
0.858421
0.865351
0.865326
0.857315
0.868233
0.866454
0.86768
0.868449
0.855323
0.866298
0.865384
0.862122
0.858246
0.861239
0.867756
0.862885
0.857845
0.857406
0.858063
0.870546
0.862557
0.870649
0.864766
0.867548
0.85697
0.873007
0.864287
0.879049
0.85636
0.864564
0.853637
0.868477
0.855695
0.855957
0.859788
0.862745
0.851845
0.858222
0.853577
0.851886
0.865565
0.865644
0.864535
0.851815
0.844157
0.878377
0.869237
0.860102
0.85643
0.858505
0.866711
0.875046
0.851247
0.854164
0.85374
0.86577
0.865903
0.867933
0.858077
0.862819
0.863097
0.863773
0.863921
0.854177
0.868936
0.872298
0.867782
0.859185
0.869581
0.853106
0.858979
0.864003
0.873145
0.858411
0.872094
0.857186
0.862599
0.86061
0.861784
0.867474
0.864584
0.861751
0.861991
0.864055
0.861928
0.861803
0.860537
0.854758
0.858526
0.858419
0.856242
0.861471
0.862613
0.865036
0.866658
0.868509
0.863696
0.862347
0.86899
0.873071
0.859791
0.865572
0.864228
0.85964
0.863715
0.8602
0.870655
0.862087
0.85437
0.862096
0.863899
0.872213
0.866097
0.865784
0.859041
0.870826
0.859884
0.855131
0.860637
0.849659
0.8704
0.868944
0.868114
0.857308
0.859149
0.864697
0.855712
0.868965
0.856515
0.85879
0.856795
0.868055
0.858838
0.864763
0.864064
0.865649
0.861203
0.864826
0.872063
0.862785
0.857044
0.866658
0.866535
0.862182
0.859868
0.865574
0.860542
0.855263
0.869322
0.862045
0.864272
0.864644
0.858513
0.862853
0.867588
0.855285
0.852284
0.862972
0.860131
0.86152
0.853521
0.855667
0.865299
0.860578
0.863154
0.865338
0.866654
0.863532
0.85812
0.866441
0.854358
0.868037
0.857327
0.866167
0.865745
0.858201
0.861373
0.864898
0.859384
0.859722
0.863735
0.851368
0.864831
0.844213
0.858899
0.851085
0.861718
0.875878
0.858374
0.874157
0.860114
0.852131
0.870175
0.862561
0.862095
0.870033
0.871803
0.86098
0.860379
0.865728
0.865002
0.862591
0.868755
0.863697
0.859174
0.868911
0.859565
0.866037
0.861037
0.864674
0.86022
0.864601
0.871316
0.858211
0.870788
0.861116
0.863378
0.863011
0.863704
0.853309
0.86872
0.855885
0.856634
0.86595
0.856241
0.869989
0.860681
0.866143
0.868331
0.855306
0.867019
0.866596
0.856544
0.866784
0.869364
0.857019
0.862998
0.85036
0.866901
0.857625
0.882528
0.861177
0.862626
0.850146
0.857288
0.862137
0.863554
0.863194
0.864746
0.858756
0.874514
0.858432
0.863254
0.862778
0.864333
0.864987
0.854558
0.860257
0.854566
0.862233
0.859951
0.849423
0.854176
0.868585
0.873445
0.856506
0.866889
0.870678
0.870118
0.864347
0.857427
0.868122
0.861906
0.853254
0.855298
0.872193
0.860374
0.858941
0.869295
0.859264
0.875087
0.859153
0.863772
0.868311
0.861353
0.864605
0.861535
0.865284
0.864589
0.859288
0.862058
0.866013
0.850103
0.85946
0.863652
0.863595
0.869014
0.853907
0.868529
0.87477
0.873151
0.870404
0.87728
0.863319
0.879248
0.858385
0.857209
0.855816
0.866108
0.869711
0.867587
0.861366
0.861451
0.854758
0.859815
0.867624
0.867672
0.867082
0.861765
0.860067
0.861475
0.868629
0.867779
0.867891
0.849219
0.865996
0.866252
0.856955
0.866773
0.859262
0.869109
0.86905
0.859464
0.85733
0.865891
0.865869
0.870192
0.859322
0.865557
0.866408
0.863934
0.859349
0.860668
0.861492
0.866409
0.869075
0.865088
0.858637
0.864111
0.857191
0.864654
0.851986
0.862927
0.859756
0.864778
0.867775
0.861033
0.869238
0.854071
0.865286
0.859857
0.862926
0.860935
0.874239
0.847124
0.863834
0.862186
0.857349
0.860124
0.859786
0.854047
0.86742
0.862196
0.866228
0.8717
0.870706
0.85554
0.85749
0.854669
0.85424
