1435.9 0.848835 0.00128894
1360.95 0.843602 0.00128707
1178.84 0.847083 0.00133036
1396.99 0.845218 0.00138404
1291.18 0.847904 0.001316
1266.83 0.8461 0.00127944
1218.99 0.845439 0.00128431
1197.52 0.849913 0.00124732
1269.86 0.849218 0.00129617
1346.21 0.851441 0.00131508
1435.55 0.854265 0.00123798
1284.06 0.846213 0.00130791
1244.01 0.848544 0.00130007
1426.91 0.846112 0.00127336
1535.64 0.846251 0.00130437
1279.78 0.849793 0.00127191
1289.82 0.848873 0.0012178
1231.48 0.845552 0.00124286
1248.52 0.844596 0.00129362
1178.48 0.847088 0.00126004
1427.84 0.850693 0.00131847
1283.96 0.849675 0.00130716
1233.19 0.846784 0.00129528
1233.45 0.848475 0.00130469
1323.27 0.846071 0.00128562
1256.62 0.844258 0.00124238
1312.46 0.844567 0.00128227
1218.59 0.844776 0.00124514
1264.86 0.850604 0.000654114
1203.88 0.850596 0.00125168
1338.69 0.844798 0.00127097
1572.59 0.841266 0.00130026
1438.64 0.846152 0.000663948
1285.11 0.848378 0.00124789
1259.14 0.851137 0.001221
1279.34 0.847433 0.000667202
1233.42 0.849556 0.00132214
1253.72 0.850614 0.00131609
1273.9 0.847712 0.0012929
1168.87 0.849976 0.00127574
1846.49 0.840474 0.001255
1439.69 0.847034 0.00128856
1327.78 0.851495 0.0013034
1255 0.84978 0.00127374
1314.27 0.846705 0.00131446
1274.63 0.848892 0.00134854
1236.52 0.844287 0.00130646
1339.26 0.851069 0.00126123
1305.01 0.846163 0.00130898
1321.01 0.84467 0.00129793
1278.57 0.8504 0.00127743
1325.37 0.847192 0.00130813
1198.03 0.845304 0.00130392
1440.9 0.851762 0.00124777
1307.53 0.847707 0.00125807
1339.34 0.850136 0.00130497
1263.05 0.850711 0.00113869
1491.51 0.845056 0.00126013
1186.86 0.84683 0.00130429
1203.39 0.846488 0.00130272
1234.49 0.8447 0.000664557
1459.54 0.849558 0.00129948
1204.12 0.847765 0.00128213
1173.13 0.848747 0.00129662
1302.57 0.84856 0.00125838
1481.16 0.85303 0.00125203
1277.84 0.844936 0.0012997
1382.73 0.846169 0.00130918
1587.94 0.85019 0.00119766
1464.09 0.842811 0.0012987
1352.72 0.850275 0.00128499
1365.99 0.847826 0.00129613
1607.33 0.840577 0.00129716
1221.41 0.848472 0.00129045
1685.46 0.848673 0.00123454
1223.48 0.847243 0.00130459
1230.71 0.847101 0.00122652
1563 0.851945 0.00125292
1286.5 0.852094 0.00126251
1203.37 0.849343 0.00131797
1312.41 0.849879 0.00131743
1254.33 0.846295 0.00132406
1450.05 0.847053 0.00122007
1311.44 0.850611 0.00130187
1293.99 0.845363 0.00130193
1295.78 0.84676 0.00131163
1669.22 0.848212 0.00127797
1190.49 0.851303 0.0012991
1247.08 0.845647 0.00125976
1248.26 0.846823 0.00131071
1294.83 0.851997 0.0012891
1301.7 0.845075 0.00127715
1226.12 0.845632 0.00130062
1568.77 0.848042 0.00128944
1330.7 0.846575 0.00130663
1303.36 0.850024 0.00131726
1460.23 0.85228 0.00128363
1195.35 0.84704 0.00130586
1291.21 0.848615 0.00129563
1459.19 0.853906 0.0013096
4.6501e+06 0.835281 1.11207e-05
1215.78 0.849614 0.000667454
1428.27 0.848471 0.00128858
1467.86 0.849875 0.00127503
1221.44 0.850713 0.00130996
1168.98 0.848883 0.00127241
1252.15 0.850646 0.00129217
1310.9 0.848889 0.00123184
1352.33 0.851955 0.00131392
1366.9 0.847118 0.00128159
1.49791e+07 0.0301036 4.80595e-08
1491.36 0.847033 0.0012796
1378.49 0.847605 0.00131345
1341.37 0.843795 0.00128254
1358.63 0.844255 0.00125191
1348.83 0.847327 0.00126439
6.79657e+06 0.730215 4.04172e-05
1452.91 0.84769 0.00121924
1224.13 0.850301 0.00129178
1227.27 0.847734 0.00129808
1521.72 0.853358 0.0011311
1240.34 0.848198 0.00129245
1313.34 0.849537 0.00127229
1304.3 0.846281 0.00129547
1267.32 0.850742 0.00129801
1258.35 0.849312 0.00125415
1328.54 0.848034 0.00129904
1454.74 0.848731 0.00126745
1373.33 0.852803 0.00128133
1248.78 0.847179 0.00131091
1300.76 0.847642 0.00131239
1300.82 0.848807 0.00132716
1.07809e+06 0.862201 3.77975e-05
1228.47 0.850114 0.00127674
1342.32 0.847196 0.00127731
1322.31 0.845353 0.00130894
1396.16 0.853118 0.00130486
1314.73 0.842906 0.00131861
1562.47 0.854033 0.00131127
1221.21 0.84858 0.00129545
1310.16 0.851445 0.00113531
1418.37 0.852398 0.00128456
1181 0.846642 0.00127682
1251.42 0.850248 0.00132898
1213.18 0.846612 0.00132577
1358.32 0.847071 0.00133973
1270.12 0.850631 0.00130482
1371.59 0.849877 0.00120045
1362.72 0.843256 0.00125665
1337.13 0.846721 0.00119933
1257.03 0.847756 0.00130312
1272.91 0.847829 0.00128655
1314.3 0.847824 0.00130006
1310.66 0.847641 0.00128922
1256.29 0.848469 0.00123187
1369.79 0.850467 0.00131473
1348.39 0.844771 0.00129964
1328.91 0.849057 0.00129477
1382.92 0.85256 0.00126331
1253.23 0.848131 0.00129112
1449.42 0.841876 0.00128619
1467.34 0.847308 0.00120285
1527.28 0.84709 0.00131299
1268.13 0.850206 0.00126521
1280.44 0.844013 0.00125512
1268.89 0.850684 0.0012041
1366.78 0.849254 0.00129888
1319.62 0.852985 0.00130568
1574.39 0.842744 0.00130935
1238.35 0.851031 0.00129703
1262.2 0.847208 0.00130571
1343.08 0.8489 0.00125411
1211.65 0.846709 0.00129948
1.50673e+07 0.993283 1.24256e-07
1319.55 0.849382 0.00121602
1364.91 0.843194 0.00130258
1233.91 0.849078 0.00127533
1252.1 0.847062 0.00133719
1439.06 0.842696 0.00130667
1489.79 0.848468 0.00130218
1305.76 0.845734 0.00132928
1373.23 0.847712 0.00129714
656691 1 6.2709e-06
1273.93 0.847883 0.00128453
1245.65 0.843383 0.00130136
1434.54 0.850279 0.00131052
1.2511e+07 0.00752712 0.57683
1173.36 0.848128 0.00129587
1301.58 0.847355 0.00128255
1399.62 0.851794 0.00131832
1514.45 0.852346 0.00132887
1285.49 0.847228 0.00130907
1418.2 0.849607 0.00128701
1411.08 0.852048 0.0012699
1454.94 0.849004 0.00130716
1309.77 0.848191 0.00132056
1211.07 0.846176 0.00129431
8.59521e+06 0.533081 0.717511
1436.29 0.85106 0.00132502
1.58486e+07 0.868464 1.20873e-06
1223.01 0.851983 0.0012001
1255.34 0.849127 0.00113426
1364.27 0.847568 0.00132455
1295.15 0.844072 0.00132406
1285.72 0.849737 0.00126774
1305.28 0.845955 0.00129682
3.5742e+06 0.00126965 0.000880899
1348.1 0.847602 0.00128407
1264.16 0.847986 0.00131059
1315.48 0.848975 0.0012835
1350.32 0.844599 0.00130855
1227.68 0.85104 0.00129357
1404.65 0.844847 0.00130565
1223.36 0.845664 0.00128417
1282.85 0.844869 0.00131016
1305.08 0.85112 0.00130149
1278.04 0.848305 0.000665843
1284.45 0.849664 0.00130169
1397.71 0.847638 0.00129036
1264.66 0.84588 0.0012405
1232.92 0.848196 0.00125898
1394.76 0.843912 0.00131773
1271.89 0.849798 0.00130333
1454.84 0.848243 0.00125279
1313.95 0.852054 0.00130235
1293.37 0.850752 0.00129775
1257.58 0.84845 0.00131106
1240.66 0.849792 0.00130273
1283.7 0.848669 0.0012879
1297.69 0.846337 0.00128846
1336.48 0.852116 0.000667995
1376.11 0.844575 0.0013207
1217.94 0.847731 0.000663988
1724.71 0.845353 0.00126131
1357.2 0.847662 0.00128036
1702.87 0.854111 0.0012909
1322.6 0.846106 0.00127217
1247.27 0.848483 0.00132039
1395.5 0.847746 0.00133869
1496.09 0.844745 0.000659326
1263.94 0.849823 0.00130358
1358.37 0.848969 0.00127083
1241.8 0.850664 0.00129471
1382.1 0.845806 0.00126403
1552.59 0.849902 0.00132285
1230.71 0.848034 0.00132916
1288.77 0.844137 0.00121446
1440.89 0.846933 0.00126121
1390.92 0.847553 0.00132695
1299.75 0.846075 0.00130858
1431.7 0.847141 0.00128244
1194.72 0.850705 0.00127479
1500.77 0.847502 0.00129755
1279.25 0.846071 0.0013207
1187.46 0.844 0.00130652
1332.07 0.848542 0.00127324
1342.76 0.850194 0.000664099
1247.52 0.847424 0.00131382
1306.35 0.844158 0.00130318
1657.94 0.848454 0.00131683
1294.69 0.848852 0.00128277
1250.87 0.844937 0.00133423
1265.63 0.851154 0.00131429
1337.72 0.853022 0.00125744
1220.5 0.846325 0.00130283
1270.14 0.848781 0.00132895
1619.57 0.855745 0.00130062
1470.92 0.845042 0.00126262
1312.07 0.850495 0.0013087
1200.37 0.850079 0.0013074
1273.63 0.852854 0.00135886
1299.71 0.848882 0.00129497
1251.42 0.85087 0.00129871
1235.75 0.850147 0.00130657
1375.11 0.845089 0.00131428
1370.25 0.850093 0.00129025
1185.07 0.845824 0.00131041
1293.48 0.850153 0.00131513
1228.11 0.850076 0.00128275
1311.32 0.847915 0.00131116
1337.13 0.848574 0.00127236
1336.62 0.843018 0.00128518
1349.04 0.844988 0.00129108
1212.95 0.849451 0.00128752
1255.47 0.84734 0.00130951
1313.75 0.84998 0.00130488
1572.3 0.843171 0.00130932
1270.13 0.852452 0.0013217
1260.48 0.848722 0.00128068
1231.21 0.851247 0.00126637
1404.56 0.849398 0.00131329
1233.7 0.847049 0.00130395
1292.96 0.845844 0.00128531
1314.02 0.843205 0.00130178
1456.04 0.851735 0.00126851
1227.94 0.844996 0.000330176
1482.17 0.851211 0.0013264
1339.09 0.844989 0.00123063
1236.73 0.848305 0.00123892
1332.32 0.847931 0.00131143
1382.66 0.848689 0.00130801
1178.03 0.846402 0.00129316
1360.95 0.848308 0.00128922
1378.85 0.849181 0.00129932
1324.09 0.849867 0.00128863
1383.53 0.848762 0.00126584
1302.96 0.846961 0.00134304
1403.02 0.848315 0.00126464
1230.97 0.850092 0.00123229
1252.99 0.853384 0.00124656
1243.93 0.848594 0.00120831
1396.11 0.853726 0.00130731
1334.82 0.846127 0.00130222
1250.48 0.846246 0.00130031
1669.54 0.841869 0.00121277
1198.42 0.8494 0.00127943
1319.97 0.846532 0.00125175
1250.34 0.846391 0.00131437
1397.89 0.8496 0.00131875
1222.89 0.845965 0.00130906
1296.05 0.848592 0.00123518
1366.09 0.844324 0.00129062
1470.57 0.853386 0.00130555
1385.21 0.852956 0.00131112
1216.9 0.848433 0.00130861
1522.37 0.849561 0.00129635
1193.73 0.850287 0.0012668
1335.52 0.851603 0.001265
1483.88 0.85086 0.00131086
1273.2 0.845524 0.00129567
1334.78 0.849942 0.00130429
1236.62 0.851818 0.00127435
1270.67 0.847923 0.00131468
1633.1 0.856288 0.00132167
1259.08 0.85005 0.00131801
1553.52 0.844597 0.00124292
1329.72 0.847582 0.00131368
1369.36 0.847672 0.0012795
2.33642e+06 0.845549 7.71912e-05
5.1643e+06 0.709628 4.85513e-05
1258.18 0.84764 0.00133805
1277.24 0.849661 0.00131132
1248.54 0.848804 0.00130603
1327.9 0.85038 0.00128881
1272.41 0.849274 0.00124406
1753.88 0.842412 0.00131697
1395.23 0.850636 0.00130417
1307.18 0.852182 0.00128098
1334.08 0.848883 0.00125389
1320.84 0.850327 0.000668099
1131.87 0.848512 0.00126819
1231.88 0.849074 0.001267
1419.77 0.849181 0.00124915
1286.82 0.849979 0.00131479
1474.79 0.841656 0.000807294
1353.34 0.849118 0.00128983
1317.29 0.851663 0.00132598
1265.18 0.850274 0.00130962
1421.62 0.846996 0.00132054
1243.48 0.84983 0.0013139
1268.92 0.847501 0.0013095
1226.03 0.847532 0.00126736
1288.67 0.847714 0.00133761
1267.56 0.852697 0.00126125
1470.4 0.849971 0.0013108
1672.13 0.838828 0.00132557
1415.33 0.852158 0.00130495
1370.78 0.847041 0.00127469
1340.12 0.852879 0.00131255
1244.37 0.848238 0.00128668
1303.38 0.848518 0.00130749
1356.26 0.842807 0.00122056
1401.08 0.847217 0.00131169
1392.11 0.848038 0.00130127
1336.36 0.849668 0.00132228
1314.19 0.847017 0.00124703
1323.49 0.851194 0.00120571
1488.67 0.846156 0.00132965
1273.61 0.850019 0.00130346
1337.14 0.846069 0.00129775
1400.78 0.846501 0.00121876
1308.42 0.847046 0.00129588
1271.33 0.852431 0.00130275
1448.73 0.844543 0.00128741
1417.8 0.846413 0.00131463
1390.62 0.85165 0.00124309
1300.7 0.846962 0.000664786
1283.61 0.848804 0.00132288
1305.7 0.852481 0.00124517
1467.99 0.849529 0.00130928
1343.94 0.848007 0.00121547
1320.31 0.850299 0.00132295
1239.19 0.845862 0.00130507
1346.95 0.848003 0.0013109
1317.72 0.8448 0.00130029
1324.11 0.853937 0.00131184
1534 0.854044 0.00121362
1194.97 0.847451 0.00130207
1194.39 0.848626 0.00132623
1289.6 0.84484 0.00128622
1349.71 0.850592 0.00131971
1257.19 0.848334 0.00129759
1383.7 0.848502 0.00128948
1316.6 0.847417 0.00130336
1352.94 0.843728 0.00136468
1326.51 0.84688 0.00130324
1254.08 0.850904 0.00127697
1311.36 0.84615 0.00128503
1231.49 0.84476 0.000660667
1291.35 0.851523 0.00066397
1390.49 0.847401 0.00129149
1369.09 0.848582 0.00132401
1335.79 0.846173 0.00134798
1277.02 0.849745 0.00134382
1267.76 0.84576 0.00122338
1329.79 0.847854 0.00131077
1350.96 0.846433 0.00130132
1523.4 0.841761 0.00131461
1223.84 0.848383 0.00135819
1238.48 0.846111 0.00130849
1574.85 0.85218 0.00130106
1301.59 0.849527 0.0013066
1225.14 0.850877 0.00131179
6.22327e+06 0.933921 0.704359
8.91483e+06 0.999399 1.32245e-05
1352.7 0.84824 0.00130489
1606.65 0.854753 0.00132387
1183.32 0.851374 0.00121745
1242.11 0.845351 0.00129417
1270.91 0.846135 0.00129288
1420.44 0.852774 0.00130185
1554.22 0.854614 0.00125621
1255.74 0.854946 0.00129693
1275.55 0.846057 0.00130259
1314.29 0.845554 0.00118833
1339.9 0.847658 0.00130061
1276.24 0.846212 0.001314
1323.42 0.852397 0.0013183
1297.98 0.846955 0.00125573
1383.3 0.846993 0.00130716
1391.6 0.849046 0.00129568
1472.5 0.849202 0.00121391
1293.25 0.848741 0.00124033
1285.89 0.85122 0.00117791
1424.75 0.848553 0.00131314
1400.49 0.851037 0.00130067
1206.58 0.848623 0.00131759
1324.89 0.846125 0.00124317
1357.31 0.852269 0.00130854
1211.5 0.846534 0.00130933
1246.78 0.846225 0.00129216
1274.59 0.852394 0.00130445
1410.98 0.848737 0.00127712
1227.29 0.845326 0.000665944
1373.77 0.849254 0.00131867
1546.29 0.846909 0.00129738
1262.55 0.848205 0.00119139
1337.18 0.845691 0.00127251
1225.18 0.849877 0.00126746
1260.64 0.849016 0.00126344
1194.24 0.847825 0.00130593
1578.94 0.845767 0.00128623
1204.44 0.847059 0.00127931
1321.17 0.846998 0.00130308
1168.57 0.844433 0.00127446
1271.64 0.849335 0.00132712
1257.18 0.848007 0.00129633
1452.4 0.847508 0.00127445
1238.17 0.849256 0.00128259
1228.04 0.847169 0.000666588
1669.7 0.843934 0.00131847
1337.09 0.845706 0.00125549
1297.86 0.849712 0.00130822
1387.51 0.852622 0.00131514
1450.23 0.850931 0.00132033
1429.18 0.855017 0.00130826
1242.81 0.848723 0.00129224
1561.74 0.844686 0.00131841
1298.17 0.849114 0.000658402
1222.45 0.847253 0.00131207
1206.45 0.848903 0.00117342
1347.96 0.845752 0.00127144
1303.27 0.844805 0.00117196
1148.83 0.848716 0.00131069
1419.84 0.849862 0.00128177
1150.75 0.847605 0.00122356
1239.5 0.844792 0.00129535
1293.14 0.850639 0.00122848
1235.7 0.849557 0.00133466
1364.03 0.845893 0.00130621
1170.28 0.848343 0.00128671
1281.56 0.84664 0.00124394
1344.2 0.852474 0.00129596
1264.56 0.852748 0.00131254
1266.62 0.852531 0.00129548
1161.68 0.849624 0.00126013
1322.86 0.851376 0.00131251
1281.16 0.849614 0.00125778
1299.35 0.846809 0.00128701
1315.17 0.85176 0.00124081
1554.99 0.851841 0.00134399
1340.7 0.844183 0.00130832
1.39417e+07 0.915795 0.712406
1232.94 0.848361 0.00130828
1294.31 0.849714 0.00129716
1273.11 0.850872 0.00131447
1367.03 0.848579 0.00134906
1.40302e+07 0.799882 2.72096e-05
1.30195e+07 0.150947 0.881877
1244.49 0.848409 0.00131353
1211.44 0.846458 0.00130068
1657.57 0.840848 0.00130127
1281.03 0.847895 0.00129511
1264.35 0.848459 0.00126288
1336.01 0.844328 0.00129659
1350.91 0.851005 0.00126169
1303.7 0.849664 0.00122565
1225.04 0.846118 0.00127423
1519.4 0.845134 0.0012761
1335.89 0.849971 0.00129357
1321.58 0.851057 0.00129142
1429.98 0.84517 0.00120843
1211.11 0.845518 0.00130351
1332.12 0.851159 0.00130514
1501 0.85328 0.00126945
1310.48 0.849826 0.00129507
1295.34 0.851853 0.00126994
1320.23 0.850235 0.00129526
1376.75 0.848193 0.00128614
1218.47 0.844863 0.00128841
1314.9 0.847073 0.00132235
1309.03 0.85015 0.00131111
1359.88 0.847973 0.0012028
1296.35 0.846749 0.00130342
1269 0.853263 0.00131344
1180.94 0.847856 0.00133495
1469.79 0.850871 0.00131253
1240.77 0.848523 0.00130164
1203.76 0.844104 0.00122479
1480.73 0.844113 0.00129999
1307.87 0.847956 0.00132936
1352.66 0.845813 0.0012984
1508.06 0.85146 0.00120961
1259.94 0.854223 0.00129406
1680.53 0.843207 0.00130901
1396.64 0.851563 0.00130148
1399.54 0.846384 0.00128282
1276.78 0.847103 0.00130614
1629.49 0.844755 0.00130381
1402.6 0.852777 0.00133476
1284.51 0.845829 0.000659373
1501.72 0.851596 0.00132598
1327.77 0.84756 0.00128684
1336.36 0.848938 0.0012997
1240.48 0.845829 0.00126214
1318.43 0.844073 0.00125348
1400.69 0.84833 0.00130931
1531.62 0.849645 0.0012814
1215.22 0.851108 0.00129263
1234.21 0.848542 0.0013264
1212.6 0.849284 0.00131915
1297.29 0.8511 0.00128137
1272.34 0.849215 0.00130593
1252.18 0.843958 0.00129747
1300.4 0.851878 0.00130123
1172.76 0.85085 0.00132748
1382.22 0.844753 0.00132259
1219.02 0.84612 0.000664041
1298.91 0.847822 0.001282
1.64578e+07 0.276842 1.81527e-05
1475.72 0.849595 0.00123533
1.91893e+07 0.927497 0.707364
1238.67 0.849589 0.00130063
1644.06 0.847791 0.00131221
1428.73 0.848497 0.00131509
1302.41 0.847099 0.00129774
1317.74 0.847618 0.00128037
1482.67 0.850248 0.0013029
1244.69 0.851135 0.00129086
1329.91 0.850247 0.00130603
1294.69 0.852098 0.00129875
1450.03 0.852339 0.00131535
1329.82 0.850342 0.00125162
1297.9 0.846483 0.00128254
1266.58 0.849513 0.000666582
1421.25 0.850081 0.00127683
1285.55 0.842462 0.00128602
1336.25 0.849155 0.00130365
1350.58 0.847981 0.00129628
1301.21 0.850802 0.00128883
1465.95 0.847276 0.0013338
1418.12 0.849189 0.00128151
9.27687e+06 0.981131 2.86467e-06
1523.97 0.850801 0.00130247
1462.38 0.846379 0.00131863
1503.86 0.845676 0.00126508
1334.83 0.851145 0.00129228
1309.81 0.848762 0.00131397
1270 0.849185 0.00130913
1.43345e+07 0.943297 0.000104034
1284.31 0.849331 0.00122994
1418.8 0.847202 0.00127369
1317.59 0.843564 0.00126435
1349.33 0.851991 0.00131389
1264.75 0.845647 0.00114799
1289.92 0.848253 0.00127442
1343.01 0.849317 0.00105968
1258.18 0.849657 0.0013294
1312.31 0.852162 0.00130954
1372.24 0.847582 0.00126639
1369.32 0.851292 0.00131587
1240.66 0.849305 0.00129267
1312.45 0.844907 0.00124033
1316.92 0.848437 0.000663697
1301.78 0.848861 0.00130384
1353.56 0.848841 0.00131062
1242.58 0.847 0.00132216
1386.65 0.846461 0.00131026
1269.48 0.848136 0.00130529
1356.53 0.844739 0.00127875
1238.87 0.848639 0.00131355
1428.63 0.844062 0.0012864
1291.17 0.847818 0.00125163
1392.66 0.845088 0.00127544
1483.09 0.851052 0.0012664
1312.42 0.8507 0.00130109
1232.9 0.846159 0.0012976
1408.71 0.848449 0.00117095
1280.94 0.851306 0.00130605
1293.77 0.849142 0.000665731
1574.78 0.846265 0.00128452
1549.09 0.850139 0.00131761
1282.97 0.85032 0.00126476
1360.27 0.846178 0.0013006
1571.87 0.840226 0.00129113
1277 0.844676 0.00130346
1254.9 0.849733 0.000667832
1418.08 0.851838 0.00125169
1534.35 0.847287 0.00129844
1401.99 0.843891 0.00129656
1523.75 0.851888 0.00123512
1249.71 0.845233 0.0012782
1349.5 0.850929 0.00125165
1307.32 0.847585 0.00130841
1188 0.846905 0.00127647
1210.71 0.848782 0.00127819
1267.06 0.848367 0.00131317
1397.12 0.85358 0.00131162
1334.72 0.848813 0.0012421
1284.72 0.848726 0.00128507
1409.24 0.842732 0.00129998
1487.9 0.852523 0.000264531
1324.44 0.849597 0.00127409
1296.87 0.849612 0.00123415
1256.23 0.850248 0.00128219
1377.44 0.850937 0.0013191
1203.16 0.848432 0.00127773
1416.6 0.846207 0.001305
1202.82 0.852636 0.0012659
5.12648e+06 0.994067 0.645873
1296.7 0.844412 0.0012539
1348.56 0.846186 0.00131892
1232.27 0.845814 0.00127031
1266.22 0.848949 0.00127149
1356.95 0.854397 0.001267
1274.98 0.842533 0.00130106
1258.09 0.84917 0.000664854
1407.2 0.843777 0.00128893
1206.3 0.852708 0.0012893
1374.52 0.851159 0.00125457
1256.85 0.848797 0.00129856
1552.5 0.847207 0.00130976
1338.62 0.846669 0.00132284
1706.93 0.845982 0.00126612
1390.37 0.846067 0.00129769
1536.36 0.841475 0.00128739
1337.08 0.84707 0.00126165
1203.2 0.846846 0.00121075
1394.99 0.844648 0.00125107
1226.56 0.844909 0.00131487
1438.08 0.843662 0.00128005
1213.56 0.851326 0.00131208
1259.61 0.846437 0.00129764
1371.42 0.846908 0.0012794
1305.29 0.852571 0.00125131
1388.54 0.8496 0.00124553
1303.79 0.852545 0.00130113
1336.47 0.844413 0.00128267
1244.46 0.848614 0.00129932
1332.59 0.843866 0.00130058
1217.52 0.850643 0.00130047
1358.84 0.843453 0.0013044
1377.87 0.845042 0.00119623
1254.04 0.851425 0.000666087
1222.25 0.850393 0.0012951
1226.32 0.847506 0.00131887
1352.31 0.849821 0.00122668
1369.73 0.849668 0.00129379
1364.29 0.846834 0.000272798
1281.23 0.849281 0.00132773
3.23848e+06 0.957236 4.98654e-05
1506.5 0.852785 0.00131336
1336.25 0.850545 0.00126031
1250.55 0.848308 0.00128008
1236.58 0.84724 0.00130632
1642.24 0.844798 0.00131032
1245.97 0.851435 0.00130413
1183.52 0.845316 0.00128076
1317.41 0.842713 0.00127933
1262.64 0.848514 0.00130809
1518.11 0.84147 0.00126863
1365.17 0.845315 0.00126805
1279 0.850447 0.00128431
1495.85 0.854027 0.00131228
1331.87 0.846137 0.00129258
1323.17 0.847539 0.00130905
1241.22 0.851009 0.00132363
1255.41 0.848644 0.0012704
1488.09 0.854452 0.00130944
1276.9 0.851476 0.00131048
1214.54 0.845687 0.0012941
1224.18 0.849702 0.00125195
1271.08 0.846044 0.0012408
1471.74 0.848318 0.00131053
1254.5 0.84817 0.0013062
1251.88 0.848935 0.00130455
1649.3 0.849342 0.00131536
1198.67 0.847533 0.00125551
1226.92 0.849481 0.00132327
1266.6 0.846139 0.0013116
1390.55 0.851424 0.00131884
1603.68 0.847484 0.001316
1508.54 0.848058 0.00125964
1347.08 0.850098 0.00131251
1332.18 0.848085 0.00129955
1506.65 0.850003 0.00130246
1399.02 0.847524 0.00128183
1354.81 0.851172 0.00127353
8.09813e+06 0.977816 4.38545e-06
1445.96 0.843636 0.00129667
1267.78 0.8485 0.00133363
1221.21 0.847424 0.00133488
1455.94 0.847807 0.00120045
1356.17 0.85155 0.00121834
1246.93 0.847436 0.0012964
1307.4 0.846621 0.00131
1315.12 0.843093 0.00128957
1463.57 0.845018 0.00128798
1247.45 0.845696 0.00127833
2.37958e+06 0.994333 7.13258e-06
796727 0.293958 0.000326667
1434.5 0.848067 0.00128187
1362.67 0.844383 0.0013018
1268.13 0.848269 0.0013115
1334.9 0.847294 0.00130488
1397.96 0.848884 0.00128635
1203.94 0.849331 0.00122839
1291.03 0.850528 0.00132331
1322.97 0.846787 0.00130704
1235.71 0.8443 0.00125617
1344.1 0.849169 0.00130735
1347.47 0.850412 0.00123436
1301.04 0.847969 0.00131043
1492.86 0.849351 0.00127881
1238.14 0.846717 0.00131379
1418.78 0.851763 0.00131791
1258.13 0.848958 0.00132142
1319.24 0.852009 0.00133271
1364.25 0.849286 0.00128886
1322.06 0.847417 0.00127074
1298.69 0.845775 0.00129973
1.26225e+07 0.76842 2.33856e-07
1443.1 0.850984 0.00131526
1409.67 0.849144 0.00129408
1.73516e+07 0.77542 0.188162
1329.54 0.849613 0.00125667
1272.56 0.851792 0.00129904
1273.46 0.849389 0.00123422
1435.57 0.853473 0.0012738
1285.95 0.848548 0.0013082
1200.06 0.848679 0.00130548
1322.83 0.844871 0.00126218
1304.91 0.842941 0.00127706
1401.51 0.847087 0.00126408
1249.74 0.848033 0.00129643
1290.73 0.848544 0.0013059
1360.87 0.848187 0.00133318
1372.61 0.850168 0.00124291
1324.18 0.850677 0.000667085
1191.4 0.846056 0.00131111
1215.59 0.850439 0.00123289
1350.84 0.842939 0.00132271
1353.95 0.849692 0.000666733
1419.77 0.850873 0.00128755
1131.41 0.845496 0.000664048
1552.84 0.843735 0.00130221
1176.89 0.85244 0.00140056
1391.67 0.846498 0.00129096
1325 0.843715 0.00130687
1310.95 0.85015 0.00126934
1482.74 0.851851 0.00128573
1207.97 0.849916 0.00129009
1667.63 0.848092 0.00123286
1209.03 0.848284 0.000619973
1397.65 0.843411 0.000582137
1292.25 0.848881 0.00124333
1405.12 0.844385 0.0012682
1387.82 0.849315 0.00130772
1230.17 0.847987 0.00123256
1269.86 0.850508 0.000655052
1342.45 0.85123 0.00129074
1288.09 0.848005 0.00128654
1278.72 0.849651 0.0012516
1543.92 0.847852 0.0013115
1187.18 0.846171 0.00133121
1218.26 0.849057 0.00124836
1280.09 0.85055 0.00131284
1387.54 0.84668 0.00127212
1377.8 0.853837 0.00130914
1230.3 0.850026 0.00126918
1628.92 0.84417 0.00127943
1402.26 0.846383 0.00122918
1317.15 0.84834 0.00132685
1381.33 0.846101 0.00120151
1231.36 0.846112 0.00129239
1348.17 0.851975 0.00130746
1260.05 0.845381 0.00130552
1368.42 0.843501 0.00125988
1438.75 0.846534 0.00123883
1339.76 0.843549 0.00130478
1413.22 0.846396 0.00134958
1241.52 0.849165 0.00128804
1296.37 0.847362 0.00129772
1354.33 0.849755 0.00126162
1218.08 0.849137 0.00122489
1326.82 0.848072 0.00128625
1257.01 0.847717 0.00066565
1343.96 0.850269 0.00130116
1222.74 0.849982 0.00124049
1434.42 0.848173 0.000665387
8.18528e+06 0.966522 0.531548
1305.62 0.848349 0.00131593
1358.72 0.853297 0.00124249
1151.9 0.848681 0.00131595
1339.09 0.850298 0.00125602
1180.3 0.848222 0.0012424
1223.9 0.849855 0.000663852
1328.8 0.847843 0.00134454
1387.78 0.845163 0.00127823
1285.97 0.846987 0.00133655
1464.45 0.845846 0.00126809
1.35777e+07 0.273578 3.13294e-05
1297.19 0.851236 0.00131321
1304.41 0.8498 0.00128684
1393.14 0.853976 0.00129718
1237.17 0.846211 0.00129831
1482.82 0.847865 0.00127278
1270.46 0.84632 0.00128318
1629.79 0.852413 0.00130095
1319.48 0.847755 0.00128185
1288.91 0.846982 0.00129238
1457.1 0.847872 0.00126883
1469.61 0.843337 0.00129894
1401.83 0.847577 0.00128809
1666.45 0.851944 0.00123376
1301.33 0.851648 0.00125374
1338.1 0.847015 0.00121332
1283.98 0.8467 0.00126222
1395.63 0.851122 0.00122572
1243.65 0.849054 0.0012932
1307.48 0.849553 0.000665843
1239.68 0.84736 0.00127938
1241.24 0.84954 0.0012686
1181.4 0.848388 0.00128554
1232.33 0.845334 0.00130126
1328.86 0.848759 0.0012761
1393.2 0.85096 0.00128819
1472.97 0.851252 0.00129112
1300.96 0.844599 0.00133019
1323.12 0.844256 0.001275
1428.58 0.845836 0.00131627
1376.01 0.851812 0.00116821
1452.56 0.848728 0.00129995
1302.5 0.846584 0.00130072
1296.31 0.846657 0.00128425
1273.11 0.847676 0.00123331
1357.12 0.843761 0.0013029
1335.04 0.850795 0.00128909
1315.26 0.847403 0.00129189
1366.11 0.851764 0.000666287
1331.23 0.848436 0.000661938
1208.45 0.84856 0.00110576
1422.88 0.850572 0.00130263
1388.39 0.854638 0.00128984
1336.78 0.849935 0.00129264
1213.92 0.84806 0.00124976
1247.92 0.849151 0.000667824
1344.78 0.848954 0.00127034
1277 0.846086 0.000662888
1161.05 0.849985 0.00133028
1412.04 0.851709 0.00119377
1292.33 0.850346 0.00129448
1359.21 0.851196 0.00130638
1401.15 0.852223 0.00130532
1303.47 0.847274 0.00130849
1507.54 0.847147 0.00131937
1201.72 0.848638 0.00133451
1246.83 0.849527 0.00130164
1385.82 0.846368 0.00129807
1179.15 0.849458 0.00125773
1284.94 0.845307 0.00134235
1429.19 0.844975 0.00131148
1317.95 0.850246 0.00132326
1411.28 0.846639 0.00131293
1250.73 0.849125 0.00126831
1265.26 0.849169 0.0012862
1234.8 0.847942 0.00127988
1283.79 0.850111 0.00122652
1392.63 0.846875 0.00127927
1603.52 0.850792 0.00128219
1195.95 0.847987 0.00130763
1317.3 0.848079 0.00130573
1320.42 0.850446 0.0012956
1427.38 0.845422 0.00131026
1240.58 0.848615 0.0012189
1423.83 0.846922 0.00129288
1241.08 0.846633 0.00130661
1210.77 0.850533 0.00128973
1317.01 0.844263 0.00129821
1407.25 0.847916 0.00127405
1416.92 0.853922 0.000666454
1182.42 0.846071 0.00128025
1165.63 0.847528 0.00125441
1411.15 0.850233 0.00130821
1491.76 0.851991 0.00128362
1347.18 0.848684 0.00128921
1226.12 0.846071 0.00132954
1277.03 0.845604 0.000987426
1295.89 0.847712 0.00130907
1325.59 0.851097 0.00131889
1238.74 0.845498 0.00133515
1361.34 0.851059 0.00128951
1363.83 0.84849 0.00124025
1285.42 0.848432 0.00132339
1241.05 0.848191 0.00132675
1329.71 0.849115 0.00130812
1367.14 0.847687 0.000664795
1416.88 0.848479 0.00128625
1302.36 0.848273 0.00127547
1301.8 0.849192 0.00125089
1213.32 0.847117 0.00129086
1481.55 0.844044 0.00129745
1256.86 0.848406 0.00129615
1443.85 0.847979 0.00120821
1269.17 0.847013 0.00131758
1689.8 0.854699 0.00126303
1349.46 0.848225 0.00129468
1550.94 0.850432 0.00132523
1445.28 0.850317 0.00129104
1305.06 0.84391 0.00129825
1408.54 0.849378 0.00131669
1511.05 0.84793 0.00129171
1278.64 0.850598 0.00130801
1220.75 0.84859 0.00130106
1352.87 0.852283 0.00123399
1635.34 0.854554 0.00135297
1377.5 0.847809 0.00130988
1503.11 0.841709 0.00130562
1280.58 0.852559 0.00133243
1472.49 0.846679 0.00130439
1493.9 0.843498 0.00130017
1471.03 0.849836 0.000667551
1550.65 0.847898 0.00132527
1217.23 0.852803 0.00131626
1736.68 0.85698 0.00115905
1206.23 0.849606 0.00131682
1258.95 0.849836 0.00130473
1301.38 0.850061 0.00131537
1533.17 0.846384 0.00125114
1284.52 0.849209 0.00131128
1335.28 0.847827 0.00125989
1303.56 0.848233 0.00126358
1295.23 0.849077 0.00130072
1291.31 0.852278 0.0012233
1306.42 0.851133 0.00129538
1397.47 0.852809 0.00132493
1456.16 0.843377 0.00130779
1268.12 0.847307 0.00131492
1369.48 0.848752 0.00122753
1244.64 0.847609 0.00127355
1236.8 0.849735 0.00127474
1438.46 0.845063 0.00131109
1256.24 0.851917 0.00131625
1347.33 0.850264 0.00125974
1339.36 0.84743 0.00126913
1228.57 0.847615 0.0013176
1230.97 0.846568 0.00132351
1292.03 0.847205 0.00131092
1358.84 0.845747 0.00111211
1282.31 0.845882 0.00131281
