0.846334
0.845549
0.851725
0.84562
0.846087
0.847177
0.848467
0.847356
0.848406
0.84552
0.849195
0.845388
0.847966
0.848658
0.846831
0.855243
0.847374
0.848646
0.847908
0.852453
0.844706
0.848542
0.848966
0.853027
0.849036
0.848658
0.841697
0.849987
0.843272
0.845488
0.845323
0.849606
0.853295
0.850029
0.845628
0.84841
0.848872
0.848199
0.847355
0.842222
0.851145
0.850998
0.846774
0.846477
0.846263
0.844737
0.844527
0.849852
0.849938
0.843557
0.844039
0.847875
0.848445
0.850883
0.850659
0.849311
0.846287
0.845478
0.84408
0.847664
0.849045
0.846667
0.846918
0.842283
0.848556
0.84387
0.845184
0.845963
0.845556
0.844055
0.847329
0.84945
0.847915
0.844842
0.845225
0.844638
0.84813
0.846616
0.845955
0.850948
0.848278
0.850231
0.85048
0.854889
0.843636
0.846052
0.843566
0.844876
0.842022
0.846339
0.843877
0.849162
0.842984
0.845749
0.851251
0.84769
0.846949
0.842155
0.849668
0.846626
0.84608
0.844017
0.852404
0.843926
0.846466
0.845212
0.844611
0.847306
0.850991
0.849687
0.851832
0.84954
0.845314
0.848534
0.842437
0.854653
0.848437
0.851642
0.84527
0.845143
0.847462
0.849795
0.846093
0.844908
0.846943
0.849776
0.845155
0.84968
0.848516
0.849322
0.850697
0.847315
0.848026
0.845096
0.849868
0.847483
0.849832
0.850451
0.847118
0.849334
0.847349
0.849994
0.841647
0.843978
0.846361
0.845495
0.852725
0.850911
0.850104
0.842565
0.853916
0.849233
0.845899
0.848866
0.843855
0.844748
0.847
0.849191
0.847173
0.846521
0.845164
0.846331
0.847674
0.845817
0.846657
0.846889
0.85164
0.845321
0.849098
0.842977
0.847364
0.850108
0.848918
0.8458
0.847556
0.850656
0.850335
0.851445
0.847869
0.850854
0.847586
0.84588
0.850517
0.847068
0.848159
0.848358
0.8483
0.843937
0.847122
0.84845
0.85022
0.851074
0.846145
0.845729
0.851355
0.843152
0.848209
0.850745
0.849084
0.84883
0.84617
0.84516
0.845205
0.846935
0.839153
0.847502
0.846059
0.84578
0.848588
0.851392
0.851912
0.846287
0.846119
0.849435
0.844601
0.847626
0.847713
0.843774
0.846444
0.850077
0.845122
0.84478
0.841012
0.84919
0.846952
0.848692
0.845515
0.842163
0.845437
0.849207
0.843953
0.852661
0.841619
0.845962
0.848023
0.848354
0.850233
0.847394
0.845641
0.846405
0.84985
0.848822
0.847692
0.845067
0.847296
0.849014
0.846735
0.844137
0.844977
0.846023
0.848483
0.844493
0.845619
0.846419
0.846343
0.846481
0.845778
0.847508
0.845717
0.848537
0.846066
0.850019
0.848185
0.852185
0.846822
0.846466
0.850992
0.84814
0.847566
0.847568
0.849727
0.849932
0.849317
0.845653
0.844784
0.847366
0.845295
0.84158
0.846098
0.850981
0.84957
0.845307
0.842229
0.842777
0.847765
0.845537
0.847335
0.849446
0.84624
0.847924
0.840238
0.848376
0.847695
0.848927
0.850702
0.844828
0.848603
0.846374
0.848785
0.842915
0.84832
0.841354
0.848694
0.848664
0.844037
0.843207
0.846362
0.845641
0.852647
0.847486
0.851537
0.848
0.848302
0.846654
0.8456
0.852144
0.845947
0.852834
0.842916
0.849274
0.850271
0.849158
0.850065
0.845732
0.842434
0.847783
0.848248
0.848731
0.847168
0.84582
0.847657
0.846622
0.847447
0.845454
0.849246
0.854213
0.845071
0.841669
0.85102
0.847171
0.844982
0.85224
0.843037
0.846097
0.848058
0.846831
0.850025
0.844292
0.851807
0.8497
0.844589
0.845004
0.848383
0.848964
0.851108
0.849086
0.847987
0.849775
0.847558
0.84505
0.844229
0.850382
0.842332
0.843147
0.849427
0.843954
0.849007
0.851387
0.84633
0.851025
0.844198
0.846064
0.848544
0.85105
0.846668
0.844483
0.84874
0.847686
0.84643
0.845782
0.848536
0.852981
0.844185
0.84751
0.846567
0.85149
0.847589
0.852113
0.85055
0.847292
0.845787
0.847458
0.851579
0.84656
0.848556
0.844145
0.848994
0.851882
0.848712
0.848018
0.849801
0.850771
0.850756
0.845848
0.849076
0.844735
0.846446
0.847434
0.845208
0.846703
0.84638
0.846722
0.846117
0.84329
0.844659
0.850162
0.847059
0.850235
0.849415
0.842645
0.845678
0.851063
0.844397
0.847392
0.848456
0.842646
0.85232
0.848322
0.846004
0.843404
0.847497
0.849633
0.846652
0.852436
0.855022
0.848658
0.84351
0.845336
0.849988
0.846434
0.847657
0.847025
0.849508
0.850094
0.847524
0.848894
0.847262
0.848675
0.85044
0.847792
0.846111
0.847994
0.852283
0.844737
0.844802
0.851721
0.845467
0.852799
0.844556
0.849579
0.850705
0.842485
0.84934
0.847327
0.846636
0.843704
0.84829
0.846349
0.846776
0.846862
0.849946
0.848269
0.843885
0.845055
0.850058
0.848731
0.851345
0.84658
0.846181
0.851415
0.847626
0.84982
0.847222
0.847068
0.84808
0.845656
0.84388
0.85041
0.847782
0.850395
0.844868
0.84538
0.846349
0.847009
0.847059
0.848979
0.847082
0.84503
0.846355
0.846807
0.843899
0.847977
0.848806
0.850613
0.852871
0.844112
0.848496
0.844292
0.850915
0.851195
0.852253
0.850309
0.847146
0.845769
0.84318
0.84539
0.846894
0.854575
0.849246
0.844771
0.845527
0.845205
0.845169
0.845517
0.848376
0.851839
0.850158
0.846809
0.849397
0.847119
0.847019
0.850563
0.845676
0.845714
0.850033
0.850542
0.849271
0.850361
0.848269
0.84483
0.847779
0.843876
0.850022
0.847432
0.851451
0.84271
0.845412
0.847538
0.847031
0.84763
0.844702
0.849997
0.845943
0.846646
0.849371
0.851649
0.845848
0.849675
0.850491
0.848564
0.846877
0.848876
0.846889
0.848918
0.848973
0.851364
0.844497
0.845148
0.84716
0.847635
0.847196
0.846292
0.846264
0.8442
0.850203
0.844982
0.846876
0.847655
0.847977
0.849405
0.850465
0.852553
0.849866
0.843094
0.844365
0.843523
0.851428
0.850184
0.848146
0.849545
0.846015
0.846132
0.846391
0.846732
0.850075
0.848394
0.845626
0.851105
0.841965
0.846099
0.846956
0.845661
0.850189
0.847157
0.846741
0.842681
0.847086
0.847623
0.848143
0.847785
0.849875
0.84662
0.847156
0.845551
0.845947
0.844722
0.850391
0.848878
0.845323
0.84617
0.844041
0.848303
0.848283
0.849126
0.846159
0.844201
0.850265
0.842426
0.849348
0.842672
0.848772
0.844618
0.854151
0.843899
0.852702
0.842214
0.851862
0.844728
0.844757
0.841044
0.851198
0.846133
0.848902
0.844919
0.847625
0.847481
0.848342
0.851534
0.851138
0.8493
0.845505
0.848925
0.846401
0.845977
0.849606
0.847035
0.848257
0.848331
0.850373
0.850959
0.849459
0.847122
0.848511
0.847958
0.844564
0.838094
0.844535
0.846965
0.845447
0.845344
0.849271
0.848254
0.851867
0.849617
0.845928
0.845784
0.844859
0.843685
0.84834
0.841225
0.847775
0.841043
0.850175
0.8453
0.849225
0.843595
0.849722
0.845717
0.846935
0.845061
0.849102
0.840416
0.845121
0.849866
0.847828
0.844911
0.850382
0.846534
0.848547
0.848617
0.849663
0.846549
0.851623
0.845259
0.847061
0.848309
0.849
0.846469
0.844834
0.845598
0.845281
0.851858
0.850617
0.846389
0.846406
0.845539
0.848217
0.849742
0.845142
0.847714
0.850284
0.851066
0.84716
0.851549
0.847383
0.848605
0.851504
0.847776
0.853425
0.846827
0.84639
0.849568
0.844905
0.853261
0.849491
0.848838
0.849451
0.850534
0.843962
0.849907
0.849855
0.849194
0.847856
0.848849
0.845355
0.85015
0.846302
0.846566
0.845969
0.847454
0.847317
0.846228
0.846608
0.845199
0.844778
0.844328
0.849351
0.849251
0.846837
0.849327
0.845965
0.846616
0.846746
0.846969
0.8504
0.849025
0.851622
0.848835
0.840004
0.849383
0.843631
0.848575
0.85263
0.847129
0.848259
0.845747
0.849936
0.851994
0.847474
0.84785
0.844371
0.849069
0.845265
0.848656
0.849413
0.845688
0.846066
0.847532
0.846426
0.847309
0.845225
0.847937
0.852945
0.847331
0.848151
0.845196
0.844354
0.850297
0.849254
0.849416
0.843716
0.847612
0.848339
0.844023
0.844028
0.849999
0.850812
0.847573
0.844111
0.843306
0.846808
0.8535
0.847631
0.846648
0.845955
0.84832
0.847871
0.84514
0.855482
0.849703
0.845234
0.845521
0.847387
0.851726
0.847017
0.848771
0.847815
0.846565
0.845145
0.84444
0.844748
0.847928
0.847474
0.848589
0.845452
0.845299
0.851943
0.846815
0.851269
0.846075
0.846814
0.846882
0.850674
0.851136
0.842019
0.847975
0.846288
0.850074
0.847052
0.844652
0.853881
0.846897
0.848854
0.850914
0.847836
0.851384
0.850456
0.844359
0.848131
0.847011
0.846711
0.848231
0.85048
0.842576
0.850768
0.848482
0.844564
0.850575
0.845317
0.850302
0.846751
0.84813
0.844501
0.849201
0.846154
0.849926
0.847058
0.844339
0.851409
0.848182
0.851387
0.84736
0.847121
0.846833
0.847204
0.849955
0.844627
0.844528
0.846878
0.846388
0.843142
0.848626
0.847678
0.846489
0.847285
0.844987
0.845458
0.846842
0.851206
0.850714
0.843125
0.84782
0.848122
0.850998
0.845098
0.846533
0.84802
0.847245
0.844579
0.843238
0.851383
0.846017
0.846201
0.847512
0.847436
0.849849
0.84573
0.846523
0.847494
0.848621
0.845511
0.845507
0.847272
0.846027
0.844748
0.849723
0.846174
0.845734
0.850479
0.84564
0.851957
0.847655
0.85012
0.847334
0.849657
0.84624
0.848909
0.848862
0.851277
0.846865
0.853521
0.847349
0.847647
0.849892
0.846886
0.849368
0.848941
0.849135
0.850411
0.846664
0.845474
0.847859
0.844344
0.84924
0.848552
0.84555
0.848057
0.84893
0.841478
0.851028
0.844993
0.854225
0.849379
0.839538
0.852485
0.844569
0.848605
0.847346
0.848152
0.849953
0.841711
0.847271
0.845225
0.850209
0.850983
0.848762
0.845997
0.847991
0.843021
0.847686
0.851169
0.845031
0.840586
0.845141
0.846536
0.843844
0.844436
0.844096
0.84663
0.847286
0.847995
0.843793
0.845096
0.847036
0.850028
0.848896
0.848219
0.847012
0.847674
0.84724
0.850845
0.849502
0.846013
0.846793
0.847577
0.846669
0.846391
0.84688
0.847482
0.848504
0.851401
0.84947
0.844579
0.84906
0.85113
0.844503
0.846252
0.847333
0.851624
0.849209
0.845947
0.850191
0.84597
0.847236
0.84989
0.843267
0.84877
0.844169
0.848383
0.845205
0.848761
0.84838
0.847392
0.848707
0.842728
0.849789
0.847567
0.852891
0.849348
0.851907
0.851115
0.846908
0.84788
0.845742
0.846448
0.84143
0.84821
0.843089
0.85048
0.849138
0.842136
0.843734
0.850502
0.848233
0.851231
0.846833
0.847546
0.848154
0.846137
0.848497
0.845914
0.850468
0.845023
0.849844
0.848075
0.845834
0.850167
0.848531
0.84386
0.847723
0.85112
0.84879
0.849392
0.844731
0.846273
0.847193
0.849877
0.847851
0.845942
0.846835
0.850818
0.849994
0.848206
0.848192
0.848516
0.847222
0.851698
0.845207
0.844444
0.848154
0.849891
0.847609
0.851394
0.839812
0.84835
0.852846
0.850359
0.847915
0.849966
0.849711
0.849957
0.845891
0.853229
0.848065
0.847746
0.851221
0.846771
0.842026
0.852673
0.84593
0.850127
0.850249
0.846005
0.850425
0.84786
0.845982
0.849176
0.847954
0.846269
0.849898
0.848207
0.8511
0.849642
0.845676
0.849475
0.84577
0.842362
0.843994
0.845248
0.845428
0.850173
0.847282
0.850376
0.848951
0.844573
0.848548
0.849222
0.844297
0.850264
0.847161
0.848218
0.850509
0.845251
0.849446
0.850101
0.850088
0.849173
0.84542
0.852276
0.84496
0.842518
0.843095
0.849407
0.843784
0.848104
0.840742
0.842546
0.850301
0.845288
0.850073
0.844918
0.846928
0.853282
0.847749
0.851202
0.845908
0.843789
0.851341
0.848078
0.850798
0.848069
0.842402
0.843011
0.852442
0.846189
0.851079
0.853342
0.846485
0.84723
0.851146
0.851089
0.849683
0.849446
0.845925
0.847417
0.8507
0.844914
0.845489
0.846475
0.848531
0.849731
0.845852
0.844942
0.847499
0.847447
0.850302
0.844872
0.84667
0.845963
0.848983
0.850485
0.845455
0.850401
0.847162
0.849222
0.852129
0.845922
0.84594
0.850416
0.848337
0.84731
0.846246
0.849545
0.843723
0.851671
0.847583
0.845296
0.847844
0.845776
0.846429
0.852049
0.843642
0.843419
0.846233
0.846317
0.849176
0.844805
0.846785
0.846279
0.85154
0.84493
0.847411
0.845526
0.848969
0.847836
0.848748
0.851239
0.85052
0.854143
0.845851
0.850184
0.848
0.849503
0.846826
0.85092
0.849416
0.845808
0.847684
0.847067
0.842769
0.849709
0.846954
0.846652
0.847038
0.848722
0.848289
0.852153
0.846049
0.846114
0.845657
0.844644
0.848473
0.843829
0.844819
0.849207
0.845602
0.844711
0.84743
0.845537
0.847955
0.8509
0.8504
0.841919
0.848926
0.846464
0.847199
0.849792
0.850511
0.84531
0.847862
0.843552
0.847615
0.850323
0.846141
0.849409
0.845471
0.846403
0.846517
0.842771
0.849264
0.846464
0.846663
0.851512
0.847556
0.844452
0.846412
0.850585
0.846605
0.845912
0.849453
0.847224
0.845335
0.850568
0.847537
0.849992
0.846243
0.84833
0.851295
0.848141
0.850072
0.848234
0.849083
0.848454
0.84768
0.845224
0.84517
0.843882
0.844304
0.845508
0.847468
0.846166
0.849888
0.84642
0.8498
0.849172
0.84619
0.848382
0.849098
0.848881
0.846424
0.847264
0.848328
0.846346
0.847118
0.847811
0.847061
0.851069
0.846857
0.845694
0.852531
0.850205
0.844275
0.848628
0.847821
0.845585
0.848371
0.847617
0.843555
0.844882
0.849943
0.848604
0.845622
0.851173
0.845662
0.846077
0.844908
0.847959
0.850311
0.852046
0.844231
0.850214
0.848552
0.846107
0.848383
0.850704
0.850094
0.847395
0.847412
0.850055
0.848925
0.848786
0.849826
0.849017
0.845411
0.847496
0.845914
0.849192
0.848758
0.850464
0.844445
0.847633
0.847382
0.845023
0.850113
0.846761
0.84762
0.845429
0.85041
0.849492
0.848614
0.852287
0.848371
0.850474
0.84638
0.846654
0.84788
0.849492
0.847411
0.846052
0.844932
0.846205
0.852825
0.846763
0.847669
0.846579
0.847921
0.848482
0.848781
0.850284
0.847959
0.846007
0.850036
0.846067
0.845064
0.85008
0.848139
0.844203
0.847741
0.844087
0.844411
0.846347
0.849581
0.846594
0.850893
0.847302
0.851722
0.844595
0.845203
0.848386
0.845158
0.850554
0.846584
0.848318
0.849415
0.847414
0.845403
0.845145
0.848158
0.848418
0.850234
0.847002
0.847187
0.846151
0.850396
0.848786
0.847568
0.849234
0.843349
0.844402
0.841857
0.847064
0.849494
0.846712
0.847082
0.850976
0.841651
0.84678
0.847382
0.845896
0.844065
0.84576
0.848353
0.850353
0.847964
0.84427
0.844817
0.849932
0.846432
0.847337
0.847854
0.850208
0.844321
0.843983
0.846485
0.844858
0.848677
0.849538
0.843973
0.846713
0.851572
0.846949
0.849407
0.842563
0.854663
0.841027
0.844999
0.85038
0.848884
0.848594
0.847586
0.843512
0.845262
0.847491
0.844106
0.847455
0.843377
0.849574
0.851072
0.847989
0.846087
0.845599
0.850332
0.848316
0.84536
0.845967
0.848724
0.851606
0.851431
0.847051
0.848075
0.848723
0.848401
0.84725
0.852037
0.848964
0.843267
0.844912
0.845302
0.849975
0.84705
0.848261
0.853588
0.849204
0.849056
0.846004
0.847525
0.849423
0.85035
0.84322
0.848977
0.846965
0.848043
0.852022
0.85004
0.845635
0.848003
0.845545
0.846809
0.848146
0.846824
0.850087
0.847351
0.841432
0.847917
0.847734
0.84818
0.843249
0.845028
0.845956
0.847933
0.846683
0.850842
0.850895
0.850168
0.847258
0.847587
0.845322
0.84299
0.846535
0.849176
0.853027
0.845632
0.847763
0.846268
0.848081
0.8443
0.846439
0.847644
0.845366
0.846812
0.846602
0.848782
0.845086
0.845026
0.849541
0.847713
0.852015
0.847797
0.849276
0.847063
0.847766
0.847335
0.847884
0.84756
0.849876
0.844935
0.848687
0.846565
0.84612
0.84867
0.849418
0.852334
0.851598
0.847922
0.851773
0.847585
0.845157
0.847957
0.843714
0.847212
0.850138
0.843463
0.846565
0.844601
0.849136
0.844102
0.845278
0.848817
0.850038
0.849493
0.850458
0.846034
0.848873
0.84492
0.847495
0.848564
0.849626
0.849462
0.846078
0.845026
0.844083
0.843922
0.846713
0.845525
0.848998
0.84729
0.849357
0.84635
0.849988
0.849688
0.850496
0.84954
0.849626
0.844412
0.850433
0.841399
0.843402
0.845552
0.850341
0.847438
0.846876
0.849286
0.842356
0.842989
0.848687
0.848563
0.842659
0.85083
0.848381
0.847844
0.847038
0.851484
0.847042
0.84858
0.849905
0.846882
0.849013
0.846039
0.848806
0.852476
0.849033
0.846896
0.846212
0.847091
0.847363
0.846139
0.851974
0.849124
0.848041
0.84812
0.84777
0.848063
0.847652
0.846935
0.848655
0.84806
0.848556
0.849424
0.842764
0.847585
0.847322
0.850416
0.84537
0.844519
0.839958
0.844457
0.846075
0.847557
0.846957
0.85003
0.846172
0.848315
0.848941
0.847357
0.847344
0.848078
0.850122
0.846028
0.850316
0.847188
0.845995
0.847053
0.847536
0.845897
0.853084
0.84908
0.849798
0.849265
0.845401
0.84688
0.848584
0.848888
0.85039
0.854014
0.849357
0.848312
0.845723
0.847242
0.846246
0.846358
0.851792
0.84933
0.845339
0.845428
0.845251
0.845417
0.8484
0.847438
0.842307
0.848686
0.848761
0.849896
0.849171
0.84734
0.842261
0.846579
0.850105
0.844253
0.850098
0.844928
0.845254
0.842175
0.849873
0.847638
0.850527
0.843295
0.848015
0.847454
0.846592
0.844769
0.852025
0.845198
0.849632
0.84621
0.842575
0.852258
0.846423
0.844933
0.846016
0.849907
0.851401
0.851454
0.846286
0.852003
0.847267
0.847228
0.84535
0.847048
0.850155
0.847416
0.842598
0.846852
0.847929
0.84828
0.846471
0.847247
0.846386
0.847663
0.843081
0.849613
0.847564
0.850401
0.845979
0.84316
0.847846
0.844719
0.846454
0.853404
0.849573
0.849464
0.848701
0.848776
0.854577
0.849054
0.846418
0.843734
0.850283
0.852205
0.849559
0.849285
0.84898
0.846684
0.851948
0.851952
0.849799
0.844469
0.850287
0.843089
0.850275
0.846404
0.848069
0.847855
0.845901
0.849029
0.847229
0.84834
0.84531
0.84586
0.851458
0.848276
0.845172
0.843477
0.84512
0.850594
0.846846
0.852976
0.847614
0.846185
0.848403
0.850328
0.85054
0.853966
0.844609
0.847139
0.846522
0.847154
0.84857
0.848896
0.847191
0.85008
0.845508
0.847349
0.844898
0.848562
0.844375
0.845804
0.847413
0.844409
0.850117
0.846008
0.847954
0.848263
0.85228
0.848476
0.847021
0.847031
0.847351
0.846364
0.845075
0.851109
0.845584
0.849494
0.842985
0.849217
0.847146
0.847711
0.847193
0.84641
0.847548
0.851228
0.844147
0.850066
0.84921
0.847469
0.845666
0.843921
0.845869
0.84946
0.85058
0.846005
0.849995
0.844559
0.846551
0.849023
0.844957
0.84843
0.849067
0.846032
0.846675
0.848612
0.843269
0.849338
0.84553
0.848052
0.844004
0.847067
0.846071
0.850326
0.847832
0.849748
0.853542
0.849896
0.842725
0.84869
0.851734
0.848778
0.846221
0.846106
0.841233
0.847733
0.841308
0.846221
0.845872
0.849717
0.845741
0.846515
0.84697
0.85306
0.845879
0.845789
0.843841
0.847175
0.847256
0.847221
0.84499
0.844219
0.847996
0.848708
0.84989
0.850899
0.84783
0.85166
0.846419
0.849069
0.845223
0.849071
0.847669
0.850473
0.850413
0.848813
0.846997
0.84885
0.847942
0.846706
0.846751
0.846626
0.851717
0.848296
0.845941
0.846033
0.846712
0.84688
0.849085
0.844811
0.847619
0.846707
0.847874
0.845752
0.850164
0.844699
0.845581
0.851459
0.848425
0.846869
0.846623
0.847316
0.846405
0.850656
0.849975
0.848374
0.845842
0.847438
0.847886
0.848379
0.850897
0.847499
0.848489
0.845799
0.846232
0.846711
0.84595
0.848976
0.855139
0.849127
0.85096
0.84983
0.850354
0.846216
0.84756
0.850646
0.84912
0.849821
0.84981
0.849502
0.847353
0.849854
0.849818
0.846943
0.849464
0.845666
0.847783
0.845375
0.845071
0.846393
0.8515
0.842415
0.843453
0.844767
0.8443
0.848082
0.847598
0.845975
0.849503
0.850428
0.849784
0.844463
0.847401
0.842426
0.843996
0.846348
0.846484
0.847943
0.846479
0.856139
0.849783
0.846898
0.84956
0.841927
0.846492
0.848673
0.85105
0.850201
0.844286
0.843569
0.848586
0.847679
0.849707
0.844518
0.847513
0.848969
0.845436
0.84814
0.851066
0.847988
0.847556
0.845127
0.847097
0.845301
0.848153
0.845359
0.848982
0.849153
0.846144
0.851532
0.844894
0.848929
0.849986
0.843558
0.848836
0.848644
0.851411
0.846104
0.847406
0.851739
0.850654
0.850319
0.843273
0.848458
0.84693
0.850063
0.848334
0.843467
0.843215
0.85045
0.850093
0.849286
0.847662
0.847264
0.849235
0.844015
0.847421
0.848383
0.845384
0.843064
0.849061
0.845262
0.853327
0.846297
0.845071
0.844268
0.849756
0.848289
0.849893
0.848787
0.849842
0.846448
0.849395
0.846275
0.847266
0.849426
0.84764
0.849087
0.843458
0.845291
0.84903
0.847101
0.849587
0.850445
0.846396
0.849287
0.845395
0.84169
0.846136
0.849114
0.847243
0.850523
0.846095
0.850711
0.845095
0.843899
0.84383
0.850894
0.845891
0.84559
0.844611
0.84591
0.851481
0.847947
0.848642
0.846297
0.850373
0.84535
0.852058
0.846188
0.849695
0.847592
0.847826
0.848797
0.84671
0.848062
0.848021
0.844991
0.84719
0.850855
0.844915
0.840904
0.846604
0.851395
0.845776
0.84519
0.85081
0.849274
0.850639
0.848707
0.845531
0.849882
0.849197
0.849013
0.850131
0.845028
0.844771
0.846153
0.850265
0.846934
0.845214
0.853168
0.843685
0.846531
0.853286
0.849773
0.847729
0.848255
0.848242
0.847298
0.847158
0.850541
0.844483
0.849302
0.848938
0.846889
0.844502
0.850449
0.84556
0.84892
0.848629
0.844607
0.848648
0.844479
0.849962
0.848523
0.848638
0.84969
0.85041
0.847808
0.847535
0.847882
0.84885
0.84858
0.845659
0.849328
0.849696
0.851147
0.848294
0.845543
0.848211
0.850089
0.849608
0.852849
0.846257
0.847761
0.851411
0.847918
0.847469
0.847716
0.85201
0.84414
0.847671
0.848853
0.851298
0.846965
0.849557
0.846978
0.849279
0.846916
0.848618
0.850171
0.843692
0.847297
0.848399
0.85148
0.842772
0.8455
0.847524
0.845614
0.850908
0.843852
0.844892
0.844785
0.846697
0.843797
0.844612
0.846895
0.847447
0.846463
0.846744
0.844707
0.843458
0.850561
0.847118
0.851071
0.851801
0.849266
0.845343
0.846742
0.845641
0.846314
0.844508
0.850873
0.843835
0.847703
0.846435
0.847122
0.847737
0.844719
0.845948
0.849775
0.849513
0.844462
0.850234
0.849935
0.852636
0.846039
0.852319
0.845264
0.850141
0.849634
0.851128
0.851147
0.852914
0.850318
0.853783
0.845367
0.845918
0.845365
0.846632
0.848383
0.853852
0.846332
0.847509
0.847137
0.847375
0.846908
0.844034
0.847221
0.844232
0.844271
0.853359
0.846908
0.847466
0.849767
0.848679
0.84723
0.851212
0.846627
0.843609
0.849001
0.848572
0.848729
0.844692
0.843707
0.84958
0.850851
0.851647
0.848343
0.844066
0.847876
0.848563
0.846197
0.854392
0.850129
0.848373
0.846329
0.848028
0.848405
0.842784
0.847997
0.84842
0.849668
0.848248
0.846493
0.842366
0.847661
0.849898
0.84826
0.847355
0.845849
0.847067
0.848698
0.848095
0.849174
0.846459
0.845324
0.847178
0.853307
0.84631
0.847747
0.846409
0.854568
0.847335
0.844627
0.851114
0.846868
0.844995
0.84127
0.846825
0.844516
0.849802
0.851054
0.84923
0.849587
0.840031
0.84579
0.851782
0.84847
0.847083
0.847746
0.850755
0.850711
0.845959
0.844307
0.848744
0.851311
0.847162
0.843217
0.843875
0.851063
0.848608
0.847749
0.845258
0.847386
0.849111
0.847112
0.845565
0.849176
0.848215
0.846783
0.844736
0.842053
0.841324
0.848648
0.847849
0.845298
0.846134
0.847944
0.842945
0.846821
0.845742
0.847973
0.84673
0.841863
0.84831
0.845882
0.848171
0.84656
0.848742
0.847211
0.848116
0.847728
0.84369
0.842225
0.848202
0.84513
0.846784
0.847411
0.845222
0.849079
0.846954
0.846521
0.852646
0.843365
0.849164
0.845532
0.848757
0.846371
0.847295
0.845825
0.849578
0.84732
0.852302
0.848463
0.84325
0.843494
0.844397
0.848608
0.851447
0.846767
0.844973
0.850621
0.847968
0.846289
0.848994
0.847713
0.845667
0.844977
0.845553
0.853486
0.84979
0.847395
0.851404
0.847922
0.847255
0.843584
0.847929
0.845209
0.847902
0.846138
0.843665
0.850487
0.848182
0.85052
0.851265
0.838444
0.846467
0.848532
0.846822
0.85073
0.846129
0.851052
0.851414
0.847761
0.852452
0.84823
0.848488
0.848726
0.847606
0.845093
0.846259
0.845287
0.851466
0.844584
0.853285
0.848005
0.842584
0.847043
0.849158
0.849561
0.84857
0.842348
0.84874
0.8503
0.843189
0.849749
0.852847
0.846659
0.849314
0.846651
0.847403
0.85189
0.846019
0.847298
0.850674
0.848691
0.849958
1
0.849966
0.849665
0.846935
0.847757
0.847052
0.846009
0.848004
0.847216
0.846719
0.851388
0.845538
0.850149
0.847643
0.848131
0.846699
0.848892
0.848299
0.845957
0.852133
0.850751
0.847971
0.843324
0.847892
0.846598
0.847144
0.846284
0.84626
0.847047
0.848992
0.843785
0.846106
0.845766
0.853968
0.849408
0.846588
0.850218
0.845582
0.846505
0.847659
0.845444
0.847254
0.849678
0.840911
0.847854
0.848395
0.844578
0.850982
0.846289
0.848772
0.844318
0.851384
0.847853
0.851121
0.849315
0.846745
0.846826
0.848293
0.847736
0.850015
0.844573
0.844699
0.851124
0.848592
0.845613
0.849912
0.847612
0.847686
0.844961
0.848542
0.848281
0.841251
0.847053
0.848345
0.849335
0.852727
0.850227
0.848798
0.846917
0.846132
0.845451
0.849139
0.845119
0.844059
0.846872
0.846955
0.845788
0.845398
0.850328
0.84553
0.846351
0.849319
0.848221
0.843646
0.846565
0.848289
0.846324
0.846752
0.847236
0.844384
0.848363
0.850573
0.844643
0.848278
0.844051
0.844985
0.84659
0.852086
0.84333
0.846852
0.851048
0.845171
0.849556
0.849913
0.846949
0.850493
0.848265
0.849177
0.847883
0.847333
0.84668
0.849106
0.845594
0.848365
0.845842
0.847767
0.850924
0.844212
0.847623
0.845775
0.850084
0.845609
0.850691
0.853078
0.848679
0.847783
0.848153
0.849089
0.846111
0.845261
0.844841
0.850357
0.846899
0.848261
0.850411
0.847686
0.849814
0.847874
0.848922
0.849248
0.84878
0.846233
0.845774
0.845908
0.846481
0.848339
0.847575
0.848262
0.845983
0.84899
0.848035
0.84878
0.846553
0.845305
0.848374
0.848463
0.848661
0.845247
0.850198
0.846513
0.845028
0.848167
0.846611
0.846762
0.844642
0.845707
0.850329
0.849055
0.848228
0.845651
0.847467
0.843809
0.843485
0.853123
0.84648
0.850829
0.847124
0.847427
0.845116
0.847725
0.849566
0.846175
0.851621
0.84515
0.847674
0.848855
0.846184
0.846595
0.849518
0.847971
0.847547
0.844735
0.850613
0.847721
0.849911
0.849647
0.851689
0.850481
0.844755
0.848704
0.848087
0.849716
0.847463
0.84879
0.845969
0.847003
0.852714
0.850521
0.848149
0.842136
0.844847
0.848169
0.848655
0.848721
0.843719
0.847855
0.84727
0.848479
0.844215
0.848577
0.846072
0.841612
0.84397
0.84129
0.846127
0.846618
0.849951
0.849904
0.843505
0.846273
0.843799
0.846629
0.849692
0.852884
0.847546
0.848671
0.847577
0.850308
0.847065
0.849276
0.847587
0.843345
0.846043
0.848767
0.845254
0.846741
0.84529
0.847925
0.849416
0.848409
0.844983
0.844974
0.844745
0.848419
0.849241
0.842529
0.847445
0.845496
0.848856
0.846483
0.84496
0.844989
0.851809
0.84795
0.848299
0.848536
0.843607
0.84789
0.842053
0.845065
0.845939
0.852907
0.854142
0.853141
0.847166
0.845682
0.844375
0.848612
0.842056
0.843483
0.847154
0.84945
0.850129
0.844894
0.850838
0.845303
0.848244
0.843955
0.846518
0.842681
0.845387
0.849567
0.847357
0.84799
0.8469
0.848092
0.851311
0.844035
0.85037
0.850877
0.849897
0.846698
0.848444
0.848167
0.849204
0.843332
0.845828
0.848476
0.846156
0.848544
0.847478
0.842286
0.843264
0.851759
0.843801
0.843799
0.846236
0.844798
0.848053
0.849386
0.849127
0.850112
0.850936
0.844879
0.851755
0.848571
0.846254
0.848437
0.842808
0.845391
0.848787
0.848729
0.843836
0.84732
0.842939
0.841506
0.84935
0.844532
0.851819
0.845236
0.846849
0.850915
0.847916
0.845134
0.845665
0.843739
0.84843
0.845572
0.846732
0.845892
0.846864
0.847848
0.846496
0.842294
0.849309
0.847847
0.845588
0.845389
0.849795
0.846874
0.849584
0.842535
0.849524
0.851063
0.845236
0.848486
0.845452
0.847905
0.846728
0.84611
0.849711
0.849794
0.851314
0.845555
0.848352
0.845254
0.846191
0.847142
0.845439
0.846849
0.846526
0.849632
0.847848
0.855492
0.848067
0.846956
0.848633
0.845829
0.843293
0.847121
0.846022
0.852372
0.847251
0.846514
0.84755
0.852176
0.845861
0.84766
0.846019
0.847105
0.84494
0.849148
0.849431
0.847972
0.84714
0.846276
0.848946
0.849709
0.848053
0.847232
0.849527
0.846915
0.842357
0.848967
0.840238
0.845567
0.844493
0.844823
0.8478
0.846663
0.847509
0.849296
0.848242
0.841716
0.846501
0.847529
0.846825
0.849036
0.847796
0.850511
0.851379
0.848222
0.847807
0.849939
0.847938
0.847179
0.844979
0.847889
0.847965
0.847354
0.849184
0.843576
0.847085
0.844637
0.852722
0.849739
0.846293
0.843898
0.846497
0.849719
0.847167
0.844015
0.849438
0.854161
0.842538
0.846247
0.843989
0.846431
0.845519
0.845529
0.842418
0.844163
0.847889
0.849785
0.844444
0.848458
0.846245
0.844742
0.846096
0.849466
0.844301
0.847428
0.849145
0.845754
0.850082
0.846657
0.847642
0.849055
0.850228
0.84494
0.848813
0.847017
0.847125
0.848673
0.84821
0.845805
0.846885
0.843845
0.84764
0.847111
0.847005
0.849515
0.846453
0.848807
0.851293
0.845038
0.846247
0.848471
0.8483
0.843242
0.841993
0.84738
0.848366
0.846336
0.845806
0.84528
0.845541
0.849866
0.848877
0.850087
0.845746
0.843481
0.842933
0.851851
0.843422
0.845805
0.851607
0.8499
0.848191
0.848777
0.84998
0.845229
0.848646
0.85089
0.848413
0.841055
0.847223
0.849609
0.850504
0.849538
0.850805
0.842314
0.847356
0.84889
0.847155
0.847452
0.848345
0.849991
0.851269
0.844948
0.849139
0.853505
0.851695
0.842528
0.842733
0.84557
0.849495
0.844528
0.846701
0.850216
0.846271
0.848479
0.844921
0.853245
0.84695
0.851472
0.848329
0.846788
0.848394
0.851054
0.847553
0.847109
0.844819
0.84726
0.851646
0.850128
0.852147
0.846718
0.852098
0.844803
0.846088
0.846126
0.844098
0.849706
0.850737
0.848049
0.847469
0.846975
0.848662
0.847686
0.853371
0.848126
0.848433
0.848674
0.850531
0.849659
0.845142
0.845115
0.848283
0.845252
0.849767
0.841649
0.847148
0.844142
0.847623
0.854451
0.847955
0.844418
0.849613
0.846537
0.848341
0.845529
0.848043
0.844099
0.849638
0.845325
0.846312
0.8443
0.845076
0.847477
0.845396
0.848064
0.846263
0.844206
0.847072
0.84975
0.845035
0.846881
0.851446
0.847672
0.848925
0.848985
0.844582
0.846677
0.84525
0.850838
0.84855
0.847354
0.848453
0.845401
0.848546
0.851867
0.848853
0.85141
0.848194
0.847423
0.846747
0.848222
0.849182
0.852593
0.851845
0.842423
0.851492
0.843323
0.850058
0.848346
0.848947
0.848824
0.846772
0.847903
0.845517
0.854804
0.845305
0.850452
0.851004
0.848315
0.849676
0.848871
0.850784
0.843835
0.847392
0.851635
0.846118
0.846751
0.847955
0.849216
0.85139
0.845816
0.848933
0.847164
0.850396
0.850493
0.847737
0.846046
0.845546
0.847829
0.848459
0.845332
0.849525
0.85021
0.846241
0.845051
0.846858
0.848955
0.850469
0.846707
0.852292
0.847696
0.846569
0.85015
0.848453
0.844664
0.850307
0.842586
0.848156
0.846854
0.842423
0.842495
0.848063
0.847679
0.842469
0.847389
0.84306
0.849876
0.85381
0.843178
0.846205
0.85029
0.849468
0.842784
0.845339
0.850188
0.850368
0.846163
0.848097
0.847174
0.847927
0.846543
0.845586
0.850175
0.846224
0.84737
0.850474
0.84582
0.849124
0.849204
0.849825
0.848829
0.849512
0.85116
0.846731
0.846728
0.84589
0.847466
0.849922
0.848943
0.850597
0.848027
0.846992
0.84601
0.84796
0.85254
0.851796
0.846658
0.850643
0.848506
0.848194
0.849281
0.849178
0.845183
0.845348
0.848634
0.842037
0.847831
0.849689
0.845779
0.847602
0.849436
0.847485
0.849552
0.851001
0.848467
0.849351
0.84631
0.846631
0.843091
0.849258
0.849189
0.846344
0.849767
0.847568
0.847815
0.84925
0.851023
0.850323
0.842895
0.848948
0.853381
0.843211
0.846235
0.84819
0.848371
0.849486
0.848693
0.842938
0.848228
0.847302
0.846492
0.845591
0.852298
0.845336
0.848438
0.84878
0.849369
0.847319
0.845221
0.847047
0.848882
0.852705
0.851023
0.848485
0.848034
0.847553
0.845559
0.846806
0.847669
0.846471
0.845454
0.845941
0.843181
0.851779
0.846751
0.846981
0.846742
0.850716
0.841447
0.847774
0.846145
0.847109
0.849183
0.850267
0.845011
0.849379
0.851455
0.846257
0.843671
0.847333
0.848509
0.850959
0.844954
0.846864
0.850103
0.848761
0.850526
0.850008
0.845364
0.84444
0.849385
0.846376
0.848854
0.843419
0.849046
0.847
0.846812
0.848997
0.850282
0.848547
0.847416
0.847989
0.845059
0.849103
0.846955
0.848161
0.849644
0.844734
0.848702
0.851648
0.849159
0.845973
0.850374
0.849333
0.84716
0.848037
0.847019
0.843622
0.845203
0.850442
0.846081
0.849833
0.846234
0.84575
0.843585
0.844818
0.848052
0.848532
0.849306
0.846124
0.844861
0.846295
0.847094
0.848523
0.845233
0.848351
0.850607
0.848879
0.847216
0.849863
0.853085
0.848188
0.847715
0.848815
0.846925
0.848397
0.851478
0.846557
0.847993
0.845829
0.844247
0.84685
0.846254
0.84653
0.845286
0.850061
0.847223
0.849385
0.847887
0.850714
0.845059
0.847297
0.845767
0.847712
0.845043
0.847855
0.848727
0.853775
0.843534
0.850268
0.847996
0.852504
0.847425
0.848982
0.845692
0.846461
0.844931
0.847264
0.851695
0.845122
0.846508
0.847303
0.845888
0.848203
0.850841
0.844487
0.851975
0.848466
0.850878
0.846944
0.846771
0.846821
0.847559
0.843028
0.84953
0.847386
0.848388
0.847393
0.851488
0.848513
0.846815
0.846318
0.844701
0.849465
0.848718
0.843402
0.849014
0.84695
0.848733
0.849403
0.844398
0.843673
0.84497
0.846113
0.846989
0.84736
0.847326
0.844174
0.847849
0.846035
0.846585
0.844831
0.847382
0.849384
0.846704
0.846735
0.847442
0.850394
0.844351
0.846727
0.847444
0.850013
0.847039
0.842715
0.847795
0.851903
0.850558
0.844277
0.846041
0.847061
0.84562
0.847504
0.851823
0.846641
0.847534
0.851007
0.850883
0.846123
0.848233
0.84537
0.84422
0.85024
0.847048
0.842903
0.843172
0.850743
0.845974
0.845584
0.843895
0.852411
0.845012
0.846305
0.847259
0.843114
0.845023
0.848524
0.842366
0.848797
0.848381
0.846721
0.849988
0.850463
0.849965
0.845544
0.844265
0.846113
0.843937
0.846844
0.846491
0.845281
0.845803
0.842674
0.846953
0.852573
0.848564
0.846456
0.850479
0.845931
0.840653
0.84563
0.849206
0.852398
0.851363
0.847061
0.842005
0.846103
0.851345
0.854004
0.848585
0.850837
0.85016
0.846036
0.846754
0.847124
0.848747
0.84542
0.844581
0.851316
0.850799
0.848208
0.850382
0.850755
0.845994
0.84956
0.848915
0.849663
0.842374
0.848163
0.846588
0.851815
0.846462
0.846174
0.850324
0.848477
0.846718
0.8487
0.849901
0.848453
0.847518
0.843928
0.848324
0.845285
0.850356
0.847491
0.844805
0.848295
0.846726
0.851119
0.848119
0.851355
0.847505
0.846389
0.848842
0.844118
0.846751
0.847896
0.848046
0.849136
0.852809
0.847436
0.850669
0.848622
0.845678
0.846588
0.845135
0.848986
0.842358
0.849765
0.849457
0.851151
0.848412
0.848212
0.847677
0.852433
0.849472
0.847531
0.846118
0.848296
0.850541
0.847733
0.843524
0.844959
0.848988
0.849637
0.848039
0.84748
0.845174
0.848444
0.846481
0.849536
0.845899
0.845415
0.847075
0.846758
0.849786
0.848532
0.847193
0.846017
0.846474
0.843628
0.849488
0.845301
0.842323
0.850546
0.843501
0.848028
0.848397
0.846866
0.846465
0.842459
0.85281
0.849853
0.849433
0.848038
0.845249
0.846285
0.839111
0.85111
0.851586
0.846592
0.845666
0.842132
0.848648
0.84789
0.848578
0.849528
0.846907
0.845612
0.843536
0.849532
0.848424
0.850137
0.847201
0.847362
0.845134
0.843152
0.849135
0.840347
0.84956
0.848464
0.850194
0.84718
0.848752
0.845632
0.846192
0.850641
0.847065
0.849796
0.847045
0.853316
0.848952
0.843213
0.848322
0.845757
0.849896
0.84721
0.845306
0.844472
0.849192
0.85073
0.848754
0.844602
0.846003
0.849173
0.841618
0.847
0.851491
0.84887
0.85025
0.848012
0.845342
0.85069
0.84795
0.849286
0.849829
0.848095
0.848853
0.847979
0.84756
0.848674
0.846716
0.849708
0.845352
0.845216
0.841211
0.850764
0.853099
0.852083
0.84941
0.84429
0.848192
0.848694
0.847754
0.850377
0.847852
0.847915
0.848017
0.847847
0.85103
0.843005
0.842111
0.851548
0.849498
0.84588
0.85002
0.846555
0.849691
0.847912
0.849157
0.845661
0.850649
0.847673
0.847538
0.846607
0.851599
0.846658
0.84786
0.848079
0.843903
0.848669
0.851355
0.84664
0.843252
0.847992
0.849911
0.849311
0.850472
0.848604
0.849502
0.847879
0.849946
0.84419
0.846832
0.845033
0.850529
0.84571
0.850812
0.847353
0.847759
0.844949
0.846011
0.848911
0.850183
0.846604
0.84697
0.85086
0.848148
0.84778
0.848492
0.849904
0.848583
0.843856
0.845831
0.851207
0.844495
0.849248
0.848447
0.849131
0.844949
0.843963
0.846325
0.847483
0.845033
0.846399
0.845368
0.849888
0.847015
0.84784
0.849853
0.846283
0.848089
0.845812
0.848934
0.847006
0.848486
0.84937
0.844674
0.851642
0.852943
0.845453
0.84508
0.844968
0.842594
0.849156
0.849264
0.84773
0.854266
0.846884
0.849784
0.849508
0.844644
0.844551
0.849268
0.84872
0.846464
0.844898
0.846969
0.847567
0.843077
0.847558
0.849189
0.850067
0.851883
0.848837
0.84783
0.845459
0.849462
0.848161
0.847044
0.848029
0.847358
0.848396
0.848576
0.846209
0.849052
0.846557
0.843245
0.847609
0.848073
0.845814
0.850583
0.852529
0.844863
0.848927
0.845104
0.846167
0.846122
0.84737
0.847204
0.850776
0.844358
0.849427
0.848857
0.849625
0.845732
0.849281
0.847066
0.846194
0.848315
0.847489
0.846832
0.850103
0.849815
0.846674
0.846517
0.849832
0.852048
0.845428
0.852873
0.846996
0.84379
0.842122
0.851291
0.845799
0.843105
0.852717
0.85014
0.849248
0.845607
0.848063
0.850439
0.849101
0.847462
0.849268
0.845282
0.849469
0.847359
0.848451
0.848537
0.848954
0.851436
0.849291
0.851219
0.84596
0.850729
0.849006
0.846784
0.84723
0.84964
0.847416
0.84515
0.847031
0.85174
0.85109
0.848007
0.846995
0.846389
0.848844
0.844878
0.845827
0.851651
0.845865
0.851124
0.846311
0.849733
0.848587
0.845056
0.848644
0.845102
0.849254
0.842403
0.846566
0.846749
0.847453
0.844486
0.847297
0.851135
0.852446
0.852368
0.846334
0.844276
0.847841
0.842951
0.849723
0.846742
0.84643
0.843988
0.845456
0.850664
0.845589
0.844333
0.849027
0.845425
0.845903
0.846264
0.849015
0.848422
0.849771
0.847029
0.846717
0.852055
0.841236
0.852065
0.846472
0.848615
0.84968
0.84952
0.853185
0.848082
0.846692
0.846343
0.844779
0.847144
0.849099
0.847774
0.842893
0.846958
0.847578
0.850724
0.851083
0.845714
0.843243
0.852001
0.847217
0.846097
0.848042
0.847977
0.848388
0.84613
0.845807
0.849117
0.849552
0.849258
0.846597
0.848011
0.849061
0.84801
0.850185
0.843549
0.851793
0.849122
0.851494
0.847635
0.848244
0.847954
0.850251
0.850544
0.846467
0.843858
0.852017
0.844942
0.846706
0.846563
0.843938
0.845087
0.848679
0.849256
0.848936
0.851738
0.847006
0.851172
0.847227
0.850459
0.851699
0.84509
0.851993
0.849134
0.851083
0.847028
0.848054
0.847445
0.844364
0.849788
0.845297
0.848292
0.851578
0.845493
0.849385
0.848129
0.84802
0.844632
0.849226
0.844189
0.848255
0.850907
0.846082
0.846692
0.84523
0.844812
0.850498
0.847767
0.850551
0.846412
0.849025
0.850418
0.846678
0.844519
0.839369
0.850552
0.85028
0.84459
0.845831
0.846814
0.848079
0.845992
0.84839
0.847922
0.847543
0.854481
0.845078
0.846095
0.846404
0.847326
0.849264
0.849601
0.851142
0.849586
0.84742
0.846317
0.849551
0.846628
0.845998
0.845764
0.851645
0.847534
0.842663
0.84519
0.85042
0.848476
0.84527
0.850719
0.85058
0.845505
0.851049
0.84576
0.848801
0.850426
0.845818
0.848704
0.847789
0.848943
0.850002
0.848406
0.846335
0.8509
0.846598
0.846483
0.848967
0.849033
0.848352
0.846556
0.846302
0.848327
0.84758
0.850045
0.84667
0.847805
0.848626
0.845564
0.84668
0.849209
0.845857
0.85108
0.845487
0.850726
0.846563
0.844793
0.846686
0.849579
0.851126
0.847343
0.848013
0.846915
0.846811
0.845382
0.848094
0.844426
0.848168
0.842605
0.84964
0.847569
0.845684
0.844213
0.846506
0.848731
0.847407
0.847073
0.852373
0.84861
0.843471
0.848162
0.844653
0.849731
0.845893
0.845189
0.845798
0.846543
0.851557
0.85077
0.843624
0.848
0.851932
0.849257
0.847702
0.844719
0.852267
0.848457
0.84196
0.847278
0.849215
0.84838
0.845676
0.848124
0.848245
0.84799
0.847418
0.849223
0.847457
0.85096
0.844788
0.847157
0.851293
0.848282
0.847292
0.847487
0.846187
0.850671
0.84728
0.849266
0.850601
0.849845
0.848027
0.848232
0.844072
0.845054
0.845074
0.84895
0.843207
0.848781
0.848601
0.848575
0.848011
0.842356
0.844819
0.847895
0.85078
0.847326
0.84654
0.847197
0.845575
0.848632
0.844337
0.83967
0.848083
0.849277
0.84551
0.844923
0.847446
0.851947
0.847027
0.845627
0.848415
0.852773
0.847055
0.846938
0.844036
0.847855
0.848309
0.848584
0.846121
0.848437
0.850182
0.850367
0.846509
0.847582
0.847302
0.846081
0.849846
0.847651
0.848823
0.842893
0.847551
0.846071
0.846203
0.847413
0.845114
0.847126
0.845923
0.852769
0.848677
0.846035
0.843989
0.847931
0.845918
0.84949
0.853125
0.849791
0.845435
0.847849
0.845433
0.844701
0.843646
0.848727
0.843596
0.847444
0.846311
0.843063
0.846857
0.849157
0.849043
0.850833
0.847598
0.84444
0.847625
0.850272
0.845309
0.848593
0.848124
0.849196
0.849647
0.851198
0.849257
0.841617
0.847621
0.851843
0.845887
0.846694
0.848796
0.849157
0.84807
0.845244
0.846007
0.849315
0.844999
0.846504
0.846743
0.848345
0.84406
0.848546
0.845103
0.848783
0.847186
0.849495
0.850683
0.848109
0.846394
0.84993
0.845249
0.846371
0.843349
0.85063
0.846972
0.850165
0.847105
0.850237
0.84634
0.848614
0.84884
0.842663
0.847973
0.847312
0.850208
0.847516
0.849405
0.849138
0.847437
0.845411
0.850375
0.847932
0.84597
0.844289
0.846501
0.84679
0.846743
0.853376
0.849925
0.849822
0.847676
0.843915
0.847545
0.844259
0.846733
0.847555
0.847368
0.849077
0.846057
0.850146
0.847789
0.845992
0.849955
0.848902
0.848391
0.84544
0.845349
0.843607
0.852385
0.84974
0.851582
0.845891
0.852106
0.843219
0.849285
0.846304
0.845399
0.848195
0.848583
0.853445
0.845248
0.847922
0.849574
0.842086
0.848013
0.849961
0.843543
0.846005
0.851667
0.84511
0.845344
0.848053
0.848622
0.845764
0.84766
0.848691
0.85163
0.846799
0.844512
0.845364
0.844694
0.843906
0.850395
0.847289
0.844593
0.851884
0.84461
0.842898
0.844745
0.846436
0.847898
0.844756
0.848416
0.846726
0.84889
0.848962
0.852232
0.847003
0.845839
0.848677
0.849536
0.844796
0.847202
0.848124
0.84574
0.84693
0.848388
0.846848
0.847013
0.849998
0.849876
0.842304
0.84968
0.846692
0.846998
0.84662
0.845552
0.846567
0.848331
0.845124
0.847392
0.847005
0.84811
0.854939
0.845402
0.848656
0.850638
0.848887
0.850488
0.846864
0.846365
0.844691
0.848791
0.845011
0.849113
0.846371
0.851527
0.849147
0.851479
0.85009
0.850833
0.845437
0.848788
0.845967
0.850871
0.845937
0.847517
0.850729
0.846738
0.849642
0.848686
0.840832
0.852958
0.84866
0.844517
0.848062
0.850077
0.847648
0.851437
0.845832
0.843658
0.849091
0.849317
0.848763
0.85322
0.849273
0.848874
0.849302
0.852962
0.847202
0.847571
0.849106
0.8525
0.850177
0.844917
0.849426
0.850017
0.84396
0.845423
0.849561
0.84626
0.848885
0.849216
0.841852
0.85219
0.844
0.848301
0.843946
0.845802
0.849937
0.846278
0.849904
0.847048
0.845605
0.843195
0.846884
0.849027
0.850393
0.847927
0.845362
0.844712
0.846528
0.844227
0.846151
0.84925
0.845375
0.849185
0.848954
0.851617
0.846562
0.845489
0.845798
0.848345
0.846823
0.840492
0.847063
0.843453
0.845556
0.845399
0.850367
0.849667
0.844941
0.847848
0.848535
0.847931
0.846957
0.847382
0.846113
0.851738
0.851461
0.848857
0.852205
0.847543
0.849062
0.842337
0.847314
0.846176
0.846025
0.845234
0.848186
0.847026
0.846743
0.846739
0.848704
0.848918
0.844951
0.850152
0.851561
0.84673
0.849093
0.844145
0.845179
0.847684
0.84615
0.846869
0.847287
0.844854
0.846714
0.844641
0.8478
0.848764
0.846886
0.845214
0.848122
0.84958
0.845036
0.846994
0.847559
0.846078
0.847106
0.844119
0.846062
0.853563
0.849608
0.848589
0.845906
0.851058
0.844497
0.847112
0.845666
0.847163
0.841246
0.847432
0.84649
0.847744
0.843515
0.844719
0.846383
0.846791
0.844186
0.852492
0.846435
0.846037
0.84702
0.845127
0.844806
0.846416
0.84773
0.844779
0.850394
0.850688
0.843186
0.848055
0.846143
0.850364
0.844282
0.845459
0.848532
0.847894
0.844042
0.842531
0.84927
0.847321
0.851832
0.85108
0.850093
0.847055
0.844209
0.849331
0.847028
0.852965
0.844777
0.845396
0.848146
0.849931
0.847928
0.849128
0.847501
0.847717
0.842991
0.843416
0.848427
0.842229
0.846024
0.848086
0.845939
0.848399
0.848849
0.849207
0.847518
0.848779
0.843977
0.847374
0.85054
0.847126
0.847318
0.847098
0.848323
0.842759
0.843647
0.848642
0.850731
0.849045
0.850644
0.850006
0.847884
0.847909
0.847323
0.846445
0.848125
0.849201
0.845512
0.847911
0.847322
0.843713
0.848075
0.8512
0.847925
0.84701
0.847796
0.848941
0.845785
0.848844
0.84808
0.847713
0.84847
0.844495
0.852935
0.847207
0.849297
0.846239
0.84235
0.84666
0.848265
0.846579
0.846934
0.845681
0.850325
0.845047
0.850681
0.846625
0.846674
0.850549
0.845696
0.849972
0.846068
0.849074
0.8501
0.846107
0.844982
0.844379
0.846984
0.845682
0.84271
0.845281
0.841699
0.845834
0.846014
0.847553
0.841961
0.847423
0.846126
0.847185
0.848438
0.847491
0.844927
0.844535
0.845906
0.851832
0.840469
0.848238
0.846234
0.849805
0.849696
0.844721
0.848227
0.848464
0.848013
0.846528
0.851369
0.845423
0.845183
0.853888
0.845695
0.847556
0.846675
0.847254
0.848976
0.853527
0.845528
0.844421
0.846122
0.850358
0.848054
0.849911
0.844948
0.845502
0.845709
0.845006
0.846924
0.843469
0.846835
0.84736
0.84893
0.847998
0.847914
0.846116
0.846615
0.846703
0.845179
0.844336
0.848922
0.843152
0.850076
0.848841
0.849769
0.848002
0.848857
0.846457
0.847435
0.845092
0.848132
0.848035
0.850601
0.846753
0.848761
0.848211
0.848417
0.846663
0.847889
0.855091
0.846911
0.849757
0.85159
0.842951
0.850536
0.846495
0.843184
0.84389
0.851681
0.847322
0.844807
0.846503
0.846342
0.84313
0.84651
0.849772
0.852936
0.84978
0.853488
0.850907
0.848564
0.848863
0.846785
0.844655
0.844852
0.848584
0.846475
0.846284
0.845355
0.848866
0.844215
0.849287
0.852015
0.85323
0.845965
0.848407
0.844927
0.845505
0.85166
0.845991
0.846862
0.851585
0.844847
0.846288
0.850198
0.848199
0.847409
0.847873
0.847516
0.844024
0.84998
0.847185
0.851668
0.845713
0.848478
0.850907
0.847066
0.84545
0.847475
0.847113
0.849422
0.847483
0.845728
0.845879
0.853961
0.8428
0.844942
0.847758
0.849489
0.845159
0.845487
0.851055
0.84777
0.849035
0.849275
0.847139
0.849193
0.847214
0.848659
0.846682
0.852596
0.847937
0.847182
0.84334
0.853521
0.850054
0.84715
0.851708
0.845561
0.847465
0.843702
0.846951
0.844361
0.846825
0.845038
0.844969
0.851768
0.849881
0.848188
0.844861
0.850378
0.847924
0.848042
0.844882
0.84793
0.847982
0.849081
0.849872
0.847203
0.848935
0.848394
0.847817
0.846531
0.843207
0.846096
0.850216
0.847808
0.850413
0.847984
0.846825
0.846758
0.848277
0.850971
0.847682
0.847231
0.846434
0.847837
0.848609
0.846566
0.84685
0.844404
0.845817
0.843857
0.848196
0.842633
0.848823
0.850243
0.845778
0.85213
0.846839
0.848193
0.847941
0.849357
0.845795
0.848063
0.845843
0.848119
0.847869
0.851275
0.845981
0.845558
0.845542
0.846411
0.847385
0.849193
0.845005
0.84404
0.846151
0.850955
0.847149
0.850314
0.846085
0.84789
0.845084
0.847565
0.841846
0.850013
0.850027
0.851135
0.846904
0.847966
0.845578
0.850411
0.844885
0.846151
0.84433
0.84314
0.844763
0.845142
0.843239
0.84614
0.845019
0.841115
0.848301
0.846259
0.844907
0.848164
0.845722
0.848833
0.847675
0.847851
0.844881
0.844481
0.852337
0.848569
0.844588
0.848906
0.845988
0.852541
0.845838
0.850246
0.845766
0.8509
0.842634
0.847555
0.845882
0.843708
0.84426
0.842748
0.844556
0.850232
0.847406
0.851043
0.845958
0.848139
0.846035
0.846964
0.846646
0.843637
0.850121
0.845296
0.847199
0.846368
0.84809
0.848728
0.844163
0.844488
0.846019
0.846834
0.845464
0.850348
0.846522
0.849086
0.851755
0.843356
0.849229
0.848747
0.849907
0.84443
0.846115
0.847448
0.84982
0.843179
0.845113
0.8469
0.849145
0.84531
0.847925
0.842633
0.849098
0.848096
0.849277
0.844411
0.851564
0.848061
0.844057
0.852172
0.850504
0.847812
0.85117
0.847306
0.844043
0.850548
0.842895
0.846954
0.849841
0.843907
0.84923
0.844543
0.847188
0.849122
0.844888
0.846454
0.844859
0.848061
0.846297
0.845611
0.848328
0.842931
0.845336
0.847086
0.847036
0.847475
0.848115
0.847922
0.845002
0.851003
0.843661
0.849343
0.848014
0.84714
0.849541
0.848138
0.848171
0.850387
0.845574
0.847511
0.846587
0.848821
0.849031
0.847283
0.844931
0.847028
0.850758
0.847037
0.846821
0.848627
0.846517
0.850436
0.843404
0.847036
0.850797
0.846397
0.848078
0.848283
0.842975
0.845497
0.846628
0.849746
0.850247
0.845046
0.846437
0.844755
0.846124
0.84304
0.850296
0.842249
0.849532
0.848571
0.851592
0.851694
0.839566
0.846776
0.849279
0.845137
0.848265
0.849344
0.849194
0.848737
0.848581
0.846839
0.846008
0.845628
0.848076
0.848936
0.846265
0.850212
0.848237
0.847786
0.847057
0.851735
0.847292
0.841734
0.846195
0.846848
0.846467
0.846328
0.84946
0.847354
0.846025
0.849656
0.847786
0.847658
0.851273
0.843931
0.84575
0.84903
0.845893
0.846853
0.841842
0.850948
0.851651
0.84452
0.844444
0.850003
0.850435
0.845526
0.847822
0.847758
0.847189
0.849547
0.845676
0.848189
0.848819
0.843367
0.846122
0.851723
0.843395
0.851438
0.845967
0.84623
0.849892
0.846845
0.84695
0.848697
0.847613
0.849461
0.848008
0.847882
0.848893
0.845219
0.848505
0.845059
0.847398
0.847337
0.847603
0.84483
0.85014
0.847829
0.849711
0.845671
0.847797
0.849143
0.852398
0.847789
0.847149
0.843137
0.849444
0.844826
0.848011
0.849205
0.849121
0.847085
0.852489
0.846373
0.84871
0.849765
0.849379
0.849163
0.846755
0.842534
0.844507
0.843172
0.848467
0.845421
0.849524
0.849179
0.845354
0.849287
0.848027
0.842568
0.845236
0.850112
0.846477
0.849072
0.847738
0.851057
0.848042
0.846595
0.845351
0.848488
0.846143
0.849119
0.849648
0.846523
0.848614
0.847668
0.850809
0.846149
0.841147
0.852126
0.850432
0.843418
0.8451
0.842126
0.847992
0.845886
0.851328
0.847799
0.851699
0.851337
0.845847
0.847474
0.848612
0.847298
0.845457
0.849307
0.847262
0.846297
0.848647
0.845915
0.845739
0.855136
0.848057
0.846713
0.849681
0.847198
0.842057
0.850725
0.851168
0.846824
0.849863
0.845295
0.848772
0.846674
0.844656
0.850505
0.848943
0.848722
0.847983
0.847425
0.847081
0.848758
0.846843
0.850779
0.845266
0.84807
0.845546
0.844806
0.848378
0.848866
0.849286
0.843944
0.847685
0.843461
0.850022
0.851449
0.848788
0.848963
0.846651
0.853043
0.845678
0.84907
0.849198
0.854666
0.849679
0.848352
0.848158
0.846251
0.840753
0.845678
0.851251
0.849336
0.848603
0.8507
0.850454
0.849435
0.846491
0.851044
0.846753
0.849858
0.850248
0.850719
0.845734
0.847087
0.849202
0.844919
0.848769
0.853412
0.850071
0.850197
0.843794
0.849205
0.845357
0.845218
0.846428
0.847077
0.845082
0.851948
0.847065
0.848154
0.844986
0.844913
0.842097
0.846481
0.845482
0.844114
0.846909
0.850728
0.848973
0.847156
0.84516
0.848519
0.849978
0.848255
0.845694
0.848116
0.850502
0.848928
0.849873
0.849214
0.847518
0.846647
0.845547
0.849258
0.846516
0.84467
0.849553
0.847848
0.847274
0.84457
0.850819
0.846439
0.84334
0.85364
0.849027
0.848537
0.846289
0.845094
0.842901
0.849291
0.848756
0.844881
0.84585
0.848035
0.851626
0.848293
0.848421
0.847199
0.849404
0.843342
0.844851
0.842768
0.85075
0.848501
0.849883
0.845592
0.849294
0.848042
0.851787
0.851085
0.844953
0.848967
0.849385
0.847945
0.846328
0.847181
0.843236
0.850754
0.847307
0.849451
0.850954
0.846249
0.848806
0.844338
0.845313
0.85183
0.845753
0.847175
0.848267
0.848755
0.845663
0.848223
0.84266
0.846196
0.845351
0.846301
0.848603
0.848772
0.849121
0.848215
0.850158
0.845413
0.848558
0.847256
0.850051
0.844276
0.850177
0.849421
0.846591
0.847719
0.845167
0.844834
0.84591
0.845085
0.84829
0.847396
0.845845
0.843412
0.849064
0.842431
0.847299
0.846711
0.846897
0.84508
0.845023
0.845707
0.850834
0.84511
0.844115
0.846502
0.849604
0.853204
0.843807
0.849422
0.851868
0.843196
0.851487
0.846377
0.848984
0.847284
0.844779
0.850743
0.846386
0.845951
0.847692
0.851723
0.847683
0.849316
0.845805
0.848938
0.847839
0.847046
0.850499
0.851649
0.848382
0.850156
0.850876
0.852037
0.846189
0.848795
0.847379
0.848832
0.845966
0.847655
0.845482
0.85112
0.849949
0.844044
0.846818
0.851757
0.852131
0.846337
0.847029
0.845496
0.846642
0.847032
0.844742
0.846122
0.851281
0.849313
0.847509
0.843067
0.849106
0.84783
0.844141
0.847394
0.844079
0.852714
0.844188
0.844942
0.84828
0.845105
0.844831
0.849609
0.847404
0.852577
0.841178
0.849914
0.845656
0.843022
0.846366
0.847729
0.847369
0.850529
0.848739
0.852056
0.844835
0.850324
0.851552
0.846081
0.845253
0.847711
0.84717
0.848197
0.844426
0.848657
0.848531
0.846511
0.849216
0.847994
0.84922
0.843753
0.843956
0.848847
0.847008
0.846882
0.849036
0.848715
0.852362
0.845451
0.843908
0.846862
0.847114
0.843644
0.849095
0.850007
0.845039
0.845987
0.847324
0.846949
0.845786
0.848936
0.848844
0.848327
0.848683
0.846419
0.8465
0.848461
0.84574
0.84761
0.849722
0.847351
0.846798
0.846889
0.851246
0.845763
0.851014
0.847115
0.847906
0.844659
0.845401
0.846478
0.845768
0.84596
0.851134
0.846061
0.851255
0.844495
0.847117
0.845624
0.84948
0.848713
0.847912
0.845057
0.845534
0.845738
0.850116
0.845072
0.846317
0.847523
0.849143
0.847196
0.846622
0.847916
0.849216
0.851219
0.842978
0.848499
0.845926
0.84889
0.843398
0.846516
0.85107
0.845898
0.849401
0.851807
0.847906
0.843267
0.844768
0.849356
0.849943
0.846095
0.840182
0.844735
0.845573
0.844776
0.847513
0.85201
0.850745
0.848655
0.84418
0.845146
0.852345
0.843801
0.846946
0.85077
0.843749
0.846294
0.84665
0.848393
0.842229
0.8522
0.854474
0.846041
0.847811
0.84838
0.848828
0.848077
0.84378
0.84925
0.847241
0.845639
0.84515
0.844817
0.843193
0.850616
0.848731
0.845112
0.849141
0.848654
0.850553
0.849177
0.849274
0.847209
0.847089
0.847594
0.846121
0.844374
0.84908
0.847149
0.849561
0.847425
0.847691
0.847406
0.848022
0.847377
0.849388
0.846922
0.849802
0.850682
0.851395
0.847263
0.843219
0.848641
0.849862
0.849966
0.847356
0.847377
0.845177
0.849693
0.84913
0.844477
0.847465
0.847464
0.85097
0.848468
0.84693
0.854108
0.845087
0.848291
0.849658
0.849149
0.844646
0.851056
0.847705
0.852547
0.845763
0.849435
0.84447
0.846817
0.846553
0.84933
0.846609
0.848433
0.844025
0.84831
0.848377
0.845914
0.848517
0.844997
0.852101
0.84992
0.845393
0.845473
0.848488
0.849431
0.848199
0.843836
0.850208
0.846367
0.845659
0.849452
0.848607
0.846478
0.846877
0.849134
0.847994
0.849845
0.849003
0.84616
0.852119
0.844732
0.844691
0.844033
0.844352
0.845719
0.851259
0.844916
0.845554
0.848815
0.849719
0.848575
0.841962
0.84896
0.846143
0.841596
0.848993
0.849132
0.851434
0.849833
0.848628
0.847771
0.845966
0.845245
0.846609
0.84304
0.849144
0.842688
0.848294
0.847338
0.854443
0.847466
0.84285
0.85153
0.850932
0.848886
0.846824
0.849514
0.849226
0.846958
0.844299
0.845579
0.849637
0.84719
0.844202
0.847659
0.846684
0.844944
0.845546
0.847312
0.851546
0.844006
0.848999
0.850182
0.8458
0.848518
0.847781
0.848158
0.848321
0.846125
0.849563
0.844679
0.848097
0.84829
0.848907
0.849768
0.852261
0.847916
0.848008
0.84874
0.84734
0.848281
0.84714
0.852274
0.849521
0.848
0.844907
0.844611
0.852017
0.848728
0.84784
0.847105
0.852861
0.850205
0.852483
0.845006
0.847847
0.847484
0.847932
0.851412
0.849213
0.847685
0.846825
0.844632
0.847429
0.850852
0.845261
0.845162
0.84645
0.84759
0.84586
0.839042
0.845453
0.846696
0.846972
0.848338
0.849499
0.851015
0.846893
0.846126
0.84847
0.845275
0.854004
0.849861
0.848052
0.847684
0.850467
0.853083
0.848511
0.845307
0.845452
0.849797
0.8484
0.846626
0.851247
0.843748
0.850754
0.84896
0.846255
0.849832
0.846963
0.847463
0.851295
0.842781
0.853559
0.842564
0.84749
0.845061
0.847484
0.848624
0.852105
0.845474
0.850305
0.847166
0.848447
0.846887
0.847029
0.845792
0.847188
0.84888
0.84648
0.846573
0.847929
0.851448
0.844482
0.849519
0.847056
0.848045
0.846006
0.847706
0.850096
0.845603
0.845545
0.847927
0.844251
0.845349
0.850769
0.846966
0.845964
0.843234
0.846247
0.845889
0.850847
0.845797
0.847149
0.848253
0.848082
0.848988
0.849283
0.847187
0.844811
0.846707
0.847279
0.852967
0.848318
0.848819
0.847374
0.845684
0.848047
0.845808
0.843671
0.842578
0.848868
0.849215
0.849123
0.853226
0.849891
0.844847
0.844689
0.848271
0.852035
0.847874
0.848529
0.846845
0.847338
0.84027
0.847969
0.844601
0.845769
0.846937
0.843282
0.845153
0.847169
0.846245
0.846223
0.842262
0.848208
0.845092
0.846551
0.846922
0.849858
0.849861
0.846324
0.851647
0.848222
0.848266
0.847402
0.84949
0.849264
0.846057
0.850572
0.848465
0.842482
0.847392
0.847107
0.847272
0.845177
0.845492
0.849091
0.847017
0.849109
0.846952
0.846798
0.851104
0.847767
0.847842
0.851094
0.85073
0.846147
0.845739
0.84854
0.849744
0.845711
0.845401
0.848541
0.849309
0.846497
0.843302
0.84671
0.844955
0.840056
0.846823
0.852083
0.845708
0.842819
0.842243
0.842598
0.849478
0.847884
0.852076
0.849013
0.845361
0.844498
0.850273
0.845594
0.845276
0.852109
0.847036
0.848436
0.847625
0.847723
0.846273
0.853022
0.848127
0.848038
0.852008
0.845121
0.850416
0.846502
0.846599
0.848781
0.848966
0.84944
0.851382
0.848156
0.847784
0.848267
0.850274
0.846281
0.846043
0.84595
0.845629
0.844513
0.848634
0.841188
0.845384
0.844775
0.849113
0.845793
0.848588
0.846064
0.843838
0.846668
0.843804
0.851261
0.85192
0.846527
0.848447
0.850171
0.847271
0.844851
0.849075
0.849057
0.848343
0.843283
0.846718
0.845983
0.846332
0.849247
0.844895
0.845406
0.850354
0.845803
0.84623
0.85268
0.849415
0.844573
0.845974
0.847393
0.850522
0.85149
0.846502
0.851729
0.848205
0.845975
0.848256
0.845457
0.849348
0.849277
0.846101
0.850378
0.847332
0.843654
0.847119
0.845057
0.846014
0.850183
0.849219
0.84271
0.850326
0.851651
0.843433
0.844652
0.844935
0.847877
0.849898
0.846097
0.846349
0.846614
0.845969
0.849774
0.845042
0.851057
0.841915
0.848498
0.848099
0.847682
0.845484
0.849843
0.844935
0.847966
0.847598
0.848019
0.848942
0.844971
0.843
0.846799
0.844733
0.84488
0.846913
0.844178
0.84376
0.84866
0.851148
0.849007
0.850093
0.847103
0.846374
0.846426
0.849365
0.848093
0.846929
0.846179
0.850047
0.844524
0.847135
0.846255
0.850672
0.850515
0.848301
0.847266
0.848563
0.849322
0.845421
0.848685
0.846758
0.852713
0.845363
0.848338
0.848674
0.845915
0.852249
0.846719
0.849413
0.849593
0.849811
0.84753
0.846681
0.847078
0.850805
0.848844
0.846062
0.844808
0.845537
0.849802
0.846281
0.844698
0.846332
0.848929
0.8497
0.8465
0.848763
0.849508
0.851949
0.844937
0.844839
0.848452
0.850178
0.847574
0.849532
0.845907
0.845819
0.846346
0.849786
0.84767
0.848426
0.840876
0.839881
0.84833
0.850711
0.851067
0.850282
0.84949
0.847119
0.846327
0.846568
0.847192
0.844391
0.847877
0.85049
0.844479
0.851957
0.849001
0.848905
0.848286
0.844683
0.847362
0.851612
0.850189
0.849881
0.846615
0.847824
0.845516
0.847891
0.843449
0.845036
0.848796
0.847967
0.851971
0.846443
0.847286
0.853795
0.846866
0.849582
0.852796
0.850862
0.844336
0.844366
0.844734
0.850913
0.843148
0.847523
0.844912
0.84656
0.846457
0.845557
0.847262
0.844836
0.849707
0.843996
0.85021
0.843141
0.845605
0.848235
0.844974
0.843634
0.84765
0.847407
0.846587
0.844067
0.846875
0.843166
0.841739
0.845991
0.846853
0.851676
0.848151
0.848844
0.847428
0.84522
0.846277
0.846011
0.845247
0.846988
0.845632
0.849696
0.845894
0.848762
0.849665
0.846595
0.85057
0.846934
0.846491
0.847563
0.846528
0.845467
0.849262
0.848063
0.85024
0.848515
0.851247
0.8482
0.849245
0.84759
0.850343
0.848578
0.847196
0.850316
0.849905
0.848022
0.845105
0.849462
0.846264
0.845436
0.846256
0.845995
0.846387
0.846391
0.847814
0.845275
0.842515
0.849089
0.84544
0.848098
0.852277
0.847022
0.847556
0.850307
0.846626
0.857359
0.849729
0.849354
0.847198
0.846574
0.849494
0.846623
0.849748
0.849426
0.849527
0.846728
0.846886
0.848771
0.844968
0.847833
0.848097
0.850234
0.849105
0.849342
0.847642
0.848877
0.847796
0.845716
0.849943
0.845465
0.846454
0.849899
0.850812
0.848711
0.851649
0.847194
0.846889
0.850726
0.842305
0.848691
0.84609
0.846183
0.848614
0.853049
0.85123
0.843936
0.848188
0.847057
0.849074
0.84424
0.847508
0.847659
0.847814
0.852386
0.848107
0.845293
0.842212
0.847623
0.850267
0.852996
0.847218
0.844097
0.847412
0.850768
0.846943
0.848946
0.849164
0.84882
0.845529
0.846884
0.84731
0.852524
0.843225
0.84887
0.846144
0.849415
0.846882
0.848544
0.848219
0.847429
0.848297
0.846755
0.846423
0.846198
0.848511
0.842449
0.845075
0.847656
0.848037
0.847557
0.846269
0.845723
0.85105
0.846759
0.848587
0.84416
0.847418
0.85041
0.846626
0.850877
0.848872
0.845043
0.850407
0.846712
0.847789
0.844845
0.846814
0.845318
0.84974
0.844909
0.854147
0.849739
0.852534
0.847888
0.844305
0.847086
0.848565
0.84977
0.847969
0.845647
0.851046
0.84933
0.845698
0.845325
0.849149
0.85062
0.847186
0.845528
0.847098
0.847299
0.849151
0.846861
0.849806
0.844068
0.851308
0.847426
0.846496
0.846027
0.846443
0.850501
0.847043
0.84472
0.845266
0.85093
0.846718
0.842921
0.842938
0.846199
0.84966
0.84775
0.85035
0.848255
0.843372
0.847082
0.851544
0.846316
0.850694
0.844175
0.842958
0.844933
0.844024
0.852713
0.849479
0.848793
0.849438
0.853515
0.842109
0.846796
0.841453
0.843821
0.848916
0.846238
0.847909
0.847392
0.843011
0.849955
0.84574
0.844793
0.847298
0.850896
0.847661
0.851417
0.845151
0.849244
0.847781
0.849719
0.846149
0.844785
0.845765
0.848781
0.851312
0.843319
0.850776
0.844698
0.846025
0.849731
0.853761
0.844721
0.849871
0.852094
0.849345
0.842687
0.84617
0.843061
0.848395
0.848243
0.847462
0.849193
0.847736
0.848667
0.846457
0.841908
0.848046
0.844547
0.847434
0.846588
0.845618
0.842995
0.846735
0.847816
0.85004
0.84517
0.851527
1
0.848425
0.846851
0.84904
0.84826
0.847083
0.844392
0.848432
0.842286
0.850815
0.847459
0.840663
0.847245
0.84498
0.848003
0.851669
0.848736
0.845995
0.849361
0.847987
0.84578
0.846475
0.849422
0.846253
0.848273
0.846292
0.848777
0.844734
0.842975
0.850617
0.852994
0.851975
0.850326
0.84753
0.8472
0.848775
0.84819
0.850871
0.848012
0.845959
0.844211
0.845394
0.845485
0.85003
0.850737
0.847148
0.845308
0.845852
0.845298
0.846062
0.845984
0.846275
0.847182
0.848681
0.851843
0.848738
0.84746
0.847771
0.844502
0.848666
0.849812
0.84695
0.845614
0.847021
0.849124
0.849156
0.843589
0.847668
0.844577
0.842906
0.844224
0.849602
0.849008
0.849232
0.848898
0.850916
0.848912
0.846015
0.845377
0.847033
0.849971
0.845792
0.850058
0.843991
0.847173
0.851426
0.845475
0.845914
0.849261
0.845809
0.847312
0.846736
0.852102
0.843356
0.850972
0.84978
0.844484
0.842023
0.844352
0.851686
0.845907
0.846095
0.846262
0.847388
0.845209
0.84652
0.844815
0.850037
0.842976
0.85015
0.849199
0.843559
0.846334
0.846309
0.850995
0.844041
0.84277
0.849947
0.847379
0.848147
0.846603
0.847393
0.852077
0.848895
0.846271
0.848199
0.849613
0.848594
0.848371
0.845929
0.84703
0.849824
0.845745
0.851017
0.846928
0.847319
0.84418
0.847887
0.846654
0.844837
0.846911
0.846744
0.84785
0.850783
0.844377
0.84866
0.844586
0.848687
0.852377
0.847396
0.847319
0.843849
0.850528
0.844673
0.846067
0.851929
0.844479
0.848116
0.844211
0.847933
0.843946
0.851645
0.850243
0.847104
0.846719
0.84488
0.852011
0.844583
0.847323
0.84943
0.846268
0.847294
0.845323
0.844169
0.843633
0.841634
0.84824
0.849562
0.853061
0.844263
0.843727
0.844066
0.85078
0.845047
0.849808
0.843751
0.849973
0.848495
0.846705
0.846206
0.848524
0.851532
0.846328
0.844979
0.845424
0.84686
0.847054
0.84761
0.846988
0.847192
0.845908
0.849375
0.849659
0.84952
0.848465
0.849164
0.842561
0.844628
0.852738
0.850614
0.847916
0.847057
0.848876
0.845104
0.844124
0.846226
0.847705
0.850874
0.845478
0.849944
0.845069
0.852544
0.847955
0.847948
0.845117
0.847034
0.845751
0.848571
0.847664
0.843551
0.848099
0.845764
0.848403
0.849508
0.849467
0.848955
0.849004
0.838247
0.846922
0.853065
0.848286
0.847416
0.847498
0.846596
0.849841
0.848328
0.848536
0.847987
0.843087
0.845414
0.841438
0.847126
0.847549
0.849285
0.849869
0.847923
0.848202
0.847073
0.850746
0.848809
0.847315
0.845185
0.852878
0.848589
0.849493
0.847784
0.847366
0.854286
0.847397
0.841182
0.849153
0.846641
0.850952
0.840581
0.853111
0.849653
0.845262
0.84714
0.847761
0.84676
0.846206
0.847773
0.846093
0.846968
0.847531
0.846816
0.850312
0.84722
0.839719
0.850502
0.849593
0.850385
0.848514
0.847841
0.848152
0.851143
0.847588
0.845503
0.845728
0.854641
0.847719
0.846911
0.846147
0.84202
0.846509
0.847672
0.848982
0.843559
0.84883
0.852934
0.849278
0.84573
0.850096
0.845595
0.850312
0.850165
0.845906
0.846566
0.847295
0.849316
0.846732
0.849323
0.844965
0.846234
0.843936
0.846978
0.846541
0.847185
0.847882
0.847212
0.846672
0.848251
0.851137
0.845082
0.848553
0.850188
0.847902
0.847244
0.849654
0.846373
0.850246
0.84669
0.850971
0.851442
0.849308
0.849965
0.847186
0.850522
0.846191
0.847567
0.844245
0.846507
0.846187
0.84756
0.84177
0.847495
0.847913
0.851554
0.847055
0.849885
0.850301
0.848441
0.847552
0.845138
0.843647
0.845483
0.854065
0.844787
0.84641
0.847674
0.851032
0.847223
0.84714
0.844032
0.844721
0.844292
0.842407
0.847506
0.849437
0.847842
0.849483
0.846302
0.845771
0.84612
0.849555
0.848348
0.847449
0.849463
0.848668
0.844705
0.845717
0.845191
0.848716
0.849392
0.849116
0.844833
0.844806
0.850104
0.846699
0.845949
0.853586
0.848201
0.848523
0.848934
0.842597
0.846807
0.846228
0.852629
0.845661
0.845595
0.84861
0.845855
0.842955
0.845817
0.846046
0.849255
0.846361
0.850864
0.846518
0.847273
0.849309
0.844084
0.848068
0.847349
0.849701
0.849282
0.848202
0.85281
0.850752
0.846711
0.847512
0.849431
0.846847
0.849349
0.845556
0.845355
0.846925
0.842373
0.847522
0.849527
0.845688
0.846611
0.850681
0.844972
0.847547
0.845874
0.8505
0.8481
0.848451
0.847566
0.844163
0.846358
0.842904
0.846102
0.847213
0.845638
0.84349
0.845699
0.846978
0.847671
0.849026
0.844068
0.847559
0.847975
0.849628
0.849575
0.848268
0.846036
0.843916
0.847662
0.847709
0.852434
0.846688
0.848632
0.851374
0.845257
0.845054
0.844011
0.845104
0.848291
0.85075
0.849349
0.843729
0.84786
0.850886
0.849277
0.845724
0.848514
0.850371
0.846358
0.847471
0.848932
0.849136
0.848721
0.84498
0.847284
0.845013
0.847375
0.850534
0.845772
0.851727
0.851161
0.846825
0.84848
0.847072
0.849636
0.844048
0.848153
0.848706
0.849248
0.845616
0.849771
0.846093
0.844696
0.849402
0.847853
0.842517
0.847562
0.844947
0.847941
0.849236
0.849286
0.848597
0.846197
0.849076
0.842822
0.844908
0.844907
0.849197
0.845691
0.844732
0.84949
0.846107
0.848208
0.846087
0.848696
0.844482
0.849004
0.848939
0.849332
0.848066
0.84598
0.845965
0.850983
0.85015
0.846061
0.851217
0.850581
0.845691
0.849928
0.849209
0.843171
0.846161
0.849929
0.847485
0.848684
0.849132
0.848003
0.8469
0.849427
0.843434
0.850566
0.847178
0.847716
0.848813
0.848807
0.849778
0.848726
0.850357
0.845211
0.848665
0.845616
0.841171
0.848664
0.849486
0.84684
0.850015
0.844675
0.850097
0.849108
0.846616
0.848474
0.848788
0.851532
0.848139
0.849292
0.849671
0.847456
0.854084
0.852173
0.847514
0.841127
0.845571
0.847025
0.850769
0.847785
0.844394
0.847661
0.844605
0.846312
0.84577
0.846739
0.852342
0.846952
0.849214
0.847391
0.849138
0.846628
0.84657
0.847848
0.847198
0.845077
0.848692
0.847515
0.847279
0.847993
0.847514
0.844507
0.846681
0.843942
0.8462
0.84742
0.849105
0.848891
0.84402
0.842896
0.844553
0.846656
0.850372
0.853176
0.846261
0.845463
0.849969
0.844751
0.846338
0.849127
0.847652
0.850846
0.847892
0.845565
0.852184
0.84937
0.845579
0.846857
0.844827
0.846322
0.851789
0.853071
0.85113
0.844648
0.850714
0.845737
0.84702
0.845146
0.84457
0.84393
0.846101
0.844119
0.84547
0.847636
0.84748
0.84709
0.844392
0.843337
0.848688
0.835355
0.846266
0.848759
0.8487
0.846924
0.849222
0.847629
0.847012
0.848063
0.849861
0.850524
0.844699
0.844809
0.849535
0.845491
0.845989
0.851346
0.844832
0.852211
0.845794
0.847775
0.846605
0.848952
0.845723
0.846209
0.84895
0.847825
0.853172
0.852163
0.850102
0.846513
0.844964
0.845144
0.846369
0.844329
0.848225
0.846363
0.848383
0.847859
0.849079
0.845944
0.84646
0.846008
0.851561
0.848374
0.849464
0.844585
0.85379
0.850508
0.850262
0.852778
0.844876
0.847936
0.843962
0.843553
0.846166
0.845123
0.848735
0.844857
0.846617
0.847845
0.845208
0.848189
0.847773
0.853829
0.84735
0.840834
0.84557
0.850062
0.847512
0.84591
0.84474
0.842247
0.849651
0.84365
0.848505
0.849642
0.84945
0.843918
0.848417
0.842883
0.854318
0.84933
0.847852
0.850473
0.845704
0.850109
0.851741
0.850651
0.846753
0.842025
0.844827
0.850335
0.8494
0.851114
0.846443
0.846449
0.846064
0.846808
0.846437
0.847158
0.844147
0.846715
0.848482
0.845776
0.84718
0.848079
0.846238
0.847108
0.844391
0.847789
0.843986
0.848837
0.849849
0.843725
0.850066
0.847858
0.845898
0.845898
0.846419
0.84816
0.848859
0.848851
0.846512
0.845467
0.84971
0.851138
0.8497
0.848743
0.851073
0.846806
0.849483
0.847726
0.845168
0.846819
0.846439
0.84928
0.847591
0.850747
0.846797
0.847449
0.843893
0.847162
0.847379
0.847601
0.851133
0.847961
0.850344
0.849583
0.847838
0.846932
0.846847
0.847422
0.848939
0.844713
0.850109
0.852477
0.844435
0.844926
0.850413
0.851782
0.848656
0.85169
0.846497
0.849001
0.846182
0.845046
0.847873
0.849985
0.851072
0.845317
0.844647
0.847744
0.848875
0.847859
0.847236
0.842694
0.846991
0.847872
0.841221
0.847439
0.848662
0.847593
0.850292
0.849012
0.849909
0.846748
0.843461
0.846349
0.848359
0.849339
0.845282
0.84953
0.847223
0.847665
0.849639
0.847203
0.849576
0.847274
0.851871
0.848693
0.85061
0.849248
0.845431
0.847375
0.846572
0.84141
0.849481
0.846697
0.847488
0.849196
0.849997
0.847663
0.854377
0.846612
0.847549
0.845627
0.847965
0.847606
0.84858
0.848542
0.84664
0.849797
0.847681
0.845392
0.850082
0.845422
0.847469
0.845953
0.84283
0.84403
0.847547
0.847866
0.843133
0.844733
0.85009
0.851976
0.849231
0.849345
0.847655
0.845953
0.849278
0.847174
0.847124
0.848785
0.846572
0.847144
0.84465
0.849643
0.849101
0.840365
0.847091
0.846452
0.848464
0.849396
0.847111
0.848007
0.842499
0.851857
0.849533
0.852388
0.84592
0.849125
0.846297
0.850464
0.845724
0.844447
0.847865
0.845181
0.848568
0.850091
0.849947
0.844303
0.843917
0.84898
0.850966
0.841046
0.847901
0.848671
0.846763
0.848938
0.852732
0.848959
0.844873
0.847057
0.846621
0.850085
0.845353
0.849931
0.845998
0.84638
0.847898
0.849036
0.843163
0.849053
0.852484
0.847785
0.849519
0.851826
0.850003
0.847484
0.84592
0.849365
0.847835
0.848304
0.846867
0.847661
0.851761
0.848407
0.849936
0.847411
0.848802
0.851175
0.849918
0.842761
0.846178
0.849283
0.85124
0.852521
0.847492
0.84641
0.850355
0.851657
0.842748
0.847957
0.849552
0.8463
0.850435
0.849293
0.849668
0.845375
0.846331
0.843927
0.849607
0.847913
0.846484
0.850227
0.849489
0.850847
0.847035
0.84725
0.843335
0.846599
0.845685
0.849223
0.847156
0.849481
0.85095
0.845045
0.845583
0.847825
0.841611
0.85087
0.850501
0.845894
0.846901
0.847632
0.855153
0.849367
0.847108
0.846524
0.847916
0.849065
0.846998
0.840208
0.848278
0.846345
0.843618
0.849007
0.849578
0.849268
0.848433
0.848279
0.850913
0.845133
0.847844
0.850723
0.846282
0.848858
0.849246
0.850155
0.850624
0.84581
0.846954
0.848023
0.848075
0.845794
0.84749
0.848569
0.849023
0.845967
0.844485
0.849329
0.846687
0.848648
0.847903
0.842344
0.851041
0.849451
0.851339
0.850344
0.85388
0.845826
0.847965
0.847511
0.846071
0.847524
0.847821
0.847528
0.843975
0.845754
0.848171
0.847883
0.847867
0.851412
0.845505
0.846935
0.847606
0.850679
0.849176
0.850036
0.846693
0.850177
0.850865
0.850533
0.850772
0.848439
0.844145
0.848577
0.851485
0.85078
0.843191
0.850759
0.84462
0.849838
0.847584
0.853352
0.849247
0.845389
0.850598
0.848356
0.843943
0.846175
0.849234
0.848755
0.849398
0.845337
0.848688
0.847637
0.846253
0.848444
0.847313
0.849464
0.8445
0.849673
0.84977
0.845824
0.844051
0.847547
0.847021
0.847119
0.849306
0.845521
0.848488
0.85009
0.846209
0.846334
0.851167
0.84596
0.848105
0.852434
0.844514
0.850038
0.843401
0.848268
0.847112
0.848909
0.849421
0.847116
0.846212
0.843416
0.847766
0.84884
0.845804
0.848735
0.847625
0.850286
0.847847
0.84725
0.848388
0.849035
0.84461
0.848569
0.845554
0.847898
0.843893
0.850237
0.84438
0.851722
0.84675
0.845251
0.848813
0.847825
0.849621
0.844296
0.844718
0.848937
0.843452
0.847094
0.847791
0.851569
0.850175
0.844128
0.846943
0.847989
0.844585
0.849072
0.849811
0.8482
0.847743
0.84761
0.853777
0.847056
0.845348
0.846484
0.846512
0.847527
0.845825
0.851536
0.851536
0.843431
0.849436
0.844795
0.846859
0.842365
0.844077
0.849335
0.845781
0.847913
0.845207
0.849059
0.849378
0.845028
0.849335
0.848966
0.843725
0.846207
0.847441
0.84593
0.845737
0.851714
0.848841
0.849598
0.846403
0.845927
0.849777
0.848795
0.850143
0.850743
0.846819
0.849082
0.845291
0.846445
0.846988
0.849634
0.851262
0.847751
0.846877
0.851979
0.845449
0.84827
0.850204
0.848317
0.85189
0.849039
0.845946
0.848935
0.849859
0.846562
0.845031
0.848114
0.849462
0.849217
0.847235
0.847203
0.846749
0.850039
0.847141
0.850883
0.844773
0.848902
0.849668
0.849967
0.843961
0.845218
0.847456
0.846115
0.848185
0.849407
0.844026
0.847732
0.84606
0.844408
0.846199
0.848914
0.843577
0.846356
0.846619
0.844923
0.839079
0.845265
0.849489
0.85073
0.849134
0.846046
0.847012
0.84747
0.849111
0.845197
0.848108
0.849757
0.849201
0.845494
0.845013
0.843365
0.850099
0.846301
0.841607
0.848835
0.852075
0.846801
0.845756
0.85566
0.846036
0.846646
0.845987
0.848264
0.844143
0.84931
0.847523
0.846018
0.848299
0.846648
0.847613
0.844018
0.851141
0.847695
0.847293
0.851591
0.845516
0.841834
0.848543
0.851196
0.852741
0.847327
0.848497
0.847537
0.853975
0.845541
0.846602
0.85059
0.844205
0.843974
0.847099
0.845051
0.847294
0.845973
0.854361
0.847341
0.849101
0.845145
0.847595
0.848104
0.850085
0.846261
0.844542
0.849038
0.843361
0.845385
0.850054
0.848261
0.842131
0.843532
0.841113
0.850148
0.850736
0.842902
0.85051
0.846975
0.846153
0.847424
0.847033
0.848345
0.842563
0.845941
0.846671
0.849685
0.845287
0.848767
0.845791
0.847074
0.847028
0.842504
0.84957
0.845877
0.850693
0.849245
0.848155
0.845537
0.849477
0.84994
0.850063
0.851235
0.844382
0.851
0.851536
0.850202
0.84805
0.846197
0.845326
0.850023
0.847037
0.848221
0.845042
0.848101
0.845993
0.843334
0.851079
0.842754
0.850323
0.848267
0.847291
0.845076
0.847873
0.847976
0.849134
0.849165
0.844417
0.848188
0.850725
0.845111
0.847059
0.846276
0.843955
0.842892
0.847146
0.851854
0.846632
0.845195
0.842124
0.847926
0.849058
0.850096
0.846593
0.848782
0.848052
0.84526
0.853319
0.845429
0.847833
0.848302
0.842459
0.850656
0.848144
0.843622
0.848584
0.848118
0.850637
0.847639
0.850339
0.845512
0.849342
0.847779
0.845283
0.843428
0.846687
0.845679
0.850161
0.845706
0.845163
0.846835
0.849992
0.84459
0.847613
0.847602
0.851363
0.84995
0.84723
0.849285
0.849917
0.847984
0.840909
0.850144
0.842635
0.850056
0.84946
0.845901
0.848585
0.84537
0.845331
0.848293
0.84252
0.84593
0.845807
0.84834
0.845115
0.847019
0.849792
0.853067
0.849583
0.847479
0.850578
0.847974
0.844469
0.846487
0.846681
0.845951
0.846276
0.845772
0.847254
0.85434
0.846969
0.845728
0.849363
0.849184
0.848255
0.849251
0.852163
0.841261
0.851591
0.844773
0.849045
0.846017
0.845763
0.848302
0.850463
0.848262
0.847687
0.846265
0.846697
0.851106
0.84766
0.842509
0.845672
0.848456
0.849361
0.844389
0.848186
0.84595
0.850209
0.84644
0.852007
0.850266
0.843157
0.846976
0.851006
0.846325
0.846448
0.851841
0.847424
0.847318
0.854006
0.848871
0.846272
0.848276
0.844904
0.846217
0.850561
0.843974
0.848002
0.843806
0.852406
0.846255
0.844798
0.849796
0.847286
0.85427
0.84888
0.849187
0.843555
0.851271
0.845984
0.849998
0.846222
0.853555
0.851066
0.845848
0.846749
0.849289
0.840895
0.846149
0.848414
0.848082
0.849192
0.848547
0.848965
0.84677
0.850764
0.846866
0.847562
0.848546
0.845741
0.850191
0.849045
0.84659
0.847165
0.845416
0.84868
0.849571
0.847386
0.845196
0.846114
0.846505
0.846283
0.844613
0.85027
0.847218
0.846276
0.847127
0.849538
0.846851
0.852016
0.844339
0.846268
0.852006
0.84738
0.849057
0.849767
0.845552
0.844948
0.850453
0.845259
0.849005
0.847137
0.844877
0.843622
0.84829
0.849312
0.846559
0.84816
0.845208
0.846406
0.850248
0.847971
0.848442
0.846617
0.848456
0.848782
0.850041
0.845547
0.846557
0.851772
0.847834
0.843163
0.845893
0.851437
0.841991
0.848742
0.848059
0.847175
0.84725
0.84929
0.849708
0.845597
0.846641
0.849037
0.844863
0.850552
0.847698
0.847892
0.848661
0.844392
0.844849
0.84683
0.851503
0.839745
0.845383
0.850451
0.847863
0.847089
0.847971
0.846426
0.845745
0.840879
0.843898
0.844607
0.849359
0.848195
0.845602
0.848346
0.846663
0.844561
0.847933
0.848288
0.846123
0.845145
0.852379
0.847097
0.846674
0.846843
0.842632
0.846707
0.843672
0.849558
0.840537
0.8489
0.844169
0.846485
0.848595
0.851372
0.846796
0.847259
0.844404
0.848169
0.848023
0.848011
0.845833
0.84462
0.84747
0.848496
0.844574
0.8452
0.845577
0.847029
0.851095
0.846886
0.849803
0.847621
0.846089
0.84915
0.845558
0.84874
0.841779
0.847762
0.847939
0.845679
0.844304
0.845681
0.85255
0.848327
0.846799
0.846343
0.844938
0.847923
0.848357
0.855351
0.846589
0.848098
0.84727
0.850088
0.847915
0.84531
0.851767
0.84932
0.845048
0.853114
0.848649
0.847209
0.847007
0.846751
0.847565
0.847892
0.845578
0.847037
0.843835
0.846968
0.850676
0.845729
0.853356
0.846825
0.847425
0.848882
0.85206
0.843825
0.845638
0.85165
0.846821
0.851254
0.848311
0.850117
0.847993
0.846866
0.845361
0.846438
0.845585
0.850508
0.85033
0.843606
0.844744
0.847158
0.84596
0.84614
0.849581
0.849487
0.849022
0.846056
0.847004
0.844459
0.847374
0.846528
0.852068
0.844171
0.847422
0.847318
0.850622
0.845026
0.84479
0.844787
0.844651
0.838511
0.847234
0.843306
0.851168
0.845386
0.848554
0.84977
0.849459
0.845702
0.851546
0.849884
0.84835
0.848086
0.846775
0.849376
0.842569
0.850612
0.848329
0.846089
0.848604
0.850767
0.848377
0.851797
0.84617
0.849354
0.847672
0.844773
0.849752
0.846091
0.846073
0.847299
0.848969
0.850652
0.844314
0.848076
0.849505
0.847242
0.84886
0.846862
0.844082
0.846117
0.847197
0.848487
0.846628
0.847572
0.848828
0.850211
0.848845
0.845831
0.850875
0.845585
0.843667
0.85098
0.851315
0.845464
0.847204
0.844726
0.846338
0.850934
0.847825
0.84776
0.845824
0.84947
0.839714
0.844883
0.85221
0.846535
0.847805
0.84928
0.84815
0.8455
0.846185
0.847494
0.849236
0.846138
0.847347
0.843242
0.846961
0.849594
0.848472
0.849968
0.849595
0.84876
0.846919
0.852586
0.845405
0.848339
0.843538
0.850976
0.847585
0.8459
0.845479
0.846078
0.84594
0.851539
0.848375
0.842715
0.845739
0.849729
0.846122
0.848117
0.848601
0.848111
0.846403
0.844236
0.849248
0.851038
0.845243
0.845957
0.843543
0.8461
0.852354
0.852306
0.844663
0.850955
0.849862
0.851832
0.848315
0.852383
0.851999
0.844096
0.843055
0.845392
0.850832
0.84881
0.85204
0.849736
0.847855
0.847554
0.848683
0.84511
0.85118
0.84937
0.843408
0.843777
0.841957
0.847137
0.851489
0.846899
0.847361
0.845846
0.849296
0.84985
0.85251
0.847766
0.848497
0.844318
0.848943
0.846636
0.850951
0.84845
0.849178
0.848557
0.844997
0.84884
0.845846
0.849331
0.848428
0.843726
0.847662
0.848929
0.850751
0.852356
0.848999
0.847161
0.849043
0.848107
0.847825
0.852094
0.844369
0.850435
0.849958
0.845563
0.849525
0.84794
0.842056
0.851245
0.848446
0.845131
0.850073
0.846039
0.849999
0.850496
0.848191
0.846898
0.849355
0.8481
0.848746
0.851266
0.850618
0.843126
0.846769
0.845981
0.846963
0.846504
0.848609
0.848404
0.843861
0.849929
0.848153
0.849281
0.846742
0.846581
0.8481
0.85021
0.849775
0.849497
0.84639
0.848037
0.852476
0.845167
0.849194
0.849525
0.851191
0.848976
0.846714
0.849451
0.841255
0.846458
0.849606
0.843846
0.848095
0.844587
0.847976
0.849993
0.848009
0.850066
0.843929
0.850545
0.847419
0.847338
0.845356
0.844015
0.841277
0.847504
0.850686
0.850018
0.844625
0.843404
0.853739
0.848917
0.849632
0.849274
0.850888
0.850919
0.848549
0.848577
0.851115
0.84962
0.849734
0.847063
0.847444
0.851679
0.848572
0.850506
0.844934
0.848221
0.844063
0.850693
0.85292
0.851633
0.842624
0.850753
0.844952
0.849436
0.847835
0.852948
0.850529
0.847515
0.84613
0.846454
0.845954
0.844334
0.847311
0.852866
0.846537
0.847886
0.845489
0.84988
0.846733
0.844246
0.845872
0.843449
0.84883
0.849107
0.847383
0.846259
0.84937
0.850811
0.850034
0.848012
0.849354
0.847513
0.846494
0.847607
0.850285
0.845386
0.84912
0.848601
0.84505
0.846563
0.84357
0.850731
0.845925
0.846481
0.84883
0.849879
0.846679
0.844426
0.84373
0.846243
0.847907
0.846667
0.847432
0.853363
0.848652
0.851722
0.844081
0.843702
0.846879
0.850305
0.842634
0.849225
0.849505
0.843308
0.845474
0.846143
0.848209
0.847017
0.8479
0.848878
0.844128
0.843114
0.84784
0.846153
0.850289
0.845774
0.844334
0.853704
0.850984
0.849839
0.846208
0.853131
0.849793
0.84802
0.843092
0.847046
0.84416
0.848472
0.85135
0.842855
0.843837
0.847417
0.846754
0.850072
0.845457
0.852475
0.84667
0.847522
0.849643
0.850821
0.842591
0.850775
0.84813
0.852429
0.847041
0.845414
0.848731
0.850284
0.851726
0.849574
0.848743
0.850665
0.846945
0.851224
0.84807
0.84727
0.848986
0.843722
0.84913
0.849919
0.843766
0.849834
0.849186
0.846454
0.84745
0.850263
0.852356
0.84381
0.845599
0.848241
0.848768
0.848572
0.847569
0.84985
0.847677
0.846338
0.845404
0.849553
0.845249
0.848069
0.847964
0.844248
0.848774
0.849089
0.844897
0.850432
0.846937
0.849525
0.844087
0.845483
0.845205
0.845292
0.846524
0.840908
0.847166
0.847358
0.84923
0.844776
0.844306
0.84575
0.844613
0.847935
0.853098
0.848133
0.850468
0.845861
0.848786
0.848849
0.849301
0.847887
0.848157
0.849864
0.847219
0.845068
0.847414
0.847443
0.845973
0.84332
0.842765
0.848411
0.848571
0.848348
0.844954
0.852269
0.851502
0.846854
0.847735
0.848175
0.847892
0.845653
0.847632
0.851503
0.845666
0.8466
0.843287
0.845906
0.844731
0.846693
0.847231
0.848436
0.849163
0.847323
0.84446
0.845338
0.845926
0.848516
0.847672
0.847834
0.84635
0.848686
0.84479
0.848676
0.850224
0.853493
0.848602
0.851854
0.846893
0.847833
0.84678
0.844734
0.847092
0.843946
0.851876
0.847486
0.84572
0.853463
0.846139
0.848679
0.849076
0.847274
0.849986
0.845489
0.849137
0.850812
0.845831
0.853455
0.848731
0.843995
0.848455
0.850337
0.843525
0.850138
0.842367
0.8503
0.851471
0.847906
0.844903
0.849358
0.846416
0.850287
0.848339
0.847779
0.851695
0.847433
0.84925
0.845466
0.848248
0.84434
0.850014
0.848228
0.848116
0.846079
0.845321
0.846434
0.849368
0.850343
0.847121
0.847941
0.849338
0.844974
0.849821
0.848426
0.849175
0.846812
0.852529
0.849144
0.846961
0.852513
0.851301
0.848658
0.845781
0.847777
0.849747
0.843384
0.846497
0.848147
0.847763
0.849306
0.849194
0.840874
0.84991
0.852368
0.846312
0.846496
0.849596
0.848865
0.847972
0.85141
0.848295
0.850239
0.853027
0.850455
0.846695
0.848227
0.853084
0.852032
0.847938
0.847566
0.847103
0.850365
0.85017
0.850675
0.847397
0.846235
0.846469
0.843467
0.844087
0.852523
0.842345
0.843794
0.846208
0.848557
0.848891
0.85056
0.843717
0.846276
0.849867
0.846677
0.848538
0.848996
0.848732
0.850764
0.849661
0.849328
0.850844
0.84796
0.845637
0.849748
0.849148
0.849745
0.844918
0.847915
0.846259
0.846794
0.848687
0.845394
0.852555
0.847775
0.844992
0.844587
0.842983
0.846516
0.847454
0.849447
0.847013
0.849229
0.849217
0.8464
0.848066
0.843252
0.846476
0.845462
0.84604
0.848076
0.841407
0.848141
0.846677
0.843412
0.849331
0.846478
0.8496
0.845909
0.850873
0.847247
0.847109
0.845334
0.849182
0.849682
0.845898
0.848202
0.847021
0.851901
0.850824
0.846442
0.850399
0.847041
0.85233
0.850074
0.849074
0.852124
0.846997
0.850634
0.846057
0.848106
0.848048
0.848925
0.849897
0.847519
0.84928
0.847633
0.843009
0.84533
0.850294
0.848735
0.8455
0.84622
0.848357
0.844401
0.846671
0.845364
0.848124
0.842016
0.849325
0.843366
0.844559
0.843126
0.847094
0.850789
0.844132
0.84734
0.843356
0.847064
0.85112
0.850436
0.847929
0.846638
0.850221
0.848964
0.847566
0.848954
0.846018
0.842189
0.845601
0.846853
0.851347
0.847339
0.848594
0.846183
0.848254
0.846773
0.85018
0.845003
0.848684
0.848927
0.850804
0.843771
0.845808
0.853128
0.850552
0.842355
0.847378
0.849886
0.848022
0.843848
0.847423
0.847749
0.849464
0.847972
0.844172
0.849107
0.84714
0.848036
0.846707
0.847392
0.853056
0.846899
0.847572
0.848049
0.847604
0.845322
0.848356
0.850207
0.84693
0.850878
0.848817
0.843679
0.84725
0.845864
0.848942
0.845818
0.848567
0.843562
0.846328
0.848614
0.846105
0.850381
0.845906
0.851373
0.847106
0.849566
0.847574
0.848144
0.848533
0.846501
0.849193
0.854499
0.849254
0.847875
0.848066
0.847447
0.847287
0.8522
0.850178
0.847269
0.851335
0.849768
0.845723
0.844649
0.84855
0.846136
0.84648
0.850695
0.848332
0.846202
0.845443
0.84514
0.844481
0.84655
0.851435
0.845452
0.851568
0.843455
0.839093
0.847612
0.852681
0.844381
0.845847
0.846538
0.852876
0.843872
0.848317
0.848677
0.846119
0.842454
0.849798
0.845784
0.848419
0.851651
0.84963
0.846726
0.849691
0.849467
0.850342
0.845527
0.848775
0.847837
0.850398
0.846418
0.85222
0.850641
0.850468
0.844898
0.851267
0.851783
0.84733
0.846886
0.844071
0.843752
0.848746
0.842349
0.844161
0.847048
0.846483
0.848646
0.849778
0.84563
0.848048
0.845634
0.848609
0.848823
0.847093
0.845641
0.84934
0.850205
0.845108
0.849451
0.849967
0.845563
0.85067
0.848139
0.848796
0.847547
0.849068
0.846433
0.847503
0.843273
0.84894
0.849093
0.844112
0.84816
0.851403
0.842962
0.849547
0.845084
0.842421
0.849246
0.847403
0.849513
0.850507
0.845557
0.849846
0.84961
0.846129
0.850408
0.848247
0.851806
0.847553
0.845444
0.849331
0.847846
0.848421
0.845913
0.845461
0.851724
0.84509
0.848347
0.84641
0.84905
0.845856
0.848317
0.84873
0.851541
0.850792
0.850359
0.84904
0.848831
0.849743
0.84531
0.845891
0.848846
0.848646
0.845834
0.850023
0.847844
0.849023
0.850723
0.854179
0.846952
0.846835
0.847598
0.84458
0.84868
0.850109
0.846578
0.848707
0.846752
0.85112
0.85059
0.849019
0.849415
0.846361
0.842046
0.848064
0.84873
0.84851
0.845329
0.849737
0.843214
0.846274
0.849722
0.846591
0.850178
0.849206
0.845868
0.849044
0.850914
0.846551
0.848184
0.845796
0.849383
0.848219
0.854208
0.846318
0.84659
0.847335
0.846287
0.850159
0.848826
0.851678
0.847421
0.846766
0.8461
0.844237
0.84426
0.849608
0.847619
0.846644
0.850045
0.848563
0.846189
0.846271
0.845431
0.847182
0.846862
0.846674
0.845353
0.847968
0.849957
0.847875
0.848187
0.850664
0.84657
0.847506
0.84791
0.845223
0.85017
0.84812
0.846123
0.850149
0.848192
0.848723
0.845475
0.850997
0.848619
0.845057
0.846078
0.846959
0.843076
0.845815
0.849065
0.846588
0.85413
0.847182
0.845167
0.849781
0.847033
0.851131
0.848566
0.848051
0.847436
0.847452
0.847421
0.843798
0.848062
0.847207
0.848197
0.846389
0.845574
0.844131
0.848945
0.847878
0.847537
0.844306
0.846787
0.844838
0.848062
0.85
0.847883
0.849062
0.850158
0.849419
0.847133
0.856504
0.849432
0.844216
0.848613
0.84826
0.849493
0.848234
0.848528
0.850558
0.843384
0.840299
0.848834
0.849292
0.850885
0.851821
0.844392
0.845374
0.847516
0.847485
0.84521
0.850977
0.848088
0.849586
0.84499
0.849244
0.848719
0.846856
0.852219
0.846282
0.847954
0.848446
0.850149
0.845362
0.847976
0.844824
0.849466
0.848871
0.842832
0.845774
0.845537
0.848808
0.857335
0.851033
0.846905
0.849905
0.847096
0.843318
0.851897
0.847355
0.847218
0.851329
0.847561
0.846372
0.844429
0.845357
0.847867
0.844857
0.851023
0.848403
0.849145
0.849853
0.848909
0.849598
0.846449
0.851533
0.847916
0.846299
0.849767
0.844369
0.846062
0.844639
0.84874
0.845112
0.848631
0.849254
0.848286
0.849818
0.852481
0.842009
0.849896
0.848727
0.849077
0.848203
0.847044
0.846331
0.848211
0.848633
0.846579
0.849482
0.847186
0.852503
0.846405
0.849004
0.846537
0.843301
0.847669
0.852383
0.845561
0.849929
0.845873
0.846838
0.846952
0.845884
0.851345
0.846158
0.842981
0.854886
0.848455
0.843403
0.847963
0.846882
0.848699
0.847402
0.847163
0.846525
0.847601
0.848067
0.85003
0.848635
0.844696
0.849411
0.84975
0.847216
0.849932
0.846997
0.848766
0.850092
0.848299
0.844247
0.845324
0.847223
0.850445
0.844286
0.846902
0.85253
0.851434
0.849748
0.848124
0.848731
0.845354
0.852015
0.847553
0.850877
0.846754
0.850193
0.848095
0.850496
0.850659
0.84693
0.848478
0.848212
0.850142
0.85315
0.852456
0.843498
0.845764
0.844521
0.845435
0.849711
0.847616
0.844295
0.848577
0.84484
0.846252
0.849671
0.845309
0.846228
0.848953
0.851446
0.847902
0.844333
0.846597
0.850014
0.846891
0.850763
0.848362
0.853021
0.847449
0.847487
0.851452
0.849586
0.844434
0.849032
0.847404
0.850089
0.848066
0.848492
0.849655
0.852036
0.848434
0.849197
0.84727
0.849291
0.845013
0.850059
0.844439
0.845558
0.845864
0.847711
0.84921
0.846461
0.849791
0.844681
0.848297
0.847341
0.850483
0.84784
0.846004
0.845782
0.848361
0.847498
0.851964
0.85005
0.849241
0.849973
0.846509
0.845869
0.845926
0.851539
0.845235
0.84632
0.850892
0.846101
0.847883
0.848334
0.848352
0.850139
0.849406
0.854985
0.850381
0.846307
0.85104
0.844606
0.843785
0.84414
0.852272
0.849659
0.848666
0.846635
0.84216
0.847876
0.846839
0.848367
0.844622
0.850364
0.847188
0.846453
0.846327
0.845802
0.846475
0.846053
0.848778
0.848326
0.841627
0.845326
0.846242
0.846885
0.84363
0.846867
0.845265
0.845237
0.846016
0.848427
0.850112
0.847767
0.845901
0.847636
0.848846
0.845475
0.84968
0.847998
0.846798
0.84613
0.845467
0.847281
0.844666
0.851221
0.847747
0.843904
0.849324
0.850084
0.846121
0.844872
0.847287
0.847112
0.851879
0.843826
0.844418
0.842223
0.850528
0.846114
0.844486
0.847752
0.846013
0.851502
0.848341
0.846705
0.852298
0.84774
0.84763
0.847934
0.847851
0.844929
0.847466
0.846439
0.844173
0.8512
0.841946
0.839809
0.847995
0.845284
0.846644
0.850084
0.848389
0.845805
0.843722
0.849375
0.852188
0.848916
0.845701
0.844726
0.843249
0.842508
0.84774
0.849721
0.846881
0.848854
0.841626
0.850726
0.84379
0.846203
0.847581
0.849774
0.850097
0.846398
0.848781
0.845937
0.844662
0.849694
0.847986
0.846571
0.844062
0.847895
0.847718
0.84738
0.848856
0.846043
0.846003
0.847507
0.849235
0.84969
0.850523
0.847644
0.845319
0.849256
0.848663
0.844124
0.847819
0.849107
0.85013
0.844315
0.850314
0.84745
0.848047
0.849495
0.849295
0.847239
0.849647
0.844971
0.849595
0.847449
0.844505
0.846083
0.841276
0.847582
0.844514
0.847999
0.847706
0.845619
0.841759
0.849926
0.845024
0.847851
0.84455
0.845733
0.845501
0.852194
0.849735
0.849161
0.846131
0.853483
0.850426
0.849615
0.847656
0.847041
0.848427
0.84737
0.848363
0.844017
0.846237
0.848871
0.843562
0.847592
0.842825
0.844823
0.847961
0.850194
0.848617
0.84795
0.850791
0.844854
0.846393
0.850683
0.847777
0.855064
0.847703
0.847455
0.847931
0.849488
0.847724
0.852096
0.845999
0.85208
0.85222
0.845317
0.845683
0.850489
0.847639
0.845074
0.849462
0.848981
0.848157
0.848735
0.845163
0.842724
0.847022
0.845786
0.84636
0.847513
0.848147
0.845058
0.851827
0.844269
0.843568
0.846618
0.848807
0.850938
0.850807
0.851854
0.846595
0.851075
0.846798
0.845902
0.851139
0.847666
0.845953
0.846734
0.848886
0.846937
0.843579
0.848834
0.847144
0.852789
0.844738
0.851625
0.846694
0.846556
0.846325
0.847212
0.84767
0.849112
0.847303
0.84632
0.84994
0.84732
0.851809
0.850505
0.848005
0.852086
0.850474
0.849328
0.851378
0.84811
0.84982
0.849155
0.849226
0.849479
0.846471
0.843766
0.848245
0.845612
0.848467
0.847908
0.847566
0.843938
0.843351
0.847935
0.849629
0.851226
0.84802
0.845201
0.852371
0.850385
0.844927
0.845383
0.845175
0.84664
0.848939
0.851369
0.846123
0.846162
0.849015
0.847526
0.84743
0.847722
0.847906
0.843766
0.847389
0.846186
0.844942
0.848817
0.846919
0.852398
0.844248
0.845135
0.85206
0.849874
0.846416
0.846481
0.849526
0.845124
0.847938
0.843175
0.851375
0.845008
0.849059
0.852848
0.846873
0.846327
0.851217
0.848324
0.842794
0.848746
0.843943
0.851559
0.850344
0.849401
0.847565
0.849525
0.848829
0.845217
0.849733
0.848744
0.850843
0.846819
0.846089
0.845797
0.84611
0.843837
0.850066
0.847051
0.844344
0.84907
0.84824
0.849767
0.850716
0.845057
0.845552
0.847961
0.848048
0.847802
0.84739
0.847447
0.850744
0.846566
0.846732
0.850268
0.84977
0.84307
0.84941
0.846574
0.848839
0.849
0.844504
0.846582
0.84879
0.845454
0.848007
0.848311
0.845502
0.843149
0.851695
0.848496
0.848071
0.84886
0.848151
0.849962
0.848935
0.842075
0.842951
0.846017
0.851578
0.848292
0.846899
0.848719
0.849794
0.847477
0.849299
0.854934
0.848877
0.849896
0.845917
0.847799
0.847974
0.853111
0.84859
0.847983
0.84808
0.846976
0.848228
0.848552
0.849233
0.848445
0.847303
0.850204
0.843775
0.848584
0.845752
0.848506
0.848942
0.849564
0.846968
0.846735
0.844115
0.84743
0.84662
0.847223
