439.138 0.875669 0.00154485
504.942 0.859551 0.00967457
503.697 0.864348 0.0102185
495.238 0.855427 0.00698214
460.214 0.875306 0.0171532
451.392 0.858727 0.00703423
500.026 0.848308 0.00684756
482.82 0.862545 0.0100345
457.616 0.872851 0.0072558
475.673 0.866951 0.00768377
519.718 0.851099 0.00652469
471.899 0.870986 0.00920066
475.359 0.864507 0.0114301
442.127 0.865965 0.00694683
488.23 0.865171 0.000916112
462.905 0.874136 0.0137565
506.042 0.871768 0.00979835
482.613 0.872496 0.010964
466.327 0.860186 0.00693557
482.023 0.854576 0.00694863
501.173 0.868851 0.00699357
488.063 0.853504 0.00761686
438.248 0.88265 0.0103057
407.635 0.86747 0.000896069
421.086 0.875416 0.0135872
502.588 0.862424 0.0071058
485.488 0.867428 0.00723461
500.054 0.85501 0.00696665
458.138 0.855429 0.0069094
514.327 0.867119 0.0121941
424.38 0.880878 0.00377647
476.246 0.876794 0.00735869
478.936 0.861844 0.00842184
479.388 0.85897 0.00775699
504.27 0.881208 0.0153116
458.689 0.851924 0.00692113
514.244 0.867419 0.0106486
505.691 0.865014 0.00692488
499.013 0.864753 0.0150695
443.63 0.873446 0.0149047
447.041 0.868128 0.0101533
433.799 0.871532 0.0141869
445.926 0.859713 0.00711051
472.151 0.87591 0.00737752
480.967 0.858302 0.0100091
482.023 0.866632 0.00719259
502.332 0.865111 0.00708131
508.742 0.850817 0.00700902
472.482 0.874605 0.00114294
476.55 0.849538 0.00765796
481.162 0.861664 0.00694497
475.17 0.86318 0.00701301
489.257 0.868198 0.00761799
439.063 0.858178 0.00703846
481.386 0.852857 0.0103856
431.95 0.859752 0.0119564
426.783 0.859511 0.00702208
480.648 0.843955 0.00861012
462.382 0.853964 0.00680693
447.649 0.862805 0.00748947
464.21 0.883282 0.00740263
485.265 0.867569 0.0108197
452.572 0.866305 0.0111059
452.682 0.865425 0.00713455
467.466 0.872685 0.0142742
449.014 0.869917 0.0127126
457.368 0.864713 0.00769278
414.578 0.856937 0.0130118
468.222 0.865441 0.00924963
415.217 0.867323 0.00703169
466.496 0.851364 0.00688982
459.627 0.866472 0.0111821
473.37 0.84875 0.00817986
450.218 0.857888 0.0135369
450.537 0.87167 0.0103501
440.125 0.874736 0.00699688
471.459 0.864086 0.011627
478.797 0.856208 0.00713667
476.005 0.868477 0.0198918
449.416 0.877573 0.00713355
449.765 0.875853 0.00373883
462.911 0.865707 0.0128639
530.872 0.869188 0.0177966
471.714 0.872977 0.0037101
517.114 0.852 0.00696785
422.759 0.856143 0.0102309
428.731 0.844063 0.00668755
459.396 0.873123 0.0148018
466.582 0.86804 0.0070495
501.712 0.857609 0.00687136
513.229 0.868478 0.0070539
423.629 0.853058 0.00707543
457.833 0.873806 0.0132793
485.156 0.851784 0.00677415
509.851 0.868517 0.00857728
473.32 0.859346 0.00997981
448.646 0.864906 0.0103801
458.357 0.860414 0.0103323
493.863 0.859889 0.00709366
479.755 0.876262 0.00377307
437.45 0.876803 0.00370513
525.178 0.871205 0.0100452
452.316 0.883975 0.00720719
492.218 0.879616 0.00734033
503.436 0.852319 0.00687517
477.994 0.866011 0.00940342
499.223 0.856552 0.00710171
530.267 0.871594 0.00976866
454.225 0.8759 0.00736379
496.065 0.86087 0.00697605
473.866 0.876479 0.00720592
441.725 0.872828 0.0203954
466.03 0.848509 0.00691366
446.638 0.851961 0.00705531
454.636 0.861033 0.00699405
433.584 0.86298 0.00096774
455.224 0.851735 0.00685324
417.157 0.872657 0.0153152
495.216 0.857357 0.00711658
459.798 0.863114 0.015434
459.411 0.876351 0.00728547
467.497 0.863814 0.00903269
515.832 0.846111 0.00685264
440.314 0.885537 0.00736458
484.955 0.859442 0.0129728
464.718 0.868015 0.00706389
469.328 0.859689 0.00696809
470.549 0.850799 0.00792931
493.965 0.863705 0.00710993
461.109 0.883794 0.00116234
439.406 0.861653 0.00703553
467.177 0.858205 0.00706448
495.759 0.877673 0.00723122
503.57 0.865782 0.00712754
459.325 0.849368 0.00754662
422.979 0.860392 0.00996989
453.653 0.871513 0.00975461
467.584 0.862983 0.00707292
471.449 0.855699 0.00707871
522.83 0.88742 0.00757304
510.35 0.846932 0.0065724
437.05 0.876083 0.00964213
449.313 0.856163 0.00688341
467.179 0.861959 0.0127064
443.595 0.856356 0.00701895
483.914 0.857384 0.00694067
428.276 0.868946 0.0101878
456.654 0.871891 0.00728341
478.24 0.868751 0.0145275
473.386 0.883261 0.0114749
484.473 0.865779 0.00722708
473.951 0.860171 0.00709499
455.634 0.85951 0.00693221
454.195 0.853563 0.00681901
436.332 0.871131 0.00717861
460.067 0.868328 0.012055
490.484 0.856537 0.00691797
425.409 0.885529 0.0178635
491.131 0.875407 0.00372799
432.78 0.868077 0.00716936
462.703 0.867375 0.0155323
475.839 0.863657 0.0193636
440.064 0.854824 0.0120138
472.304 0.871217 0.0098354
463.555 0.863058 0.00712643
489.398 0.843359 0.00669441
495.457 0.861835 0.00698351
491.904 0.898425 0.00747416
489.421 0.855177 0.00695268
441.303 0.862714 0.0129802
444.205 0.854316 0.00741812
462.256 0.878816 0.015485
452.626 0.85891 0.00739729
435.198 0.892033 0.0116926
512.608 0.878952 0.0132914
444.049 0.853238 0.00903035
416.124 0.865852 0.00986016
476.908 0.872374 0.00766475
454.372 0.886316 0.0135966
433.449 0.854983 0.00691457
481.845 0.853071 0.0089247
477.568 0.863705 0.00898689
501.4 0.86391 0.0102017
493.815 0.872881 0.0134558
443.315 0.867435 0.0128769
465.317 0.851544 0.00698724
460.414 0.855918 0.00699224
446.61 0.877019 0.0136167
463.609 0.861697 0.0107904
434.637 0.872209 0.00841339
483.143 0.857918 0.00693598
522.731 0.877823 0.00705903
487.799 0.852631 0.00687915
461.44 0.850748 0.00696398
452.865 0.876828 0.0069826
484.39 0.858217 0.0133354
499.93 0.887056 0.0143819
474.243 0.862881 0.00702271
448.352 0.856473 0.00686873
456.035 0.883877 0.0119337
496.731 0.863871 0.0069622
502.091 0.856816 0.00692212
473.04 0.87321 0.013515
397.084 0.86138 0.0102912
492.085 0.857963 0.0106533
523.933 0.857008 0.00838159
466.142 0.854085 0.0110587
469 0.873917 0.0146809
433.758 0.861556 0.00684945
440.363 0.872265 0.0113134
456.476 0.870151 0.00732997
411.738 0.856828 0.00701385
487.011 0.853644 0.00693915
541.5 0.870267 0.0134693
480.974 0.872743 0.0180014
442.006 0.85834 0.00695355
461.651 0.885461 0.0142518
481.698 0.856744 0.00822969
461.816 0.877078 0.0126188
396.231 0.864504 0.00698106
456.319 0.872459 0.00372097
503.007 0.877713 0.0071505
537.044 0.878889 0.0073825
480.171 0.87197 0.0131009
448.612 0.886202 0.00745687
436.246 0.862889 0.00845168
433.387 0.870715 0.00958524
465.107 0.861081 0.000993365
433.578 0.851318 0.00706964
488.883 0.856279 0.00697078
484.048 0.865198 0.00736992
499.562 0.877286 0.00707896
501.371 0.861316 0.00701434
470.488 0.850951 0.00682945
469.04 0.863568 0.0102361
471.792 0.860889 0.00842429
450.454 0.860775 0.00858329
475.18 0.844013 0.00679133
448.568 0.85454 0.0070216
462.731 0.878572 0.0118088
477.883 0.884174 0.00379058
482.613 0.876296 0.0136107
486.197 0.862682 0.00923431
459.232 0.864221 0.00695652
445.399 0.865892 0.0154954
445.979 0.868169 0.00711708
428.432 0.879376 0.00740181
467.447 0.873552 0.014159
532.755 0.852372 0.00693348
408.218 0.8696 0.0115173
479.13 0.851427 0.0069276
447.963 0.887645 0.00365353
454.479 0.851589 0.00833159
450.76 0.867578 0.0131108
493.461 0.859157 0.00693012
453.769 0.866476 0.0070745
469.038 0.880511 0.012111
478.176 0.867962 0.00711673
494.143 0.880849 0.0167054
471.359 0.871723 0.0175546
471.745 0.868986 0.00708369
514.841 0.874748 0.0104437
447.833 0.883958 0.00746272
421.212 0.855777 0.00693142
461.369 0.877205 0.00375815
467.726 0.864157 0.00990512
501.562 0.859596 0.00686971
493.178 0.882827 0.00739335
499.201 0.871289 0.0087918
454.477 0.870651 0.0136692
453.142 0.865456 0.0100343
526.275 0.862959 0.0163512
458.333 0.869923 0.0111337
498.892 0.87855 0.00745127
495.126 0.865178 0.0110599
522.534 0.860506 0.0107142
501.747 0.851411 0.00696078
506.528 0.87132 0.0103256
535.205 0.858976 0.00940083
443.494 0.87408 0.00714915
438.819 0.85539 0.00678142
453.806 0.861024 0.0118615
482.551 0.863536 0.00692893
522.185 0.857362 0.0101393
471.819 0.864058 0.00702813
462.9 0.863836 0.0116685
483.196 0.856926 0.00767529
459.233 0.853939 0.00702555
467.455 0.856408 0.00700443
485.992 0.861106 0.0088413
470.081 0.865341 0.0127713
490.537 0.875409 0.00723077
461.244 0.854409 0.00691199
458.009 0.8499 0.00683089
484.863 0.878335 0.0149975
483.102 0.857521 0.00698021
460.352 0.849468 0.0068913
469.111 0.872944 0.0137458
434.223 0.864605 0.00705006
464.024 0.859229 0.00697377
485.273 0.879722 0.00718523
441.665 0.864784 0.0138463
494.375 0.86782 0.0090602
526.252 0.869891 0.0128785
469.089 0.861858 0.00835348
506.43 0.845191 0.00677605
500.767 0.868826 0.0174137
516.48 0.85828 0.00688537
500.729 0.887089 0.00744144
459.591 0.86177 0.00707035
519.549 0.872731 0.00711074
441.889 0.871096 0.0144272
468.399 0.873033 0.0150426
507.373 0.860036 0.0102136
480.354 0.850245 0.00693237
458.339 0.884053 0.00742908
393.37 0.886242 0.00743354
462.734 0.848132 0.00687815
467.713 0.871815 0.00887855
498.517 0.865769 0.0127805
466.701 0.863933 0.0108247
417.192 0.862058 0.0125935
452.916 0.865826 0.00762238
473.392 0.854807 0.00697736
505.25 0.864313 0.0104994
479.346 0.864516 0.0140235
487.234 0.864827 0.00721009
488.933 0.862384 0.00690212
458.669 0.84936 0.00694887
469.72 0.861548 0.00692888
494.498 0.874623 0.0150381
484.728 0.858515 0.0132996
441.05 0.869057 0.00726622
434.643 0.868723 0.0127993
467.204 0.868662 0.00710846
424.942 0.854917 0.0102892
438.224 0.856087 0.00696601
485.651 0.858511 0.00973382
463.647 0.858789 0.00703069
464.292 0.867 0.0106375
483.784 0.863894 0.00695092
448.167 0.8674 0.011454
462.297 0.868907 0.00724398
499.713 0.861849 0.0120531
439.018 0.862211 0.0132021
442.914 0.880665 0.0145805
502.458 0.856406 0.00681472
466.823 0.844506 0.0087893
492.835 0.852347 0.0119208
518.303 0.881303 0.0198567
523.064 0.894669 0.0150731
455.628 0.855426 0.00683053
478.951 0.862853 0.00741164
474.582 0.87751 0.0139741
503.984 0.888173 0.00832948
460.718 0.872835 0.0132228
539.01 0.883049 0.0145379
426.863 0.873361 0.0106134
468.412 0.85906 0.00987294
449.422 0.884577 0.00754076
449.513 0.852116 0.00678869
460.478 0.86579 0.0135718
453.938 0.863553 0.007041
484.712 0.859627 0.0070115
490.623 0.860432 0.00687319
466.492 0.864857 0.0167523
471.892 0.86421 0.00716071
525.848 0.851933 0.00788056
502.237 0.86616 0.0151245
429.473 0.868476 0.00720715
516.033 0.87546 0.00726385
478.661 0.857392 0.00843005
472.86 0.888642 0.0140452
479.732 0.85266 0.00687618
450.803 0.849092 0.00989948
519.207 0.877143 0.0138704
496.202 0.859526 0.00868179
517.495 0.857277 0.00699435
466.943 0.855187 0.00701027
492.69 0.86186 0.00993917
468.182 0.845659 0.00678781
441.247 0.870796 0.00694252
473.856 0.86076 0.00871835
502.225 0.847909 0.00687401
427.875 0.855033 0.00785528
494.949 0.877334 0.00725312
468.658 0.872929 0.0103902
483.416 0.858731 0.0194553
439.037 0.867036 0.00708344
452.368 0.856209 0.00701973
489.76 0.864774 0.00987752
462.341 0.867979 0.0126149
503.738 0.881568 0.013023
494.642 0.877717 0.0132418
416.76 0.874203 0.0199935
504.473 0.860571 0.00740758
507.994 0.859322 0.0119406
460.848 0.855471 0.00843855
462.87 0.86019 0.0010032
463.882 0.86555 0.00849508
453.354 0.869396 0.0125696
485.385 0.865007 0.0118889
463.953 0.866739 0.00934106
475.383 0.863227 0.0111123
443.045 0.860989 0.00745896
437.582 0.876941 0.0074826
444.891 0.856349 0.00828449
397.953 0.86027 0.00697204
501.29 0.863245 0.00698038
502.472 0.863317 0.0171824
446.789 0.859996 0.00704362
429.955 0.864579 0.00716671
470.792 0.868384 0.0101776
432.267 0.864268 0.00704301
458.802 0.849861 0.00669901
471.203 0.868655 0.00909175
501.458 0.886387 0.00745389
485.955 0.853089 0.00685838
481.025 0.857005 0.00698801
449.036 0.878322 0.0131139
477.843 0.859348 0.0068966
466.907 0.862067 0.00195732
446.546 0.879988 0.00744361
472.287 0.879388 0.0138242
456.272 0.87645 0.0102467
426.641 0.857397 0.011413
476.256 0.868276 0.0128837
513.475 0.852608 0.00899411
456.975 0.861484 0.00782305
446.086 0.877142 0.00707596
512.792 0.863031 0.00699395
522.075 0.873884 0.014325
492.936 0.8754 0.0138459
456.282 0.877902 0.0145698
439.717 0.850506 0.00689817
447.844 0.859504 0.00699627
443.687 0.862734 0.0137919
439.841 0.867642 0.0123941
423.322 0.876094 0.00851805
495.483 0.859942 0.0109397
487.651 0.867589 0.00912901
455.91 0.840668 0.00841432
468.439 0.847671 0.00684441
450.364 0.850804 0.00703107
445.479 0.8631 0.00709917
531.022 0.883008 0.0150061
434.447 0.854471 0.00690384
470.423 0.873843 0.0125397
466.482 0.883109 0.0139059
436.198 0.869478 0.0104999
486.156 0.868524 0.0180486
498.115 0.874195 0.0151714
496.004 0.869766 0.015601
513.517 0.874093 0.0152064
441.969 0.854108 0.00679082
525.832 0.861708 0.00785743
436.854 0.843118 0.00717058
476.587 0.871436 0.0152258
484.528 0.871283 0.00370893
467.094 0.876016 0.00946742
454.583 0.855247 0.00993157
508.673 0.858396 0.00695923
463.862 0.877845 0.00733141
464.85 0.854178 0.0103496
466.064 0.869972 0.00900156
501.106 0.86805 0.0129019
424.1 0.852863 0.0069998
475.215 0.884976 0.013276
472.001 0.866178 0.0140073
447.323 0.874037 0.013741
473.248 0.863166 0.0101092
477.09 0.865511 0.000992255
463.785 0.835859 0.00669211
433.619 0.867827 0.017109
451.841 0.863095 0.000919935
488.6 0.853726 0.00701387
523.939 0.863872 0.00688222
513.737 0.864931 0.0140888
460.886 0.855027 0.0140395
444.994 0.853074 0.00701674
475.238 0.8674 0.00873586
499.284 0.871716 0.0116351
520.068 0.873279 0.00728628
459.245 0.880388 0.0073651
448.667 0.854683 0.00750848
513.413 0.866763 0.00933432
433.232 0.854818 0.0139225
486.032 0.871211 0.00734925
456.224 0.879203 0.0124922
493.839 0.862797 0.0140235
421.957 0.856673 0.00711748
498.019 0.87867 0.0141523
455.579 0.883077 0.00744444
494.6 0.867981 0.00706609
423.27 0.865036 0.00689003
479.839 0.863984 0.00790661
472.549 0.862359 0.00698447
409.992 0.862718 0.00742511
475.677 0.862193 0.00703895
404.472 0.871544 0.0137802
504.718 0.892036 0.00752085
494.762 0.86878 0.00683623
476.181 0.873713 0.00711282
498.615 0.880919 0.00969903
452.662 0.870147 0.0100383
451.751 0.873348 0.00990777
436.953 0.86435 0.00949505
479.252 0.876565 0.00774154
421.95 0.861883 0.00685547
451.925 0.882785 0.012641
482.957 0.85152 0.011672
464.819 0.861673 0.00709369
460.804 0.854622 0.00696653
440.12 0.863452 0.00703925
475.514 0.877776 0.00734204
500.391 0.851965 0.00847418
463.235 0.875454 0.0178612
531.718 0.882814 0.0149536
414.551 0.85329 0.00686956
455.12 0.865211 0.0155213
421.942 0.849213 0.00684539
513.99 0.880393 0.0072331
473.421 0.849278 0.00688083
465.712 0.854533 0.00705474
456.147 0.877421 0.00729856
459.719 0.866143 0.00718824
487.481 0.860808 0.00678098
472.446 0.865671 0.00919426
454.554 0.862888 0.00872685
545.609 0.844675 0.00670961
467.985 0.862488 0.007895
475.776 0.864588 0.0100685
467.341 0.862816 0.00708112
515.231 0.878974 0.00718613
440.566 0.864712 0.0102577
508.442 0.863278 0.0125613
469.663 0.862281 0.0138188
507.831 0.866502 0.0090553
473.814 0.874123 0.00722067
471.863 0.853372 0.00954209
445.661 0.849774 0.00697315
394.3 0.859898 0.00699401
462.059 0.874517 0.00703046
446.257 0.867375 0.0115428
512.038 0.861333 0.00847605
422.067 0.853474 0.00838295
432.402 0.845902 0.00696724
385.89 0.863447 0.0142244
479.048 0.863215 0.0135172
453.883 0.871679 0.00714615
461.724 0.864597 0.0162636
450.845 0.864586 0.00707212
409.677 0.869492 0.00714771
481.992 0.860713 0.00824336
518.179 0.850106 0.00694115
500.642 0.865043 0.0071254
486.107 0.868808 0.0117696
441.135 0.868373 0.0140588
448.863 0.840061 0.00677667
520.946 0.856173 0.00937564
410.048 0.859073 0.00698087
429.051 0.877261 0.00367417
453.132 0.878979 0.0135587
478.713 0.861441 0.00700415
450.735 0.86566 0.0130295
459.405 0.8628 0.0069084
463.761 0.855654 0.00675688
412.659 0.884876 0.00746168
483.608 0.849302 0.00696222
452.534 0.865858 0.000896475
491.924 0.845794 0.00671322
436.734 0.881021 0.00747039
489.242 0.87612 0.00730682
440.246 0.868834 0.00699577
468.151 0.865578 0.0102185
421.476 0.859796 0.00919131
452.121 0.869757 0.00732695
467.769 0.864914 0.00703552
510.848 0.866521 0.00703472
441.647 0.873844 0.0072958
454.46 0.85202 0.00795279
453.125 0.867616 0.0116422
458.801 0.856991 0.00691833
494.574 0.863321 0.00898083
448.021 0.870973 0.012855
437.191 0.86161 0.00742831
467.111 0.858345 0.00695033
484.563 0.868007 0.0136307
434.437 0.852037 0.00703236
443.324 0.86449 0.0152212
419.868 0.864659 0.0100161
442.121 0.867 0.00830146
500.322 0.844787 0.00696177
420.31 0.86786 0.0127688
430.196 0.868435 0.00843521
482.879 0.868553 0.00955948
472.662 0.876665 0.00744396
457.619 0.873165 0.0108003
444.39 0.860702 0.00862526
447.584 0.863056 0.013378
445.914 0.858384 0.0065994
419.361 0.858885 0.00702919
457.487 0.860141 0.00693928
429.245 0.873609 0.0147245
486.592 0.873175 0.0111492
490.31 0.862918 0.00700845
470.77 0.858639 0.0160111
427.442 0.870875 0.0118101
495.467 0.852967 0.00702854
443.526 0.878951 0.0137949
439.222 0.863151 0.00708437
435.165 0.861045 0.00885403
464.065 0.869478 0.0145818
474.497 0.86287 0.00698608
495.208 0.846807 0.00704993
476.061 0.862764 0.00813234
451.603 0.858496 0.00805367
497.533 0.870541 0.0132829
490.748 0.859259 0.0102883
446.283 0.851763 0.0068371
475.15 0.857946 0.00700406
475.304 0.879371 0.016388
481.045 0.853582 0.00703761
523.865 0.860708 0.00841614
514.779 0.856012 0.00697046
520.259 0.877734 0.0126935
502.066 0.86331 0.00709666
441.468 0.84824 0.00683096
437.835 0.865362 0.0145883
469.18 0.862138 0.0125353
540.089 0.853714 0.00678017
403.777 0.886862 0.00742951
450.712 0.859896 0.0103886
434.585 0.859235 0.00704959
516.5 0.860634 0.00703968
449.434 0.8643 0.00712004
441.596 0.864058 0.0128026
466.033 0.862188 0.00697852
448.179 0.855686 0.00774272
508.014 0.857195 0.00696068
462.926 0.866818 0.00727481
492.612 0.855651 0.00698928
468.038 0.88002 0.00699967
421.635 0.863951 0.0128303
438.729 0.876804 0.00735571
454.263 0.851264 0.00655444
482.709 0.873011 0.0195198
474.507 0.846538 0.00925584
498.77 0.856379 0.00693443
438.994 0.864854 0.00790177
464.825 0.865123 0.0139826
412.718 0.872849 0.00708379
468.712 0.851645 0.00680981
444.852 0.870868 0.00879853
483.78 0.853247 0.00864839
527.747 0.885948 0.00741392
433.56 0.86946 0.00721204
491.744 0.884314 0.0160984
451.584 0.852883 0.00690886
442.725 0.852264 0.0102573
451.17 0.857076 0.00691668
470.388 0.861454 0.00722491
486.076 0.868231 0.0120003
480.822 0.877329 0.0151231
474.739 0.863688 0.0103794
471.948 0.859446 0.00693584
500.367 0.866589 0.0115628
479.819 0.872678 0.0136015
431.304 0.858561 0.0102642
474.22 0.852988 0.00709211
446.913 0.872287 0.0135128
490.338 0.876538 0.0117875
453.041 0.861624 0.00810322
526.66 0.866763 0.0103687
459.053 0.88394 0.0128263
493.697 0.864009 0.00960071
445.479 0.862199 0.0143444
480.567 0.888832 0.0143893
428.287 0.858808 0.00977416
466.178 0.875527 0.00724615
483.505 0.867542 0.0117557
454.844 0.863025 0.00715758
521.73 0.85272 0.00690223
511.829 0.849209 0.00860838
453.2 0.856961 0.00700445
449.516 0.8498 0.00679437
507.83 0.849987 0.00683379
466.952 0.862602 0.00851716
428.333 0.851013 0.00688248
490.642 0.864638 0.00692779
478.336 0.86375 0.011565
523.385 0.862621 0.00882946
533.578 0.843671 0.00118721
483.538 0.869801 0.00370697
537.073 0.876681 0.00377118
496.537 0.866194 0.0124895
433.526 0.869637 0.0128584
435.755 0.872876 0.00116232
466.544 0.856897 0.00829819
479.029 0.866394 0.00895055
435.606 0.8505 0.00688934
435.578 0.862089 0.00698762
424.185 0.859935 0.00691751
487.226 0.863085 0.0125064
485.047 0.869673 0.0129711
463.165 0.874336 0.00368633
460.988 0.849449 0.00702114
462.115 0.874973 0.00708471
491.836 0.860584 0.00920772
521.802 0.853505 0.00697482
400.75 0.871716 0.00713028
480.468 0.874559 0.0130047
506.418 0.851572 0.00693437
523.805 0.86718 0.0113391
409.297 0.852239 0.00677357
478.131 0.857089 0.00789584
476.879 0.855768 0.0068746
504.48 0.864179 0.00707056
479.335 0.873341 0.0143824
427.604 0.864832 0.0134444
445.234 0.862487 0.00695397
494.794 0.860344 0.00729489
449.902 0.877438 0.00715496
506.853 0.858307 0.00678407
501.374 0.855952 0.00688935
410.597 0.858911 0.00893517
516.182 0.858539 0.00704431
453.11 0.866475 0.014131
490.19 0.876178 0.00702211
357.956 0.842148 0.00684802
428.162 0.882313 0.0127884
518.607 0.866471 0.00899736
469.881 0.877088 0.00720331
451.186 0.864396 0.0113517
472.566 0.867265 0.00720272
494.647 0.863272 0.0126645
468.999 0.853658 0.0069292
474.558 0.861993 0.0141937
524.841 0.872792 0.0143899
469.689 0.859097 0.00699214
478.252 0.866541 0.00703409
422.018 0.863604 0.00702825
478.042 0.886059 0.00744037
461.836 0.860359 0.0121324
483.822 0.863309 0.00938064
543.274 0.865427 0.00958761
486.474 0.858825 0.0188631
514.161 0.871044 0.00864141
480.917 0.871402 0.014076
457.645 0.869802 0.0113483
462.954 0.866082 0.0160155
468.166 0.871601 0.0162819
516.555 0.872114 0.00788253
531.624 0.862093 0.000924135
463.591 0.876706 0.00727394
461.967 0.849304 0.00780595
398.326 0.849801 0.00691981
493.413 0.873389 0.00724236
456.762 0.888137 0.0190816
387.132 0.872026 0.0078967
464.531 0.854586 0.00709347
491.511 0.865552 0.00844352
470.226 0.854091 0.0069624
492.33 0.887339 0.00728809
438.229 0.873685 0.0145434
426.217 0.867756 0.00863018
499.621 0.84837 0.00684515
493.116 0.861097 0.00903826
440.405 0.866946 0.0153302
481.288 0.847775 0.00752754
460.316 0.871931 0.0128305
425.568 0.866473 0.00870906
470.734 0.862259 0.00102287
510.032 0.867761 0.0113028
433.841 0.867035 0.00854296
439.588 0.851722 0.00690402
499.046 0.858773 0.00691308
426.318 0.856507 0.0069813
467.423 0.853469 0.00777531
448.831 0.868073 0.0119514
426.305 0.854829 0.00692421
496.917 0.862465 0.00701955
521.017 0.874961 0.0145476
472.823 0.8779 0.00377175
441.883 0.856 0.00754353
444.6 0.849722 0.00696386
506.333 0.872372 0.00722469
428.039 0.87357 0.0107588
435.651 0.859041 0.00709939
466.211 0.866825 0.0144371
469.043 0.865836 0.0098739
448.122 0.888937 0.00372826
529.757 0.878304 0.0141081
505.773 0.877312 0.0145297
504.799 0.864509 0.00713113
436.44 0.866993 0.00713781
519.661 0.877917 0.0114169
496.048 0.864147 0.00704235
498.667 0.878298 0.0072379
471.253 0.871964 0.0136238
502.7 0.87214 0.00372655
441.43 0.864819 0.0101752
482.169 0.855388 0.0085293
515.744 0.874073 0.0130286
453.96 0.864663 0.00804286
548.194 0.863535 0.000932663
527.573 0.858399 0.0101479
471.508 0.868383 0.00692448
464.603 0.872066 0.0128831
528.324 0.884554 0.0124902
495.774 0.855226 0.00688341
455.152 0.874313 0.0112112
383.025 0.870709 0.0118523
440.564 0.859777 0.00705431
523.729 0.875341 0.0139328
498.365 0.862278 0.00981637
508.03 0.868811 0.00731131
464 0.858067 0.0069694
439.579 0.844409 0.00678699
455.852 0.867402 0.00370995
425.009 0.856651 0.00694064
437.377 0.859468 0.0104826
462.674 0.857505 0.00698263
508.361 0.858252 0.00700746
510.643 0.85776 0.00681904
476.01 0.865337 0.00700205
383.384 0.860949 0.0124308
421.847 0.875129 0.0145657
456.488 0.853748 0.00697199
449.676 0.867699 0.0104152
484.411 0.872115 0.0134384
430.563 0.881515 0.0131122
442.142 0.856661 0.00687538
472.076 0.849034 0.00688821
508.422 0.883303 0.0136719
476.892 0.8567 0.00701294
446.402 0.865398 0.0115138
473.335 0.842099 0.00685983
477.381 0.875301 0.0111674
430.786 0.852274 0.0111392
485.232 0.859223 0.00687972
419.096 0.867189 0.00710206
465.252 0.852633 0.00693516
515.866 0.860019 0.00693717
469.388 0.861424 0.000983144
435.211 0.861159 0.00703535
470.41 0.862813 0.00712054
515.678 0.873449 0.0134231
454.986 0.870083 0.00709166
478.069 0.874169 0.0137088
454.73 0.853048 0.00693632
420.037 0.860149 0.00709801
456.859 0.867684 0.00720724
440.429 0.865541 0.00720388
477.459 0.867131 0.0179495
459.801 0.873314 0.0103491
461.953 0.868453 0.00992906
442.167 0.868942 0.00880938
526.314 0.865384 0.0172133
416.782 0.86701 0.0110075
404.696 0.857206 0.00698037
497.734 0.874512 0.00845096
469.405 0.884908 0.00377745
472.049 0.850624 0.00786737
465.273 0.846018 0.00684973
461.681 0.872121 0.00131576
487.299 0.852905 0.00699154
462.977 0.849976 0.00678855
436.113 0.851196 0.00693311
448.854 0.866083 0.00707402
451.096 0.867896 0.0132546
488.955 0.863075 0.00897492
481.815 0.861876 0.0104204
447.394 0.861953 0.0152249
459.489 0.880541 0.0162097
444.776 0.866133 0.00759371
465.189 0.876627 0.0137855
506.132 0.862654 0.00692636
476.373 0.873911 0.0101108
488.946 0.859544 0.00716228
457.62 0.86187 0.0128401
458.933 0.871419 0.00375233
460.375 0.873577 0.013729
494.579 0.860967 0.00723697
458.69 0.852233 0.00696605
463.7 0.856009 0.00691513
441.447 0.884297 0.015999
426.449 0.845847 0.00751735
478.537 0.860179 0.00685992
454.947 0.871087 0.0151103
426.717 0.848988 0.0073001
475.763 0.874588 0.00709793
447.733 0.85597 0.00736142
472.225 0.856729 0.00696885
440.399 0.873815 0.0137152
447.065 0.872096 0.0116847
472.592 0.873045 0.0114918
441.405 0.880385 0.00734562
422.378 0.865248 0.00701339
387.324 0.85269 0.0111132
508.011 0.858459 0.00704921
514.176 0.859694 0.00912165
440.098 0.86602 0.00710722
510.759 0.854123 0.00686046
466.474 0.853481 0.00679071
507.34 0.863979 0.00891622
465.496 0.872437 0.0103042
468.902 0.862919 0.00704835
480.05 0.858892 0.00707284
470.46 0.877389 0.0167229
481.591 0.867822 0.0109296
474.461 0.861354 0.00857473
516.517 0.869161 0.00705514
543.303 0.864503 0.00690244
475.351 0.868486 0.0134136
441.064 0.852848 0.00890357
425.739 0.881446 0.00738559
447.533 0.876174 0.0170932
500.019 0.881766 0.0167964
481.026 0.874821 0.010679
466.524 0.856668 0.0143429
452.21 0.864872 0.00926074
446.67 0.87198 0.00964921
540.201 0.867829 0.0135988
447.549 0.84774 0.00736168
460.75 0.860845 0.00702666
465.576 0.8827 0.0149334
426.914 0.864589 0.00822906
508.52 0.862459 0.007034
445.999 0.862618 0.0148472
481.398 0.86649 0.0129692
429.469 0.852556 0.00690767
446.869 0.866087 0.0121537
445.052 0.865109 0.00978849
456.752 0.861316 0.00940168
510.853 0.88123 0.0129414
470.989 0.84967 0.00686497
484.583 0.875386 0.0208216
457.431 0.877277 0.0210748
456.358 0.862251 0.00864282
424.297 0.862077 0.010102
479.099 0.882427 0.0125498
426.167 0.84929 0.0067815
519.404 0.849536 0.00692533
447.956 0.870994 0.0115246
466.524 0.870903 0.014182
513.245 0.872082 0.0113013
477.027 0.867209 0.0136736
430.969 0.867921 0.0116554
430.054 0.864929 0.00998481
434.563 0.840839 0.00675434
438.458 0.870493 0.0070659
432.714 0.855769 0.00865712
462.202 0.869173 0.00170339
468.837 0.861697 0.00713243
461.392 0.855727 0.00698792
497.656 0.883539 0.0102542
467.907 0.852188 0.00688797
459.132 0.872228 0.013577
472.351 0.869253 0.00859689
506.138 0.858457 0.0095158
557.601 0.854551 0.00683667
422.263 0.871884 0.0071675
453.991 0.87331 0.0128145
482.757 0.8598 0.00696117
464.71 0.86153 0.0140668
503.909 0.852903 0.00691742
484.454 0.87547 0.0110046
480.351 0.852549 0.00692004
435.231 0.854961 0.00696481
508.023 0.865851 0.00996916
469.181 0.876825 0.00374476
404.524 0.865699 0.0102189
459.407 0.861713 0.000993332
538.463 0.849491 0.00694609
448.7 0.855612 0.0101642
461.133 0.851397 0.00700155
460.924 0.853148 0.00722989
477.777 0.874268 0.00722796
508.539 0.879098 0.0141209
445.905 0.872243 0.00709882
544.857 0.86631 0.0115347
466.352 0.871475 0.00373485
449.429 0.883932 0.0159179
477.35 0.868454 0.0136528
462.46 0.87195 0.0203104
432.201 0.868257 0.00914428
509.94 0.853545 0.00940309
454.506 0.864262 0.00721377
483.025 0.875316 0.00870038
473.313 0.851421 0.00703286
467.742 0.871089 0.0136756
469.008 0.862462 0.00949874
448.503 0.864496 0.00862428
527.988 0.873083 0.018065
522.742 0.863966 0.016308
433.136 0.869684 0.00721348
431.051 0.861956 0.00690859
452.352 0.871958 0.0196576
459.596 0.862228 0.0105839
