0.861268
0.850544
0.856895
0.865625
0.85549
0.859304
0.876869
0.859583
0.871104
0.866957
0.856896
0.859425
0.858478
0.863706
0.864633
0.869025
0.873744
0.869524
0.871583
0.863163
0.865397
0.855527
0.861595
0.869759
0.85589
0.865623
0.859724
0.864675
0.859779
0.857377
0.864784
0.849398
0.867597
0.859998
0.866534
0.855685
0.870603
0.870723
0.858013
0.857998
0.865238
0.866545
0.863787
0.864709
0.868653
0.863156
0.86598
0.866822
0.86393
0.861274
0.866301
0.864653
0.861704
0.863186
0.867778
0.86903
0.861442
0.870405
0.855724
0.873876
0.864364
0.857592
0.863467
0.862152
0.872462
0.865438
0.856694
0.864467
0.863416
0.8634
0.857837
0.857955
0.862588
0.861811
0.864431
0.867816
0.862534
0.865487
0.864155
0.866287
0.866469
0.868683
0.864448
0.864909
0.861328
0.860191
0.85539
0.863767
0.854533
0.857504
0.869723
0.867687
0.856217
0.864863
0.866688
0.862032
0.85276
0.862257
0.865378
0.867381
0.863846
0.861654
0.865724
0.860976
0.87065
0.859754
0.857649
0.853112
0.857485
0.859512
0.868751
0.866686
0.863077
0.866425
0.860661
0.851565
0.860715
0.860937
0.856483
0.861341
0.867939
0.857678
0.862705
0.855632
0.863944
0.866284
0.864029
0.853074
0.866375
0.857727
0.862796
0.865672
0.85963
0.857695
0.863265
0.859266
0.852197
0.872424
0.854053
0.864843
0.864763
0.864637
0.871764
0.862823
0.865958
0.862006
0.864306
0.865533
0.869615
0.865933
0.861695
0.860507
0.867684
0.856364
0.865541
0.866421
0.869923
0.859088
0.862264
0.874516
0.858305
0.86477
0.856582
0.866991
0.866579
0.854702
0.86069
0.86254
0.877281
0.86238
0.858464
0.860897
0.869629
0.870129
0.86754
0.854123
0.874588
0.857008
0.861055
0.854888
0.853571
0.868276
0.865323
0.861459
0.857345
0.869198
0.857362
0.855343
0.858258
0.868213
0.865823
0.851527
0.859819
0.864247
0.866496
0.872419
0.856443
0.859437
0.863065
0.856883
0.853104
0.866466
0.863752
0.866409
0.862112
0.859637
0.86094
0.861476
0.871141
0.867126
0.858653
0.855222
0.863079
0.849163
0.860826
0.864639
0.86563
0.86232
0.869108
0.862438
0.863238
0.860389
0.866354
0.859191
0.863683
0.867319
0.862067
0.864698
0.862667
0.850036
0.860966
0.865736
0.856312
0.860917
0.858887
0.868779
0.8602
0.869356
0.846516
0.864544
0.856449
0.852097
0.862242
0.872524
0.862573
0.860271
0.867624
0.854275
0.857296
0.86108
0.867628
0.866517
0.85733
0.864555
0.858537
0.862491
0.862423
0.857452
0.856842
0.861967
0.853558
0.867546
0.870473
0.862345
0.861354
0.864353
0.854054
0.858436
0.858553
0.86053
0.857736
0.869222
0.860889
0.866587
0.864947
0.857535
0.860512
0.860107
0.863121
0.853514
0.864443
0.869792
0.853613
0.861683
0.857168
0.861677
0.855675
0.855342
0.864662
0.86391
0.86117
0.853798
0.859787
0.869419
0.864249
0.86665
0.856628
0.85972
0.857613
0.868301
0.868217
0.864176
0.868263
0.873724
0.860094
0.860654
0.86931
0.862408
0.860142
0.864482
0.857802
0.862859
0.864519
0.857339
0.861627
0.862715
0.861778
0.867028
0.866072
0.856924
0.876675
0.856937
0.861419
0.855691
0.867626
0.864597
0.865448
0.86806
0.874787
0.861666
0.873058
0.860972
0.862212
0.857141
0.861972
0.869038
0.84927
0.853326
0.856581
0.858105
0.865137
0.866604
0.870566
0.863289
0.866423
0.867487
0.856065
0.86578
0.878171
0.858165
0.86853
0.859427
0.866889
0.860886
0.853442
0.859495
0.861475
0.864562
0.862445
0.856546
0.863177
0.855963
0.860376
0.862396
0.864584
0.857582
0.85604
0.868401
0.864113
0.863006
0.864118
0.856623
0.859007
0.86321
0.867427
0.85804
0.860333
0.858064
0.860892
0.863037
0.864343
0.86495
0.862734
0.871459
0.862905
0.868511
0.860019
0.866073
0.854573
0.871012
0.860401
0.860425
0.855734
0.863903
0.866259
0.867642
0.869027
0.857277
0.861583
0.864475
0.855046
0.863859
0.866256
0.862316
0.868861
0.858125
0.869586
0.873192
0.866638
0.863688
0.867445
0.861441
0.85725
0.854814
0.857515
0.860767
0.867334
0.87165
0.863664
0.850476
0.861553
0.868695
0.853186
0.85705
0.867897
0.867481
0.864539
0.862622
0.860065
0.859744
0.865114
0.855231
0.869375
0.866944
0.866326
0.858195
0.864899
0.86686
0.850553
0.87001
0.866293
0.863338
0.868395
0.859213
0.86143
0.863326
0.85788
0.864062
0.862396
0.859345
0.862811
0.86973
0.856374
0.863381
0.856361
0.868309
0.861449
0.865418
0.859605
0.870568
0.865353
0.86588
0.868048
0.8596
0.865678
0.84869
0.863087
0.861062
0.865507
0.872216
0.864522
0.862991
0.85885
0.854079
0.869622
0.859436
0.867359
0.849046
0.864908
0.867991
0.85759
0.863303
0.861078
0.866382
0.859483
0.866504
0.858765
0.867939
0.860852
0.861302
0.867093
0.864519
0.859285
0.863165
0.863981
0.855795
0.862606
0.865624
0.854516
0.861149
0.852654
0.865176
0.864612
0.865063
0.8621
0.865543
0.856004
0.870713
0.871556
0.859347
0.862065
0.871608
0.863291
0.861954
0.861348
0.86816
0.860512
0.8574
0.876823
0.862614
0.869876
0.863978
0.859828
0.868092
0.862745
0.859807
0.868244
0.851448
0.857551
0.855731
0.863917
0.867155
0.861666
0.854669
0.869207
0.862785
0.871276
0.868413
0.866088
0.86616
0.867969
0.868675
0.859916
0.87302
0.863699
0.873793
0.86233
0.856631
0.855941
0.864681
0.860187
0.871679
0.871147
0.864774
0.866445
0.858006
0.858876
0.862847
0.870453
0.864822
0.861038
0.860953
0.852463
0.852131
0.862713
0.866433
0.849474
0.861684
0.868931
0.864815
0.865037
0.858276
0.867121
0.860966
0.868447
0.865276
0.860819
0.868208
0.868461
0.869477
0.862592
0.864782
0.856588
0.865875
0.859504
0.865213
0.857459
0.875939
0.864372
0.86334
0.868063
0.86247
0.855605
0.856827
0.863708
0.856032
0.853722
0.857208
0.866082
0.860288
0.850512
0.860403
0.87236
0.866614
0.863428
0.866155
0.855918
0.856427
0.868153
0.868375
0.86126
0.868342
0.863905
0.868571
0.861688
0.864221
0.86835
0.862352
0.861954
0.859045
0.847317
0.86713
0.856448
0.865344
0.85261
0.856165
0.861392
0.852146
0.864834
0.863557
0.855795
0.863513
0.858456
0.861115
0.869146
0.85801
0.867108
0.863213
0.86021
0.859376
0.867398
0.862597
0.859241
0.86372
0.86212
0.861562
0.871804
0.866213
0.866742
0.861743
0.861149
0.864938
0.869231
0.857247
0.873389
0.861211
0.866316
0.862365
0.853857
0.867777
0.860576
0.86199
0.869896
0.863504
0.860807
0.861074
0.859321
0.851913
0.857164
0.8601
0.854486
0.853532
0.863269
0.865977
0.863411
0.867716
0.862401
0.867525
0.863849
0.865918
0.866115
0.854889
0.861491
0.874577
0.854596
0.868632
0.870189
0.860237
0.863759
0.868366
0.855498
0.879212
0.862286
0.859711
0.859024
0.870706
0.862804
0.862108
0.866477
0.862025
0.868777
0.861958
0.862196
0.859185
0.853477
0.866336
0.86848
0.858241
0.854736
0.856657
0.867089
0.867678
0.865484
0.8679
0.867332
0.863939
0.858743
0.865408
0.861009
0.869607
0.86114
0.856005
0.867082
0.860784
0.861833
0.870289
0.862473
0.861368
0.873797
0.865461
0.856923
0.857673
0.86348
0.860072
0.861521
0.871626
0.856945
0.859576
0.871704
0.862682
0.872513
0.860543
0.861797
0.860722
0.866636
0.874488
0.86081
0.865144
0.860647
0.867568
0.862087
0.873132
0.860521
0.85914
0.859096
0.86761
0.864289
0.861379
0.858425
0.857116
0.866827
0.860451
0.86641
0.862237
0.865352
0.856834
0.862878
0.873499
0.850715
0.856133
0.852747
0.854015
0.86099
0.856282
0.861505
0.870715
0.860552
0.858231
0.857401
0.866183
0.866955
0.865015
0.864593
0.861982
0.858974
0.864213
0.859817
0.868393
0.870867
0.86105
0.859641
0.868579
0.861439
0.86193
0.862477
0.865632
0.866819
0.866994
0.867974
0.863493
0.859475
0.863539
0.857096
0.863714
0.85781
0.862809
0.867228
0.867135
0.87566
0.856876
0.861439
0.853724
0.868287
0.871854
0.865707
0.86006
0.874782
0.86656
0.860174
0.857639
0.863585
0.863252
0.871025
0.867198
0.853822
0.854419
0.867541
0.865492
0.864
0.87006
0.862572
0.868933
0.864511
0.86764
0.863263
0.86809
0.859664
0.853992
0.853426
0.866806
0.867438
0.870343
0.855243
0.86777
0.866177
0.861444
0.861562
0.861007
0.865545
0.859789
0.86602
0.86966
0.859561
0.861041
0.854717
0.862084
0.856939
0.862019
0.863962
0.860842
0.849433
0.859683
0.85998
0.865346
0.865971
0.861426
0.862819
0.862672
0.863966
0.859506
0.86205
0.863264
0.861469
0.866697
0.853564
0.858458
0.872148
0.861687
0.859415
0.853255
0.864534
0.863038
0.856841
0.860861
0.864646
0.860346
0.864852
0.853289
0.85662
0.856266
0.861034
0.868303
0.859457
0.864673
0.874333
0.864784
0.870917
0.85908
0.856067
0.861127
0.861647
0.857877
0.861783
0.865483
0.869955
0.858331
0.869474
0.859673
0.867
0.859954
0.866573
0.860018
0.861339
0.856131
0.859014
0.863877
0.862305
0.86405
0.86681
0.857755
0.855039
0.861376
0.862371
0.855161
0.856414
0.865873
0.857085
0.866235
0.864848
0.856036
0.85905
0.869596
0.857395
0.858908
0.855837
0.867489
0.867527
0.851796
0.863244
0.863466
0.86529
0.873065
0.862499
0.870215
0.859857
0.862945
0.871599
0.862993
0.862508
0.86605
0.860856
0.857279
0.861302
0.863128
0.86146
0.862307
0.864804
0.86015
0.868036
0.864624
0.857254
0.856923
0.872962
0.866957
0.860133
0.858181
0.864827
0.86475
0.860514
0.861056
0.869224
0.867833
0.864017
0.859872
0.877738
0.866658
0.867497
0.864343
0.854514
0.858982
0.856082
0.85377
0.867833
0.855762
0.859988
0.856238
0.860687
0.866718
0.874161
0.860802
0.861359
0.853615
0.862769
0.869903
0.861812
0.858892
0.863507
0.861973
0.865045
0.85927
0.856612
0.861901
0.853021
0.861093
0.862236
0.871001
0.874678
0.860624
0.856551
0.859731
0.871188
0.858198
0.866023
0.857506
0.860758
0.859285
0.861078
0.860726
0.856789
0.852666
0.868293
0.865668
0.860328
0.863713
0.858071
0.872371
0.860605
0.859517
0.857032
0.861621
0.865942
0.867288
0.869975
0.862554
0.861196
0.860239
0.861862
0.860802
0.865934
0.862888
0.858467
0.866143
0.863658
0.864699
0.865833
0.858932
0.858595
0.858022
0.863323
0.860029
0.858215
0.859291
0.865178
0.862858
0.862938
0.864068
0.856657
0.869054
0.865525
0.862594
0.860385
0.864555
0.860777
0.858752
0.864222
0.865921
0.856531
0.850537
0.864634
0.861887
0.860019
0.856038
0.858735
0.867788
0.875837
0.869897
0.868072
0.858313
0.865947
0.860513
0.851474
0.858223
0.867972
0.85854
0.862486
0.867805
0.85881
0.859488
0.864827
0.868138
0.855218
0.870144
0.867097
0.870006
0.857816
0.862901
0.856026
0.859881
0.869913
0.875455
0.859333
0.864846
0.857182
0.861065
0.862404
0.860503
0.859453
0.867985
0.860469
0.855708
0.873535
0.852863
0.868627
0.85793
0.859209
0.860258
0.859763
0.866639
0.864052
0.852822
0.875612
0.856764
0.863981
0.860191
0.858167
0.859556
0.861654
0.859656
0.8642
0.86228
0.865522
0.863697
0.866131
0.864482
0.869036
0.869305
0.865004
0.859238
0.858552
0.858086
0.860724
0.864244
0.858391
0.861512
0.865625
0.856904
0.865897
0.857421
0.865431
0.856476
0.864023
0.863381
0.862034
0.860083
0.861221
0.867333
0.866001
0.872683
0.863575
0.868233
0.852499
0.857056
0.863224
0.855412
0.867848
0.865324
0.867757
0.862265
0.859996
0.86772
0.862178
0.864856
0.865085
0.863444
0.86366
0.862809
0.859681
0.860676
0.853962
0.864717
0.865692
0.860417
0.864696
0.867256
0.865701
0.862527
0.861037
0.863283
0.860637
0.857671
0.852225
0.860436
0.856985
0.864383
0.865793
0.856715
0.867776
0.862011
0.86717
0.858784
0.863021
0.872344
0.862624
0.859466
0.863463
0.858917
0.857528
0.863875
0.859951
0.86141
0.870077
0.854712
0.863586
0.854549
0.859778
0.857678
0.871757
0.855323
0.861743
0.865288
0.863976
0.866042
0.864383
0.87162
0.861982
0.8649
0.86801
0.863709
0.863731
0.854519
0.860221
0.853598
0.863273
0.869056
0.860854
0.858548
0.860923
0.864992
0.858559
0.870276
0.866624
0.859041
0.84592
0.860935
0.870668
0.868934
0.85796
0.867757
0.869058
0.856807
0.860554
0.858723
0.858723
0.858959
0.866543
0.866434
0.869608
0.856428
0.872128
0.864578
0.86598
0.86367
0.859511
0.862848
0.861031
0.861192
0.861212
0.863189
0.855873
0.856423
0.857243
0.871702
0.862727
0.863516
0.863511
0.866776
0.862586
0.853638
0.859284
0.855154
0.861005
0.863504
0.861384
0.860503
0.868582
0.87412
0.869309
0.863556
0.862863
0.863295
0.858647
0.857695
0.86148
0.870135
0.854428
0.865157
0.861251
0.863326
0.871876
0.863871
0.864391
0.861486
0.866864
0.86737
0.86285
0.860829
0.869083
0.85507
0.859465
0.860587
0.861007
0.862799
0.863734
0.870131
0.860271
0.858471
0.852993
0.865975
0.868328
0.867264
0.86113
0.869497
0.858084
0.869974
0.866422
0.860346
0.867314
0.848925
0.860439
0.867101
0.867851
0.862782
0.869783
0.864585
0.858322
0.859001
0.86191
0.867049
0.862045
0.859649
0.864842
0.863879
0.855209
0.866895
0.858565
0.861039
0.86173
0.857865
0.856779
0.865623
0.855282
0.861599
0.870957
0.856255
0.859896
0.860643
0.866195
0.861104
0.85575
0.875195
0.856785
0.861107
0.86166
0.868562
0.85929
0.865657
0.857475
0.852323
0.864652
0.863412
0.861965
0.858926
0.863842
0.867563
0.85621
0.861389
0.861927
0.865637
0.865209
0.859021
0.872376
0.862296
0.860488
0.86126
0.868196
0.865447
0.872114
0.856418
0.861121
0.865549
0.854671
0.857028
0.851962
0.863667
0.86895
0.868865
0.858912
0.865981
0.861375
0.859548
0.86302
0.856164
0.860111
0.855587
0.866075
0.864487
0.858891
0.865616
0.863486
0.861626
0.868009
0.862643
0.860219
0.864498
0.869395
0.868395
0.876341
0.86385
0.863305
0.867711
0.865023
0.866038
0.863002
0.867267
0.858304
0.854851
0.860519
0.868357
0.863392
0.864122
0.864313
0.867416
0.87307
0.852702
0.8689
0.869015
0.871308
0.864759
0.867805
0.861728
0.861213
0.863861
0.860726
0.859476
0.865965
0.866087
0.860657
0.87146
0.858783
0.867621
0.863272
0.864921
0.856221
0.867614
0.867324
0.860892
0.869601
0.855299
0.854888
0.865609
0.865472
0.869378
0.867102
0.871917
0.863884
0.87282
0.857575
0.85431
0.868753
0.87276
0.867815
0.859444
0.867739
0.864842
0.861075
0.863385
0.864131
0.865356
0.855683
0.856163
0.857876
0.859673
0.864489
0.864856
0.864874
0.857507
0.858507
0.864413
0.868061
0.866336
0.852984
0.865405
0.863194
0.865623
0.857786
0.870087
0.854264
0.865221
0.854021
0.852442
0.858362
0.856845
0.860471
0.864953
0.864868
0.86481
0.860273
0.857643
0.8641
0.857227
0.869292
0.862697
0.860903
0.857903
0.860537
0.868205
0.85845
0.859163
0.855527
0.860344
0.859709
0.857818
0.862433
0.858423
0.86875
0.868928
0.8577
0.864263
0.859647
0.861231
0.864169
0.85977
0.862246
0.867362
0.866283
0.861296
0.866872
0.867395
0.857298
0.867351
0.861156
0.862452
0.863861
0.864623
0.864323
0.868108
0.871106
0.858626
0.861074
0.863002
0.875958
0.865115
0.860678
0.864134
0.86013
0.865127
0.869325
0.863223
0.861023
0.868316
0.867301
0.86327
0.855164
0.855126
0.869326
0.86119
0.862533
0.858251
0.859379
0.862415
0.869698
0.867552
0.860314
0.865095
0.871883
0.863483
0.860797
0.87101
0.855108
0.863931
0.865537
0.860838
0.875594
0.862294
0.8647
0.865858
0.857511
0.878463
0.859553
0.865987
0.862606
0.858901
0.86478
0.864332
0.856098
0.85658
0.851233
0.864844
0.866129
0.87121
0.856536
0.862939
0.866989
0.862169
0.866163
0.862669
0.859428
0.863718
0.86505
0.861814
0.860701
0.853219
0.860365
0.866625
0.858173
0.862755
0.862327
0.861994
0.861267
0.863721
0.856116
0.8634
0.866724
0.866201
0.86242
0.860206
0.856412
0.851163
0.861289
0.859059
0.861476
0.868085
0.860206
0.865679
0.861528
0.861243
0.859859
0.861441
0.867181
0.867463
0.879939
0.863132
0.859108
0.86482
0.860568
0.858608
0.84938
0.863208
0.869259
0.865822
0.853051
0.865921
0.856104
0.86391
0.856052
0.857602
0.865982
0.861294
0.867342
0.856583
0.862738
0.865448
0.856795
0.867707
0.854841
0.858118
0.86552
0.870294
0.863962
0.869047
0.862708
0.860333
0.865163
0.864861
0.863941
0.871151
0.862604
0.857828
0.8628
0.870643
0.867602
0.865764
0.86886
0.865561
0.86141
0.864607
0.863376
0.860531
0.859628
0.859707
0.859638
0.861406
0.85788
0.863124
0.865002
0.859806
0.852761
0.863311
0.863842
0.862566
0.856867
0.865639
0.871298
0.86661
0.860412
0.871964
0.864181
0.871148
0.860489
0.866603
0.860552
0.864997
0.876773
0.856262
0.867315
0.862939
0.859676
0.862871
0.865304
0.868836
0.859865
0.862702
0.864825
0.869353
0.868176
0.856503
0.870746
0.853767
0.869614
0.857124
0.865558
0.857506
0.861709
0.849377
0.868439
0.865321
0.853664
0.857508
0.859294
0.857888
0.864898
0.865541
0.860142
0.862384
0.86354
0.870521
0.870485
0.862597
0.861505
0.862512
0.85734
0.867939
0.862989
0.863652
0.865868
0.861132
0.861288
0.85686
0.86428
0.859097
0.866257
0.853758
0.866009
0.867663
0.862387
0.861427
0.856072
0.863684
0.862266
0.862996
0.861361
0.862557
0.863453
0.854018
0.861112
0.865311
0.865598
0.865103
0.865013
0.866742
0.86178
0.872677
0.865061
0.86158
0.864408
0.862442
0.867883
0.859634
0.862071
0.86298
0.852433
0.854957
0.861233
0.859106
0.861015
0.871585
0.866211
0.87079
0.865027
0.86864
0.85812
0.866182
0.860921
0.858311
0.864714
0.861224
0.862186
0.855229
0.862499
0.864498
0.847629
0.863912
0.864981
0.864819
0.882014
0.860447
0.862454
0.86029
0.867034
0.865421
0.868987
0.862612
0.85718
0.859261
0.859197
0.85634
0.866498
0.848403
0.872149
0.876528
0.859472
0.859993
0.862618
0.865221
0.866622
0.855063
0.857012
0.858757
0.864653
0.862812
0.854466
0.8595
0.858815
0.86113
0.865769
0.859002
0.86328
0.862925
0.861865
0.862759
0.862478
0.853295
0.861386
0.865057
0.861308
0.859259
0.859567
0.854783
0.8604
0.857223
0.860837
0.861075
0.856861
0.860032
0.862842
0.859801
0.865565
0.857529
0.853947
0.863478
0.861887
0.867568
0.872239
0.860173
0.862093
0.864742
0.858237
0.862643
0.860825
0.857006
0.869225
0.865638
0.865959
0.863005
0.865661
0.862687
0.854333
0.867938
0.86706
0.858658
0.863449
0.860351
0.849055
0.863572
0.871436
0.856648
0.85876
0.870198
0.859916
0.866845
0.866989
0.863101
0.854337
0.89522
0.870885
0.856794
0.865592
0.867016
0.86346
0.867361
0.856491
0.863564
0.868655
0.862102
0.864303
0.867759
0.861483
0.853233
0.867674
0.865306
0.854293
0.861739
0.864264
0.866102
0.86276
0.852976
0.86826
0.871898
0.870208
0.860817
0.867017
0.865589
0.865152
0.860213
0.864547
0.868507
0.868787
0.855507
0.855906
0.859927
0.857405
0.862286
0.870701
0.861781
0.85684
0.858615
0.874304
0.860845
0.863194
0.862765
0.864077
0.85875
0.86232
0.864076
0.858911
0.867231
0.860755
0.860026
0.861007
0.869007
0.866847
0.863305
0.861746
0.85423
0.858224
0.864151
0.855163
0.864677
0.857039
0.862025
0.87464
0.856963
0.858698
0.856721
0.861715
0.860391
0.862726
0.853451
0.86878
0.863144
0.855529
0.861741
0.855038
0.870809
0.866801
0.862871
0.853591
0.868714
0.858616
0.867083
0.864608
0.858761
0.860769
0.862974
0.86667
0.867724
0.868841
0.860624
0.858099
0.863165
0.861812
0.857928
0.861289
0.850871
0.85819
0.853187
0.859421
0.856764
0.862786
0.862571
0.860906
0.858269
0.856319
0.848434
0.855884
0.867673
0.86544
0.857363
0.858903
0.861728
0.858249
0.868546
0.866736
0.864754
0.864739
0.865242
0.863987
0.863424
0.857033
0.856339
0.860452
0.865913
0.862651
0.856974
0.863379
0.860846
0.8593
0.859151
0.865705
0.864408
0.849189
0.864453
0.859096
0.862696
0.85755
0.858643
0.874841
0.865813
0.861926
0.86243
0.873051
0.863761
0.863549
0.868696
0.865316
0.856249
0.868474
0.860483
0.86943
0.862093
0.861584
0.864502
0.864683
0.860792
0.861897
0.862735
0.86442
0.857903
0.864684
0.858572
0.860873
0.879246
0.859734
0.870371
0.868496
0.8621
0.864938
0.87055
0.867876
0.865856
0.859073
0.866129
0.863025
0.875598
0.861748
0.858695
0.862278
0.865921
0.861285
0.861788
0.865618
0.864868
0.863923
0.871367
0.85867
0.863191
0.855625
0.860488
0.868201
0.866428
0.860804
0.862907
0.85872
0.859347
0.86054
0.857349
0.867459
0.861575
0.863169
0.858486
0.872566
0.866417
0.860881
0.87053
0.864916
0.865889
0.861593
0.857682
0.872035
0.857983
0.865975
0.858729
0.857664
0.868107
0.863786
0.864002
0.862723
0.861018
0.873943
0.872247
0.860468
0.864496
0.857766
0.867414
0.864806
0.860738
0.867596
0.848431
0.863189
0.86007
0.865859
0.856491
0.869173
0.870422
0.858321
0.860107
0.870825
0.865148
0.867255
0.865391
0.85825
0.859317
0.863007
0.866285
0.857346
0.859236
0.863003
0.860183
0.845953
0.864789
0.865259
0.862007
0.87395
0.861881
0.867165
0.860519
0.862018
0.863216
0.863201
0.857914
0.863931
0.855106
0.863065
0.86504
0.867678
0.85458
0.860117
0.863253
0.866182
0.859913
0.866935
0.87562
0.864879
0.86593
0.867051
0.859549
0.85372
0.86535
0.863915
0.86738
0.862706
0.86256
0.862544
0.855676
0.85588
0.852338
0.860531
0.857468
0.859716
0.862247
0.86258
0.856066
0.872444
0.860603
0.869735
0.86093
0.869619
0.864817
0.85688
0.862252
0.870628
0.874244
0.852873
0.868025
0.861951
0.863952
0.864126
0.861589
0.859137
0.862672
0.865097
0.860809
0.861513
0.864793
0.865748
0.863352
0.870138
0.858232
0.864643
0.864819
0.862897
0.861397
0.863467
0.856709
0.865848
0.856475
0.865244
0.859375
0.85892
0.867969
0.865458
0.862004
0.850564
0.870963
0.862836
0.858309
0.865721
0.849943
0.861292
0.86132
0.853525
0.859427
0.866314
0.865352
0.867737
0.861888
0.85873
0.855625
0.866614
0.865837
0.863075
0.868866
0.86508
0.865208
0.869678
0.857316
0.857925
0.854487
0.861452
0.867395
0.863106
0.857794
0.853536
0.862227
0.869643
0.8597
0.871058
0.869315
0.858476
0.861926
0.866408
0.872341
0.863753
0.859155
0.862199
0.865949
0.863794
0.866737
0.858938
0.851823
0.872516
0.864984
0.854162
0.866146
0.857038
0.860545
0.858908
0.864185
0.863536
0.876788
0.865309
0.865294
0.871325
0.860398
0.862033
0.864446
0.870548
0.864888
0.865162
0.85769
0.869761
0.867479
0.870407
0.862508
0.859891
0.863074
0.857924
0.867764
0.850288
0.858005
0.870173
0.8618
0.871056
0.868606
0.868338
0.855726
0.86852
0.864232
0.860019
0.861298
0.865506
0.872212
0.85417
0.859997
0.865113
0.854846
0.861331
0.866556
0.859885
0.870584
0.86386
0.866652
0.863245
0.865487
0.868437
0.86079
0.853708
0.864389
0.858929
0.860787
0.86496
0.859237
0.866179
0.865122
0.861169
0.865377
0.872162
0.863027
0.869897
0.856138
0.86021
0.864036
0.85683
0.869018
0.862507
0.855388
0.863832
0.85808
0.863058
0.864939
0.858483
0.864551
0.867662
0.863115
0.857297
0.851443
0.86152
0.855537
0.865657
0.858719
0.860009
0.86504
0.864439
0.867424
0.864011
0.859796
0.85988
0.872081
0.86773
0.864605
0.854645
0.855548
0.864751
0.860009
0.867767
0.864003
0.861471
0.864089
0.86651
0.862867
0.866249
0.869402
0.861859
0.860648
0.862209
0.865538
0.857792
0.865484
0.860606
0.859219
0.862082
0.866451
0.853079
0.863999
0.864742
0.858132
0.86981
0.862843
0.862323
0.865123
0.863921
0.858074
0.859249
0.871852
0.861265
0.864926
0.85354
0.871895
0.856504
0.86456
0.867489
0.864972
0.861767
0.862826
0.863515
0.86324
0.856807
0.86479
0.862095
0.866813
0.862763
0.865703
0.864365
0.867013
0.870217
0.865926
0.866136
0.866869
0.857591
0.857534
0.865087
0.857074
0.859331
0.876254
0.865979
0.861078
0.861211
0.856841
0.860636
0.86644
0.852556
0.861661
0.865631
0.864009
0.859479
0.861767
0.864415
0.85505
0.85463
0.856407
0.861495
0.862237
0.860717
0.86583
0.861447
0.856117
0.863931
0.86251
0.867223
0.873576
0.863834
0.873709
0.858452
0.861862
0.865763
0.858961
0.864327
0.865626
0.86422
0.8699
0.860116
0.862822
0.864854
0.866799
0.862561
0.868617
0.865201
0.862199
0.863553
0.868641
0.863999
0.867023
0.859798
0.858009
0.8553
0.865746
0.860013
0.855476
0.858427
0.859842
0.858154
0.861054
0.864146
0.867889
0.867068
0.864887
0.862386
0.865329
0.865994
0.863672
0.864186
0.859951
0.859811
0.855952
0.866939
0.855641
0.85865
0.855691
0.871658
0.862357
0.859996
0.858665
0.854976
0.865191
0.856199
0.861876
0.856666
0.869323
0.862385
0.86719
0.871449
0.860357
0.860029
0.863692
0.862072
0.85796
0.873486
0.857377
0.862224
0.858071
0.867287
0.864021
0.868
0.86453
0.865666
0.853272
0.859508
0.860072
0.868183
0.862704
0.859129
0.86624
0.86766
0.85909
0.847664
0.862762
0.866895
0.861295
0.875292
0.858784
0.867435
0.862331
0.855664
0.857409
0.86096
0.863499
0.864731
0.854276
0.859833
0.864905
0.867143
0.863474
0.860896
0.861766
0.867146
0.863871
0.862281
0.856354
0.868785
0.86001
0.861624
0.861513
0.863498
0.864643
0.868412
0.861769
0.862277
0.861457
0.861485
0.860359
0.859393
0.864306
0.864541
0.856058
0.845512
0.863501
0.859962
0.863689
0.857186
0.857213
0.858981
0.860152
0.875749
0.865088
0.865235
0.863234
0.848384
0.856902
0.855579
0.862651
0.869046
0.870483
0.863167
0.866391
0.865617
0.86845
0.868435
0.865459
0.87002
0.863268
0.868293
0.864081
0.858415
0.862562
0.862831
0.86899
0.869172
0.868247
0.860648
0.859664
0.862624
0.862081
0.867912
0.877765
0.86169
0.862367
0.863186
0.865177
0.856446
0.868687
0.876342
0.853627
0.870246
0.870598
0.867935
0.864067
0.86698
0.870745
0.859799
0.864074
0.861966
0.867593
0.861489
0.857937
0.864946
0.861976
0.862924
0.862496
0.865543
0.856958
0.863045
0.864902
0.853301
0.86237
0.866025
0.866959
0.873998
0.860226
0.865402
0.857854
0.863301
0.85759
0.861576
0.856667
0.873889
0.870511
0.852519
0.863368
0.864129
0.862732
0.869106
0.862834
0.859703
0.861738
0.867559
0.861531
0.861982
0.862877
0.866871
0.864087
0.858763
0.864391
0.862429
0.85916
0.861557
0.860043
0.865023
0.867666
0.864124
0.863977
0.862586
0.852787
0.859998
0.860327
0.856728
0.858913
0.856356
0.860287
0.867032
0.860413
0.863078
0.866442
0.871922
0.865897
0.86854
0.858548
0.861194
0.85789
0.869267
0.86439
0.86083
0.856967
0.861346
0.865698
0.869244
0.865941
0.865072
0.864373
0.865352
0.862224
0.86089
0.866317
0.849198
0.867554
0.866518
0.869443
0.854081
0.865053
0.870826
0.857989
0.862001
0.864627
0.859853
0.86741
0.860362
0.853573
0.871674
0.868273
0.862693
0.863441
0.864239
0.871985
0.867475
0.868033
0.860888
0.856384
0.859548
0.865072
0.863558
0.851757
0.851333
0.855447
0.858752
0.85233
0.864396
0.866971
0.875853
0.860363
0.858989
0.860255
0.867343
0.863539
0.859709
0.864325
0.860288
0.865357
0.860282
0.868466
0.858668
0.865914
0.863183
0.864337
0.865843
0.862701
0.863947
0.857127
0.862693
0.857522
0.865445
0.861093
0.861922
0.861236
0.85273
0.858991
0.865617
0.857553
0.878826
0.8616
0.862008
0.859174
0.873669
0.865431
0.859662
0.863501
0.864379
0.859775
0.853253
0.867256
0.861028
0.86438
0.87222
0.86592
0.86497
0.863098
0.864666
0.870311
0.86353
0.862846
0.856863
0.858058
0.858817
0.858559
0.863293
0.865639
0.865477
0.862115
0.859494
0.860372
0.859789
0.863867
0.87018
0.86835
0.85911
0.864162
0.866045
0.864252
0.870008
0.859427
0.857717
0.860909
0.860906
0.860128
0.853236
0.869148
0.860979
0.863863
0.855725
0.864033
0.864725
0.864286
0.86517
0.86192
0.860122
0.869688
0.861922
0.86153
0.86257
0.865681
0.866251
0.865252
0.857445
0.866677
0.866497
0.861127
0.871078
0.861142
0.858396
0.856803
0.862716
0.867704
0.859689
0.854123
0.869884
0.869831
0.863684
0.860412
0.866077
0.859887
0.862836
0.862723
0.869053
0.868538
0.861471
0.859918
0.85966
0.865662
0.85726
0.860502
0.862257
0.860555
0.853564
0.861083
0.858137
0.858033
0.856341
0.861227
0.864643
0.854171
0.859082
0.865061
0.864109
0.862957
0.86283
0.871425
0.868583
0.86166
0.856118
0.861217
0.858055
0.856649
0.858325
0.861914
0.861833
0.859693
0.86254
0.863155
0.861152
0.862883
0.862208
0.861064
0.855761
0.863538
0.859296
0.858676
0.8598
0.862046
0.865059
0.862486
0.867716
0.86734
0.859529
0.867748
0.860775
0.86207
0.872035
0.866747
0.85167
0.863565
0.860395
0.860874
0.862657
0.865591
0.860937
0.863624
0.877676
0.86665
0.867459
0.871553
0.864581
0.867103
0.857073
0.851361
0.855955
0.861725
0.856248
0.864813
0.871502
0.858884
0.869457
0.868749
0.866021
0.863394
0.865649
0.862054
0.861406
0.867687
0.871135
0.854387
0.860027
0.866299
0.863409
0.861687
0.872696
0.863675
0.871048
0.875867
0.867167
0.859785
0.87009
0.866686
0.858996
0.858172
0.858364
0.866615
0.860135
0.860883
0.868635
0.86012
0.85692
0.865267
0.866516
0.862461
0.870914
0.865319
0.864895
0.85909
0.862895
0.870401
0.867444
0.861895
0.859029
0.862598
0.866387
0.859987
0.86769
0.866425
0.864801
0.87166
0.861074
0.873552
0.86132
0.860091
0.867908
0.865769
0.862497
0.877324
0.870741
0.868075
0.861874
0.856023
0.863837
0.87642
0.865601
0.84975
0.859878
0.867181
0.859915
0.853205
0.858925
0.856014
0.86441
0.862077
0.868642
0.863185
0.857554
0.860949
0.859222
0.86103
0.865513
0.856844
0.85824
0.871211
0.85819
0.859123
0.857604
0.8667
0.869481
0.867345
0.86702
0.858337
0.855367
0.868881
0.867567
0.868052
0.85546
0.852289
0.862464
0.860958
0.860436
0.85605
0.865861
0.862114
0.856216
0.867661
0.864276
0.862644
0.859595
0.865232
0.864876
0.862465
0.868175
0.859051
0.857801
0.863723
0.871562
0.852677
0.862673
0.862598
0.864703
0.866557
0.85724
0.861217
0.869525
0.870974
0.868768
0.855919
0.862804
0.86178
0.865462
0.850654
0.862637
0.855763
0.852188
0.8571
0.863048
0.864011
0.865923
0.871193
0.860055
0.867329
0.859189
0.865556
0.860845
0.863265
0.871215
0.861779
0.860549
0.863001
0.864766
0.864547
0.861483
0.867023
0.85891
0.857128
0.857063
0.863774
0.859907
0.86622
0.864072
0.865938
0.860576
0.867775
0.858821
0.866717
0.867417
0.870481
0.856226
0.868263
0.860082
0.866781
0.860771
0.875263
0.862511
0.862609
0.868545
0.858856
0.854106
0.859208
0.864739
0.867195
0.859217
0.857091
0.865692
0.871871
0.864852
0.867957
0.859334
0.867497
0.873551
0.864581
0.863411
0.868456
0.86455
0.864023
0.863132
0.863284
0.867522
0.855118
0.860961
0.85863
0.864339
0.866172
0.865688
0.862199
0.862366
0.860356
0.862027
0.854817
0.862323
0.859222
0.860144
0.861184
0.865842
0.862289
0.86066
0.862723
0.873207
0.861369
0.864078
0.859144
0.864114
0.864798
0.876415
0.864426
0.859599
0.867364
0.86231
0.870987
0.862885
0.868484
0.8672
0.86912
0.860978
0.860901
0.873549
0.869952
0.854202
0.860549
0.862138
0.864776
0.858139
0.866515
0.870165
0.868782
0.862314
0.86554
0.853769
0.86197
0.866924
0.863526
0.863947
0.863034
0.857511
0.857
0.867962
0.864396
0.865399
0.862287
0.872889
0.872179
0.855136
0.862209
0.868869
0.861295
0.863611
0.867822
0.861159
0.873877
0.867518
0.854136
0.862548
0.856398
0.868952
0.866786
0.857272
0.865498
0.856879
0.866757
0.86162
0.861525
0.861192
0.864974
0.856419
0.870054
0.867747
0.860246
0.869157
0.860938
0.852834
0.853392
0.860844
0.865161
0.86877
0.862843
0.857371
0.865738
0.858676
0.86235
0.866469
0.862533
0.859893
0.862521
0.867819
0.864064
0.867938
0.873309
0.857546
0.861695
0.865597
0.858726
0.857407
0.86084
0.863323
0.862742
0.872219
0.863706
0.857289
0.861557
0.860837
0.861071
0.858101
0.86301
0.868347
0.861136
0.869208
0.863711
0.863812
0.862996
0.863409
0.859311
0.863246
0.858835
0.862089
0.858165
0.85987
0.8683
0.864842
0.856202
0.864284
0.85995
0.85811
0.867262
0.86446
0.86772
0.859329
0.867921
0.85388
0.864324
0.851485
0.861327
0.867226
0.872438
0.855948
0.862796
0.864658
0.865203
0.85992
0.858264
0.859307
0.862423
0.861016
0.859809
0.863161
0.865172
0.861681
0.87583
0.859156
0.864227
0.867736
0.86621
0.869827
0.853731
0.858649
0.859521
0.871697
0.872906
0.861172
0.867325
0.85773
0.850925
0.858227
0.861916
0.859449
0.862575
0.865755
0.869114
0.860346
0.864828
0.858232
0.862835
0.859375
0.869424
0.864932
0.870544
0.860644
0.860467
0.866721
0.870606
0.871908
0.858707
0.868636
0.86299
0.862058
0.868328
0.8581
0.860262
0.86366
0.863711
0.861075
0.863776
0.870701
0.861532
0.857174
0.866796
0.855759
0.871687
0.863595
0.870831
0.869983
0.866254
0.859994
0.86519
0.862666
0.860108
0.866567
0.856324
0.862536
0.864265
0.861637
0.856342
0.859988
0.867584
0.857428
0.860186
0.85931
0.858447
0.857775
0.865131
0.869986
0.863366
0.863261
0.867204
0.859153
0.862861
0.858171
0.857198
0.856103
0.860045
0.86512
0.859324
0.861904
0.864255
0.873388
0.861684
0.85272
0.866955
0.857374
0.863891
0.857404
0.864219
0.871303
0.863402
0.861569
0.85792
0.867367
0.855358
0.871195
0.861941
0.866337
0.861148
0.863096
0.861085
0.865621
0.86692
0.854213
0.862862
0.867876
0.873133
0.873148
0.861592
0.874115
0.867695
0.868051
0.854954
0.862816
0.861937
0.863142
0.861474
0.866177
0.871205
0.863317
0.863983
0.864384
0.859611
0.865416
0.866483
0.864208
0.865224
0.85528
0.853804
0.858184
0.870185
0.860267
0.857427
0.858171
0.864165
0.867608
0.863518
0.855797
0.863494
0.858645
0.866698
0.860873
0.855382
0.862137
0.858868
0.860405
0.870822
0.854717
0.860337
0.868193
0.858641
0.854132
0.858271
0.862144
0.860686
0.86681
0.858443
0.863281
0.868773
0.862203
0.868488
0.860377
0.855511
0.868178
0.857528
0.865993
0.860318
0.863473
0.863898
0.876922
0.868596
0.861803
0.859277
0.868311
0.862239
0.871369
0.868939
0.865917
0.867934
0.869169
0.863109
0.863345
0.871011
0.868671
0.863594
0.86829
0.85963
0.874411
0.867411
0.860898
0.859349
0.862714
0.868263
0.859019
0.867538
0.869684
0.857848
0.867278
0.871592
0.862866
0.870408
0.863204
0.85997
0.862739
0.856531
0.856529
0.869969
0.849636
0.858917
0.858671
0.866394
0.864145
0.860054
0.861854
0.855855
0.867933
0.869878
0.856408
0.868631
0.864007
0.855311
0.862346
0.863296
0.860417
0.857568
0.861366
0.860796
0.863763
0.84881
0.860878
0.860176
0.857523
0.865262
0.862462
0.86743
0.86999
0.864489
0.852374
0.85935
0.867762
0.863685
0.865601
0.855834
0.862546
0.874061
0.858911
0.866019
0.86313
0.85755
0.86165
0.869112
0.86429
0.867112
0.853925
0.858506
0.86479
0.865961
0.861608
0.862955
0.866495
0.856643
0.863393
0.867234
0.858098
0.864656
0.862173
0.857884
0.8668
0.865392
0.870863
0.870638
0.865837
0.862028
0.862608
0.86474
0.864187
0.863353
0.861185
0.859061
0.863107
0.860858
0.86374
0.862234
0.852071
0.865941
0.859603
0.866137
0.861802
0.862202
0.853526
0.864206
0.869125
0.868624
0.861942
0.860046
0.870177
0.858014
0.859765
0.86874
0.856631
0.862054
0.861987
0.859655
0.860596
0.864729
0.862965
0.869045
0.869163
0.858866
0.85582
0.869095
0.867271
0.855089
0.846384
0.864027
0.862061
0.858379
0.874921
0.862315
0.860247
0.869875
0.85933
0.854464
0.866397
0.866706
0.860131
0.864349
0.862325
0.867567
0.857224
0.863985
0.869656
0.865727
0.859313
0.873189
0.858471
0.866929
0.8565
0.857223
0.865328
0.862479
0.867072
0.862026
0.869048
0.859983
0.860439
0.861241
0.863962
0.864435
0.860045
0.855692
0.862625
0.870532
0.863482
0.866967
0.862844
0.868137
0.861342
0.865933
0.865224
0.863262
0.867507
0.856191
0.864287
0.865078
0.869898
0.869691
0.861925
0.862691
0.867423
0.866975
0.852287
0.860925
0.867162
0.860662
0.866708
0.855808
0.861533
0.859634
0.865805
0.864132
0.864381
0.857547
0.852419
0.859583
0.858801
0.860796
0.865281
0.854348
0.857533
0.860017
0.866607
0.851008
0.866784
0.860358
0.861421
0.866327
0.859471
0.869522
0.868004
0.862247
0.862931
0.865713
0.857011
0.863215
0.861877
0.870016
0.866153
0.862846
0.857288
0.862576
0.869889
0.866161
0.854636
0.862999
0.870155
0.868772
0.865941
0.864508
0.864026
0.871258
0.869829
0.861244
0.865231
0.864752
0.862788
0.862157
0.859856
0.85518
0.873649
0.866996
0.867055
0.857141
0.874818
0.86223
0.870986
0.860868
0.859098
0.870879
0.858901
0.858374
0.860088
0.875818
0.861604
0.865713
0.865794
0.862855
0.861445
0.870447
0.86139
0.862573
0.850208
0.86552
0.863972
0.858427
0.868143
0.857336
0.869742
0.864328
0.864773
0.863828
0.863581
0.864346
0.851791
0.862962
0.860393
0.859612
0.860031
0.865147
0.867068
0.871964
0.860424
0.858608
0.860665
0.858319
0.864499
0.862364
0.860887
0.865672
0.870898
0.860463
0.863242
0.868021
0.864349
0.874641
0.86046
0.86392
0.867283
0.867221
0.855828
0.869438
0.858804
0.865192
0.855866
0.868299
0.864066
0.86404
0.863089
0.868683
0.867107
0.867464
0.872535
0.858343
0.861847
0.872749
0.869803
0.863017
0.860079
0.859524
0.858275
0.859732
0.869381
0.871985
0.86234
0.866173
0.86123
0.862457
0.866105
0.866241
0.859385
0.856015
0.85427
0.858032
0.865064
0.85051
0.874695
0.865889
0.868722
0.863752
0.874452
0.859946
0.861615
0.858851
0.852039
0.865801
0.859344
0.863431
0.867934
0.86325
0.858365
0.866325
0.858928
0.861826
0.856205
0.862835
0.866965
0.859662
0.865436
0.861874
0.862422
0.857321
0.861781
0.866143
0.866995
0.860556
0.858077
0.860181
0.862484
0.863732
0.860268
0.866271
0.854372
0.86001
0.867956
0.865506
0.861331
0.860657
0.865707
0.855137
0.857583
0.866544
0.85837
0.865098
0.868965
0.863806
0.860925
0.857415
0.854451
0.858936
0.869074
0.864414
0.863767
0.86137
0.864018
0.863982
0.859723
0.873231
0.864147
0.877023
0.866229
0.862059
0.865631
0.859425
0.856662
0.866954
0.860114
0.863452
0.866118
0.862537
0.859311
0.858814
0.873521
0.864906
0.857507
0.861229
0.862204
0.868427
0.869399
0.872014
0.866561
0.866494
0.858794
0.860752
0.869774
0.864812
0.868633
0.863446
0.866694
0.852401
0.867047
0.863813
0.867966
0.866442
0.865923
0.853938
0.853809
0.854116
0.866885
0.870098
0.859954
0.859955
0.870256
0.863035
0.868185
0.858314
0.858576
0.871381
0.863031
0.866541
0.853661
0.862
0.86082
0.855425
0.857925
0.863138
0.872743
0.868426
0.852789
0.86309
0.867252
0.864712
0.871657
0.87055
0.864043
0.871367
0.859548
0.871639
0.849187
0.850041
0.868044
0.868961
0.865824
0.865996
0.866482
0.856489
0.858134
0.86282
0.870448
0.870042
0.870744
0.872307
0.870653
0.86032
0.870553
0.866627
0.862144
0.866955
0.863352
0.863257
0.863875
0.857258
0.862643
0.862776
0.857929
0.855541
0.870914
0.857113
0.863607
0.861488
0.862087
0.862942
0.861402
0.862736
0.861931
0.868648
0.870758
0.865517
0.863324
0.863573
0.866497
0.859738
0.859776
0.858803
0.861287
0.863316
0.853693
0.868888
0.865783
0.865963
0.862284
0.860708
0.864494
0.868486
0.861192
0.853039
0.852378
0.853282
0.865899
0.86524
0.855877
0.856462
0.860763
0.863711
0.864326
0.864862
0.865041
0.861741
0.86911
0.852428
0.879428
0.862576
0.861676
0.863137
0.859916
0.858555
0.859784
0.868248
0.862395
0.865732
0.865142
0.865405
0.857139
0.86429
0.857013
0.861875
0.861566
0.869313
0.85586
0.860455
0.86975
0.865876
0.859823
0.860346
0.865551
0.859719
0.86931
0.85802
0.869457
0.867621
0.859599
0.858663
0.864652
0.85174
0.861685
0.871976
0.859294
0.855218
0.855138
0.865246
0.86338
0.867317
0.860282
0.86841
0.856786
0.864253
0.866072
0.858365
0.861982
0.869457
0.85179
0.863546
0.858529
0.868805
0.872081
0.859024
0.862922
0.86275
0.867967
0.855749
0.870845
0.861652
0.866292
0.854994
0.859496
0.872559
0.863255
0.867775
0.864178
0.866305
0.865496
0.864033
0.86163
0.86047
0.851504
0.858596
0.861029
0.861017
0.861158
0.858906
0.867914
0.869495
0.860821
0.865882
0.863077
0.86708
0.864017
0.85913
0.859174
0.854133
0.868173
0.866934
0.861306
0.865137
0.864007
0.865144
0.865136
0.859796
0.871908
0.862368
0.862518
0.856325
0.864812
0.864228
0.870099
0.860351
0.86458
0.86211
0.868566
0.870259
0.866829
0.852207
0.869025
0.868379
0.870541
0.871252
0.861058
0.861462
0.861221
0.865902
0.85943
0.861072
0.857255
0.863162
0.865391
0.858696
0.862301
0.870981
0.85933
0.85733
0.870138
0.857158
0.861055
0.859419
0.860428
0.854562
0.867224
0.857635
0.860292
0.854694
0.865957
0.860074
0.868341
0.855421
0.8596
0.859707
0.8609
0.861915
0.856203
0.869037
0.863394
0.861384
0.864411
0.865627
0.863642
0.865211
0.861576
0.865706
0.860543
0.866866
0.860473
0.862837
0.869453
0.861922
0.85358
0.868188
0.853809
0.870482
0.866624
0.859911
0.859232
0.866404
0.856683
0.870337
0.854908
0.863567
0.862703
0.861342
0.860195
0.866282
0.863506
0.866246
0.860455
0.868831
0.864073
0.864094
0.870129
0.853404
0.854454
0.858003
0.8551
0.871911
0.862362
0.858089
0.865436
0.859125
0.849671
0.860978
0.856415
0.872414
0.86434
0.866514
0.858789
0.861056
0.865053
0.865742
0.874233
0.862957
0.861706
0.861104
0.863059
0.865875
0.859684
0.858389
0.858636
0.856145
0.865293
0.864187
0.867232
0.863111
0.857191
0.862262
0.868826
0.86746
0.862494
0.854568
0.862507
0.858865
0.8655
0.870939
0.863524
0.860089
0.855411
0.859565
0.874163
0.867865
0.869416
0.854455
0.869871
0.863009
0.867797
0.863546
0.861349
0.873123
0.870476
0.855571
0.873834
0.857069
0.861786
0.865793
0.869144
0.864719
0.852958
0.869161
0.860853
0.867571
0.864247
0.862815
0.863418
0.86548
0.86366
0.870122
0.865822
0.863777
0.867813
0.856701
0.8606
0.860258
0.870552
0.86059
0.873034
0.86052
0.861099
0.871113
0.863473
0.855547
0.869523
0.864961
0.860087
0.857751
0.861297
0.860997
0.866528
0.859335
0.860767
0.859566
0.871152
0.858614
0.862122
0.861488
0.861328
0.864206
0.863886
0.859812
0.865411
0.85654
0.868315
0.857935
0.868231
0.860635
0.866146
0.861536
0.870708
0.86991
0.866418
0.852927
0.858597
0.8656
0.859646
0.863061
0.87097
0.868216
0.865588
0.864826
0.870235
0.861976
0.87256
0.860895
0.858928
0.861252
0.864246
0.864754
0.860314
0.871004
0.857399
0.864308
0.869336
0.869727
0.863703
0.862998
0.861225
0.861103
0.865773
0.859964
0.872851
0.852747
0.860644
0.867693
0.86473
0.863042
0.854448
0.865368
0.859393
0.86422
0.858253
0.864898
0.863341
0.860116
0.874537
0.86055
0.859991
0.86275
0.858105
0.861122
0.864799
0.862249
0.87047
0.859931
0.865334
0.851696
0.862089
0.857272
0.859067
0.864727
0.867146
0.864445
0.863332
0.862234
0.861612
0.876286
0.866548
0.864114
0.866233
0.855638
0.869987
0.862748
0.858523
0.86354
0.874071
0.867158
0.870299
0.859631
0.85281
0.864688
0.864678
0.866678
0.857992
0.861208
0.870107
0.867425
0.864971
0.86794
0.861035
0.862391
0.856939
0.859233
0.856834
0.861685
0.863729
0.854234
0.848189
0.864247
0.85988
0.863099
0.868367
0.859607
0.868861
0.864122
0.862916
0.86224
0.867397
0.859929
0.865459
0.872447
0.856468
0.868636
0.85893
0.861268
0.859237
0.852222
0.852122
0.863717
0.864444
0.866968
0.852875
0.855427
0.863975
0.865737
0.853356
0.861794
0.863908
0.85333
0.86073
0.859096
0.861502
0.871468
0.858325
0.863641
0.862596
0.866104
0.86703
0.865855
0.86693
0.861429
0.858576
0.856741
0.86584
0.862089
0.858482
0.859417
0.865777
0.864289
0.864458
0.866499
0.863294
0.861968
0.865208
0.858942
0.867577
0.85654
0.86612
0.867688
0.86801
0.852329
0.861041
0.857354
0.852311
0.865015
0.856644
0.856374
0.85672
0.860228
0.862774
0.865214
0.867118
0.862335
0.86597
0.859673
0.86353
0.858549
0.858002
0.863316
0.868108
0.85999
0.861598
0.865183
0.867009
0.868253
0.862455
0.868852
0.862105
0.87279
0.860721
0.864178
0.864309
0.855155
0.864893
0.863041
0.862275
0.847873
0.861909
0.856662
0.870172
0.85487
0.860688
0.860465
0.863476
0.855526
0.857389
0.865795
0.856102
0.861869
0.856577
0.86491
0.853617
0.857822
0.863898
0.876216
0.867258
0.862216
0.86417
0.875772
0.861516
0.862448
0.857759
0.86925
0.867311
0.86025
0.85868
0.868472
0.860192
0.86823
0.867112
0.868505
0.854586
0.857332
0.867374
0.86288
0.865683
0.86795
0.862081
0.863903
0.85611
0.870846
0.867401
0.869587
0.865465
0.859448
0.86251
0.870789
0.865743
0.871824
0.862548
0.858028
0.869813
0.864332
0.874107
0.859789
0.859805
0.862014
0.86883
0.857591
0.867513
0.868825
0.862565
0.863286
0.863549
0.870658
0.863441
0.860786
0.862798
0.868406
0.857466
0.864408
0.864893
0.848712
0.857868
0.863482
0.866837
0.870542
0.862821
0.856944
0.8697
0.859258
0.865479
0.858209
0.873704
0.875949
0.86599
0.855102
0.869725
0.859118
0.858631
0.859747
0.875153
0.866052
0.860508
0.859472
0.867598
0.862179
0.86632
0.86264
0.867822
0.857432
0.859773
0.853298
0.865168
0.86695
0.866553
0.851733
0.857508
0.862659
0.858269
0.86155
0.875743
0.861519
0.870484
0.861665
0.856435
0.869703
0.854282
0.856203
0.859975
0.86125
0.858596
0.86296
0.86432
0.862298
0.859945
0.852282
0.860578
0.869437
0.862578
0.866106
0.863555
0.862517
0.858772
0.862451
0.858745
0.864564
0.861369
0.862067
0.865373
0.861189
0.862394
0.865023
0.865709
0.862372
0.856103
0.862784
0.871776
0.855774
0.862128
0.859748
0.871373
0.852601
0.860362
0.867859
0.861928
0.859212
0.866083
0.863401
0.86406
0.851645
0.859948
0.855572
0.85834
0.861804
0.865157
0.862787
0.858302
0.859717
0.859235
0.871845
0.855206
0.864492
0.858025
0.860556
0.867584
0.863705
0.859751
0.866972
0.857922
0.858364
0.856471
0.863627
0.861927
0.856735
0.863131
0.863162
0.857338
0.863648
0.865634
0.866327
0.861916
0.857877
0.859132
0.851498
0.86953
0.859486
0.858468
0.855885
0.861244
0.860922
0.862856
0.870688
0.863359
0.872791
0.861054
0.873147
0.863411
0.85362
0.855885
0.866712
0.865212
0.856949
0.857922
0.86358
0.854877
0.859882
0.862721
0.858369
0.856565
0.864314
0.864467
0.864556
0.872193
0.864252
0.865921
0.862506
0.862505
0.866239
0.863853
0.856568
0.860312
0.861324
0.853421
0.860714
0.869854
0.855598
0.861931
0.859208
0.862646
0.863328
0.855536
0.858838
0.861966
0.864755
0.857451
0.8707
0.85848
0.853044
0.868869
0.851592
0.868005
0.862558
0.862983
0.863598
0.867004
0.860197
0.860955
0.864353
0.866566
0.855174
0.854141
0.862749
0.861976
0.870155
0.866344
0.853381
0.861851
0.856618
0.862086
0.858145
0.865659
0.856901
0.864329
0.856237
0.854962
0.851261
0.857791
0.858329
0.869505
0.868261
0.868706
0.876468
0.862386
0.862042
0.86139
0.869397
0.859156
0.86346
0.861126
0.869216
0.865281
0.871705
0.870793
0.869606
0.857898
0.864201
0.865152
0.856918
0.860741
0.866594
0.857841
0.8658
0.856458
0.858369
0.861804
0.86495
0.866194
0.858396
0.859937
0.863067
0.856328
0.866091
0.864955
0.857872
0.864329
0.864124
0.862151
0.851965
0.860575
0.856671
0.871707
0.867509
0.858509
0.859996
0.868966
0.863872
0.865639
0.856281
0.859098
0.857446
0.856115
0.865908
0.857183
0.859926
0.861588
0.862273
0.85688
0.865985
0.86956
0.864152
0.867089
0.861147
0.866069
0.868622
0.862012
0.867987
0.853555
0.867862
0.860243
0.863692
0.858336
0.857452
0.860775
0.864795
0.854929
0.855829
0.86197
0.857727
0.863502
0.864052
0.868959
0.866883
0.867017
0.864651
0.857187
0.865286
0.862685
0.871759
0.861298
0.861589
0.854851
0.860194
0.865572
0.852113
0.863752
0.871068
0.861306
0.8646
0.863304
0.858656
0.862001
0.863034
0.863653
0.861601
0.863904
0.860306
0.8608
0.868101
0.859221
0.857728
0.866094
0.869239
0.865656
0.863467
0.868864
0.861361
0.871978
0.864327
0.865718
0.865548
0.864835
0.861571
0.862019
0.860465
0.86615
0.857285
0.868112
0.868301
0.855184
0.86905
0.854737
0.856749
0.859159
0.857714
0.869452
0.866605
0.857857
0.861024
0.869529
0.863436
0.864966
0.869822
0.868313
0.86396
0.856682
0.863998
0.873402
0.865442
0.859384
0.862586
0.860991
0.88069
0.854541
0.869283
0.869875
0.861912
0.864311
0.863945
0.860774
0.861257
0.868889
0.86367
0.854409
0.855845
0.860617
0.856844
0.870217
0.861226
0.857206
0.857308
0.862738
0.858762
0.862876
0.862181
0.864053
0.86166
0.870876
0.868952
0.87277
0.866342
0.862913
0.866014
0.869454
0.861899
0.866051
0.85379
0.862865
0.869498
0.86173
0.863336
0.870361
0.862728
0.871227
0.867079
0.870599
0.868952
0.86407
0.859445
0.873042
0.860175
0.866697
0.860033
0.869058
0.86879
0.861016
0.869953
0.863197
0.873902
0.86607
0.85465
0.87323
0.863511
0.865299
0.863479
0.864374
0.864187
0.861955
0.864388
0.85539
0.863339
0.867262
0.863506
0.86385
0.868706
0.869838
0.86627
0.856938
0.862653
0.858588
0.860677
0.856151
0.854198
0.866466
0.864665
0.865658
0.872982
0.853958
0.861183
0.870795
0.8576
0.868616
0.865495
0.864575
0.858742
0.864041
0.863548
0.859473
0.861359
0.865844
0.861274
0.867682
0.862731
0.869282
0.864119
0.856674
0.864316
0.86409
0.868318
0.866675
0.864739
0.857508
0.867021
0.863413
0.85864
0.865195
0.855926
0.861073
0.860845
0.860466
0.859329
0.866517
0.86144
0.866934
0.8594
0.857718
0.852327
0.860968
0.862013
0.865547
0.859918
0.857141
0.871674
0.868736
0.863871
0.860637
0.863095
0.860365
0.857879
0.859896
0.85889
0.868502
0.866932
0.861093
0.856352
0.869435
0.861334
0.856657
0.860544
0.861879
0.869502
0.86552
0.863362
0.85462
0.861478
0.862338
0.875232
0.8627
0.856006
0.86319
0.865489
0.860128
0.860127
0.855308
0.854522
0.860545
0.864938
0.867193
0.865774
0.860015
0.867537
0.862926
0.869913
0.864347
0.849033
0.86518
0.864396
0.860642
0.857426
0.861221
0.866309
0.867487
0.869537
0.856425
0.861674
0.854739
0.871662
0.868387
0.868536
0.856906
0.857738
0.866862
0.862582
0.86055
0.872314
0.864708
0.857348
0.867051
0.855907
0.865022
0.857557
0.862134
0.866406
0.857624
0.863013
0.861192
0.858799
0.861965
0.859526
0.861572
0.867284
0.861098
0.861263
0.870651
0.866297
0.858764
0.864162
0.867754
0.858204
0.867327
0.866746
0.869352
0.8633
0.862586
0.862644
0.868833
0.853827
0.863055
0.865699
0.858598
0.86598
0.860648
0.858574
0.854572
0.870288
0.862907
0.869144
0.860356
0.850843
0.867579
0.857717
0.862528
0.868672
0.872474
0.859662
0.856504
0.866627
0.854352
0.860198
0.854861
0.857735
0.868826
0.863021
0.862388
0.852264
0.85835
0.859645
0.871135
0.86283
0.864763
0.866931
0.865244
0.859886
0.867856
0.853499
0.864449
0.861906
0.862546
0.863506
0.851552
0.866831
0.858169
0.859441
0.866618
0.857181
0.862608
0.856104
0.870039
0.860672
0.863364
0.86336
0.856391
0.859169
0.86049
0.863408
0.864953
0.858686
0.864904
0.849896
0.855473
0.862209
0.862656
0.870499
0.866426
0.864211
0.861333
0.860631
0.856438
0.865022
0.857152
0.872108
0.862437
0.860213
0.861472
0.86456
0.855692
0.866381
0.869908
0.859151
0.865396
0.856977
0.855523
0.865304
0.862399
0.847705
0.856668
0.86135
0.866142
0.857839
0.867233
0.856492
0.865144
0.861294
0.866246
0.85795
0.86073
0.859187
0.854867
0.857351
0.852183
0.865036
0.860166
0.863995
0.860591
0.864073
0.860737
0.856289
0.865628
0.862515
0.862156
0.863015
0.858904
0.861016
0.868238
0.86155
0.86304
0.858064
0.856208
0.854699
0.87671
0.860441
0.864385
0.861626
0.865244
0.871937
0.85333
0.857553
0.866587
0.861757
0.856746
0.860988
0.867285
0.863674
0.862788
0.857541
0.861368
0.861273
0.857308
0.859815
0.861897
0.858913
0.865115
0.865779
0.86015
0.863836
0.868303
0.868108
0.855459
0.875496
0.856199
0.849319
0.870419
0.879367
0.865836
0.867949
0.864834
0.856196
0.872285
0.872487
0.865025
0.869864
0.865809
0.8644
0.868612
0.859564
0.860698
0.861687
0.864711
0.857411
0.857196
0.860347
0.862358
0.865081
0.856059
0.86019
0.85913
0.869099
0.859178
0.852873
0.861088
0.862213
0.858351
0.859706
0.862443
0.860719
0.859498
0.871684
0.85685
0.86611
0.869951
0.859571
0.860159
0.86753
0.859381
0.858602
0.86043
0.870295
0.864433
0.856614
0.866177
0.869002
0.859451
0.869747
0.858995
0.856271
0.861842
0.861576
0.851879
0.863384
0.859052
0.868926
0.864431
0.85808
0.853066
0.86036
0.864973
0.867053
0.868335
0.862624
0.872197
0.861923
0.872589
0.864025
0.860146
0.861131
0.858168
0.856636
0.863706
0.861774
0.864774
0.858647
0.864313
0.864453
0.87181
0.870264
0.866616
0.854965
0.869377
0.86304
0.855113
0.861381
0.862828
0.872058
0.863302
0.868661
0.864421
0.864504
0.858896
0.865363
0.868414
0.857521
0.864372
0.855669
0.870907
0.861084
0.86964
0.857398
0.864373
0.862701
0.862262
0.867209
0.85845
0.861486
0.856483
0.86723
0.855607
0.857783
0.86175
0.871579
0.849386
0.872175
0.8543
0.865715
0.869759
0.859378
0.85509
0.868542
0.871251
0.854523
0.864091
0.859043
0.8581
0.857905
0.865499
0.862791
0.870962
0.860485
0.873966
0.863698
0.861459
0.862444
0.863995
0.868054
0.862655
0.872576
0.864269
0.858566
0.85571
0.866432
0.868335
0.858348
0.867296
0.864396
0.863575
0.861543
0.859068
0.871673
0.862145
0.860838
0.864673
0.86375
0.859665
0.876942
0.874525
0.864323
0.861518
0.86084
0.863673
0.86163
0.865615
0.860711
0.87037
0.865149
0.86056
0.862674
0.86245
0.8637
0.861949
0.866064
0.865995
0.859541
0.863529
0.859635
0.860367
0.86546
0.871426
0.850872
0.868049
0.8568
0.861277
0.858248
0.874195
0.861476
0.855075
0.856167
0.855234
0.860683
0.860517
0.86747
0.860324
0.859529
0.856638
0.864501
0.858745
0.857062
0.860204
0.864679
0.863489
0.868205
0.856911
0.864402
0.864403
0.851844
0.851145
0.867393
0.870537
0.854059
0.870059
0.863898
0.859208
0.867431
0.860008
0.87099
0.858248
0.866585
0.861643
0.857865
0.868719
0.866394
0.855798
0.86559
0.868143
0.869738
0.869866
0.859959
0.866832
0.864388
0.858771
0.86142
0.856608
0.864062
0.869868
0.858285
0.85582
0.86607
0.856845
0.863526
0.868083
0.861845
0.86464
0.866903
0.864942
0.848942
0.861397
0.86703
0.865914
0.859516
0.869241
0.859022
0.856873
0.869969
0.871432
0.867886
0.859807
0.864783
0.85842
0.869779
0.856681
0.864555
0.865567
0.871295
0.864592
0.865514
0.858327
0.863384
0.859161
0.868039
0.860814
0.865686
0.867301
0.869464
0.864361
0.852951
0.853354
0.8623
0.87195
0.854864
0.866137
0.860421
0.860267
0.865927
0.852658
0.864652
0.861706
0.854297
0.871268
0.863225
0.863818
0.867174
0.859045
0.864152
0.868873
0.864937
0.860618
0.862889
0.864193
0.855697
0.859879
0.864352
0.86552
0.86716
0.854555
0.861681
0.864848
0.870466
0.858785
0.868339
0.858672
0.869414
0.865395
0.86783
0.862081
0.862634
0.864078
0.859179
0.865682
0.862199
0.869008
0.858652
0.858599
0.857396
0.862226
0.870546
0.867232
0.851894
0.86623
0.866506
0.864508
0.860753
0.872836
0.871998
0.863418
0.870101
0.860722
0.866556
0.865545
0.857329
0.867147
0.858276
0.860363
0.868153
0.859005
0.858275
0.861799
0.865655
0.860126
0.861057
0.86967
0.863504
0.864965
0.867219
0.865263
0.85827
0.868297
0.856081
0.861087
0.85875
0.862692
0.860521
0.865796
0.86391
0.864049
0.86877
0.872665
0.871339
0.8646
0.86604
0.852806
0.864692
0.867997
0.863718
0.86631
0.861252
0.859265
0.860591
0.850661
0.853136
0.874727
0.87004
0.862572
0.863014
0.858465
0.858554
0.861701
0.857856
0.852216
0.862471
0.852723
0.866701
0.86873
0.857687
0.868871
0.86296
0.857538
0.862848
0.869875
0.865087
0.862746
0.864719
0.866564
0.856462
0.858017
0.862022
0.858361
0.860726
0.861521
0.867084
0.858072
0.860088
0.858385
0.868462
0.867623
0.869089
0.861517
0.864337
0.869805
0.86031
0.867646
0.871839
0.860218
0.867015
0.867153
0.864476
0.860319
0.857538
0.861765
0.860379
0.868814
0.86386
0.857164
0.872304
0.859467
0.862626
0.865747
0.85883
0.854389
0.86182
0.863577
0.872682
0.869653
0.862684
0.864309
0.863862
0.859783
0.858881
0.86508
0.881109
0.860702
0.862469
0.868184
0.868873
0.868902
0.869429
0.864185
0.869543
0.861103
0.867108
0.870766
0.864923
0.856609
0.855221
0.86735
0.863339
0.854544
0.868093
0.86072
0.868293
0.859088
0.860395
0.87033
0.858484
0.8616
0.870614
0.861535
0.864402
0.87166
0.868347
0.864965
0.860763
0.863594
0.859634
0.869093
0.85228
0.863435
0.866153
0.868234
0.854247
0.867856
0.871241
0.85515
0.860863
0.867597
0.8629
0.856492
0.86372
0.86662
0.864855
0.853321
0.850494
0.866629
0.856311
0.859096
0.859769
0.861438
0.864141
0.865699
0.863117
0.861289
0.866377
0.863471
0.861307
0.867243
0.863972
0.862071
0.860058
0.850117
0.865178
0.869897
0.85917
0.851618
0.858226
0.860992
0.865078
0.873342
0.862169
0.861412
0.86621
0.861587
0.863891
0.876085
0.865979
0.874706
0.866854
0.854406
0.869058
0.87138
0.860175
0.862687
0.855469
0.860247
0.863371
0.859953
0.861479
0.853778
0.860419
0.853485
0.862116
0.869458
0.872374
0.862198
0.861213
0.869784
0.866084
0.862391
0.865718
0.855685
0.862566
0.861398
0.859874
0.868717
0.865847
0.871463
0.86222
0.865101
0.860003
0.861311
0.863796
0.867628
0.855031
0.853829
0.860759
0.863298
0.863701
0.863042
0.862557
0.852249
0.870019
0.860689
0.866323
0.871279
0.865867
0.856756
0.867398
0.869372
0.850098
0.862504
0.862479
0.858521
0.862001
0.865381
0.866815
0.860871
0.863848
0.865548
0.868362
0.855672
0.864228
0.871898
0.866455
0.861836
0.862936
0.870118
0.860407
0.85314
0.862502
0.871546
0.866219
0.864577
0.85428
0.86638
0.859978
0.857368
0.85962
0.861176
0.862874
0.859423
0.864901
0.865919
0.861164
0.865924
0.873417
0.859008
0.872284
0.863036
0.863005
0.858163
0.867338
0.864405
0.85653
0.862125
0.857038
0.857708
0.863848
0.856432
0.858843
0.868434
0.863959
0.865021
0.859131
0.861471
0.861821
0.852372
0.857831
0.866033
0.849155
0.860419
0.866511
0.868413
0.859703
0.868291
0.858659
0.868535
0.868825
0.865348
0.85865
0.862977
0.862816
0.856234
0.859833
0.869762
0.864804
0.857699
0.864344
0.867245
0.867332
0.858471
0.866226
0.852747
0.870998
0.857726
0.868386
0.858392
0.861856
0.866164
0.863085
0.864154
0.857258
0.861804
0.860018
0.863647
0.866936
0.867843
0.869737
0.85518
0.852649
0.855409
0.852781
0.858305
0.864879
0.857276
0.864923
0.867327
0.859197
0.858428
0.861019
0.861024
0.858175
0.860589
0.865061
0.867943
0.860876
0.858216
0.87458
0.860983
0.875642
0.85499
0.86568
0.86613
0.859737
0.860327
0.859043
0.872945
0.863952
0.86848
0.871094
0.856626
0.864116
0.86817
0.864698
0.863932
0.86897
0.860136
0.866101
0.863634
0.866075
0.867508
0.867363
0.859278
0.863298
0.860288
0.861182
0.862747
0.867374
0.859272
0.859904
0.862968
0.863183
0.866535
0.870335
0.862117
0.862057
0.862095
0.856194
0.868377
0.852405
0.866486
0.862925
0.857317
0.857182
0.857809
0.858625
0.865811
0.860056
0.877513
0.861549
0.857204
0.860093
0.860926
0.866564
0.866383
0.869665
0.864923
0.866122
0.865881
0.862028
0.853791
0.86166
0.862889
0.853513
0.861633
0.854998
0.856137
0.853662
0.858243
0.861211
0.861886
0.860999
0.856278
0.863789
0.868209
0.861389
0.865978
0.867326
0.856112
0.870302
0.861504
0.861429
0.867595
0.870235
0.865145
0.864317
0.85969
0.864171
0.86114
0.859332
0.862846
0.863806
0.861259
0.865313
0.858758
0.864607
0.873983
0.862776
0.85964
0.863811
0.868306
0.865524
0.85575
0.864388
0.861048
0.861339
0.863854
0.848136
0.858111
0.858607
0.861908
0.858239
0.867175
0.862752
0.864789
0.858714
0.863498
0.864727
0.873456
0.86154
0.861895
0.860528
0.862582
0.869161
0.858346
0.859433
0.866517
0.867221
0.864842
0.858105
0.869965
0.856912
0.858985
0.874418
0.8667
0.871665
0.859779
0.857551
0.867112
0.861959
0.868801
0.85328
0.855428
0.865708
0.866399
0.865398
0.856101
0.867745
0.866286
0.865492
0.86292
0.866495
0.86297
0.862545
0.863846
0.856472
0.868198
0.857038
0.860552
0.863478
0.853744
0.864426
0.850553
0.870763
0.867007
0.863095
0.861994
0.863961
0.862141
0.861406
0.860094
0.864708
0.862471
0.850762
0.854342
0.858556
0.857514
0.870479
0.858156
0.85432
0.865914
0.862768
0.862975
0.861101
0.862271
0.860151
0.860369
0.866355
0.861184
0.871757
0.863431
0.863051
0.861455
0.86427
0.869492
0.850376
0.863229
0.859096
0.873996
0.86338
0.859489
0.859856
0.855519
0.859767
0.863928
0.857042
0.86417
0.867629
0.856207
0.862701
0.858592
0.862708
0.86623
0.860957
0.866803
0.854149
0.854354
0.860703
0.869693
0.854211
0.865699
0.86268
0.86101
0.857576
0.85348
0.863994
0.856928
0.866736
0.860445
0.85531
0.864311
0.865021
0.85607
0.860935
0.85807
0.862961
0.872645
0.861847
0.86686
0.864298
0.86174
0.867309
0.865774
0.858247
0.864299
0.859574
0.872111
0.86366
0.860685
0.856718
0.857431
0.858105
0.8569
0.861283
0.860146
0.860743
0.872199
0.861197
0.86015
0.868018
0.866116
0.864506
0.866919
0.862378
0.868632
0.867626
0.871475
0.860767
0.865558
0.848517
0.866289
0.857547
0.855012
0.86885
0.869698
0.863734
0.866432
0.859314
0.864785
0.864883
0.867141
0.862034
0.866645
0.870418
0.869017
0.860091
0.861339
0.867033
0.873015
0.864647
0.857509
0.859895
0.859028
0.861942
0.863749
0.857785
0.861547
0.868009
0.863437
0.862713
0.852726
0.861406
0.868269
0.866638
0.865214
0.862508
0.860426
0.854295
0.858722
0.852237
0.855824
0.853621
0.866005
0.855324
0.865863
0.8646
0.853529
0.871491
0.86387
0.868586
0.851243
0.864477
0.866149
0.856929
0.865204
0.864619
0.857318
0.855432
0.868775
0.859616
0.862709
0.867781
0.867205
0.861469
0.856165
0.868365
0.864973
0.873221
0.867962
0.859458
0.865334
0.858437
0.858283
0.864034
0.857437
0.867725
0.853078
0.865298
0.854735
0.861512
0.860171
0.854226
0.861016
0.865752
0.866599
0.857731
0.864127
0.863573
0.86318
0.855699
0.867743
0.861788
0.86414
0.858968
0.865499
0.863848
0.869554
0.868335
0.86266
0.861661
0.86871
0.863726
0.859304
0.863465
0.870099
0.871939
0.86773
0.859289
0.858211
0.857702
0.855715
0.857421
0.862938
0.86198
0.863206
0.866988
0.869052
0.863332
0.871334
0.859956
0.863705
0.860766
0.86956
0.859682
0.866618
0.858679
0.861294
0.861105
0.86653
0.870507
0.863698
0.869007
0.852239
0.859138
0.86429
0.867775
0.86886
0.870309
0.859942
0.871057
0.853811
0.872113
0.853841
0.862405
0.859958
0.863757
0.865369
0.856951
0.862042
0.861325
0.866928
0.859983
0.859039
0.8594
0.857162
0.866171
0.854639
0.867002
0.869613
0.856474
0.863838
0.862266
0.86736
0.866203
0.867227
0.8538
0.871077
0.854311
0.85495
0.856828
0.857443
0.861277
0.868588
0.871018
0.859979
0.861512
0.86403
0.858311
0.863464
0.857226
0.864342
0.865266
0.863924
0.866902
0.855515
0.861776
0.865944
0.863219
0.855356
0.855691
0.864737
0.870079
0.863217
0.855842
0.85924
0.864729
0.861871
0.860389
0.870292
0.857759
0.873171
0.859399
0.858698
0.851563
0.864335
0.860127
0.854915
0.859249
0.862363
0.862343
0.863322
0.863077
0.871465
0.860766
0.862997
0.863677
0.869051
0.865377
0.857943
0.866203
0.861136
0.873628
0.859763
0.85449
0.862282
0.85988
0.862041
0.861099
0.869924
0.864608
0.867411
0.859924
0.867872
0.866915
0.867074
0.860247
0.857773
0.857099
0.858881
0.864604
0.864601
0.859415
0.862836
0.859576
0.870955
0.862472
0.864662
0.860999
0.857601
0.866514
0.870083
0.87151
0.868127
0.860925
0.870085
0.867446
0.854898
0.860457
0.859671
0.861716
0.866315
0.868749
0.86112
0.865
0.866627
0.861857
0.861456
0.865366
0.863477
0.865539
0.853741
0.859584
0.860004
0.870271
0.860103
0.86941
0.868626
0.858215
0.868461
0.858943
0.862079
0.861932
0.859564
0.85695
0.858867
0.869487
0.85311
0.865401
0.855196
0.860907
0.858402
0.859078
0.855317
0.852072
0.854641
0.854814
0.861321
0.862955
0.861777
0.868557
0.863364
0.866977
0.865212
0.859051
0.850949
0.866073
0.854524
0.860999
0.864309
0.859016
0.86109
0.867016
0.856009
0.851902
0.869643
0.872281
0.864062
0.863214
0.863591
0.863944
0.858799
0.87321
0.869586
0.8566
0.861243
0.86561
0.855034
0.871461
0.869248
0.856966
0.85683
0.862074
0.859697
0.859644
0.870358
0.86518
0.862901
0.874184
0.855935
0.87224
0.857007
0.87308
0.856381
0.865999
0.867643
0.865301
0.863107
0.859203
0.857544
0.865575
0.852938
0.860719
0.862893
0.866287
0.861343
0.861042
0.871219
0.867481
0.869139
0.864159
0.857919
0.862787
0.856593
0.863012
0.860819
0.856861
0.859652
0.857484
0.864841
0.864213
0.858417
0.860562
0.858674
0.867429
0.86457
0.861084
0.857929
0.856778
0.859878
0.866876
0.865665
0.861916
0.851458
0.857379
0.859093
0.867665
0.857508
0.859459
0.863318
0.863044
0.862979
0.866971
0.865737
0.860725
0.857043
0.867598
0.863522
0.867118
0.860486
0.858127
0.858858
0.870369
0.865931
0.863644
0.865219
0.862547
0.852909
0.856621
0.872821
0.864285
0.865559
0.86409
0.863961
0.862504
0.87102
0.859756
0.856079
0.861359
0.860116
0.865252
0.872539
0.861792
0.858657
0.86313
0.865107
0.866014
0.856592
0.843335
0.858046
0.871896
0.862961
0.86139
0.857284
0.861381
0.864227
0.865204
0.861168
0.856318
0.872344
0.868021
0.869025
0.858978
0.864928
0.866512
0.861183
0.87052
0.85129
0.863495
0.858887
0.863165
0.851259
0.855591
0.857837
0.865596
0.871165
0.858841
0.865947
0.86279
0.860411
0.869306
0.868566
0.856107
0.867029
0.869107
0.858079
0.858456
0.864987
0.862764
0.864859
0.862718
0.851756
0.862641
0.865755
0.854515
0.864557
0.868879
0.865801
0.865512
0.869887
0.852457
0.873473
0.862971
0.859333
0.868919
0.870578
0.854318
0.863152
0.855054
0.856139
0.861553
0.858344
0.856047
0.852171
0.854747
0.866708
0.858022
0.86081
0.870156
0.866492
0.859971
0.861853
0.860825
0.867421
0.856136
0.858336
0.866758
0.856839
0.859372
0.857616
0.866452
0.86258
0.861353
0.870534
0.855035
0.862162
0.86223
0.861557
0.860662
0.861545
0.854707
0.852178
0.860207
0.867457
0.852973
0.853091
0.861679
0.867901
0.85167
0.865745
0.864318
0.870272
0.869382
0.863324
0.855608
0.86511
0.871211
0.858687
0.860953
0.862159
0.867498
0.862048
0.859402
0.862387
0.858145
0.860872
0.857059
0.864044
0.867311
0.865794
0.862789
0.862475
0.866805
0.865901
0.856564
0.858789
0.859857
0.859989
0.861998
0.86183
0.870813
0.867698
0.864434
0.863194
0.860272
0.858368
0.858562
0.867334
0.860284
0.860472
0.850503
0.860249
0.86288
0.872118
0.856535
0.86591
0.866353
0.861174
0.864051
0.857754
0.859166
0.870361
0.855421
0.856478
0.867852
0.861897
0.866633
0.865242
0.87229
0.859901
0.860702
0.850316
0.861467
0.861513
0.865197
0.867051
0.869345
0.858046
0.862398
0.856892
0.862016
0.866356
0.862275
0.865272
0.85956
0.863997
0.863985
0.860665
0.866677
0.869181
0.863188
0.864153
0.859763
0.864932
0.862107
0.859855
0.857377
0.865263
0.865409
0.864756
0.860349
0.863673
0.861436
0.859621
0.864149
0.859639
0.86422
0.862804
0.859617
0.8641
0.862643
0.859997
0.86387
0.862265
0.864139
0.869207
0.871438
0.864028
0.859846
0.85974
0.866294
0.868696
0.862423
0.860903
0.861662
0.861682
0.863906
0.857028
0.863794
0.85971
0.869054
0.862084
0.87408
0.859954
0.866491
0.864534
0.863434
0.856519
0.869702
0.857316
0.862638
0.864645
0.872424
0.862915
0.86612
0.86388
0.863859
0.868103
0.86128
0.853983
0.868558
0.857485
0.859932
0.862552
0.862226
0.862136
0.858681
0.868918
0.859245
0.860259
0.85947
0.866836
0.872861
0.859283
0.860014
0.864807
0.864008
0.863284
0.869904
0.861627
0.858889
0.864513
0.864712
0.866535
0.86466
0.863401
0.859541
0.86801
0.851367
0.858886
0.876674
0.852344
0.866381
0.85473
0.855632
0.863919
0.85775
0.864084
0.865171
0.867852
0.868874
0.861651
0.865482
0.863887
0.860636
0.86008
0.865328
0.854789
0.85944
0.869247
0.863323
0.85887
0.865364
0.856054
0.859318
0.866029
0.861437
0.861283
0.860946
0.862052
0.854577
0.86592
0.864733
0.865853
0.860826
0.862915
0.874618
0.86482
0.869251
0.862558
0.871052
0.864537
0.851298
0.860449
0.861708
0.863186
0.863357
0.870887
0.86736
0.861371
0.861759
0.863217
0.856509
0.865761
0.861752
0.871365
0.860569
0.860507
0.861282
0.864776
0.865126
0.865553
0.862113
0.858917
0.859543
0.859373
0.864537
0.87069
0.85819
0.859645
0.85986
0.859548
0.869186
0.869508
0.86024
0.862272
0.869996
0.867351
0.860067
0.866372
0.859635
0.863819
0.865535
0.865644
0.858002
0.862444
0.864195
0.871211
0.854591
0.861452
0.865624
0.862876
0.864907
0.868418
0.863575
0.861725
0.858521
0.86538
0.863442
0.860214
0.861258
0.858396
0.864304
0.866772
0.858151
0.862451
0.866271
0.863114
0.872704
0.866084
0.859328
0.87495
0.862981
0.853033
0.855714
0.871449
0.870337
0.862956
0.868948
0.858384
0.866189
0.864304
0.856586
0.869111
0.866162
0.866586
0.858405
0.860088
0.862277
0.861795
0.861057
0.853422
0.860028
0.866007
0.865652
0.86873
0.868254
0.855956
0.861195
0.866084
0.861948
0.862665
0.869272
0.868382
0.864464
0.854217
0.860172
0.861465
0.865439
0.855959
0.854005
0.849855
0.866668
0.87054
0.870478
0.854575
0.865526
0.859191
0.872432
0.869627
0.862508
0.868483
0.86371
0.864289
0.868288
0.865787
0.865674
0.855376
0.852426
0.864288
0.864927
0.859924
0.865471
0.857173
0.867923
0.853884
0.864371
0.874395
0.863066
0.867904
0.862145
0.86121
0.85341
0.863946
0.864432
0.86159
0.859537
0.852002
0.866877
0.865506
0.859125
0.872048
0.858688
0.866796
0.856577
0.85731
0.867256
0.869186
0.85916
0.862327
0.86481
0.855326
0.863072
0.852539
0.87044
0.865355
0.854039
0.859351
0.868386
0.862853
0.85449
0.85509
0.865892
0.858214
0.868297
0.846276
0.864994
0.859665
0.858536
0.858289
0.864572
0.857062
0.863135
0.865371
0.867979
0.864981
0.86416
0.865044
0.863022
0.852458
0.870604
0.869833
0.86235
0.866415
0.861445
0.863151
0.860343
0.863493
0.865943
0.859072
0.862023
0.866942
0.871571
0.862662
0.854933
0.872081
0.855069
0.85859
0.861606
0.857983
0.86671
0.864506
0.8624
0.858766
0.856151
0.868322
0.859163
0.862067
0.858971
0.851402
0.856816
0.860984
0.8556
0.863376
0.865449
0.871157
0.863966
0.868389
0.869915
0.875041
0.860818
0.863606
0.859437
0.858734
0.860178
0.869223
0.85388
0.862688
0.858061
0.86726
0.860669
0.859845
0.854525
0.858884
0.858718
0.865746
0.862969
0.868132
0.867815
0.859329
0.863178
0.865387
0.849509
0.853956
0.853411
0.858643
0.861783
0.856952
0.862168
0.861731
0.871121
0.871427
0.859575
0.85782
0.863731
0.871584
0.865359
0.868957
0.851464
0.863829
0.863576
0.864387
0.867141
0.855632
0.86099
0.864142
0.864453
0.866014
0.852871
0.861514
0.872095
0.86201
0.860122
0.867348
0.859711
0.864904
0.862249
0.859736
0.859056
0.87289
0.865333
0.85765
0.868174
0.868784
0.863879
0.862237
0.859138
0.859198
0.85885
0.867869
0.857602
0.868401
0.860965
0.86271
0.856485
0.864335
0.862347
0.861558
0.859954
0.865085
0.859493
0.864291
0.862959
0.855146
0.849872
0.854156
0.863184
0.86068
0.873694
0.86225
0.864777
0.864967
0.863644
0.861673
0.858494
0.862362
0.862506
0.860753
0.86807
0.8676
0.858212
0.866443
0.86347
0.862455
0.86094
0.865727
0.861188
0.858488
0.86695
0.865054
0.862855
0.864422
0.857555
0.863216
0.864916
0.854769
0.85759
0.862916
0.86737
0.866042
0.865641
0.863345
0.865174
0.862986
0.867804
0.855854
0.871545
0.856924
0.86621
0.856983
0.856871
0.862254
0.859971
0.867331
0.86161
0.859993
0.852759
0.858147
0.852987
0.868041
0.869171
0.86226
0.856469
0.868536
0.871706
0.862575
0.850389
0.868088
0.857117
0.859944
0.865102
0.867443
0.860761
0.86554
0.863843
0.860855
0.862144
0.8579
0.85393
0.851479
0.869453
0.855658
0.856728
0.85814
0.860383
0.866265
0.865014
0.870262
0.87061
0.862169
0.861108
0.8493
0.856853
0.858582
0.860987
0.867798
0.859883
0.859023
0.853588
0.855821
0.859194
0.865084
0.863763
0.85959
0.865275
0.856661
0.867094
0.861203
0.863813
0.863791
0.864561
0.864398
0.856586
0.866129
0.84915
0.85731
0.861003
0.863045
0.859728
0.867627
0.867559
0.868487
0.870608
0.859821
0.864672
0.853593
0.86241
0.862138
0.863834
0.866898
0.861306
0.859466
0.870177
0.863084
0.862082
0.859318
0.853717
0.856021
0.866827
0.859631
0.856741
0.855104
0.864233
0.850816
0.857872
0.851594
0.869555
0.851326
0.855657
0.85943
0.862611
0.863212
0.856169
0.860639
0.860058
0.865646
0.865745
0.870084
0.859484
0.861614
0.866895
0.865855
0.852197
0.864443
0.868223
0.866141
0.85949
0.867354
0.875578
0.866384
0.851984
0.861582
0.863595
0.871466
0.860955
0.875092
0.860455
0.862287
0.868273
0.857339
0.866307
0.866143
0.859236
0.865739
0.863521
0.855612
0.865044
0.863004
0.859412
0.862391
0.857911
0.868541
0.872895
0.85948
0.863391
0.867001
0.863531
0.865997
0.856873
0.875222
0.86671
0.863664
0.868522
0.853624
0.859997
0.86065
0.867522
0.863339
0.864081
0.85798
0.863748
0.86122
0.868636
0.862067
0.862039
0.865659
0.863104
0.865655
0.863597
0.868268
0.859922
0.865732
0.865391
0.866427
0.870683
0.864454
0.860396
0.865769
0.859964
0.857054
0.850563
0.864116
0.862168
0.866534
0.863696
0.873299
0.866279
0.862322
0.854289
0.862124
0.862299
0.861521
0.858993
0.853903
0.869843
0.865746
0.862
0.859626
0.861694
0.85831
0.867048
0.859934
0.867184
0.857659
0.870867
0.862388
0.868898
0.865631
0.863705
0.862156
0.863683
0.860838
0.866024
0.861224
0.858188
0.853275
0.868274
0.86963
0.860905
0.863881
0.856077
0.864447
0.855522
0.865614
0.865121
0.868134
0.867437
0.86367
0.863067
0.864497
0.865427
0.863101
0.871695
0.865252
0.861607
0.870854
0.857576
0.847733
0.866087
0.861685
0.857759
0.869225
0.863152
0.854148
0.860171
0.862239
0.868339
0.870632
0.861506
0.86959
0.855011
0.859885
0.86439
0.868053
0.863562
0.859012
0.859546
0.867258
0.860249
0.857851
0.855335
0.85503
0.861
0.86035
0.862565
0.870034
0.864722
0.862814
0.85573
0.857608
0.868348
0.869669
0.866821
0.875949
0.862293
0.864311
0.85669
0.856827
0.862471
0.859313
0.857502
0.865556
0.863327
0.851657
0.861982
0.859311
0.85632
0.868728
0.857607
0.850514
0.862123
0.869795
0.861407
0.859344
0.860917
0.862545
0.868374
0.854735
0.862203
0.862085
0.855258
0.854975
0.862701
0.861557
0.861082
0.875443
0.858754
0.868173
0.855256
0.858098
0.875947
0.853755
0.850445
0.864901
0.858857
0.860673
0.867488
0.861832
0.864828
0.863174
0.873168
0.866128
0.857315
0.858676
0.859786
0.862057
0.861011
0.860415
0.863453
0.866601
0.857348
0.86578
0.864971
0.855449
0.859642
0.855007
0.861498
0.870285
0.86337
0.868559
0.861179
0.85037
0.866954
0.867799
0.862022
0.871107
0.855818
0.863877
0.864071
0.868543
0.867236
0.87104
0.855584
0.855401
0.867748
0.857882
0.86767
0.857496
0.865723
0.871022
0.859148
0.871066
0.867071
0.860768
0.866269
0.861119
0.869186
0.865288
0.866304
0.85826
0.858634
0.863495
0.858344
0.855948
0.853094
0.862206
0.866225
0.863605
0.866186
0.870384
0.86649
0.857808
0.866124
0.866319
0.860284
0.86117
0.854757
0.863213
0.859173
0.864788
0.861201
0.862968
0.860104
0.862717
0.8648
0.860874
0.868885
0.856799
0.858688
0.861392
0.869358
0.863175
0.864934
0.863106
0.867987
0.863243
0.866377
0.854926
0.872205
0.86017
0.857308
0.856106
0.8564
0.857755
0.863427
0.858483
0.863208
0.867897
0.864351
0.862266
0.859371
0.853749
0.854905
0.868925
0.865945
0.864446
0.860737
0.866922
0.865147
0.859215
0.863689
0.867044
0.863622
0.85683
0.862488
0.869242
0.864241
0.856803
0.867964
0.865982
0.864544
0.866718
0.858229
0.864568
0.868224
0.86903
0.866357
0.865155
0.866663
0.861313
0.85786
0.869759
0.853014
0.857639
0.861319
0.861518
0.868035
0.866494
0.858236
0.860122
0.855435
0.867266
0.863084
0.867095
0.865987
0.872053
0.868217
0.864953
0.858582
0.864532
0.864852
0.869248
0.854136
0.865167
0.86547
0.868161
0.859675
0.85766
0.867084
0.856287
0.860624
0.854588
0.865154
0.865819
0.858729
0.871156
0.847637
0.862343
0.861908
0.862754
0.870698
0.865737
0.85406
0.859339
0.871389
0.859034
0.862576
0.86212
0.860644
0.874594
0.8682
0.865883
0.85812
0.86869
0.862853
0.85682
0.864039
0.853682
0.855646
0.862856
0.868578
0.860878
0.86358
0.858763
0.871043
0.860499
0.87352
0.846877
0.861833
0.859073
0.865927
0.859041
0.857972
0.86323
0.858111
0.866614
0.875564
0.853774
0.868824
0.868516
0.864246
0.858565
0.868654
0.857293
0.864785
0.862522
0.864687
0.864176
0.861065
0.863035
0.862571
0.85922
0.859216
0.86129
0.859797
0.861398
0.862956
0.863803
0.870831
0.867233
0.863513
0.873818
0.859256
0.865573
0.863691
0.866246
0.871478
0.861193
0.864163
0.858579
0.859637
0.863502
0.852887
0.858465
0.872204
0.862047
0.860581
0.853756
0.861427
0.860204
0.866906
0.86355
0.858273
0.856965
0.868187
0.860393
0.854414
0.867161
0.8589
0.863933
0.860106
0.868831
0.861735
0.857332
0.858648
0.86489
0.856776
0.863006
0.866369
0.868228
0.855098
0.855832
0.867645
0.858796
0.859295
0.858041
0.853634
0.868522
0.857405
0.869339
0.864734
0.859136
0.87203
0.857767
0.862723
0.864134
0.86867
0.854781
0.868899
0.870072
0.862249
0.869947
0.856303
0.860404
0.865891
0.86816
0.86403
0.866969
0.861732
0.871383
0.865446
0.861643
0.858154
0.866771
0.872812
0.860582
0.871011
0.866631
0.87045
0.858136
0.857875
0.853249
0.855054
0.867035
0.860366
0.855902
0.861898
0.870771
0.854823
0.86148
0.870863
0.871977
0.875173
0.854578
0.864381
0.871067
0.862879
0.867452
0.854695
0.859319
0.868187
0.866733
0.858346
0.86635
0.860281
0.863307
0.854121
0.869444
0.860311
0.867174
0.859804
0.859953
0.855269
0.857169
0.864701
0.862672
0.857363
0.866661
0.867341
0.860281
0.865276
0.87324
0.864241
0.865664
0.868865
0.857289
0.8599
0.859109
0.869997
0.867661
0.872867
0.864719
0.864348
0.864099
0.867218
0.8689
0.870142
0.856392
0.868442
0.859197
0.861226
0.859783
0.858046
0.867149
0.860454
0.865127
0.868883
0.85698
0.856664
0.861456
0.855539
0.866243
0.865739
0.856437
0.856771
0.861269
0.862661
0.858737
0.863745
0.862065
0.864715
0.862499
0.867739
0.868123
0.866535
0.85144
0.865741
0.870758
0.865177
0.863889
0.866089
0.856021
0.853439
0.859421
0.862186
0.863517
0.862614
0.857299
0.859828
0.85871
0.855422
0.869829
0.863841
0.856496
0.864036
0.871046
0.865993
0.860193
0.858925
0.857227
0.868609
0.857282
0.86054
0.869623
0.859163
0.86391
0.85546
0.865124
0.865638
0.859608
0.863152
0.863482
0.863911
0.859593
0.861644
0.863129
0.856619
0.864675
0.859753
0.867733
0.854228
0.863489
0.863969
0.856391
0.856325
0.863516
0.857421
0.860544
0.866413
0.869259
0.867225
0.862587
0.8595
0.864543
0.860679
0.859785
0.867895
0.862342
0.860564
0.863356
0.854068
0.859207
0.857148
0.871346
0.864018
0.862724
0.857382
0.865145
0.867628
0.869968
0.869335
0.86702
0.863781
0.855423
0.86692
0.859219
0.86338
0.849249
0.865982
0.866297
0.851202
0.861141
0.857665
0.858137
0.855875
0.85713
0.859953
0.864568
0.857451
0.866165
0.860765
0.86427
0.866712
0.855593
0.867507
0.860618
0.865634
0.874907
0.861617
0.870129
0.859304
0.877219
0.863163
0.85107
0.86385
0.862781
0.853492
0.86627
0.866607
0.865293
0.862439
0.858061
0.856064
0.863525
0.866601
0.853091
0.863268
0.862569
0.870033
0.862477
0.863048
0.866735
0.855772
0.860684
0.856451
0.865511
0.865083
0.864719
0.864336
0.859458
0.867512
0.862072
0.855784
0.863333
0.854604
0.863386
0.855554
0.867908
0.857659
0.8655
0.862381
0.871087
0.86955
0.85841
0.867611
0.864995
0.863845
0.855786
0.871819
0.877928
0.866893
0.86001
0.870331
0.869437
0.866488
0.866093
0.863016
0.867697
0.862554
0.873168
0.85649
0.861563
0.866307
0.850113
0.865915
0.862781
0.86278
0.869535
0.863918
0.862003
0.868992
0.85624
0.869156
0.870426
0.863359
0.852978
0.858386
0.857519
0.864147
0.868313
0.850666
0.860252
0.863651
0.858025
0.866803
0.868569
0.863177
0.867513
0.862028
0.854741
0.867579
0.859472
0.860038
0.86025
0.865668
0.860248
0.860138
0.868843
0.854715
0.868835
0.860498
0.861298
0.871781
0.868079
0.862947
0.859905
0.870449
0.860244
0.862807
0.854307
0.871675
0.868618
0.860242
0.858053
0.866031
0.865224
0.865772
0.856769
0.860968
0.872401
0.861207
0.863345
0.862046
0.865551
0.859437
0.866317
0.867363
0.855317
0.860727
0.86117
0.861676
0.869053
0.863443
0.859283
0.857797
0.865739
0.861676
0.855942
0.86157
0.86537
0.866558
0.857431
0.872916
0.861922
0.87065
0.861684
0.859091
0.853171
0.862435
0.864025
0.857459
0.864537
0.87268
0.875037
0.862576
0.86374
0.85596
0.86572
0.855944
0.862764
0.86444
0.871634
0.86423
0.868999
0.863853
0.861905
0.8647
0.86088
0.858797
0.863948
0.859804
0.858551
0.864695
0.861549
0.857607
0.863311
0.867087
0.861874
0.858343
0.866648
0.862569
0.859259
0.856854
0.866517
0.856713
0.873179
0.868431
0.862112
0.862633
0.863922
0.857296
0.866049
0.855343
0.85906
0.863467
0.855888
0.86178
0.860336
0.859822
0.861189
0.874759
0.867262
0.863727
0.86076
0.861174
0.861832
0.863935
0.867175
0.859398
0.85447
0.860768
0.863049
0.8597
0.867967
0.865263
0.863111
0.86325
0.864439
0.864252
0.857333
0.864825
0.857963
0.86796
0.870534
0.86154
0.85573
0.865633
0.85426
0.872916
0.869924
0.866613
0.858063
0.857947
0.871349
0.864392
0.864553
0.868369
0.867305
0.861265
0.857025
0.866665
0.864921
0.864352
0.866176
0.856318
0.86518
0.86072
0.863015
0.870102
0.859691
0.865985
0.862376
0.859906
0.869681
0.870012
0.86756
0.867326
0.868764
0.863729
0.848847
0.863165
0.874971
0.857804
0.858015
0.869288
0.851335
0.854202
0.859667
0.8646
0.861494
0.869593
0.864661
0.854115
0.860284
0.85715
0.873619
0.858748
0.86
0.872438
0.872336
0.861873
0.871477
0.859306
0.862042
0.85592
0.862119
0.859166
0.865646
0.863467
0.855878
0.86092
0.859154
0.85421
0.857188
0.868265
0.863758
0.868992
0.854655
0.864435
0.865748
0.855189
0.858865
0.863653
0.867405
0.865366
0.86752
0.867137
0.863416
0.868338
0.864173
0.853957
0.861275
0.862341
0.861803
0.859922
0.860951
0.863999
0.867472
0.869029
0.873791
0.871218
0.861017
0.862387
0.855984
0.850338
0.862389
0.859435
0.858106
0.860813
0.8628
0.859033
0.861413
0.865594
0.871096
0.864118
0.86351
0.868142
0.860665
0.868748
0.861191
0.874633
0.865885
0.864379
0.859052
0.854471
0.864691
0.861733
0.860594
0.86442
0.854839
0.863551
0.868159
0.865186
0.858398
0.87043
0.858615
0.867366
0.857964
0.86369
0.859096
0.852772
0.859772
0.857532
0.858315
0.858774
0.859679
0.872022
0.857623
0.857413
0.864038
0.865164
0.853811
0.856401
0.858314
0.862634
0.868829
0.862851
0.860931
0.852325
0.858619
0.859828
0.854714
0.861636
0.857905
0.865629
0.851324
0.864797
0.866624
0.868277
0.854181
0.868369
0.862485
0.861118
0.860585
0.851896
0.859176
0.866832
0.863196
0.857162
0.860556
0.858711
0.864266
0.868147
0.864145
0.864078
0.860357
0.867911
0.858181
0.864663
0.868687
0.857091
0.859065
0.861105
0.860131
0.863265
0.857382
0.872666
0.866805
0.863228
0.856585
0.855814
0.875812
0.862256
0.861494
0.863002
0.870893
0.880991
0.860563
0.870279
0.861706
0.862966
0.870962
0.864292
0.870544
0.869145
0.858486
0.867238
0.85771
0.864177
0.878677
0.866509
0.869832
0.864112
0.87713
0.865845
0.864062
0.858705
0.865542
0.866826
0.852591
0.860808
0.860979
0.854581
0.863049
0.860984
0.857099
0.856978
0.864346
0.859473
0.859838
0.863075
0.858036
0.868109
0.861419
0.865283
0.860356
0.86324
0.854865
0.853751
0.86063
0.868569
0.858703
0.868942
0.866451
0.863327
0.863948
0.858785
0.86258
0.861446
0.853622
0.856658
0.858642
0.864043
0.855546
0.86287
0.869332
0.861478
0.867171
0.866187
0.855829
0.856649
0.860316
0.865957
0.860749
0.86481
0.856049
0.864821
0.860519
0.862085
0.86105
0.869577
0.857815
0.866818
0.857593
0.865049
0.864817
0.867739
0.862814
0.867094
0.867345
0.863137
0.871776
0.85985
0.869126
0.871994
0.875389
0.86044
0.860936
0.861548
0.86526
0.863317
0.861777
0.8647
0.871007
0.866238
0.867036
0.869269
0.859345
0.857095
0.865988
0.862169
0.867731
0.863884
0.864209
0.860192
0.874493
0.858196
0.85761
0.859565
0.869576
0.863912
0.855682
0.857562
0.87225
0.869797
0.858027
0.867258
0.86233
0.863418
0.861171
0.854267
0.862367
0.864433
0.865926
0.861665
0.858432
0.861742
0.857608
0.86834
0.864264
0.871484
0.859158
0.859872
0.864891
0.861236
0.86058
0.863914
0.862144
0.860852
0.862103
0.868292
0.861528
0.851967
0.860468
0.857618
0.858794
0.86612
0.864759
0.852207
0.863706
0.867051
0.865302
0.863825
0.872857
0.865484
0.854662
0.859633
0.865075
0.87119
0.860901
0.863173
0.855091
0.86319
0.863699
0.859887
0.85945
0.87045
0.866244
0.86364
0.860013
0.862469
0.861563
0.858935
0.872478
0.866039
0.86687
0.863347
0.850434
0.86709
0.856022
0.861487
0.865108
0.861587
0.864469
0.852615
0.871035
0.861169
0.862922
0.860517
0.859913
0.870049
0.850934
0.863782
0.862538
0.867118
0.862679
0.860903
0.862873
0.866418
0.863809
0.863378
0.867727
0.85888
0.860302
0.861616
0.865786
0.863474
0.861116
0.867242
0.866975
0.861163
0.856992
0.866288
0.863959
0.867094
0.859582
0.862563
0.864923
0.860088
0.857353
0.865588
0.857707
0.862763
0.868613
0.860724
0.863901
0.863723
0.856138
0.863199
0.864236
0.867603
0.866508
0.854657
0.861183
0.869314
0.859073
0.864389
0.855187
0.867604
0.86354
0.861095
0.851351
0.871895
0.863282
0.853549
0.867329
0.865016
0.859328
0.86797
0.875514
0.859576
0.851991
0.86603
0.860245
0.86416
0.866996
0.865191
0.862146
0.856477
0.86524
0.858659
0.860389
0.859273
0.863044
0.866149
0.862438
0.86977
0.86142
0.867418
0.862132
0.851045
0.871794
0.86249
0.86678
0.861451
0.865923
0.850341
0.858649
0.8618
0.864481
0.857887
0.860024
0.865457
0.861243
0.860531
0.859106
0.859558
0.866175
0.86324
0.867202
0.860007
0.860868
0.86456
0.862038
0.860828
0.868428
0.866969
0.864576
0.866387
0.856225
0.861299
0.859188
0.855507
0.864813
0.864341
0.865014
0.866394
0.868385
0.868026
0.865834
0.86122
0.853971
0.854776
0.854614
0.861337
0.850991
0.861851
0.870453
0.867432
0.85938
0.862761
0.851837
0.876295
0.866005
0.874274
0.856023
0.870397
0.868566
0.863427
0.870448
0.859591
0.857539
0.860069
0.85748
0.862156
0.866782
0.863565
0.866646
0.868531
0.86247
0.8656
0.860519
0.853605
0.862576
0.855935
0.864684
0.8641
0.868492
0.859413
0.864042
0.859976
0.856967
0.863299
0.861843
0.856436
0.863933
0.868461
0.863601
0.861042
0.86126
0.866518
0.868931
0.859391
0.865911
0.871274
0.874481
0.862596
0.859678
0.86321
0.869658
0.851149
0.860077
0.855266
0.864233
0.864123
0.865645
0.870556
0.865066
0.859669
0.859066
0.861074
0.872577
0.857958
0.866342
0.862532
0.858571
0.870734
0.859675
0.863104
0.867996
0.864025
0.868187
0.854948
0.858561
0.867901
0.865414
0.856713
0.86094
0.865795
0.858979
0.863207
0.858786
0.862213
0.854573
0.868799
0.861346
0.866546
0.85772
0.85978
0.85296
0.858375
0.870025
0.858557
0.862646
0.860315
0.864852
0.862787
0.861513
0.869083
0.864185
0.860275
0.865771
0.864412
0.867483
0.855286
0.86955
0.878131
0.857124
0.854532
0.855699
0.854439
0.864365
0.86455
0.864721
0.865401
0.862579
0.864111
0.862949
0.867634
0.867084
0.870889
0.869755
0.867069
0.864345
0.860067
0.862325
0.86152
0.869564
0.868798
0.857562
0.86047
0.873111
0.858272
0.857783
0.858212
0.868171
0.867614
0.85413
0.858156
0.86059
0.863129
0.87009
0.860215
0.857825
0.866517
0.860936
0.864912
0.854139
0.863544
0.860662
0.854365
0.86482
0.860023
0.850475
0.85964
0.865584
0.861032
0.867932
0.857425
0.865026
0.865733
0.853616
0.856013
0.867161
0.859793
0.859035
0.863865
0.862971
0.863131
0.860591
0.861937
0.868689
0.860762
0.868717
0.870951
0.864754
0.856223
0.86014
0.865167
0.864679
0.866187
0.857326
0.859052
0.865709
0.877145
0.861943
0.852469
0.858655
0.868583
0.862115
0.860309
0.856834
0.858164
0.867852
0.866333
0.862586
0.863906
0.857865
0.859496
0.850481
0.861365
0.864946
0.868424
0.857792
0.864457
0.861519
0.849446
0.865087
0.865936
0.860442
0.862508
0.863666
0.86678
0.855612
0.865094
0.865735
0.863959
0.87082
0.86061
0.849992
0.853909
0.868251
0.866077
0.867092
0.864252
0.869657
0.857627
0.868664
0.86838
0.860947
0.863935
0.859905
0.858867
0.864227
0.860999
0.863845
0.862394
0.857268
0.859803
0.860935
0.867576
0.867472
0.861133
0.871819
0.874384
0.859569
0.871474
0.869652
0.861394
0.865463
0.870382
0.867062
0.867305
0.85263
0.861804
0.864559
0.85898
0.859562
0.872369
0.863468
0.862958
0.861935
0.869636
0.864334
0.874351
0.867858
0.85397
0.86761
0.866218
0.86286
0.867256
0.855318
0.860575
0.86171
0.859654
0.867023
0.864298
0.865373
0.869027
0.858991
0.861895
0.861529
0.865034
0.866883
0.869244
0.85539
0.87194
0.860399
0.862683
0.866271
0.869268
0.861142
0.866376
0.859512
0.868973
0.86584
0.869266
0.865663
0.868489
0.869002
0.871961
0.865526
0.861011
0.85175
0.861906
0.874977
0.865742
0.856234
0.863976
0.863379
0.866941
0.858759
0.869471
0.859012
0.860464
0.866519
0.861515
0.867048
0.868054
0.863171
0.864853
0.862099
0.869031
0.855195
0.860962
0.863124
0.864563
0.86441
0.860489
0.859265
0.851474
0.855933
0.864865
0.870905
0.863723
0.868033
0.859023
0.86615
0.862849
0.869373
0.866465
0.861705
0.865602
0.861636
0.860905
0.866351
0.871777
0.862823
0.862013
0.865117
0.850846
0.854135
0.856961
0.868168
0.86489
0.867798
0.866842
0.856867
0.857196
0.863556
0.876655
0.865321
0.86289
0.845693
0.864399
0.865426
0.865827
0.853985
0.860268
0.857365
0.861429
0.867575
0.865612
0.868016
0.862363
0.871994
0.87078
0.865484
0.864145
0.862424
0.867898
0.858482
0.856379
0.863524
0.86474
0.868527
0.863393
0.861695
0.870997
0.867259
0.871299
0.860292
0.856226
0.864389
0.867545
0.862094
0.855777
0.866598
0.866016
0.870534
0.863532
0.858526
0.864124
0.867606
0.869772
0.859058
0.860337
0.860373
0.861685
0.857027
0.874334
0.859904
0.860136
0.859791
0.86714
0.856988
0.868452
0.86506
0.865344
0.868304
0.860288
0.863226
0.866592
0.848908
0.857813
0.859204
0.859287
0.857677
0.862414
0.866931
0.85709
0.868274
0.858432
0.85951
0.867197
0.856052
0.860209
0.860747
0.855902
0.856527
0.86754
0.861971
0.866836
0.865862
0.866172
0.867895
0.857984
0.868312
0.861212
0.85788
0.871257
0.863236
0.854664
0.86063
0.862215
0.867943
0.869326
0.863737
0.860119
0.866216
0.86398
0.868189
0.866762
0.865563
0.874174
0.862733
0.863881
0.858441
0.867011
0.869154
0.85345
0.868492
0.866961
0.867
0.86462
0.860702
0.860767
0.868453
0.859815
0.862258
0.860014
0.859122
0.862492
0.861816
0.867224
0.862979
0.862663
0.866442
0.867906
0.857631
0.876399
0.857764
0.859399
0.861919
0.863463
0.863198
0.857878
0.86382
0.859527
0.871133
0.857432
0.868313
0.86601
0.872404
0.865123
0.869142
0.854352
0.86507
0.85003
0.859152
0.862722
0.869973
0.8637
0.858281
0.855282
0.865155
0.858571
0.864599
0.861346
0.857963
0.86266
0.861469
0.863736
0.855078
0.861616
0.86217
0.860846
0.858309
0.866048
0.861044
0.863596
0.859225
0.863667
0.856629
0.861867
0.86341
0.850765
0.861884
0.869009
0.857737
0.864158
0.859719
0.857549
0.87206
0.855592
0.87098
0.869957
0.856982
0.863293
0.865842
0.862219
0.858615
0.853183
0.859247
0.872251
0.859354
0.869619
0.869741
0.862381
0.855024
0.864501
0.854527
0.859203
0.867026
0.861486
0.868176
0.87434
0.874667
0.866788
0.863651
0.859331
0.860859
0.859688
0.852563
0.859508
0.855324
0.85881
0.866979
0.85715
0.865455
0.857486
0.869594
0.860434
0.863143
0.867857
0.872475
0.857324
0.86275
0.862452
0.871666
0.86233
0.861388
0.867724
0.855599
0.8596
0.865794
0.865582
0.865747
0.8527
0.87053
0.869693
0.863408
0.863405
0.854407
0.864607
0.874511
0.858381
0.860275
0.85869
0.862221
0.865181
0.867708
0.859766
0.862743
0.860959
0.865029
0.859014
0.871751
0.862256
0.854754
0.864094
0.872334
0.873579
0.864544
0.856323
0.865684
0.861092
0.86923
0.8557
0.858648
0.859525
0.859071
0.863987
0.864444
0.851076
0.858468
0.859104
0.859352
0.864929
0.868107
0.865154
0.873638
0.867991
0.861377
0.864312
0.855231
0.871375
0.864451
0.869449
0.864397
0.874346
0.863303
0.869487
0.857317
0.862158
0.866703
0.863405
0.858739
0.867435
0.871555
0.866783
0.867529
0.855683
0.862755
0.869093
0.857153
0.864662
0.866917
0.855832
0.870432
0.860942
0.862726
0.859717
0.860953
0.856646
0.858097
0.85263
0.857517
0.84707
0.857994
0.86806
0.86529
0.864111
0.859456
0.875247
0.868136
0.864488
0.864956
0.86064
0.866457
0.858176
0.865142
0.859363
0.870696
0.867809
0.862529
0.85294
0.858514
0.86
0.861706
0.859791
0.853666
0.865954
0.871192
0.866839
0.865557
0.862482
0.862638
0.868361
0.863208
0.861244
0.86154
0.861925
0.866955
0.864816
0.860324
0.860095
0.85713
0.873407
0.869066
0.868087
0.864697
0.863528
0.86591
0.865738
0.868192
0.847246
0.858723
0.856456
0.868091
0.857893
0.863751
0.857076
0.870559
0.869373
0.861586
0.858981
0.866185
0.861352
0.865169
0.854411
0.86587
0.868125
0.868457
0.856012
0.866604
0.858223
0.859309
0.860229
0.867328
0.858796
0.864039
0.863408
0.860518
0.855731
0.857454
0.8629
0.86334
0.871026
0.856592
0.868115
0.87279
0.859573
0.869634
0.856898
0.858559
0.861081
0.868069
0.865844
0.861657
0.863194
0.858832
0.864506
0.863549
0.855405
0.855098
0.852607
0.864112
0.858243
0.86244
0.861472
0.868417
0.868117
0.864083
0.865295
0.851804
0.865301
0.867148
0.856522
0.863242
0.866259
0.857364
0.869121
0.85657
0.868827
0.857234
0.865509
0.860299
0.867327
0.861368
0.867001
0.861429
0.855346
0.868236
0.859968
0.858397
0.868414
0.86653
0.864266
0.859988
0.858581
0.856799
0.85987
0.863255
0.864395
0.86934
0.873899
0.86581
0.863089
0.859707
0.861698
0.867262
0.867709
0.866435
0.859739
0.857624
0.858496
0.867415
0.861769
0.85893
0.869714
0.868324
0.868231
0.855164
0.866447
0.868668
0.860123
0.869263
0.859141
0.859962
0.860949
0.862321
0.856866
0.855581
0.859671
0.859836
0.86484
0.859908
0.866288
0.868448
0.858703
0.866782
0.870178
0.864828
0.866126
0.867341
0.866964
0.862244
0.863099
0.870323
0.860786
0.859715
0.871379
0.860504
0.863038
0.861683
0.871441
0.861454
0.864666
0.860218
0.864934
0.855107
0.862908
0.854085
0.860221
0.858961
0.86694
0.852888
0.860507
0.858266
0.857046
0.858892
0.862024
0.863145
0.859484
0.856839
0.855105
0.861911
0.859126
0.858318
0.858494
0.860788
0.86534
0.860917
0.858087
0.862481
0.860221
0.872945
0.848359
0.860124
0.867758
0.858703
0.85504
0.847377
0.86527
0.86955
0.859533
0.859469
0.862585
0.865599
0.872802
0.854538
0.859108
0.854142
0.859271
0.86427
0.869686
0.858023
0.863945
0.863925
0.853957
0.864971
0.874877
0.862625
0.860523
0.86351
0.860603
0.865126
0.865241
0.857112
0.862495
0.864112
0.862179
0.861417
0.863289
0.86826
0.85848
0.871366
0.856653
0.864913
0.865788
0.860879
0.855582
0.86447
0.862162
0.858165
0.858275
0.857712
0.869672
0.863312
0.860633
0.868331
0.867657
0.868689
0.86978
0.866042
0.861641
0.847742
0.871432
0.857729
0.860699
0.866043
0.870547
