1905.51 0.854129 0.00102752
2146.83 0.853428 0.00103996
2137.83 0.851532 0.000999962
2118.39 0.853882 0.0010459
2350.98 0.852731 0.00103584
2089.16 0.852585 0.00103027
2162.01 0.855091 0.00100813
2131.99 0.854153 0.00103702
2219.36 0.852921 0.00105102
1926.75 0.85247 0.00100398
2138.32 0.850536 0.0010033
2470.28 0.85544 0.000999868
2108.04 0.853179 0.0010281
2251.89 0.85488 0.00104746
2264.23 0.854674 0.00102991
2064.87 0.854652 0.0010392
2104.95 0.853144 0.00104522
2143.59 0.854118 0.00102977
1987.77 0.853867 0.00102893
1920.17 0.851411 0.00102196
2030.95 0.851994 0.00102633
1962.1 0.851073 0.00103305
1941.09 0.853673 0.00103731
1953.38 0.853136 0.00106407
2228.71 0.85548 0.00106367
2040.49 0.853923 0.000961421
2205.58 0.85416 0.00103577
1968.18 0.853256 0.00102937
2282.17 0.853637 0.00100753
2021.63 0.85395 0.00103747
2004.23 0.85249 0.00103305
2130.51 0.853053 0.00100987
1915.65 0.856134 0.00105419
2154.31 0.854922 0.000991253
1946.74 0.853656 0.00102328
2049.93 0.85397 0.00101017
2061.2 0.851454 0.00102474
2047.66 0.853626 0.00103275
1918.39 0.854414 0.00104165
2086.9 0.852329 0.00103241
2086.8 0.854394 0.00103903
1939.3 0.85481 0.001056
2225.04 0.853175 0.00100852
2150.82 0.853217 0.000988248
2385.51 0.853116 0.00103189
2136.08 0.85151 0.00101998
2013.5 0.854668 0.00100304
2053.03 0.85069 0.00103217
2048.46 0.84968 0.000980202
1954.93 0.852927 0.000967842
2238.79 0.85577 0.00103969
2036.94 0.854908 0.00103155
2129.98 0.853115 0.00104318
2041.85 0.855259 0.00102288
1824.27 0.854135 0.00102877
2051.52 0.853239 0.00101139
2216.71 0.855164 0.000989819
2319.31 0.855185 0.00100751
2112.41 0.851615 0.00103253
2186 0.853738 0.00104579
1961.34 0.851928 0.00102015
2148.87 0.853824 0.00103191
2083.69 0.854223 0.000964203
2037.49 0.850667 0.000980889
1871.14 0.853593 0.000991648
2219.48 0.853394 0.00102892
1925.1 0.854157 0.00101018
2027.65 0.852962 0.00102422
1868.57 0.854175 0.00102457
2203.56 0.855776 0.00102627
1892.2 0.85313 0.00103684
2056.13 0.853853 0.00102213
2116.6 0.85181 0.00102049
1981.35 0.853026 0.00103014
2101.03 0.855452 0.00103006
2258.99 0.854158 0.00102987
1974.37 0.854117 0.00103821
1929.08 0.853235 0.00105441
1925.52 0.850481 0.0010335
1932.18 0.852066 0.0010336
1984.02 0.854104 0.00104808
2162.07 0.853799 0.00102134
1985.54 0.852684 0.00100049
2182.3 0.852653 0.0010173
2072.69 0.853754 0.00102956
2579.74 0.855196 0.00103452
2007.05 0.852575 0.00101874
2160.18 0.855965 0.00103127
2255.3 0.857032 0.00105187
2161.23 0.853934 0.00100525
1963.14 0.852902 0.00104373
2418.36 0.85439 0.00103319
2015.79 0.85203 0.00103789
2061.82 0.851441 0.00102733
1960.78 0.852958 0.000987082
2594.27 0.853895 0.00103234
2162.46 0.855671 0.00103784
2308.86 0.854368 0.000989819
2083.87 0.853959 0.00101099
2049.45 0.85323 0.00101917
2679.89 0.855573 0.00102888
2376.85 0.855109 0.00102111
2006.1 0.851047 0.00100616
2129.04 0.853517 0.00102993
1979.65 0.852211 0.00102643
2127.42 0.854321 0.00103499
1997.41 0.85244 0.00102926
2373.61 0.853661 0.00102667
2353.92 0.854948 0.00103899
2629.64 0.855464 0.000581
2312.97 0.854022 0.00103503
2010.47 0.855093 0.00102508
2121.98 0.852746 0.00103259
2175.5 0.853498 0.00084336
1994.65 0.852764 0.000987758
1949.34 0.853801 0.00102958
1931.25 0.852652 0.00104191
2166.08 0.853615 0.00103309
2222.52 0.854595 0.00101712
2310.16 0.853286 0.000967097
2171.55 0.853771 0.000994399
2205.54 0.852092 0.00102647
2135.84 0.852169 0.000996892
2388.91 0.85407 0.00104879
1961.61 0.852494 0.00103237
2014.7 0.854373 0.00101298
1888.68 0.85382 0.00103672
2196.51 0.85469 0.00103972
2127.84 0.853268 0.00105179
1965.33 0.853452 0.00103099
1909.85 0.850844 0.00105372
1903.56 0.853042 0.00100796
2330.97 0.85502 0.00103492
1769.86 0.851442 0.00102116
1964.72 0.851828 0.00103469
2103.24 0.854247 0.00105414
1973.08 0.851975 0.00104045
2095.04 0.853628 0.00103059
1967.44 0.854624 0.00103161
2119.63 0.850552 0.00101997
2195.04 0.855144 0.000999546
1852.58 0.85131 0.000998053
2195.82 0.854946 0.00102374
2216.87 0.848855 0.00105657
2134.8 0.853965 0.00102103
2028.45 0.852571 0.00101445
2128.09 0.851782 0.00100381
2096.51 0.850507 0.0010251
2038.48 0.85269 0.000980301
2120.78 0.855338 0.00104257
2100.78 0.853165 0.00101737
2443.25 0.854982 0.00102332
1972.73 0.853241 0.000980426
1962.86 0.851242 0.00103195
2570.71 0.85519 0.00103373
2023.33 0.852894 0.00101713
2104.72 0.856341 0.00103121
2178.1 0.852767 0.00101184
1991.72 0.850527 0.00103691
2012.2 0.850924 0.00103433
1983.95 0.852139 0.00103437
1870.24 0.853155 0.00103054
2354.35 0.856203 0.00103033
2131.5 0.85232 0.00104557
1999.77 0.852491 0.00103336
1983.92 0.853888 0.00106264
2118.1 0.853437 0.00104977
1975.53 0.851409 0.00103622
2451.26 0.854388 0.000940917
2141.45 0.854892 0.00102942
1998.75 0.852144 0.00102052
2024.98 0.85554 0.00106299
2056.83 0.852967 0.00102434
2147.14 0.853188 0.000952933
2119.84 0.8568 0.00104286
1959.35 0.855987 0.00105826
2260.36 0.852011 0.00102671
2323.29 0.85488 0.00103229
2164.18 0.854912 0.00110434
2095.47 0.853739 0.00103869
2126.27 0.851415 0.00101388
2578.39 0.854586 0.00101963
2167.48 0.855311 0.00102284
1989.11 0.854598 0.00103976
2258.72 0.855929 0.00104463
1980.28 0.854781 0.00103018
2103.24 0.85411 0.00103033
2244.17 0.854982 0.00104114
1886.28 0.852757 0.00102261
2054.23 0.851674 0.00102314
2154.07 0.853815 0.00101106
2169.25 0.852786 0.00100571
2321.34 0.855043 0.00104297
2234.21 0.854024 0.00104252
2089.65 0.852541 0.00101821
2022.84 0.853158 0.00102344
2246.53 0.855287 0.00102475
2162.05 0.854787 0.00101552
1935.61 0.854112 0.00106151
2182.31 0.852356 0.00107091
2005.51 0.852975 0.00103281
2125.38 0.85379 0.00102913
2002.73 0.853091 0.00103296
2206.04 0.852288 0.00100395
1965.15 0.851453 0.0009997
2018.82 0.854061 0.00102996
2025.82 0.85387 0.0010426
2067.54 0.852085 0.00102378
2061.44 0.853391 0.00101773
1935.63 0.85247 0.000929585
2187.37 0.852994 0.0010269
1989.22 0.854174 0.00103502
2079.83 0.853972 0.0010107
2016.05 0.853549 0.00102935
1985.24 0.853638 0.00103429
2109.96 0.854014 0.00102821
2462.99 0.856328 0.00102259
1999.24 0.852975 0.00103196
2136.16 0.851963 0.00102184
1955.2 0.852798 0.000988306
2006.29 0.853032 0.00102628
2056.91 0.855263 0.00103002
2207.15 0.854325 0.00105435
2103.95 0.851115 0.00101853
1987.52 0.853027 0.00104819
2028.87 0.85344 0.0010363
2259.03 0.853827 0.00103983
2054.92 0.850571 0.00103573
2255.65 0.853184 0.00101389
1947.9 0.853734 0.00102253
1974.27 0.854872 0.00106595
2013.75 0.854071 0.00103295
1986.57 0.852455 0.00102892
2235.32 0.85747 0.00102595
2409.98 0.856947 0.00104319
1908.74 0.852695 0.00103358
2178.56 0.852222 0.00102682
2060.78 0.852172 0.00102921
2049.32 0.854882 0.00103833
2105.54 0.851882 0.00100703
1884.78 0.854892 0.00106213
2036.52 0.853597 0.00104279
2214.85 0.855468 0.00102798
2294 0.854513 0.00103494
2399.43 0.853368 0.00105121
2076.59 0.854693 0.00102229
1974.44 0.85484 0.00105963
2104.86 0.852692 0.00100632
2173.88 0.853276 0.00103393
2010.81 0.852781 0.00104521
1904.66 0.851318 0.00102156
2230.72 0.852787 0.00099367
2162.14 0.853442 0.00101786
2169.79 0.85538 0.00103468
2443.15 0.853619 0.00099887
2128.41 0.850388 0.00102193
2181.81 0.854878 0.0010382
2041.93 0.849758 0.00103532
2051.68 0.856056 0.00105664
2355.49 0.855447 0.000994006
2087.77 0.85319 0.0010329
2416.32 0.853997 0.00102663
1925.46 0.853002 0.00102371
2164.26 0.850058 0.00102462
2107.49 0.853744 0.00103474
2173.86 0.853361 0.00105937
2161.77 0.850865 0.00102495
2323.03 0.854606 0.000990948
2032.81 0.853358 0.0011027
2069.49 0.852014 0.000996672
2058.27 0.853149 0.00100638
2216.85 0.854982 0.00103678
1931.42 0.855013 0.00101506
2493.66 0.856089 0.00103806
2064.7 0.85394 0.00103567
1939.56 0.85162 0.00100626
2115.26 0.853722 0.00103089
2067.62 0.852124 0.00103065
2253.78 0.854349 0.00103384
2171.69 0.857319 0.00100045
2329.13 0.854721 0.00101196
2154.2 0.853886 0.00103575
2079.3 0.852974 0.00103555
1837.51 0.852911 0.00103727
2080.15 0.853712 0.00102044
1990.39 0.853263 0.00105511
1914.25 0.852339 0.0010142
2059.74 0.855024 0.00100586
1936.34 0.853819 0.00103192
2015.31 0.854241 0.00104217
6172.7 0.863793 0.000997126
2251.38 0.853623 0.00100135
2201.21 0.853283 0.00109262
2162.12 0.853197 0.00103236
1982.68 0.8548 0.001054
1977.7 0.851077 0.00102309
2401.41 0.855222 0.00100453
2102.72 0.852671 0.00102462
2096.22 0.851927 0.00100977
2203.68 0.853052 0.00106645
2144.97 0.852435 0.00105865
1980.17 0.853009 0.00103716
1975.75 0.852186 0.00104866
1966.99 0.852982 0.00103685
2217.47 0.853278 0.00104244
1993.37 0.850735 0.00100798
1930.49 0.851918 0.00102113
2739.21 0.853044 0.00103568
1913.52 0.852085 0.00100425
1982.04 0.852125 0.00102955
1831.98 0.851667 0.00102739
2246.97 0.854659 0.00102696
2092.99 0.852492 0.00103011
2128.04 0.852194 0.00103576
2129.54 0.853767 0.00103604
2080.06 0.851507 0.000981897
1924.47 0.85283 0.00102799
2267.39 0.854352 0.00105378
2264.34 0.853933 0.00104334
2014.47 0.854752 0.00101872
2113.37 0.85486 0.00103788
2382.1 0.853006 0.00103207
1821.6 0.853111 0.000954633
2059.42 0.852393 0.00100395
2062.86 0.853535 0.00102915
2130.39 0.85376 0.00103453
2110.69 0.852185 0.00102983
2014.45 0.854603 0.00103039
1980.42 0.853154 0.000981532
2010.57 0.852017 0.00102589
2194.41 0.855244 0.00102933
1977.48 0.851546 0.00101712
2051.09 0.852339 0.000972445
1880.33 0.852525 0.00105479
2180.76 0.854753 0.00103067
2052.87 0.853755 0.0010206
2022.15 0.853761 0.00105669
2080.83 0.853644 0.00102039
2134.28 0.852638 0.00100767
1972.85 0.852325 0.00093405
2214.11 0.854952 0.00105356
2006.47 0.852502 0.00102051
1956.28 0.853184 0.00104136
2095.58 0.85479 0.00103638
1850.9 0.852749 0.00107175
1915.82 0.852608 0.0010137
2123.39 0.853104 0.00104056
1948.25 0.853621 0.00104275
2148.91 0.853782 0.00104556
1915.39 0.851099 0.0010428
1988.45 0.855401 0.0010402
1858.28 0.852477 0.00104236
1956.87 0.853506 0.00104412
1980.3 0.853076 0.00104225
2040.15 0.851283 0.00103788
1923.37 0.853681 0.00101598
1992.65 0.849199 0.00104279
2096.6 0.851897 0.00106658
2098.44 0.854621 0.00103771
2050.24 0.855099 0.00101251
1994.72 0.855879 0.00103374
1888.52 0.854143 0.000975401
2022.22 0.853744 0.00104063
2032.22 0.851785 0.00101865
2274.1 0.85294 0.00105032
2312.89 0.854015 0.00104056
1992.03 0.853688 0.00103242
1913.29 0.853533 0.00103463
2042.53 0.853818 0.000994336
2248.36 0.855268 0.00103376
2251.83 0.85227 0.00100477
1968.04 0.850981 0.00100271
2040.96 0.854024 0.00105086
2181.89 0.852635 0.00103749
1924.19 0.853786 0.00102744
2003.6 0.853288 0.00102168
1881.9 0.852837 0.00101865
2117.51 0.855611 0.0010308
1963.02 0.851063 0.00103003
2218.18 0.851679 0.00101881
2014.06 0.853099 0.00104183
2171.57 0.8534 0.000989076
3051.54 0.858781 0.00103593
1990.67 0.853996 0.00101104
2004.48 0.85187 0.000659913
1969.04 0.851658 0.00103016
2035.73 0.854435 0.00104602
2049.71 0.853984 0.000997588
2466.54 0.85714 0.00106833
2241.76 0.853737 0.00103542
2046.36 0.852677 0.0010495
2071.99 0.854285 0.00101347
2076.94 0.852536 0.00102602
2197.39 0.851568 0.00102723
1930.69 0.85505 0.00104467
1984.44 0.853505 0.00103161
2176.89 0.856379 0.00104814
1975.57 0.852607 0.00103056
2060.14 0.855049 0.000712672
2286.09 0.854168 0.000741857
1961.35 0.853363 0.0010319
2214.42 0.854752 0.00103608
2530.29 0.853731 0.00102351
1933.23 0.853691 0.00107512
2093.76 0.852047 0.00100242
1935.01 0.852974 0.00104885
2395.37 0.851578 0.000975236
1988.44 0.851837 0.00105758
2089.81 0.852894 0.000971986
2606.5 0.855702 0.00104156
2078.05 0.85595 0.00106122
1887.61 0.853073 0.00106757
1953.79 0.853624 0.00101959
2119.68 0.850572 0.00102595
2100.03 0.850518 0.00101651
1924.74 0.853543 0.00100499
1996.8 0.854713 0.00101976
2421.97 0.854365 0.00103401
2731.47 0.857447 0.00102301
1919.58 0.852925 0.00101967
1915.65 0.853649 0.00102644
2507.15 0.853236 0.00103407
2112.45 0.855108 0.00103359
2268.28 0.854487 0.0010436
1940.57 0.854095 0.00103598
2088.08 0.855826 0.00104066
2044.47 0.853465 0.00103149
2172.82 0.85314 0.00102829
2112.48 0.853148 0.00104731
2294.34 0.85355 0.00102984
1893.6 0.853982 0.00104402
2172.09 0.854258 0.00103259
2287.21 0.853225 0.00102616
1921.53 0.852203 0.000976226
2052.82 0.851542 0.00102472
1902.95 0.853322 0.00107642
2160.85 0.852279 0.000984648
2069.08 0.851798 0.0010367
1998.63 0.852272 0.00103091
1989.99 0.851564 0.00104648
2049.16 0.852217 0.00100946
1948.67 0.853116 0.00104403
2072.62 0.852516 0.00105025
2013.22 0.851952 0.00101663
2142.41 0.85416 0.00102724
1982.21 0.851264 0.00102805
2203.6 0.854703 0.00103744
2104.1 0.854174 0.000989699
2025.42 0.851826 0.00103918
2230.36 0.854137 0.00101981
2094.26 0.851574 0.00103424
1970.81 0.854305 0.00104593
2331.37 0.854075 0.00102734
2608.23 0.856145 0.000969271
2047.24 0.851498 0.00099055
2226.37 0.855262 0.00102903
2109.16 0.850878 0.00100046
2227.31 0.85417 0.00101661
2073.67 0.852855 0.00104175
1917.61 0.852163 0.00104843
2372.2 0.850433 0.00102548
2024.49 0.85461 0.000974426
1922.78 0.853084 0.00102428
1906.73 0.851486 0.00104222
2046.07 0.854497 0.00102968
1958.92 0.854401 0.00097218
2156.78 0.85101 0.00105133
2123.07 0.852718 0.00103223
1911.08 0.851505 0.000959914
2214.77 0.854114 0.0010227
2136.16 0.853116 0.00103861
2096.67 0.853753 0.00103103
2043.69 0.853008 0.00103095
1994.18 0.853157 0.00103228
2152.18 0.85381 0.00100647
2213.77 0.854389 0.00102506
2243.34 0.850639 0.00100839
2091.18 0.851653 0.00101419
2359.99 0.854979 0.00102426
2145.13 0.853451 0.00102036
1947.93 0.854818 0.00101088
2706.61 0.852006 0.00103697
2029.69 0.855123 0.00103952
1924.34 0.850881 0.00104671
2342.55 0.856544 0.0010235
1848.75 0.850273 0.0010175
1926.52 0.853056 0.00104356
2068.34 0.853053 0.000988647
1954.44 0.853272 0.00101682
2153.02 0.853607 0.000977969
1981.62 0.851992 0.0010399
1815.05 0.852535 0.00101421
2163.46 0.856154 0.00101517
2378.5 0.855346 0.00108592
1948.01 0.854264 0.00101419
1790.24 0.851396 0.00102445
2064.54 0.855452 0.000845229
2018.41 0.854761 0.00101898
2178.25 0.854906 0.00100901
2356.03 0.852842 0.00104781
2097.47 0.85297 0.00103088
1966.74 0.853489 0.00103225
2356.42 0.854068 0.00101358
2075.41 0.852196 0.00103666
2142.34 0.85249 0.00102226
2153.47 0.853831 0.00104893
1952.28 0.853282 0.00102476
1975.39 0.853328 0.000936085
2485.2 0.855738 0.0010665
2022.06 0.854154 0.00103585
2096.25 0.855079 0.00104173
2075.99 0.853888 0.0010407
2098.61 0.856672 0.000850056
2426.25 0.85442 0.00102522
1938.43 0.851289 0.000732876
2057.22 0.854366 0.00105133
2066.41 0.853895 0.000982227
2043.21 0.85375 0.00103126
2051.27 0.853908 0.0010232
2244.98 0.852292 0.00108256
1866.01 0.851199 0.0010118
2198.69 0.854327 0.000967084
2201.85 0.853664 0.00104911
1972.49 0.854761 0.0010409
1887.47 0.851399 0.00104049
2078.96 0.85306 0.00103734
2131.09 0.854797 0.00103066
1995.37 0.851577 0.00101195
2154.49 0.853926 0.00103915
2265.88 0.853259 0.00100892
2295.43 0.852646 0.00102074
2195.43 0.853994 0.00103212
2031.96 0.854328 0.00100228
1926.9 0.85462 0.0010139
2048.5 0.852952 0.0010541
2242.17 0.855069 0.00103318
2089.99 0.852595 0.000930778
2254.98 0.853316 0.00102917
2020.15 0.854183 0.00103041
2208.02 0.85289 0.00100268
2028.59 0.852973 0.000980547
2145.35 0.854452 0.00103822
2279.06 0.855234 0.00104767
2063.15 0.853742 0.000994818
2049.14 0.852237 0.00101859
2122.32 0.852919 0.00103169
2083.91 0.853386 0.00105118
2120.62 0.854389 0.00101822
2037.5 0.85378 0.00105692
2116.49 0.853826 0.00103386
2028.9 0.854452 0.00103251
2250.71 0.852012 0.00103622
2042.39 0.855284 0.00106967
1907.28 0.851105 0.00102523
2121.29 0.853257 0.0010283
1944.74 0.852622 0.00108187
2027 0.851509 0.0010103
1951.56 0.852834 0.00100256
1971.59 0.85134 0.00104103
2108.86 0.853479 0.000999367
2047.77 0.852291 0.00105395
1919.92 0.852715 0.000991151
1895.91 0.852515 0.00102034
2039.37 0.854378 0.00103175
2134.83 0.855173 0.0010508
2371.14 0.854878 0.00101471
2095.19 0.850687 0.00105009
1918.29 0.850474 0.000988279
2263.41 0.853403 0.00103474
2077.04 0.852652 0.00102812
1971.39 0.851726 0.00102433
2030.11 0.852626 0.00103243
2183.03 0.854628 0.00104812
1970.38 0.85312 0.0010291
2024.45 0.853009 0.00100944
2082.82 0.853944 0.00103005
2229.34 0.853701 0.00105945
2340 0.854335 0.00070896
2089.09 0.85139 0.00102951
2287.66 0.853018 0.00100086
1974.82 0.854695 0.00103095
1935.7 0.85313 0.00104193
2022.02 0.854096 0.00104887
97649.8 0.692775 0.740014
1952.92 0.853792 0.00104006
2580.26 0.855401 0.0010324
2081.6 0.854292 0.00103996
1962.47 0.853985 0.00104082
2214.13 0.856917 0.000985502
1983.41 0.851596 0.00102286
2240 0.854126 0.00076068
1943 0.850694 0.00102938
1927.93 0.854582 0.00106291
2257.7 0.853794 0.00102339
2124.38 0.854388 0.00103236
1899.74 0.852709 0.00102813
2134.52 0.854376 0.00101411
1954.05 0.856098 0.0010315
2079.54 0.852786 0.00103173
2156.36 0.854855 0.00096521
1914.56 0.853406 0.00102306
1925.49 0.852087 0.00104671
1943.54 0.85397 0.00102642
2001.22 0.852777 0.00105228
2475.84 0.854785 0.00104459
2095.15 0.853229 0.00104542
2068.81 0.85398 0.00103836
2069.37 0.853223 0.00103398
2079.6 0.852123 0.0010252
1999.41 0.851361 0.00102003
1986.46 0.851157 0.00103209
2117.7 0.852576 0.00105206
1852.21 0.853047 0.00103561
2087.2 0.856192 0.00106334
2072.93 0.853011 0.00102613
2118.27 0.852183 0.00105989
2566.7 0.851745 0.0010285
2059.37 0.851393 0.00101631
2339.31 0.854348 0.00103178
1978.22 0.853142 0.000977149
1982.72 0.852015 0.00104417
2078.87 0.852288 0.00102665
2197.8 0.854166 0.000988703
2020.51 0.853273 0.00103875
2076.79 0.850129 0.00108154
1992.13 0.854083 0.00101976
1949.5 0.854216 0.00103103
2027.74 0.853147 0.000983026
2453.85 0.85784 0.00105722
2280.21 0.854802 0.00102638
2479.94 0.854558 0.000973458
2530.74 0.856035 0.00108159
1848.68 0.853238 0.00102958
2035.88 0.852665 0.000982618
2005.29 0.853841 0.00101245
2144.81 0.856208 0.00101916
2026.24 0.853448 0.00103125
1914.42 0.853819 0.0010383
2164.21 0.854442 0.00102755
2023.77 0.853466 0.001004
2094.64 0.852647 0.00102444
1960.72 0.855183 0.000985417
2299.17 0.853914 0.00106035
1987.74 0.853256 0.00103147
2053.8 0.853049 0.00096127
2062.31 0.854965 0.00102043
2169.7 0.854095 0.00106506
2127.23 0.851538 0.0010364
2315.21 0.855054 0.00104059
2092.3 0.854291 0.00102201
2130.68 0.854735 0.00103294
2203.55 0.856821 0.000995963
1915.43 0.850104 0.00102818
1923.02 0.852587 0.00103168
1952.8 0.85191 0.00103917
1994.81 0.850143 0.00102944
1986.36 0.851749 0.00103395
2003.19 0.85465 0.00103314
1933.54 0.853237 0.00105305
2048.42 0.852599 0.000991535
2341.51 0.853757 0.00101227
2084.72 0.853851 0.00105194
2339.89 0.854785 0.00104852
2328.4 0.856277 0.00103866
2338.52 0.853298 0.00102607
1873.82 0.853401 0.00101331
2464.47 0.853559 0.00104202
1975.51 0.854295 0.00105548
1910.74 0.853198 0.0010489
2285.52 0.855299 0.000976496
2192.53 0.856183 0.00101364
2076.2 0.853248 0.00104089
2371.56 0.853887 0.000965767
2046.49 0.852633 0.00104615
1968.33 0.852827 0.00101856
2340.49 0.853845 0.0010075
2356.04 0.853617 0.00102609
2084.03 0.855872 0.00102791
1955.45 0.853516 0.00103096
2001.96 0.852462 0.00104124
2184.87 0.853543 0.00101391
1931.59 0.852697 0.00102774
1924.09 0.85305 0.00104611
2040.59 0.856073 0.00102703
2017.68 0.853721 0.00100394
1992.9 0.852691 0.00105803
2152.12 0.855344 0.00102692
2090.8 0.852174 0.00101917
2175.09 0.852913 0.00103336
2111.07 0.851957 0.00102544
2069.91 0.854232 0.00103522
2014.86 0.852404 0.001032
2076.78 0.851927 0.0010234
2369.71 0.854457 0.00102882
2222.24 0.852542 0.00102731
2247.66 0.855898 0.00103958
2115.61 0.85263 0.00102569
2115.02 0.853574 0.00101985
1996.01 0.851759 0.0010325
2180.1 0.855848 0.00103742
2275.5 0.85661 0.00102424
2025.69 0.855295 0.00102042
1971.27 0.851622 0.00101539
2057.9 0.854234 0.00102084
1986.9 0.85381 0.00104498
2200.35 0.852875 0.00104271
1974.72 0.853231 0.00103305
2219.16 0.854038 0.00101044
1946.41 0.85286 0.00103026
1996.54 0.851787 0.00103211
2192.94 0.854649 0.00104793
2154.33 0.855389 0.00103108
2127.56 0.853389 0.00101361
1963.99 0.854104 0.00102966
2296.34 0.851423 0.00102957
2366.12 0.85359 0.00102975
2081.35 0.854283 0.00105299
2050.59 0.852014 0.00103295
2109.48 0.853152 0.00103612
2536.73 0.854264 0.00103422
1977.43 0.853976 0.00104808
2174.33 0.854843 0.00104313
2150.4 0.855241 0.00103577
2211.27 0.853941 0.00102761
2074.48 0.853056 0.00104096
2086.53 0.851908 0.00102807
2318.72 0.856227 0.00105306
2027.69 0.854121 0.0010026
1980.34 0.851934 0.00100715
2042.6 0.852936 0.00102059
1887.76 0.854244 0.00100738
1972.84 0.853312 0.00103232
2330.38 0.851718 0.00102585
2085.18 0.854659 0.00102913
1844.9 0.853405 0.00103543
2583.68 0.855461 0.00103707
2254.3 0.85334 0.00105256
2098.45 0.8518 0.000971851
1807.23 0.853879 0.0010373
2114.82 0.85376 0.00104594
2071.81 0.854191 0.00104157
2022.27 0.854279 0.00102353
2139.57 0.852904 0.00103116
1984.79 0.853776 0.00102486
2162.28 0.855475 0.00102795
2048.38 0.853879 0.000993927
2020.77 0.855383 0.00103202
2243.59 0.85313 0.00100371
2087.54 0.854838 0.00103423
2074.75 0.855585 0.00102353
2189.12 0.852571 0.00103103
2080.5 0.854006 0.00104411
2028.91 0.85504 0.00105072
2045.99 0.852833 0.00100392
2246.33 0.854696 0.00102597
2372.17 0.853261 0.00104836
2443.92 0.854706 0.00103193
2227.29 0.856867 0.00104086
1920.81 0.854464 0.000997406
2315.78 0.853732 0.00105173
1945.47 0.85211 0.00105146
2223.63 0.852603 0.00100478
2141.99 0.848966 0.00101712
2128.06 0.854788 0.00100639
1952.35 0.851889 0.00102121
2095.12 0.851411 0.00102481
2097.98 0.853838 0.00104974
2262.97 0.852697 0.000994691
2191.34 0.850295 0.0010307
2012.65 0.853272 0.0010255
1917.94 0.855641 0.00102063
2111.21 0.855873 0.000998637
2200.89 0.854365 0.00105261
2030.22 0.85604 0.00104018
2214.93 0.855502 0.00103799
168299 0.728322 0.739641
1882.67 0.853746 0.00101796
1929.74 0.851305 0.00102895
2175.72 0.85445 0.00104325
2057.79 0.853504 0.00103471
1930.32 0.854305 0.00104556
1932.54 0.85147 0.00102157
2011.65 0.852408 0.000981332
2316.37 0.856859 0.000972497
2652.98 0.85651 0.00104636
2141.99 0.854703 0.00094461
1946.67 0.855106 0.00103272
2236.9 0.855434 0.00105212
1957.42 0.854284 0.0010285
2068.22 0.852636 0.00102707
1848.87 0.853926 0.00103522
1882.97 0.852519 0.00103841
2097.94 0.853232 0.00102864
1937.87 0.85539 0.00101792
2001.15 0.854994 0.00103327
2099.37 0.855202 0.00100547
2366.48 0.855475 0.00101771
2115.16 0.853754 0.0010031
2035.78 0.851639 0.000984374
2448.8 0.85319 0.00102601
88202.9 0.786367 0.742122
2378.5 0.853085 0.00100155
2030.55 0.85135 0.00111306
2055.69 0.853358 0.00100963
2879.71 0.857195 0.00106369
2027.51 0.851349 0.00101454
2215.66 0.851509 0.00103379
1917.38 0.854753 0.00102071
2152.06 0.853991 0.00103329
2147.69 0.853083 0.000896442
1999.6 0.850967 0.00103027
2027.09 0.851769 0.0010206
2139.58 0.851197 0.00103126
2282.66 0.856724 0.00101845
2209.14 0.850585 0.00102317
1945.42 0.851076 0.00103789
2194.2 0.853243 0.00103181
1959.13 0.853546 0.000983091
2027.7 0.851034 0.000965833
2858.86 0.858569 0.00106007
2084.68 0.852553 0.00103334
2044.52 0.854891 0.00103096
1928.71 0.852378 0.00104486
2051.61 0.854118 0.00103651
2563.43 0.854542 0.00103414
2482.59 0.855454 0.0010277
1925.99 0.853637 0.0010218
2132.37 0.854197 0.00103822
1992.76 0.853085 0.0010289
2085.84 0.852116 0.00103686
2520.97 0.85645 0.00101134
1971.03 0.855778 0.00100226
2127.25 0.853362 0.00102503
2020.31 0.855403 0.00103822
2269.83 0.853142 0.000978922
1951.81 0.851631 0.00104409
2000.76 0.854009 0.00109875
2212.21 0.853685 0.00103148
2390.87 0.855525 0.00104696
2037.39 0.853011 0.00105437
2073.34 0.85386 0.00106015
2057.67 0.852474 0.00103682
1960.13 0.853807 0.00103059
2312.35 0.853109 0.00103396
1920.56 0.851589 0.00102234
2070.11 0.855542 0.00104074
2135.47 0.854134 0.00104004
1866.55 0.852852 0.00104266
2140.33 0.853471 0.00101501
2212.3 0.854204 0.00102328
1959.05 0.854223 0.00101607
2016.5 0.851716 0.00103826
2134.99 0.851833 0.00102954
2187.2 0.852673 0.00103612
1909.13 0.852275 0.00102115
2157.19 0.850918 0.000967853
2134.3 0.854367 0.00106634
2207.17 0.856188 0.00104461
1945.34 0.854145 0.00104997
2108.27 0.854511 0.00104698
2068.34 0.852825 0.00101449
2026.24 0.854437 0.00101163
2047.93 0.854966 0.00105323
2366.57 0.848945 0.00103798
1990.08 0.852841 0.00100726
2019.13 0.853849 0.00103729
1929.03 0.852914 0.00109598
1976.52 0.852826 0.00105519
2224.01 0.854697 0.00100831
2259.79 0.852553 0.00104043
2532.59 0.85609 0.00100377
2239.22 0.857607 0.00103489
1983.87 0.852269 0.00101231
1925.37 0.853756 0.00104644
2007.25 0.854102 0.00104755
2096.92 0.853795 0.00104062
2359.72 0.852068 0.00102984
2221.12 0.854987 0.00102852
2432.96 0.854183 0.00103007
2177.65 0.854283 0.0010393
2234.43 0.857616 0.00099712
2092.79 0.852336 0.00102348
1934.22 0.852427 0.00103224
2351.64 0.853877 0.00100381
1945.13 0.85204 0.0010251
2434.68 0.855076 0.00102009
1954.55 0.854282 0.00102838
1982.03 0.852498 0.0010522
2383.94 0.856656 0.00103871
2242.26 0.854767 0.00103269
2308.04 0.854651 0.0010423
2306.86 0.8539 0.00101748
2119.37 0.853702 0.00105417
2100.14 0.856967 0.00103186
1870.85 0.854372 0.00101831
2109.44 0.854253 0.0010379
2333.69 0.85765 0.00102262
2146.47 0.852796 0.00104806
2091.78 0.853751 0.00105384
2020.17 0.853364 0.00102587
1840.26 0.853235 0.00102985
2016.82 0.855467 0.00102978
2183.22 0.85232 0.00105287
2071.05 0.854788 0.0010472
2153.83 0.854564 0.00104155
1905.4 0.853772 0.00103908
2619.36 0.854242 0.00101598
1958.23 0.852581 0.00103551
2090.45 0.85313 0.00103034
1965.95 0.854581 0.00104085
2034.53 0.852919 0.00104179
2170.09 0.852511 0.00101754
2055.12 0.854177 0.0010096
2102.24 0.855288 0.00102202
2066.41 0.852419 0.00102513
2197.4 0.852463 0.00104152
2102.22 0.852199 0.00104476
2049.04 0.854896 0.00103034
2101.02 0.853629 0.00097565
1979.04 0.854517 0.00104216
2191.98 0.855085 0.0010506
2256.58 0.855781 0.0010274
1922.19 0.855529 0.00102204
2063.4 0.854253 0.00106397
2035.74 0.853827 0.00102358
2296.64 0.854999 0.00104089
2024.99 0.853219 0.00103061
2157.69 0.854041 0.000999452
2352.92 0.852629 0.0010225
2035.45 0.853055 0.00102343
2028.13 0.854208 0.00104545
2034.37 0.852909 0.0010259
1802.38 0.851013 0.000995931
1866.34 0.855317 0.00102769
2047.55 0.855338 0.00101805
1908.15 0.852929 0.00103498
2637.51 0.859033 0.00103453
2012.37 0.853171 0.00105138
1969.01 0.852762 0.00102857
2019.5 0.854103 0.00106282
2068.1 0.852736 0.00102383
1938.42 0.854231 0.00102263
2276.22 0.855212 0.00103364
2022.46 0.853031 0.0010382
2038.35 0.85371 0.0010362
2224.29 0.85443 0.00104706
2113.29 0.853136 0.00101812
2075.54 0.854589 0.00102949
2019.51 0.852263 0.00101362
2349.98 0.855482 0.0010117
1937.66 0.85443 0.00104797
2112.56 0.852324 0.00106396
2134.05 0.852164 0.00101848
2136.12 0.854792 0.00103369
2316.57 0.856261 0.0010216
2077.22 0.854884 0.00103257
1916.66 0.850998 0.00100276
2074.07 0.85476 0.00102894
1957.64 0.853423 0.00103255
2265.35 0.856593 0.00102894
2180.44 0.852567 0.00102926
1957.36 0.8522 0.00102696
2227.36 0.853953 0.00103802
2216.2 0.853576 0.0010473
1966.92 0.852496 0.00100741
1933.65 0.853809 0.00103453
2600.36 0.853568 0.00101371
2061.28 0.850363 0.00100281
2276.99 0.853575 0.0010422
1984.07 0.853599 0.00103391
2096.04 0.854578 0.00103387
2480.38 0.856927 0.000990335
2083.3 0.855515 0.00105834
2265.86 0.853416 0.00103874
1988.48 0.852485 0.00102905
2078.33 0.852176 0.00101849
1952.71 0.853261 0.00103284
2080.01 0.8532 0.000992139
2032.3 0.852843 0.00101926
1875.47 0.853987 0.00106193
2284.88 0.851812 0.00101189
2388.33 0.852562 0.00102604
1994.34 0.853442 0.00100297
2245.61 0.853285 0.000856379
2196.31 0.853721 0.00103037
1816.12 0.854236 0.00102785
2028.39 0.854618 0.00102436
2345.67 0.855185 0.00101488
1984.23 0.852127 0.00102004
2247.51 0.856217 0.00102186
2188.41 0.854551 0.00102446
2100.2 0.85313 0.00103015
2187.89 0.855398 0.00104107
2049.89 0.85215 0.00104418
2091.36 0.853772 0.00102789
2241.69 0.854507 0.00101968
2042.7 0.850883 0.00101336
2023.34 0.853998 0.00103307
2137.49 0.85294 0.00103826
2143.08 0.852795 0.00102958
