0.854129
0.853428
0.851532
0.853882
0.852731
0.852585
0.855091
0.854153
0.852921
0.85247
0.850536
0.85544
0.853179
0.85488
0.854674
0.854652
0.853144
0.854118
0.853867
0.851411
0.851994
0.851073
0.853673
0.853136
0.85548
0.853923
0.85416
0.853256
0.853637
0.85395
0.85249
0.853053
0.856134
0.854922
0.853656
0.85397
0.851454
0.853626
0.854414
0.852329
0.854394
0.85481
0.853175
0.853217
0.853116
0.85151
0.854668
0.85069
0.84968
0.852927
0.85577
0.854908
0.853115
0.855259
0.854135
0.853239
0.855164
0.855185
0.851615
0.853738
0.851928
0.853824
0.854223
0.850667
0.853593
0.853394
0.854157
0.852962
0.854175
0.855776
0.85313
0.853853
0.85181
0.853026
0.855452
0.854158
0.854117
0.853235
0.850481
0.852066
0.854104
0.853799
0.852684
0.852653
0.853754
0.855196
0.852575
0.855965
0.857032
0.853934
0.852902
0.85439
0.85203
0.851441
0.852958
0.853895
0.855671
0.854368
0.853959
0.85323
0.855573
0.855109
0.851047
0.853517
0.852211
0.854321
0.85244
0.853661
0.854948
0.855464
0.854022
0.855093
0.852746
0.853498
0.852764
0.853801
0.852652
0.853615
0.854595
0.853286
0.853771
0.852092
0.852169
0.85407
0.852494
0.854373
0.85382
0.85469
0.853268
0.853452
0.850844
0.853042
0.85502
0.851442
0.851828
0.854247
0.851975
0.853628
0.854624
0.850552
0.855144
0.85131
0.854946
0.848855
0.853965
0.852571
0.851782
0.850507
0.85269
0.855338
0.853165
0.854982
0.853241
0.851242
0.85519
0.852894
0.856341
0.852767
0.850527
0.850924
0.852139
0.853155
0.856203
0.85232
0.852491
0.853888
0.853437
0.851409
0.854388
0.854892
0.852144
0.85554
0.852967
0.853188
0.8568
0.855987
0.852011
0.85488
0.854912
0.853739
0.851415
0.854586
0.855311
0.854598
0.855929
0.854781
0.85411
0.854982
0.852757
0.851674
0.853815
0.852786
0.855043
0.854024
0.852541
0.853158
0.855287
0.854787
0.854112
0.852356
0.852975
0.85379
0.853091
0.852288
0.851453
0.854061
0.85387
0.852085
0.853391
0.85247
0.852994
0.854174
0.853972
0.853549
0.853638
0.854014
0.856328
0.852975
0.851963
0.852798
0.853032
0.855263
0.854325
0.851115
0.853027
0.85344
0.853827
0.850571
0.853184
0.853734
0.854872
0.854071
0.852455
0.85747
0.856947
0.852695
0.852222
0.852172
0.854882
0.851882
0.854892
0.853597
0.855468
0.854513
0.853368
0.854693
0.85484
0.852692
0.853276
0.852781
0.851318
0.852787
0.853442
0.85538
0.853619
0.850388
0.854878
0.849758
0.856056
0.855447
0.85319
0.853997
0.853002
0.850058
0.853744
0.853361
0.850865
0.854606
0.853358
0.852014
0.853149
0.854982
0.855013
0.856089
0.85394
0.85162
0.853722
0.852124
0.854349
0.857319
0.854721
0.853886
0.852974
0.852911
0.853712
0.853263
0.852339
0.855024
0.853819
0.854241
0.863793
0.853623
0.853283
0.853197
0.8548
0.851077
0.855222
0.852671
0.851927
0.853052
0.852435
0.853009
0.852186
0.852982
0.853278
0.850735
0.851918
0.853044
0.852085
0.852125
0.851667
0.854659
0.852492
0.852194
0.853767
0.851507
0.85283
0.854352
0.853933
0.854752
0.85486
0.853006
0.853111
0.852393
0.853535
0.85376
0.852185
0.854603
0.853154
0.852017
0.855244
0.851546
0.852339
0.852525
0.854753
0.853755
0.853761
0.853644
0.852638
0.852325
0.854952
0.852502
0.853184
0.85479
0.852749
0.852608
0.853104
0.853621
0.853782
0.851099
0.855401
0.852477
0.853506
0.853076
0.851283
0.853681
0.849199
0.851897
0.854621
0.855099
0.855879
0.854143
0.853744
0.851785
0.85294
0.854015
0.853688
0.853533
0.853818
0.855268
0.85227
0.850981
0.854024
0.852635
0.853786
0.853288
0.852837
0.855611
0.851063
0.851679
0.853099
0.8534
0.858781
0.853996
0.85187
0.851658
0.854435
0.853984
0.85714
0.853737
0.852677
0.854285
0.852536
0.851568
0.85505
0.853505
0.856379
0.852607
0.855049
0.854168
0.853363
0.854752
0.853731
0.853691
0.852047
0.852974
0.851578
0.851837
0.852894
0.855702
0.85595
0.853073
0.853624
0.850572
0.850518
0.853543
0.854713
0.854365
0.857447
0.852925
0.853649
0.853236
0.855108
0.854487
0.854095
0.855826
0.853465
0.85314
0.853148
0.85355
0.853982
0.854258
0.853225
0.852203
0.851542
0.853322
0.852279
0.851798
0.852272
0.851564
0.852217
0.853116
0.852516
0.851952
0.85416
0.851264
0.854703
0.854174
0.851826
0.854137
0.851574
0.854305
0.854075
0.856145
0.851498
0.855262
0.850878
0.85417
0.852855
0.852163
0.850433
0.85461
0.853084
0.851486
0.854497
0.854401
0.85101
0.852718
0.851505
0.854114
0.853116
0.853753
0.853008
0.853157
0.85381
0.854389
0.850639
0.851653
0.854979
0.853451
0.854818
0.852006
0.855123
0.850881
0.856544
0.850273
0.853056
0.853053
0.853272
0.853607
0.851992
0.852535
0.856154
0.855346
0.854264
0.851396
0.855452
0.854761
0.854906
0.852842
0.85297
0.853489
0.854068
0.852196
0.85249
0.853831
0.853282
0.853328
0.855738
0.854154
0.855079
0.853888
0.856672
0.85442
0.851289
0.854366
0.853895
0.85375
0.853908
0.852292
0.851199
0.854327
0.853664
0.854761
0.851399
0.85306
0.854797
0.851577
0.853926
0.853259
0.852646
0.853994
0.854328
0.85462
0.852952
0.855069
0.852595
0.853316
0.854183
0.85289
0.852973
0.854452
0.855234
0.853742
0.852237
0.852919
0.853386
0.854389
0.85378
0.853826
0.854452
0.852012
0.855284
0.851105
0.853257
0.852622
0.851509
0.852834
0.85134
0.853479
0.852291
0.852715
0.852515
0.854378
0.855173
0.854878
0.850687
0.850474
0.853403
0.852652
0.851726
0.852626
0.854628
0.85312
0.853009
0.853944
0.853701
0.854335
0.85139
0.853018
0.854695
0.85313
0.854096
0.692775
0.853792
0.855401
0.854292
0.853985
0.856917
0.851596
0.854126
0.850694
0.854582
0.853794
0.854388
0.852709
0.854376
0.856098
0.852786
0.854855
0.853406
0.852087
0.85397
0.852777
0.854785
0.853229
0.85398
0.853223
0.852123
0.851361
0.851157
0.852576
0.853047
0.856192
0.853011
0.852183
0.851745
0.851393
0.854348
0.853142
0.852015
0.852288
0.854166
0.853273
0.850129
0.854083
0.854216
0.853147
0.85784
0.854802
0.854558
0.856035
0.853238
0.852665
0.853841
0.856208
0.853448
0.853819
0.854442
0.853466
0.852647
0.855183
0.853914
0.853256
0.853049
0.854965
0.854095
0.851538
0.855054
0.854291
0.854735
0.856821
0.850104
0.852587
0.85191
0.850143
0.851749
0.85465
0.853237
0.852599
0.853757
0.853851
0.854785
0.856277
0.853298
0.853401
0.853559
0.854295
0.853198
0.855299
0.856183
0.853248
0.853887
0.852633
0.852827
0.853845
0.853617
0.855872
0.853516
0.852462
0.853543
0.852697
0.85305
0.856073
0.853721
0.852691
0.855344
0.852174
0.852913
0.851957
0.854232
0.852404
0.851927
0.854457
0.852542
0.855898
0.85263
0.853574
0.851759
0.855848
0.85661
0.855295
0.851622
0.854234
0.85381
0.852875
0.853231
0.854038
0.85286
0.851787
0.854649
0.855389
0.853389
0.854104
0.851423
0.85359
0.854283
0.852014
0.853152
0.854264
0.853976
0.854843
0.855241
0.853941
0.853056
0.851908
0.856227
0.854121
0.851934
0.852936
0.854244
0.853312
0.851718
0.854659
0.853405
0.855461
0.85334
0.8518
0.853879
0.85376
0.854191
0.854279
0.852904
0.853776
0.855475
0.853879
0.855383
0.85313
0.854838
0.855585
0.852571
0.854006
0.85504
0.852833
0.854696
0.853261
0.854706
0.856867
0.854464
0.853732
0.85211
0.852603
0.848966
0.854788
0.851889
0.851411
0.853838
0.852697
0.850295
0.853272
0.855641
0.855873
0.854365
0.85604
0.855502
0.728322
0.853746
0.851305
0.85445
0.853504
0.854305
0.85147
0.852408
0.856859
0.85651
0.854703
0.855106
0.855434
0.854284
0.852636
0.853926
0.852519
0.853232
0.85539
0.854994
0.855202
0.855475
0.853754
0.851639
0.85319
0.786367
0.853085
0.85135
0.853358
0.857195
0.851349
0.851509
0.854753
0.853991
0.853083
0.850967
0.851769
0.851197
0.856724
0.850585
0.851076
0.853243
0.853546
0.851034
0.858569
0.852553
0.854891
0.852378
0.854118
0.854542
0.855454
0.853637
0.854197
0.853085
0.852116
0.85645
0.855778
0.853362
0.855403
0.853142
0.851631
0.854009
0.853685
0.855525
0.853011
0.85386
0.852474
0.853807
0.853109
0.851589
0.855542
0.854134
0.852852
0.853471
0.854204
0.854223
0.851716
0.851833
0.852673
0.852275
0.850918
0.854367
0.856188
0.854145
0.854511
0.852825
0.854437
0.854966
0.848945
0.852841
0.853849
0.852914
0.852826
0.854697
0.852553
0.85609
0.857607
0.852269
0.853756
0.854102
0.853795
0.852068
0.854987
0.854183
0.854283
0.857616
0.852336
0.852427
0.853877
0.85204
0.855076
0.854282
0.852498
0.856656
0.854767
0.854651
0.8539
0.853702
0.856967
0.854372
0.854253
0.85765
0.852796
0.853751
0.853364
0.853235
0.855467
0.85232
0.854788
0.854564
0.853772
0.854242
0.852581
0.85313
0.854581
0.852919
0.852511
0.854177
0.855288
0.852419
0.852463
0.852199
0.854896
0.853629
0.854517
0.855085
0.855781
0.855529
0.854253
0.853827
0.854999
0.853219
0.854041
0.852629
0.853055
0.854208
0.852909
0.851013
0.855317
0.855338
0.852929
0.859033
0.853171
0.852762
0.854103
0.852736
0.854231
0.855212
0.853031
0.85371
0.85443
0.853136
0.854589
0.852263
0.855482
0.85443
0.852324
0.852164
0.854792
0.856261
0.854884
0.850998
0.85476
0.853423
0.856593
0.852567
0.8522
0.853953
0.853576
0.852496
0.853809
0.853568
0.850363
0.853575
0.853599
0.854578
0.856927
0.855515
0.853416
0.852485
0.852176
0.853261
0.8532
0.852843
0.853987
0.851812
0.852562
0.853442
0.853285
0.853721
0.854236
0.854618
0.855185
0.852127
0.856217
0.854551
0.85313
0.855398
0.85215
0.853772
0.854507
0.850883
0.853998
0.85294
0.852795
