0.846209
0.848713
0.849745
0.844621
0.8437
0.848563
0.847963
0.845571
0.844706
0.847523
0.845732
0.844574
0.845858
0.846296
0.845325
0.849258
0.844715
0.848441
0.84668
0.846179
0.846631
0.845754
0.845066
0.844334
0.844705
0.84862
0.847292
0.847226
0.847642
0.849866
0.846994
0.849862
0.848046
0.846245
0.843737
0.849104
0.843282
0.841684
0.844698
0.845897
0.844427
0.848684
0.84958
0.848705
0.84599
0.844833
0.846222
0.84689
0.845685
0.8417
0.845806
0.846055
0.84322
0.844247
0.845294
0.845799
0.844321
0.84421
0.849365
0.848683
0.849041
0.844958
0.849284
0.849429
0.846107
0.848814
0.848383
0.84788
0.847407
0.848007
0.847004
0.84983
0.847653
0.848236
0.846595
0.850377
0.847263
0.848061
0.846727
0.848778
0.846154
0.846932
0.845681
0.848046
0.848697
0.846774
0.84472
0.845378
0.84588
0.842426
0.843478
0.845545
0.847605
0.844845
0.844556
0.846246
0.848716
0.850348
0.850114
0.851927
0.845259
0.847318
0.846858
0.846879
0.843818
0.8489
0.843467
0.848888
0.846464
0.84546
0.84682
0.848624
0.850071
0.845792
0.845417
0.846789
0.845666
0.844564
0.843925
0.848782
0.849027
0.848581
0.846437
0.847362
0.848127
0.843448
0.848749
0.844837
0.843536
0.845064
0.843194
0.843587
0.849509
0.846289
0.846772
0.84742
0.845107
0.847177
0.846692
0.846597
0.847711
0.843167
0.848283
0.846665
0.84764
0.848083
0.845652
0.844146
0.843936
0.850011
0.842931
0.845196
0.847283
0.848719
0.845962
0.847391
0.847107
0.848199
0.844736
0.844809
0.847788
0.844598
0.847382
0.848696
0.850827
0.849381
0.847811
0.844998
0.846992
0.849294
0.849156
0.844703
0.850855
0.843919
0.846575
0.848142
0.846432
0.846696
0.850262
0.84548
0.84582
0.847726
0.846319
0.84509
0.8474
0.845834
0.844314
0.847293
0.845225
0.843909
0.845092
0.847799
0.847482
0.847001
0.84318
0.843282
0.847646
0.846901
0.847355
0.845463
0.847171
0.847976
0.848236
0.84977
0.848199
0.8509
0.845611
0.848356
0.848463
0.849217
0.850494
0.847231
0.849493
0.849094
0.846263
0.845197
0.846889
0.852141
0.845807
0.848023
0.84827
0.849035
0.847787
0.846806
0.847894
0.846807
0.848849
0.845756
0.842145
0.847415
0.84809
0.849858
0.844576
0.846951
0.846925
0.844178
0.847044
0.846317
0.846497
0.846057
0.845074
0.850425
0.845094
0.849434
0.844284
0.846798
0.847727
0.844726
0.849953
0.849992
0.847248
0.843484
0.846965
0.849587
0.847516
0.846078
0.846728
0.846217
0.846654
0.846799
0.845865
0.846667
0.847275
0.851964
0.847802
0.847604
0.847016
0.843108
0.846011
0.844705
0.846782
0.849214
0.847042
0.847126
0.846859
0.843754
0.845871
0.84912
0.848364
0.846375
0.847949
0.844056
0.845637
0.846517
0.849639
0.848026
0.849925
0.847286
0.847037
0.845936
0.844786
0.846161
0.847527
0.845191
0.848686
0.845499
0.847749
0.849554
0.845906
0.846974
0.844389
0.842445
0.84298
0.847012
0.846166
0.849008
0.84597
0.845939
0.847679
0.843105
0.843925
0.845035
0.844344
0.844781
0.85057
0.845809
0.844451
0.846253
0.848355
0.847751
0.844636
0.848299
0.845655
0.845095
0.845496
0.848184
0.847536
0.847138
0.848308
0.84592
0.846391
0.847601
0.849292
0.846619
0.84589
0.848735
0.844477
0.849608
0.844195
0.844375
0.849128
0.848187
0.846951
0.845214
0.846179
0.849734
0.845195
0.844399
0.84689
0.845203
0.84961
0.848988
0.847931
0.845571
0.847108
0.844954
0.846426
0.846979
0.845401
0.842591
0.847833
0.849148
0.846806
0.846416
0.849034
0.844869
0.845101
0.844556
0.843569
0.848966
0.845102
0.846967
0.848566
0.844502
0.844526
0.845724
0.844619
0.84705
0.845495
0.841487
0.846232
0.844883
0.846556
0.844919
0.843717
0.848872
0.850011
0.844396
0.844574
0.846753
0.844944
0.847649
0.847673
0.84672
0.844892
0.846684
0.842025
0.848914
0.846922
0.844435
0.846471
0.847124
0.851208
0.847925
0.847917
0.845397
0.84704
0.845895
0.841998
0.846909
0.845956
0.847594
0.84527
0.850157
0.846128
0.849835
0.846071
0.84777
0.849819
0.850249
0.844514
0.845545
0.848097
0.847221
0.845856
0.84992
0.844996
0.841815
0.845848
0.845908
0.849533
0.847199
0.846692
0.845317
0.848322
0.848614
0.847134
0.845575
0.846737
0.846886
0.845433
0.844943
0.849216
0.843776
0.844446
0.847942
0.84521
0.846424
0.848056
0.841725
0.847207
0.845212
0.84481
0.848707
0.846424
0.84526
0.847372
0.846684
0.846365
0.84813
0.845717
0.846191
0.848895
0.846522
0.847814
0.847683
0.846736
0.844701
0.844816
0.846139
0.844468
0.845268
0.848255
0.846905
0.843484
0.847038
0.845315
0.845157
0.848103
0.849086
0.848538
0.851534
0.847722
0.844992
0.849848
0.846853
0.84759
0.847811
0.849151
0.8468
0.843712
0.843819
0.843091
0.847321
0.848386
0.849305
0.844497
0.84523
0.847737
0.848462
0.846455
0.845876
0.845147
0.849794
0.84265
0.84541
0.844784
0.847794
0.847675
0.848226
0.852905
0.849498
0.846943
0.846536
0.849279
0.844369
0.848922
0.844459
0.846883
0.844358
0.845283
0.844363
0.848228
0.845191
0.844074
0.844825
0.847587
0.845016
0.846333
0.846703
0.848255
0.846564
0.8448
0.84782
0.847078
0.844311
0.848382
0.845044
0.847981
0.850521
0.844639
0.844695
0.848419
0.845294
0.845028
0.846574
0.843742
0.843972
0.847216
0.844572
0.847442
0.845093
0.848186
0.846422
0.847379
0.846158
0.846609
0.845694
0.847474
0.847394
0.847478
0.846728
0.849845
0.844901
0.846583
0.847583
0.848587
0.847103
0.845862
0.846108
0.848324
0.848645
0.845682
0.846836
0.849198
0.845265
0.848965
0.848006
0.850516
0.851784
0.847696
0.844651
0.846955
0.848313
0.845122
0.850469
0.845912
0.845621
0.848248
0.845204
0.847509
0.841917
0.843583
0.845215
0.848323
0.846666
0.847454
0.84739
0.846404
0.844418
0.843393
0.84451
0.847419
0.850611
0.845584
0.850143
0.84522
0.847314
0.848007
0.847001
0.849273
0.846059
0.846591
0.845335
0.842521
0.847426
0.849803
0.844693
0.847984
0.848379
0.842941
0.848141
0.845806
0.845923
0.846649
0.847459
0.847537
0.847322
0.845957
0.846234
0.844878
0.847399
0.847612
0.846322
0.844606
0.843288
0.845964
0.846685
0.846496
0.846176
0.849446
0.847184
0.847792
0.844013
0.843759
0.845749
0.846123
0.846434
0.844999
0.846163
0.850188
0.846836
0.843208
0.844309
0.847012
0.848281
0.84744
0.844656
0.843052
0.849918
0.847148
0.843881
0.847164
0.847454
0.847126
0.844656
0.846339
0.848852
0.847841
0.847097
0.847366
0.842782
0.846987
0.848985
0.843977
0.843793
0.843849
0.847745
0.847927
0.844404
0.843264
0.845307
0.845606
0.847532
0.845252
0.846774
0.847832
0.847718
0.851052
0.846278
0.844311
0.847789
0.847173
0.846085
0.84236
0.84469
0.846473
0.846417
0.847666
0.844102
0.846232
0.844346
0.844853
0.849182
0.846932
0.846544
0.848188
0.847296
0.844927
0.844798
0.845369
0.84788
0.849993
0.848962
0.84894
0.844911
0.847368
0.85033
0.844652
0.8451
0.848589
0.844818
0.85195
0.844265
0.846051
0.846618
0.844922
0.848438
0.845057
0.848953
0.845153
0.846171
0.84771
0.846506
0.847428
0.847792
0.846189
0.849648
0.850963
0.84662
0.848038
0.84446
0.847985
0.845564
0.850704
0.848893
0.845152
0.84405
0.848183
0.84767
0.85257
0.847916
0.844285
0.84786
0.846514
0.847841
0.846785
0.844606
0.847329
0.84866
0.8453
0.846968
0.845194
0.845987
0.845387
0.84555
0.850051
0.840482
0.8465
0.844275
0.846379
0.84193
0.842745
0.848001
0.84672
0.841877
0.847606
0.844373
0.847334
0.845097
0.849515
0.844681
0.843712
0.846315
0.848649
0.844867
0.843884
0.849588
0.843587
0.84642
0.846286
0.847687
0.844422
0.844615
0.842902
0.846424
0.849037
0.84509
0.844554
0.845788
0.84875
0.846311
0.849232
0.847297
0.845711
0.843633
0.84389
0.846677
0.847052
0.845706
0.848237
0.849351
0.844214
0.847841
0.848514
0.846333
0.847598
0.845367
0.84573
0.843454
0.846231
0.846062
0.847193
0.848415
0.845857
0.846669
0.848514
0.846549
0.845217
0.846858
0.845252
0.847451
0.848824
0.847547
0.846576
0.844174
0.845599
0.843871
0.846142
0.844671
0.845646
0.848608
0.847436
0.841363
0.847112
0.849609
0.846891
0.843172
0.845024
0.844998
0.842904
0.846429
0.842282
0.847686
0.849038
0.848356
0.844841
0.84496
0.844801
0.846322
0.844838
0.849408
0.852549
0.847037
0.845707
0.846797
0.846378
0.847655
0.844561
0.847052
0.84615
0.846913
0.846225
0.846456
0.845846
0.849014
0.847503
0.845275
0.851381
0.84584
0.84507
0.844083
0.846007
0.849175
0.844886
0.846327
0.847642
0.84074
0.847388
0.842002
0.850679
0.850362
0.847029
0.843454
0.849903
0.84806
0.843556
0.843228
0.845069
0.84645
0.847938
0.845386
0.848361
0.846286
0.848243
0.846098
0.845344
0.843375
0.846492
0.845703
0.846006
0.851295
0.846682
0.848418
0.851
0.848615
0.843669
0.847892
0.84891
0.845389
0.84858
0.848349
0.847092
0.84636
0.846568
0.848265
0.846353
0.84739
0.84726
0.845995
0.850536
0.84741
0.845402
0.846409
0.844075
0.848943
0.847403
0.848535
0.849106
0.84579
0.848691
0.843588
0.846615
0.846749
0.846066
0.843279
0.847162
0.84362
0.844854
0.846736
0.845209
0.845136
0.84301
0.849834
0.845149
0.849685
0.846074
0.848125
0.850558
0.842764
0.847476
0.849045
0.84592
0.848206
0.84572
0.847237
0.847793
0.846859
0.840347
0.847847
0.846602
0.847222
0.845302
0.840606
0.843636
0.846066
0.848982
0.844058
0.846805
0.845305
0.847339
0.849006
0.848538
0.851311
0.844211
0.8448
0.847844
0.844623
0.843993
0.847288
0.845634
0.84856
0.847946
0.846587
0.84435
0.848099
0.847533
0.849129
0.849953
0.84665
0.844764
0.844944
0.846598
0.842613
0.848226
0.846908
0.8496
0.841954
0.8452
0.846965
0.849063
0.84781
0.84868
0.843358
0.847857
0.843352
0.846846
0.846658
0.842412
0.846844
0.846362
0.845535
0.848186
0.849523
0.849142
0.84612
0.851215
0.84632
0.84989
0.847739
0.849159
0.844403
0.845199
0.848921
0.848765
0.844635
0.846938
0.848713
0.845307
0.8409
0.8498
0.848183
0.847353
0.846148
0.846241
0.847659
0.848898
0.847327
0.844472
0.84785
0.847934
0.848127
0.848209
0.848052
0.845881
0.845236
0.845524
0.846989
0.845669
0.848354
0.842692
0.849863
0.847237
0.849451
0.849911
0.846178
0.845171
0.848646
0.845361
0.84525
0.845853
0.840782
0.849029
0.844481
0.847801
0.846168
0.844859
0.840819
0.846136
0.846219
0.844564
0.84566
0.843507
0.851426
0.84836
0.844022
0.845438
0.843569
0.846566
0.845707
0.845678
0.844127
0.847604
0.84197
0.845939
0.847847
0.849537
0.847086
0.847399
0.843058
0.847761
0.848426
0.848155
0.844107
0.845296
0.849475
0.847863
0.845565
0.844841
0.844485
0.845806
0.846332
0.84524
0.848515
0.846008
0.850794
0.850693
0.845881
0.846042
0.847507
0.843423
0.846199
0.848353
0.850186
0.842765
0.847671
0.846723
0.846105
0.846567
0.845026
0.846579
0.844907
0.847581
0.845717
0.845673
0.845873
0.848469
0.847549
0.845775
0.849276
0.847728
0.851682
0.845907
0.848891
0.846722
0.848202
0.843935
0.847983
0.850698
0.84544
0.842294
0.851824
0.845591
0.844841
0.850067
0.848266
0.847652
0.843413
0.843449
0.839343
0.844868
0.846813
0.847061
0.844251
0.846243
0.845133
0.845998
0.844996
0.845993
0.845074
0.847164
0.843646
0.84523
0.84717
0.847507
0.848406
0.845524
0.84836
0.847488
0.847812
0.847031
0.84131
0.847547
0.849719
0.84937
0.849822
0.849362
0.846092
0.844792
0.844245
0.848556
0.846178
0.848383
0.846722
0.846385
0.848484
0.847847
0.847482
0.845689
0.845068
0.845337
0.843659
0.84994
0.849038
0.847672
0.845618
0.847649
0.843316
0.842419
0.846718
0.847608
0.844405
0.849053
0.847117
0.847497
0.846495
0.845865
0.848123
0.846248
0.844704
0.845716
0.847341
0.846727
0.847298
0.847282
0.847967
0.845052
0.845177
0.848758
0.847888
0.845371
0.845912
0.845267
0.844114
0.844763
0.84932
0.849651
0.847244
0.847359
0.844869
0.847283
0.846869
0.845703
0.845859
0.843757
0.848315
0.848043
0.846235
0.845433
0.848457
0.846352
0.844476
0.846502
0.850164
0.846994
0.844947
0.844013
0.843173
0.844912
0.846911
0.846785
0.843627
0.847832
0.84838
0.845265
0.84744
0.842409
0.847586
0.847181
0.850379
0.844341
0.849581
0.848984
0.848701
0.84226
0.847407
0.844254
0.842546
0.846083
0.847517
0.848597
0.850316
0.847318
0.843797
0.847408
0.848227
0.84849
0.846882
0.850758
0.848759
0.845223
0.845295
0.846789
0.843172
0.847339
0.845308
0.846767
0.847692
0.849505
0.849633
0.845246
0.843923
0.843386
0.848141
0.850599
0.849804
0.846365
0.844614
0.849579
0.847557
0.847252
0.848162
0.845245
0.851205
0.848237
0.84848
0.845837
0.846394
0.850358
0.850375
0.84557
0.846671
0.849964
0.847265
0.845172
0.847599
0.845393
0.845653
0.846994
0.849671
0.844507
0.848568
0.846959
0.847575
0.847489
0.845762
0.843901
0.846499
0.845823
0.84237
0.843462
0.84557
0.844116
0.849575
0.847232
0.845774
0.844667
0.844798
0.848409
0.849254
0.849541
0.847094
0.845111
0.849181
0.845293
0.847638
0.845832
0.844846
0.848103
0.848565
0.844804
0.849475
0.841621
0.843871
0.84712
0.846094
0.84802
0.845057
0.853578
0.841586
0.847402
0.849355
0.846026
0.847431
0.843703
0.850355
0.847418
0.846781
0.843832
0.844291
0.844737
0.850604
0.849765
0.84515
0.849511
0.846773
0.846559
0.845035
0.847844
0.842391
0.843641
0.847369
0.850055
0.845437
0.846043
0.849301
0.84482
0.846027
0.845208
0.849178
0.846227
0.848197
0.844657
0.846363
0.845355
0.846056
0.846017
0.847385
0.845913
0.846732
0.848408
0.844294
0.845435
0.847983
0.845403
0.847072
0.847547
0.846307
0.847984
0.847514
0.844757
0.847763
0.850823
0.846332
0.849005
0.847872
0.850535
0.845117
0.846267
0.848057
0.844993
0.849581
0.846416
0.848527
0.843777
0.846443
0.846408
0.847261
0.846492
0.844529
0.84689
0.843155
0.852821
0.844712
0.843941
0.848142
0.843857
0.845735
0.844545
0.847103
0.847728
0.846234
0.846109
0.847866
0.845815
0.84205
0.849299
0.845547
0.845635
0.847614
0.844267
0.847778
0.850527
0.846249
0.848778
0.848409
0.846005
0.845514
0.844568
0.848661
0.845767
0.846733
0.848262
0.846174
0.849676
0.845575
0.845688
0.845324
0.849656
0.84945
0.849097
0.845209
0.841428
0.847022
0.848088
0.84634
0.846955
0.84811
0.848183
0.843983
0.848299
0.847455
0.851067
0.843851
0.846988
0.846454
0.845602
0.846946
0.84353
0.851374
0.844324
0.847994
0.848388
0.845422
0.850457
0.846797
0.849266
0.848209
0.843112
0.846485
0.846804
0.847358
0.848562
0.845703
0.847789
0.846482
0.846866
0.849637
0.846718
0.847526
0.845306
0.844991
0.84336
0.849893
0.845328
0.845878
0.845634
0.848552
0.849904
0.844508
0.849464
0.84597
0.844972
0.848131
0.84592
0.847425
0.848999
0.84644
0.853474
0.847741
0.845681
0.845883
0.84921
0.84405
0.843661
0.844249
0.844031
0.851146
0.847776
0.845458
0.847246
0.84947
0.847021
0.847226
0.847473
0.8491
0.847484
0.847507
0.846612
0.84578
0.845513
0.849381
0.846571
0.84356
0.846634
0.846367
0.849029
0.846215
0.846835
0.844768
0.848783
0.846336
0.847126
0.852006
0.845788
0.84814
0.847015
0.846069
0.844236
0.841442
0.839643
0.844129
0.845603
0.847913
0.847185
0.849471
0.846772
0.848081
0.849494
0.844319
0.846658
0.847573
0.841793
0.844963
0.842233
0.846658
0.847037
0.849678
0.843988
0.847964
0.848461
0.845692
0.846995
0.844827
0.846202
0.847709
0.846267
0.844073
0.847032
0.844453
0.844173
0.845428
0.846495
0.84789
0.844615
0.848107
0.84823
0.847802
0.843671
0.850348
0.844374
0.84589
0.843262
0.846229
0.847134
0.845438
0.844516
0.847825
0.845979
0.850269
0.848229
0.844766
0.84696
0.844078
0.84756
0.849318
0.844283
0.843271
0.846229
0.843573
0.846
0.848318
0.850694
0.843024
0.846692
0.843393
0.842605
0.844108
0.846305
0.844979
0.849123
0.845674
0.847346
0.847351
0.847937
0.846259
0.846478
0.846349
0.847553
0.84664
0.843666
0.848828
0.845822
0.848227
0.84891
0.847477
0.843509
0.844841
0.846485
0.847437
0.850075
0.846744
0.847573
0.84972
0.846174
0.845441
0.849344
0.849287
0.847637
0.84354
0.845985
0.847778
0.846506
0.84579
0.845933
0.848134
0.847972
0.846651
0.848488
0.84624
0.848092
0.846485
0.844042
0.846194
0.843113
0.850731
0.844808
0.845723
0.848507
0.847169
0.848875
0.848399
0.846047
0.848167
0.844997
0.844205
0.849808
0.84828
0.849378
0.846562
0.850716
0.848405
0.849399
0.849877
0.848727
0.846445
0.842383
0.847511
0.843232
0.849491
0.845289
0.846017
0.845082
0.844682
0.846102
0.850031
0.847387
0.844937
0.845559
0.843439
0.847801
0.846402
0.846094
0.848545
0.847094
0.847057
0.849199
0.845339
0.850171
0.848772
0.844982
0.848373
0.84904
0.847959
0.847708
0.848272
0.848394
0.845868
0.846851
0.846674
0.844083
0.84667
0.846365
0.847973
0.847846
0.84735
0.849618
0.849995
0.849136
0.848798
0.846309
0.848944
0.845488
0.847173
0.84526
0.850219
0.844519
0.847724
0.847333
0.845124
0.846245
0.847449
0.843548
0.84826
0.847629
0.846623
0.845059
0.8478
0.8461
0.848928
0.846677
0.843117
0.848782
0.849191
0.842887
0.84377
0.8425
0.846811
0.847517
0.844494
0.847184
0.847364
0.850016
0.849084
0.850223
0.848764
0.845757
0.847072
0.849025
0.844067
0.845801
0.848415
0.846723
0.845724
0.849545
0.847459
0.849978
0.847969
0.846155
0.846362
0.843694
0.846391
0.84716
0.847215
0.845555
0.845162
0.845391
0.84971
0.847978
0.850101
0.847038
0.844619
0.848595
0.848304
0.844487
0.84428
0.850418
0.848119
0.84896
0.8469
0.846733
0.84591
0.84489
0.847375
0.848705
0.843799
0.844589
0.84359
0.846409
0.846073
0.84582
0.849043
0.848417
0.849242
0.849275
0.844474
0.845097
0.845747
0.843729
0.845426
0.846347
0.845936
0.848619
0.844635
0.848891
0.843601
0.848372
0.847554
0.848475
0.846892
0.848974
0.846689
0.847458
0.847603
0.845766
0.844641
0.845141
0.848317
0.845354
0.847757
0.846364
0.847659
0.843765
0.846534
0.845516
0.844941
0.847365
0.845159
0.846272
0.842989
0.844208
0.843541
0.844594
0.843919
0.846582
0.846679
0.842798
0.846108
0.847424
0.845806
0.846282
0.84854
0.850845
0.847009
0.849745
0.8469
0.851466
0.844647
0.849271
0.844243
0.847159
0.849477
0.8458
0.848573
0.844665
0.847138
0.848092
0.847024
0.841957
0.847695
0.844932
0.846551
0.844803
0.845433
0.844073
0.850127
0.847253
0.84834
0.845405
0.84509
0.846465
0.841855
0.84302
0.848642
0.84578
0.846057
0.848333
0.845718
0.846065
0.846977
0.844447
0.847486
0.844682
0.843745
0.849264
0.845249
0.848803
0.845255
0.847412
0.848199
0.850117
0.841631
0.847056
0.844852
0.845154
0.846288
0.847732
0.842792
0.84749
0.844747
0.845843
0.845152
0.845383
0.843784
0.844291
0.84722
0.847908
0.84875
0.847096
0.849128
0.844307
0.847133
0.84683
0.85014
0.846057
0.850077
0.84397
0.842839
0.84695
0.847444
0.849011
0.847101
0.845816
0.85204
0.845896
0.84539
0.844823
0.846814
0.845207
0.843683
0.841622
0.847334
0.848246
0.845972
0.847125
0.84687
0.848362
0.845169
0.840149
0.845808
0.84847
0.851695
0.847149
0.844777
0.848415
0.844616
0.848505
0.845514
0.845925
0.84138
0.847149
0.850623
0.846789
0.845674
0.846849
0.847368
0.849737
0.848894
0.846438
0.851994
0.846398
0.847117
0.848184
0.848092
0.846617
0.842588
0.845961
0.849704
0.845355
0.847458
0.847794
0.843796
0.84279
0.846766
0.846315
0.84735
0.845873
0.847803
0.845953
0.84438
0.846985
0.843578
0.848496
0.843095
0.845535
0.847462
0.84857
0.846021
0.847298
0.847421
0.84474
0.847997
0.850829
0.847987
0.848134
0.846496
0.845934
0.846088
0.845352
0.84913
0.845473
0.845638
0.845541
0.84636
0.845129
0.845153
0.847406
0.849291
0.845382
0.846674
0.844295
0.84727
0.849217
0.846198
0.847702
0.844677
0.845661
0.847345
0.844426
0.843029
0.84743
0.846691
0.849017
0.846723
0.843579
0.847313
0.843515
0.846682
0.847242
0.847787
0.849404
0.846397
0.845832
0.845958
0.848146
0.846783
0.847469
0.847332
0.849214
0.842468
0.844197
0.845579
0.848451
0.846992
0.846135
0.842579
0.845828
0.848646
0.845966
0.847372
0.843882
0.848787
0.84449
0.845117
0.848322
0.844498
0.844998
0.844453
0.846937
0.846981
0.846829
0.847964
0.846236
0.846447
0.846804
0.848147
0.844626
0.848216
0.842144
0.846764
0.850516
0.844279
0.84911
0.848666
0.847175
0.844443
0.847931
0.844514
0.844658
0.847166
0.848422
0.849314
0.847587
0.846647
0.847168
0.843726
0.845657
0.845393
0.843401
0.846394
0.848217
0.84458
0.848152
0.846824
0.842203
0.848492
0.845195
0.846346
0.847992
0.847384
0.846972
0.847881
0.845385
0.848911
0.846736
0.848162
0.847467
0.845705
0.846612
0.845967
0.847344
0.842107
0.848833
0.844337
0.84643
0.84364
0.846247
0.848228
0.846661
0.84589
0.845388
0.84248
0.846582
0.847513
0.847134
0.846993
0.847103
0.848188
0.846361
0.846286
0.842584
0.843537
0.846384
0.847767
0.84383
0.846937
0.846379
0.851103
0.84762
0.848879
0.847758
0.847026
0.849168
0.847429
0.847377
0.845342
0.846834
0.84712
0.84612
0.845042
0.846122
0.843079
0.847859
0.842187
0.847911
0.847535
0.84573
0.847324
0.84573
0.846878
0.844609
0.846176
0.850487
0.84744
0.847695
0.848058
0.847752
0.847852
0.846121
0.846613
0.846666
0.846157
0.850025
0.848394
0.850058
0.843862
0.846737
0.844008
0.84827
0.846033
0.844601
0.846407
0.846153
0.846704
0.845187
0.849598
0.845882
0.84736
0.850953
0.84896
0.847175
0.84697
0.849539
0.849047
0.847271
0.844502
0.848034
0.847016
0.845327
0.845236
0.846378
0.845076
0.845522
0.844648
0.845734
0.846502
0.84834
0.850608
0.848099
0.843322
0.845997
0.844203
0.848701
0.845707
0.84702
0.844915
0.84368
0.846174
0.846169
0.846287
0.849416
0.846353
0.847904
0.847638
0.846568
0.844821
0.8477
0.844681
0.847053
0.847909
0.847852
0.845984
0.847049
0.846227
0.846484
0.848636
0.845945
0.847212
0.84618
0.847385
0.845285
0.847513
0.85138
0.845668
0.847536
0.846916
0.844915
0.8471
0.84153
0.845548
0.845086
0.846483
0.846734
0.850631
0.847321
0.843636
0.847271
0.847094
0.846453
0.850297
0.848081
0.84719
0.848081
0.848129
0.847648
0.845189
0.845849
0.846944
0.848113
0.842788
0.849265
0.846816
0.845758
0.845278
0.846764
0.847168
0.845915
0.845431
0.849818
0.846701
0.843922
0.851267
0.846823
0.845537
0.850266
0.845432
0.844073
0.848127
0.84949
0.84747
0.844284
0.847161
0.846545
0.848642
0.846989
0.846886
0.848218
0.846563
0.845704
0.849098
0.844274
0.845769
0.843145
0.847331
0.847644
0.845515
0.847469
0.847445
0.846775
0.846695
0.846298
0.849597
0.845586
0.847413
0.845687
0.845771
0.844172
0.847667
0.849392
0.847207
0.848141
0.846701
0.849909
0.843336
0.847844
0.84698
0.843645
0.845189
0.842534
0.845975
0.847602
0.848321
0.84657
0.847301
0.846625
0.848497
0.845494
0.847724
0.848669
0.845406
0.847325
0.846608
0.846783
0.844299
0.850348
0.846048
0.845341
0.846679
0.848784
0.847563
0.851118
0.847775
0.846781
0.845255
0.846932
0.847679
0.844872
0.848571
0.844497
0.847672
0.84733
0.847797
0.849618
0.847601
0.846321
0.848365
0.843472
0.844988
0.849685
0.847844
0.848362
0.846978
0.846958
0.842028
0.84672
0.848751
0.851261
0.84825
0.848662
0.845233
0.849693
0.845886
0.843096
0.846166
0.847654
0.845033
0.847133
0.84833
0.850494
0.847922
0.848723
0.846022
0.843235
0.848882
0.847285
0.844242
0.846626
0.846977
0.84909
0.847823
0.845877
0.84644
0.843911
0.848182
0.844785
0.847954
0.842717
0.845505
0.847809
0.843204
0.845811
0.845364
0.846858
0.847585
0.849872
0.847142
0.845739
0.845989
0.849047
0.846414
0.847893
0.84472
0.848007
0.846467
0.844631
0.847249
0.846632
0.84595
0.84502
0.844687
0.845082
0.846766
0.847016
0.846323
0.849474
0.846229
0.84546
0.849833
0.844916
0.845819
0.845772
0.844094
0.843181
0.844158
0.847702
0.849017
0.845498
0.851319
0.846276
0.84846
0.846377
0.845433
0.845581
0.845437
0.843795
0.845927
0.845646
0.845713
0.847689
0.845349
0.848846
0.846923
0.848557
0.849008
0.846985
0.843432
0.848067
0.847629
0.847907
0.846909
0.846512
0.845224
0.843947
0.848858
0.845328
0.844769
0.847187
0.844827
0.848717
0.842797
0.844655
0.845444
0.845035
0.842079
0.845231
0.845781
0.844781
0.844123
0.849753
0.844343
0.847152
0.847524
0.846418
0.849385
0.847134
0.846907
0.845484
0.846343
0.84556
0.843261
0.845999
0.852064
0.8482
0.845451
0.847255
0.843207
0.849391
0.844021
0.845062
0.845944
0.848018
0.848113
0.846972
0.84445
0.845499
0.848402
0.846189
0.846208
0.847929
0.849088
0.845571
0.845061
0.845128
0.848477
0.846668
0.849188
0.84759
0.848869
0.845934
0.844249
0.845768
0.843123
0.847038
0.84595
0.846592
0.850897
0.851996
0.852179
0.846404
0.844748
0.847204
0.846375
0.846683
0.845912
0.848976
0.84576
0.844898
0.845812
0.841383
0.845633
0.846883
0.847123
0.845339
0.847871
0.848975
0.849341
0.845761
0.847391
0.844231
0.846112
0.849259
0.845155
0.84718
0.845453
0.846591
0.846448
0.847361
0.84467
0.846195
0.844117
0.84569
0.847089
0.844446
0.849052
0.847346
0.844988
0.847648
0.845377
0.847835
0.849208
0.845342
0.849429
0.848425
0.848797
0.844665
0.845321
0.85105
0.843479
0.844003
0.846965
0.845447
0.8454
0.84553
0.8452
0.84624
0.841079
0.84709
0.84326
0.846129
0.847946
0.845286
0.84916
0.847039
0.851905
0.846645
0.843729
0.846111
0.843947
0.848109
0.843149
0.84859
0.84663
0.84233
0.845914
0.845981
0.846549
0.848403
0.84651
0.845069
0.846488
0.845397
0.846418
0.841685
0.848358
0.846636
0.848471
0.841849
0.845682
0.84462
0.84677
0.849054
0.847913
0.850066
0.843602
0.847258
0.843901
0.845932
0.848067
0.849315
0.84812
0.847296
0.846615
0.846615
0.845599
0.845667
0.847738
0.846823
0.848018
0.845398
0.846277
0.849657
0.845698
0.84552
0.846791
0.846033
0.845805
0.844879
0.849064
0.845219
0.848285
0.849077
0.843567
0.847737
0.848986
0.846287
0.847029
0.845388
0.849849
0.848212
0.847147
0.847032
0.847598
0.8477
0.848198
0.846799
0.849325
0.848305
0.846772
0.844452
0.847346
0.84744
0.847051
0.849401
0.848509
0.843952
0.849877
0.847882
0.850158
0.844965
0.84304
0.851548
0.847837
0.844812
0.847569
0.845851
0.847857
0.846995
0.849284
0.846296
0.848616
0.849533
0.846206
0.847623
0.848636
0.846831
0.851273
0.846586
0.847507
0.850628
0.843391
0.845778
0.846814
0.846413
0.847296
0.845935
0.850707
0.845928
0.847387
0.844357
0.844076
0.8434
0.849813
0.847377
0.849864
0.848948
0.848353
0.846425
0.845482
0.845618
0.848242
0.844178
0.848501
0.845872
0.845989
0.848737
0.847851
0.845918
0.845267
0.846656
0.844851
0.846719
0.847938
0.846453
0.847787
0.84389
0.847324
0.847739
0.842847
0.845872
0.847498
0.848141
0.848116
0.849991
0.847623
0.847527
0.848972
0.848924
0.843415
0.844572
0.84525
0.849455
0.8463
0.851033
0.849699
0.848111
0.843934
0.847155
0.846333
0.846252
0.849481
0.84565
0.847213
0.843401
0.842639
0.846513
0.845742
0.845886
0.846261
0.845271
0.844912
0.847784
0.849373
0.849293
0.847758
0.845761
0.842878
0.845747
0.848539
0.848344
0.846602
0.847239
0.847364
0.848085
0.845162
0.849854
0.849644
0.842922
0.84849
0.848056
0.8457
0.843123
0.845679
0.847266
0.848771
0.851542
0.848905
0.849238
0.849993
0.842108
0.84506
0.847386
0.847437
0.846162
0.847955
0.844127
0.848928
0.849966
0.847745
0.846565
0.850659
0.844724
0.848567
0.84762
0.845393
0.845943
0.847109
0.848023
0.846812
0.845319
0.84694
0.848923
0.849728
0.848198
0.84715
0.847463
0.846648
0.843425
0.842822
0.845664
0.842303
0.849688
0.850777
0.845521
0.85099
0.847361
0.849671
0.848693
0.845537
0.849602
0.84621
0.84437
0.843151
0.848245
0.847955
0.847766
0.848177
0.852758
0.847239
0.850567
0.849307
0.843798
0.848397
0.843108
0.850373
0.846675
0.847343
0.848045
0.848225
0.845006
0.844761
0.843849
0.845764
0.845031
0.843284
0.845257
0.845636
0.844533
0.84528
0.849393
0.848174
0.846943
0.845587
0.844315
0.849706
0.848074
0.844613
0.848445
0.847762
0.849687
0.844458
0.845912
0.849256
0.848997
0.847094
0.847392
0.846032
0.848327
0.849237
0.847023
0.845582
0.847789
0.846468
0.847653
0.847496
0.847052
0.84607
0.851441
0.845088
0.845701
0.847392
0.847461
0.844468
0.847858
0.846667
0.846561
0.844553
0.845908
0.846876
0.845452
0.846446
0.846634
0.844037
0.848472
0.845044
0.8454
0.847533
0.846719
0.842574
0.845266
0.84703
0.846582
0.846934
0.846279
0.849278
0.842992
0.845592
0.843487
0.849289
0.845505
0.844862
0.84819
0.84669
0.846999
0.847528
0.842744
0.844275
0.845392
0.843725
0.845077
0.848369
0.844014
0.847268
0.846282
0.846667
0.848668
0.848601
0.844625
0.846098
0.841534
0.84632
0.844849
0.846059
0.844388
0.846046
0.847637
0.845285
0.845748
0.844708
0.843178
0.845863
0.845995
0.846513
0.848111
0.846307
0.846636
0.844227
0.850869
0.846219
0.849779
0.847963
0.843628
0.846551
0.846836
0.845964
0.848982
0.849648
0.846476
0.843557
0.849079
0.844323
0.843088
0.849037
0.844261
0.843822
0.846903
0.846239
0.845625
0.845559
0.845937
0.845923
0.848911
0.845133
0.848397
0.845697
0.846261
0.851786
0.846384
0.849634
0.845605
0.847613
0.844455
0.84735
0.843794
0.851335
0.84578
0.846426
0.846809
0.847244
0.848452
0.847449
0.850326
0.847314
0.847279
0.84422
0.849981
0.844761
0.84676
0.846577
0.85195
0.846783
0.846566
0.844455
0.845794
0.847447
0.843558
0.844422
0.844498
0.846114
0.847609
0.847258
0.847241
0.845777
0.847863
0.846998
0.84828
0.848839
0.85097
0.843853
0.847545
0.848743
0.849508
0.844514
0.850106
0.849669
0.846626
0.847359
0.846378
0.84842
0.850671
0.847642
0.846842
0.848731
0.843739
0.843938
0.842796
0.847563
0.845577
0.846555
0.842674
0.845088
0.846482
0.845583
0.844961
0.845143
0.843913
0.844988
0.843024
0.848629
0.844448
0.846175
0.844327
0.850351
0.846154
0.846121
0.848919
0.845672
0.847874
0.847661
0.845551
0.849623
0.847483
0.845916
0.847368
0.85044
0.848249
0.84878
0.851125
0.848725
0.84361
0.849818
0.849363
0.845823
0.848813
0.844764
0.8458
0.843409
0.845532
0.849119
0.845509
0.851009
0.847182
0.847989
0.846433
0.847015
0.848909
0.846603
0.847252
0.844064
0.84931
0.851085
0.846649
0.844755
0.84492
0.845449
0.847564
0.844049
0.845949
0.849636
0.850014
0.845494
0.846628
0.845184
0.846012
0.848954
0.846558
0.846389
0.844731
0.848862
0.844925
0.848445
0.846836
0.845919
0.848936
0.845801
0.845696
0.84599
0.848194
0.846662
0.84674
0.845582
0.84723
0.849812
0.847231
0.846014
0.845671
0.846878
0.846657
0.843575
0.848769
0.845654
0.845699
0.848089
0.846491
0.848928
0.850165
0.847482
0.847488
0.848548
0.843178
0.844824
0.839623
0.844973
0.846215
0.847339
0.844437
0.847991
0.845036
0.845865
0.845118
0.84315
0.844894
0.846332
0.848781
0.847714
0.847073
0.847308
0.846027
0.84557
0.8434
0.846904
0.848335
0.845498
0.843822
0.844151
0.848762
0.846049
0.847819
0.847266
0.849062
0.848332
0.848445
0.848307
0.845738
0.846127
0.844522
0.845936
0.849509
0.844483
0.848539
0.844714
0.848905
0.8453
0.849767
0.849095
0.848264
0.845554
0.847893
0.843594
0.84497
0.849266
0.846459
0.848133
0.843798
0.847535
0.84736
0.846451
0.850427
0.848544
0.845703
0.844997
0.845292
0.841739
0.851802
0.847547
0.848744
0.84826
0.847056
0.846144
0.848552
0.844936
0.844077
0.846775
0.846393
0.848613
0.84466
0.848497
0.84343
0.844477
0.845556
0.845987
0.846433
0.844171
0.845492
0.852728
0.847317
0.848512
0.847452
0.843721
0.843981
0.847298
0.84636
0.84602
0.84403
0.844813
0.847211
0.844264
0.848748
0.847202
0.850298
0.84509
0.848764
0.84482
0.845663
0.846624
0.848676
0.846378
0.843677
0.844992
0.847353
0.847023
0.846692
0.842329
0.850504
0.8463
0.843844
0.843434
0.847113
0.848881
0.843043
0.850942
0.848534
0.847489
0.846833
0.842317
0.849231
0.846263
0.850629
0.848762
0.847583
0.848489
0.848117
0.844172
0.845622
0.844428
0.847955
0.850391
0.845467
0.848127
0.844141
0.847055
0.846694
0.849191
0.846509
0.848671
0.847871
0.846926
0.849541
0.847725
0.846757
0.848701
0.849786
0.847559
0.844089
0.849278
0.84456
0.849993
0.844226
0.84634
0.845712
0.848138
0.843806
0.845777
0.8506
0.846631
0.845812
0.844104
0.846772
0.847258
0.847251
0.846252
0.846026
0.847482
0.849072
0.842329
0.84591
0.849957
0.846948
0.845537
0.848613
0.84684
0.843129
0.852029
0.847571
0.846565
0.845777
0.849788
0.844757
0.846318
0.845701
0.849704
0.845573
0.846796
0.848596
0.845517
0.846263
0.847967
0.85
0.847378
0.843846
0.84565
0.846375
0.847351
0.846438
0.847957
0.848526
0.847536
0.845655
0.848924
0.846349
0.842599
0.845602
0.847109
0.848534
0.847465
0.847048
0.847492
0.850333
0.848435
0.846263
0.849101
0.844883
0.850805
0.849013
0.84667
0.84578
0.847122
0.846046
0.845696
0.84587
0.846924
0.850073
0.848914
0.84088
0.843814
0.843427
0.844874
0.845709
0.848291
0.8451
0.84533
0.8447
0.84471
0.846795
0.847936
0.84482
0.84849
0.848318
0.847028
0.848737
0.842998
0.84672
0.84629
0.845194
0.846014
0.850307
0.848887
0.846852
0.844156
0.845724
0.843642
0.84782
0.848271
0.84758
0.846716
0.841338
0.846624
0.848685
0.84881
0.851493
0.845341
0.845826
0.847192
0.844715
0.846937
0.845485
0.843229
0.84549
0.846065
0.847191
0.848177
0.843593
0.843837
0.850109
0.842023
0.846902
0.841496
0.847988
0.847471
0.847243
0.846807
0.842077
0.849459
0.847471
0.843259
0.843852
0.846109
0.845742
0.846887
0.845998
0.847839
0.846584
0.850208
0.843313
0.847682
0.846599
0.845631
0.845903
0.84586
0.84594
0.84435
0.846849
0.84784
0.846258
0.846223
0.850713
0.848027
0.846829
0.848393
0.842453
0.847971
0.846174
0.847582
0.846181
0.85065
0.847115
0.846421
0.846225
0.843618
0.845606
0.847597
0.845289
0.84827
0.84957
0.845241
0.848879
0.850793
0.844714
0.846432
0.846168
0.844705
0.845095
0.848416
0.845852
0.844767
0.848406
0.846544
0.842519
0.845524
0.847558
0.844764
0.84637
0.84699
0.84607
0.846243
0.845821
0.846621
0.849533
0.84997
0.849275
0.847679
0.846155
0.846685
0.847114
0.848803
0.847236
0.846341
0.848485
0.849381
0.844659
0.846966
0.853464
0.849199
0.84825
0.8461
0.846975
0.844479
0.846431
0.849446
0.845962
0.844612
0.847923
0.848165
0.844735
0.845715
0.849261
0.844163
0.845915
0.846682
0.848372
0.846975
0.852242
0.849433
0.847417
0.843399
0.844844
0.849395
0.846514
0.845662
0.84352
0.849266
0.846307
0.844085
0.85139
0.850128
0.849321
0.846855
0.847267
0.847606
0.843928
0.846129
0.843973
0.845515
0.8497
0.847127
0.846753
0.847391
0.846021
0.847077
0.845392
0.845064
0.849022
0.848179
0.851716
0.845844
0.848009
0.842825
0.847657
0.848707
0.849118
0.84509
0.845868
0.850134
0.846368
0.847858
0.847007
0.844794
0.844937
0.844248
0.846886
0.846016
0.847109
0.847104
0.847037
0.844687
0.842512
0.845229
0.84509
0.844515
0.852886
0.846623
0.845278
0.846283
0.842448
0.847497
0.849289
0.845955
0.846191
0.846224
0.843949
0.844154
0.846617
0.84187
0.844664
0.844639
0.844029
0.845554
0.84545
0.844999
0.846393
0.84523
0.845559
0.849222
0.849638
0.846031
0.847764
0.848748
0.846785
0.84545
0.848328
0.844314
0.848118
0.84817
0.847578
0.847377
0.846785
0.846772
0.848473
0.846653
0.847162
0.847707
0.844762
0.849626
0.846865
0.847624
0.846559
0.845596
0.848449
0.84463
0.845982
0.844315
0.846737
0.840653
0.847126
0.845885
0.845248
0.84704
0.847193
0.848677
0.844948
0.849091
0.850363
0.848951
0.844009
0.846136
0.845879
0.845143
0.848448
0.847049
0.846461
0.845325
0.842728
0.847476
0.848597
0.84718
0.847159
0.847386
0.849222
0.846266
0.846111
0.84711
0.846533
0.84879
0.845895
0.847531
0.848173
0.847279
0.844263
0.847601
0.848137
0.847401
0.843694
0.845819
0.84817
0.847916
0.844349
0.846105
0.84696
0.845349
0.847695
0.847066
0.843423
0.849149
0.847421
0.848894
0.846126
0.847779
0.84756
0.846827
0.846249
0.844994
0.845212
0.849746
0.844786
0.841307
0.844675
0.845566
0.846418
0.851046
0.846506
0.847077
0.850535
0.844186
0.845902
0.847617
0.846494
0.847535
0.848784
0.847469
0.845226
0.847521
0.84636
0.844881
0.848908
0.848833
0.843735
0.846369
0.846337
0.851543
0.848215
0.848169
0.850751
0.848081
0.848279
0.844258
0.848594
0.847094
0.846676
0.843546
0.849476
0.847019
0.845116
0.847335
0.845169
0.845963
0.845648
0.845728
0.848822
0.842795
0.846661
0.845902
0.845693
0.849578
0.844868
0.846931
0.846046
0.846115
0.843916
0.843854
0.846793
0.84515
0.845571
0.846697
0.844294
0.846381
0.847682
0.845788
0.84728
0.845962
0.847823
0.846191
0.846311
0.847961
0.845081
0.84389
0.848947
0.849093
0.847427
0.845035
0.846496
0.848458
0.844483
0.844705
0.850062
0.84413
0.849094
0.848437
0.844757
0.845154
0.848539
0.846299
0.846984
0.846746
0.846004
0.846754
0.850233
0.847068
0.849353
0.847724
0.845833
0.847841
0.847514
0.845418
0.845611
0.848475
0.849374
0.844501
0.845243
0.844583
0.847572
0.850104
0.843774
0.848671
0.845225
0.847867
0.845665
0.845208
0.848043
0.84309
0.846772
0.852122
0.849847
0.846165
0.846234
0.845001
0.849603
0.84789
0.846119
0.845254
0.848512
0.846059
0.848457
0.844397
0.846104
0.848211
0.844815
0.850388
0.84612
0.848143
0.8456
0.848778
0.847097
0.848196
0.845487
0.842774
0.846136
0.847987
0.845157
0.847468
0.847077
0.848353
0.848553
0.844612
0.847315
0.845731
0.848107
0.847606
0.846167
0.847543
0.846707
0.846046
0.850393
0.84731
0.849632
0.84812
0.847985
0.842207
0.848693
0.846888
0.848749
0.846264
0.844973
0.846042
0.846949
0.84936
0.842655
0.847113
0.846181
0.843142
0.848126
0.845591
0.846406
0.848588
0.84653
0.845879
0.847903
0.845434
0.845821
0.847295
0.843924
0.851432
0.84868
0.844664
0.84754
0.847415
0.849371
0.845508
0.849681
0.84786
0.847836
0.84965
0.848578
0.848931
0.845895
0.845161
0.84661
0.841983
0.846827
0.845817
0.84662
0.847897
0.846201
0.845003
0.849584
0.846908
0.845373
0.846752
0.843702
0.844207
0.845994
0.849088
0.848348
0.84173
0.845025
0.848684
0.843208
0.843846
0.849283
0.84846
0.843793
0.847527
0.845835
0.845905
0.847332
0.851675
0.848623
0.845508
0.846935
0.848083
0.846676
0.84498
0.850764
0.846871
0.846125
0.845896
0.843978
0.849692
0.846934
0.846654
0.848582
0.848895
0.84904
0.847421
0.845064
0.846939
0.849108
0.847161
0.848655
0.844808
0.848262
0.844674
0.847841
0.847994
0.846618
0.845703
0.845806
0.847749
0.847597
0.846791
0.846969
0.846525
0.848932
0.848707
0.849741
0.84861
0.845897
0.841831
0.846139
0.850047
0.850238
0.844761
0.848022
0.845006
0.845899
0.845369
0.846806
0.844487
0.846015
0.845969
0.844763
0.845749
0.848193
0.845507
0.850161
0.847143
0.849465
0.846432
0.846517
0.844622
0.849625
0.84436
0.848831
0.845094
0.844747
0.844926
0.847209
0.846589
0.847724
0.845901
0.845563
0.845379
0.847999
0.849457
0.849109
0.850369
0.843818
0.847164
0.850453
0.84885
0.848547
0.847798
0.846992
0.844756
0.844489
0.850939
0.848066
0.845555
0.848142
0.846585
0.84942
0.84947
0.848369
0.846618
0.847638
0.847202
0.843424
0.84512
0.849601
0.84655
0.844881
0.847988
0.844873
0.8469
0.846632
0.845335
0.845053
0.843064
0.848908
0.848994
0.847613
0.845776
0.848202
0.84513
0.845136
0.847862
0.847852
0.847353
0.846483
0.845078
0.840408
0.847614
0.844917
0.845964
0.846674
0.847843
0.846419
0.850932
0.8455
0.845821
0.847936
0.848559
0.844391
0.845309
0.84899
0.848808
0.84942
0.839641
0.849175
0.846609
0.846557
0.847167
0.846996
0.848014
0.845435
0.84951
0.845152
0.84985
0.847558
0.846963
0.84794
0.847942
0.847357
0.849306
0.846061
0.841055
0.849413
0.845337
0.846457
0.84825
0.848231
0.848532
0.848325
0.844878
0.850591
0.844349
0.841217
0.848066
0.846467
0.846897
0.843467
0.847638
0.842608
0.843263
0.845752
0.845733
0.844093
0.845765
0.845695
0.846599
0.843895
0.847479
0.847939
0.847555
0.845767
0.847577
0.846876
0.848269
0.843115
0.845213
0.847205
0.844522
0.847159
0.845552
0.847618
0.845568
0.84305
0.848242
0.847129
0.84497
0.844845
0.847
0.843925
0.844398
0.843233
0.84656
0.84615
0.843182
0.847061
0.848583
0.847521
0.845884
0.843679
0.842254
0.842581
0.843811
0.845811
0.845792
0.843165
0.846537
0.843648
0.848134
0.849536
0.846597
0.84782
0.844451
0.846787
0.847774
0.845442
0.844995
0.84413
0.844549
0.844285
0.849174
0.846655
0.847769
0.844136
0.847338
0.845444
0.847596
0.84763
0.845685
0.846443
0.847809
0.848627
0.844633
0.845415
0.844452
0.848632
0.848166
0.847872
0.84583
0.846953
0.843764
0.849722
0.851795
0.843761
0.846494
0.84492
0.845307
0.844717
0.845748
0.843028
0.846201
0.849847
0.845788
0.844272
0.84754
0.845125
0.846257
0.847621
0.845048
0.845776
0.847867
0.845701
0.845894
0.846815
0.841879
0.846799
0.848518
0.845344
0.846515
0.847233
0.848213
0.84309
0.843392
0.848091
0.852222
0.848588
0.846099
0.846553
0.847852
0.850368
0.847073
0.847519
0.843968
0.845242
0.846855
0.847499
0.844155
0.846624
0.846846
0.847933
0.846967
0.847032
0.845048
0.844404
0.84838
0.844886
0.844536
0.845479
0.847355
0.847021
0.845481
0.84573
0.848599
0.845093
0.845802
0.849701
0.846309
0.844849
0.847226
0.847374
0.845961
0.845033
0.84545
0.845104
0.847489
0.846087
0.849157
0.845237
0.844974
0.849395
0.843908
0.847207
0.847618
0.846647
0.844501
0.850485
0.849392
0.847797
0.846152
0.844833
0.846138
0.842913
0.850148
0.848595
0.846548
0.845955
0.844473
0.848956
0.84526
0.850753
0.851923
0.848358
0.850094
0.8474
0.846279
0.84736
0.84628
0.845831
0.847363
0.848351
0.848464
0.848449
0.847927
0.843097
0.84656
0.846848
0.846337
0.849149
0.843409
0.849533
0.848129
0.8441
0.846406
0.848571
0.847415
0.845979
0.847149
0.850893
0.846016
0.8448
0.844499
0.84679
0.845342
0.845039
0.849974
0.84645
0.850059
0.84528
0.84641
0.8482
0.843005
0.848499
0.845409
0.845823
0.847425
0.846735
0.848259
0.847542
0.844801
0.84459
0.845252
0.842594
0.848307
0.845705
0.848008
0.848999
0.844516
0.849546
0.845543
0.848595
0.84909
0.849147
0.848972
0.846735
0.844426
0.848897
0.846223
0.843988
0.847927
0.845557
0.8481
0.849447
0.8468
0.846441
0.850448
0.847937
0.844792
0.848199
0.845735
0.846393
0.846457
0.845208
0.844229
0.847827
0.844946
0.850725
0.845842
0.845232
0.84492
0.843261
0.848883
0.849634
0.842769
0.84465
0.849145
0.847144
0.84472
0.846628
0.844978
0.850127
0.844367
0.84576
0.850255
0.849277
0.841579
0.846843
0.845536
0.846223
0.848933
0.843334
0.848562
0.844688
0.847838
0.847017
0.846143
0.849573
0.84566
0.849708
0.849312
0.848959
0.849733
0.845956
0.848896
0.847678
0.848165
0.846829
0.845636
0.848037
0.845843
0.846991
0.849827
0.845237
0.846877
0.847353
0.847816
0.846672
0.847245
0.842574
0.848068
0.848145
0.846393
0.846723
0.847688
0.847263
0.846788
0.847291
0.84391
0.844893
0.844108
0.847334
0.842333
0.848527
0.848536
0.84642
0.847302
0.847018
0.84722
0.84819
0.846285
0.84716
0.84989
0.845252
0.844615
0.846702
0.849
0.846528
0.848212
0.845189
0.846581
0.850346
0.847478
0.847347
0.848901
0.849201
0.847419
0.848469
0.846833
0.846783
0.849388
0.847565
0.848462
0.844669
0.844977
0.850594
0.84595
0.844809
0.84821
0.847292
0.844929
0.846173
0.846865
0.845626
0.844356
0.847056
0.846384
0.846624
0.848137
0.845378
0.848201
0.845524
0.847533
0.846689
0.85132
0.846978
0.847276
0.848463
0.844047
0.847482
0.846334
0.845572
0.845601
0.847422
0.845158
0.849487
0.8485
0.849993
0.846836
0.844683
0.847193
0.84306
0.847705
0.845125
0.842901
0.844942
0.845592
0.846489
0.846777
0.847611
0.846325
0.847417
0.84685
0.848343
0.845785
0.845801
0.844569
0.845195
0.846584
0.849618
0.847108
0.849093
0.846216
0.847475
0.848155
0.846179
0.841815
0.847323
0.845213
0.848327
0.847041
0.846472
0.847541
0.846392
0.847672
0.846182
0.849597
0.844921
0.847098
0.846201
0.847613
0.844821
0.849118
0.846725
0.849468
0.848096
0.8445
0.845991
0.848696
0.848611
0.84646
0.848931
0.846717
0.840482
0.844751
0.850347
0.845818
0.847801
0.844662
0.847025
0.84618
0.847588
0.844711
0.848593
0.847363
0.847174
0.847454
0.847617
0.844423
0.842556
0.845064
0.843828
0.846215
0.848387
0.847948
0.850149
0.847481
0.848282
0.852424
0.845981
0.846188
0.846563
0.849504
0.846386
0.846838
0.843591
0.848103
0.851904
0.8451
0.848424
0.84588
0.849416
0.846535
0.84863
0.846636
0.848975
0.848271
0.847123
0.845938
0.847465
0.845702
0.847534
0.843803
0.84715
0.845987
0.846841
0.847911
0.84543
0.847498
0.843524
0.845421
0.846444
0.849064
0.843518
0.848821
0.84808
0.844288
0.846951
0.844643
0.844026
0.846352
0.845459
0.84687
0.847648
0.842224
0.843147
0.846162
0.846201
0.846678
0.848563
0.844448
0.843658
0.84606
0.848297
0.849527
0.846681
0.848791
0.845643
0.849225
0.848461
0.847114
0.847245
0.850292
0.844166
0.846512
0.846504
0.844351
0.844135
0.845415
0.848294
0.845767
0.847448
0.84671
0.844803
0.847264
0.846112
0.846298
0.844524
0.847743
0.851171
0.848809
0.845059
0.847724
0.848819
0.848882
0.844814
0.844543
0.846887
0.846296
0.848845
0.849325
0.847841
0.843723
0.846552
0.844593
0.846137
0.845283
0.84789
0.844531
0.850774
0.843908
0.847507
0.84869
0.849085
0.845451
0.848255
0.850895
0.846296
0.843781
0.851989
0.848021
0.848743
0.846468
0.845991
0.843964
0.847322
0.849229
0.847792
0.844283
0.841218
0.848687
0.847939
0.847738
0.84642
0.847111
0.845757
0.849292
0.845337
0.848573
0.842408
0.845971
0.846333
0.847276
0.84886
0.846928
0.84625
0.843311
0.846808
0.848476
0.845508
0.849607
0.848002
0.84574
0.845401
0.851272
0.847267
0.8482
0.849262
0.847669
0.843506
0.847324
0.845913
0.846094
0.84605
0.849241
0.846709
0.8476
0.846603
0.843875
0.845705
0.845259
0.848723
0.84524
0.846406
0.848849
0.845919
0.847898
0.84642
0.845645
0.84555
0.845116
0.845453
0.847894
0.851519
0.848237
0.846121
0.846448
0.849497
0.848513
0.846608
0.84718
0.846159
0.847456
0.845747
0.846138
0.848721
0.849578
0.847188
0.847482
0.847553
0.852266
0.84561
0.848267
0.849323
0.850184
0.845989
0.846179
0.844263
0.8462
0.846928
0.843353
0.847985
0.847005
0.845848
0.84738
0.84696
0.84532
0.845334
0.844567
0.849215
0.843985
0.84411
0.846575
0.846505
0.845922
0.845689
0.849142
0.846002
0.851684
0.845972
0.8476
0.846229
0.846833
0.846783
0.844754
0.8436
0.842675
0.847978
0.849386
0.845587
0.847663
0.847652
0.844887
0.847983
0.84776
0.847871
0.842737
0.847142
0.848529
0.849012
0.847511
0.845125
0.847769
0.845576
0.844265
0.844241
0.850421
0.844261
0.844321
0.84712
0.841969
0.8468
0.847647
0.847008
0.843108
0.84611
0.843823
0.844953
0.848593
0.850589
0.847798
0.84925
0.845865
0.845912
0.845198
0.844818
0.846352
0.849297
0.841504
0.845959
0.849928
0.845352
0.84651
0.845335
0.844021
0.845335
0.844984
0.843351
0.842306
0.849203
0.853219
0.845847
0.846121
0.843177
0.846237
0.84521
0.845065
0.845353
0.847074
0.848033
0.846223
0.846789
0.846743
0.850007
0.846267
0.847832
0.844098
0.847145
0.846233
0.846899
0.846787
0.845316
0.842797
0.84596
0.849742
0.848176
0.844966
0.843608
0.846288
0.848545
0.846136
0.847572
0.842954
0.849291
0.843174
0.845891
0.84498
0.846728
0.842393
0.843971
0.848886
0.846885
0.847127
0.851243
0.851155
0.846504
0.847221
0.847434
0.845654
0.847636
0.845392
0.845408
0.846042
0.848295
0.845453
0.845936
0.847979
0.844786
0.845562
0.846473
0.848914
0.846201
0.847373
0.847578
0.843683
0.846038
0.84559
0.84508
0.84642
0.846011
0.845138
0.8456
0.846736
0.846143
0.845127
0.846715
0.846311
0.846725
0.848454
0.845493
0.846681
0.845314
0.843721
0.846974
0.84855
0.846219
0.848018
0.846289
0.846417
0.844487
0.845268
0.849638
0.84719
0.850215
0.845159
0.848131
0.850122
0.845404
0.8433
0.84769
0.84516
0.844554
0.848017
0.847314
0.849412
0.846594
0.845075
0.846761
0.845441
0.847023
0.847843
0.846643
0.846655
0.847824
0.85124
0.844558
0.848678
0.849871
0.844827
0.843777
0.845876
0.845134
0.844949
0.843887
0.845255
0.846105
0.847235
0.843668
0.846579
0.847853
0.843926
0.843718
0.846801
0.849841
0.844433
0.845722
0.843185
0.848265
0.846113
0.850883
0.849435
0.848919
0.850738
0.843341
0.846828
0.846695
0.847394
0.84494
0.84851
0.84608
0.844631
0.844593
0.848016
0.845247
0.846855
0.846046
0.845921
0.850012
0.846932
0.842798
0.847562
0.844876
0.842566
0.847581
0.847892
0.84876
0.845771
0.844927
0.848064
0.845716
0.848014
0.849418
0.840043
0.848355
0.842704
0.845461
0.847393
0.847413
0.849668
0.845597
0.847012
0.847934
0.84736
0.843967
0.849804
0.845768
0.847831
0.848602
0.845089
0.848822
0.847099
0.845487
0.845246
0.848755
0.843081
0.849761
0.847213
0.848712
0.847081
0.848362
0.849482
0.845306
0.847588
0.849363
0.846305
0.845268
0.851683
0.842988
0.847493
0.844627
0.847732
0.845266
0.848156
0.851068
0.84648
0.848871
0.844542
0.847549
0.847673
0.842542
0.846889
0.845872
0.848736
0.843955
0.848064
0.847651
0.84645
0.84575
0.848568
0.845068
0.850056
0.847162
0.845757
0.846129
0.846181
0.845939
0.849119
0.848326
0.8515
0.849959
0.847733
0.84314
0.847806
0.846826
0.847805
0.844114
0.846928
0.84913
0.846549
0.848943
0.847678
0.846712
0.845132
0.847184
0.843511
0.847152
0.845109
0.846524
0.844659
0.846308
0.845218
0.846444
0.846705
0.846031
0.84462
0.847567
0.84587
0.849484
0.847262
0.84676
0.846917
0.848616
0.842431
0.846792
0.847049
0.850235
0.846109
0.844218
0.849192
0.84782
0.845086
0.845416
0.843687
0.846374
0.847798
0.84813
0.843307
0.84545
0.846314
0.845788
0.847229
0.845357
0.847634
0.848646
0.84762
0.840079
0.84614
0.850027
0.84849
0.850247
0.842878
0.846641
0.848641
0.84592
0.84617
0.845474
0.84748
0.845194
0.851555
0.844927
0.845868
0.844742
0.847013
0.847278
0.84828
0.848541
0.843391
0.849521
0.848216
0.848347
0.847425
0.842973
0.846926
0.845373
0.84865
0.848312
0.849127
0.844913
0.847654
0.845667
0.848185
0.847632
0.8436
0.84635
0.849963
0.847211
0.848342
0.846438
0.845956
0.847355
0.849533
0.84907
0.845754
0.849381
0.844621
0.844918
0.846254
0.847576
0.84455
0.845166
0.850191
0.843856
0.848546
0.846231
0.846576
0.847792
0.843325
0.847284
0.84602
0.847234
0.850125
0.850434
0.845727
0.84769
0.845078
0.850175
0.84762
0.847318
0.84454
0.84691
0.845723
0.847712
0.843842
0.846728
0.846665
0.847942
0.849269
0.848111
0.844676
0.846069
0.845311
0.84835
0.845669
0.843664
0.84812
0.848757
0.847364
0.850899
0.846793
0.846158
0.845212
0.845737
0.848874
0.849551
0.84903
0.851617
0.848638
0.851651
0.845941
0.848639
0.846497
0.848886
0.847916
0.846919
0.848201
0.846256
0.845649
0.844487
0.845452
0.847812
0.84761
0.846542
0.848227
0.848746
0.845669
0.849768
0.844884
0.84684
0.84559
0.845278
0.848607
0.846673
0.843719
0.846046
0.847822
0.84414
0.843099
0.850143
0.847592
0.847609
0.84893
0.851158
0.847206
0.845705
0.848073
0.845395
0.844599
0.84619
0.84524
0.844198
0.84702
0.847846
0.844911
0.849272
0.84813
0.848327
0.845983
0.848891
0.844974
0.849553
0.843598
0.847478
0.844983
0.845979
0.841311
0.84676
0.847517
0.845271
0.850806
0.848992
0.846836
0.847034
0.845142
0.847742
0.845952
0.846221
0.850956
0.846769
0.8456
0.850509
0.846496
0.842034
0.849081
0.846637
0.84375
0.845877
0.844623
0.851359
0.845987
0.844911
0.849373
0.846274
0.849506
0.847818
0.847744
0.849839
0.845208
0.846189
0.848085
0.844178
0.848251
0.846525
0.846003
0.846953
0.85131
0.843916
0.848629
0.84707
0.847376
0.845639
0.847864
0.843375
0.844419
0.849137
0.846326
0.844051
0.849523
0.844466
0.844754
0.846629
0.847668
0.847851
0.848983
0.849333
0.850702
0.84483
0.845466
0.846885
0.844411
0.843977
0.848105
0.84832
0.847695
0.842337
0.845944
0.84275
0.846522
0.842983
0.848186
0.848049
0.849867
0.84672
0.848775
0.848658
0.847992
0.844103
0.844833
0.84562
0.847307
0.842705
0.846678
0.844273
0.843326
0.848099
0.84808
0.841866
0.847812
0.84926
0.849631
0.847847
0.844704
0.851088
0.848118
0.843858
0.847268
0.845433
0.843294
0.846998
0.844557
0.847983
0.844636
0.84484
0.850476
0.845255
0.848356
0.84651
0.846679
0.84795
0.847291
0.847503
0.845173
0.847656
0.844402
0.848915
0.846851
0.846793
0.845631
0.847677
0.850496
0.846457
0.846165
0.845649
0.848628
0.845568
0.844748
0.846596
0.851157
0.847806
0.849871
0.84578
0.846032
0.844696
0.847626
0.845099
0.846974
0.847709
0.847923
0.848505
0.847084
0.84631
0.848085
0.847169
0.850225
0.848636
0.846441
0.850567
0.848075
0.846401
0.84779
0.8462
0.846739
0.84822
0.845227
0.846144
0.84646
0.848189
0.843226
0.852866
0.850049
0.846238
0.846275
0.845964
0.850485
0.844618
0.843398
0.849027
0.852811
0.847664
0.849773
0.84735
0.845803
0.846985
0.846782
0.842778
0.844146
0.849129
0.846178
0.847711
0.84691
0.844925
0.846073
0.849052
0.84834
0.848307
0.848899
0.846122
0.850041
0.847152
0.84564
0.84584
0.845997
0.847419
0.842593
0.846957
0.847223
0.847745
0.847677
0.846999
0.842509
0.847629
0.846259
0.846242
0.849103
0.845914
0.846819
0.84903
0.843586
0.846347
0.84756
0.844229
0.843874
0.848622
0.846795
0.844152
0.847772
0.84646
0.845903
0.843849
0.843191
0.846763
0.845596
0.849771
0.84377
0.847442
0.844615
0.847459
0.847916
0.849596
0.849915
0.842805
0.845698
0.84621
0.843975
0.847209
0.847889
0.847392
0.8433
0.846467
0.847076
0.844959
0.848064
0.846711
0.846768
0.846165
0.848108
0.845586
0.848875
0.846087
0.851759
0.848789
0.848486
0.846918
0.846194
0.845579
0.846042
0.846809
0.843186
0.845908
0.849454
0.845242
0.849609
0.84629
0.846012
0.845404
0.844704
0.847627
0.849001
0.841889
0.844928
0.844705
0.846495
0.845645
0.846154
0.845642
0.84811
0.847453
0.848531
0.846744
0.847425
0.842581
0.847865
0.847839
0.847511
0.851004
0.845473
0.84278
0.843995
0.845812
0.845179
0.846411
0.844822
0.844603
0.847169
0.84815
0.846335
0.848149
0.845862
0.845007
0.843645
0.847223
0.845405
0.848745
0.845963
0.845864
0.844876
0.848539
0.847822
0.846077
0.846677
0.847059
0.846526
0.845068
0.847061
0.847582
0.848189
0.843627
0.851805
0.84936
0.847004
0.84602
0.845751
0.847091
0.844476
0.848797
0.851222
0.846433
0.84814
0.845512
0.846773
0.848603
0.843708
0.84546
0.8439
0.84872
0.848815
0.85054
0.845461
0.852218
0.844516
0.845808
0.846272
0.843316
0.845308
0.846934
0.845168
0.848195
0.842074
0.845353
0.844965
0.847127
0.843181
0.846416
0.845468
0.848822
0.850172
0.845833
0.846103
0.845826
0.84353
0.845485
0.848436
0.846033
0.84353
0.844795
0.848764
0.849308
0.848375
0.848162
0.843606
0.846372
0.849469
0.850429
0.844189
0.847421
0.846307
0.848843
0.847264
0.847376
0.84684
0.84479
0.847784
0.849244
0.848207
0.846037
0.848731
0.845088
0.846615
0.847287
0.846842
0.845468
0.843362
0.847011
0.843555
0.84915
0.849019
0.848142
0.843807
0.847132
0.846937
0.848581
0.849219
0.846198
0.847167
0.842112
0.847779
0.84952
0.846516
0.848343
0.842127
0.842789
0.848607
0.847657
0.850174
0.846786
0.845939
0.846455
0.847952
0.846559
0.846267
0.845997
0.845873
0.844854
0.848601
0.846534
0.846372
0.848359
0.849454
0.844883
0.845328
0.84678
0.849404
0.84584
0.842397
0.851013
0.846599
0.846145
0.844689
0.847774
0.847421
0.845387
0.848578
0.849139
0.848322
0.844109
0.845604
0.845308
0.845901
0.845405
0.846043
0.847742
0.847581
0.848907
0.849448
0.843552
0.847538
0.849907
0.850007
0.845468
0.846788
0.847775
0.846912
0.84659
0.846191
0.846774
0.8477
0.851817
0.848244
0.843059
0.846354
0.852637
0.838651
0.846144
0.849145
0.844162
0.851185
0.845603
0.846684
0.848941
0.847795
0.848717
0.848035
0.850088
0.849915
0.846961
0.84752
0.844938
0.84392
0.847895
0.848603
0.847231
0.848963
0.846892
0.846099
0.845847
0.851276
0.843752
0.84471
0.847211
0.847648
0.847313
0.84793
0.846451
0.849613
0.844
0.848867
0.845998
0.848115
0.844969
0.847518
0.846433
0.846518
0.842326
0.849486
0.844581
0.843129
0.843816
0.849491
0.850088
0.848024
0.847118
0.8449
0.845392
0.843782
0.84973
0.845704
0.845496
0.844225
0.846918
0.847407
0.845992
0.843414
0.845234
0.848945
0.849012
0.846537
0.848302
0.848088
0.847568
0.84668
0.846878
0.845225
0.846115
0.846295
0.841741
0.845301
0.845184
0.843825
0.846788
0.847539
0.846753
0.846289
0.845691
0.842443
0.849072
0.847031
0.843451
0.848694
0.84875
0.849547
0.847266
0.848764
0.84456
0.845271
0.847501
0.840899
0.851182
0.846375
0.847407
0.844587
0.843192
0.844695
0.847532
0.842947
0.84658
0.846483
0.847621
0.844895
0.847355
0.845498
0.845888
0.847891
0.8458
0.845843
0.847173
0.846682
0.846337
0.842727
0.846673
0.843713
0.84709
0.846394
0.843211
0.844722
0.845826
0.84857
0.84672
0.84646
0.845641
0.849546
0.845543
0.848045
0.847605
0.848275
0.846775
0.848075
0.848812
0.848663
0.846104
0.84563
0.847863
0.849779
0.845841
0.847151
0.845908
0.848945
0.849037
0.846527
0.845303
0.846702
0.846759
0.84896
0.850094
0.843036
0.849178
0.84763
0.849058
0.846905
0.847758
0.847516
0.845316
0.84222
0.846064
0.844257
0.847146
0.844668
0.847108
0.846707
0.844144
0.842344
0.847674
0.847763
0.845746
0.847405
0.849814
0.846913
0.84681
0.847013
0.848047
0.847401
0.845849
0.845625
0.846975
0.844475
0.847015
0.846649
0.848949
0.847294
0.843224
0.845228
0.845648
0.844164
0.844966
0.846776
0.842908
0.847571
0.849017
0.848384
0.844649
0.846925
0.844144
0.847166
0.84771
0.84716
0.8472
0.845198
0.846224
0.847189
0.851367
0.847024
0.84766
0.846756
0.84355
0.845
0.844861
0.848036
0.845827
0.843918
0.84862
0.845762
0.848068
0.848777
0.849938
0.844116
0.845244
0.84662
0.847432
0.850091
0.847901
0.848655
0.844951
0.845214
0.848312
0.846839
0.847496
0.847433
0.846085
0.848936
0.847277
0.84758
0.846073
0.848516
0.845922
0.844615
0.8455
0.849466
0.844494
0.846253
0.844083
0.844408
0.845064
0.848116
0.844756
0.848839
0.848459
0.848844
0.848959
0.847013
0.844669
0.848349
0.848467
0.845071
0.851232
0.84649
0.849066
0.848283
0.845304
0.846768
0.845617
0.849749
0.846219
0.846585
0.848178
0.848374
0.846321
0.844791
0.850325
0.843614
0.846707
0.84724
0.845888
0.84631
0.848859
0.848668
0.851996
0.847863
0.845961
0.847383
0.846471
0.843189
0.845441
0.844956
0.84713
0.848278
0.84233
0.846225
0.842735
0.847022
0.845306
0.846106
0.84513
0.847039
0.846034
0.847618
0.847862
0.843841
0.849603
0.847462
0.845773
0.851499
0.847548
0.848534
0.847278
0.849075
0.844654
0.846282
0.850554
0.849225
0.849202
0.849506
0.851321
0.844911
0.849497
0.84759
0.845135
0.847224
0.845085
0.84781
0.844124
0.849676
0.846552
0.847802
0.846958
0.850126
0.845827
0.845546
0.843809
0.847175
0.846415
0.847856
0.846796
0.844675
0.843827
0.845876
0.84678
0.849732
0.846116
0.848545
0.845479
0.846151
0.844809
0.847366
0.843306
0.845908
0.845823
0.847837
0.846262
0.848307
0.843348
0.844427
0.849542
0.848566
0.84777
0.847649
0.845325
0.843937
0.847971
0.850786
0.846851
0.849231
0.846986
0.847689
0.848632
0.845076
0.844541
0.846511
0.844727
0.846598
0.846383
0.845261
0.845534
0.845888
0.842447
0.846721
0.844637
0.847658
0.848815
0.847518
0.846753
0.846192
0.846178
0.847784
0.845106
0.84424
0.844869
0.84602
0.840855
0.848014
0.849444
0.844635
0.843234
0.849619
0.848312
0.851427
0.848899
0.848726
0.846909
0.844481
0.84938
0.845226
0.84764
0.843765
0.848582
0.848468
0.843786
0.847941
0.8449
0.845559
0.847909
0.847793
0.843362
0.845058
0.850518
0.847607
0.847328
0.844297
0.845605
0.846691
0.848407
0.84629
0.846413
0.846549
0.849353
0.845069
0.846881
0.846612
0.843377
0.847452
0.844543
0.847312
0.842894
0.848112
0.847995
0.842221
0.847005
0.845353
0.846685
0.844797
0.849198
0.843994
0.852056
0.84918
0.842499
0.845157
0.846866
0.845869
0.846802
0.847257
0.847377
0.842703
0.84689
0.851363
0.846097
0.847381
0.844895
0.847411
0.846669
0.843084
0.846836
0.847547
0.850381
0.846996
0.847656
0.84698
0.845448
0.844401
0.848181
0.846047
0.84418
0.844497
0.847272
0.846154
0.847439
0.843742
0.846503
0.846784
0.847067
0.842344
0.842739
0.844663
0.845018
0.845608
0.849034
0.844926
0.846142
0.84782
0.849416
0.847778
0.845279
0.84408
0.84402
0.847821
0.848025
0.84603
0.843912
0.846034
0.84887
0.846302
0.8489
0.847208
0.847639
0.844819
0.847143
0.845456
0.84532
0.845344
0.846238
0.845295
0.845649
0.846701
0.846378
0.848076
0.846611
0.845213
0.848206
0.845552
0.84544
0.845462
0.846228
0.844177
0.848042
0.845451
0.847322
0.843857
0.850793
0.849744
0.848901
0.849902
0.846707
0.847086
0.84625
0.844592
0.847104
0.847636
0.850271
0.846578
0.844161
0.847411
0.845387
0.84731
0.849479
0.84806
0.84386
0.848466
0.844035
0.846009
0.850528
0.845474
0.844411
0.847228
0.846561
0.845691
0.847133
0.845605
0.845136
0.843879
0.847517
0.84516
0.848352
0.8484
0.843695
0.843485
0.846693
0.848778
0.846566
0.846633
0.844828
0.845891
0.848564
0.845385
0.844271
0.851583
0.846302
0.847689
0.847961
0.851819
0.848695
0.846105
0.846469
0.846064
0.84557
0.844563
0.849774
0.848058
0.848238
0.845132
0.847027
0.845965
0.844608
0.845168
0.846114
0.852637
0.846871
0.8488
0.847893
0.846109
0.839498
0.849184
0.846192
0.845054
0.846741
0.844478
0.848787
0.843842
0.844374
0.850168
0.846525
0.847141
0.846897
0.844213
0.847895
0.843382
0.848392
0.846816
0.8452
0.845623
0.845556
0.844321
0.850258
0.846536
0.849109
0.84882
0.845313
0.849092
0.844624
0.846089
0.846398
0.845902
0.847774
0.843437
0.850061
0.846584
0.847995
0.852285
0.849171
0.84622
0.84366
0.849415
0.849256
0.850369
0.845405
0.84645
0.845098
0.848739
0.846866
0.848011
0.848629
0.845722
0.843088
0.845912
0.846603
0.844644
0.845747
0.848187
0.850462
0.846632
0.846038
0.844935
0.847641
0.841742
0.844986
0.847546
0.844211
0.84794
0.849613
0.845346
0.849034
0.843578
0.847739
0.844495
0.846573
0.846682
0.84557
0.843687
0.844114
0.847614
0.842826
0.847822
0.846353
0.846722
0.848092
0.846492
0.845224
0.848119
0.843883
0.848483
0.845947
0.847747
0.843547
0.845021
0.844861
0.845097
0.84841
0.846921
0.846983
0.848177
0.848045
0.850011
0.846804
0.848627
0.84611
0.847738
0.84381
0.843716
0.850193
0.845638
0.843748
0.851814
0.849417
0.850185
0.848501
0.843346
0.849577
0.850473
0.846436
0.850056
0.848697
0.844748
0.847518
0.843955
0.844734
0.846777
0.846882
0.848132
0.845609
0.848527
0.844037
0.846602
0.84933
0.849901
0.845012
0.844841
0.850007
0.848747
0.848437
0.847256
0.847418
0.846832
0.847768
0.848504
0.849464
0.846751
0.848238
0.849678
0.844137
0.846099
0.84873
0.844718
0.847137
0.849982
0.844653
0.847826
0.845729
0.847943
0.849662
0.845499
0.846256
0.847107
0.847734
0.847055
0.849675
0.850021
0.844405
0.845923
0.845401
0.845796
0.847575
0.846401
0.847437
0.849111
0.848352
0.846678
0.845083
0.848711
0.8508
0.84855
0.845449
0.845173
0.843892
0.849718
0.849412
0.844812
0.845542
0.846059
0.848285
0.846418
0.84651
0.846561
0.849304
0.844532
0.849723
0.845018
0.846976
0.847529
0.849227
0.843324
0.844228
0.844584
0.84583
0.846243
0.84809
0.846178
0.846227
0.850071
0.848753
0.847159
0.84426
0.84556
0.847623
0.848825
0.848375
0.845454
0.847053
0.846337
0.850656
0.843189
0.848329
0.846682
0.844699
0.844323
0.850181
0.845381
0.848454
0.845864
0.844301
0.849859
0.847707
0.849148
0.845901
0.847168
0.851526
0.845294
0.848422
0.847581
0.845417
0.844923
0.847726
0.847466
0.847266
0.850117
0.846892
0.843285
0.84402
0.844412
0.84588
0.848327
0.843702
0.844704
0.84656
0.84606
0.845257
0.844613
0.846381
0.846642
0.848476
0.843591
0.845485
0.846707
0.851552
0.848754
0.845743
0.844838
0.847001
0.850215
0.846825
0.848801
0.847464
0.846452
0.849888
0.849674
0.846461
0.847225
0.846365
0.850407
0.849408
0.845789
0.84704
0.848135
0.844546
0.846701
0.845659
0.84561
0.845542
0.850087
0.850412
0.845087
0.84506
0.847777
0.848604
0.847124
0.846073
0.841315
0.840508
0.844428
0.845662
0.844468
0.849986
0.848628
0.853161
0.8506
0.848709
0.847268
0.84686
0.84652
0.847628
0.845738
0.847359
0.84786
0.844674
0.84528
0.845306
0.846688
0.848784
0.846783
0.843323
0.848796
0.848432
0.848639
0.848244
0.845374
0.847691
0.842715
0.845412
0.847337
0.846895
0.844665
0.845537
0.846671
0.844568
0.843838
0.848089
0.847381
0.845357
0.849965
0.845125
0.846012
0.847843
0.845402
0.848175
0.84636
0.845292
0.845394
0.847325
0.847873
0.844767
0.846609
0.844013
0.84918
0.850279
0.843456
0.847505
0.843069
0.844741
0.847204
0.845847
0.849509
0.843564
0.844727
0.845298
0.846791
0.843889
0.847361
0.847301
0.848007
0.846434
0.843657
0.847749
0.843026
0.84922
0.847442
0.844844
0.842921
0.848191
0.845229
0.848384
0.849724
0.845756
0.849328
0.847547
0.84493
0.846629
0.848301
0.847264
0.851476
0.843864
0.842592
0.845048
0.847813
0.848837
0.845862
0.847619
0.846901
0.847611
0.848437
0.846448
0.844953
0.847844
0.847644
0.846153
0.847037
0.846614
0.84584
0.844364
0.845172
0.848369
0.845008
0.842609
0.844523
0.850187
0.84755
0.844641
0.847459
0.847872
0.840649
0.848459
0.847645
0.845489
0.84591
0.84424
0.846963
0.847378
0.840607
0.847712
0.845981
0.84478
0.846225
0.848692
0.843198
0.846272
0.847337
0.847332
0.845699
0.845587
0.848207
0.849981
0.844521
0.844562
0.844297
0.844223
0.84605
0.848547
0.845894
0.84509
0.848991
0.845465
0.847215
0.850321
0.848004
0.846873
0.846491
0.845652
0.846612
0.846038
0.850947
0.84584
0.848131
0.850494
0.842918
0.848216
0.847756
0.847859
0.845715
0.845581
0.846428
0.847057
0.850515
0.846374
0.845679
0.848336
0.849195
0.847563
0.849145
0.847975
0.848977
0.85113
0.846201
0.845627
0.844202
0.848988
0.850133
0.84409
0.846877
0.847845
0.846535
0.847232
0.844615
0.843853
0.844688
0.845726
0.846153
0.844844
0.844765
0.848521
0.848555
0.847342
0.844797
0.846247
0.846757
0.846875
0.846176
0.844493
0.844238
0.847707
0.849296
0.849324
0.845989
0.845545
0.849305
0.847504
0.842387
0.847625
0.847464
0.84305
0.844391
0.846432
0.847382
0.844626
0.842889
0.846412
0.845898
0.846923
0.848982
0.84948
0.850688
0.845503
0.847289
0.846833
0.851294
0.846447
0.846694
0.846123
0.845834
0.844948
0.846514
0.847333
0.850167
0.846603
0.845945
0.844596
0.843912
0.845516
0.845037
0.848543
0.846302
0.847239
0.84411
0.84661
0.850297
0.846522
0.845752
0.843027
0.844617
0.845102
0.845953
0.848958
0.846573
0.848548
0.844261
0.845678
0.847394
0.844691
0.845528
0.84608
0.849091
0.846658
0.847274
0.845898
0.842989
0.84603
0.846919
0.849814
0.846712
0.844206
0.846234
0.843378
0.848202
0.847039
0.845864
0.84733
0.847909
0.849088
0.846493
0.849261
0.845259
0.846884
0.844348
0.848183
0.846284
0.843542
0.849338
0.846922
0.846084
0.847859
0.843217
0.846413
0.845335
0.849484
0.849201
0.848503
0.846563
0.843811
0.848863
0.844041
0.842821
0.848671
0.84599
0.847802
0.844134
0.847494
0.843583
0.847483
0.84435
0.84116
0.848705
0.848294
0.849151
0.846542
0.848176
0.851406
0.84692
0.848316
0.845402
0.844523
0.842704
0.846751
0.846398
0.848733
0.848234
0.849084
0.846307
0.847802
0.84952
0.848551
0.846514
0.849579
0.848036
0.849704
0.846775
0.848919
0.848905
0.847548
0.84571
0.846923
0.84461
0.845951
0.845253
0.844898
0.846781
0.848248
0.84908
0.848873
0.844468
0.850117
0.847165
0.84436
0.84547
0.848166
0.842627
0.850979
0.844895
0.848689
0.846795
0.846886
0.845154
0.847299
0.850141
0.848447
0.84883
0.84621
0.850813
0.849837
0.84551
0.844838
0.847529
0.848152
0.844039
0.844562
0.848369
0.843915
0.844494
0.849122
0.848458
0.849237
0.844979
0.845363
0.847141
0.843307
0.847851
0.845765
0.84248
0.847039
0.848523
0.847771
0.847142
0.846735
0.849577
0.848248
0.845468
0.843737
0.845372
0.844903
0.847168
0.846303
0.847283
0.846404
0.844822
0.8499
0.845013
0.847309
0.846037
0.845118
0.849452
0.844543
0.845198
0.845029
0.845671
0.848517
0.845359
0.84286
0.844209
0.84601
0.845269
0.848551
0.84682
0.851784
0.844896
0.846686
0.845433
0.846599
0.847517
0.850131
0.848399
0.848635
0.849433
0.849837
0.849084
0.849236
0.843252
0.846793
0.843126
0.845408
0.848245
0.848114
0.847275
0.849497
0.844987
0.845706
0.846955
0.847165
0.85004
0.850637
0.845891
0.845212
0.843752
0.851025
0.847918
0.850936
0.84666
0.844603
0.847709
0.847216
0.846247
0.847758
0.846022
0.847589
0.844704
0.845522
0.846745
0.846882
0.849524
0.844473
0.845148
0.848388
0.844651
0.844575
0.845153
0.84681
0.848329
0.848519
0.842354
0.849333
0.850987
0.846343
0.848445
0.850088
0.84615
0.846836
0.846438
0.848955
0.848583
0.845893
0.845658
0.847468
0.84763
0.846106
0.846254
0.845725
0.845479
0.843337
0.846789
0.846647
0.84472
0.846964
0.844529
0.845046
0.846841
0.847464
0.847263
0.8511
0.844737
0.845813
0.847288
0.845618
0.84526
0.845794
0.846621
0.845875
0.846265
0.846297
0.845435
0.847909
0.844515
0.845013
0.844272
0.850098
0.844275
0.847206
0.847455
0.844674
0.848208
0.84718
0.848756
0.845873
0.848186
0.844845
0.848055
0.844976
0.845289
0.847556
0.845157
0.846291
0.846558
0.84391
0.84924
0.849769
0.846295
0.846457
0.845234
0.848504
0.845889
0.848118
0.848401
0.850347
0.848459
0.843823
0.847287
0.847929
0.84342
0.845006
0.846896
0.84584
0.849957
0.847022
0.846552
0.846558
0.846319
0.848404
0.846596
0.848677
0.846585
0.84733
0.846159
0.84823
0.844524
0.845317
0.848779
0.846129
0.847595
0.848519
0.848094
0.847605
0.843579
0.845394
0.847387
0.844646
0.847029
0.849588
0.847497
0.846976
0.848963
0.846662
0.850546
0.846518
0.845266
0.844839
0.846837
0.844634
0.850019
0.848124
0.845991
0.84462
0.845368
0.846909
0.848201
0.847295
0.845599
0.845556
0.846185
0.846628
0.846646
0.843189
0.848024
0.84566
0.847108
0.848954
0.845477
0.84444
0.846873
0.848386
0.850476
0.844031
0.844948
0.846199
0.84694
0.851127
0.843291
0.846608
0.84623
0.846836
0.846347
0.846187
0.845074
0.849017
0.849695
0.848739
0.849542
0.845003
0.847646
0.846311
0.84558
0.846902
0.847455
0.847149
0.844348
0.847936
0.848011
0.841282
0.847843
0.845217
0.848874
0.847524
0.845317
0.847293
0.84873
0.846501
0.846939
0.850457
0.84656
0.844888
0.847013
0.84573
0.849768
0.848813
0.842137
0.846721
0.848115
0.847937
0.84662
0.846546
0.84654
0.849395
0.846437
0.851084
0.84853
0.847462
0.844885
0.848886
0.848582
0.848284
0.84752
0.849987
0.849285
0.850244
0.848575
0.847746
0.846865
0.845915
0.843277
0.847458
0.846791
0.844393
0.84626
0.844848
0.845538
0.843637
0.846724
0.84756
0.84989
0.84902
0.84659
0.847502
0.844772
0.848695
0.8467
0.847481
0.851608
0.849438
0.848004
0.847692
0.846288
0.844412
0.850269
0.846762
0.846684
0.850867
0.84647
0.846097
0.849044
0.844425
0.84863
0.848114
0.847617
0.847929
0.845728
0.843044
0.843326
0.850062
0.845936
0.846655
0.845758
0.845796
0.846784
0.847321
0.848807
0.845498
0.845007
0.849003
0.846821
0.847177
0.845598
0.847798
0.850114
0.847152
0.846062
0.84792
0.847308
0.844085
0.848606
0.847714
0.842625
0.849802
0.844719
0.846481
0.844634
0.845626
0.844142
0.847251
0.843475
0.843025
0.853246
0.849047
0.847589
0.848821
0.846356
0.848287
0.846499
0.843942
0.84213
0.844584
0.844147
0.84806
0.845598
0.849006
0.845968
0.848003
0.846102
0.844053
0.846189
0.843253
0.845378
0.846786
0.844497
0.850077
0.847085
0.845822
0.845174
0.844829
0.847245
0.848356
0.845038
0.844924
0.849163
0.846947
0.846199
0.843954
0.844843
0.84791
0.845778
0.847577
0.847106
0.848071
0.847223
0.849519
0.8464
0.850315
0.84826
0.84675
0.844365
0.848524
0.847462
0.847606
0.848375
0.843495
0.844508
0.844426
0.845882
0.842894
0.84316
0.845321
0.844742
0.849097
0.846554
0.847825
0.843501
0.84623
0.84701
0.846273
0.847571
0.849283
0.846411
0.84782
0.845958
0.842714
0.84957
0.846338
0.843093
0.847795
0.843616
0.847012
0.844747
0.846044
0.850028
0.848706
0.84466
0.840769
0.84342
0.84559
0.845577
0.846871
0.845174
0.847017
0.847308
0.844159
0.845339
0.843988
0.848448
0.845242
0.846256
0.84577
0.845287
0.846534
0.843598
0.844874
0.846353
0.846832
0.846743
0.847863
0.841302
0.849382
0.84767
0.846761
0.846096
0.847037
0.846077
0.846568
0.847804
0.84379
0.847491
0.847095
0.844339
0.8438
0.850599
0.846857
0.846504
0.84317
0.845418
0.850647
0.848225
0.847022
0.848114
0.847007
0.847007
0.848253
0.849019
0.84934
0.847428
0.846972
0.849529
0.847591
0.849044
0.847043
0.846085
0.845644
0.847469
0.847951
0.844745
0.845065
0.845433
0.845894
0.847737
0.84934
0.846076
0.84755
0.848954
0.846001
0.846159
0.84857
0.846937
0.847831
0.846593
0.846869
0.844589
0.844576
0.848606
0.846671
0.847536
0.846088
0.843007
0.844244
0.848789
0.845705
0.844597
0.847011
0.847576
0.847035
0.845457
0.848171
0.846897
0.847295
0.848597
0.842698
0.847554
0.845829
0.848119
0.845331
0.848028
0.846218
0.846713
0.845886
0.845858
0.848441
0.848256
0.84484
0.8457
0.845376
0.846734
0.849186
0.845978
0.846368
0.845869
0.849952
0.848446
0.845322
0.84751
0.846205
0.846065
0.845916
0.849117
0.846485
0.848347
0.849495
0.847389
0.848346
0.848587
0.846864
0.847685
0.849574
0.84716
0.848249
0.843893
0.844524
0.848386
0.848269
0.844154
0.846563
0.84646
0.846695
0.848448
0.846727
0.846114
0.846357
0.846535
0.845739
0.850366
0.851232
0.842205
0.84764
0.849296
0.845878
0.849705
0.848591
0.845159
0.847951
0.848081
0.843831
0.850591
0.850453
0.846669
0.849532
0.851773
0.848859
0.850684
0.844812
0.847189
0.846363
0.847004
0.848638
0.846188
0.845722
0.843934
0.848082
0.847383
0.846472
0.846322
0.846279
0.846538
0.845998
0.845719
0.844653
0.846454
0.843124
0.847134
0.847004
0.843032
0.851095
0.846599
0.84624
0.847756
0.847989
0.846658
0.846236
0.846785
0.845824
0.844867
0.843597
0.845859
0.849983
0.846401
0.845533
0.847084
0.847089
0.846513
0.849374
0.848863
0.84816
0.845577
0.84707
0.848491
0.848778
0.847288
0.848165
0.846018
0.847016
0.850105
0.845159
0.845533
0.849948
0.848417
0.847698
0.846827
0.843025
0.846978
0.848273
0.850166
0.846104
0.846572
0.847373
0.846964
0.84363
0.84416
0.848801
0.846066
0.84563
0.847302
0.847006
0.846809
0.845876
0.849913
0.84686
0.851414
0.848633
0.84731
0.844376
0.849098
0.845978
0.846209
0.84323
0.848512
0.843751
0.850793
0.847305
0.843826
0.847415
0.846663
0.848456
0.844347
0.84629
0.846163
0.848956
0.842944
0.847766
0.851085
0.844812
0.845006
0.843819
0.848784
0.847388
0.846829
0.850812
0.850026
0.846152
0.847159
0.851788
0.844744
0.846449
0.846646
0.843691
0.847034
0.847964
0.849241
0.846908
0.847953
0.843909
0.846225
0.845559
0.844801
0.847224
0.848954
0.844933
0.848192
0.843425
0.847588
0.847127
0.846104
0.84389
0.846064
0.844777
0.848595
0.845653
0.845448
0.847819
0.84632
0.845604
0.845862
0.844923
0.850508
0.845124
0.846446
0.847152
0.845666
0.843973
0.848454
0.850356
0.844987
0.847129
0.845871
0.846546
0.842926
0.847621
0.848639
0.845789
0.847748
0.846813
0.849242
0.845702
0.848591
0.851822
0.848326
0.848854
0.844218
0.849956
0.846482
0.844794
0.847045
0.84578
0.843952
0.843764
0.846327
0.846671
0.847058
0.847093
0.848243
0.848325
0.846558
0.847943
0.843542
0.849138
0.845008
0.845056
0.846105
0.845094
0.844796
0.848213
0.845074
0.848319
0.848621
0.847168
0.849041
0.846262
0.847655
0.850782
0.847477
0.848555
0.846291
0.849147
0.845642
0.849645
0.847892
0.84922
0.844381
0.84879
0.849172
0.849032
0.847094
0.847128
0.844846
0.847882
0.845988
0.850178
0.847449
0.844776
0.847205
0.845482
0.848112
0.848279
0.846566
0.849872
0.847608
0.846998
0.845966
0.845719
0.845302
0.845784
0.846499
0.846421
0.848776
0.843886
0.848486
0.846602
0.844102
0.846408
0.850189
0.84841
0.842465
0.844881
0.844855
0.844477
0.849341
0.846618
0.842765
0.848596
0.849319
0.843828
0.846576
0.845932
0.842651
0.847589
0.84624
0.845366
0.845529
0.842448
0.846043
0.846004
0.848655
0.850952
0.846531
0.845895
0.844856
0.841843
0.843447
0.845184
0.845921
0.84623
0.847193
0.845866
0.846434
0.849932
0.847624
0.849308
0.847228
0.846802
0.8432
0.850588
0.84607
0.843601
0.848079
0.848553
0.851869
0.845026
0.845843
0.844854
0.848214
0.847278
0.847765
0.839818
0.844805
0.844941
0.846538
0.848419
0.846921
0.8476
0.846828
0.842756
0.846419
0.847366
0.850014
0.845097
0.848028
0.845542
0.844071
0.849014
0.850344
0.845503
0.845893
0.846353
0.845988
0.850141
0.847961
0.847025
0.846905
0.849052
0.849984
0.848486
0.846672
0.845839
0.846425
0.848072
0.846471
0.845246
0.846458
0.849704
0.846937
0.848036
0.844463
0.844635
0.851589
0.844502
0.845103
0.84818
0.847026
0.846767
0.849245
0.847977
0.846758
0.846461
0.850657
0.847913
0.848587
0.849313
0.843869
0.843086
0.846492
0.845204
0.844647
0.847957
0.844633
0.846218
0.848078
0.844641
0.844838
0.8489
0.843752
0.844647
0.846877
0.84545
0.847453
0.845174
0.844066
0.848352
0.849474
0.846914
0.846514
0.842144
0.849298
0.844774
0.845527
0.84892
0.847655
0.848394
0.847737
0.848203
0.843159
0.847458
0.845587
0.848416
0.843799
0.843477
0.845592
0.846278
0.849004
0.845581
0.844692
0.845298
0.84484
0.848833
0.848658
0.846001
0.847674
0.851527
0.846509
0.845585
0.847085
0.844262
0.842252
0.843058
0.848432
0.850201
0.848576
0.84763
0.844301
0.845534
0.844935
0.848311
0.844743
0.844142
0.844584
0.845795
0.844418
0.84487
0.845626
0.845344
0.847901
0.846179
0.846257
0.844842
0.844646
0.846832
0.843501
0.848768
0.846359
0.850395
0.84795
0.847221
0.847585
0.848318
0.848212
0.847545
0.847955
0.846549
0.846544
0.84639
0.845701
0.846166
0.845787
0.84904
0.850249
0.844628
0.841467
0.845197
0.843474
0.846719
0.84833
0.846105
0.84507
0.846082
0.845673
0.844458
0.852301
0.84886
0.847991
0.846946
0.84566
0.845753
0.848088
0.846977
0.847196
0.842051
0.847992
0.846404
0.849715
0.849285
0.843485
0.849418
0.84709
0.84318
0.845779
0.844657
0.844325
0.847475
0.846381
0.845075
0.84546
0.847323
0.848041
0.846221
0.845906
0.848406
0.845044
0.845796
0.846395
0.84514
0.845729
0.846282
0.843751
0.846514
0.847876
0.846147
0.84567
0.845554
0.848609
0.849597
0.845178
0.847165
0.846489
0.84692
0.846385
0.845541
0.842945
0.847996
0.8421
0.846671
0.847536
0.84449
0.844869
0.842616
0.846372
0.847885
0.847591
0.844965
0.847799
0.849411
0.84584
0.844811
0.847053
0.846566
0.847844
0.845262
0.84765
0.847433
0.846869
0.846764
0.851385
0.845574
0.844275
0.846305
0.849992
0.847251
0.843006
0.849948
0.851657
0.845569
0.852611
0.844232
0.844141
0.845249
0.846957
0.850651
0.846032
0.846502
0.847788
0.848422
0.842965
0.84805
0.848372
0.847536
0.846662
0.845371
0.843515
0.846946
0.846421
0.844395
0.846878
0.843419
0.847094
0.847492
0.846835
0.849261
0.848704
0.848644
0.848308
0.848509
0.845269
0.845568
0.848423
0.845716
0.843057
0.845055
0.850854
0.845343
0.845113
0.848861
0.845521
0.846092
0.843188
0.849767
0.849613
0.842477
0.84561
0.846691
0.84993
0.847155
0.850272
0.844646
0.849361
0.844351
0.84906
0.844411
0.848869
0.843678
0.847105
0.84632
0.848319
0.844152
0.849684
0.84732
0.844853
0.846283
0.846002
0.848538
0.848503
0.84461
0.843457
0.846903
0.848702
0.847556
0.846493
0.848086
0.843279
0.847052
0.847771
0.846028
0.847591
0.848311
0.848384
0.845913
0.845127
0.845436
0.848797
0.848312
0.84665
0.841623
0.847216
0.848644
0.849307
0.846321
0.845814
0.842799
0.839856
0.845113
0.844291
0.846099
0.844133
0.847698
0.847023
0.847671
0.847961
0.846887
0.846243
0.848714
0.846434
0.84812
0.849301
0.846921
0.845287
0.847188
0.84536
0.843191
0.845972
0.84542
0.844922
0.846285
0.847079
0.847187
0.846438
0.84389
0.8472
0.843618
0.84401
0.8498
0.848384
0.84687
0.846227
0.84847
0.843262
0.845869
0.846826
0.847839
0.842967
0.843837
0.847412
0.844846
0.849817
0.844155
0.848073
0.847742
0.844585
0.846849
0.844842
0.847176
0.84931
0.849837
0.845702
0.845757
0.847452
0.848616
0.846079
0.84668
0.842551
0.844047
0.846635
0.84894
0.846706
0.842594
0.847229
0.845538
0.846453
0.844481
0.846038
0.847917
0.848558
0.84732
0.845989
0.848083
0.845345
0.849655
0.849727
0.845373
0.846922
0.849412
0.845317
0.847458
0.84428
0.847149
0.846327
0.847006
0.845854
0.847676
0.844604
0.848534
0.84455
0.847377
0.852254
0.84614
0.842649
0.847115
0.846665
0.849178
0.851034
0.849742
0.845562
0.846755
0.8476
0.847155
0.847587
0.84576
0.846203
0.844112
0.848582
0.844438
0.846332
0.84728
0.845457
0.847363
0.848407
0.845199
0.845594
0.850085
0.847614
0.846548
0.850706
0.848941
0.847946
0.849527
0.848237
0.846233
0.850405
0.850894
0.846272
0.848239
0.844429
0.844838
0.845392
0.845582
0.84757
0.846856
0.85152
0.847563
0.84855
0.85031
0.847699
0.845823
0.848903
0.84123
0.844772
0.849295
0.846752
0.844184
0.845826
0.846145
0.84248
0.849672
0.847504
0.847661
0.848177
0.847243
0.846454
0.843738
0.847055
0.847888
0.847471
0.843135
0.84657
0.845546
0.848891
0.843827
0.844873
0.845634
0.844358
0.847314
0.843808
0.848554
0.846479
0.844688
0.847627
0.845589
0.846723
0.846956
0.846897
0.849139
0.845671
0.845778
0.844174
0.850731
0.84084
0.843204
0.846959
0.842919
0.845751
0.84305
0.848141
0.846336
0.84299
0.848336
0.844882
0.848564
0.845901
0.844689
0.846652
0.848016
0.844834
0.845166
0.849042
0.847538
0.84565
0.848287
0.84696
0.844269
0.8443
0.842938
0.844239
0.848936
0.849917
0.848742
0.847262
0.847902
0.846092
0.847475
0.846751
0.84469
0.846442
0.844042
0.846876
0.845488
0.846299
0.849863
0.845711
0.847521
0.846069
0.848432
0.846949
0.848054
0.843866
0.847087
0.846827
0.843638
0.845437
0.849182
0.850294
0.844211
0.848312
0.850993
0.847831
0.847194
0.844858
0.848601
0.84487
0.846811
0.848948
0.846063
0.842813
0.846486
0.849846
0.847882
0.847192
0.843656
0.846166
0.84713
0.850926
0.848748
0.846882
0.845762
0.845228
0.845895
0.847876
0.846283
0.846897
0.840644
0.850657
0.848827
0.846077
0.846042
0.845752
0.84968
0.844457
0.847521
0.845838
0.847556
0.846555
0.850607
0.844025
0.845077
0.84656
0.847573
0.847427
0.849894
0.851073
0.844716
0.845709
0.850613
0.848277
0.847826
0.848203
0.846204
0.846313
0.847351
0.847271
0.847049
0.848438
0.845204
0.846807
0.847881
0.845569
0.84609
0.846927
0.852748
0.847026
0.848454
0.850114
0.842923
0.843306
0.846295
0.844102
0.846351
0.848759
0.846758
0.845876
0.846712
0.848794
0.84474
0.845557
0.846478
0.845746
0.848097
0.845997
0.848249
0.846717
0.847633
0.844825
0.845929
0.847614
0.851714
0.847722
0.847659
0.847529
0.847759
0.845764
0.84789
0.847719
0.846505
0.845649
0.842991
0.847584
0.846897
0.847081
0.847831
0.85016
0.844899
0.850683
0.847463
0.844773
0.846546
0.850911
0.847345
0.849842
0.844524
0.847476
0.843793
0.843743
0.844794
0.848146
0.85047
0.848409
0.847136
0.847637
0.844793
0.848646
0.845193
0.844777
0.844945
0.845479
0.847986
0.845577
0.848668
0.848603
0.844446
0.847141
0.84275
0.847938
0.847697
0.845791
0.848231
0.846279
0.849079
0.848548
0.848211
0.851408
0.84813
0.845914
0.845945
0.84595
0.848113
0.844532
0.850005
0.844525
0.846577
0.845153
0.847342
0.84802
0.843403
0.846857
0.849448
0.848904
0.849087
0.844355
0.848872
0.846847
0.848904
0.845534
0.850119
0.842301
0.846855
0.847672
0.844092
0.850699
0.847575
0.849368
0.849052
0.848917
0.843272
0.847855
0.841466
0.842253
0.844573
0.846607
0.848053
0.848819
0.845109
0.845473
0.844604
0.843076
0.848089
0.84558
0.843625
0.848171
0.850622
0.849383
0.848091
0.846278
0.843108
0.846703
0.850303
0.847643
0.849343
0.848694
0.847269
0.849084
0.848972
0.845567
0.848557
0.848488
0.844519
0.84391
0.850807
0.846903
0.84609
0.844912
0.84611
0.845473
0.844984
0.847775
0.846476
0.843804
0.847055
0.846573
0.84679
0.851723
0.846664
0.845646
0.845715
0.847063
0.845154
0.847977
0.842447
0.847293
0.847754
0.845807
0.850951
0.846409
0.845728
0.848739
0.847492
0.8473
0.849784
0.848778
0.847065
0.850438
0.847054
0.849319
0.844888
0.843073
0.847951
0.847417
0.846587
0.851111
0.846485
0.849656
0.849124
0.846925
0.842342
0.846494
0.848036
0.847396
0.847633
0.844568
0.843448
0.848345
0.84897
0.845457
0.844789
0.84992
0.844408
0.846099
0.8434
0.845945
0.846352
0.845491
0.84775
0.847443
0.848004
0.840871
0.845984
0.845113
0.845904
0.845337
0.846766
0.84205
0.845983
0.846388
0.846049
0.848484
0.848977
0.84736
0.843979
0.850587
0.845865
0.847764
0.848515
0.845144
0.845621
0.848259
0.848873
0.850333
0.846046
0.847497
0.844852
0.844091
0.84914
0.842003
0.847589
0.844531
0.849985
0.844362
0.845575
0.845049
0.846251
0.845387
0.845715
0.848254
0.845967
0.844683
0.847965
0.847939
0.847522
0.847259
0.847913
0.846057
0.844211
0.846687
0.849292
0.846574
0.847509
0.848418
0.845645
0.846915
0.848037
0.844984
0.848639
0.846211
0.847531
0.843539
0.844893
0.846334
0.846467
0.846447
0.842394
0.849007
0.848879
0.849402
0.841993
0.844546
0.846256
0.846116
0.846657
0.846979
0.845583
0.84719
0.850272
0.845798
0.849402
0.846867
0.851557
0.846581
0.849989
0.849392
0.842911
0.846179
0.850499
0.846092
0.84518
0.847607
0.846658
0.84764
0.842669
0.843769
0.85208
0.845864
0.845958
0.848222
0.849425
0.850058
0.845872
0.850182
0.845511
0.843442
0.846587
0.844768
0.851022
0.849437
0.845105
0.848157
0.845321
0.849308
0.848351
0.84681
0.844139
0.844394
0.845283
0.847743
0.84961
0.847994
0.849583
0.845814
0.848784
0.850065
0.847664
0.845186
0.845845
0.847323
0.84763
0.843147
0.844641
0.847722
0.847232
0.85073
0.84758
0.843788
0.847359
0.849549
0.847632
0.84881
0.848025
0.842042
0.848753
0.848043
0.847558
0.843901
0.847073
0.84499
0.842144
0.849006
0.847798
0.849819
0.844535
0.846536
0.845593
0.851051
0.848482
0.847075
0.848146
0.848339
0.845673
0.844963
0.844969
0.851924
0.84643
0.847113
0.844764
0.847224
0.850309
0.841536
0.843213
0.849174
0.847624
0.844663
0.843832
0.846564
0.84389
0.848003
0.847443
0.844405
0.842135
0.84459
0.845748
0.847027
0.845692
0.846255
0.845776
0.848728
0.843843
0.845541
0.851804
0.847662
0.84816
0.844422
0.845276
0.847821
0.848409
0.851429
0.847305
0.846018
0.848477
0.845042
0.84886
0.846482
0.846231
0.843141
0.846662
0.845053
0.845169
0.843049
0.849221
0.848178
0.846588
0.848207
0.846688
0.845115
0.845708
0.848222
0.84667
0.845664
0.846841
0.846491
0.846954
0.848021
0.846434
0.845915
0.847763
0.847433
0.850625
0.845398
0.846287
0.846038
0.843385
0.843946
0.844441
0.84439
0.847617
0.84607
0.84781
0.844
0.846905
0.849481
0.849184
0.849606
0.844912
0.850217
0.852206
0.846417
0.845951
0.844778
0.846085
0.847021
0.844422
0.848121
0.841552
0.846035
0.84659
0.847495
0.847236
0.844953
0.847769
0.844801
0.846202
0.847431
0.843608
0.847777
0.845878
0.845026
0.849459
0.850071
0.846959
0.846968
0.846786
0.848367
0.846306
0.841096
0.848195
0.850147
0.84591
0.848389
0.850585
0.849515
0.848616
0.846547
0.845456
0.846821
0.841993
0.849879
0.847235
0.847393
0.848921
0.846549
0.848889
0.846493
0.843528
0.849287
0.848435
0.842989
0.847702
0.845557
0.847015
0.848805
0.850072
0.847051
0.847042
0.847637
0.846192
0.847449
0.845273
0.843641
0.85103
0.84867
0.845252
0.845209
0.844981
0.847564
0.849747
0.845897
0.84738
0.84657
0.853268
0.84559
0.84818
0.847813
0.848043
0.844364
0.845691
0.848987
0.845254
0.84495
0.850974
0.84768
0.845002
0.846091
0.845233
0.846244
0.846351
0.84623
0.846301
0.84794
0.848632
0.847995
0.846138
0.843978
0.847177
0.845995
0.843849
0.846145
0.845446
0.845542
0.845599
0.841943
0.843077
0.847481
0.847626
0.846851
0.848821
0.847077
0.846366
0.84756
0.847348
0.846998
0.849577
0.846084
0.845243
0.845533
0.845801
0.845784
0.8469
0.844394
0.851048
0.844113
0.84877
0.84592
0.849047
0.843905
0.847696
0.84464
0.845686
0.848015
0.846112
0.847476
0.842074
0.846545
0.846947
0.845372
0.845476
0.84662
0.846608
0.84904
0.843296
0.845556
0.850663
0.847187
0.847954
0.849604
0.843271
0.850529
0.847239
0.844333
0.845396
0.84795
0.849634
0.845272
0.844642
0.8476
0.843778
0.84592
0.845559
0.846131
0.845012
0.847165
0.844531
0.847212
0.843887
0.849103
0.844987
0.850908
0.850269
0.845972
0.847746
0.845234
0.84495
0.845806
0.84695
0.845764
0.844786
0.844895
0.845759
0.848011
0.847273
0.847226
0.850427
0.844342
0.846621
0.843879
0.844816
0.847561
0.847056
0.848002
0.846362
0.846811
0.845792
0.848947
0.843515
0.850989
0.851091
0.845682
0.845498
0.847846
0.845536
0.844876
0.845497
0.84728
0.847389
0.850211
0.845176
0.848998
0.848768
0.844689
0.844845
0.846079
0.848613
0.845888
0.844224
0.843567
0.844914
0.844172
0.848445
0.848507
0.847635
0.847012
0.846862
0.846815
0.847371
0.845937
0.845679
0.846489
0.848876
0.845135
0.846749
0.848813
0.847874
0.84876
0.848288
0.847154
0.848014
0.848933
0.846017
0.845897
0.848041
0.845634
0.844768
0.841423
0.847417
0.843885
0.845964
0.843567
0.842289
0.845623
0.846451
0.845698
0.843676
0.84747
0.846126
0.845191
0.84716
0.8455
0.844762
0.844876
0.847609
0.851233
0.846828
0.846301
0.847352
0.849476
0.8434
0.847694
0.846833
0.845787
0.847999
0.845443
0.846309
0.843907
0.8469
0.847921
0.846226
0.848414
0.844603
0.844727
0.845032
0.84984
0.845507
0.841972
0.847483
0.848121
0.845055
0.847789
0.84456
0.850733
0.846038
0.845541
0.851498
0.844444
0.849865
0.845444
0.843149
0.845362
0.845192
0.845635
0.848605
0.847642
0.846355
0.847988
0.844899
0.842656
0.842658
0.850692
0.847001
0.851071
0.846333
0.845633
0.844127
0.848634
0.847169
0.844966
0.84401
0.845798
0.845186
0.849475
0.845582
0.847821
0.845294
0.846206
0.845338
0.845809
0.844791
0.848172
0.846516
0.844787
0.848654
0.849573
0.846265
0.845121
0.847225
0.846014
0.846652
0.844083
0.84903
0.846397
0.848666
0.846988
0.846115
0.842907
0.844514
0.847943
0.846019
0.846929
0.849953
0.844145
0.846773
0.846367
0.849325
0.850669
0.847462
0.848269
0.849032
0.84636
0.846045
0.844983
0.848449
0.850195
0.845252
0.84375
0.847797
0.850015
0.850728
0.848064
0.841611
0.845243
0.848083
0.844055
0.847197
0.847027
0.846128
0.843372
0.84955
0.850575
0.846435
0.850133
0.846786
0.84318
0.845934
0.847304
0.846928
0.847706
0.846442
0.844125
0.842828
0.847353
0.849068
0.846672
0.845915
0.848405
0.845053
0.847033
0.850074
0.8444
0.846599
0.848227
0.845899
0.846017
0.845501
0.846106
0.845357
0.847505
0.848863
0.848395
0.846845
0.844638
0.845476
0.850256
0.843949
0.848447
0.846984
0.84698
0.845796
0.849256
0.849943
0.845072
0.842755
0.846251
0.846505
0.845373
0.849468
0.84368
0.84663
0.846459
0.845287
0.842524
0.84951
0.845747
0.846354
0.849107
0.846901
0.84442
0.851004
0.845814
0.846739
0.844538
0.846988
0.847051
0.847205
0.854308
0.848625
0.847215
0.844962
0.844731
0.84746
0.844348
0.84399
0.844531
0.844722
0.847973
0.844648
0.845344
0.846381
0.845633
0.848164
0.846226
0.848798
0.847108
0.846071
0.845904
0.845011
0.847005
0.847776
0.848347
0.848569
0.848955
0.849962
0.850618
0.846825
0.844273
0.844697
0.845918
0.848037
0.847297
0.845798
0.851434
0.843773
0.843855
0.846474
0.844752
0.846433
0.848039
0.850516
0.848345
0.846187
0.846507
0.847417
0.85009
0.848736
0.846381
0.847714
0.850201
0.846746
0.845113
0.848661
0.850287
0.850014
0.847087
0.844621
0.848005
0.845715
0.845902
0.845026
0.845024
0.846836
0.845954
0.84751
0.848162
0.850508
0.846839
0.84654
0.846664
0.846866
0.845632
0.849142
0.844967
0.844567
0.848757
0.843772
0.843173
0.848639
0.850852
0.844711
0.845919
0.848368
0.849453
0.848182
0.843927
0.848933
0.846705
0.847908
0.849584
0.843391
0.849181
0.843519
0.844781
0.850381
0.845038
0.848402
0.848106
0.84952
0.84574
0.844686
0.848566
0.845817
0.848058
0.847105
0.846
0.841415
0.844161
0.848288
0.847444
0.843952
0.846224
0.84668
0.846869
0.846587
0.846777
0.84824
0.847513
0.847474
0.847875
0.847111
0.847879
0.847393
0.844506
0.847943
0.84945
0.847611
0.847049
0.843594
0.848114
0.849437
0.846707
0.847676
0.845815
0.849493
0.846585
0.844598
0.847933
0.844014
0.844741
0.84998
0.84523
0.844442
0.845278
0.845364
0.844256
0.843963
0.847852
0.84447
0.843919
0.845224
0.845547
0.847633
0.847718
0.845461
0.847577
0.847895
0.845684
0.844814
0.847896
0.844525
0.848052
0.842097
0.844935
0.845409
0.845728
0.843139
0.845162
0.851249
0.847607
0.850518
0.846606
0.846969
0.844429
0.848778
0.84618
0.849443
0.845908
0.847177
0.847576
0.844398
0.847262
0.845445
0.848045
0.847644
0.85086
0.84687
0.848726
0.846466
0.847334
0.846669
0.850687
0.844567
0.847665
0.843846
0.846107
0.848818
0.845916
0.848364
0.848622
0.84431
0.849906
0.844449
0.843948
0.845667
0.848777
0.848948
0.843329
0.847348
0.848023
0.849014
0.847589
0.848784
0.847035
0.848659
0.848791
0.845365
0.847944
0.845203
0.844553
0.847326
0.847295
0.843809
0.843778
0.845529
0.848978
0.845584
0.845454
0.844266
0.850703
0.844343
0.845265
0.849635
0.847134
0.844871
0.847707
0.844797
0.849561
0.850053
0.848448
0.84741
0.848658
0.843798
0.846894
0.848718
0.846005
0.846107
0.846581
0.847077
0.84687
0.848464
0.844859
0.845769
0.847046
0.846679
0.846561
0.845179
0.84934
0.851022
0.845508
0.846514
0.846384
0.849063
0.847278
0.844002
0.847939
0.845769
0.845896
0.847159
0.841324
0.846338
0.844034
0.850733
0.848297
0.846792
0.849651
0.846234
0.842853
0.844664
0.848431
0.847899
0.844766
0.84607
0.849047
0.848949
0.84661
0.849365
0.848265
0.84667
0.846171
0.847985
0.846719
0.847435
0.848333
0.845791
0.845921
0.848127
0.845212
0.844639
0.847147
0.84866
0.844111
0.845637
0.846944
0.843729
0.847715
0.846994
0.846963
0.844893
0.843923
0.848408
0.847193
0.848346
0.847107
0.848464
0.849388
0.845206
0.847321
0.843245
0.842767
0.847128
0.849528
0.847615
0.846997
0.846581
0.845674
0.847252
0.848364
0.847334
0.846002
0.851337
0.845563
0.848878
0.845032
0.845346
0.847845
0.847166
0.849591
0.845237
0.845839
0.843059
0.850004
0.843782
0.843301
0.846457
