1046.2 0.838294 0.00187785
1028.93 0.829667 0.00186032
1063.74 0.834947 0.00187502
1047.18 0.839272 0.00186924
1064.17 0.838222 0.00183569
1070.36 0.827331 0.00188815
1331.11 0.830649 0.00194788
988.177 0.825485 0.00184157
1054.11 0.832444 0.00183203
1099.16 0.821812 0.00180485
975.307 0.828911 0.00179468
959.726 0.835211 0.00172161
973.493 0.841039 0.00185106
1020.45 0.834097 0.00186948
1054.82 0.822957 0.0018138
1013.14 0.824833 0.00183947
1043.25 0.828661 0.00175676
954.162 0.834072 0.00184777
997.933 0.833585 0.00185902
1063.34 0.824383 0.00181515
1045.46 0.832162 0.00185072
999.726 0.828807 0.00185522
995.327 0.827794 0.00188079
1102.44 0.828817 0.00193322
1024.12 0.837109 0.00187495
982.483 0.833329 0.00173488
949.4 0.831793 0.00181656
1079.91 0.830916 0.00186037
1115.31 0.839062 0.00183749
1171.26 0.841092 0.00185364
907.733 0.833371 0.00176041
1036.04 0.831318 0.00186083
1053.76 0.826909 0.0019526
1023 0.827054 0.00190834
1098.64 0.824848 0.00188294
1012.39 0.828227 0.00190231
1085.24 0.833618 0.00187908
1281.77 0.818231 0.00181194
1125.18 0.835918 0.00184572
1215.94 0.819046 0.00185286
1077.99 0.828581 0.00186654
1223.43 0.82974 0.00188214
968.538 0.833628 0.00187588
997.407 0.834925 0.00176911
1423.82 0.828362 0.00189638
1047.73 0.823833 0.00186646
1017.07 0.82506 0.00183455
1047.5 0.836321 0.00177478
1002.63 0.831127 0.00185961
1419.71 0.82913 0.00187775
994.574 0.832449 0.00182154
919.146 0.829947 0.00181194
1080.57 0.830139 0.00185467
987.352 0.826325 0.00187884
987.751 0.836984 0.0018111
1032.54 0.829583 0.00185456
1107.89 0.832734 0.0018746
1044.24 0.831331 0.00171237
985.959 0.834056 0.00187762
1227.54 0.824004 0.00189231
1023.23 0.827494 0.00188708
1037.98 0.834529 0.00183486
1022.21 0.829767 0.00187685
996.532 0.839673 0.00175653
1058.64 0.828796 0.00185759
1216.66 0.834295 0.0018063
993.075 0.824261 0.00190474
1278.42 0.842341 0.00182792
940.283 0.830537 0.00182975
1063.18 0.832525 0.00182343
947.892 0.826258 0.00185294
1088.45 0.830485 0.00184671
996.198 0.832978 0.00185134
1011.97 0.831761 0.00188548
1078.74 0.831624 0.00181689
922.01 0.83822 0.00186948
1153.59 0.837536 0.00179153
1069.06 0.827393 0.0018788
957.281 0.836589 0.00178247
994.912 0.830839 0.00188118
1230.51 0.845891 0.00177211
1033.72 0.83765 0.00181509
1082.14 0.823901 0.00185227
1043.78 0.838931 0.00181889
1115.28 0.817788 0.0017398
994.615 0.833756 0.00181515
1001.3 0.830443 0.00189817
1050.57 0.840547 0.00179875
1032.55 0.838063 0.00192346
981.899 0.839226 0.00179551
1018.59 0.83034 0.0019433
985.309 0.832692 0.0017489
910.682 0.833735 0.00188111
1014.82 0.8265 0.00175298
1008.88 0.83343 0.0017996
1064.7 0.837733 0.00182153
984.369 0.82914 0.00179856
1033.29 0.82468 0.0017984
1141.21 0.831876 0.00176817
1017.66 0.826551 0.00180787
1063.08 0.830138 0.00188685
1035.3 0.83481 0.0018346
942.483 0.837014 0.00182285
1056.39 0.840954 0.0018224
1033.86 0.826579 0.00188906
1115.34 0.830207 0.00184727
1194 0.830643 0.00185482
1072.7 0.82937 0.00178083
1122.05 0.841687 0.00175698
1053.34 0.829396 0.0018645
999.119 0.832045 0.00187712
950.26 0.833331 0.00179151
1086.19 0.835414 0.00187248
1267.36 0.824079 0.0018736
1138.14 0.833452 0.0017847
1065.92 0.837072 0.00170977
1128.62 0.831648 0.00185384
1129.22 0.83499 0.00184689
1028.88 0.835069 0.00188605
1033.48 0.829936 0.00182245
997.379 0.830042 0.00181803
980.257 0.828675 0.00190096
978.519 0.830382 0.00186018
1030.86 0.827263 0.00186318
984.523 0.835536 0.00186344
955.934 0.83128 0.00188293
958.678 0.829289 0.00182319
978.698 0.837596 0.00188223
1119.01 0.821051 0.00188674
1137.76 0.834683 0.00186014
1031.87 0.824883 0.00191079
996.941 0.828885 0.0018773
1046.08 0.841139 0.00179276
1191.58 0.832308 0.00183936
1142.36 0.831682 0.00178808
1268.56 0.827228 0.00184607
1060.86 0.836028 0.00175714
962.333 0.83003 0.0018019
1046.37 0.837127 0.001843
1037.55 0.83482 0.00179935
1093.27 0.829862 0.00187712
961.974 0.832951 0.00185327
1104.12 0.829374 0.00184893
965.008 0.830748 0.00186929
991.886 0.82908 0.00188337
1037.7 0.84135 0.00182029
1073.31 0.822487 0.00187303
1126.75 0.829747 0.00184302
1148.66 0.82952 0.00183529
950.611 0.826362 0.00184394
1164.92 0.823737 0.00183885
1054.43 0.827572 0.00186651
1136.9 0.840138 0.00178301
1160.17 0.838429 0.00180134
991.575 0.832872 0.00182057
989.785 0.831625 0.00190344
1017.22 0.829883 0.00188144
1010.69 0.832211 0.00185452
1224.1 0.836658 0.00180402
1004.54 0.834411 0.00178692
979.927 0.830903 0.00184651
980.657 0.833299 0.0018469
1147.91 0.818692 0.00191555
1115.07 0.830607 0.00189443
1004.26 0.825046 0.00192647
937.53 0.829473 0.0018214
928.595 0.832449 0.00181464
1068.75 0.833624 0.00187082
942.254 0.833897 0.00183563
947.696 0.831764 0.00185095
1177.23 0.837611 0.00179437
1129.76 0.836363 0.00198729
1096.66 0.828363 0.00186007
1230.68 0.8312 0.00177237
950.412 0.827288 0.00188949
974.465 0.835765 0.00181237
944.117 0.830097 0.00179382
960.596 0.834905 0.00188415
998.885 0.834797 0.00179484
934.05 0.832774 0.00189185
1020.2 0.843739 0.00184748
1040.02 0.83302 0.00188207
975.756 0.827761 0.00182611
1014.69 0.824612 0.00189265
921.624 0.831887 0.00192094
933.456 0.833126 0.00183954
979.172 0.831073 0.00188218
1029.54 0.83903 0.00179577
1343.72 0.820626 0.00188614
1207 0.821769 0.00191225
1030.79 0.831059 0.00188623
1124.3 0.820229 0.00185433
1007.22 0.834352 0.00187175
1070.58 0.835757 0.00186334
1071.47 0.830123 0.00185208
1086.33 0.837097 0.0018201
918.27 0.834053 0.00184637
1474.22 0.846338 0.00182474
994.069 0.830761 0.00184544
1154.74 0.82846 0.00171093
1068.31 0.823886 0.00186241
1086.63 0.825195 0.00190273
1220.91 0.817579 0.00186591
1026.34 0.832374 0.00187071
1063.38 0.837748 0.00185378
1009.04 0.83234 0.00178814
1100.52 0.832419 0.00174247
982.083 0.83338 0.00188454
1019.9 0.833433 0.00180539
998.07 0.834113 0.00187289
1008.23 0.826376 0.00181781
1094.32 0.843481 0.00179983
1052.52 0.827207 0.00188518
1178.34 0.835442 0.00186591
1226.93 0.838189 0.00176049
1046.44 0.822718 0.00186892
1075.53 0.826674 0.00183842
984.619 0.82832 0.00185041
1074.55 0.835354 0.00180364
1044.84 0.826938 0.00177888
1058.86 0.824853 0.00178467
986.865 0.822859 0.00189795
1125.12 0.822254 0.00189973
916.423 0.833553 0.00190023
1277.55 0.81343 0.00191699
1014.42 0.83046 0.00187759
1006.19 0.838696 0.00183922
929.24 0.834384 0.00181281
1027.36 0.828865 0.00181461
1065.82 0.838147 0.00186269
1089.47 0.830165 0.00185895
991.765 0.837443 0.00183135
942.78 0.832655 0.00178547
1078.53 0.837764 0.00183297
969.485 0.831136 0.00186978
995.158 0.833235 0.00180484
1015.94 0.833892 0.00183787
1137.29 0.8368 0.00179507
1175.75 0.842618 0.00174977
954.043 0.829659 0.00182053
983.252 0.834396 0.00183204
1317.06 0.828281 0.00187283
1192.45 0.819937 0.00180418
998.999 0.831307 0.00188493
963.475 0.829923 0.00184884
988.831 0.832203 0.00183574
935.042 0.833507 0.00181289
1152.26 0.837472 0.00187033
951.972 0.831971 0.00186693
993.173 0.831715 0.00177759
1011.66 0.832021 0.00187424
1087.95 0.835936 0.0018755
1149.34 0.818918 0.00191476
1074.73 0.82384 0.00176419
1220.71 0.83734 0.00185449
1030.5 0.826845 0.00182098
1133.19 0.834181 0.00179472
1097.77 0.828878 0.00187039
1054.64 0.838986 0.00184983
1037.1 0.836104 0.00180108
1063.57 0.834023 0.00183595
964.147 0.832799 0.00186312
1082.68 0.832252 0.00185832
982.706 0.833234 0.00178431
1064.91 0.834399 0.0018441
1109.23 0.826823 0.00189813
1050.51 0.830779 0.00183637
1030.89 0.831143 0.00191835
1158.5 0.825566 0.0018773
1012.88 0.835606 0.00175832
1019.04 0.830689 0.00187189
1276.24 0.830408 0.00182375
1060.55 0.831069 0.00188488
1028.48 0.830154 0.00188507
1023.07 0.837317 0.00189112
1048.1 0.835217 0.00179903
1050.82 0.835616 0.00187238
1103.72 0.837739 0.00179581
1023.62 0.82986 0.00189607
1084.52 0.836639 0.00182155
999.314 0.833958 0.00190732
1257.04 0.832255 0.00181752
1076.95 0.821732 0.00181641
1120.51 0.831319 0.00188928
1343.28 0.843436 0.00184772
1041.93 0.831 0.00186327
1025.39 0.832352 0.00184258
1103.22 0.825215 0.00186243
1048.63 0.826124 0.00188811
997.041 0.827874 0.00187206
1026.83 0.835762 0.00180963
1148.7 0.837169 0.00187662
1091.01 0.829079 0.00179453
1116.62 0.824138 0.0018838
1149.08 0.832256 0.00185954
1071.49 0.831481 0.00179414
1016.01 0.828533 0.00173553
1106.94 0.829672 0.00186304
1110.1 0.829098 0.00187384
1004.44 0.840209 0.00195705
1098.72 0.839017 0.00187722
1052.38 0.831676 0.00183022
1010.52 0.834969 0.0018364
1081.09 0.83352 0.00184938
940.806 0.831141 0.00182443
944.818 0.834944 0.00179072
991.231 0.838906 0.00183947
1377.36 0.837255 0.00181365
1040.35 0.832934 0.0018909
1021.18 0.826957 0.00183385
1035.6 0.829088 0.00176857
937.104 0.827507 0.00184294
1060.93 0.826972 0.00195012
1152.62 0.843221 0.0017666
1037.47 0.826761 0.00178835
1018.2 0.829906 0.00174271
1080.24 0.821497 0.00187076
1171.39 0.81912 0.00185433
1019.57 0.826626 0.00176345
1213.06 0.824197 0.00187043
1136.58 0.826317 0.0019153
996.729 0.829798 0.00184011
1060.76 0.835786 0.00187578
1062.38 0.826127 0.00188962
1268.88 0.826661 0.00186329
1115.94 0.823707 0.00189386
1018.29 0.827622 0.00186194
1063.79 0.831183 0.00182348
1102.93 0.824248 0.00190571
1102.73 0.834685 0.00185408
1094.19 0.839496 0.00182122
1091.27 0.837654 0.00169593
1062.85 0.833448 0.00189288
1061.55 0.834253 0.00186948
1050.92 0.833769 0.00173252
1054.71 0.824514 0.00177836
922.72 0.832946 0.0017849
958.252 0.829065 0.00178914
965.17 0.836966 0.00186673
1028.11 0.825803 0.0018991
1112.6 0.833053 0.00187099
967.889 0.835032 0.00169789
1013.96 0.828863 0.0018917
1004.62 0.82133 0.00182804
1078.08 0.832365 0.00181905
1008.29 0.833706 0.00176193
1220.56 0.825955 0.0018838
892.712 0.828644 0.00187918
1037.65 0.832605 0.00181521
1058.68 0.8323 0.00190612
1015.05 0.830584 0.00189818
1167.59 0.836167 0.0017796
1069.28 0.834569 0.0018668
1127.44 0.842494 0.0017823
1196.67 0.831843 0.00178031
1078.28 0.827101 0.00175149
1102.64 0.831975 0.00179762
1043.34 0.830664 0.00190272
964.14 0.832748 0.00187454
1087 0.821984 0.00192001
1017.56 0.826146 0.00192352
1060.14 0.839755 0.00176428
991.887 0.837933 0.0018389
1053.61 0.827381 0.00183527
970.519 0.833797 0.00185776
1055.96 0.834628 0.00187046
1181.57 0.832264 0.00186909
1309.76 0.844566 0.00182349
1074.07 0.839656 0.001829
963.33 0.83959 0.00181558
1010.9 0.831756 0.00178764
1004.72 0.825496 0.00189088
976.748 0.827807 0.00183631
1050.96 0.825329 0.00188805
1259.07 0.844083 0.00178936
918.576 0.829996 0.00189863
1012.31 0.83301 0.00183836
1179.18 0.832318 0.00180374
1161.39 0.820461 0.00192199
1154.37 0.838379 0.00181995
1052.74 0.834222 0.00183264
1044.66 0.831087 0.00182358
1131.51 0.821558 0.00179246
1195.65 0.838221 0.00189081
1203.05 0.838167 0.00185891
1052.88 0.819809 0.00186791
1148.21 0.83105 0.00187162
1048.72 0.8359 0.00186169
983.159 0.837824 0.0018743
899.72 0.832025 0.00183297
1051.37 0.827017 0.00188791
1080.08 0.830262 0.00179769
1086.39 0.825063 0.00182568
1106.73 0.834848 0.0017743
1253.79 0.830142 0.00181473
1205.94 0.816949 0.0018399
995.345 0.833463 0.00180846
1015.96 0.836054 0.00172384
1041.75 0.824349 0.00184798
1072 0.826332 0.00188716
992.974 0.833126 0.00184197
1229.29 0.827587 0.00184491
1016.4 0.825989 0.00182776
940.13 0.834387 0.00193027
1065.88 0.836738 0.00177472
1052.49 0.83668 0.00181841
1125.28 0.830324 0.00187921
868.586 0.829087 0.00172573
1088.93 0.839267 0.00175409
1068.82 0.823032 0.00189324
1236.05 0.841783 0.00186113
1347.38 0.823751 0.00190108
1059.35 0.833123 0.00185788
1012.53 0.826256 0.00185457
1153.7 0.824684 0.00186661
1082.13 0.835283 0.00185042
1004.31 0.825541 0.00188188
1082.55 0.838274 0.00181504
1046.89 0.836387 0.00181532
1041.81 0.832935 0.00179038
968.811 0.82681 0.00186884
1347.89 0.815456 0.00193345
1050.76 0.831627 0.001854
1033.38 0.836445 0.00181688
977.057 0.827413 0.0018987
950.244 0.827537 0.00182754
1330.46 0.821066 0.00174801
1137.82 0.822014 0.00186424
1037.58 0.839005 0.0018642
1199.4 0.840705 0.00185912
983.762 0.833083 0.00184588
1145.87 0.842312 0.00182457
1134.06 0.826073 0.00192891
1163.19 0.834045 0.00173763
1181.28 0.820849 0.00188521
999.546 0.828556 0.00181826
910.885 0.83069 0.00177801
974.439 0.833737 0.00186129
1003.83 0.828902 0.00189457
1062.4 0.835844 0.00186904
966.84 0.827509 0.00183729
1070.07 0.821567 0.00183946
1188.99 0.831329 0.00187335
1020.62 0.832084 0.00189624
1050.95 0.820518 0.00188299
1211.15 0.816379 0.00192468
1067.41 0.830879 0.00185085
950.616 0.835751 0.00180264
1009.33 0.832427 0.00179136
1002.86 0.838259 0.00177184
923.412 0.830356 0.0018247
971.606 0.830267 0.00179657
992.878 0.832129 0.001875
1018.93 0.832155 0.00184486
1106.96 0.829978 0.00184723
1025.09 0.830029 0.00180328
1059.33 0.841681 0.00171804
1042.74 0.837701 0.00185039
1080.18 0.833403 0.00186334
1043.85 0.826729 0.00187531
1008.13 0.82926 0.00184653
1164.75 0.831401 0.00186201
1212.59 0.836912 0.00184317
977.066 0.836206 0.00182447
1058.19 0.838774 0.00183986
995.642 0.83567 0.00177903
1148.76 0.845247 0.00175671
1001.17 0.838347 0.00185557
983.126 0.832698 0.00182338
957.501 0.831435 0.00188084
1102.9 0.840566 0.00176013
1072.66 0.835244 0.00186088
966.846 0.833706 0.00184311
1003.39 0.830979 0.00200313
1064.06 0.832703 0.00188599
999.113 0.822946 0.00187984
967.503 0.828596 0.00187695
1199.92 0.843571 0.00177095
959.839 0.833099 0.00186004
1252.21 0.819343 0.001775
1046.16 0.84044 0.00180551
1008.12 0.830508 0.00188706
1101.77 0.826095 0.00188465
939.97 0.832993 0.00179803
947.039 0.827847 0.00185807
1169.52 0.816326 0.0018961
1098.19 0.838958 0.00185973
965.042 0.830177 0.00187513
1049.37 0.833457 0.00180122
959.135 0.835982 0.00180278
1081.98 0.827102 0.00177235
1091.2 0.827048 0.00170152
955.556 0.836665 0.00189188
1053.67 0.833057 0.00185784
1092.45 0.823428 0.0018022
1086.61 0.830164 0.00185524
1006.29 0.836193 0.00184855
1180.41 0.83026 0.00181015
1018.14 0.828769 0.00184248
1085.64 0.842369 0.00186015
1020.71 0.835563 0.00182358
1093.72 0.830119 0.0018776
1221.89 0.838714 0.00177696
1046.81 0.828544 0.00186936
1118.13 0.840583 0.00183097
991.68 0.83459 0.00185585
993.821 0.831992 0.00186977
1120.06 0.839703 0.00176251
1112.08 0.829198 0.00187541
1020.86 0.83402 0.00189299
1083.26 0.840254 0.00184201
1158.95 0.835009 0.00179553
981.344 0.828045 0.0019519
1018.73 0.834017 0.00186665
957.07 0.835883 0.00186311
1020.6 0.834766 0.00187891
1017.87 0.829161 0.00184739
1064.75 0.838805 0.00176769
970.41 0.835493 0.00175509
1016.59 0.823536 0.00188764
976.813 0.840601 0.00172338
1037.32 0.834708 0.00185939
1018.65 0.833333 0.00189011
1059.46 0.836484 0.00191205
1066.1 0.837347 0.00174768
986.192 0.828612 0.00187592
1091.74 0.826358 0.0018988
988.851 0.837937 0.00186318
1230.3 0.838578 0.00185319
1100.52 0.825389 0.00186894
1158.77 0.839852 0.00179788
1089.9 0.835754 0.00181318
1053.58 0.838971 0.00172939
1080.93 0.833672 0.00188271
1199.65 0.836764 0.00181665
1036.98 0.838909 0.0018762
1194.13 0.82621 0.00188461
1049.93 0.828389 0.00179111
1131.49 0.820782 0.00186985
972.338 0.835603 0.00173133
1017.67 0.83911 0.00174632
1036.52 0.83029 0.00179704
960.837 0.826873 0.00186486
1105.9 0.825133 0.00178607
1101.12 0.829133 0.00184828
933.243 0.827072 0.00184443
1070.24 0.834268 0.00185057
1013.54 0.829222 0.00185905
1004.91 0.825167 0.00186061
974.936 0.833207 0.00186684
992.965 0.831438 0.00186553
1064.78 0.83702 0.00187404
1246.47 0.834516 0.0018174
1038.01 0.828219 0.00189917
1140.53 0.826893 0.00190493
1130.76 0.825942 0.00186834
1102.66 0.837726 0.0017076
1077.12 0.830184 0.00192474
1044.16 0.834077 0.00187907
1015.45 0.82723 0.00190393
1024.08 0.833172 0.00187186
1014.72 0.829983 0.0018868
983.643 0.832631 0.00179092
1050.15 0.832021 0.00181574
1031.32 0.83699 0.00188936
993.839 0.838847 0.00184691
1180.66 0.843111 0.00174269
980.417 0.839633 0.00177601
1056.92 0.836543 0.0018315
1025.03 0.833858 0.00178349
981.023 0.831201 0.00185378
936.672 0.828291 0.00188914
1052.03 0.827861 0.00189845
1051.1 0.83761 0.00183787
942.235 0.830379 0.00178532
1120.08 0.838242 0.0018591
929.342 0.834025 0.00187302
1033.67 0.835297 0.00180441
1053.43 0.833695 0.00181324
1038.05 0.830632 0.00187379
1056.26 0.838816 0.001767
1034.13 0.834412 0.00185505
1069.2 0.835574 0.0018038
1038.24 0.827728 0.00187733
941.778 0.829021 0.00188305
1037.21 0.837299 0.00182636
1068.96 0.823239 0.00187008
958.012 0.833717 0.00186399
946.994 0.831986 0.00184694
983.992 0.831498 0.00187816
1052.61 0.829148 0.00179335
1021.26 0.830379 0.00185517
1021.68 0.825456 0.00191598
1010.19 0.837949 0.00180666
1211.92 0.842839 0.00181374
1007.11 0.831538 0.00186396
1020.74 0.825862 0.00182707
1163.7 0.825195 0.00185699
1174.65 0.839072 0.00184698
1043.96 0.823831 0.0016939
1089.19 0.842819 0.00186446
1046.43 0.829249 0.0018722
1133.14 0.843688 0.00180414
1092.66 0.831673 0.00186723
1034.51 0.827653 0.00188301
952.361 0.835036 0.00182486
1012.81 0.841338 0.00181454
1109.99 0.822228 0.00185816
1112.27 0.836974 0.00183313
1008.19 0.827325 0.001931
1064.94 0.824942 0.00186167
1075.25 0.829974 0.00185431
1076.27 0.825486 0.00179097
1078.83 0.835502 0.00186971
1063.71 0.832508 0.00185249
1010.19 0.82983 0.00188841
1137.58 0.838487 0.00188262
1044.83 0.832381 0.00179449
1008.63 0.837162 0.00187903
1114.32 0.834598 0.0017962
1066.95 0.832952 0.0018814
997.228 0.825853 0.00176326
1136.27 0.821941 0.00190643
947.845 0.831984 0.00187628
1109.31 0.837541 0.00180322
1168.42 0.823823 0.00182425
1064.32 0.823446 0.00192612
1046.53 0.832146 0.00181525
1056.09 0.830077 0.00188116
1041.92 0.831145 0.00183621
1016.31 0.829881 0.0018435
1034.42 0.829805 0.00185977
1023.96 0.825543 0.00187849
1019.24 0.830986 0.00187495
960.747 0.830672 0.00184917
1100.72 0.831242 0.00191449
1028.89 0.83094 0.00190544
992.521 0.833552 0.0018936
1117.57 0.834404 0.00187402
1065.36 0.827017 0.00177423
969.908 0.832772 0.00184273
1032.51 0.830265 0.00193868
1053.06 0.829638 0.00192458
1038.23 0.836154 0.00173458
1101.8 0.822632 0.00182262
1206.69 0.818478 0.00190076
959.521 0.827497 0.00186636
1000.37 0.829306 0.00188273
1146.97 0.825189 0.00182189
1189.87 0.839475 0.00183614
1132.51 0.823345 0.00191549
1108.93 0.839246 0.00180604
989.592 0.833915 0.00184496
1065.22 0.838241 0.00185569
1238 0.816803 0.00186255
1001.72 0.835645 0.0018678
1144.09 0.834845 0.00185892
1087.45 0.824321 0.00190537
1208.78 0.819378 0.00186436
991.783 0.83809 0.00186812
1243.56 0.813472 0.00169066
1015.85 0.835215 0.00186697
1389.54 0.813201 0.0019237
1010.3 0.824225 0.00187556
1041.45 0.828136 0.00190734
1069.24 0.831795 0.00186154
1175.91 0.842766 0.00182448
951.335 0.827684 0.00191156
1251.6 0.82177 0.00187994
1071.77 0.824169 0.00189382
1039.44 0.823927 0.00185853
1081.96 0.830968 0.00179001
1015.6 0.839686 0.00186178
1194.1 0.819136 0.00189805
1024.2 0.835628 0.00185299
1042.68 0.838359 0.00182432
1074.82 0.837587 0.00180656
992.312 0.830643 0.00187269
966.034 0.829922 0.00186983
1157.96 0.82207 0.00190161
1098.88 0.825547 0.00180513
1072.53 0.829404 0.00190568
1013.38 0.830951 0.00177962
1069.17 0.829233 0.00188325
1005.6 0.832781 0.00186074
1050.07 0.824117 0.00185635
1100.26 0.821192 0.00186239
974.193 0.831564 0.00187123
1148.42 0.818714 0.00184882
983.356 0.833093 0.00182951
976.899 0.830353 0.00182174
1090.94 0.824461 0.00189568
1235.03 0.823628 0.00192239
1149.52 0.838111 0.00185653
1179.82 0.836985 0.001859
991.283 0.835073 0.0018847
1165.47 0.840219 0.00184264
1316.18 0.824032 0.00192393
1032.29 0.833574 0.00183517
1083.17 0.827016 0.00186729
1092.92 0.837759 0.00189937
970.086 0.830211 0.00185707
1058.75 0.836134 0.00178753
1531.78 0.838409 0.00175311
1082.59 0.823016 0.00191349
1250.97 0.844002 0.00181283
1036.48 0.82711 0.00192893
1013.99 0.840109 0.00181948
1098.56 0.832071 0.00178083
1166.51 0.828423 0.00179757
925.898 0.828472 0.00186897
1032.79 0.822075 0.0019072
1208.91 0.83292 0.00177837
1054.67 0.840904 0.00184979
1031.14 0.830302 0.00188122
1012.96 0.830446 0.00181629
996.382 0.829157 0.00187223
1083.79 0.82803 0.00186441
1041.69 0.839858 0.00186126
1081.01 0.823947 0.00196412
1135.9 0.829729 0.0018772
1013.55 0.830945 0.00187729
1153.95 0.83555 0.00184497
1178.43 0.826124 0.00187816
1019.44 0.832013 0.00188517
1051.07 0.8271 0.00187524
1189.74 0.841188 0.00175384
1068.25 0.831409 0.00185402
1076.73 0.829081 0.001902
1085.29 0.833827 0.00188258
1217.42 0.840455 0.00176272
1063.2 0.823602 0.00185431
1220.25 0.844928 0.0018433
1001.87 0.828761 0.00188001
936.961 0.83815 0.00184793
1067.7 0.823328 0.00187532
1082.46 0.82993 0.0018459
1019.1 0.826054 0.00183607
1083.23 0.822274 0.00187458
1045.94 0.833136 0.00186701
1120.6 0.841523 0.00182263
927.535 0.833399 0.00185201
1067.01 0.828268 0.00187432
1060.55 0.839649 0.00181899
1155.52 0.823983 0.00187047
989.558 0.828071 0.00181042
1081.03 0.839872 0.00166798
897.189 0.831579 0.001868
1239.4 0.819868 0.00194208
1028.31 0.828486 0.00186867
947.728 0.823472 0.00188903
941.345 0.83622 0.00179265
1063.05 0.822293 0.00176538
982.752 0.828881 0.00188799
1066.63 0.826184 0.00188696
962.871 0.831771 0.00187251
990.221 0.829815 0.00188963
926.858 0.825573 0.00190297
907.815 0.828188 0.00180664
1155.62 0.824031 0.00185769
1136.6 0.838857 0.00178275
1147.87 0.839481 0.00180753
1188.78 0.841223 0.00180485
1091.33 0.821361 0.00186688
1014.31 0.830275 0.00192353
1003.09 0.829444 0.00180885
1115.53 0.825187 0.001895
1327.62 0.846932 0.00176098
1108.43 0.832501 0.00187987
954.125 0.828102 0.00185312
1117.65 0.827887 0.00188814
999.189 0.834832 0.00186068
1021.42 0.832859 0.0019097
1066.09 0.835614 0.00179611
1172.89 0.831404 0.00189666
907.247 0.831119 0.001871
1262.25 0.829937 0.0018026
1034.87 0.833916 0.00184266
956.862 0.830615 0.00186486
1147.49 0.834414 0.00186604
1049.53 0.828898 0.00193424
1004.15 0.836727 0.00175091
1116.97 0.834712 0.00180893
1338.65 0.837675 0.00174573
1022.19 0.834443 0.00182486
1133.54 0.825623 0.00187315
1055.75 0.832527 0.00183657
1117.63 0.835202 0.00189493
1011.17 0.828021 0.00186218
1046.86 0.829939 0.00186518
998.255 0.824899 0.00178251
977.141 0.834759 0.00188277
1138.89 0.835832 0.00184537
1148.47 0.832902 0.00186668
1025.06 0.824706 0.00182405
1023.71 0.826491 0.00180133
1183.04 0.841275 0.0018539
1131.5 0.820445 0.00173262
1035.54 0.831447 0.0019039
1127.21 0.839103 0.00180178
1029.67 0.825502 0.00182172
1032.97 0.830706 0.00190569
1007.84 0.835347 0.00185078
1022.81 0.826394 0.00187186
1040.63 0.828094 0.00188991
942.094 0.830936 0.00183835
1182.96 0.841551 0.00172157
1055.92 0.830954 0.00186692
962.631 0.838088 0.00182223
977.508 0.829259 0.00187623
1031.08 0.823506 0.00182938
1002.48 0.829386 0.00185005
965.062 0.831436 0.00188547
1100.61 0.835718 0.0018519
1207.14 0.842731 0.00178963
1136.71 0.834264 0.0018507
998.613 0.826517 0.00188088
990.859 0.83438 0.00185007
927.673 0.836796 0.00186803
1143.5 0.823578 0.0018881
1044.2 0.837061 0.00180799
1004.2 0.834979 0.0018623
1050.25 0.831643 0.0018954
1225.33 0.82185 0.00186478
1041.31 0.83206 0.00182611
1033.48 0.829865 0.00186962
1066.12 0.833065 0.00189627
1090.22 0.841644 0.00180058
954.528 0.829653 0.00187146
1102.84 0.844288 0.00174412
1141.64 0.825746 0.00186573
1307.73 0.836794 0.00189452
917.3 0.836377 0.00195524
1019.07 0.829121 0.00187133
1004.65 0.834752 0.00187357
1163.25 0.820251 0.00177637
1052.7 0.835436 0.00185589
1005.35 0.835037 0.00194575
1041.86 0.826551 0.00192173
1062.2 0.827376 0.00176594
1012.93 0.829754 0.00184571
991.134 0.82614 0.00190999
1053.28 0.833893 0.00187806
1081.08 0.842165 0.00181467
1110.18 0.829381 0.00187888
1030.38 0.826464 0.00187398
1536.63 0.814675 0.00185746
1045.13 0.83 0.00191221
1370.3 0.844581 0.00183089
1172.68 0.828042 0.00199497
1000.61 0.825382 0.00184961
1015.98 0.829267 0.00190741
1190.77 0.82965 0.00188405
972.648 0.825033 0.00185826
967.587 0.832545 0.00183895
1067.55 0.834975 0.00184693
1406.2 0.846676 0.0018698
1020.84 0.835715 0.00185711
1145.05 0.843537 0.00182355
1040.41 0.833756 0.00197209
1178.05 0.842485 0.00171739
1107.89 0.837 0.00181945
1011.54 0.833106 0.00185888
1041.32 0.834085 0.00188288
998.055 0.83277 0.00184554
1285.76 0.844778 0.00183679
1053.58 0.830796 0.0018402
1112.98 0.826336 0.00182937
1114.21 0.822517 0.00191207
1063.5 0.839929 0.00184875
1006.07 0.836545 0.00185165
1020.96 0.819896 0.00188888
1045.41 0.826342 0.00186555
979.367 0.832431 0.00184048
974.555 0.834723 0.00187162
1136.08 0.83317 0.00183293
971.987 0.828327 0.00190236
1017.88 0.829439 0.00184019
1010.1 0.835037 0.00186128
1100.01 0.840531 0.00181441
997.853 0.829227 0.00186724
1008.36 0.832914 0.00176141
1089.23 0.827199 0.0018851
1028.3 0.830582 0.00186224
952.256 0.832612 0.00176182
977.09 0.825807 0.00186875
1085.12 0.838986 0.00187028
1010.56 0.82758 0.00174293
1024.4 0.836142 0.00183731
1177.99 0.832698 0.00178393
1011.07 0.837346 0.00185721
1053.63 0.836461 0.00184707
995.09 0.835178 0.00189771
1072.4 0.830938 0.00186556
1232.58 0.838015 0.00180017
1269.78 0.833714 0.00173174
994.218 0.830109 0.00190611
930.049 0.831372 0.00189714
1076.33 0.82771 0.00192585
1019.93 0.823643 0.00181172
1439.88 0.816467 0.00188921
1008.38 0.82837 0.00180417
1094.41 0.822436 0.00188052
1120.34 0.839406 0.00180654
999.089 0.839219 0.00174111
1153.53 0.842277 0.00179326
1189.27 0.836507 0.00187629
1053.53 0.828738 0.00181235
1113.1 0.830819 0.00187928
1062.88 0.835261 0.00178853
986.034 0.835426 0.00199743
1166.08 0.841855 0.00179661
979.52 0.832782 0.00177072
983.211 0.828712 0.00187525
1237.19 0.842651 0.00189801
970.038 0.831357 0.00188125
1024.78 0.833158 0.00186036
1012.98 0.827935 0.00177039
1122.01 0.828795 0.00185912
1066.89 0.823994 0.0018417
1059.74 0.819785 0.00187066
962.254 0.838689 0.00184487
1025.33 0.838694 0.00185494
1111.27 0.83305 0.00175776
1000.82 0.832363 0.00185386
991.078 0.837263 0.00185893
1075.3 0.828823 0.00183797
990.129 0.83067 0.00188895
1077.85 0.835509 0.00186231
950.405 0.826327 0.00183267
1049.91 0.829104 0.00193025
1192.18 0.823833 0.001928
1108.35 0.838544 0.00182828
1097.91 0.822857 0.00183521
1081.83 0.830009 0.00189233
1097.74 0.839386 0.00187524
1140.99 0.835388 0.00185818
983.956 0.830219 0.00185319
1043.41 0.838303 0.00185596
1185.15 0.824349 0.00190183
1062.92 0.837238 0.00184551
988.242 0.83363 0.00187866
997.808 0.838734 0.00188389
1071.64 0.835616 0.00187242
1088.05 0.838464 0.00179182
1045.67 0.835626 0.00178774
1243.65 0.826898 0.00183488
1062.39 0.841499 0.00178276
1292.39 0.841877 0.00198115
987.866 0.830819 0.00190014
1216.79 0.844991 0.00169095
1154.87 0.84151 0.0018191
1173.97 0.831782 0.00176666
974.317 0.835131 0.00178526
1001.76 0.83807 0.00185954
1190.18 0.823999 0.00181507
1045.35 0.836124 0.0018723
1050.2 0.841863 0.00184525
1029.67 0.829597 0.00186049
1159.71 0.837115 0.00183504
987.717 0.835903 0.00185717
1015.25 0.829322 0.00187786
1075.33 0.836013 0.00184942
1066.14 0.834562 0.00180462
1123.58 0.836881 0.00186257
1270.11 0.839959 0.00194253
969.686 0.826437 0.00174187
1000.74 0.828815 0.00186123
1112.63 0.832592 0.0018742
1055.64 0.829583 0.00184735
1124.34 0.83819 0.00177808
1022.12 0.83033 0.00186477
1014.31 0.834399 0.00181601
1058.14 0.831837 0.00182717
1051.9 0.83351 0.00179609
1036.97 0.833105 0.00186252
1094.17 0.82057 0.00190821
1010.76 0.842773 0.00187161
1019.96 0.831546 0.00176908
1045.06 0.830213 0.00203474
1079.92 0.835065 0.00187375
1092.39 0.831058 0.00186505
1068.85 0.830118 0.00188478
1245.26 0.819165 0.00186124
1235.58 0.846877 0.00182377
1084.41 0.827109 0.0018522
1024.33 0.834917 0.00178808
1112.47 0.837062 0.00173413
984.324 0.828256 0.00176812
1124.28 0.825311 0.00189457
1138.76 0.841788 0.00187943
1027.39 0.831397 0.00182069
952.656 0.831223 0.0018834
1112.44 0.83937 0.00189912
988.62 0.835148 0.00176227
969.359 0.835974 0.00185049
1232.73 0.837034 0.00180114
1021.14 0.83417 0.00184624
1039.38 0.835882 0.00188206
1103.94 0.823148 0.00187713
