0.8357
0.835767
0.833786
0.839277
0.827293
0.839846
0.842924
0.829845
0.830967
0.837864
0.843531
0.830889
0.83281
0.828739
0.834461
0.828872
0.831898
0.840371
0.82955
0.836477
0.836086
0.830662
0.839009
0.843012
0.839887
0.841685
0.830346
0.840947
0.828818
0.834208
0.836554
0.83066
0.833484
0.830448
0.828795
0.840067
0.836509
0.840338
0.831516
0.829587
0.833509
0.843148
0.842093
0.836834
0.84293
0.833782
0.831572
0.834287
0.84128
0.837243
0.827022
0.835407
0.833092
0.835102
0.841293
0.837999
0.838896
0.838786
0.839335
0.841268
0.8342
0.836461
0.844172
0.835837
0.836431
0.836918
0.834129
0.838045
0.842312
0.826376
0.828546
0.840055
0.830631
0.82738
0.833695
0.841707
0.827143
0.833775
0.844862
0.841427
0.831138
0.833964
0.829187
0.830457
0.834853
0.838719
0.826087
0.830074
0.840733
0.829533
0.835311
0.830234
0.833372
0.845678
0.834159
0.828274
0.842421
0.83041
0.829148
0.841095
0.833178
0.828386
0.831232
0.835387
0.82587
0.833595
0.835892
0.826504
0.841215
0.825712
0.829456
0.841137
0.828076
0.841832
0.833924
0.831026
0.827096
0.839266
0.840178
0.828096
0.835687
0.828027
0.831508
0.840857
0.83867
0.83605
0.827947
0.835765
0.834669
0.832357
0.829143
0.839037
0.832561
0.831006
0.839165
0.842374
0.830855
0.840141
0.842209
0.829473
0.837449
0.82584
0.829071
0.829449
0.837706
0.841405
0.830779
0.838518
0.840836
0.829922
0.83013
0.827603
0.839193
0.830984
0.839497
0.840052
0.843108
0.82659
0.834995
0.834534
0.844141
0.829302
0.828366
0.831171
0.836587
0.83495
0.831675
0.842042
0.839965
0.8429
0.827688
0.841597
0.825646
0.835597
0.834073
0.833877
0.82553
0.833248
0.82768
0.830381
0.828268
0.832303
0.828743
0.830683
0.834818
0.833967
0.826127
0.839005
0.825404
0.836703
0.823328
0.839637
0.840477
0.830128
0.832118
0.839403
0.831825
0.842165
0.829423
0.843443
0.826836
0.833791
0.831163
0.82773
0.829203
0.838863
0.837882
0.839133
0.82878
0.837752
0.840852
0.827316
0.835211
0.834482
0.84011
0.841996
0.834429
0.834042
0.831026
0.839789
0.829854
0.838559
0.831347
0.841744
0.831663
0.83718
0.839405
0.82932
0.827232
0.838367
0.831608
0.827783
0.832507
0.828943
0.844693
0.833666
0.838845
0.830795
0.828493
0.828962
0.832077
0.840869
0.83393
0.839314
0.833567
0.840941
0.841089
0.826293
0.827189
0.841786
0.833485
0.841917
0.836468
0.833828
0.830446
0.827146
0.836009
0.837893
0.841714
0.834657
0.832985
0.826467
0.829567
0.832253
0.832176
0.838417
0.83411
0.825733
0.83534
0.841852
0.830344
0.83653
0.826678
0.841552
0.834609
0.835191
0.840956
0.84033
0.831796
0.828588
0.843166
0.833741
0.835924
0.840233
0.840288
0.838723
0.830435
0.828108
0.834426
0.838657
0.83814
0.828525
0.831204
0.828717
0.842373
0.829242
0.832198
0.827353
0.828275
0.841032
0.833059
0.837204
0.827889
0.841643
0.841963
0.840039
0.837744
0.834845
0.838386
0.835202
0.840287
0.838312
0.832718
0.833343
0.82998
0.833871
0.834332
0.830871
0.829904
0.840551
0.832843
0.835904
0.835929
0.841223
0.841612
0.830921
0.83628
0.824177
0.832375
0.829542
0.837794
0.834251
0.829518
0.837852
0.829402
0.83496
0.840389
0.838575
0.842179
0.83061
0.828292
0.829422
0.830064
0.835274
0.842737
0.83599
0.838323
0.829043
0.826475
0.827009
0.834164
0.82822
0.834818
0.83899
0.827433
0.828983
0.838446
0.84225
0.841633
0.842148
0.833768
0.827063
0.829619
0.82857
0.834387
0.839106
0.838382
0.835016
0.828493
0.832367
0.839866
0.832472
0.838191
0.842075
0.835157
0.836643
0.828949
0.836723
0.841387
0.838921
0.839295
0.842392
0.840626
0.839727
0.843596
0.839535
0.838778
0.832539
0.841038
0.835819
0.843536
0.840759
0.835764
0.827334
0.827872
0.840901
0.829247
0.831386
0.839402
0.834945
0.828514
0.841208
0.830397
0.829224
0.829929
0.834419
0.834295
0.841718
0.841388
0.829966
0.82892
0.839936
0.836044
0.834596
0.838527
0.841888
0.835806
0.829421
0.828305
0.828474
0.836131
0.836132
0.827447
0.833383
0.835384
0.835603
0.84124
0.829985
0.841268
0.829047
0.827071
0.829493
0.841954
0.836407
0.83005
0.827379
0.841667
0.840821
0.840905
0.841027
0.826746
0.828849
0.839066
0.840988
0.835364
0.826846
0.835181
0.831432
0.839983
0.834073
0.827509
0.838276
0.835328
0.833713
0.843277
0.828836
0.838096
0.837954
0.835025
0.834708
0.842036
0.829185
0.832343
0.828286
0.83539
0.8329
0.842203
0.839189
0.840146
0.828925
0.83615
0.84526
0.82708
0.841647
0.838445
0.84027
0.839135
0.842781
0.831533
0.839057
0.839751
0.830552
0.837607
0.833359
0.824867
0.842443
0.840376
0.839345
0.831312
0.834372
0.832871
0.834045
0.827418
0.828694
0.832489
0.835344
0.826793
0.838103
0.83094
0.830653
0.825768
0.831049
0.83617
0.828881
0.829092
0.837892
0.827717
0.841183
0.830183
0.839926
0.839918
0.829522
0.830027
0.842292
0.832352
0.82926
0.827134
0.841154
0.831425
0.828623
0.840737
0.829889
0.838805
0.827221
0.834897
0.838479
0.82762
0.827765
0.83923
0.84052
0.837317
0.841365
0.828793
0.840863
0.841648
0.833964
0.830281
0.828005
0.82779
0.829565
0.841028
0.836006
0.830042
0.839961
0.834113
0.831201
0.838771
0.839074
0.829198
0.839916
0.832027
0.832463
0.826785
0.826016
0.830048
0.830987
0.827934
0.828498
0.827787
0.843159
0.828131
0.826267
0.826458
0.841247
0.830587
0.830097
0.840729
0.837627
0.837508
0.833899
0.830192
0.842801
0.827362
0.828273
0.839492
0.840744
0.840918
0.837921
0.837988
0.832276
0.838323
0.829169
0.829077
0.843662
0.830558
0.829577
0.84353
0.83827
0.837449
0.833162
0.838916
0.826494
0.827114
0.840802
0.830441
0.842091
0.830333
0.842463
0.833203
0.827545
0.842795
0.833742
0.829106
0.83619
0.837636
0.836558
0.841534
0.827532
0.844577
0.838951
0.827672
0.834643
0.835175
0.829009
0.840624
0.840708
0.828195
0.837373
0.826177
0.840914
0.826889
0.840518
0.841562
0.827147
0.838575
0.837537
0.834053
0.833338
0.842587
0.831176
0.830587
0.839011
0.829791
0.827544
0.829407
0.82994
0.842763
0.83004
0.830784
0.826432
0.827718
0.831641
0.839272
0.841161
0.834086
0.828767
0.831718
0.835143
0.830174
0.834102
0.84323
0.836429
0.827869
0.835829
0.843159
0.828476
0.8355
0.839765
0.827012
0.832986
0.828873
0.839933
0.833082
0.837137
0.833387
0.830281
0.832691
0.841006
0.837774
0.842974
0.842556
0.839159
0.839827
0.842588
0.829868
0.83101
0.826743
0.828911
0.840964
0.839752
0.827951
0.832959
0.83229
0.834684
0.833105
0.839971
0.842313
0.829469
0.825461
0.833689
0.831833
0.840989
0.831118
0.839436
0.841661
0.829619
0.842161
0.83933
0.839066
0.839929
0.833389
0.84242
0.834069
0.837338
0.829201
0.839695
0.836241
0.828771
0.841448
0.828702
0.834714
0.837378
0.83401
0.835953
0.841175
0.842664
0.841473
0.832426
0.839559
0.839719
0.842134
0.842444
0.841623
0.842027
0.834949
0.838059
0.825641
0.830153
0.829116
0.83864
0.835482
0.835469
0.840109
0.827195
0.829363
0.837664
0.825358
0.828317
0.84163
0.831205
0.837934
0.836119
0.835958
0.835238
0.840223
0.843705
0.829733
0.829904
0.842397
0.830805
0.835045
0.830565
0.838464
0.837655
0.836341
0.840855
0.840186
0.832775
0.840964
0.832504
0.839581
0.829136
0.835701
0.834007
0.835687
0.833969
0.841476
0.841793
0.841948
0.827114
0.839714
0.833411
0.833936
0.835359
0.83529
0.826041
0.835404
0.842686
0.836674
0.841508
0.840122
0.830952
0.8427
0.84109
0.83829
0.839803
0.828929
0.836812
0.83424
0.835219
0.828049
0.827388
0.834349
0.837124
0.835138
0.836531
0.839795
0.827674
0.842509
0.840484
0.838306
0.830477
0.826513
0.829184
0.836164
0.826304
0.825995
0.839507
0.831499
0.837638
0.840827
0.841024
0.831552
0.838771
0.833529
0.838769
0.830452
0.831905
0.828787
0.839988
0.831381
0.835179
0.83004
0.83855
0.830014
0.838226
0.835898
0.838969
0.840395
0.838558
0.828656
0.838003
0.833261
0.839272
0.835607
0.836857
0.836841
0.838554
0.825942
0.828891
0.841585
0.833023
0.835837
0.839147
0.82654
0.837136
0.835739
0.838433
0.840753
0.827007
0.839058
0.845186
0.829162
0.828416
0.826479
0.825555
0.83095
0.829729
0.8299
0.82797
0.832792
0.841465
0.837162
0.839792
0.829949
0.840114
0.841301
0.843187
0.830019
0.839425
0.828655
0.833795
0.838654
0.84072
0.842516
0.826189
0.841105
0.842349
0.829859
0.838017
0.836115
0.834624
0.836522
0.826555
0.838153
0.830031
0.834093
0.834814
0.828111
0.840347
0.841294
0.827715
0.83534
0.831508
0.84028
0.842156
0.834267
0.834355
0.829547
0.828476
0.830842
0.841673
0.82699
0.83819
0.830663
0.840822
0.841773
0.829713
0.83382
0.8267
0.834072
0.830501
0.834947
0.838138
0.82789
0.841213
0.827245
0.839141
0.839746
0.833496
0.833755
0.839886
0.837956
0.834914
0.82962
0.833434
0.834472
0.839556
0.830285
0.838797
0.832835
0.825527
0.82846
0.836662
0.841361
0.828929
0.834106
0.836062
0.836789
0.829695
0.840345
0.827162
0.840427
0.834054
0.827248
0.838848
0.839327
0.832352
0.840876
0.833377
0.830056
0.842065
0.830614
0.837164
0.841683
0.830849
0.830694
0.838302
0.834199
0.839896
0.837109
0.828498
0.831087
0.825393
0.834093
0.833435
0.836173
0.830634
0.827912
0.833969
0.830874
0.839969
0.829844
0.835963
0.841571
0.828323
0.841673
0.831051
0.826599
0.833333
0.827989
0.829295
0.841059
0.838986
0.827769
0.831236
0.840834
0.82865
0.82788
0.833775
0.842188
0.830247
0.834162
0.837371
0.838636
0.838027
0.840496
0.835225
0.83468
0.82868
0.827992
0.837477
0.830742
0.840658
0.84024
0.829373
0.838856
0.836347
0.82929
0.841632
0.844082
0.828896
0.841267
0.841317
0.833391
0.82894
0.825956
0.838403
0.84054
0.840411
0.830034
0.833993
0.843031
0.841452
0.830296
0.83907
0.834088
0.837412
0.829391
0.832669
0.835469
0.842686
0.834451
0.840531
0.835751
0.8403
0.832888
0.830407
0.834742
0.826992
0.831907
0.841862
0.829844
0.830278
0.836446
0.838037
0.831681
0.83435
0.82765
0.837663
0.826981
0.838199
0.82777
0.842443
0.840808
0.841704
0.834698
0.835995
0.833304
0.828657
0.827349
0.832861
0.838739
0.834971
0.836165
0.841941
0.829324
0.834964
0.840386
0.841162
0.832635
0.838799
0.843647
0.84011
0.830666
0.843837
0.839601
0.837204
0.843227
0.839665
0.828352
0.83338
0.82871
0.837964
0.834655
0.834942
0.833883
0.83836
0.838137
0.842316
0.834192
0.839523
0.828768
0.842107
0.829839
0.834062
0.838318
0.827662
0.840309
0.840074
0.840233
0.838841
0.833213
0.829277
0.839597
0.838079
0.833818
0.834525
0.82929
0.839385
0.829792
0.840214
0.839983
0.837808
0.839033
0.825688
0.840182
0.834425
0.834463
0.834204
0.831859
0.839008
0.834537
0.83424
0.832708
0.841679
0.839694
0.840472
0.830669
0.833757
0.840364
0.83361
0.8401
0.828685
0.830818
0.834775
0.840037
0.830792
0.835823
0.833162
0.82943
0.839587
0.828073
0.82785
0.828729
0.834395
0.830486
0.842821
0.83765
0.834218
0.833612
0.839369
0.833079
0.829083
0.829645
0.82973
0.828734
0.832569
0.830941
0.840095
0.839814
0.837943
0.834423
0.834108
0.830925
0.835853
0.841459
0.827143
0.829021
0.833987
0.829751
0.828407
0.835514
0.83018
0.837048
0.84109
0.829139
0.834058
0.833586
0.830695
0.830292
0.837486
0.828821
0.828576
0.840535
0.837213
0.834297
0.828115
0.832425
0.835137
0.830716
0.840014
0.840859
0.833001
0.838831
0.835385
0.82915
0.842205
0.840866
0.84023
0.829271
0.843603
0.826186
0.833583
0.830957
0.833966
0.836623
0.836235
0.835613
0.835983
0.842713
0.840928
0.841553
0.827298
0.836296
0.834978
0.827236
0.830916
0.8428
0.825859
0.841442
0.841026
0.83587
0.839244
0.830416
0.830055
0.830545
0.838085
0.834939
0.826171
0.840463
0.825726
0.840373
0.834957
0.825525
0.838241
0.840979
0.834567
0.842637
0.834656
0.832298
0.841089
0.838848
0.828706
0.834051
0.83478
0.833991
0.839842
0.834479
0.825635
0.830189
0.834529
0.831458
0.839899
0.831294
0.830459
0.827127
0.841413
0.83576
0.830167
0.840498
0.840763
0.842158
0.828529
0.833915
0.838262
0.835679
0.840704
0.841951
0.838047
0.831833
0.839857
0.82665
0.827876
0.840018
0.839738
0.828967
0.841181
0.830599
0.828183
0.839508
0.838582
0.82825
0.840672
0.842425
0.826943
0.839096
0.837607
0.840768
0.840159
0.832665
0.839539
0.83346
0.832791
0.839627
0.841499
0.843897
0.842842
0.828608
0.839466
0.841751
0.832907
0.836448
0.82863
0.833466
0.841711
0.839287
0.826274
0.830138
0.832185
0.841397
0.840503
0.840663
0.830547
0.838137
0.839401
0.838821
0.841258
0.829745
0.834218
0.834739
0.832378
0.824644
0.835264
0.840835
0.838858
0.84172
0.829535
0.83496
0.840299
0.837639
0.838163
0.826613
0.839999
0.840215
0.836405
0.827564
0.8424
0.834175
0.835432
0.837341
0.843369
0.837231
0.824968
0.83474
0.828605
0.834556
0.841228
0.843371
0.841062
0.828217
0.840848
0.840383
0.831801
0.824811
0.829209
0.841223
0.835572
0.833877
0.83096
0.838304
0.839976
0.836669
0.840255
0.842414
0.83453
0.834157
0.833254
0.838809
0.838608
0.837385
0.838488
0.839148
0.830632
0.833194
0.838105
0.824408
0.840857
0.839972
0.840543
0.82806
0.838275
0.834684
0.833978
0.832565
0.843252
0.829842
0.829953
0.839894
0.834543
0.842588
0.840748
0.831387
0.84322
0.837713
0.840987
0.838841
0.830236
0.82989
0.828418
0.835426
0.829358
0.841365
0.838924
0.83918
0.82964
0.837298
0.827344
0.838505
0.836203
0.833968
0.834763
0.839631
0.841152
0.8412
0.833651
0.838609
0.837868
0.826789
0.836057
0.833793
0.829295
0.834788
0.837894
0.833195
0.842015
0.829716
0.840856
0.833884
0.837074
0.832467
0.828047
0.841803
0.836284
0.842107
0.843226
0.834662
0.833329
0.828815
0.838238
0.828464
0.839119
0.825626
0.842857
0.83693
0.830075
0.841914
0.832992
0.840115
0.837448
0.838564
0.839054
0.840111
0.837939
0.835902
0.834989
0.834414
0.825157
0.839239
0.828675
0.841805
0.835254
0.839615
0.835397
0.838256
0.827232
0.833635
0.838951
0.839415
0.838615
0.830388
0.828402
0.833749
0.829513
0.830478
0.832787
0.827554
0.838859
0.837936
0.843273
0.834912
0.830327
0.82919
0.828146
0.837026
0.842955
0.829904
0.828407
0.831593
0.83829
0.827997
0.830501
0.827193
0.838056
0.828899
0.830495
0.83431
0.833047
0.83861
0.838995
0.838705
0.829654
0.838034
0.840482
0.837448
0.83022
0.842146
0.825694
0.828007
0.8256
0.834382
0.840188
0.840947
0.841479
0.83128
0.829217
0.829701
0.840215
0.832751
0.833145
0.840128
0.827112
0.827596
0.842962
0.839041
0.838152
0.833588
0.840705
0.827112
0.833482
0.824598
0.828907
0.836247
0.830047
0.840372
0.828899
0.837466
0.833165
0.834965
0.834601
0.827613
0.830355
0.839084
0.827063
0.833045
0.836932
0.833498
0.840476
0.841745
0.840575
0.838233
0.829582
0.828056
0.833118
0.842963
0.837759
0.83233
0.836478
0.835034
0.828798
0.839885
0.832892
0.827448
0.831197
0.824543
0.826297
0.827317
0.834558
0.841885
0.833449
0.828607
0.837915
0.839985
0.833243
0.832728
0.828606
0.832591
0.840254
0.836842
0.841493
0.835774
0.840454
0.828172
0.828607
0.840059
0.833904
0.844226
0.841335
0.837684
0.83263
0.831636
0.833791
0.834361
0.827512
0.838324
0.835034
0.839983
0.827652
0.827565
0.836036
0.834575
0.828526
0.835033
0.828914
0.840524
0.835571
0.842411
0.834543
0.830068
0.834738
0.84138
0.828605
0.834085
0.838524
0.840557
0.833545
0.835234
0.829922
0.83447
0.831377
0.841458
0.840597
0.839283
0.838399
0.840125
0.839809
0.841539
0.839947
0.839698
0.839572
0.834313
0.836639
0.826705
0.836925
0.839627
0.829349
0.826393
0.83361
0.839384
0.834971
0.838254
0.826902
0.832225
0.836135
0.838746
0.832976
0.829988
0.83389
0.839135
0.83896
0.841462
0.828649
0.839247
0.829586
0.84004
0.829591
0.829449
0.829994
0.833794
0.833594
0.824614
0.827327
0.830289
0.84195
0.837639
0.835415
0.841076
0.841208
0.837061
0.828962
0.834729
0.83005
0.82916
0.830488
0.829978
0.842639
0.842063
0.839084
0.839083
0.831335
0.828328
0.833541
0.843527
0.828935
0.830016
0.836443
0.841165
0.837139
0.842401
0.829972
0.830801
0.834554
0.840168
0.838163
0.828756
0.834537
0.84135
0.837907
0.84103
0.827331
0.833468
0.836082
0.837279
0.841787
0.837757
0.828132
0.832027
0.833594
0.834894
0.838551
0.842001
0.838321
0.834249
0.831409
0.84495
0.829972
0.83466
0.827636
0.841854
0.828511
0.838782
0.824581
0.834355
0.837068
0.839524
0.839019
0.824691
0.837534
0.830497
0.840377
0.828424
0.840301
0.830803
0.828812
0.83903
0.835545
0.835587
0.841754
0.836031
0.838995
0.837808
0.82785
0.838108
0.837584
0.834615
0.840585
0.839493
0.831034
0.826716
0.830199
0.828924
0.840001
0.840447
0.829312
0.835798
0.830244
0.832458
0.833176
0.839281
0.833047
0.840037
0.831821
0.829725
0.825912
0.829611
0.831249
0.829532
0.83625
0.83063
0.841039
0.841363
0.833255
0.840567
0.826339
0.840441
0.831745
0.843303
0.84051
0.831068
0.833878
0.831376
0.831578
0.829705
0.831941
0.829574
0.839333
0.841642
0.840049
0.826523
0.827618
0.837444
0.839759
0.840366
0.831744
0.840891
0.839788
0.840127
0.832287
0.84109
0.826552
0.828689
0.839623
0.835312
0.84039
0.833155
0.830026
0.840935
0.833175
0.836903
0.840431
0.82779
0.826069
0.835119
0.836143
0.828637
0.832097
0.836452
0.82889
0.837821
0.840644
0.839662
0.828911
0.83479
0.837259
0.84268
0.839118
0.838046
0.840815
0.838411
0.840021
0.83348
0.836997
0.834619
0.837984
0.827343
0.835321
0.836271
0.829606
0.841562
0.831958
0.835669
0.835958
0.835809
0.838145
0.830044
0.832804
0.835873
0.835086
0.828709
0.83775
0.840445
0.8388
0.834525
0.842137
0.840995
0.829843
0.838339
0.839245
0.826639
0.833153
0.842028
0.829693
0.82556
0.837259
0.837512
0.840987
0.843165
0.829916
0.828519
0.842139
0.827143
0.839188
0.841151
0.84135
0.832986
0.832779
0.836996
0.830501
0.8394
0.83147
0.838607
0.828313
0.830826
0.82656
0.839418
0.837368
0.835088
0.834851
0.830123
0.842641
0.83007
0.832978
0.840528
0.832667
0.828879
0.831834
0.839174
0.837844
0.839019
0.838564
0.838173
0.840116
0.830264
0.843514
0.837125
0.829088
0.834734
0.842068
0.825979
0.830359
0.833324
0.839432
0.836509
0.833524
0.829997
0.831371
0.829341
0.841292
0.830231
0.830467
0.835338
0.828071
0.841989
0.840649
0.834389
0.839421
0.828605
0.840293
0.832987
0.835346
0.82806
0.829068
0.832833
0.840068
0.829213
0.841037
0.832241
0.826591
0.840957
0.834722
0.829017
0.833039
0.837678
0.833031
0.842801
0.835215
0.837372
0.82831
0.828165
0.840934
0.828362
0.840553
0.830177
0.828904
0.828294
0.8406
0.830007
0.830689
0.839707
0.836813
0.843463
0.838863
0.834163
0.83471
0.827382
0.828452
0.840508
0.836468
0.839505
0.82535
0.84131
0.829966
0.837122
0.834348
0.831649
0.841869
0.83484
0.827228
0.841756
0.831504
0.838272
0.843294
0.827429
0.838383
0.843123
0.839174
0.842738
0.841858
0.841768
0.829993
0.831279
0.830313
0.826948
0.838457
0.830974
0.835188
0.837946
0.828144
0.834628
0.836887
0.836736
0.829635
0.828215
0.839062
0.830395
0.828244
0.839155
0.840373
0.83221
0.836094
0.829696
0.830527
0.838962
0.832773
0.830368
0.825825
0.83355
0.841971
0.830036
0.828959
0.82842
0.837994
0.835929
0.834471
0.837486
0.835217
0.843222
0.836375
0.831771
0.838496
0.829082
0.827585
0.828325
0.834228
0.829999
0.833283
0.8273
0.829309
0.828438
0.828139
0.832405
0.825732
0.838871
0.827796
0.838993
0.82738
0.835593
0.833458
0.837319
0.830169
0.830512
0.826954
0.838737
0.843904
0.834674
0.829838
0.830715
0.838603
0.836932
0.833972
0.832751
0.826016
0.837064
0.826714
0.836432
0.828852
0.838959
0.83793
0.835565
0.827086
0.834099
0.829055
0.828074
0.83581
0.830916
0.834143
0.841761
0.839442
0.835942
0.830079
0.841153
0.829234
0.841907
0.838154
0.833078
0.835351
0.840136
0.841843
0.827762
0.829236
0.826708
0.82848
0.828204
0.826704
0.827111
0.835846
0.834888
0.84265
0.82944
0.834686
0.829809
0.835745
0.82844
0.839201
0.828178
0.828793
0.828058
0.834671
0.837819
0.83843
0.829712
0.841294
0.834094
0.83458
0.829727
0.833446
0.839911
0.834158
0.832046
0.834694
0.831049
0.833745
0.835124
0.842176
0.840827
0.835157
0.836923
0.837781
0.834799
0.834078
0.827985
0.843756
0.838823
0.834474
0.840163
0.840277
0.827383
0.825919
0.840108
0.830718
0.828156
0.834883
0.839778
0.836689
0.825977
0.841791
0.835056
0.838788
0.831459
0.831171
0.840078
0.829771
0.840509
0.838958
0.840854
0.843659
0.837012
0.825763
0.84044
0.841069
0.825973
0.834618
0.835658
0.839063
0.839566
0.842049
0.835434
0.826908
0.827589
0.840201
0.839415
0.842542
0.827354
0.831393
0.834015
0.843158
0.839586
0.832879
0.841706
0.829106
0.842348
0.833421
0.830773
0.837539
0.835841
0.841493
0.837587
0.838631
0.838585
0.840653
0.833244
0.830281
0.826018
0.830429
0.830198
0.82885
0.83609
0.841479
0.835022
0.8303
0.835039
0.826913
0.837989
0.84353
0.82872
0.841214
0.831013
0.828986
0.831957
0.835072
0.830896
0.839001
0.834751
0.839523
0.839125
0.837947
0.834712
0.834198
0.829604
0.831922
0.834362
0.836701
0.831526
0.828384
0.830407
0.833524
0.834749
0.829692
0.830932
0.824917
0.837616
0.843249
0.83801
0.840953
0.838618
0.832455
0.829317
0.839091
0.834066
0.840903
0.827145
0.828786
0.839476
0.84073
0.841556
0.829488
0.837992
0.839644
0.839383
0.836925
0.833571
0.828648
0.840061
0.836878
0.841652
0.838815
0.829044
0.841854
0.841818
0.829582
0.833728
0.827361
0.830939
0.841082
0.829173
0.841761
0.833419
0.83516
0.839344
0.827312
0.833604
0.842223
0.840993
0.826667
0.836639
0.829334
0.827037
0.829299
0.832812
0.839041
0.830683
0.835396
0.839516
0.838475
0.839047
0.841246
0.835721
0.834096
0.833577
0.837752
0.84042
0.841494
0.84085
0.836669
0.837694
0.840164
0.842207
0.842647
0.835246
0.828348
0.83186
0.838605
0.827267
0.837152
0.837575
0.838471
0.829226
0.83403
0.834596
0.841918
0.841142
0.838625
0.835114
0.840633
0.838795
0.839246
0.827319
0.828763
0.840286
0.829808
0.828539
0.828266
0.840276
0.829947
0.826041
0.837695
0.838602
0.839634
0.840955
0.840306
0.83016
0.82828
0.835071
0.839872
0.838988
0.837717
0.839066
0.841143
0.833622
0.840198
0.833114
0.83672
0.842621
0.840061
0.832629
0.840841
0.829782
0.841996
0.824281
0.838593
0.833375
0.839039
0.840691
0.835952
0.825983
0.839143
0.833339
0.837611
0.829186
0.830126
0.845017
0.83185
0.837741
0.83798
0.837501
0.831123
0.824877
0.830924
0.836557
0.835366
0.832554
0.839452
0.835758
0.83242
0.832693
0.833208
0.839401
0.841196
0.830581
0.831106
0.841467
0.829749
0.826992
0.832987
0.835214
0.83226
0.830359
0.834235
0.827265
0.834954
0.833116
0.826887
0.834603
0.839888
0.828636
0.826839
0.832233
0.828487
0.833546
0.825352
0.826845
0.833827
0.837118
0.841377
0.839401
0.834742
0.82502
0.839746
0.834389
0.834824
0.835681
0.830566
0.841404
0.830043
0.824756
0.829985
0.828868
0.83978
0.830327
0.843058
0.826455
0.83344
0.837027
0.827336
0.836793
0.83392
0.829723
0.833684
0.830425
0.835508
0.827809
0.836926
0.838936
0.836758
0.836819
0.838876
0.837145
0.843221
0.842586
0.829673
0.833627
0.836306
0.830697
0.840769
0.831316
0.836551
0.828798
0.835243
0.830367
0.834764
0.839693
0.83817
0.828928
0.828381
0.829652
0.83878
0.843135
0.829299
0.82801
0.829521
0.833805
0.838212
0.841711
0.833716
0.839407
0.834792
0.843448
0.826693
0.834505
0.835047
0.836392
0.840626
0.841128
0.830957
0.836751
0.828942
0.840341
0.826042
0.828735
0.836606
0.841527
0.827441
0.842074
0.835439
0.841035
0.838604
0.837587
0.828702
0.82669
0.836056
0.837959
0.843147
0.830486
0.833853
0.833381
0.840558
0.841906
0.831033
0.835254
0.837154
0.825809
0.838563
0.833518
0.838661
0.829305
0.834557
0.839682
0.836164
0.834028
0.83298
0.837998
0.83623
0.84003
0.834276
0.843425
0.839965
0.841697
0.830131
0.840629
0.837643
0.844188
0.836203
0.829405
0.840331
0.83045
0.828386
0.835329
0.837948
0.826151
0.829757
0.837617
0.834578
0.830534
0.834016
0.827062
0.8295
0.827147
0.831105
0.826968
0.838824
0.839028
0.827973
0.828173
0.833748
0.837033
0.828639
0.831608
0.84131
0.829279
0.833627
0.84197
0.840648
0.841812
0.835139
0.836489
0.840552
0.834909
0.839494
0.830562
0.841588
0.841444
0.824655
0.82941
0.834668
0.826841
0.832969
0.842699
0.839813
0.834221
0.844114
0.843634
0.830144
0.837007
0.828241
0.838366
0.834275
0.829785
0.835115
0.835639
0.838159
0.831254
0.829912
0.84166
0.834376
0.83341
0.831802
0.82809
0.83364
0.827332
0.827024
0.841799
0.828149
0.83039
0.829865
0.837611
0.831014
0.843237
0.829368
0.832373
0.841162
0.83156
0.836468
0.83138
0.839186
0.835414
0.842599
0.833245
0.827223
0.833627
0.827291
0.826503
0.833354
0.839759
0.84099
0.830613
0.838474
0.84301
0.828695
0.828048
0.835766
0.83628
0.830821
0.838188
0.839024
0.838874
0.826179
0.840693
0.825248
0.838833
0.828729
0.82704
0.842242
0.83122
0.839602
0.834057
0.840302
0.834641
0.830066
0.841943
0.828749
0.831958
0.843203
0.841791
0.832698
0.829158
0.826753
0.841934
0.842707
0.830382
0.829657
0.838364
0.839157
0.829726
0.824515
0.834534
0.841003
0.833889
0.842078
0.834474
0.843955
0.838701
0.829267
0.833841
0.840777
0.828831
0.835068
0.834152
0.838358
0.83462
0.82888
0.835363
0.831784
0.840446
0.836297
0.834856
0.828457
0.838781
0.836884
0.825753
0.827313
0.830695
0.844157
0.831845
0.840529
0.834312
0.838723
0.828614
0.832818
0.83488
0.834953
0.835625
0.836088
0.837397
0.841462
0.833603
0.843158
0.842106
0.840432
0.841632
0.839276
0.837442
0.834601
0.837291
0.837654
0.827012
0.827035
0.829042
0.830166
0.835093
0.841203
0.837387
0.830117
0.830587
0.833621
0.841217
0.84263
0.841875
0.833183
0.834835
0.826373
0.831958
0.835112
0.842258
0.837008
0.842036
0.838598
0.841254
0.830769
0.828409
0.832788
0.831065
0.836112
0.826645
0.842682
0.837104
0.840273
0.840019
0.832152
0.830546
0.836452
0.833402
0.831341
0.828822
0.832026
0.833483
0.829043
0.83959
0.832527
0.840597
0.837002
0.833097
0.839068
0.842481
0.833027
0.830574
0.840702
0.840189
0.835592
0.837817
0.830041
0.841233
0.838227
0.831242
0.829421
0.83924
0.839304
0.84268
0.842312
0.834011
0.828311
0.83369
0.828036
0.833591
0.842366
0.840824
0.843451
0.836968
0.833351
0.826686
0.839201
0.837584
0.838464
0.825503
0.83662
0.838916
0.842025
0.840038
0.83289
0.827113
0.828754
0.827875
0.834558
0.83026
0.826357
0.833198
0.829615
0.835157
0.838694
0.833721
0.842796
0.830422
0.836802
0.828644
0.830105
0.829611
0.834744
0.834464
0.841599
0.83393
0.827522
0.834459
0.827594
0.831748
0.8361
0.839705
0.828239
0.830547
0.837559
0.839077
0.841475
0.843169
0.840047
0.841793
0.840905
0.82582
0.830242
0.835829
0.825864
0.839701
0.832253
0.827835
0.827845
0.839706
0.83076
0.832532
0.828331
0.833281
0.839966
0.838519
0.835973
0.840583
0.83462
0.82719
0.834031
0.839184
0.833104
0.82647
0.83837
0.825625
0.829627
0.830299
0.836482
0.832444
0.840583
0.839639
0.838133
0.835739
0.825752
0.841586
0.831797
0.834691
0.825819
0.840302
0.841659
0.838543
0.837514
0.834273
0.835989
0.828812
0.831193
0.840965
0.841737
0.829533
0.834882
0.827017
0.838663
0.832489
0.84041
0.840085
0.840397
0.832624
0.833618
0.839092
0.838468
0.837245
0.832294
0.83777
0.838648
0.833395
0.84192
0.841705
0.832617
0.832183
0.840222
0.833975
0.840736
0.834916
0.833383
0.841346
0.837692
0.831289
0.827458
0.830223
0.829716
0.827286
0.841598
0.84019
0.834762
0.826934
0.839363
0.831056
0.830275
0.830988
0.83207
0.826195
0.840342
0.833023
0.84301
0.827723
0.829732
0.832876
0.832959
0.840915
0.841386
0.842285
0.834049
0.834105
0.839902
0.826958
0.839451
0.832192
0.82878
0.833012
0.838698
0.839646
0.841816
0.841038
0.828892
0.839086
0.83767
0.828971
0.830527
0.84231
0.831715
0.841008
0.837228
0.842404
0.830557
0.831108
0.838519
0.834839
0.842001
0.841908
0.833278
0.830558
0.831944
0.838072
0.840495
0.834077
0.841986
0.842592
0.843829
0.841941
0.840243
0.840481
0.839679
0.832678
0.842014
0.831992
0.825822
0.837668
0.832263
0.832669
0.833488
0.839718
0.84379
0.837937
0.830335
0.829206
0.834986
0.840768
0.839666
0.828089
0.834118
0.833234
0.825461
0.833077
0.842504
0.837892
0.83352
0.843271
0.830742
0.840437
0.834579
0.829004
0.830496
0.838809
0.828017
0.828496
0.829438
0.834497
0.831324
0.826784
0.842102
0.841906
0.839445
0.841964
0.84177
0.827907
0.837491
0.830124
0.838155
0.830494
0.841949
0.8289
0.8401
0.833918
0.837287
0.831329
0.840512
0.839432
0.831012
0.839351
0.827654
0.831808
0.830316
0.82732
0.840365
0.838482
0.830286
0.834991
0.82985
0.841539
0.834093
0.830272
0.841535
0.830222
0.837892
0.835336
0.826121
0.837001
0.830032
0.837998
0.83306
0.829008
0.842191
0.827181
0.830613
0.836301
0.839542
0.832519
0.839872
0.840564
0.833625
0.835167
0.833502
0.83923
0.832578
0.835654
0.834152
0.829033
0.842273
0.828818
0.83098
0.832758
0.833688
0.841004
0.841956
0.829126
0.82648
0.839179
0.82955
0.839339
0.83832
0.841199
0.824905
0.842608
0.82982
0.828183
0.826152
0.836483
0.838918
0.827621
0.830497
0.829082
0.841053
0.839893
0.838555
0.827771
0.829173
0.830697
0.841654
0.838554
0.836976
0.832869
0.83547
0.8276
0.83137
0.835581
0.841355
0.839164
0.837145
0.828147
0.835158
0.831464
0.830483
0.840117
0.834236
0.833418
0.833772
0.843331
0.830699
0.838084
0.833491
0.829674
0.842416
0.837718
0.833647
0.839485
0.837226
0.839831
0.843225
0.828052
0.838929
0.834018
0.833002
0.829718
0.834018
0.840429
0.835433
0.837879
0.839863
0.826937
0.830823
0.824971
0.829816
0.841523
0.834988
0.829894
0.833888
0.84072
0.830547
0.842035
0.83354
0.838377
0.837737
0.834877
0.830622
0.825234
0.837352
0.841134
0.838823
0.832707
0.833299
0.830769
0.841836
0.826949
0.825709
0.838206
0.830933
0.840415
0.833582
0.834398
0.840199
0.838989
0.83424
0.842354
0.833557
0.830888
0.831328
0.842667
0.827636
0.839186
0.828504
0.838345
0.839995
0.832084
0.83879
0.831172
0.836289
0.829576
0.843776
0.838135
0.826506
0.8427
0.832036
0.825616
0.827285
0.83078
0.840409
0.829348
0.82866
0.831296
0.835769
0.829884
0.830015
0.830347
0.83451
0.82983
0.837721
0.829693
0.82582
0.832913
0.837994
0.841363
0.827853
0.824987
0.841384
0.841379
0.836726
0.83373
0.829162
0.829039
0.82886
0.829627
0.833242
0.83068
0.835081
0.83917
0.829715
0.827286
0.832478
0.841011
0.840167
0.826696
0.833864
0.837884
0.835099
0.836986
0.84003
0.840068
0.823769
0.840636
0.840013
0.841212
0.838024
0.833343
0.827208
0.827416
0.83642
0.841147
0.838967
0.834897
0.833686
0.825129
0.829078
0.834709
0.838901
0.835834
0.840406
0.834033
0.840805
0.84199
0.834438
0.831005
0.827006
0.83073
0.834272
0.828222
0.829825
0.826603
0.840414
0.827049
0.827213
0.830089
0.834829
0.839293
0.83378
0.840838
0.840788
0.840128
0.830726
0.840598
0.841668
0.833897
0.830881
0.839647
0.835933
0.838402
0.83734
0.830565
0.830442
0.835534
0.840265
0.840929
0.824898
0.841808
0.83828
0.840121
0.830787
0.840287
0.834101
0.826136
0.828256
0.841928
0.8386
0.839057
0.840295
0.843021
0.836515
0.83621
0.83435
0.83064
0.840196
0.840964
0.836463
0.836339
0.841172
0.840405
0.828007
0.837806
0.835549
0.837247
0.843597
0.830711
0.82743
0.837554
0.842576
0.843236
0.833226
0.83156
0.842907
0.839284
0.829837
0.838685
0.842252
0.836918
0.832795
0.842771
0.825801
0.841983
0.837949
0.831985
0.840044
0.829531
0.831376
0.833492
0.84012
0.827915
0.839736
0.829625
0.828951
0.829725
0.838883
0.8286
0.84296
0.838703
0.834679
0.830442
0.83954
0.828474
0.833429
0.835272
0.833534
0.841251
0.830039
0.838443
0.828007
0.833395
0.829831
0.841435
0.828863
0.83085
0.841195
0.829726
0.840973
0.834034
0.83078
0.828348
0.841229
0.835683
0.835986
0.828247
0.832936
0.839659
0.829946
0.835855
0.838184
0.827474
0.842568
0.825472
0.827049
0.842361
0.828049
0.842572
0.839191
0.830559
0.832989
0.828529
0.832556
0.830729
0.837224
0.837637
0.842415
0.834085
0.829743
0.834766
0.838265
0.82595
0.832926
0.828552
0.832182
0.837378
0.841109
0.838324
0.828422
0.83609
0.837719
0.84164
0.835999
0.834889
0.834534
0.829577
0.83358
0.83997
0.839893
0.824451
0.837445
0.837874
0.825742
0.839736
0.829502
0.83849
0.833833
0.830271
0.838777
0.831307
0.837727
0.841461
0.828868
0.841718
0.83858
0.839516
0.835763
0.82751
0.829512
0.830169
0.829599
0.827639
0.833669
0.83829
0.829662
0.829684
0.832881
0.830979
0.834414
0.841491
0.835017
0.840721
0.836371
0.832707
0.837562
0.834964
0.842347
0.833488
0.838383
0.83013
0.83325
0.833947
0.841559
0.840044
0.829294
0.8424
0.835198
0.840552
0.839826
0.833809
0.841314
0.840956
0.834932
0.839811
0.828377
0.837036
0.832197
0.839161
0.830686
0.836288
0.843569
0.834695
0.842352
0.833382
0.836083
0.8308
0.831908
0.840852
0.841598
0.828009
0.829367
0.82766
0.832649
0.827013
0.829475
0.841606
0.840621
0.838457
0.827822
0.840614
0.834974
0.833252
0.840364
0.829488
0.825842
0.840189
0.841821
0.830567
0.828501
0.834076
0.840465
0.839715
0.835855
0.827276
0.828579
0.837754
0.838616
0.828845
0.838115
0.838547
0.841681
0.833428
0.840365
0.825732
0.839676
0.835328
0.838124
0.832844
0.839662
0.837755
0.836928
0.83538
0.839512
0.835023
0.829786
0.842624
0.830454
0.837335
0.834899
0.831257
0.828434
0.833427
0.835904
0.830999
0.830075
0.834621
0.829987
0.829113
0.826638
0.826502
0.827281
0.839391
0.841811
0.839507
0.835453
0.829287
0.837884
0.831281
0.837164
0.836211
0.834163
0.829918
0.832687
0.833995
0.837436
0.828222
0.834263
0.838942
0.831255
0.833001
0.841334
0.840478
0.836212
0.83756
0.829887
0.838602
0.832504
0.839769
0.837059
0.839528
0.837083
0.841372
0.825928
0.840491
0.83696
0.83389
0.842331
0.827961
0.827062
0.840681
0.832754
0.840025
0.831605
0.834344
0.840336
0.834885
0.842627
0.829709
0.83109
0.828227
0.832881
0.84002
0.829207
0.837377
0.827323
0.82945
0.833105
0.833939
0.836244
0.837482
0.828971
0.828363
0.829523
0.824796
0.833661
0.842057
0.834576
0.831143
0.83361
0.832847
0.835581
0.839074
0.833933
0.836302
0.83332
0.831856
0.840537
0.841547
0.83649
0.837658
0.83463
0.83914
0.842664
0.830167
0.831215
0.833111
0.830621
0.83434
0.832463
0.84195
0.825769
0.839645
0.832095
0.837183
0.840103
0.8262
0.830598
0.828787
0.831539
0.829863
0.839729
0.836889
0.839338
0.840892
0.839649
0.835031
0.830893
0.825955
0.831949
0.828047
0.832755
0.830595
0.84235
0.830045
0.828663
0.842988
0.834694
0.829691
0.836912
0.840412
0.842046
0.827694
0.838906
0.829106
0.838751
0.830958
0.8359
0.843717
0.825319
0.82477
0.833462
0.827389
0.829108
0.827276
0.827586
0.828432
0.839363
0.826558
0.834089
0.8349
0.841041
0.827998
0.841828
0.82674
0.841709
0.832246
0.829607
0.838552
0.835874
0.826957
0.840439
0.841788
0.843252
0.833508
0.831475
0.841785
0.833433
0.837287
0.839951
0.83934
0.840055
0.839217
0.841445
0.841968
0.834843
0.827116
0.832694
0.830187
0.835801
0.835347
0.840595
0.839753
0.83416
0.830668
0.841019
0.840151
0.840608
0.830569
0.840526
0.840947
0.841733
0.832719
0.836878
0.836678
0.832123
0.832849
0.842604
0.834957
0.828412
0.829941
0.835342
0.827656
0.828224
0.830896
0.82801
0.831863
0.830903
0.834488
0.826208
0.838558
0.833361
0.826716
0.838158
0.84216
0.8428
0.837669
0.830805
0.828007
0.833971
0.837754
0.830027
0.825763
0.840482
0.833286
0.828162
0.834191
0.83702
0.833087
0.842646
0.838521
0.840584
0.82906
0.833693
0.834899
0.841943
0.834737
0.82453
0.830147
0.83469
0.831398
0.841211
0.839421
0.828189
0.826915
0.835591
0.834455
0.836412
0.83789
0.83453
0.834512
0.839486
0.842084
0.836109
0.834162
0.841508
0.84187
0.840815
0.834653
0.833558
0.836953
0.837135
0.83564
0.837298
0.827933
0.838543
0.830303
0.83598
0.835295
0.831138
0.835844
0.837038
0.830675
0.838337
0.827158
0.825813
0.834724
0.828179
0.833236
0.827294
0.843703
0.833969
0.838617
0.834105
0.836558
0.841543
0.833642
0.828752
0.834783
0.838133
0.827426
0.830929
0.837376
0.827425
0.838952
0.832501
0.833745
0.837872
0.830075
0.840684
0.829853
0.830707
0.826193
0.841467
0.841277
0.834206
0.839279
0.830119
0.826303
0.842141
0.84031
0.833949
0.838832
0.827096
0.836834
0.831217
0.834924
0.837575
0.831801
0.839906
0.834107
0.839642
0.83622
0.8426
0.835503
0.823509
0.828956
0.833977
0.840475
0.829144
0.828567
0.836969
0.833471
0.837961
0.832914
0.827727
0.834855
0.83863
0.836514
0.8391
0.837071
0.835526
0.831004
0.837768
0.827193
0.840925
0.826853
0.840043
0.8407
0.830908
0.84335
0.833441
0.841592
0.833742
0.832589
0.839986
0.827678
0.831106
0.832463
0.834191
0.830381
0.836056
0.841251
0.83009
0.837079
0.839812
0.838163
0.827447
0.828829
0.842401
0.829272
0.836518
0.831161
0.832676
0.839039
0.838107
0.837824
0.831172
0.832349
0.83921
0.840247
0.839902
0.828637
0.827363
0.828366
0.840136
0.8302
0.825196
0.828436
0.829104
0.840669
0.82851
0.82826
0.831329
0.833875
0.839304
0.840312
0.838339
0.830369
0.831194
0.827719
0.837502
0.829593
0.827738
0.841066
0.833032
0.825019
0.841824
0.833273
0.835863
0.836187
0.834454
0.838507
0.839451
0.836471
0.840031
0.839731
0.84
0.826921
0.839587
0.834052
0.829909
0.839685
0.827869
0.83081
0.83987
0.829894
0.834622
0.83815
0.840251
0.829865
0.827312
0.832522
0.83598
0.838623
0.829082
0.834738
0.830129
0.835699
0.840634
0.829155
0.842404
0.828085
0.844541
0.827573
0.833481
0.834316
0.840679
0.834427
0.835054
0.839296
0.838405
0.831575
0.842783
0.840629
0.833578
0.828253
0.843072
0.833687
0.838968
0.843944
0.829119
0.835816
0.831518
0.825821
0.829133
0.834565
0.83572
0.828522
0.830048
0.84079
0.83793
0.831269
0.825494
0.841494
0.840931
0.829038
0.830763
0.828909
0.833863
0.832648
0.837064
0.841594
0.828947
0.838925
0.840242
0.826319
0.842153
0.828578
0.842177
0.829554
0.842915
0.841373
0.830665
0.830566
0.840689
0.836587
0.834004
0.829903
0.842034
0.833241
0.839178
0.8358
0.8376
0.834083
0.830184
0.839429
0.838518
0.831304
0.843069
0.828013
0.838188
0.84116
0.828205
0.841313
0.829223
0.82929
0.838906
0.83214
0.841092
0.838536
0.839637
0.839213
0.834938
0.836642
0.835327
0.836071
0.840407
0.828689
0.843078
0.841188
0.841212
0.832349
0.844361
0.826193
0.836757
0.840444
0.827049
0.83448
0.839191
0.829217
0.838592
0.839315
0.839348
0.837726
0.829019
0.835951
0.841913
0.829161
0.826294
0.840006
0.831221
0.83514
0.830193
0.837227
0.842207
0.824455
0.830067
0.838667
0.832563
0.835643
0.840816
0.835919
0.83508
0.838016
0.827782
0.837492
0.841231
0.840277
0.826127
0.833924
0.839791
0.838571
0.830661
0.836524
0.828515
0.837555
0.829041
0.829542
0.830888
0.833122
0.837476
0.837492
0.83375
0.838675
0.830547
0.841843
0.824742
0.83067
0.84183
0.839176
0.827203
0.832608
0.838885
0.838254
0.839343
0.840822
0.824898
0.840425
0.841369
0.833266
0.83391
0.836949
0.836308
0.838522
0.841221
0.833391
0.835418
0.828649
0.838575
0.841717
0.840304
0.830166
0.828526
0.841392
0.840813
0.834977
0.835268
0.840784
0.839789
0.840631
0.831918
0.834898
0.84242
0.840154
0.829163
0.835185
0.831076
0.838457
0.829036
0.842979
0.832294
0.840591
0.839181
0.834797
0.843262
0.838396
0.833942
0.831851
0.836337
0.839055
0.843244
0.838923
0.835877
0.837539
0.827682
0.840666
0.840848
0.839821
0.829491
0.841489
0.839613
0.838568
0.830066
0.843814
0.839014
0.82866
0.828411
0.825758
0.835432
0.826071
0.84213
0.827975
0.834026
0.842813
0.830848
0.835786
0.829481
0.832542
0.825631
0.839861
0.827508
0.828546
0.829372
0.829989
0.841348
0.839002
0.841524
0.827662
0.82911
0.840444
0.827126
0.840212
0.841348
0.829451
0.828742
0.842504
0.830919
0.828994
0.834487
0.842306
0.832096
0.829382
0.828642
0.836639
0.828908
0.834237
0.835353
0.82882
0.825649
0.836038
0.839294
0.838842
0.843504
0.83513
0.82482
0.82805
0.838572
0.844537
0.829437
0.831239
0.829435
0.843387
0.837388
0.843707
0.825648
0.830702
0.840705
0.829634
0.831522
0.837851
0.833883
0.829103
0.827658
0.840024
0.838138
0.840495
0.840366
0.840681
0.83884
0.832862
0.832867
0.838376
0.837187
0.830793
0.833883
0.834188
0.834793
0.841678
0.837352
0.829632
0.843788
0.832716
0.842703
0.834529
0.83897
0.833757
0.840808
0.839674
0.840957
0.83502
0.835683
0.837086
0.832944
0.833978
0.837401
0.829716
0.831189
0.838004
0.827931
0.82552
0.842074
0.829902
0.835771
0.831521
0.842053
0.829193
0.833982
0.834872
0.840262
0.840788
0.834633
0.841223
0.835038
0.839504
0.841488
0.830414
0.830496
0.824502
0.829727
0.825438
0.832782
0.828212
0.830039
0.836854
0.834188
0.833973
0.839246
0.830127
0.832465
0.830835
0.83354
0.834638
0.837207
0.828907
0.829824
0.830649
0.828629
0.841489
0.83148
0.842133
0.826232
0.829466
0.840125
0.828391
0.841343
0.836066
0.828767
0.84147
0.834112
0.836324
0.841884
0.840523
0.841578
0.834177
0.839076
0.834631
0.831773
0.838315
0.842641
0.825842
0.837875
0.843146
0.833134
0.837231
0.833254
0.834591
0.829413
0.836805
0.834582
0.83703
0.839984
0.826102
0.834111
0.840595
0.831996
0.83863
0.842245
0.842279
0.834444
0.828302
0.827602
0.838953
0.829739
0.828689
0.839957
0.835366
0.838662
0.837505
0.842155
0.834284
0.836788
0.826832
0.831895
0.840071
0.837975
0.829379
0.826013
0.842839
0.840558
0.836554
0.827825
0.842325
0.828778
0.836335
0.838874
0.837765
0.825488
0.830937
0.838252
0.842949
0.839486
0.835485
0.831451
0.839719
0.829661
0.834346
0.838141
0.836406
0.834823
0.833553
0.82916
0.828946
0.826664
0.82757
0.840629
0.824929
0.842854
0.841173
0.840807
0.828631
0.833589
0.839979
0.838097
0.827513
0.828897
0.842759
0.836747
0.825118
0.827701
0.82818
0.835226
0.830128
0.833608
0.84062
0.835993
0.830766
0.832981
0.834041
0.839531
0.833454
0.825029
0.82975
0.827523
0.827112
0.826095
0.826764
0.830784
0.837421
0.830591
0.835149
0.831524
0.827624
0.832154
0.842303
0.842494
0.831623
0.830324
0.834161
0.838472
0.829271
0.840669
0.839169
0.834648
0.833546
0.839331
0.838215
0.827134
0.839858
0.840407
0.838341
0.839922
0.840428
0.832747
0.840246
0.834427
0.83851
0.833708
0.826613
0.8372
0.832882
0.834328
0.837907
0.839028
0.841955
0.83042
0.835982
0.834688
0.839182
0.83308
0.831083
0.826624
0.832354
0.83641
0.833087
0.842955
0.827947
0.839199
0.827558
0.842733
0.828002
0.839681
0.830734
0.835488
0.84321
0.835445
0.842205
0.834211
0.829176
0.839564
0.837585
0.841899
0.830946
0.837772
0.834366
0.829541
0.830119
0.834028
0.829346
0.829481
0.838068
0.842167
0.834854
0.836096
0.84048
0.837167
0.829803
0.833613
0.826467
0.841543
0.837144
0.826601
0.837539
0.83717
0.833884
0.839166
0.834271
0.835943
0.833859
0.833342
0.835817
0.839862
0.838895
0.827918
0.834296
0.833073
0.830033
0.838722
0.838707
0.835539
0.830623
0.836847
0.839793
0.84307
0.841392
0.830453
0.832804
0.834526
0.828799
0.832841
0.834941
0.83178
0.839779
0.839004
0.829699
0.842227
0.841627
0.839336
0.841107
0.830468
0.831967
0.839421
0.838764
0.838346
0.827929
0.838677
0.82989
0.832332
0.830809
0.83176
0.825275
0.827645
0.834887
0.842417
0.836062
0.838473
0.834905
0.830149
0.833856
0.840989
0.842593
0.845267
0.828759
0.836943
0.840911
0.828881
0.842682
0.840856
0.833314
0.828306
0.837441
0.830198
0.837245
0.838823
0.830583
0.834299
0.842461
0.839435
0.839433
0.830604
0.842443
0.841954
0.837472
0.83376
0.829289
0.841741
0.840644
0.835725
0.838694
0.833741
0.827936
0.828485
0.835115
0.842374
0.84218
0.836511
0.82647
0.832828
0.842776
0.832458
0.832657
0.83264
0.830287
0.839339
0.828806
0.835628
0.825918
0.825285
0.837796
0.842063
0.843407
0.838839
0.835438
0.844025
0.827795
0.84012
0.82824
0.830125
0.835609
0.839764
0.841724
0.836313
0.829086
0.828076
0.830612
0.828101
0.8261
0.827392
0.827391
0.831299
0.828409
0.839959
0.837918
0.841285
0.84015
0.830076
0.83749
0.829664
0.829584
0.828471
0.832807
0.834422
0.834926
0.835387
0.838772
0.830329
0.834649
0.831156
0.831814
0.8393
0.839102
0.841808
0.831019
0.840678
0.841242
0.84089
0.841918
0.838904
0.83233
0.833361
0.839632
0.832401
0.841349
0.828161
0.8392
0.835763
0.839878
0.838455
0.839964
0.838881
0.842191
0.830205
0.840944
0.834451
0.836832
0.833932
0.835754
0.84062
0.825464
0.838515
0.837165
0.840697
0.837019
0.835872
0.827076
0.834563
0.841081
0.843705
0.834087
0.837996
0.840079
0.827189
0.833095
0.840746
0.84349
0.827864
0.839277
0.839524
0.8277
0.827259
0.840884
0.829491
0.838948
0.837095
0.840885
0.830404
0.83111
0.831774
0.830345
0.84103
0.829506
0.834705
0.828986
0.837706
0.84231
0.827463
0.834242
0.841066
0.829803
0.835404
0.835104
0.835181
0.841053
0.83574
0.845105
0.838871
0.837685
0.838295
0.837554
0.840222
0.833355
0.828995
0.841132
0.840766
0.839331
0.837779
0.833331
0.841752
0.831341
0.841447
0.839031
0.834479
0.831821
0.838867
0.830244
0.842351
0.837968
0.833638
0.837714
0.836341
0.840618
0.843289
0.835932
0.840234
0.8417
0.834305
0.831612
0.831382
0.83267
0.839639
0.838967
0.839217
0.831811
0.82761
0.830149
0.840299
0.83501
0.837207
0.841434
0.828519
0.840429
0.840726
0.837489
0.82528
0.83944
0.833039
0.840765
0.838929
0.842411
0.825668
0.838989
0.828362
0.827106
0.833572
0.834979
0.836394
0.838762
0.840223
0.839063
0.827319
0.839169
0.838455
0.827398
0.834096
0.829859
0.831971
0.838607
0.836731
0.830303
0.842833
0.8402
0.827436
0.834154
0.839463
0.838394
0.836765
0.837263
0.838756
0.839105
0.832481
0.830321
0.840472
0.83655
0.829388
0.839627
0.830967
0.830003
0.832293
0.828559
0.828587
0.836456
0.829821
0.835116
0.834788
0.833209
0.828141
0.841721
0.83332
0.838643
0.839912
0.832061
0.83366
0.838132
0.827804
0.829931
0.828661
0.837517
0.834424
0.826361
0.831761
0.834235
0.832096
0.82986
0.826497
0.839779
0.837553
0.836931
0.835259
0.839461
0.839442
0.831565
0.84126
0.828094
0.827171
0.83766
0.836804
0.836917
0.831267
0.835592
0.828448
0.829101
0.842116
0.832662
0.833071
0.82911
0.832573
0.841017
0.831273
0.844227
0.835457
0.836239
0.829081
0.840649
0.834991
0.833102
0.838214
0.830946
0.838644
0.839484
0.842583
0.835364
0.839865
0.837344
0.82581
0.841356
0.828074
0.833722
0.839259
0.835029
0.82743
0.844229
0.843659
0.83639
0.834982
0.840181
0.833001
0.828941
0.840052
0.833206
0.837902
0.825867
0.828581
0.839771
0.832912
0.831455
0.830347
0.826896
0.834128
0.827519
0.830015
0.83827
0.841583
0.839255
0.83926
0.839391
0.839959
0.840773
0.829017
0.842709
0.839428
0.834689
0.840664
0.828053
0.831018
0.833469
0.828245
0.832386
0.83595
0.82631
0.834026
0.843311
0.840914
0.826259
0.838538
0.837058
0.827586
0.827431
0.826089
0.836468
0.826266
0.834543
0.827993
0.834403
0.834129
0.829431
0.837417
0.833353
0.838205
0.837512
0.831178
0.839488
0.828688
0.836688
0.828122
0.842031
0.827171
0.830162
0.840755
0.830806
0.841135
0.841718
0.842018
0.82829
0.842486
0.831878
0.842108
0.841403
0.842694
0.830005
0.84006
0.833484
0.841107
0.843916
0.82863
0.835228
0.833396
0.84171
0.842716
0.827668
0.833977
0.82884
0.834375
0.841262
0.83698
0.839056
0.839319
0.839456
0.833135
0.841606
0.832662
0.835205
0.840636
0.829821
0.835483
0.83082
0.82948
0.840575
0.826498
0.835022
0.837682
0.830974
0.828674
0.827309
0.840654
0.842167
0.840541
0.834097
0.829328
0.827489
0.840818
0.828487
0.835647
0.835461
0.83667
0.839308
0.827224
0.830113
0.828598
0.843391
0.842682
0.840076
0.839725
0.836818
0.841764
0.837243
0.829659
0.842597
0.828751
0.828914
0.829759
0.842201
0.82949
0.839678
0.838934
0.828853
0.841168
0.838906
0.843031
0.837108
0.836025
0.83635
0.839612
0.82892
0.839933
0.829031
0.82871
0.833275
0.835041
0.839256
0.828534
0.841368
0.835107
0.826349
0.834273
0.835301
0.842173
0.829212
0.83105
0.827627
0.841053
0.836771
0.84346
0.829701
0.827638
0.829542
0.831964
0.831902
0.837631
0.84253
0.836772
0.839037
0.840745
0.837093
0.830947
0.839199
0.829779
0.840826
0.834628
0.840764
0.832708
0.830337
0.831436
0.834329
0.833844
0.829055
0.830686
0.833277
0.830192
0.837972
0.832474
0.837569
0.826757
0.8395
0.840426
0.842305
0.828124
0.841545
0.84374
0.840385
0.833691
0.829973
0.84201
0.842467
0.82892
0.842398
0.839094
0.829043
0.837437
0.835964
0.835988
0.837056
0.826672
0.831824
0.828441
0.838241
0.834689
0.834546
0.833417
0.829337
0.827666
0.831246
0.838547
0.840508
0.834569
0.834421
0.828428
0.830207
0.840874
0.833745
0.833173
0.832517
0.828451
0.840904
0.84332
0.827387
0.839049
0.833412
0.841372
0.839799
0.839188
0.829306
0.828659
0.840258
0.839643
0.838344
0.84352
0.824512
0.833206
0.832757
0.837398
0.837338
0.837644
0.84143
0.825462
0.833322
0.834205
0.836883
0.834546
0.832592
0.836568
0.842124
0.833327
0.833056
0.832153
0.841208
0.841533
0.839503
0.830174
0.83288
0.829221
0.82951
0.828997
0.834276
0.823281
0.828493
0.835944
0.8378
0.834108
0.839548
0.834931
0.833239
0.837339
0.828929
0.833412
0.831931
0.839448
0.824914
0.837613
0.829698
0.835588
0.840704
0.834575
0.839934
0.836121
0.829576
0.839139
0.836337
0.835123
0.841164
0.827356
0.841003
0.828175
0.837797
0.833997
0.832475
0.83396
0.833479
0.840297
0.830857
0.827911
0.830012
0.827073
0.827004
0.82894
0.830303
0.828757
0.837452
0.826577
0.835919
0.838071
0.84054
0.835584
0.835041
0.839429
0.833454
0.840861
0.845256
0.829289
0.841358
0.840406
0.830564
0.829524
0.832188
0.841051
0.829136
0.834196
0.839572
0.840391
0.830364
0.839824
0.838164
0.827439
0.834009
0.830501
0.841504
0.840996
0.83498
0.839091
0.831355
0.842218
0.838502
0.833253
0.833798
0.829082
0.838451
0.826114
0.828865
0.839413
0.833647
0.830073
0.835503
0.825126
0.838151
0.84161
0.826435
0.838955
0.830278
0.824935
0.841577
0.833335
0.839855
0.842775
0.840484
0.825796
0.828061
0.842602
0.831928
0.828603
0.82985
0.830484
0.834817
0.827993
0.833276
0.839631
0.834092
0.839017
0.834047
0.834
0.835809
0.838323
0.842658
0.842198
0.833585
0.828762
0.827778
0.835197
0.837741
0.829472
0.835785
0.83374
0.838097
0.829854
0.829978
0.832197
0.842661
0.834557
0.833635
0.836257
0.842784
0.839929
0.827338
0.841739
0.830557
0.834913
0.834186
0.834449
0.839919
0.835448
0.842312
0.839743
0.842011
0.837987
0.827091
0.828314
0.828349
0.837013
0.843467
0.828236
0.836744
0.827313
0.837478
0.838204
0.829815
0.840871
0.837352
0.834079
0.840101
0.829657
0.839817
0.830277
0.830536
0.832826
0.83369
0.830545
0.828234
0.834363
0.82971
0.826916
0.835683
0.834103
0.836965
0.840412
0.840507
0.829269
0.834563
0.834219
0.840282
0.834481
0.833539
0.83038
0.834575
0.83423
0.827959
0.842406
0.835241
0.836213
0.838558
0.830551
0.83929
0.839898
0.831341
0.840784
0.840602
0.840861
0.828809
0.833508
0.826336
0.841812
0.834855
0.827141
0.829589
0.828932
0.841565
0.827877
0.830193
0.824771
0.833239
0.834024
0.829258
0.837755
0.841136
0.828749
0.840132
0.830066
0.830006
0.834104
0.84324
0.829751
0.838092
0.838408
0.841621
0.828294
0.834919
0.835738
0.83094
0.829448
0.837594
0.842335
0.830463
0.82689
0.839076
0.829524
0.840295
0.836337
0.840468
0.8299
0.829633
0.834167
0.838462
0.839874
0.835529
0.827193
0.842733
0.838912
0.828091
0.840718
0.826375
0.828558
0.83963
0.839336
0.840517
0.827245
0.842086
0.829281
0.828033
0.834631
0.834014
0.831819
0.830981
0.829798
0.829129
0.836239
0.825959
0.82843
0.834223
0.824705
0.832588
0.835128
0.841077
0.827685
0.83548
0.839611
0.842649
0.841496
0.839067
0.829417
0.830574
0.83922
0.838215
0.837175
0.826138
0.828017
0.830257
0.834069
0.826192
0.828525
0.830561
0.828135
0.837543
0.832736
0.835181
0.836994
0.833907
0.829223
0.834396
0.844856
0.835221
0.836353
0.830154
0.825199
0.842671
0.830119
0.834403
0.834226
0.826883
0.827158
0.83726
0.839636
0.833889
0.837182
0.840894
0.829087
0.829966
0.833567
0.834837
0.82957
0.840613
0.838988
0.835296
0.840393
0.835784
0.83902
0.840513
0.839173
0.828312
0.841197
0.826865
0.828884
0.837289
0.838215
0.832365
0.842364
0.837963
0.828032
0.836417
0.827258
0.836383
0.830607
0.834097
0.840146
0.82986
0.833397
0.829341
0.82938
0.835644
0.828725
0.839173
0.830266
0.833554
0.830793
0.834232
0.829071
0.839711
0.826689
0.835401
0.834716
0.836921
0.840686
0.836881
0.830521
0.826101
0.840382
0.831132
0.832135
0.827529
0.841743
0.830351
0.833359
0.840598
0.837527
0.834026
0.829677
0.831162
0.83869
0.83263
0.830782
0.838643
0.83744
0.83133
0.824815
0.837179
0.834721
0.840522
0.835222
0.840367
0.830655
0.83968
0.8318
0.837457
0.839731
0.833833
0.829004
0.841534
0.83031
0.83306
0.829974
0.840369
0.835387
0.835151
0.841047
0.825674
0.834282
0.832054
0.832965
0.826915
0.831213
0.840747
0.841263
0.83321
0.842751
0.843011
0.82564
0.838223
0.83596
0.842918
0.842887
0.826122
0.838719
0.828861
0.840534
0.839099
0.834644
0.82612
0.834683
0.828875
0.833385
0.832637
0.833405
0.833151
0.833276
0.83761
0.82635
0.84008
0.839347
0.833551
0.833112
0.830736
0.834552
0.824931
0.829053
0.828833
0.83548
0.834482
0.842746
0.83877
0.837448
0.8398
0.83347
0.828582
0.834423
0.840001
0.837672
0.828795
0.82973
0.82754
0.828833
0.833864
0.831582
0.841681
0.830864
0.840409
0.841023
0.840202
0.830917
0.833999
0.830156
0.832044
0.829629
0.830088
0.827614
0.838322
0.825606
0.842389
0.827497
0.829196
0.834457
0.829148
0.839624
0.839665
0.835289
0.834384
0.841704
0.839698
0.825087
0.827117
0.83835
0.832954
0.827092
0.83836
0.841385
0.832269
0.835375
0.835668
0.828801
0.840771
0.832773
0.83655
0.833101
0.841714
0.833964
0.83004
0.835931
0.831085
0.834085
0.839052
0.839283
0.832523
0.833261
0.824846
0.829201
0.835913
0.82911
0.829988
0.840224
0.837325
0.8407
0.830273
0.833374
0.83713
0.82606
0.833783
0.835703
0.838511
0.833858
0.828596
0.835317
0.841005
0.840823
0.834209
0.839552
0.835566
0.828994
0.834234
0.827637
0.840659
0.830166
0.843033
0.828584
0.831147
0.826771
0.842261
0.837893
0.833611
0.830266
0.836036
0.83984
0.832757
0.834054
0.827784
0.839094
0.842509
0.832728
0.833024
0.829081
0.839656
0.833779
0.834145
0.840581
0.840957
0.826478
0.838663
0.839084
0.841641
0.838354
0.837435
0.838154
0.82567
0.836353
0.82571
0.826769
0.84384
0.827711
0.843615
0.827177
0.835088
0.840968
0.83489
0.829509
0.837157
0.829567
0.841277
0.841666
0.827997
0.82773
0.835963
0.83808
0.838024
0.831695
0.829214
0.835123
0.835728
0.828737
0.834361
0.838938
0.835617
0.841626
0.833988
0.830163
0.841496
0.825825
0.830775
0.832146
0.830191
0.839116
0.828781
0.832939
0.829394
0.842283
0.837486
0.828593
0.83995
0.842185
0.839984
0.828135
0.829738
0.834322
0.837726
0.834304
0.839291
0.829538
0.840312
0.840326
0.836624
0.829962
0.830616
0.841416
0.841289
0.824789
0.830174
0.833066
0.840468
0.837863
0.840714
0.826087
0.836046
0.836864
0.835227
0.826284
0.829764
0.825607
0.829624
0.83912
0.838647
0.834891
0.828038
0.841073
0.833069
0.828567
0.835335
0.834856
0.840698
0.834424
0.830467
0.829484
0.831088
0.827733
0.84087
0.834878
0.840384
0.837859
0.83014
0.84058
0.832326
0.827617
0.841274
0.824508
0.843301
0.829463
0.826305
0.830886
0.84074
0.82769
0.835783
0.826733
0.837762
0.831182
0.829245
0.829209
0.833635
0.842757
0.839415
0.842863
0.823588
0.833914
0.834853
0.841633
0.841335
0.831296
0.843135
0.826363
0.832982
0.833432
0.841911
0.829502
0.832059
0.838814
0.839957
0.83389
0.840594
0.834792
0.826469
0.832919
0.840282
0.828971
0.839689
0.830686
0.828238
0.839951
0.830268
0.838081
0.834297
0.836728
0.843241
0.829584
0.828619
0.834837
0.840112
0.82913
0.834386
0.84038
0.83525
0.828271
0.829505
0.834701
0.836007
0.840546
0.838071
0.839507
0.830508
0.829928
0.834394
0.841386
0.829285
0.831075
0.838046
0.841988
0.839345
0.835703
0.827738
0.833632
0.835124
0.841926
0.830522
0.833076
0.82769
0.840948
0.839375
0.837971
0.82968
0.8386
0.833867
0.830497
0.835041
0.83456
0.835072
0.829156
0.83102
0.833909
0.842697
0.833669
0.827452
0.832984
0.836757
0.834763
0.837806
0.838922
0.84262
0.836605
0.840224
0.838562
0.838662
0.833049
0.83333
0.825914
0.827831
0.835402
0.828209
0.83399
0.83056
0.840832
0.838714
0.831224
0.830641
0.839771
0.840368
0.825159
0.830144
0.829801
0.827799
0.830544
0.838667
0.841814
0.831648
0.82901
0.830644
0.828717
0.835533
0.836213
0.830394
0.838096
0.841386
0.827311
0.830432
0.842937
0.839041
0.834223
0.838949
0.828291
0.825932
0.839514
0.830882
0.839719
0.838232
0.839624
0.840364
0.83636
0.833242
0.826932
0.840355
0.827248
0.838797
0.837728
0.831413
0.835683
0.825843
0.842233
0.828546
0.828572
0.831585
0.839026
0.835464
0.839171
0.830853
0.837257
0.835584
0.840004
0.840833
0.827754
0.840992
0.827383
0.835234
0.843564
0.839326
0.836153
0.832643
0.835073
0.833281
0.839173
0.842467
0.841499
0.834636
0.826266
0.836184
0.829899
0.829641
0.826009
0.836105
0.838443
0.829566
0.828844
0.8422
0.829737
0.837125
0.826474
0.842908
0.830791
0.834291
0.836768
0.845231
0.823341
0.840584
0.839072
0.84036
0.828428
0.833923
0.830482
0.845244
0.839394
0.840079
0.833564
0.833577
0.840384
0.827901
0.839994
0.829218
0.825581
0.825052
0.829417
0.84045
0.833114
0.83681
0.836225
0.841552
0.835723
0.839595
0.838504
0.828285
0.837067
0.837639
0.827698
0.83864
0.840617
0.833577
0.838247
0.834364
0.828404
0.839361
0.841509
0.844319
0.829727
0.830101
0.833952
0.841307
0.826967
0.827615
0.830846
0.82971
0.839325
0.83918
0.828063
0.83865
0.82831
0.828818
0.838068
0.834244
0.835586
0.830528
0.834684
0.839692
0.829642
0.842475
0.830214
0.837816
0.829224
0.839452
0.824534
0.834194
0.82996
0.839673
0.844388
0.84429
0.838584
0.830107
0.826606
0.8392
0.834908
0.840601
0.832567
0.839966
0.831405
0.834665
0.835503
0.839014
0.830978
0.827594
0.833991
0.841523
0.839998
0.839118
0.839479
0.828194
0.839584
0.831249
0.841727
0.836919
0.827518
0.827439
0.840717
0.837946
0.828513
0.837845
0.842553
0.834845
0.829089
0.832318
0.833449
0.830467
0.837084
0.840919
0.826519
0.83935
0.828551
0.839083
0.842271
0.841132
0.828059
0.830716
0.832066
0.837992
0.842344
0.832123
0.829699
0.841014
0.828247
0.832481
0.838138
0.838597
0.831668
0.83923
0.842241
0.836717
0.839281
0.827168
0.841863
0.84011
0.842558
0.838646
0.837765
0.833512
0.843828
0.831133
0.840998
0.82936
0.833284
0.828023
0.828969
0.823006
0.835786
0.828431
0.824697
0.828307
0.830829
0.839504
0.841305
0.833074
0.828008
0.833053
0.841622
0.833785
0.835083
0.840278
0.827
0.83232
0.837211
0.832576
0.843027
0.838842
0.831446
0.837281
0.833597
0.834943
0.841421
0.839918
0.825593
0.828407
0.833604
0.841808
0.8315
0.83234
0.842961
0.839902
0.828491
0.826994
0.838796
0.828485
0.832815
0.83752
0.833275
0.837121
0.82687
0.841611
0.839923
0.828351
0.835155
0.839634
0.833597
0.832025
0.83828
0.836894
0.833833
0.829591
0.839389
0.835546
0.836384
0.826
0.840277
0.82917
0.840538
0.839063
0.833855
0.825918
0.835514
0.833819
0.833699
0.842897
0.836877
0.840543
0.835134
0.830257
0.827452
0.840488
0.837619
0.833039
0.840008
0.829538
0.835449
0.827245
0.830092
0.840603
0.8284
0.826222
0.829375
0.839405
0.828289
0.839567
0.84168
0.83656
0.835447
0.839615
0.838555
0.833685
0.827695
0.832081
0.827266
0.825824
0.832303
0.838344
0.841124
0.841386
0.828661
0.842393
0.830293
0.838402
0.838135
0.840792
0.834172
0.832946
0.840779
0.843279
0.829767
0.838917
0.830874
0.832764
0.827627
0.840411
0.828229
0.833996
0.82544
0.834037
0.830512
0.831832
0.826468
0.829968
0.839631
0.834188
0.826011
0.838696
0.829691
0.830973
0.832842
0.840818
0.842111
0.837922
0.828278
0.841094
0.84036
0.834403
0.835762
0.831492
0.836969
0.84133
0.841381
0.837439
0.840337
0.828654
0.832803
0.829041
0.827174
0.831898
0.836762
0.840799
0.835573
0.834128
0.833684
0.830569
0.833306
0.82676
0.832351
0.834526
0.834772
0.83343
0.834635
0.8398
0.828959
0.824431
0.841762
0.840654
0.840069
0.836051
0.841821
0.840729
0.834642
0.824281
0.826043
0.827544
0.835689
0.833562
0.828602
0.834338
0.832922
0.841633
0.83051
0.839526
0.837791
0.840252
0.841175
0.83579
0.83734
0.832938
0.827952
0.838996
0.837673
0.829444
0.843299
0.831314
0.838265
0.841465
0.83898
0.834778
0.842515
0.837048
0.830689
0.836158
0.840694
0.838657
0.840301
0.841923
0.834873
0.834069
0.835067
0.826069
0.837366
0.834776
0.836349
0.834222
0.840619
0.834891
0.840668
0.823818
0.832314
0.8336
0.841742
0.834011
0.831091
0.826545
0.828015
0.825512
0.840606
0.830418
0.838657
0.833601
0.827755
0.834778
0.827362
0.831208
0.831353
0.830137
0.829748
0.839573
0.828636
0.828299
0.83412
0.828302
0.837004
0.839861
0.833761
0.832401
0.84084
0.837711
0.833652
0.840884
0.837858
0.839205
0.825951
0.838059
0.838384
0.834723
0.840704
0.840053
0.841977
0.84037
0.834616
0.827133
0.830746
0.842351
0.840619
0.83391
0.832135
0.830503
0.827199
0.832223
0.83598
0.829281
0.838673
0.83754
0.839279
0.827975
0.845059
0.830688
0.836054
0.832461
0.827709
0.835204
0.834079
0.828169
0.84242
0.82918
0.831451
0.83173
0.841409
0.841887
0.835427
0.840698
0.828849
0.826539
0.838089
0.829036
0.834295
0.844276
0.831615
0.839123
0.834241
0.842829
0.829308
0.834374
0.828945
0.834753
0.842538
0.827097
0.831052
0.827496
0.838398
0.840276
0.839337
0.836681
0.841713
0.835269
0.836892
0.834263
0.828614
0.834466
0.836338
0.832458
0.837667
0.843139
0.837722
0.835383
0.83863
0.839265
0.840655
0.827417
0.835191
0.83479
0.833401
0.842751
0.839308
0.830579
0.836655
0.841725
0.828205
0.839739
0.827227
0.82899
0.834496
0.833806
0.833758
0.84278
0.83394
0.839763
0.830164
0.829099
0.832875
0.838845
0.833294
0.836598
0.838416
0.827829
0.828667
0.837983
0.829247
0.834376
0.839963
0.838882
0.839862
0.835695
0.834773
0.829124
0.840873
0.842044
0.839276
0.829333
0.829863
0.84226
0.839369
0.839635
0.836448
0.835311
0.83826
0.840574
0.842115
0.839916
0.834827
0.841441
0.836078
0.83077
0.831946
0.839519
0.839261
0.828288
0.838438
0.840076
0.839777
0.837266
0.840512
0.83674
0.828907
0.828845
0.838846
0.835903
0.841278
0.834849
0.830721
0.834801
0.839538
0.833902
0.824733
0.840765
0.839032
0.82823
0.835571
0.83165
0.829945
0.828579
0.838464
0.835023
0.834691
0.841336
0.839164
0.828294
0.840131
0.840795
0.840168
0.841084
0.840834
0.834123
0.833217
0.83966
0.828811
0.842108
0.829028
0.833041
0.834438
0.832929
0.837321
0.84072
0.830115
0.840236
0.830848
0.829623
0.832135
0.838961
0.83376
0.835454
0.825825
0.837602
0.841063
0.842583
0.842685
0.829794
0.838216
0.834969
0.84366
0.828515
0.844114
0.829339
0.83021
0.838267
0.843627
0.834559
0.827797
0.839269
0.833041
0.832436
0.827554
0.834442
0.83773
0.826118
0.83695
0.835204
0.837649
0.840909
0.828715
0.839138
0.829875
0.840568
0.839449
0.83571
0.843142
0.839976
0.82812
0.842722
0.832913
0.834422
0.832657
0.841256
0.839451
0.839818
0.840632
0.840453
0.840284
0.840164
0.834742
0.828059
0.833742
0.838412
0.834359
0.836662
0.841869
0.836026
0.828803
0.835369
0.83759
0.828094
0.834606
0.833586
0.842098
0.83088
0.835961
0.841691
0.834361
0.839907
0.842027
0.838399
0.835811
0.840778
0.83461
0.826794
0.833009
0.82832
0.832649
0.830154
0.837417
0.830983
0.835169
0.828306
0.840876
0.834593
0.838436
0.832196
0.83218
0.830219
0.839899
0.828447
0.839423
0.842024
0.827253
0.833159
0.82715
0.840842
0.829986
0.827338
0.828968
0.826049
0.841804
0.839566
0.829591
0.836318
0.84225
0.841027
0.840475
0.833022
0.842038
0.828789
0.827777
0.831252
0.840024
0.826662
0.830426
0.834212
0.837192
0.830371
0.827592
0.833969
0.831854
0.839864
0.839178
0.830716
0.829962
0.830088
0.835336
0.830707
0.841139
0.839558
0.840086
0.829398
0.838168
0.827675
0.832665
0.836242
0.841262
0.8402
0.83848
0.827692
0.835115
0.830223
0.834517
0.835912
0.827967
0.838761
0.830204
0.830376
0.841375
0.829854
0.830184
0.839151
0.827225
0.833416
0.830457
0.842432
0.829097
0.840876
0.831757
0.838147
0.84259
0.838415
0.838842
0.83909
0.828313
0.842564
0.829342
0.838515
0.833151
0.834143
0.829753
0.83756
0.829497
0.843578
0.836923
0.837504
0.836539
0.836752
0.834282
0.829683
0.829805
0.84219
0.836048
0.829998
0.839497
0.82914
0.83183
0.833736
0.842597
0.8343
0.840376
0.840034
0.840751
0.841129
0.832423
0.838919
0.830594
0.831409
0.830593
0.840857
0.837723
0.835986
0.840515
0.823406
0.84133
0.841272
0.83942
0.840874
0.838065
0.835205
0.824575
0.830257
0.834266
0.828438
0.831761
0.836842
0.840891
0.8302
0.83949
0.825703
0.84106
0.839456
0.840262
0.837633
0.827861
0.843536
0.828479
0.83969
0.841435
0.838414
0.842532
0.836057
0.830135
0.836079
0.829771
0.838077
0.842235
0.841762
0.839481
0.832524
0.838727
0.827313
0.823186
0.839629
0.832584
0.827418
0.834018
0.838496
0.829064
0.841071
0.830645
0.831377
0.839632
0.831257
0.832533
0.837516
0.841101
0.84075
0.83924
0.844616
0.843761
0.843318
0.827184
0.82678
0.838937
0.828886
0.825745
0.842157
0.82922
0.840804
0.827145
0.835233
0.834144
0.841383
0.834329
0.832342
0.834087
0.838566
0.841217
0.840639
0.839232
0.840641
0.835423
0.84109
0.839038
0.83996
0.82886
0.83975
0.83493
0.835624
0.833388
0.830092
0.829579
0.833143
0.824737
0.827875
0.82997
0.836563
0.828361
0.834622
0.840295
0.837002
0.836499
0.83437
0.829358
0.835352
0.834143
0.827238
0.831372
0.834295
0.82983
0.840653
0.825213
0.827058
0.84169
0.841175
0.834946
0.841525
0.84517
0.839928
0.840244
0.829614
0.841121
0.83122
0.831523
0.831699
0.836471
0.83508
0.840268
0.828409
0.838587
0.830577
0.832769
0.839026
0.842716
0.828857
0.837267
0.838014
0.829149
0.833148
0.829629
0.834948
0.83787
0.829847
0.834047
0.844135
0.829282
0.841649
0.82875
0.829783
0.830287
0.842468
0.840246
0.837502
0.840787
0.828761
0.838609
0.829457
0.826704
0.840173
0.838317
0.832002
0.841226
0.82944
0.827923
0.835374
0.827679
0.833437
0.827075
0.832087
0.834802
0.840848
0.829737
0.830344
0.831313
0.830262
0.838743
0.840082
0.842312
0.829871
0.836107
0.837259
0.834513
0.842878
0.829462
0.837699
0.834137
0.829598
0.830882
0.839434
0.832999
0.827668
0.841888
0.826684
0.838955
0.829219
0.833473
0.839857
0.829502
0.837444
0.842636
0.833293
0.826722
0.838616
0.834642
0.835865
0.830286
0.841354
0.833249
0.842362
0.828923
0.830065
0.837244
0.838807
0.828768
0.841597
0.828051
0.836698
0.828231
0.835393
0.841313
0.834413
0.835029
0.829604
0.838564
0.826227
0.84237
0.837347
0.837719
0.841205
0.835139
0.829468
0.838515
0.839905
0.843724
0.842136
0.833626
0.834011
0.837164
0.826111
0.84032
0.831622
0.840376
0.834779
0.83936
0.827739
0.836751
0.82937
0.833222
0.831407
0.840749
0.82974
0.84076
0.830103
0.833751
0.832033
0.839895
0.826366
0.837353
0.840581
0.841045
0.838182
0.83902
0.832864
0.836737
0.834796
0.834954
0.828617
0.8304
0.838105
0.831977
0.838579
0.826155
0.839706
0.834624
0.833728
0.835377
0.837021
0.83339
0.829767
0.839445
0.827642
0.831943
0.836736
0.827591
0.839706
0.836752
0.834134
0.837744
0.829888
0.839694
0.837101
0.838059
0.843614
0.828409
0.827809
0.833982
0.838938
0.841536
0.825823
0.840583
0.84159
0.825747
0.836069
0.840016
0.82849
0.825823
0.838281
0.833834
0.83861
0.828015
0.834341
0.829828
0.834602
0.833946
0.831815
0.829042
0.830541
0.828783
0.834963
0.829948
0.843246
0.843028
0.828225
0.827465
0.838207
0.83676
0.82687
0.829243
0.836103
0.829898
0.843918
0.8277
0.84161
0.8269
0.837481
0.82873
0.8398
0.840867
0.839427
0.827795
0.842218
0.840353
0.837835
0.840478
0.83256
0.826958
0.835469
0.826262
0.825176
0.843718
0.838941
0.829721
0.844178
0.829167
0.835819
0.841865
0.828154
0.83913
0.829512
0.838194
0.841544
0.837548
0.838955
0.834729
0.829639
0.833809
0.838003
0.827692
0.839661
0.837383
0.833716
0.828478
0.8295
0.839726
0.837625
0.839234
0.835184
0.838681
0.829448
0.828653
0.839123
0.842017
0.840993
0.830387
0.835419
0.838442
0.829825
0.838417
0.838891
0.830652
0.837224
0.828725
0.828739
0.839609
0.832683
0.833898
0.825102
0.834111
0.832289
0.82634
0.841029
0.837609
0.829544
0.840018
0.838149
0.838386
0.835847
0.837305
0.828714
0.82925
0.843601
0.840295
0.839126
0.830144
0.829609
0.837156
0.841965
0.83967
0.842643
0.841802
0.839956
0.831733
0.829534
0.841563
0.83983
0.828014
0.829059
0.835416
0.837617
0.838802
0.829926
0.834665
0.833347
0.839596
0.839925
0.827527
0.832079
0.831508
0.841424
0.826875
0.827819
0.834243
0.841492
0.833818
0.826731
0.840471
0.83002
0.828986
0.835268
0.833166
0.83431
0.843533
0.836586
0.837794
0.833209
0.825503
0.841702
0.828854
0.830011
0.830772
0.831103
0.833534
0.829416
0.832016
0.840441
0.835113
0.832172
0.833869
0.841423
0.841949
0.839873
0.827566
0.825005
0.836885
0.838764
0.833564
0.831758
0.842205
0.837112
0.836802
0.833256
0.833479
0.837719
0.835432
0.828792
0.830969
0.840078
0.834103
0.834202
0.834031
0.828019
0.828219
0.832326
0.840459
0.829698
0.830376
0.829953
0.832917
0.833606
0.837411
0.830535
0.827216
0.829651
0.830566
0.835534
0.828833
0.827047
0.838861
0.839375
0.829996
0.841655
0.839175
0.840595
0.841701
0.829638
0.826408
0.838139
0.832021
0.842109
0.835649
0.839033
0.82965
0.832004
0.84008
0.840958
0.834925
0.838202
0.836723
0.834696
0.826601
0.833747
0.8402
0.827259
0.831417
0.834987
0.839372
0.839137
0.832721
0.830503
0.831581
0.843645
0.830548
0.839541
0.830663
0.832399
0.836218
0.841082
0.828402
0.829566
0.835447
0.835048
0.833979
0.837202
0.827194
0.842235
0.842163
0.836249
0.830249
0.834641
0.841956
0.841317
0.840283
0.838247
0.839325
0.835019
0.840826
0.835407
0.828992
0.839299
0.827186
0.828121
0.835629
0.842354
0.830239
0.833615
0.837282
0.830288
0.841097
0.839053
0.838622
0.834692
0.84003
0.832517
0.84149
0.830782
0.832055
0.833629
0.831141
0.834449
0.840547
0.830407
0.840731
0.839662
0.841017
0.838545
0.830276
0.828425
0.831659
0.832312
0.842544
0.841587
0.835687
0.837268
0.834149
0.830351
0.838088
0.839024
0.829072
0.840702
0.842748
0.843461
0.835294
0.829861
0.841294
0.835031
0.836347
0.826841
0.828802
0.840449
0.835105
0.839107
0.838775
0.829321
0.827297
0.833726
0.83496
0.842296
0.829163
0.839421
0.838298
0.842614
0.841977
0.828596
0.834537
0.830113
0.828419
0.828471
0.839049
0.84218
0.82865
0.838208
0.828468
0.830476
0.82896
0.827896
0.841484
0.841833
0.840534
0.84215
0.840634
0.826648
0.827923
0.838296
0.834358
0.844373
0.835498
0.843629
0.837691
0.834019
0.834765
0.833402
0.83994
0.833342
0.823849
0.840514
0.833739
0.840234
0.83273
0.832374
0.842552
0.829299
0.840761
0.826604
0.830777
0.841552
0.837689
0.842023
0.832647
0.835528
0.837894
0.840346
0.835745
0.834641
0.834708
0.827639
0.83011
0.84313
0.827854
0.829893
0.83018
0.825239
0.8341
0.839861
0.829792
0.839852
0.843317
0.839517
0.840509
0.827104
0.828769
0.834629
0.830424
0.829563
0.838658
0.834781
0.841279
0.835478
0.828454
0.831442
0.838437
0.838294
0.838182
0.834417
0.830291
0.828353
0.834503
0.832742
0.829114
0.834655
0.843792
0.839306
0.836232
0.842964
0.830736
0.832318
0.838059
0.826713
0.839493
0.837634
0.840166
0.835963
0.837017
0.842016
0.835062
0.832934
0.84065
0.82799
0.840314
0.83756
0.842559
0.828725
0.826848
0.828482
0.842334
0.82892
0.829629
0.832835
0.830549
0.838193
0.825108
0.831356
0.837298
0.83568
0.835346
0.842301
0.827453
0.831339
0.830451
0.840557
0.839638
0.837445
0.831225
0.841161
0.841016
0.842577
0.835108
0.827942
0.82873
0.828077
0.827043
0.827497
0.828889
0.829367
0.842149
0.840238
0.835338
0.834305
0.840922
0.840925
0.836165
0.829489
0.829295
0.827585
0.83629
0.829272
0.834752
0.829893
0.829804
0.84072
0.827569
0.827993
0.832758
0.828454
0.829453
0.839369
0.842919
0.840744
0.83352
0.833263
0.831225
0.826309
0.834065
0.837663
0.837836
0.835228
0.832623
0.829015
0.827264
0.829763
0.839929
0.829052
0.830783
0.834457
0.841005
0.829526
0.837206
0.835436
0.843036
0.838874
0.839738
0.833968
0.829997
0.84088
0.829292
0.84077
0.834778
0.838193
0.838288
0.835095
0.838105
0.831352
0.835997
0.831261
0.837664
0.832392
0.833753
0.8312
0.840579
0.838917
0.841162
0.830594
0.836927
0.829714
0.828383
0.838285
0.830038
0.830956
0.82582
0.828519
0.843493
0.840165
0.84073
0.835109
0.839561
0.836574
0.841684
0.841765
0.829032
0.833141
0.829414
0.841362
0.840856
0.83697
0.829468
0.840891
0.829951
0.826008
0.840714
0.839084
0.835411
0.828448
0.837328
0.836734
0.841449
0.827421
0.836354
0.833587
0.842379
0.835503
0.829859
0.835801
0.841646
0.829708
0.834398
0.832425
0.828816
0.834003
0.839872
0.837763
0.83425
0.83761
0.828854
0.828586
0.827561
0.838584
0.840692
0.830556
0.83936
0.831483
0.825949
0.839557
0.839089
0.839129
0.828107
0.840361
0.841884
0.837939
0.842919
0.830289
0.834687
0.842216
0.842655
0.826934
0.828388
0.832097
0.829717
0.837536
0.832672
0.841258
0.831861
0.840856
0.842134
0.842312
0.840957
0.829078
0.843295
0.839741
0.838402
0.826857
0.840423
0.832597
0.836996
0.841996
0.842546
0.827979
0.830919
0.841473
0.834145
0.829845
0.843849
0.842151
0.841311
0.838507
0.841687
0.842247
0.828293
0.830978
0.830798
0.832985
0.828494
0.842113
0.84108
0.829644
0.840641
0.829785
0.83844
0.841723
0.838041
0.840673
0.839702
0.830682
0.841013
0.836917
0.842559
0.836683
0.841678
0.833713
0.83621
0.835733
0.828654
0.839739
0.828454
0.837734
0.833987
0.833686
0.837008
0.828055
0.834519
0.840449
0.830489
0.842907
0.829132
0.828817
0.83632
0.838541
0.829761
0.837847
0.840976
0.84311
0.829097
0.840604
0.832279
0.842528
0.830609
0.835841
0.838888
0.840329
0.834367
0.832931
0.833548
0.833481
0.84021
0.82707
0.83565
0.826405
0.84071
0.828508
0.8251
0.839198
0.836401
0.841029
0.841583
0.842109
0.835502
0.833484
0.830907
0.828177
0.835867
0.838226
0.828397
0.837389
0.828664
0.837826
0.834288
0.832476
0.838167
0.841108
0.833498
0.829793
0.835
0.830082
0.837005
0.829485
0.837455
0.841422
0.82918
0.828601
0.837635
0.842205
0.83821
0.830337
0.842771
0.839429
0.828251
0.8341
0.831768
0.832239
0.839534
0.8293
0.832766
0.843154
0.838499
0.831126
0.827893
0.838272
0.833297
0.835014
0.838485
0.841866
0.842705
0.838294
0.838018
0.833425
0.828775
0.826321
0.836061
0.83457
0.842054
0.838274
0.838984
0.833435
0.838496
0.830984
0.837902
0.827243
0.84302
0.842499
0.828582
0.830211
0.829409
0.838063
0.833621
0.828664
0.842151
0.830234
0.830459
0.842193
0.827433
0.839646
0.830366
0.842011
0.833804
0.834348
0.829516
0.830358
0.831827
0.838897
0.839172
0.827556
0.842978
0.826846
0.836104
0.832711
0.829164
0.84257
0.835748
0.83385
0.827988
0.832424
0.828949
0.830979
0.828323
0.839954
0.841592
0.83746
0.835811
0.841626
0.830679
0.831865
0.841842
0.842784
0.838117
0.829197
0.828615
0.84101
0.828001
0.839382
0.834464
0.830079
0.83915
0.84019
0.828155
0.831114
0.831314
0.839129
0.837717
0.828634
0.839935
0.835641
0.838115
0.828936
0.839585
0.835737
0.830265
0.831266
0.834502
0.828128
0.828349
0.844955
0.831003
0.834554
0.836521
0.843034
0.839445
0.839567
0.838913
0.842541
0.833966
0.828994
0.84245
0.826387
0.826262
0.832141
0.837285
0.837495
0.835335
0.828147
0.838892
0.838846
0.829734
0.836673
0.834599
0.834506
0.838061
0.826303
0.828084
0.838411
0.840438
0.830972
0.842576
0.836643
0.832771
0.829014
0.834435
0.840044
0.84316
0.828173
0.837768
0.828038
0.839601
0.833018
0.828246
0.833911
0.828343
0.837425
0.83768
0.838783
0.837189
0.839307
0.839927
0.839094
0.839964
0.839492
0.837832
0.833985
0.82979
0.840459
0.8404
0.827115
0.831858
0.827494
0.830472
0.840402
0.844706
0.841746
0.840928
0.8358
0.833721
0.835829
0.841127
0.829635
0.833674
0.838329
0.829629
0.843466
0.828142
0.826656
0.840702
0.834816
0.83204
0.841787
0.839572
0.82891
0.838243
0.835801
0.838597
0.835051
0.835695
0.830863
0.835378
0.838728
0.833369
0.829208
0.833014
0.831383
0.838867
0.833442
0.82733
0.84133
0.8408
0.827227
0.827604
0.838823
0.829658
0.827688
0.840014
0.840982
0.836609
0.828862
0.828804
0.835276
0.830913
0.828245
0.827564
0.832616
0.827771
0.839318
0.840227
0.834541
0.837641
0.828312
0.835204
0.827022
0.829558
0.842959
0.830063
0.835427
0.827988
0.836673
0.834681
0.841778
0.831662
0.84017
0.835514
0.832298
0.832762
0.831768
0.834412
0.84207
0.838115
0.840673
0.840112
0.833297
0.830743
0.839757
0.838234
0.842923
0.834554
0.827558
0.838241
0.826098
0.832501
0.838597
0.829121
0.829014
0.837669
0.841558
0.837493
0.842441
0.842752
0.830381
0.839098
0.827999
0.840687
0.828379
0.830875
0.838589
0.829936
0.83858
0.828309
0.837566
0.8365
0.832327
0.831494
0.832611
0.831758
0.838691
0.838066
0.826955
0.8419
0.834565
0.836649
0.842253
0.838236
0.837605
0.831388
0.830061
0.828615
0.837819
0.838825
0.826119
0.82783
0.839576
0.841603
0.835974
0.826047
0.835311
0.841565
0.835328
0.840208
0.842261
0.841125
0.843042
0.839562
0.833354
0.831452
0.840253
0.834444
0.840285
0.836788
0.834149
0.830331
0.830086
0.829693
0.832638
0.837255
0.84142
0.836457
0.836859
0.840582
0.839574
0.834399
0.827569
0.827546
0.835976
0.838604
0.841388
0.827414
0.840626
0.82963
0.839017
0.838255
0.82653
0.837839
0.840912
0.834691
0.836714
0.837606
0.835288
0.835036
0.828001
0.834736
0.833704
0.834413
0.840609
0.827546
0.842327
0.834757
0.834584
0.833196
0.837878
0.842721
0.834889
0.834995
0.841463
0.839436
0.826039
0.836292
0.83997
0.834784
0.832438
0.841618
0.839198
0.840441
0.839733
0.829585
0.827446
0.828676
0.828985
0.838464
0.839936
0.830128
0.841477
0.828345
0.841071
0.828182
0.831829
0.84219
0.841106
0.834633
0.834515
0.830395
0.829678
0.836755
0.82595
0.841038
0.828761
0.833117
0.839393
0.830531
0.829058
0.833025
0.828292
0.826933
0.827151
0.834391
0.839711
0.831827
0.836972
0.839796
0.843568
0.839736
0.836074
0.838888
0.832236
0.839168
0.837917
0.829824
0.841018
0.83825
0.829975
0.840483
0.830689
0.834231
0.835422
0.835709
0.834781
0.83543
0.842115
0.833555
0.832905
0.840588
0.840126
0.841409
0.838564
0.841251
0.840913
0.840301
0.842705
0.828213
0.830681
0.829238
0.829674
0.832398
0.841441
0.83324
0.842222
0.838597
0.827964
0.830938
0.838401
0.839013
0.834143
0.833359
0.837556
0.840342
0.832151
0.834526
0.829374
0.827525
0.828953
0.840609
0.841239
0.836723
0.830529
0.842379
0.840172
0.839935
0.829074
0.839745
0.829953
0.834832
0.833652
0.83982
0.841405
0.837024
0.841233
0.838973
0.826749
0.834158
0.830704
0.828622
0.843958
0.827771
0.836825
0.833661
0.829265
0.828573
0.835039
0.835158
0.841091
0.828775
0.838109
0.835974
0.839044
0.829122
0.842956
0.841334
0.828143
0.83126
0.830326
0.838759
0.838413
0.836549
0.841705
0.834121
0.834494
0.830517
0.841872
0.842363
0.839229
0.84289
0.82809
0.840593
0.836636
0.833553
0.828912
0.841191
0.841622
0.84335
0.839509
0.832869
0.82918
0.828851
0.831207
0.841913
0.839337
0.84263
0.836826
0.841018
0.842067
0.83513
0.841968
0.842543
0.835356
0.827861
0.830001
0.832251
0.832442
0.840036
0.844347
0.834412
0.842948
0.839692
0.842693
0.826172
0.828273
0.832273
0.835829
0.833944
0.838537
0.839628
0.82987
0.844001
0.840793
0.827676
0.840526
0.841881
0.839433
0.828911
0.836145
0.829749
0.830793
0.839071
0.834362
0.837536
0.838643
0.837069
0.831241
0.829647
0.831575
0.839673
0.830623
0.830558
0.823569
0.840058
0.83952
0.834453
0.839033
0.836785
0.839211
0.83999
0.833366
0.833494
0.836073
0.832583
0.840189
0.829016
0.838152
0.838237
0.833477
0.834976
0.834018
0.837918
0.832464
0.840775
0.83601
0.839424
0.842183
0.834716
0.837805
0.828479
0.840913
0.828324
0.837571
0.826864
0.84112
0.829749
0.834862
0.838158
0.841287
0.841426
0.836767
0.834399
0.834592
0.840688
0.835412
0.840901
0.838885
0.833868
0.838585
0.842301
0.827556
0.839034
0.827627
0.833753
0.830547
0.830983
0.833495
0.840158
0.829995
0.839533
0.840241
0.827516
0.839871
0.832221
0.827789
0.828322
0.839258
0.833
0.827953
0.840734
0.842821
0.827383
0.842304
0.833443
0.829063
0.82757
0.84232
0.828609
0.841036
0.83662
0.836257
0.825912
0.838731
0.840193
0.843275
0.828724
0.830111
0.840772
0.829357
0.824244
0.841836
0.83996
0.842165
0.840624
0.842193
0.830268
0.840433
0.833255
0.837464
0.837347
0.827431
0.84081
0.841081
0.831037
0.832291
0.842115
0.831836
0.838752
0.833969
0.834735
0.839584
0.83043
0.837554
0.838934
0.829735
0.836143
0.830201
0.82856
0.830009
0.839906
0.837642
0.833403
0.828812
0.832168
0.835497
0.828108
0.833769
0.837362
0.831126
0.834324
0.840459
0.830018
0.836676
0.834551
0.826933
0.834982
0.839346
0.838991
0.832443
0.837186
0.840905
0.830515
0.841581
0.831861
0.826723
0.829827
0.839319
0.827527
0.829495
0.833082
0.835019
0.833546
0.830416
0.833831
0.834443
0.827617
0.829733
0.833435
0.841016
0.84219
0.842723
0.835297
0.837205
0.832888
0.840937
0.839971
0.840038
0.835603
0.829347
0.83276
0.834068
0.827905
0.831858
0.838746
0.827515
0.842725
0.838848
0.840162
0.839491
0.839937
0.831871
0.838632
0.834381
0.841132
0.829579
0.8267
0.838373
0.830659
0.839808
0.840353
0.827657
0.839745
0.839373
0.840356
0.83543
0.830647
0.842132
0.830856
0.828553
0.841064
0.837656
0.841663
0.842825
0.832363
0.830828
0.834777
0.841825
0.830845
0.840141
0.832665
0.833891
0.838493
0.827243
0.836496
0.828921
0.827475
0.838434
0.841052
0.839997
0.830694
0.836489
0.838021
0.839054
0.828691
0.840367
0.828426
0.837714
0.84032
0.833428
0.841573
0.838971
0.838998
0.838295
0.838069
0.838931
0.838222
0.833056
0.840338
0.840326
0.83289
0.833657
0.835767
0.828513
0.840214
0.833614
0.837794
0.841619
0.840694
0.843804
0.834709
0.826634
0.833834
0.826604
0.825041
0.842336
0.834442
0.841402
0.838277
0.838365
0.837793
0.831264
0.835247
0.837933
0.834614
0.826878
0.841485
0.828135
0.82799
0.84152
0.826424
0.839815
0.839333
0.844622
0.835196
0.834928
0.82842
0.830373
0.842687
0.84383
0.835768
0.841521
0.828912
0.829211
0.842341
0.839244
0.828817
0.841493
0.835492
0.841531
0.840043
0.843691
0.828153
0.835466
0.840335
0.84355
0.843394
0.839647
0.837688
0.836558
0.83302
0.837864
0.832868
0.834958
0.843213
0.838148
0.837794
0.84124
0.843411
0.833703
0.840387
0.836735
0.840961
0.842116
0.841013
0.833106
0.8313
0.828737
0.829804
0.833391
0.836907
0.831056
0.83495
0.840139
0.834243
0.843488
0.832298
0.838384
0.839374
0.834994
0.842147
0.836258
0.825077
0.834535
0.836871
0.832507
0.835147
0.828061
0.827516
0.827167
0.829057
0.828958
0.827334
0.842463
0.841303
0.830167
0.836086
0.830068
0.827193
0.829613
0.842276
0.839274
0.833979
0.829045
0.842661
0.841101
0.842351
0.835433
0.834632
0.825112
0.84209
0.835454
0.839776
0.832898
0.830772
0.840159
0.833462
0.841871
0.830335
0.839125
0.832011
0.839244
0.834392
0.827739
0.843458
0.83699
0.839187
0.827061
0.833815
0.834699
0.839348
0.841954
0.836009
0.834155
0.840298
0.840176
0.829118
0.838787
0.8404
0.835284
0.829992
0.842522
0.840116
0.830966
0.84156
0.831106
0.844791
0.829379
0.833115
0.833612
0.831012
0.829049
0.837858
0.838139
0.826714
0.826642
0.83063
0.837167
0.835533
0.827982
0.842752
0.837742
0.845474
0.835283
0.837439
0.840766
0.840995
0.829298
0.83656
0.842458
0.841115
0.837301
0.83294
0.838152
0.8407
0.828496
0.836071
0.827032
0.844495
0.841286
0.825661
0.836761
0.837756
0.841631
0.831941
0.839738
0.83393
0.825906
0.837167
0.834213
0.830333
0.838942
0.834501
0.839556
0.827295
0.841401
0.841224
0.828797
0.834281
0.83149
0.828825
0.828903
0.83368
0.829323
0.831263
0.84146
0.836893
0.832232
0.840156
0.834602
0.837884
0.838826
0.835108
0.835528
0.834509
0.84255
0.837282
0.828608
0.827429
0.839882
0.835067
0.827138
0.828259
0.84123
0.838237
0.834358
0.842035
0.834741
0.838916
0.827561
0.829727
0.838192
0.832743
0.829265
0.841966
0.828382
0.837421
0.83048
0.840307
0.842563
0.833702
0.826035
0.841966
0.832526
0.83622
0.838034
0.826953
0.826687
0.839484
0.839824
0.829483
0.842392
0.840864
0.830339
0.839432
0.825775
0.832403
0.834027
0.837354
0.841284
0.835584
0.838548
0.832137
0.834741
0.840573
0.829866
0.836845
0.84089
0.830207
0.833908
0.837059
0.834884
0.835407
0.833949
0.83358
0.833507
0.828661
0.838897
0.841011
0.826129
0.837504
0.828256
0.839673
0.831443
0.836269
0.828883
0.827864
0.837826
0.831062
0.834678
0.830074
0.84019
0.826735
0.83463
0.838618
0.825404
0.836788
0.838848
0.829321
0.827931
0.840216
0.835231
0.838305
0.836936
0.833113
0.828273
0.828725
0.834278
0.835158
0.829952
0.837764
0.838511
0.837511
0.835802
0.838295
0.836737
0.832899
0.83805
0.828981
0.843337
0.828992
0.827547
0.828495
0.838682
0.840622
0.832972
0.835568
0.841189
0.841773
0.831684
0.838214
0.834574
0.837372
0.83101
0.838012
0.834493
0.830953
0.829643
0.829698
0.830619
0.83912
0.839394
0.842647
0.828586
0.831607
0.841454
0.833122
0.835025
0.833149
0.841476
0.82686
0.830667
0.841797
0.827419
0.825411
0.829909
0.836242
0.840098
0.839662
0.840227
0.839419
0.83104
0.831499
0.840879
0.838057
0.827942
0.841843
0.839911
0.83406
0.834374
0.841249
0.841166
0.840244
0.837967
0.838987
0.839806
0.829068
0.835544
0.83996
0.836114
0.835391
0.842021
0.835422
0.841688
0.842663
0.835918
0.828722
0.828815
0.837454
0.841865
0.838636
0.830943
0.829488
0.834335
0.841066
0.829795
0.828875
0.844572
0.832538
0.833139
0.840506
0.83264
0.83242
0.830366
0.827444
0.833074
0.836107
0.834356
0.829462
0.838712
0.839225
0.829195
0.840682
0.837922
0.831286
0.839524
0.835582
0.834323
0.82744
0.828237
0.840498
0.835288
0.831155
0.830512
0.834336
0.835241
0.834886
0.831168
0.832972
0.839872
0.844011
0.830054
0.838469
0.840527
0.83182
0.82973
0.839527
0.839944
0.842151
0.834944
0.830321
0.833367
0.839085
0.834515
0.838077
0.841108
0.834589
0.842612
0.837938
0.84052
0.841958
0.832668
0.834405
0.839482
0.840152
0.838023
0.84225
0.841872
0.825404
0.838714
0.830716
0.83724
0.831268
0.827177
0.832136
0.836258
0.841961
0.835008
0.833895
0.836105
0.831049
0.830904
0.841412
0.838002
0.834672
0.841206
0.832673
0.841247
0.833648
0.84255
0.835896
0.838613
0.840776
0.832208
0.832062
0.840721
0.841057
0.840735
0.828381
0.835151
0.834136
0.83959
0.838323
0.826184
0.839881
0.826712
0.828875
0.843963
0.82705
0.826065
0.844792
0.838044
0.839286
0.835702
0.83278
0.842256
0.833917
0.836848
0.837554
0.836679
0.840369
0.835095
0.838709
0.830804
0.83799
0.843594
0.837628
0.834488
0.840021
0.827124
0.839735
0.830261
0.840367
0.829245
0.839492
0.841318
0.839202
0.832873
0.839538
0.838005
0.833209
0.835971
0.827456
0.828161
0.830043
0.829009
0.831131
0.83379
0.836308
0.836251
0.839786
0.829076
0.83812
0.840476
0.835301
0.835188
0.842605
0.835827
0.826901
0.828213
0.832956
0.82807
0.838332
0.830904
0.839685
0.828288
0.835714
0.831335
0.827431
0.839607
0.83746
0.839509
0.829771
0.830218
0.836794
0.836997
0.833647
0.83413
0.82926
0.830322
0.841026
0.84177
0.833841
0.839719
0.840429
0.833286
0.835281
0.840789
0.825045
0.83025
0.839911
0.841145
0.831851
0.826986
0.83986
0.840319
0.832503
0.831156
0.82947
0.835117
0.83401
0.833548
0.838981
0.841243
0.830386
0.842024
0.835154
0.839514
0.840312
0.826958
0.84007
0.82626
0.833873
0.832712
0.836917
0.841053
0.835932
0.834753
0.837134
0.829474
0.82966
0.840629
0.835369
0.829004
0.839909
0.827772
0.83332
0.841947
0.841544
0.827739
0.837417
0.841536
0.838457
0.83832
0.839251
0.831201
0.830603
0.83228
0.843551
0.830823
0.839931
0.833289
0.830024
0.836902
0.835751
0.838674
0.827945
0.842622
0.831717
0.829665
0.825648
0.82614
0.835361
0.841451
0.834402
0.827494
0.829119
0.836094
0.828928
0.834619
0.835778
0.832152
0.829482
0.83621
0.837934
0.82893
0.841839
0.839667
0.834552
0.826204
0.835666
0.840022
0.832469
0.841487
0.834917
0.828657
0.834948
0.841444
0.833061
0.826776
0.842309
0.829583
0.829082
0.830958
0.838841
0.839256
0.828786
0.834528
0.833143
0.842994
0.8317
0.831314
0.828652
0.841447
0.837021
0.839234
0.839315
0.842527
0.82604
0.83817
0.830338
0.835671
0.840142
0.834828
0.84015
0.828795
0.840947
0.840949
0.830479
0.833271
0.831589
0.829138
0.832134
0.829959
0.83898
0.840337
0.825131
0.832954
0.828811
0.837257
0.837145
0.830916
0.832909
0.840125
0.839437
0.841041
0.835676
0.826977
0.828946
0.842835
0.82719
0.84069
0.829109
0.836876
0.829741
0.840695
0.841434
0.83587
0.838507
0.830032
0.830399
0.830138
0.836941
0.837691
0.834301
0.831572
0.834037
0.841161
0.834659
0.837914
0.842585
0.83265
0.828728
0.84154
0.840105
0.829006
0.84243
0.840432
0.826079
0.842573
0.833459
0.82913
0.828285
0.83081
0.828625
0.835053
0.837653
0.832471
0.830432
0.831255
0.841471
0.839044
0.839476
0.829609
0.838378
0.828457
0.840665
0.840503
0.840229
0.839529
0.837078
0.827628
0.829874
0.826441
0.828709
0.82647
0.835208
0.829207
0.84206
0.84153
0.843529
0.837602
0.842695
0.82932
0.837659
0.826641
0.834174
0.84004
0.83969
0.839542
0.838688
0.830595
0.838164
0.832554
0.830917
0.840238
0.842413
0.841176
0.843255
0.836107
0.827517
0.827775
0.835379
0.828436
0.842789
0.837916
0.830596
0.832405
0.843175
0.837582
0.826962
0.827709
0.841298
0.828056
0.84002
0.828826
0.839636
0.837166
0.842035
0.841371
0.834602
0.839309
0.837307
0.841284
0.829941
0.840085
0.824887
0.841841
0.826368
0.836703
0.831297
0.841491
0.826734
0.827592
0.841117
0.838752
0.827461
0.84096
0.839638
0.83481
0.837204
0.832791
0.828351
0.830952
0.827252
0.838583
0.827491
0.839066
0.833226
0.834133
0.834959
0.827593
0.832112
0.830475
0.836008
0.841725
0.837747
0.830963
0.836216
0.831547
0.841832
0.839507
0.844433
0.837498
0.835017
0.839144
0.841049
0.839922
0.827707
0.827608
0.828697
0.839426
0.824605
0.839303
0.840043
0.841609
0.839628
0.843902
0.838871
0.837936
0.827092
0.828856
0.827457
0.840304
0.82918
0.83626
0.82606
0.834795
0.845229
0.829004
0.825346
0.828671
0.835872
0.828369
0.842878
0.826066
0.827748
0.840216
0.824818
0.828856
0.839287
0.832201
0.829063
0.832922
0.830322
0.829488
0.831518
0.826573
0.840087
0.83118
0.826554
0.84125
0.840981
0.833096
0.829687
0.831349
0.828477
0.832281
0.841412
0.84366
0.826351
0.840535
0.840082
0.834022
0.836294
0.823864
0.829706
0.84154
0.833442
0.838401
0.827164
0.834908
0.829682
0.841434
0.839748
0.833462
0.832308
0.839249
0.838592
0.840027
0.841558
0.840808
0.830321
0.838158
0.842629
0.826443
0.831167
0.838167
0.838474
0.833403
0.827172
0.835169
0.826105
0.828433
0.842536
0.836558
0.838984
0.839287
0.830729
0.830807
0.826712
0.83589
0.831574
0.825797
0.827184
0.833364
0.835062
0.833575
0.831468
0.827801
0.835553
0.841585
0.8403
0.839231
0.830491
0.832203
0.840835
0.827252
0.840751
0.835449
0.836977
0.825776
0.839975
0.830371
0.840755
0.837172
0.833364
0.839859
0.830297
0.838232
0.830341
0.830072
0.837707
0.838686
0.837034
0.839889
0.838041
0.833476
0.835572
0.82809
0.835509
0.843191
0.834775
0.826406
0.839147
0.834269
0.841757
0.839723
0.83778
0.838348
0.833357
0.835017
0.830578
0.830509
0.837336
0.837969
0.840513
0.837554
0.828062
0.827164
0.840185
0.83961
0.840471
0.82885
0.838819
0.838983
0.829576
0.841282
0.834078
0.830836
0.836364
0.839614
0.825819
0.840248
0.843704
0.827656
0.839546
0.842753
0.84156
0.82839
0.83078
0.829452
0.837508
0.841544
0.828592
0.827443
0.838064
0.839007
0.84085
0.835454
0.838711
0.836712
0.828233
0.840682
0.84105
0.827994
0.830082
0.835045
0.836322
0.827863
0.839487
0.831803
0.838393
0.835678
0.830676
0.841468
0.837236
0.831188
0.840283
0.827479
0.838073
0.833414
0.840171
0.84265
0.840295
0.826798
0.8286
0.831253
0.833794
0.840682
0.839554
0.836961
0.842339
0.839791
0.836737
0.829505
0.833485
0.83297
0.830496
0.829939
0.829563
0.824127
0.827184
0.829108
0.839154
0.841339
0.83825
0.837942
0.828366
0.835911
0.840229
0.836513
0.829456
0.827896
0.840774
0.832427
0.839054
0.839408
0.828016
0.829718
0.838653
0.828922
0.842526
0.833988
0.839897
0.829508
0.836452
0.840382
0.83594
0.828055
0.833735
0.837251
0.838396
0.829555
0.827174
0.827292
0.829436
0.836444
0.841906
0.830899
0.833709
0.834625
0.83835
0.831376
0.829406
0.831382
0.827677
0.830833
0.834747
0.840999
0.829862
0.837055
0.826509
0.838156
0.827844
0.843406
0.843629
0.827683
0.836456
0.839749
0.842322
0.832765
0.842186
0.827919
0.837138
0.83638
0.841689
0.83931
0.841103
0.833811
0.835821
0.836541
0.829335
0.832902
0.833505
0.840069
0.840671
0.841267
0.838284
0.842412
0.842065
0.835803
0.835974
0.833998
0.831907
0.825688
0.832232
0.828986
0.834604
0.830106
0.841651
0.841737
0.827391
0.830045
0.832975
0.836235
0.844179
0.839504
0.83462
0.839757
0.844246
0.842267
0.828481
0.841855
0.843138
0.824723
0.828447
0.841088
0.832665
0.840057
0.82838
0.843905
0.842174
0.832706
0.840145
0.838262
0.829504
0.837405
0.83626
0.840112
0.837247
0.838195
0.83432
0.841652
0.838468
0.825731
0.835163
0.833148
0.844531
0.838246
0.840687
0.842354
0.84046
0.838883
0.838193
0.829603
0.840781
0.841539
0.832121
0.829534
0.829019
0.831862
0.836979
0.826071
0.831545
0.829407
0.831823
0.829012
0.840781
0.826895
0.836311
0.830254
0.839667
0.839831
0.831919
0.830026
0.839702
0.826393
0.842928
0.835235
0.834693
0.826096
0.831569
0.832736
0.831503
0.837077
0.829087
0.829949
0.827958
