2061.13 0.848664 0.00104551
1565.55 0.845649 0.00113966
1790.06 0.846557 0.0011263
1714.22 0.847358 0.00115427
1467.14 0.848024 0.00114687
1681.38 0.844634 0.00115059
1793.41 0.847968 0.0011579
1644.89 0.848874 0.00113247
1603.66 0.846983 0.00113199
1953.34 0.842907 0.00115419
1781.44 0.848183 0.00117362
1602.94 0.846817 0.00112158
1804.52 0.845685 0.00117446
1598.33 0.846343 0.00112902
1543.9 0.847183 0.00114882
1781.64 0.843286 0.00114875
1594.73 0.84852 0.00114857
1829.15 0.849468 0.00111611
2088.35 0.842249 0.00114322
1586.29 0.84505 0.00110431
1754.62 0.848252 0.00116093
1575.13 0.845953 0.00113548
1803.02 0.848681 0.00114387
1686.13 0.846521 0.00106339
1716.46 0.846828 0.00116575
1863.74 0.845657 0.00115303
1705.11 0.848863 0.00114265
1902.27 0.847101 0.00112201
1515.36 0.847729 0.00114667
1720.07 0.847597 0.00117533
1649.38 0.846668 0.00114616
1719.65 0.849584 0.00110564
1535.19 0.846921 0.00115299
1635.01 0.84494 0.00113001
1661.54 0.845227 0.00115107
1776.61 0.847417 0.00113576
1648.78 0.846331 0.00114785
1763.54 0.848333 0.00119659
1991.12 0.846187 0.00115152
1945.62 0.848218 0.0011591
1651.43 0.847977 0.00114383
1759.69 0.849366 0.00114221
1682.25 0.848126 0.00116084
1688.01 0.845478 0.00114625
1829.79 0.843553 0.00114427
1725.78 0.849404 0.00109477
1666.56 0.842984 0.00113348
1561.83 0.844379 0.00115398
1751.25 0.844382 0.0011511
1525.38 0.84622 0.00116415
1577.97 0.845473 0.00116132
1768.58 0.848392 0.00109904
1708.9 0.852011 0.0011543
1824.06 0.851111 0.00114316
1713.46 0.851406 0.00115542
1528.57 0.847768 0.0010404
1924.92 0.847349 0.00117844
1501.9 0.846567 0.00112921
2083.42 0.847256 0.00113283
1899.95 0.852834 0.00114816
1684.4 0.847194 0.00114814
1626.36 0.849653 0.00114474
1795.72 0.847274 0.00113096
1682.6 0.848063 0.00114458
1677.69 0.850123 0.00117911
1791.09 0.84908 0.00112199
1909.9 0.847847 0.00113268
1915.76 0.844827 0.0010917
1651.86 0.847718 0.0011588
2113.8 0.848535 0.0011799
1605.01 0.84771 0.00115393
1857.97 0.843879 0.00112493
1806.89 0.847291 0.00117918
1513.71 0.844314 0.0011695
1715.89 0.847113 0.00112303
1653.7 0.848316 0.0011383
1628.21 0.848324 0.00112241
1709.09 0.848181 0.00113934
1944.75 0.843044 0.00114233
1703.04 0.849179 0.00113292
1790.23 0.84564 0.00114671
1810.58 0.852639 0.00122487
1719.88 0.84648 0.00112435
1917.2 0.845815 0.00114085
1843.3 0.843627 0.0011731
1627.89 0.850964 0.0011646
1663.47 0.847801 0.00113931
1704.83 0.845887 0.00115455
1672.6 0.848481 0.0011457
1563.26 0.846634 0.00118435
2034.12 0.849079 0.00109028
1505.81 0.847611 0.00116482
1749.69 0.847359 0.00112349
1516.51 0.846894 0.0011876
1755.74 0.848056 0.00116816
2077.59 0.847441 0.00115098
1739.7 0.847114 0.00117171
1723.4 0.84645 0.00114666
1646.24 0.849419 0.00115823
1777.62 0.85112 0.00115652
1735.19 0.843198 0.00112812
1620.59 0.848553 0.00114746
1778.63 0.847634 0.00115631
1768.59 0.849216 0.00114168
1997.23 0.851412 0.00116428
2220.69 0.85215 0.00115404
1905.34 0.844475 0.00114335
1909.4 0.849874 0.00115554
1776.56 0.846775 0.00109862
1879.52 0.8501 0.00109811
1947.96 0.844889 0.00113659
1877.24 0.850274 0.00115642
1832.62 0.843308 0.00116933
1702.95 0.847354 0.00110153
1595.44 0.846642 0.00112042
1681.58 0.847312 0.0011471
1731.88 0.849246 0.00114595
1690.45 0.846808 0.00115251
1606.83 0.848155 0.0011665
1733.6 0.848266 0.00114164
1773.74 0.844736 0.00116084
1795.37 0.84937 0.00114524
1876.82 0.848173 0.00112787
1547.33 0.847468 0.00116658
1629.46 0.847195 0.00114936
1861.22 0.850606 0.00117053
1804.93 0.846918 0.00110528
1659.54 0.846174 0.00114529
1723.75 0.849354 0.00115568
1693.71 0.847473 0.00113288
1714.56 0.848076 0.00114782
1699.45 0.84684 0.00111622
1489.38 0.844965 0.00114278
1954.57 0.844861 0.00110553
1470.4 0.846946 0.00114268
1824.95 0.846839 0.00114046
1743.13 0.846971 0.00112374
1563.28 0.846817 0.00116127
1629.95 0.848598 0.00113484
1632.23 0.844768 0.00109451
1859.52 0.846771 0.00118253
1689.65 0.849692 0.00115433
1695.39 0.849337 0.00114886
1645.53 0.845165 0.00115874
1787.53 0.851104 0.00111921
2025.56 0.844039 0.00117036
1793.58 0.85065 0.00115241
1900.22 0.848452 0.00114605
1747.14 0.845536 0.0010941
1770.03 0.846308 0.00111832
1571.26 0.844363 0.00114929
1685.33 0.846556 0.00109635
1694.77 0.844698 0.00112902
1767.83 0.843048 0.0011696
1652.22 0.842293 0.00110526
1776.46 0.845168 0.00113844
1959.26 0.849526 0.00115101
1594.12 0.846585 0.00115647
1712.56 0.843076 0.00114573
1512.59 0.848555 0.00114131
1719.36 0.84993 0.00116601
1731.19 0.849336 0.00114281
1797.31 0.845152 0.00115117
1959.85 0.841512 0.00112823
1869.47 0.84725 0.00118624
1766.95 0.842545 0.00117808
1712.53 0.846733 0.0011356
1719.96 0.845345 0.00106618
1623.34 0.8469 0.00115195
1543.18 0.845679 0.00114597
1657.55 0.846224 0.00116235
1714.99 0.846214 0.00115997
1684.74 0.846184 0.00116576
1771.3 0.845914 0.00115418
1560.43 0.845924 0.00116319
1570.62 0.846727 0.00117254
1672.69 0.848003 0.00115283
1820.01 0.850035 0.00114905
1614.98 0.846406 0.00105984
1715.84 0.843927 0.00115436
1673.16 0.844276 0.00114058
1745.43 0.848533 0.00110805
1616.48 0.846284 0.00108632
1841.8 0.84765 0.0012062
1604.64 0.846967 0.00114801
1654.24 0.848664 0.00109824
1684.1 0.845098 0.00113927
1864.81 0.845365 0.00115027
1669.76 0.848243 0.00112721
1976.85 0.851292 0.00116485
1821.51 0.846212 0.00108389
1774.83 0.846091 0.0011592
1618.87 0.841944 0.0011504
1660.66 0.847792 0.00117136
1600.22 0.847683 0.0011711
1799.85 0.843614 0.0011605
1609.21 0.849345 0.00110515
1849 0.849739 0.00107409
1832.05 0.849405 0.00114474
1690.03 0.846687 0.00113012
1578.99 0.845024 0.00116697
1727.19 0.843257 0.00114171
1736.51 0.845107 0.00110491
1686.92 0.845639 0.00115471
1539.75 0.84759 0.00113343
1735.54 0.845868 0.00115205
1543.81 0.845265 0.00114902
1615.26 0.844614 0.00112875
1718.01 0.843717 0.00114765
1756.37 0.848482 0.00116036
1710.8 0.847746 0.00116117
1620.55 0.843919 0.00112462
1601.18 0.843738 0.00114231
1527.3 0.846127 0.00115793
1914.6 0.851329 0.00114537
1667.24 0.845692 0.0011614
1808.67 0.848465 0.00114754
1651.51 0.848514 0.00116569
1702.05 0.84552 0.00113507
1713.56 0.848941 0.00118535
1589.73 0.848613 0.00117773
1989.59 0.844055 0.00117241
1612.71 0.846083 0.00109184
1721.07 0.849891 0.00115115
1668.23 0.846051 0.00111581
1692.77 0.845627 0.00114892
1731.77 0.845068 0.00113544
1746.29 0.846082 0.00114236
1609.71 0.846048 0.00114719
1601.23 0.847376 0.00114526
1751.37 0.848848 0.00114444
1727.29 0.84816 0.00115547
1706.23 0.844072 0.00112257
1647.95 0.84865 0.00115581
1945.5 0.846653 0.00117319
1714.03 0.845175 0.00110784
1632.43 0.846211 0.00115066
1663.88 0.849702 0.00115957
1858.08 0.848708 0.00115316
1887.99 0.842827 0.00114968
1564.94 0.848317 0.00117339
1798.09 0.842311 0.00110842
1633.98 0.841989 0.00114143
1773.4 0.849708 0.0011544
1742.48 0.842874 0.00117972
1689.98 0.847644 0.00116292
1785.34 0.845426 0.00114021
1750.51 0.847211 0.00115351
1660.32 0.848427 0.00113804
1752.42 0.850362 0.00115502
1808.03 0.848993 0.0010879
1694.66 0.847116 0.00114593
1805.02 0.843852 0.00117419
1735.72 0.847977 0.00118051
1790.25 0.846121 0.00109045
1608.55 0.846165 0.00109044
1776.45 0.847482 0.00114293
1715.42 0.84564 0.00116366
1520.85 0.845368 0.0011345
1533.97 0.846559 0.00114572
2111.72 0.840391 0.00115647
1804.84 0.848082 0.00115276
1577.52 0.844932 0.0011611
1758.13 0.845197 0.00111129
1588.55 0.846338 0.00112765
2235.93 0.848839 0.00114603
1590 0.846212 0.00119058
1827.88 0.845669 0.00114173
1607.97 0.85043 0.00115524
1892.61 0.848158 0.00113408
1653.54 0.846744 0.00115036
1693.34 0.845505 0.00114052
1799.27 0.846628 0.00116589
1644.84 0.845139 0.00105204
1613.89 0.845624 0.00115242
1843.78 0.847699 0.00114963
1799.11 0.846071 0.00112183
1739.16 0.84736 0.00115875
1905.89 0.846363 0.00115684
1819.93 0.844769 0.00116763
1880.82 0.851958 0.00113615
1765.43 0.847667 0.0011537
1920.45 0.845498 0.00115041
1793.6 0.847134 0.00119946
1630.08 0.846116 0.00110048
2018.94 0.848195 0.00113533
1513.27 0.847214 0.00114739
1710 0.847909 0.00115564
1649.75 0.847053 0.00101753
1641.98 0.846863 0.00108937
1623.34 0.844982 0.00115091
1805.71 0.850746 0.00118608
1651.83 0.847287 0.00115231
1721.03 0.847176 0.00113442
1715.69 0.84613 0.00110108
1688.58 0.846521 0.0011354
1623.75 0.849196 0.00118404
1666.29 0.847997 0.00115415
1649.39 0.845631 0.00114279
1743.75 0.84916 0.00114981
1897.82 0.843272 0.00111931
1523.78 0.846144 0.0011547
1782.12 0.845097 0.00116394
1619.4 0.844138 0.00118798
1692.2 0.847312 0.00116939
1684.8 0.851333 0.00114799
1600.47 0.845038 0.00115545
1909.17 0.84776 0.00115819
1576.95 0.846238 0.00115441
1591.02 0.84903 0.00116205
1941.51 0.848785 0.00114735
1871.52 0.850333 0.00114284
1754.78 0.846434 0.00113249
1896.37 0.84963 0.00111317
1786.14 0.848644 0.00114806
1618.67 0.846308 0.00108421
1548.16 0.844748 0.00116784
1802.73 0.848178 0.00118686
1616.81 0.848013 0.00113928
1768.02 0.844695 0.0011388
1778.33 0.852119 0.00115
1734.16 0.846058 0.00108232
1611.03 0.846619 0.00111525
1650.93 0.844605 0.00115902
1512.24 0.846054 0.0011704
1735.25 0.845429 0.00114513
1607.6 0.844585 0.00115344
1721.07 0.847222 0.00112031
1693.99 0.845262 0.00117791
1756.37 0.847668 0.00115938
1576.27 0.845797 0.00112618
1632.1 0.847243 0.00118507
1572.39 0.844464 0.00114906
1728.61 0.846237 0.00115723
1615.01 0.846134 0.00115559
1849.27 0.846318 0.00113055
1938.39 0.848623 0.00107813
1942.42 0.845158 0.00114748
1632.25 0.846658 0.00115084
1603.72 0.84821 0.00114001
2053.32 0.846509 0.00112911
1540.04 0.848327 0.00112068
1557.45 0.845153 0.00113364
1800.14 0.849544 0.00112362
1628.8 0.845835 0.00114951
1686.32 0.847346 0.00114844
1648.46 0.845654 0.00114271
1554.55 0.845017 0.00114234
1677.98 0.846738 0.00113814
1580.51 0.848149 0.00115927
1632.96 0.846247 0.00115229
1785.02 0.843974 0.00114363
1646.63 0.845773 0.00115461
1727.26 0.847397 0.00115111
1581.54 0.847426 0.0011552
1694.42 0.846201 0.00115827
1754.75 0.846078 0.00106613
1668.37 0.847568 0.00117089
1636.87 0.847972 0.00119592
1686.63 0.843919 0.00115968
1656.89 0.847384 0.00116409
1722.88 0.845218 0.0012164
1699.13 0.848255 0.00112975
1716.41 0.849067 0.00116522
1818.01 0.846931 0.00116634
1696.92 0.848069 0.00119934
1736.25 0.842049 0.00117155
1710.09 0.843819 0.00114063
1799.22 0.848505 0.00119223
1625.21 0.848258 0.0011749
1614.88 0.846349 0.00112264
1687.66 0.847674 0.00113561
1636.66 0.847086 0.00114406
1609.79 0.84773 0.00115068
1848.13 0.845036 0.00114902
2211.82 0.851457 0.00114249
1699.28 0.849354 0.00119438
1653.3 0.847926 0.00114446
1567.82 0.846457 0.00116071
1761.3 0.847308 0.00116757
1826.5 0.84608 0.00110934
1844.56 0.8505 0.00115306
1573.08 0.846108 0.00115046
1553.24 0.845159 0.00113995
1716.99 0.848452 0.00114829
1815.49 0.848549 0.00112864
1784.25 0.844386 0.00114647
1476.82 0.847112 0.00113117
1768.22 0.846222 0.00115697
1828.99 0.846543 0.00113539
1617.84 0.848151 0.00115299
1707.11 0.843846 0.0011074
1680.61 0.842785 0.00114667
1638.52 0.845729 0.00115372
1666.71 0.845756 0.00115717
1667.08 0.847034 0.0011624
1693.1 0.844611 0.0011364
1668.91 0.848439 0.00116009
1758.62 0.845636 0.00108632
1634.41 0.84404 0.00116185
1875.73 0.847618 0.00115082
1941.9 0.844667 0.00113881
1504.72 0.845518 0.00113619
1592.46 0.844433 0.00116364
1604.87 0.844159 0.00115827
1633.6 0.844338 0.00113479
1644.09 0.843665 0.00112269
1707.11 0.842629 0.00105316
1727.83 0.845261 0.00115193
1678.42 0.848016 0.0011656
1635.48 0.846502 0.0011437
1711.38 0.848358 0.00103127
1569.31 0.848071 0.00114027
1596.8 0.846489 0.00114515
1616.12 0.843458 0.00113081
1587.24 0.845919 0.00115923
1649.84 0.847199 0.00114768
1629.47 0.847294 0.0011275
1569.21 0.848074 0.00114505
1618.42 0.848328 0.00116366
1744.56 0.845939 0.00113542
1680.48 0.846038 0.0011484
1648.03 0.846695 0.00117159
1823.18 0.844837 0.00115183
1594.71 0.848428 0.00113838
1652 0.848763 0.00113793
1782.65 0.847207 0.00115001
1762.48 0.845862 0.00116077
1825.76 0.844768 0.00108389
1714.39 0.847026 0.001149
1692.24 0.845808 0.00116768
1666.28 0.844148 0.00114009
1677.91 0.845996 0.00113745
1692.29 0.846571 0.0011073
1678.46 0.850212 0.00116234
1640.31 0.848459 0.00116429
1681.31 0.848868 0.00114452
1932.73 0.8485 0.00115171
1755.54 0.846268 0.00115185
1702.87 0.849716 0.00116204
1748.25 0.845408 0.00117133
1643.23 0.846972 0.0011348
1662.53 0.845177 0.00112575
1961.94 0.850109 0.0011608
1593.78 0.843573 0.00116201
1753.87 0.846091 0.00111513
1687.36 0.846525 0.0011484
1556.33 0.848164 0.00112821
1963.67 0.848734 0.00114621
1790.93 0.845491 0.00114639
1977.9 0.842917 0.00118052
1709.55 0.848389 0.0011178
2405.72 0.849333 0.00113057
1573.99 0.84369 0.0011708
1692.78 0.844843 0.00109903
1543.96 0.847178 0.00113779
1711.33 0.847155 0.00111501
1862.29 0.84732 0.00114296
1673.6 0.842963 0.00110729
1835.34 0.844484 0.0011379
1899.85 0.845554 0.00113329
1747.93 0.841876 0.00117436
1733.34 0.844382 0.0011448
1765.22 0.849669 0.00115911
1649.02 0.844948 0.00113907
1662.59 0.848647 0.0011546
1882.29 0.845615 0.00109327
1615.36 0.846219 0.001142
1572.63 0.84667 0.00115245
1673.15 0.847762 0.00112459
1685.45 0.846679 0.00114973
1606.67 0.848624 0.00116769
1661.5 0.844901 0.00113083
1838.15 0.842078 0.0012062
1888.78 0.848869 0.00113439
1582.4 0.84735 0.00107298
1586.96 0.845636 0.00116555
1552.08 0.847579 0.00111816
1778.91 0.844593 0.00114643
1605.24 0.848368 0.00114143
1813.47 0.848769 0.00113893
1694.42 0.848365 0.00114653
1725.52 0.84519 0.00115964
1844.82 0.845964 0.00116615
1534.81 0.842791 0.00114329
1674.01 0.847444 0.00114827
1777.45 0.845397 0.00114828
1623.92 0.846104 0.00113912
1776.66 0.846304 0.00115547
1780.29 0.844479 0.00120053
1790.46 0.846958 0.00116588
1691.09 0.845079 0.0011202
1721.32 0.843809 0.00118094
1874.45 0.845446 0.00103893
1750.54 0.84739 0.00113067
1682.83 0.847464 0.00107303
1501.42 0.84694 0.00115561
1705.82 0.845779 0.00113856
1652.75 0.844192 0.0011422
1544.95 0.843553 0.00113642
1838.74 0.844224 0.00112846
1706.36 0.844159 0.00113704
2043.37 0.850243 0.00115767
1677.67 0.844125 0.00112384
1571.05 0.846203 0.00111348
1690.72 0.844803 0.00114843
1860.33 0.847715 0.00107275
1934.11 0.841681 0.00116113
1776.65 0.846775 0.00116833
1692.25 0.845803 0.00113986
1616.51 0.847234 0.0011984
1631.02 0.849393 0.0011396
1568.9 0.847331 0.00118577
1737.72 0.843585 0.0011826
1657.74 0.846883 0.00114506
1878.05 0.849585 0.00114448
1828.71 0.846821 0.00115797
1653.89 0.849221 0.00116721
1628.69 0.843249 0.00116496
1749.88 0.84713 0.00115762
1826.69 0.847546 0.00113953
1679.15 0.845404 0.00115071
1677.03 0.849787 0.00109508
1633.32 0.848027 0.00114558
1714.74 0.847399 0.00117884
2255.61 0.850316 0.00114794
1733.11 0.849471 0.00115219
1752.85 0.848781 0.00114605
1623.06 0.845155 0.00109701
1607.49 0.846201 0.00105393
1653.45 0.845267 0.00114723
2009.95 0.845484 0.0010934
1798.77 0.842993 0.00118597
1675.89 0.847408 0.00115639
1782.25 0.849015 0.00115384
1637.29 0.847822 0.00113467
1607.06 0.849929 0.00114751
1714.87 0.847888 0.00114711
1799.1 0.848453 0.00105999
1748.66 0.848957 0.00114927
1558.05 0.84765 0.00113104
1629.91 0.846336 0.00114187
1623.12 0.850742 0.0011468
1588.26 0.848843 0.00118577
1709.94 0.843152 0.00116713
1686.95 0.847879 0.00114949
1701.09 0.845594 0.00109719
1578.96 0.847554 0.00115354
1580.03 0.848014 0.00113893
1868.55 0.8483 0.00114928
1665.46 0.847936 0.00113575
1710 0.845667 0.00109124
1602.5 0.848103 0.00111339
1639.54 0.847595 0.00113712
1659.9 0.847689 0.00114702
1766.07 0.845818 0.00115609
1904.69 0.849549 0.00114293
1595.84 0.846118 0.00112385
1871.25 0.845622 0.00112512
1714.41 0.847846 0.00115476
1635.26 0.84821 0.00113253
1697.82 0.844282 0.0011415
1712.21 0.841077 0.00113741
1751.33 0.845805 0.00113185
1728.73 0.849011 0.00118062
1534.35 0.847478 0.00115446
1766.31 0.844477 0.00113131
1639.57 0.847966 0.0011134
1831.18 0.844778 0.00102949
1726.4 0.850299 0.00115814
1624.15 0.848482 0.00115576
1687.49 0.846354 0.00119686
1700.32 0.845926 0.00112771
1761.31 0.848257 0.00114781
1814.91 0.847707 0.00113985
1702.01 0.847333 0.00114781
1593.55 0.847879 0.00115599
1703.16 0.847029 0.00114676
1930.03 0.842483 0.00116456
1643.26 0.846592 0.00113241
1560.25 0.846656 0.00111438
1606.06 0.848315 0.00112734
1560.78 0.846361 0.00114801
1648.95 0.846838 0.00114645
1504.73 0.847311 0.00116844
1615.76 0.845862 0.00111927
1740.19 0.846785 0.00113853
1881.62 0.843367 0.00115134
1812.39 0.850411 0.00115658
1609.68 0.84796 0.00115313
1761.4 0.850191 0.00112584
1753.6 0.846501 0.00115982
1944.83 0.84426 0.00114285
1927.03 0.847378 0.00100832
1657.81 0.851645 0.00113288
1738.74 0.847615 0.00115017
1727.75 0.847263 0.00108022
1765.45 0.847858 0.00114026
1934.76 0.847539 0.00115685
1664.16 0.851282 0.0011349
1708.78 0.845927 0.00114297
1779.33 0.846337 0.00114911
1603.45 0.846042 0.00111398
1669.53 0.843777 0.00107404
1714.73 0.843844 0.00104301
1967.07 0.846477 0.00113028
1579.16 0.845969 0.00116165
1826.06 0.846657 0.00107162
1711.88 0.845514 0.00115763
1617.95 0.847638 0.00115662
1564.29 0.847111 0.00121494
2021.16 0.848965 0.00114325
1602.66 0.846591 0.00114837
1583.21 0.849212 0.00113616
1634.62 0.847409 0.00111229
1725.46 0.840997 0.00113913
1900.7 0.850267 0.00114926
1753.45 0.845935 0.00117223
1761.3 0.842469 0.0011401
1756.77 0.845219 0.00114254
1739.32 0.84858 0.0011422
1625.08 0.846684 0.00110778
1600.87 0.846725 0.00116997
1712.45 0.844686 0.00113297
1542.96 0.847456 0.00114734
1693.22 0.846551 0.00115121
1812.4 0.845814 0.00104435
1738.72 0.84832 0.00113904
1666.41 0.848652 0.00116178
1654.54 0.847467 0.00115135
1702.19 0.843495 0.00113155
1766.77 0.847307 0.00114337
1586.03 0.846345 0.00117683
1683.98 0.845531 0.00114545
1751.32 0.846328 0.00116836
2286.9 0.848065 0.00112783
1625.4 0.845675 0.00114257
1700.23 0.848997 0.00107438
1732.92 0.84631 0.00112786
1624.69 0.848166 0.00114477
1477.57 0.847657 0.00111341
1769.96 0.845935 0.00118508
1628.15 0.846483 0.00112632
1876.64 0.844217 0.00113927
1655.68 0.847566 0.001172
2101.95 0.846547 0.00112777
1626.46 0.84686 0.00110544
1727.85 0.845777 0.0011333
1799.22 0.847373 0.00117652
1737.52 0.847448 0.00114609
1693.56 0.84642 0.00114525
1555.02 0.845967 0.00113863
1794.27 0.846197 0.00113191
1675.45 0.845123 0.00113964
1609.74 0.846469 0.0011222
1628.06 0.846156 0.00114264
1739.67 0.847895 0.00113991
1671.27 0.84675 0.00108527
1892.64 0.849329 0.00117626
1593.02 0.844953 0.00114814
1569.48 0.848062 0.00116231
1696.77 0.847548 0.00113863
1722.78 0.849253 0.00116038
1793.58 0.845528 0.00114759
1764.06 0.847943 0.00113852
1562.49 0.846258 0.00114925
1570.72 0.847317 0.00110769
1824.66 0.84658 0.00111209
1947.43 0.841184 0.00112769
1692.53 0.844165 0.00116118
1641.52 0.846776 0.00115009
1578.92 0.844784 0.00114209
2125.28 0.848037 0.0011493
1711.39 0.843651 0.00115288
1573.08 0.845 0.00114739
1735.76 0.843063 0.00113739
1703.07 0.845429 0.0011254
1741.17 0.845394 0.00114562
1642.29 0.846134 0.00113966
1935.06 0.845806 0.00109996
1650.71 0.846651 0.00115899
1639.9 0.845131 0.00118707
1704.87 0.84901 0.00114905
1717.08 0.849807 0.00115048
1743.02 0.844974 0.0011479
1882.33 0.84066 0.00115855
1659.58 0.847837 0.00110954
1731.4 0.842662 0.00115885
1644.05 0.845614 0.00113401
1533.01 0.848212 0.00110818
1727.68 0.847554 0.00115735
1651.24 0.846303 0.00112678
1685.25 0.848129 0.00117928
1745.81 0.842347 0.00114683
1637.29 0.84979 0.00109546
1854.47 0.842586 0.00108977
1622.2 0.846727 0.00119419
1615.77 0.847276 0.00113656
1601.99 0.845326 0.00114485
1727.73 0.845677 0.00114736
1862.81 0.8473 0.00114412
2093.91 0.841766 0.00113499
1631.33 0.846379 0.00114902
1904.58 0.846283 0.00115597
1759.73 0.848568 0.00112951
1706.88 0.848278 0.0011609
1760.65 0.848549 0.00114382
1661.62 0.843578 0.00120191
1622.86 0.844806 0.0011197
1570.4 0.84668 0.0011401
1847.01 0.846876 0.00111739
1810.08 0.846153 0.00115598
1804.78 0.844694 0.00115466
1796.32 0.846711 0.00115531
1873.13 0.846623 0.00113882
1637.41 0.846593 0.00115473
1805.51 0.842779 0.00113514
1888.83 0.843152 0.00114741
1680.55 0.844906 0.00115557
1569.21 0.84939 0.00115927
1779.65 0.84894 0.00109398
1656.53 0.846271 0.00112638
1727.38 0.84869 0.00113567
1827.09 0.84758 0.00114839
1831.41 0.842152 0.00115657
1804.8 0.848417 0.00114265
1784.03 0.84826 0.00114486
1805.17 0.846796 0.00110799
1763.97 0.845358 0.00115125
1746.95 0.842214 0.00115549
1684.66 0.842473 0.00112787
1684.36 0.848574 0.00116817
1988.64 0.851694 0.00113894
1764.39 0.849141 0.00122979
1649 0.844414 0.00114404
1680.72 0.849415 0.00114978
1642.29 0.845996 0.00115975
1770.27 0.847714 0.00112773
1774.74 0.851857 0.00115106
1792.41 0.848807 0.0011294
1586.7 0.846621 0.00116666
1733.27 0.845368 0.00110776
1758.02 0.843354 0.00114712
1627.61 0.845728 0.00117205
1576.92 0.846997 0.00110864
1615.85 0.847704 0.00114434
1802.67 0.84325 0.00114287
1648.63 0.844507 0.00116424
1684.21 0.848197 0.00114349
1617.24 0.846159 0.00119723
1903.59 0.848097 0.00114217
1724.55 0.847718 0.00116067
1718.78 0.844653 0.00111687
1649.11 0.847391 0.00116111
1609.63 0.846836 0.00110757
1640.54 0.846076 0.00115051
1860.95 0.845563 0.00114576
1739.54 0.844689 0.00115793
1675.9 0.848271 0.00114643
1717.54 0.850012 0.00107955
1636.96 0.84235 0.00110618
1560.66 0.849006 0.00115057
1658.35 0.846392 0.0011576
1621.28 0.846832 0.00117508
1565.4 0.84521 0.00112217
1592.4 0.849867 0.00114536
1721.92 0.850547 0.00114699
1770.45 0.844246 0.00112964
1647.82 0.846868 0.00115805
1793.89 0.847367 0.00116273
1564.7 0.845573 0.00115068
1652.38 0.844342 0.00112607
1548.41 0.849347 0.00115286
1893.09 0.843353 0.00115473
1808.45 0.848516 0.00110956
1718.3 0.844279 0.00114929
1751.09 0.84484 0.00115179
1739.03 0.848484 0.00116409
1832.05 0.845354 0.00110942
1773.97 0.846205 0.00113462
1620.17 0.847182 0.00115628
1610.65 0.844973 0.00114579
1798.9 0.844638 0.00117757
1563.96 0.846835 0.00113477
1560.14 0.850139 0.00113775
1646.68 0.842276 0.00115817
1665.53 0.847327 0.00114246
1732.27 0.843869 0.00112418
1679.34 0.845173 0.00116992
1749.59 0.848074 0.00115935
1581.79 0.846725 0.00114034
1594.82 0.845842 0.00114316
1821.51 0.842247 0.00115789
1648.54 0.847284 0.00114719
1703.72 0.847544 0.00116626
1638.48 0.845907 0.00115577
1683.61 0.845396 0.00115905
1587.17 0.844904 0.00120271
1636.53 0.848132 0.00113766
1684.34 0.847262 0.00113203
1608.24 0.846394 0.00113924
1736.19 0.850634 0.0011511
1559.02 0.844974 0.00116659
1686.02 0.84665 0.00116341
1674.59 0.847981 0.00113873
1756.18 0.846839 0.00114453
1783.91 0.844397 0.00114224
1788.46 0.846879 0.00113068
1759.59 0.84347 0.00113926
1522.96 0.84607 0.00117776
1855.4 0.85017 0.00116845
1675.59 0.844515 0.00114274
1657.15 0.845698 0.00114822
1695.37 0.846254 0.00113227
1624.29 0.847251 0.00113679
1647.3 0.846473 0.00114021
1763.53 0.847096 0.00117538
1730.19 0.846362 0.00113802
1886.58 0.846694 0.00112863
1565.87 0.845686 0.00113865
1619.99 0.846168 0.00109381
1618.52 0.846457 0.00111209
1691.26 0.847155 0.00114193
1568.81 0.846171 0.0011399
1744.07 0.84903 0.00113975
1665.69 0.848989 0.00112736
1689.95 0.846446 0.00112962
1743.84 0.845097 0.00115045
1573.15 0.848217 0.00113254
1614.57 0.847525 0.00116012
1826.91 0.847758 0.00111878
1749.26 0.844719 0.00115675
1630.95 0.847017 0.00112697
1645.36 0.847531 0.00109507
1793.98 0.8454 0.00111782
1765.19 0.846474 0.00118091
1680.96 0.846677 0.00106941
1975.95 0.847173 0.00115789
2018.42 0.847178 0.00114168
1619.98 0.84359 0.00117968
1685.53 0.844969 0.00115952
1577.55 0.847067 0.00113163
1564.57 0.846357 0.00115066
1714.01 0.847479 0.00115022
1750.16 0.843716 0.00113524
1651.88 0.846707 0.00115648
1715.51 0.847703 0.00114265
1699.4 0.848041 0.0011338
1894.53 0.842751 0.00117449
1658.82 0.848925 0.00111929
1596.8 0.850147 0.00115203
2371.38 0.844287 0.00114142
1948.18 0.842293 0.00111275
1658.94 0.845856 0.00114983
1566.1 0.847502 0.00113703
1706.69 0.843735 0.00117609
1756.29 0.846274 0.00119394
1828.86 0.849446 0.00115957
1572.27 0.847935 0.00115762
1633.25 0.847274 0.0011235
1819.72 0.849266 0.00113357
1766.22 0.850387 0.00115226
1832.19 0.846253 0.00113421
1725.15 0.844608 0.00115524
1884.84 0.845563 0.00113294
1846.28 0.844881 0.00109251
1679.13 0.846004 0.00116653
1784.71 0.850192 0.00112234
1638.34 0.845996 0.00114918
1772.25 0.847458 0.00115284
1657.36 0.847128 0.00117029
1639.75 0.847341 0.00114724
1849.12 0.843982 0.00113919
1851.83 0.849418 0.00114448
1561.02 0.847714 0.00114026
1803.25 0.849178 0.00116492
1988.68 0.849786 0.00115801
1841.39 0.845843 0.00114519
1728.97 0.845118 0.00116914
2009.72 0.849922 0.0010834
1675.6 0.848911 0.00116472
1909.91 0.846563 0.00113393
1684.88 0.847877 0.0011296
1715.44 0.847075 0.0011661
1636.61 0.844024 0.00115721
1519.57 0.846765 0.00115582
1729.44 0.847374 0.00112991
1720.4 0.84839 0.00113639
1946.38 0.85245 0.00116048
1605.55 0.841224 0.00116252
1732.5 0.847172 0.00117022
1581.95 0.847159 0.00116576
1628.84 0.845699 0.00116271
1619.23 0.847219 0.00114528
1657.38 0.846556 0.00114277
1635.7 0.847825 0.00114868
1710.27 0.842712 0.00108937
1908.93 0.846048 0.00116246
1682.33 0.847738 0.00116068
1851.22 0.847338 0.00113625
1638.53 0.848408 0.00114465
1622.42 0.846786 0.0011591
1787.79 0.843599 0.00115071
1637.6 0.847977 0.00113794
1677.26 0.844684 0.0011086
1615.23 0.847723 0.00114895
1826.6 0.849095 0.00112889
1847.33 0.850747 0.00116532
1545.19 0.846611 0.00115214
1783.61 0.844838 0.0011016
1852.37 0.84914 0.00114104
1707.37 0.848356 0.00115625
1720.08 0.847486 0.00114336
1844.15 0.84788 0.00115988
1720.52 0.844244 0.00116828
1632.17 0.846414 0.00116235
1673.03 0.841354 0.00115193
1732.33 0.849023 0.0011162
1733.71 0.846928 0.00107505
1800.99 0.846135 0.00113854
1952.33 0.844381 0.00114419
1702.42 0.847376 0.0011455
1594.2 0.844898 0.00105872
1746.64 0.847084 0.0011744
1715.57 0.845085 0.00100408
2110.25 0.851252 0.0011535
1638.2 0.846851 0.00115713
1947.51 0.841207 0.00115918
1792.16 0.842824 0.00108226
1715.86 0.849503 0.00113872
1689.67 0.845636 0.00112977
1752.09 0.847138 0.00117782
1620.59 0.846862 0.00113565
1583.98 0.845471 0.00115559
1807.32 0.844583 0.0011589
1743.65 0.849055 0.0011607
1680.81 0.846787 0.00115559
1840.01 0.850621 0.00116232
1612.7 0.845536 0.00114609
1763.44 0.847624 0.00115245
1716.39 0.848029 0.00114972
1670.83 0.849731 0.00113585
1810.52 0.845131 0.00113641
1627.94 0.846023 0.00116887
1796.01 0.845867 0.00112815
1656.35 0.846309 0.00115792
1869.76 0.849111 0.00118199
1806.98 0.844743 0.00111503
1549.86 0.845793 0.00115917
1702.55 0.849539 0.00112838
1652.36 0.848868 0.00116626
1648.41 0.84709 0.00113587
1733.13 0.845685 0.00116826
1592.05 0.847886 0.00114961
1629.97 0.843915 0.00113616
1778.07 0.842999 0.00115532
1725.71 0.847836 0.00115061
1432.18 0.843968 0.00114433
1906.27 0.847453 0.00112736
1744.8 0.845638 0.0011682
1716.65 0.848942 0.00114851
1925.04 0.843173 0.00113684
2018.01 0.850688 0.00114043
1692.71 0.849049 0.00112578
1643.9 0.841676 0.00113054
1792.4 0.845962 0.00109424
1792.71 0.846495 0.00111812
2140.8 0.848948 0.00111869
1640.48 0.847116 0.00115679
1693.38 0.849924 0.00111676
1777.23 0.843676 0.00111421
1654.87 0.845915 0.00113085
2175.79 0.848981 0.00116005
1502.18 0.845196 0.00116569
1467.76 0.846073 0.00113471
1666.7 0.845685 0.00113749
1776.4 0.846267 0.00111725
1779.57 0.848928 0.00113532
1704.25 0.852508 0.00115674
1720.13 0.844875 0.00116264
1567.47 0.847833 0.00115216
1658.36 0.847258 0.00114779
1783.33 0.850606 0.00116246
1795.34 0.852536 0.00114141
1740.46 0.844274 0.0010902
1616.26 0.844626 0.00115071
1678.99 0.848536 0.00111457
1570.32 0.849699 0.00114662
1822.37 0.845084 0.00103863
1650.92 0.845479 0.00113485
1681.02 0.844913 0.00113851
1743.22 0.846099 0.00116285
1722.86 0.842464 0.00113238
1538.12 0.846657 0.0011465
1843.73 0.845927 0.00112093
1602.65 0.845378 0.00118203
1548.36 0.845583 0.00112905
1770.37 0.846506 0.00114424
1822.02 0.847158 0.00111383
2165.95 0.849727 0.00115669
