0.806812
0.806934
0.805586
0.806535
0.806326
0.80664
0.806494
0.806633
0.805509
0.805042
0.80586
0.806296
0.807405
0.806291
0.803228
0.806746
0.807458
0.806804
0.80539
0.805765
0.808056
0.805444
0.806542
0.805934
0.80609
0.805557
0.805625
0.806835
0.807373
0.806525
0.805218
0.805384
0.805548
0.806188
0.803758
0.805369
0.807138
0.806444
0.806087
0.80774
0.805421
0.806108
0.805966
0.806188
0.80676
0.806682
0.80636
0.804958
0.805626
0.807079
0.804715
0.807764
0.807218
0.80872
0.805413
0.806288
0.805965
0.805726
0.806278
0.804624
0.807325
0.807673
0.805522
0.806782
0.805331
0.807708
0.805204
0.806248
0.806491
0.806825
0.805504
0.805775
0.805035
0.807352
0.806717
0.807022
0.806787
0.80774
0.805524
0.805872
0.805889
0.806237
0.805328
0.805632
0.805084
0.804806
0.807748
0.806534
0.80598
0.806901
0.807027
0.804148
0.805838
0.805765
0.806859
0.80634
0.807029
0.806066
0.806887
0.804567
0.805429
0.805009
0.805177
0.804302
0.808861
0.804484
0.807253
0.805661
0.804504
0.805374
0.807325
0.806512
0.805644
0.804499
0.807245
0.805061
0.806115
0.806633
0.807496
0.806133
0.80653
0.805176
0.806016
0.806593
0.807191
0.807113
0.806702
0.808078
0.807765
0.806269
0.807166
0.806624
0.806208
0.806749
0.807851
0.806998
0.807366
0.805219
0.805759
0.807284
0.80502
0.807225
0.806361
0.807929
0.806764
0.806365
0.806638
0.806404
0.806726
0.807132
0.806236
0.807501
0.806153
0.80661
0.806286
0.805267
0.806707
0.806147
0.806223
0.80424
0.80651
0.806627
0.805833
0.806174
0.806053
0.806018
0.806002
0.80525
0.806671
0.804801
0.805419
0.807331
0.80583
0.806165
0.806169
0.806547
0.807243
0.806117
0.808556
0.805268
0.807578
0.807341
0.806856
0.805143
0.806909
0.806493
0.805186
0.805751
0.805628
0.806152
0.807268
0.804579
0.805472
0.806862
0.807123
0.806208
0.806234
0.807114
0.806938
0.807154
0.808071
0.806227
0.80507
0.805632
0.806249
0.80595
0.805723
0.804214
0.807968
0.805745
0.806161
0.807552
0.804293
0.805304
0.806654
0.804917
0.806004
0.805134
0.807907
0.807533
0.806793
0.805648
0.806647
0.807179
0.80659
0.808375
0.807664
0.807876
0.807657
0.806619
0.805883
0.806908
0.806908
0.806177
0.807478
0.805756
0.805184
0.807451
0.805616
0.80616
0.806835
0.806468
0.806842
0.805943
0.805527
0.809212
0.807006
0.807601
0.805628
0.805383
0.807012
0.805989
0.804435
0.806262
0.805792
0.806645
0.804327
0.806569
0.805282
0.807594
0.805925
0.806521
0.806561
0.80537
0.80717
0.80632
0.806272
0.80584
0.804941
0.80655
0.807157
0.806726
0.805233
0.806142
0.805892
0.806461
0.804913
0.806893
0.80577
0.80812
0.806342
0.807374
0.806146
0.806778
0.806604
0.806477
0.806873
0.805899
0.80656
0.805288
0.805114
0.805017
0.805934
0.804539
0.805351
0.806881
0.80829
0.806568
0.806162
0.804668
0.805377
0.807037
0.806088
0.806872
0.806123
0.806981
0.805727
0.805241
0.80584
0.805508
0.806424
0.806145
0.805868
0.805894
0.807378
0.805932
0.8075
0.805415
0.807054
0.805898
0.805198
0.806374
0.805999
0.807709
0.806441
0.805374
0.805749
0.805566
0.805848
0.80599
0.807319
0.806038
0.807874
0.80655
0.803572
0.807133
0.805446
0.806309
0.804574
0.805423
0.805366
0.806901
0.8069
0.806199
0.807026
0.8067
0.807093
0.806928
0.806586
0.805526
0.805921
0.806184
0.806723
0.805758
0.806823
0.806373
0.80764
0.804791
0.806751
0.805161
0.805984
0.80679
0.806271
0.805467
0.806773
0.805933
0.805628
0.806323
0.806801
0.805239
0.807032
0.805423
0.80656
0.806529
0.805908
0.80653
0.805029
0.806895
0.805891
0.805227
0.806498
0.805727
0.804418
0.807159
0.807243
0.805217
0.807226
0.805672
0.805972
0.805449
0.805326
0.807515
0.806952
0.806787
0.805588
0.806425
0.807917
0.806423
0.808108
0.806669
0.806038
0.80715
0.807088
0.805646
0.805199
0.80556
0.805282
0.806358
0.806824
0.805951
0.806053
0.80681
0.805079
0.805529
0.806084
0.807597
0.807031
0.806954
0.807089
0.806667
0.805822
0.806805
0.805572
0.805941
0.804755
0.806
0.805447
0.806378
0.807825
0.80802
0.807299
0.80783
0.80593
0.804686
0.804987
0.805475
0.806573
0.80666
0.807381
0.807411
0.807274
0.806146
0.805205
0.804468
0.806969
0.806676
0.805233
0.806093
0.805909
0.807213
0.803344
0.807859
0.805458
0.80748
0.804995
0.80718
0.806715
0.804678
0.805087
0.806792
0.80595
0.805097
0.806754
0.806531
0.805485
0.804952
0.805881
0.807863
0.805382
0.804914
0.805516
0.807145
0.805068
0.807216
0.804893
0.80684
0.806197
0.806417
0.805316
0.805342
0.807012
0.805838
0.805619
0.808268
0.806264
0.806422
0.807127
0.806834
0.805822
0.806538
0.806897
0.804326
0.807285
0.806341
0.808685
0.805389
0.806155
0.804136
0.806167
0.808068
0.807896
0.806621
0.805907
0.806925
0.805922
0.806461
0.806012
0.806911
0.806561
0.807762
0.806714
0.806826
0.807398
0.806934
0.806869
0.806429
0.805971
0.805178
0.805663
0.80641
0.804546
0.804374
0.805508
0.807762
0.805572
0.806099
0.804165
0.806786
0.805982
0.80614
0.806729
0.804752
0.80559
0.805656
0.807171
0.806901
0.809215
0.806735
0.80515
0.80534
0.804605
0.806178
0.805705
0.807371
0.804666
0.807484
0.806208
0.805129
0.80697
0.806652
0.805525
0.806316
0.805983
0.806046
0.806369
0.80543
0.808002
0.804925
0.807426
0.806186
0.805195
0.807856
0.806715
0.807064
0.806747
0.80699
0.804425
0.80778
0.806023
0.804908
0.805827
0.806143
0.8053
0.805417
0.805718
0.805806
0.803714
0.8065
0.805146
0.806572
0.805137
0.806935
0.803641
0.807172
0.807647
0.805527
0.806106
0.806757
0.808414
0.807498
0.80651
0.806605
0.805819
0.807215
0.80695
0.807363
0.806595
0.804458
0.806103
0.805576
0.806557
0.80658
0.805881
0.807129
0.805807
0.805942
0.80465
0.803791
0.804801
0.804953
0.807315
0.80528
0.805049
0.806496
0.806146
0.806393
0.806353
0.807296
0.806839
0.805529
0.804678
0.807018
0.806085
0.807566
0.808242
0.806056
0.806602
0.806858
0.806181
0.805609
0.805531
0.805348
0.805924
0.805087
0.80615
0.806828
0.806699
0.807402
0.806155
0.805588
0.80759
0.807177
0.806311
0.804837
0.805005
0.808343
0.805129
0.80676
0.807121
0.805252
0.804691
0.806355
0.806528
0.806374
0.80649
0.804992
0.805615
0.806107
0.804753
0.805554
0.806317
0.806905
0.804516
0.805317
0.805449
0.806104
0.806764
0.805631
0.80709
0.807115
0.80733
0.806078
0.807418
0.805654
0.805892
0.805977
0.806533
0.804867
0.805727
0.807558
0.808194
0.807031
0.804973
0.805779
0.807846
0.806392
0.807191
0.805626
0.807682
0.806223
0.804463
0.805638
0.805409
0.804885
0.806294
0.80439
0.806813
0.806843
0.805538
0.806422
0.806886
0.805983
0.804725
0.80695
0.806739
0.80603
0.805899
0.807096
0.80731
0.806171
0.80669
0.805866
0.805401
0.805747
0.804038
0.805702
0.808064
0.805661
0.806884
0.805784
0.806269
0.805224
0.807595
0.806762
0.80546
0.806188
0.808238
0.804782
0.80583
0.805864
0.805925
0.80575
0.808299
0.804799
0.805074
0.806175
0.805135
0.806118
0.806605
0.806946
0.803968
0.805195
0.805869
0.806496
0.805485
0.806546
0.805924
0.807271
0.807866
0.804076
0.80549
0.805386
0.806519
0.806717
0.806613
0.806269
0.80857
0.805603
0.807087
0.804031
0.805713
0.807732
0.804195
0.807297
0.806498
0.807671
0.804693
0.806682
0.805653
0.806811
0.805439
0.806537
0.806788
0.806439
0.807744
0.805681
0.805825
0.806353
0.806431
0.805609
0.806412
0.805002
0.806449
0.806758
0.805839
0.807345
0.805586
0.806313
0.806483
0.805773
0.806672
0.807195
0.806356
0.806326
0.806956
0.805068
0.805324
0.804556
0.805713
0.8063
0.805711
0.804685
0.807451
0.806363
0.806175
0.805478
0.806264
0.805623
0.806134
0.806167
0.807636
0.806186
0.807878
0.806313
0.807261
0.805796
0.806168
0.806893
0.805289
0.805621
0.805143
0.805786
0.80776
0.80529
0.806164
0.805935
0.808416
0.805765
0.805218
0.806564
0.806258
0.806099
0.807028
0.805152
0.807074
0.80608
0.806591
0.807096
0.806117
0.80762
0.805536
0.805349
0.805632
0.806964
0.806098
0.80602
0.806593
0.807188
0.806772
0.805063
0.804883
0.805838
0.805998
0.805121
0.808204
0.808994
0.806687
0.806736
0.80646
0.806171
0.805227
0.806604
0.8063
0.804004
0.80649
0.805793
0.807726
0.806238
0.806014
0.808477
0.8054
0.80749
0.807459
0.806051
0.805965
0.806841
0.806994
0.806156
0.809001
0.806881
0.806416
0.807214
0.805762
0.806088
0.803588
0.805771
0.807511
0.805564
0.806565
0.805716
0.805973
0.807576
0.805852
0.806726
0.805075
0.806888
0.80657
0.805551
0.805817
0.807155
0.808415
0.806463
0.80537
0.80606
0.806682
0.807178
0.807526
0.806251
0.805802
0.807174
0.807204
0.806986
0.807033
0.807044
0.807392
0.806695
0.806339
0.80737
0.80341
0.805783
0.80458
0.806122
0.806414
0.806552
0.807939
0.805118
0.805114
0.806089
0.806834
0.806169
0.805403
0.805593
0.805053
0.80609
0.807403
0.806451
0.808633
0.80552
0.804837
0.806956
0.804684
0.806437
0.806357
0.806264
0.806296
0.806633
0.804626
0.805552
0.804738
0.807254
0.80563
0.806491
0.80673
0.807082
0.806352
0.806101
0.806817
0.805425
0.806038
0.806108
0.805834
0.80753
0.808968
0.80477
0.804351
0.805732
0.80597
0.807947
0.806457
0.80415
0.808098
0.807728
0.806302
0.806854
0.805615
0.806041
0.807011
0.806284
0.808053
0.806544
0.806927
0.80688
0.806012
0.806632
0.806653
0.805448
0.805564
0.806947
0.806487
0.808126
0.806045
0.807191
0.807869
0.808318
0.806587
0.806933
0.806263
0.804993
0.806452
0.804963
0.807579
0.807433
0.805791
0.803552
0.806514
0.805942
0.806695
0.8047
0.806492
0.806305
0.806058
0.805927
0.804278
0.804584
0.806147
0.805022
0.806443
0.807179
0.805682
0.80444
0.806252
0.806533
0.805554
0.805693
0.80539
0.80675
0.805351
0.805766
0.806342
0.806194
0.808162
0.806334
0.804479
0.805546
0.803876
0.80638
0.804191
0.806788
0.805161
0.806271
0.805708
0.806936
0.807719
0.805784
0.805302
0.807701
0.807373
0.807931
0.806144
0.804947
0.807285
0.806809
0.805704
0.806642
0.806202
0.80701
0.806413
0.805992
0.806191
0.806641
0.80753
0.806426
0.804208
0.805489
0.806083
0.804442
0.805614
0.806201
0.805033
0.80603
0.805844
0.805973
0.807382
0.805576
0.807499
0.806263
0.805806
0.806066
0.806173
0.806689
0.806584
0.806059
0.805839
0.806612
0.807799
0.806112
0.807891
0.805527
0.809264
0.807198
0.80495
0.805458
0.807878
0.805082
0.807263
0.807318
0.804978
0.806349
0.803586
0.806369
0.80613
0.80695
0.803718
0.805615
0.80635
0.80793
0.806092
0.805047
0.80695
0.8071
0.805822
0.806837
0.806817
0.807017
0.808227
0.807407
0.804563
0.80547
0.809687
0.80724
0.805334
0.805266
0.806335
0.805884
0.806363
0.805781
0.80713
0.808174
0.80722
0.805907
0.807187
0.806941
0.805646
0.806297
0.805651
0.808114
0.805399
0.807697
0.806851
0.806221
0.805978
0.805518
0.807336
0.805606
0.80728
0.806231
0.806872
0.804214
0.806098
0.807166
0.805505
0.807298
0.805385
0.804621
0.805969
0.806427
0.805596
0.80595
0.805147
0.806586
0.80515
0.805531
0.806194
0.808405
0.804806
0.808301
0.803396
0.805725
0.805961
0.804564
0.806477
0.806821
0.806404
0.806398
0.805611
0.805855
0.805799
0.80412
0.807116
0.806913
0.806836
0.805972
0.806475
0.806525
0.806253
0.806171
0.805788
0.805684
0.80662
0.807258
0.806351
0.805853
0.806562
0.807315
0.805614
0.808398
0.806671
0.80611
0.808307
0.805734
0.807107
0.806236
0.804588
0.806025
0.80693
0.806377
0.805721
0.808464
0.808028
0.80659
0.807402
0.804968
0.807281
0.806115
0.806105
0.805053
0.805647
0.805768
0.805256
0.806572
0.806641
0.80632
0.806398
0.805454
0.806873
0.806282
0.805685
0.807591
0.808425
0.805734
0.807392
0.808092
0.808581
0.805436
0.805722
0.804782
0.806219
0.804814
0.804206
0.806465
0.806682
0.80595
0.804649
0.806083
0.806771
0.808019
0.806062
0.807916
0.806025
0.806449
0.806503
0.805101
0.806439
0.806513
0.805371
0.80688
0.806242
0.806573
0.805425
0.806551
0.805365
0.806988
0.806677
0.807662
0.806231
0.806511
0.808116
0.806071
0.806388
0.808569
0.806204
0.805231
0.804408
0.805485
0.805247
0.806819
0.805914
0.806693
0.807188
0.808426
0.807141
0.807925
0.806917
0.806745
0.805544
0.804307
0.807118
0.807627
0.807799
0.806825
0.807379
0.804413
0.805632
0.807196
0.806781
0.807119
0.806138
0.807668
0.80714
0.807205
0.806495
0.807161
0.805574
0.805197
0.807543
0.807016
0.806598
0.807069
0.806535
0.806925
0.807901
0.807151
0.808831
0.80547
0.806398
0.805774
0.806356
0.805177
0.805349
0.805623
0.805921
0.806785
0.806165
0.806622
0.80466
0.805051
0.806367
0.806428
0.807516
0.805824
0.80515
0.806746
0.808812
0.804603
0.805744
0.805615
0.805109
0.807021
0.805765
0.805632
0.805906
0.806112
0.806872
0.806773
0.806636
0.788772
0.805099
0.807591
0.808092
0.803975
0.805143
0.805781
0.805574
0.805632
0.807575
0.805875
0.80622
0.804969
0.80527
0.806292
0.803949
0.804964
0.804838
0.804485
0.805899
0.806323
0.803478
0.807261
0.804724
0.806893
0.805921
0.806556
0.807553
0.807666
0.806312
0.804603
0.806017
0.807821
0.805526
0.806273
0.80715
0.805891
0.806559
0.80721
0.805966
0.805394
0.805059
0.806808
0.807642
0.804778
0.80431
0.806556
0.805261
0.807398
0.805227
0.80643
0.806536
0.806296
0.806873
0.808314
0.806084
0.805825
0.807743
0.805389
0.805641
0.805577
0.805352
0.805853
0.806569
0.805992
0.806366
0.807063
0.807122
0.806951
0.805588
0.80684
0.806819
0.807121
0.805622
0.805543
0.805385
0.80587
0.806373
0.805568
0.807056
0.805001
0.806266
0.806165
0.806221
0.806341
0.806486
0.807821
0.807121
0.804613
0.803849
0.806193
0.80671
0.808361
0.807063
0.805805
0.807234
0.806049
0.807662
0.806462
0.807131
0.805343
0.808349
0.804709
0.80501
0.807001
0.806275
0.806885
0.806217
0.805706
0.80763
0.805675
0.805402
0.808952
0.805987
0.804455
0.807098
0.804332
0.803654
0.805741
0.806656
0.808286
0.805284
0.806688
0.807062
0.805063
0.804805
0.806245
0.805863
0.806207
0.803979
0.806688
0.806675
0.806864
0.805906
0.806628
0.806174
0.805655
0.804976
0.806824
0.806146
0.808071
0.805738
0.805679
0.806469
0.805159
0.805715
0.806267
0.806792
0.805148
0.806623
0.805931
0.805782
0.804908
0.806344
0.805026
0.807169
0.804837
0.808162
0.807269
0.805459
0.806894
0.805923
0.805575
0.805507
0.804836
0.807419
0.806663
0.806633
0.805314
0.80495
0.806557
0.804299
0.804752
0.80737
0.807033
0.806819
0.804045
0.807324
0.807156
0.805809
0.806386
0.806894
0.80638
0.807249
0.805636
0.805943
0.806053
0.806906
0.804283
0.806181
0.806336
0.808112
0.806737
0.807946
0.806207
0.806551
0.807144
0.806628
0.807462
0.806799
0.807134
0.806496
0.805561
0.804779
0.805928
0.80568
0.805455
0.806333
0.806514
0.807056
0.805053
0.804856
0.805244
0.805535
0.806963
0.806316
0.806175
0.80601
0.807389
0.804666
0.807637
0.807601
0.806463
0.804919
0.806649
0.803994
0.8062
0.806797
0.807072
0.805871
0.807282
0.806095
0.807698
0.806666
0.807101
0.804234
0.805481
0.808424
0.80641
0.805676
0.806249
0.804837
0.806205
0.80678
0.806599
0.807085
0.806607
0.805209
0.806816
0.807465
0.806196
0.805681
0.804489
0.806352
0.806851
0.805976
0.806354
0.807312
0.807524
0.807657
0.805905
0.806828
0.806292
0.80608
0.806655
0.806512
0.805048
0.806858
0.806085
0.806488
0.806143
0.804727
0.807557
0.806594
0.807001
0.806635
0.806222
0.806222
0.80601
0.80675
0.805757
0.805038
0.807732
0.804948
0.806582
0.806453
0.805826
0.806953
0.806887
0.805851
0.807331
0.807357
0.80696
0.807309
0.804855
0.80583
0.806376
0.80638
0.806558
0.808302
0.805024
0.806021
0.80436
0.807876
0.804441
0.806495
0.805377
0.808534
0.807228
0.805813
0.806548
0.807146
0.804904
0.805126
0.807458
0.807066
0.807926
0.807083
0.807612
0.806959
0.806165
0.802169
0.80509
0.806394
0.8053
0.804335
0.807828
0.80493
0.805569
0.806088
0.809138
0.805794
0.807597
0.803805
0.805431
0.806876
0.806857
0.806859
0.805596
0.807204
0.805464
0.806698
0.806509
0.806289
0.805292
0.807443
0.80579
0.804189
0.807469
0.806549
0.807924
0.806247
0.807852
0.806872
0.805616
0.805289
0.806612
0.806209
0.805799
0.806566
0.805528
0.807291
0.80559
0.806633
0.806241
0.807102
0.807204
0.805651
0.806327
0.807272
0.805234
0.803968
0.805436
0.806629
0.806848
0.807592
0.80765
0.804282
0.804918
0.80609
0.805491
0.803584
0.804125
0.804904
0.807639
0.808023
0.806845
0.805952
0.805991
0.805559
0.806086
0.805032
0.807258
0.806152
0.804954
0.804513
0.805223
0.807123
0.806218
0.80799
0.805682
0.803173
0.807127
0.807077
0.805647
0.804851
0.807375
0.805896
0.807153
0.807986
0.807542
0.80756
0.803592
0.805532
0.807623
0.805347
0.805891
0.806564
0.806075
0.805906
0.805724
0.807707
0.807249
0.806966
0.803528
0.806403
0.806426
0.806754
0.807655
0.807426
0.806119
0.806934
0.807174
0.803564
0.806136
0.807526
0.804782
0.806487
0.805194
0.806323
0.805371
0.807629
0.808287
0.806234
0.805401
0.805507
0.80483
0.807004
0.80616
0.806478
0.806189
0.803953
0.805313
0.804508
0.806442
0.804265
0.806865
0.805913
0.806277
0.805348
0.804814
0.805607
0.805997
0.805766
0.806391
0.806144
0.807154
0.806612
0.806123
0.805589
0.806253
0.807024
0.806132
0.80551
0.805592
0.806126
0.806684
0.80502
0.806604
0.805791
0.804723
0.805765
0.804532
0.807568
0.807115
0.806167
0.80516
0.804889
0.806566
0.80467
0.807249
0.806161
0.807084
0.805996
0.804752
0.806398
0.805611
0.806664
0.806278
0.804081
0.806025
0.806733
0.807256
0.804785
0.805396
0.807549
0.807684
0.806935
0.805331
0.806883
0.805186
0.806087
0.806337
0.805583
0.805291
0.805533
0.806901
0.805959
0.805484
0.805749
0.80799
0.807044
0.807145
0.806377
0.806653
0.807551
0.807368
0.806856
0.806524
0.806304
0.805437
0.806216
0.805428
0.806258
0.808356
0.805001
0.804647
0.80518
0.805093
0.805825
0.805587
0.806073
0.805048
0.808346
0.805026
0.803486
0.805173
0.804789
0.807191
0.806229
0.806307
0.806558
0.804783
0.805071
0.806841
0.80735
0.807059
0.805654
0.806154
0.806114
0.80673
0.806469
0.804918
0.804706
0.806376
0.805163
0.805576
0.805063
0.804943
0.806413
0.804753
0.807922
0.806144
0.80583
0.805593
0.806165
0.8056
0.808235
0.804903
0.807096
0.80799
0.805159
0.806398
0.805761
0.805644
0.806266
0.806647
0.805496
0.807166
0.805954
0.805749
0.805319
0.806386
0.807384
0.805353
0.80318
0.806483
0.807116
0.806413
0.805737
0.807492
0.806769
0.806655
0.805847
0.808774
0.806011
0.806241
0.806526
0.806565
0.805944
0.80555
0.807008
0.805647
0.806265
0.805961
0.805361
0.806235
0.808887
0.805463
0.805949
0.805527
0.807476
0.804381
0.804913
0.805481
0.806512
0.805766
0.806366
0.807617
0.803839
0.806528
0.807468
0.805227
0.805639
0.804334
0.808096
0.806343
0.805439
0.805692
0.806418
0.807711
0.807795
0.806198
0.808055
0.804576
0.805962
0.807211
0.807443
0.806198
0.805797
0.806137
0.806409
0.802999
0.805732
0.806754
0.806069
0.805331
0.804989
0.807913
0.807179
0.807225
0.808546
0.805814
0.805423
0.807041
0.805881
0.807284
0.806637
0.805063
0.807052
0.806895
0.806438
0.805976
0.805596
0.807113
0.807531
0.806598
0.804795
0.80556
0.806342
0.805281
0.806999
0.805947
0.804576
0.806134
0.80535
0.80569
0.806723
0.805664
0.808098
0.807858
0.806853
0.807816
0.8059
0.807625
0.805042
0.807799
0.807919
0.805053
0.807307
0.806022
0.806174
0.807018
0.806833
0.808146
0.805575
0.804414
0.805411
0.807374
0.806479
0.808159
0.806543
0.805964
0.805407
0.806907
0.805747
0.805327
0.805111
0.806474
0.808695
0.806585
0.807442
0.805239
0.804751
0.805279
0.806028
0.804744
0.806584
0.807218
0.805801
0.806121
0.80738
0.806855
0.805241
0.807056
0.805909
0.804596
0.804476
0.806808
0.80538
0.806693
0.806729
0.805218
0.806798
0.805634
0.806826
0.805815
0.807263
0.80511
0.806898
0.805188
0.807988
0.807882
0.804494
0.806442
0.807294
0.807948
0.804217
0.805328
0.805513
0.806141
0.804825
0.802945
0.80507
0.806149
0.806998
0.808996
0.805046
0.806306
0.807263
0.806587
0.806768
0.805047
0.805663
0.807234
0.805535
0.806251
0.80724
0.806747
0.805756
0.804692
0.806248
0.807123
0.80569
0.804686
0.805685
0.805979
0.806725
0.804874
0.805475
0.805751
0.807334
0.804996
0.804925
0.807018
0.804234
0.805776
0.807071
0.807548
0.806062
0.805165
0.805989
0.80542
0.805643
0.806647
0.806262
0.806089
0.806934
0.805031
0.80667
0.805282
0.807136
0.806028
0.805487
0.804501
0.805481
0.805376
0.805453
0.808703
0.80727
0.805677
0.806752
0.805952
0.804238
0.805669
0.806666
0.805307
0.80634
0.804771
0.80815
0.805786
0.805931
0.807459
0.806775
0.805594
0.806834
0.806461
0.805584
0.805301
0.806938
0.80684
0.805634
0.808191
0.806135
0.804345
0.805945
0.807002
0.806253
0.808424
0.805732
0.806856
0.806292
0.806475
0.806038
0.805953
0.805433
0.807642
0.8084
0.806451
0.806846
0.805756
0.806156
0.805525
0.805168
0.806435
0.806114
0.806051
0.80507
0.805439
0.806549
0.805762
0.807108
0.80766
0.806325
0.806623
0.806955
0.807129
0.809138
0.807162
0.807611
0.807344
0.806227
0.807929
0.806099
0.807842
0.805976
0.807237
0.806327
0.805917
0.807651
0.805761
0.80647
0.805379
0.807075
0.805886
0.804768
0.805206
0.805788
0.806562
0.806693
0.805102
0.805748
0.806611
0.807109
0.80668
0.803424
0.806435
0.806047
0.806126
0.806055
0.806278
0.806168
0.803968
0.805096
0.805462
0.807538
0.806281
0.807901
0.806844
0.803972
0.805997
0.808201
0.806598
0.805248
0.807033
0.806158
0.806127
0.806909
0.805341
0.80613
0.806406
0.806344
0.805997
0.807691
0.804116
0.808487
0.806162
0.806112
0.807494
0.806205
0.804315
0.807461
0.805424
0.805754
0.807466
0.807413
0.805445
0.804749
0.805977
0.806226
0.805309
0.807861
0.806661
0.807051
0.806893
0.803956
0.806404
0.805991
0.80578
0.806341
0.806444
0.808631
0.804883
0.807471
0.805985
0.808417
0.804512
0.807869
0.807444
0.806958
0.807423
0.806222
0.807099
0.807093
0.807384
0.803748
0.806944
0.805716
0.805917
0.806027
0.806044
0.80515
0.806559
0.805048
0.806406
0.806304
0.804365
0.805621
0.806533
0.806721
0.806378
0.808286
0.805731
0.806907
0.805733
0.806504
0.805089
0.805255
0.806542
0.805826
0.807567
0.80509
0.808302
0.808713
0.807654
0.807633
0.806919
0.804395
0.80608
0.805261
0.807006
0.806155
0.805195
0.808245
0.806898
0.806114
0.805996
0.80525
0.805609
0.805527
0.806318
0.806123
0.807236
0.806307
0.806259
0.804925
0.805595
0.806169
0.805569
0.804625
0.806404
0.806855
0.807256
0.806215
0.804849
0.805432
0.806169
0.805418
0.806424
0.80709
0.807191
0.807369
0.805681
0.805661
0.806602
0.80624
0.805947
0.806335
0.805911
0.806187
0.805822
0.807278
0.806402
0.807155
0.806882
0.805182
0.806831
0.805264
0.805574
0.805326
0.806363
0.807639
0.806332
0.805866
0.806539
0.806509
0.805837
0.806222
0.80733
0.806936
0.806678
0.807502
0.806731
0.806578
0.807186
0.806838
0.803988
0.806597
0.806551
0.804794
0.804787
0.80659
0.806538
0.806932
0.804834
0.807624
0.805727
0.806354
0.806941
0.805902
0.806801
0.806767
0.803707
0.805996
0.806474
0.805481
0.80691
0.80554
0.808423
0.804858
0.806676
0.803978
0.805998
0.806088
0.805693
0.806529
0.806602
0.805285
0.805084
0.804971
0.806349
0.806384
0.804236
0.807448
0.805657
0.806291
0.805372
0.804184
0.80542
0.806445
0.804661
0.805974
0.807066
0.805728
0.805715
0.805506
0.80671
0.806846
0.806977
0.805352
0.806931
0.806467
0.805692
0.805986
0.805166
0.805465
0.805344
0.804519
0.805555
0.805557
0.807776
0.806085
0.806577
0.808354
0.807675
0.804605
0.806812
0.805125
0.806195
0.80554
0.806346
0.805229
0.805935
0.805911
0.804789
0.808417
0.805029
0.807449
0.806871
0.806745
0.806518
0.805604
0.80629
0.805892
0.80527
0.805353
0.806053
0.804943
0.80657
0.805681
0.805015
0.806749
0.805519
0.80427
0.806815
0.806096
0.806303
0.806586
0.805798
0.805815
0.807053
0.804715
0.806531
0.805167
0.806714
0.806302
0.805651
0.80616
0.806642
0.806877
0.807399
0.804635
0.805757
0.806697
0.804446
0.806591
0.805457
0.807147
0.805882
0.806637
0.805345
0.805293
0.805036
0.805181
0.805457
0.806866
0.806436
0.807723
0.80547
0.805168
0.806123
0.804089
0.805646
0.807734
0.80594
0.806923
0.806751
0.806254
0.807079
0.805462
0.806823
0.807102
0.805867
0.805125
0.805243
0.806199
0.804794
0.805296
0.806948
0.806168
0.808387
0.805703
0.80511
0.806459
0.804655
0.80674
0.807533
0.807819
0.806776
0.805213
0.807842
0.806102
0.806667
0.806459
0.805644
0.805812
0.806318
0.805531
0.805861
0.806118
0.808276
0.805908
0.805657
0.805513
0.806085
0.808088
0.807189
0.808342
0.805887
0.807058
0.805957
0.805935
0.805097
0.808419
0.805649
0.807039
0.805158
0.80692
0.804985
0.806077
0.806524
0.806846
0.804667
0.804751
0.8071
0.806065
0.80446
0.805074
0.805137
0.807105
0.808073
0.80669
0.807705
0.808018
0.805993
0.80789
0.804641
0.807063
0.806629
0.805401
0.806906
0.806331
0.805823
0.807553
0.807174
0.806528
0.805127
0.807411
0.807393
0.806192
0.806907
0.806928
0.806527
0.804514
0.805869
0.805895
0.805139
0.808491
0.804639
0.806302
0.804249
0.80836
0.806476
0.806762
0.805391
0.807194
0.804869
0.80729
0.80704
0.806711
0.806843
0.80668
0.807195
0.806039
0.806891
0.807608
0.806163
0.806897
0.808113
0.807861
0.806531
0.806424
0.805418
0.806866
0.805587
0.805735
0.805884
0.805418
0.806386
0.805189
0.805445
0.806629
0.806275
0.804973
0.806578
0.80561
0.806626
0.805487
0.807208
0.806614
0.806726
0.80606
0.805619
0.806562
0.804619
0.807032
0.807475
0.807169
0.806218
0.806845
0.80694
0.806274
0.80774
0.806082
0.806204
0.805763
0.806354
0.806249
0.807882
0.804736
0.807009
0.806002
0.808097
0.807278
0.805325
0.807661
0.807192
0.8053
0.8053
0.806205
0.80557
0.805609
0.805612
0.807452
0.80671
0.807939
0.806509
0.80662
0.806922
0.806252
0.80771
0.806209
0.806999
0.805757
0.805678
0.806584
0.806882
0.807142
0.806142
0.806978
0.805328
0.80683
0.806841
0.805396
0.805749
0.806538
0.806659
0.807131
0.803872
0.806597
0.807902
0.806415
0.806765
0.805854
0.805822
0.806036
0.806147
0.806262
0.80759
0.805208
0.806573
0.807552
0.807134
0.805068
0.805993
0.806838
0.805695
0.805202
0.806321
0.805328
0.806224
0.805988
0.806907
0.805273
0.806942
0.806892
0.806015
0.806324
0.805692
0.807184
0.807555
0.807002
0.805349
0.806992
0.806675
0.80467
0.80662
0.805982
0.806526
0.806407
0.8064
0.804942
0.805309
0.807088
0.805572
0.805206
0.80827
0.805463
0.80678
0.806536
0.806815
0.806065
0.805214
0.805253
0.804146
0.807463
0.806573
0.805986
0.807519
0.803553
0.805942
0.807141
0.806682
0.80599
0.80642
0.807144
0.804969
0.80456
0.806153
0.805287
0.806621
0.806642
0.806432
0.806975
0.805328
0.806184
0.8056
0.80579
0.807278
0.806771
0.807445
0.806917
0.807128
0.805571
0.806922
0.803642
0.803141
0.805234
0.80709
0.804862
0.804919
0.804434
0.806767
0.803757
0.808674
0.808039
0.80569
0.804719
0.804352
0.806595
0.806377
0.805439
0.806738
0.806464
0.804724
0.80653
0.805764
0.805719
0.807231
0.804755
0.804866
0.805898
0.805856
0.805795
0.805499
0.803469
0.806526
0.808147
0.80635
0.8061
0.806034
0.806178
0.807504
0.805945
0.804914
0.805535
0.80442
0.806566
0.805059
0.804347
0.806262
0.783009
0.804546
0.806366
0.80574
0.806624
0.805382
0.807832
0.806126
0.80433
0.806764
0.804904
0.805948
0.807252
0.806413
0.806642
0.803588
0.805927
0.805522
0.806346
0.807719
0.806518
0.805087
0.80798
0.804933
0.806011
0.806539
0.80612
0.804724
0.805372
0.805442
0.806406
0.805946
0.806763
0.806897
0.80625
0.806681
0.806492
0.805071
0.806041
0.805534
0.804854
0.807593
0.805451
0.806045
0.805225
0.808107
0.806083
0.805989
0.807276
0.806485
0.806904
0.807363
0.806082
0.805945
0.808175
0.807404
0.807094
0.806282
0.805522
0.807844
0.806226
0.806288
0.806097
0.805201
0.807054
0.806815
0.804785
0.805554
0.806941
0.805962
0.804878
0.805396
0.807424
0.805996
0.806854
0.806252
0.805817
0.80576
0.806768
0.806636
0.80418
0.805876
0.805203
0.80608
0.806275
0.806421
0.805563
0.804527
0.806851
0.807617
0.805563
0.804309
0.807049
0.806025
0.806415
0.807178
0.805825
0.805508
0.805585
0.805901
0.806096
0.807707
0.806787
0.806938
0.805394
0.805993
0.806526
0.808324
0.806524
0.806786
0.806224
0.808045
0.80587
0.806902
0.805606
0.807924
0.806713
0.80662
0.804654
0.805107
0.805047
0.805535
0.80819
0.80865
0.806449
0.805208
0.806665
0.805604
0.805524
0.805435
0.804806
0.806662
0.807026
0.805949
0.807184
0.806374
0.80518
0.806539
0.807203
0.804983
0.803664
0.806667
0.806058
0.805863
0.80592
0.806693
0.805713
0.806833
0.805727
0.806155
0.804392
0.805873
0.804982
0.807085
0.805325
0.80726
0.805582
0.804445
0.804712
0.807834
0.809022
0.805645
0.805953
0.805653
0.805392
0.805334
0.806333
0.807275
0.807017
0.805593
0.806255
0.806813
0.805566
0.807405
0.806527
0.803084
0.806401
0.804486
0.804196
0.805831
0.805614
0.805162
0.807392
0.805344
0.806594
0.804161
0.806289
0.806959
0.805156
0.804772
0.80671
0.80648
0.805546
0.805283
0.806984
0.806054
0.805885
0.806444
0.805761
0.805929
0.8053
0.805587
0.80708
0.807393
0.807045
0.80551
0.805274
0.80696
0.804201
0.804315
0.805456
0.807021
0.807876
0.806946
0.805637
0.808772
0.806234
0.805294
0.80593
0.806297
0.80588
0.804921
0.805196
0.805762
0.806562
0.807557
0.807501
0.806201
0.806783
0.806173
0.805706
0.805002
0.807536
0.80684
0.807415
0.806723
0.807926
0.806994
0.808401
0.806894
0.805647
0.806361
0.805566
0.8068
0.806351
0.806751
0.807276
0.806702
0.807408
0.806479
0.807005
0.806248
0.80543
0.804169
0.806002
0.804749
0.806342
0.806664
0.805429
0.804878
0.804372
0.805745
0.806388
0.807347
0.805589
0.80734
0.806467
0.80537
0.80302
0.806837
0.806871
0.804645
0.804953
0.807266
0.805998
0.806357
0.807365
0.805864
0.806845
0.807203
0.807311
0.804953
0.805278
0.807421
0.807286
0.8054
0.806936
0.804892
0.808178
0.806914
0.804999
0.80568
0.806058
0.803803
0.806376
0.806128
0.806157
0.805531
0.806327
0.806048
0.806138
0.806272
0.806006
0.807114
0.807411
0.805045
0.807128
0.805253
0.804854
0.807567
0.808259
0.8058
0.80722
0.806624
0.807817
0.807646
0.804465
0.80786
0.805254
0.80651
0.807461
0.808269
0.807271
0.807393
0.805872
0.807391
0.806041
0.806491
0.804814
0.806821
0.80739
0.807999
0.807949
0.806582
0.805557
0.805198
0.804671
0.80602
0.805703
0.806197
0.806678
0.807557
0.805592
0.807398
0.806185
0.807312
0.805623
0.805656
0.807482
0.806247
0.806549
0.806986
0.806199
0.807139
0.805381
0.806538
0.805399
0.805413
0.805512
0.805696
0.807046
0.805219
0.805158
0.806958
0.806771
0.80543
0.805768
0.805899
0.806056
0.806622
0.808141
0.805701
0.80734
0.80585
0.807493
0.807571
0.807146
0.805891
0.80528
0.807184
0.805001
0.806904
0.807062
0.806305
0.805434
0.806847
0.807316
0.805941
0.806123
0.806217
0.808062
0.807409
0.806329
0.806795
0.806973
0.807227
0.805396
0.806656
0.806881
0.805533
0.806479
0.805507
0.806437
0.806802
0.806336
0.8043
0.806699
0.806253
0.80653
0.806418
0.806887
0.806821
0.806645
0.804053
0.807877
0.804756
0.806733
0.803831
0.806171
0.806624
0.806157
0.805766
0.806101
0.805789
0.806154
0.805491
0.807549
0.805744
0.806072
0.805464
0.805843
0.803799
0.805956
0.804154
0.805853
0.808917
0.805714
0.806403
0.806479
0.807006
0.805504
0.80616
0.805817
0.807652
0.806533
0.807502
0.806018
0.805414
0.806498
0.80527
0.80669
0.804909
0.804536
0.806155
0.805051
0.806471
0.80559
0.805205
0.805976
0.805639
0.807141
0.807685
0.805657
0.80579
0.806865
0.805801
0.805504
0.807903
0.80574
0.8073
0.805964
0.806546
0.806919
0.8058
0.806129
0.805349
0.804384
0.806332
0.808361
0.806041
0.80624
0.806612
0.805173
0.805132
0.803918
0.80457
0.806945
0.807351
0.806371
0.80544
0.805941
0.805683
0.806722
0.804811
0.807279
0.806545
0.805243
0.805242
0.806327
0.806434
0.807789
0.807102
0.804738
0.806804
0.807861
0.80587
0.806503
0.807866
0.806604
0.806628
0.806862
0.805946
0.807402
0.805965
0.805795
0.806441
0.806551
0.805998
0.806532
0.809157
0.807511
0.806284
0.805904
0.806298
0.803956
0.806501
0.806873
0.804332
0.80465
0.806865
0.80455
0.806305
0.806502
0.806368
0.805945
0.806741
0.804124
0.806013
0.806583
0.804089
0.807885
0.804846
0.806663
0.805735
0.805029
0.807808
0.806279
0.80582
0.805829
0.805791
0.806496
0.804953
0.807606
0.806189
0.806434
0.806441
0.80707
0.807307
0.804942
0.806373
0.803902
0.807589
0.805594
0.805189
0.807586
0.80643
0.807
0.805053
0.808092
0.806006
0.805609
0.805972
0.806505
0.80633
0.807318
0.805859
0.806706
0.806687
0.805026
0.806651
0.805421
0.805194
0.806767
0.807124
0.806529
0.80578
0.80639
0.805241
0.805806
0.805757
0.8054
0.806276
0.806276
0.806587
0.806645
0.807163
0.80477
0.806288
0.806928
0.806461
0.807146
0.804713
0.805025
0.808287
0.806926
0.807701
0.805415
0.80634
0.806128
0.809428
0.807936
0.806767
0.806262
0.804519
0.806488
0.805281
0.806852
0.805422
0.806001
0.807272
0.804502
0.80861
0.806246
0.807915
0.804648
0.806133
0.807769
0.806993
0.806298
0.806922
0.808201
0.806801
0.806725
0.807763
0.806679
0.807595
0.805807
0.803978
0.804972
0.807265
0.806201
0.80488
0.807612
0.806496
0.805552
0.806586
0.80611
0.807109
0.808082
0.806494
0.807285
0.807154
0.806044
0.804043
0.805143
0.807051
0.806194
0.807906
0.805485
0.805419
0.804778
0.807862
0.805374
0.805829
0.806664
0.808666
0.806963
0.806748
0.805746
0.80567
0.806048
0.806813
0.807375
0.806856
0.806663
0.805955
0.805179
0.807455
0.807185
0.807167
0.804599
0.807836
0.805415
0.804859
0.807192
0.804907
0.804477
0.80756
0.806351
0.807112
0.805232
0.804808
0.807492
0.806315
0.805426
0.807192
0.807895
0.805156
0.806832
0.804687
0.804663
0.806342
0.808087
0.807077
0.805862
0.804823
0.807264
0.806045
0.806249
0.805596
0.804801
0.806724
0.807539
0.807085
0.807151
0.807145
0.806014
0.805484
0.806647
0.80637
0.806077
0.807427
0.805359
0.804411
0.807265
0.809171
0.806493
0.806404
0.806024
0.805861
0.806159
0.80707
0.806293
0.80663
0.806223
0.807378
0.806645
0.807076
0.806221
0.804952
0.80871
0.805667
0.806801
0.805704
0.805817
0.806951
0.805049
0.807498
0.804206
0.805487
0.805833
0.806308
0.807138
0.804566
0.807331
0.806241
0.807139
0.807187
0.807103
0.805092
0.807229
0.807071
0.807106
0.804574
0.80645
0.807418
0.806474
0.806164
0.804944
0.807117
0.807339
0.807173
0.807271
0.807839
0.806609
0.806014
0.805826
0.805728
0.805449
0.806801
0.807115
0.805417
0.805709
0.807829
0.805948
0.805916
0.806809
0.804625
0.806075
0.808033
0.805321
0.806935
0.806984
0.807021
0.807174
0.806787
0.807069
0.8061
0.806549
0.806683
0.808112
0.806683
0.807544
0.805321
0.805527
0.806597
0.805392
0.8046
0.806031
0.806478
0.807511
0.806221
0.806096
0.805913
0.805214
0.805422
0.804695
0.806458
0.807388
0.805712
0.808939
0.805059
0.80624
0.806016
0.807293
0.806124
0.806313
0.807261
0.805463
0.806942
0.805702
0.805897
0.806558
0.807754
0.806027
0.807642
0.806905
0.804912
0.807688
0.804899
0.80529
0.806468
0.804548
0.806458
0.806662
0.806102
0.80653
0.805096
0.806678
0.805664
0.804682
0.804559
0.803851
0.806892
0.805876
0.803412
0.80588
0.805221
0.806434
0.806834
0.804774
0.807157
0.806069
0.806154
0.805696
0.806305
0.808483
0.807189
0.806891
0.805205
0.806047
0.806725
0.807208
0.80534
0.806412
0.807377
0.805714
0.806287
0.807215
0.8062
0.808301
0.805363
0.806749
0.805249
0.806009
0.805002
0.805751
0.806611
0.80541
0.805896
0.807045
0.808223
0.80625
0.806771
0.806181
0.805838
0.804803
0.806152
0.806405
0.806505
0.807851
0.808637
0.804669
0.806289
0.807268
0.806484
0.805708
0.804422
0.805422
0.806103
0.805761
0.805604
0.804524
0.805913
0.806659
0.806818
0.805826
0.807843
0.806873
0.806343
0.80779
0.808153
0.80672
0.80776
0.806149
0.803117
0.805337
0.80574
0.808209
0.806531
0.806619
0.804124
0.806915
0.804442
0.807784
0.807726
0.805727
0.808366
0.805161
0.805506
0.806176
0.806564
0.807022
0.806748
0.808706
0.806232
0.805051
0.806586
0.806042
0.806478
0.805768
0.80611
0.806484
0.806103
0.80708
0.807009
0.807249
0.806105
0.808966
0.805397
0.806942
0.806695
0.805664
0.807148
0.807436
0.807528
0.807449
0.806721
0.805339
0.805426
0.805241
0.80585
0.805187
0.806386
0.806446
0.805757
0.80717
0.806354
0.806881
0.807556
0.805671
0.805709
0.806916
0.806669
0.807187
0.804667
0.807576
0.805882
0.807899
0.805932
0.806697
0.806215
0.807651
0.806597
0.806824
0.805579
0.805036
0.805067
0.804774
0.806811
0.805023
0.805479
0.806916
0.807805
0.80597
0.806492
0.807208
0.805586
0.806559
0.806787
0.805569
0.805653
0.80632
0.806989
0.807615
0.80557
0.805577
0.805029
0.808072
0.804686
0.806443
0.806119
0.806196
0.80714
0.806641
0.804886
0.806123
0.805814
0.806962
0.805006
0.806761
0.803659
0.805834
0.804849
0.806174
0.807605
0.806814
0.80577
0.805441
0.805431
0.807496
0.80692
0.806942
0.806409
0.805308
0.805262
0.806744
0.807447
0.808214
0.805413
0.80628
0.80732
0.804933
0.807856
0.805296
0.806606
0.80644
0.80468
0.805914
0.807337
0.806604
0.807289
0.803879
0.805598
0.807206
0.806309
0.806464
0.805754
0.806102
0.805774
0.80658
0.804582
0.806481
0.805332
0.805995
0.806644
0.807069
0.806175
0.806568
0.80615
0.806422
0.808007
0.806427
0.805509
0.806024
0.806995
0.806861
0.805907
0.805649
0.803979
0.807041
0.806855
0.805408
0.805554
0.80584
0.805568
0.806472
0.804916
0.806925
0.806708
0.805244
0.807284
0.80489
0.806557
0.806331
0.805667
0.804926
0.803958
0.804962
0.806045
0.803341
0.805485
0.804462
0.806366
0.807501
0.807032
0.806912
0.806583
0.80644
0.805661
0.805849
0.806919
0.806412
0.807108
0.806679
0.805359
0.805682
0.80611
0.804963
0.807737
0.806361
0.808786
0.806906
0.807917
0.805731
0.80645
0.806885
0.805025
0.806758
0.806646
0.804637
0.806545
0.805882
0.8063
0.805595
0.806592
0.804657
0.806009
0.805443
0.807191
0.807099
0.806446
0.803934
0.805907
0.80523
0.807711
0.807258
0.805568
0.807315
0.806949
0.806525
0.805803
0.805862
0.805999
0.805827
0.803712
0.8059
0.804468
0.807289
0.808681
0.805875
0.806295
0.80505
0.804531
0.805572
0.808331
0.807674
0.808298
0.806819
0.807067
0.807014
0.805585
0.80527
0.806473
0.804612
0.805156
0.806099
0.806103
0.806623
0.806524
0.80447
0.804225
0.807335
0.805132
0.805408
0.805986
0.806061
0.805743
0.805719
0.806117
0.807271
0.805406
0.805902
0.806894
0.806014
0.805507
0.805313
0.806472
0.807779
0.806482
0.806207
0.805279
0.805883
0.804575
0.804354
0.806171
0.805005
0.806221
0.806255
0.805881
0.804842
0.806429
0.80716
0.805886
0.805924
0.805841
0.80777
0.804646
0.806731
0.805958
0.806912
0.8076
0.806865
0.807829
0.807406
0.805467
0.805457
0.805588
0.806897
0.807125
0.804805
0.80718
0.806029
0.808168
0.80658
0.807263
0.804415
0.806055
0.807008
0.806489
0.806135
0.806584
0.805558
0.807095
0.80646
0.804647
0.805831
0.805089
0.806536
0.805303
0.807573
0.806389
0.807026
0.806836
0.806598
0.806029
0.806077
0.808138
0.804639
0.806395
0.808613
0.806093
0.807177
0.804913
0.805779
0.805779
0.806305
0.808483
0.806509
0.804908
0.808271
0.805768
0.807225
0.803598
0.805573
0.8083
0.806798
0.80662
0.806917
0.806554
0.805015
0.80596
0.806416
0.805628
0.806454
0.80477
0.807809
0.804339
0.808068
0.805099
0.80525
0.806507
0.806267
0.807103
0.806211
0.806895
0.805652
0.804318
0.807429
0.806764
0.807394
0.805065
0.807414
0.806006
0.806014
0.80569
0.80731
0.805028
0.806658
0.806211
0.80703
0.806971
0.804845
0.804399
0.805598
0.805571
0.807989
0.807507
0.807453
0.80636
0.806655
0.806032
0.807386
0.80571
0.805367
0.805572
0.80697
0.807688
0.807466
0.803677
0.806958
0.805875
0.806749
0.806931
0.804883
0.805933
0.806132
0.805329
0.804994
0.806262
0.805757
0.80677
0.806038
0.803487
0.805742
0.806717
0.807003
0.804178
0.805299
0.805013
0.806255
0.805143
0.806422
0.805813
0.806586
0.80635
0.80681
0.805495
0.8073
0.805307
0.807327
0.804976
0.806553
0.805498
0.807057
0.805464
0.806945
0.805404
0.806835
0.805204
0.806659
0.805595
0.806613
0.807995
0.807084
0.804437
0.806278
0.807826
0.807363
0.807439
0.807257
0.805683
0.805698
0.806638
0.808646
0.804965
0.806952
0.807126
0.805776
0.805611
0.805278
0.806455
0.805777
0.805219
0.804814
0.803477
0.806176
0.807844
0.807645
0.806116
0.805639
0.805677
0.805281
0.805252
0.805261
0.807686
0.806891
0.806345
0.806581
0.806137
0.804327
0.805398
0.805477
0.804934
0.806587
0.807409
0.805535
0.806978
0.806418
0.806581
0.805808
0.80743
0.807882
0.806012
0.806063
0.806656
0.804897
0.806115
0.807839
0.808871
0.806084
0.808438
0.806356
0.805144
0.808261
0.804589
0.80787
0.807356
0.806039
0.805923
0.806413
0.805402
0.807698
0.806396
0.806112
0.806791
0.805676
0.807042
0.805346
0.806896
0.806919
0.805844
0.805916
0.805759
0.803585
0.807849
0.806872
0.805768
0.80643
0.804991
0.805684
0.806451
0.806133
0.804488
0.807214
0.805065
0.806131
0.806033
0.806296
0.808265
0.806703
0.806822
0.805649
0.806334
0.805495
0.8055
0.806032
0.805716
0.805693
0.806388
0.805966
0.806029
0.805665
0.806176
0.805713
0.806815
0.804015
0.805377
0.80644
0.804629
0.805539
0.806016
0.804661
0.805628
0.807403
0.806038
0.805613
0.80592
0.80716
0.805847
0.808012
0.807037
0.804642
0.807326
0.806598
0.804501
0.806519
0.80622
0.80703
0.803423
0.805467
0.806131
0.806619
0.806245
0.80587
0.807655
0.806962
0.807003
0.806921
0.805495
0.806266
0.80535
0.806279
0.80494
0.805813
0.808015
0.806669
0.806643
0.807581
0.805811
0.805883
0.805932
0.805118
0.805781
0.805437
0.805904
0.805409
0.807082
0.806516
0.806933
0.806463
0.806682
0.806536
0.806614
0.804948
0.806534
0.807117
0.80691
0.806831
0.806114
0.8069
0.805124
0.806696
0.804792
0.805693
0.80668
0.806359
0.806339
0.806027
0.805245
0.806469
0.807544
0.805007
0.805298
0.804351
0.806164
0.803863
0.805206
0.804851
0.806243
0.806383
0.806041
0.805413
0.805701
0.807457
0.806712
0.806671
0.805862
0.806451
0.806524
0.804673
0.806764
0.805699
0.80542
0.80511
0.8071
0.806377
0.805938
0.806821
0.806081
0.805355
0.805928
0.805532
0.807434
0.804893
0.806729
0.806061
0.805214
0.80542
0.808305
0.805918
0.807106
0.806746
0.806336
0.806903
0.807469
0.806288
0.807665
0.806721
0.805944
0.80631
0.806304
0.806276
0.804897
0.806823
0.806612
0.805146
0.807846
0.805727
0.807643
0.806699
0.804401
0.805901
0.806761
0.807262
0.805659
0.806139
0.807394
0.807742
0.806484
0.807084
0.806029
0.805316
0.808353
0.806501
0.807699
0.807118
0.8055
0.80517
0.807718
0.806402
0.806218
0.805989
0.806404
0.807214
0.805554
0.808103
0.805639
0.805344
0.807698
0.806886
0.806981
0.806773
0.806855
0.804922
0.807285
0.806163
0.806878
0.80418
0.805365
0.804098
0.807312
0.80622
0.806776
0.80684
0.805806
0.805897
0.805882
0.806034
0.805164
0.807402
0.80652
0.805988
0.807089
0.808563
0.806858
0.807363
0.807416
0.804901
0.807178
0.806091
0.807594
0.805846
0.807425
0.807687
0.809157
0.806955
0.806013
0.805932
0.80526
0.805524
0.806066
0.806088
0.807593
0.807236
0.806659
0.805065
0.804869
0.806783
0.806922
0.806309
0.804879
0.806237
0.806878
0.804013
0.80619
0.808441
0.807725
0.805584
0.806316
0.805731
0.802851
0.80592
0.805429
0.806185
0.807557
0.806944
0.806279
0.805752
0.805579
0.807417
0.80758
0.806985
0.806922
0.80845
0.804984
0.805562
0.803436
0.805211
0.804668
0.806416
0.806283
0.805369
0.806121
0.805647
0.805799
0.803645
0.807467
0.805866
0.80556
0.805601
0.807699
0.806361
0.80672
0.806023
0.806199
0.805262
0.806969
0.80592
0.807001
0.806587
0.806028
0.804616
0.805446
0.805436
0.804868
0.806707
0.807909
0.805926
0.806143
0.805387
0.807022
0.805897
0.805943
0.804734
0.804358
0.80759
0.80684
0.807151
0.808518
0.805004
0.80674
0.806354
0.80583
0.808593
0.805745
0.80636
0.806614
0.806671
0.805547
0.806166
0.806792
0.805337
0.806282
0.805193
0.805531
0.806928
0.806775
0.806352
0.805494
0.808374
0.806371
0.807656
0.807135
0.806419
0.808969
0.805767
0.805104
0.805861
0.80578
0.805512
0.804924
0.805132
0.806855
0.806679
0.807671
0.80653
0.805077
0.805498
0.807819
0.803211
0.806429
0.805463
0.806719
0.805287
0.807615
0.805743
0.806339
0.806252
0.806805
0.804936
0.80657
0.805714
0.807188
0.80564
0.80666
0.805848
0.806253
0.806178
0.806478
0.804383
0.80665
0.805979
0.806094
0.80748
0.806322
0.805944
0.805335
0.805915
0.805921
0.806594
0.806108
0.806339
0.806846
0.807517
0.80429
0.806834
0.807046
0.807209
0.806526
0.807214
0.806233
0.804523
0.806901
0.807315
0.805166
0.806933
0.807073
0.80613
0.805577
0.806303
0.806023
0.805969
0.808567
0.808729
0.806269
0.805891
0.805674
0.807348
0.80678
0.808007
0.806503
0.805246
0.806354
0.805338
0.807166
0.80618
0.805849
0.806089
0.806339
0.805498
0.804705
0.807694
0.806263
0.806041
0.807194
0.806299
0.80686
0.804857
0.805663
0.80628
0.80574
0.806266
0.805329
0.807063
0.805622
0.806097
0.805452
0.806268
0.806679
0.80482
0.805529
0.806627
0.805512
0.805593
0.807851
0.80588
0.806055
0.804753
0.805955
0.804758
0.806968
0.808103
0.806272
0.805059
0.805481
0.806868
0.805309
0.804652
0.806415
0.806683
0.805137
0.807743
0.80697
0.80569
0.806926
0.807192
0.806679
0.805409
0.806347
0.807941
0.806464
0.806471
0.80536
0.806286
0.807212
0.804063
0.805745
0.805368
0.804569
0.805605
0.805486
0.805646
0.805885
0.805801
0.806326
0.804854
0.806783
0.804566
0.804595
0.807127
0.80702
0.806641
0.805692
0.806207
0.807336
0.804642
0.805523
0.806624
0.804611
0.808939
0.806574
0.805509
0.806256
0.807627
0.805892
0.805421
0.806563
0.806193
0.806952
0.806706
0.805998
0.80624
0.805733
0.806564
0.806119
0.808189
0.807644
0.806509
0.804909
0.806784
0.807887
0.806031
0.806615
0.804852
0.805582
0.805489
0.804442
0.805838
0.807004
0.806713
0.806178
0.806009
0.80446
0.806492
0.806675
0.805567
0.80439
0.806467
0.807119
0.805507
0.807647
0.805181
0.806408
0.806277
0.805698
0.806516
0.807689
0.806509
0.806725
0.806797
0.807856
0.805788
0.804769
0.804297
0.807885
0.805108
0.808142
0.804447
0.80637
0.807357
0.80441
0.805802
0.806645
0.807602
0.806478
0.80532
0.80812
0.806915
0.806083
0.805406
0.804745
0.80653
0.804853
0.803944
0.808643
0.804215
0.806538
0.808056
0.806295
0.806904
0.805221
0.806807
0.806451
0.805781
0.805901
0.806472
0.80469
0.806562
0.805607
0.806124
0.807837
0.805594
0.805471
0.806108
0.805956
0.80492
0.807221
0.807057
0.80625
0.804231
0.805116
0.805287
0.805476
0.80572
0.805686
0.805024
0.806257
0.803801
0.806086
0.805764
0.806771
0.80515
0.807562
0.806289
0.806887
0.806413
0.806022
0.805859
0.806076
0.805693
0.804405
0.807124
0.806819
0.805492
0.808674
0.804886
0.804632
0.808358
0.804856
0.804727
0.805774
0.80706
0.806038
0.806412
0.805268
0.806481
0.806984
0.804265
0.807029
0.808232
0.806463
0.808168
0.805685
0.807461
0.807066
0.807044
0.805582
0.804619
0.806943
0.805355
0.804535
0.807274
0.807575
0.805937
0.806343
0.805846
0.805801
0.805779
0.806877
0.807619
0.808033
0.806959
0.806647
0.806641
0.805903
0.806771
0.807084
0.807378
0.806742
0.806402
0.805695
0.806603
0.807432
0.806972
0.803291
0.807268
0.808986
0.806887
0.805941
0.80421
0.806508
0.806646
0.80726
0.806215
0.806936
0.80531
0.804713
0.806926
0.806859
0.806721
0.807203
0.805909
0.806203
0.806576
0.80454
0.805221
0.807675
0.80473
0.806959
0.805731
0.807468
0.807285
0.80554
0.806742
0.807571
0.807159
0.804305
0.807583
0.805295
0.806312
0.805503
0.805473
0.805966
0.806644
0.808534
0.806041
0.805604
0.804872
0.805828
0.805932
0.806118
0.806699
0.805215
0.804577
0.806777
0.806731
0.805579
0.805609
0.806509
0.805682
0.808113
0.806724
0.80428
0.805146
0.804624
0.806295
0.808323
0.805702
0.80629
0.80433
0.805173
0.807915
0.806697
0.807813
0.807363
0.805114
0.805567
0.806721
0.807198
0.806789
0.804544
0.803943
0.804872
0.807487
0.807358
0.806949
0.805055
0.806007
0.80728
0.807445
0.806194
0.807455
0.805141
0.806394
0.80439
0.805796
0.804252
0.807149
0.806578
0.805776
0.805549
0.805663
0.803904
0.805705
0.807851
0.80619
0.807701
0.806373
0.806487
0.804987
0.804977
0.805104
0.806629
0.806324
0.804895
0.808517
0.806427
0.805716
0.807535
0.807277
0.807002
0.807995
0.807491
0.805188
0.805335
0.805918
0.805288
0.806147
0.805703
0.807088
0.803783
0.80736
0.807017
0.805966
0.80657
0.806148
0.806231
0.805017
0.805663
0.805863
0.805919
0.806003
0.805193
0.806063
0.804969
0.806418
0.804575
0.805434
0.806036
0.806676
0.808406
0.807181
0.805124
0.807314
0.805116
0.807786
0.806298
0.807063
0.807384
0.806459
0.806374
0.807132
0.806426
0.805871
0.805643
0.805777
0.805576
0.804836
0.807546
0.806824
0.806445
0.806119
0.804993
0.806429
0.805982
0.805623
0.805328
0.807277
0.806114
0.805834
0.804818
0.806599
0.805378
0.805492
0.805972
0.805688
0.807723
0.805806
0.805547
0.805733
0.805441
0.806485
0.805064
0.805459
0.807605
0.806523
0.805975
0.808193
0.805184
0.805725
0.80596
0.804804
0.806391
0.807231
0.807218
0.807993
0.80708
0.806894
0.807256
0.807701
0.805141
0.807353
0.805687
0.806047
0.808261
0.805927
0.806445
0.806809
0.806203
0.807046
0.80531
0.806383
0.80623
0.806152
0.806718
0.806088
0.805968
0.803918
0.806681
0.809164
0.805798
0.805651
0.803582
0.806247
0.808008
0.804972
0.806198
0.806409
0.805492
0.805571
0.807139
0.806088
0.803828
0.806512
0.807326
0.806242
0.805939
0.806059
0.805464
0.804162
0.807525
0.80599
0.806858
0.806364
0.804974
0.806047
0.806665
0.80876
0.806524
0.807849
0.807459
0.807854
0.80635
0.807648
0.806553
0.808589
0.807557
0.805542
0.806713
0.807205
0.805388
0.805924
0.805719
0.80453
0.805416
0.805738
0.804464
0.805356
0.805598
0.806044
0.805691
0.804487
0.806765
0.806115
0.807888
0.805182
0.807025
0.804972
0.80514
0.807259
0.805113
0.808002
0.807678
0.805863
0.805923
0.80701
0.807892
0.806074
0.805101
0.806838
0.806821
0.805419
0.804698
0.807575
0.805971
0.804803
0.807125
0.805075
0.805134
0.805677
0.80494
0.807608
0.806315
0.805748
0.805121
0.807461
0.806194
0.805441
0.807166
0.805566
0.806269
0.805593
0.805755
0.806928
0.806353
0.806726
0.806432
0.806165
0.805849
0.805365
0.805834
0.807894
0.806592
0.805819
0.807942
0.80665
0.808765
0.806613
0.806786
0.806854
0.806221
0.80692
0.807377
0.806411
0.806571
0.806867
0.804085
0.806359
0.806852
0.805814
0.80511
0.805981
0.807303
0.806658
0.807162
0.80573
0.804933
0.806321
0.807522
0.806802
0.806414
0.806107
0.805338
0.803699
0.806609
0.805641
0.807623
0.806342
0.80755
0.806719
0.805431
0.806401
0.8068
0.805952
0.805606
0.807263
0.805473
0.806463
0.806604
0.806721
0.806117
0.806612
0.806279
0.804365
0.805932
0.806854
0.804885
0.805803
0.807293
0.807416
0.807886
0.806555
0.805858
0.806672
0.805525
0.806347
0.806628
0.804736
0.804567
0.805535
0.805758
0.805419
0.805101
0.805557
0.806417
0.805364
0.808071
0.806927
0.805742
0.805277
0.805144
0.805912
0.805954
0.807227
0.806667
0.807902
0.805652
0.806568
0.806033
0.806633
0.805692
0.80455
0.807227
0.803935
0.80714
0.80609
0.806924
0.806272
0.80641
0.806366
0.804564
0.805389
0.805193
0.804794
0.807422
0.80693
0.805453
0.80588
0.806208
0.804042
0.806732
0.807767
0.806278
0.807125
0.805644
0.805212
0.806996
0.804681
0.806643
0.806711
0.806224
0.806553
0.805016
0.806756
0.804245
0.806387
0.804835
0.805456
0.806334
0.805683
0.806109
0.805795
0.806562
0.806204
0.808179
0.80587
0.80671
0.805488
0.805861
0.806119
0.80628
0.806129
0.807155
0.806803
0.805754
0.80618
0.8062
0.805109
0.806994
0.805708
0.806446
0.806177
0.804242
0.804752
0.806513
0.805945
0.805947
0.805363
0.805555
0.805134
0.806404
0.806241
0.805476
0.805558
0.805583
0.806483
0.806024
0.805705
0.806606
0.806261
0.805137
0.803643
0.806222
0.806975
0.807098
0.808777
0.805123
0.80677
0.803838
0.806211
0.806313
0.806215
0.807168
0.804625
0.806374
0.806788
0.80638
0.806992
0.805887
0.806612
0.80638
0.806604
0.806592
0.806585
0.807241
0.804589
0.807376
0.807449
0.805644
0.805278
0.807573
0.808807
0.805957
0.804736
0.805725
0.805638
0.806782
0.804731
0.806361
0.805432
0.807633
0.806295
0.805751
0.804492
0.806061
0.807344
0.806363
0.805806
0.806612
0.804929
0.808661
0.807171
0.805979
0.80715
0.805019
0.807858
0.805453
0.807174
0.805329
0.805499
0.806176
0.804107
0.805987
0.806503
0.805066
0.805209
0.804579
0.807141
0.805972
0.806456
0.805322
0.805835
0.80539
0.806977
0.807281
0.805255
0.806128
0.805874
0.805015
0.805438
0.806649
0.805883
0.806643
0.806543
0.806008
0.807664
0.804091
0.807785
0.805647
0.804908
0.806151
0.807156
0.805749
0.803834
0.809279
0.806863
0.806773
0.805685
0.807809
0.806209
0.808558
0.80518
0.806296
0.806596
0.806747
0.805874
0.806552
0.806271
0.804763
0.806826
0.806827
0.805546
0.809497
0.804862
0.805845
0.805422
0.807605
0.805695
0.805096
0.807371
0.807954
0.80739
0.807702
0.806222
0.804973
0.806539
0.806164
0.805529
0.807627
0.806173
0.806522
0.807842
0.807082
0.805333
0.806501
0.805606
0.807124
0.805947
0.808275
0.804128
0.806455
0.807271
0.806231
0.806718
0.807096
0.807314
0.803819
0.805693
0.806833
0.804038
0.806783
0.805753
0.809025
0.804924
0.80781
0.806654
0.807784
0.807313
0.806019
0.805977
0.806139
0.806668
0.806064
0.808146
0.804192
0.806368
0.806468
0.808239
0.80612
0.808048
0.804462
0.805731
0.80535
0.805907
0.805451
0.806257
0.805611
0.80708
0.806734
0.806601
0.805628
0.80585
0.808457
0.806841
0.807757
0.806937
0.806987
0.805648
0.808589
0.807549
0.808424
0.80688
0.804457
0.804453
0.805624
0.804442
0.80365
0.805253
0.805445
0.807005
0.807078
0.807938
0.805481
0.807039
0.805088
0.804775
0.806768
0.804846
0.80647
0.806594
0.807195
0.806801
0.807358
0.805672
0.805828
0.806878
0.806382
0.806395
0.806744
0.806204
0.805734
0.805989
0.806946
0.804721
0.80623
0.80684
0.806856
0.807193
0.805056
0.806369
0.807541
0.804721
0.806059
0.807614
0.805486
0.805428
0.8065
0.80624
0.805881
0.806598
0.804944
0.80493
0.807737
0.807796
0.806637
0.80687
0.805847
0.805894
0.804781
0.804878
0.805464
0.806149
0.806915
0.806956
0.80728
0.80607
0.80595
0.807477
0.806536
0.805431
0.807316
0.805583
0.806461
0.80555
0.807474
0.806095
0.80353
0.805312
0.805052
0.804912
0.806687
0.805155
0.806055
0.808046
0.808113
0.80496
0.804847
0.807979
0.805396
0.805041
0.805712
0.805466
0.806408
0.805233
0.806582
0.806424
0.805854
0.804697
0.807137
0.806802
0.806726
0.806081
0.807402
0.807194
0.804408
0.805986
0.804356
0.806282
0.806229
0.804604
0.80685
0.808077
0.80627
0.808673
0.806978
0.805406
0.805934
0.80629
0.804622
0.807668
0.80606
0.805602
0.806006
0.806006
0.803912
0.804639
0.805849
0.806293
0.807149
0.80695
0.806635
0.805794
0.805768
0.805712
0.807546
0.806306
0.806279
0.807208
0.807188
0.805463
0.80601
0.806335
0.806801
0.807532
0.806172
0.805745
0.805971
0.806656
0.804386
0.804827
0.806143
0.805873
0.805589
0.80695
0.806427
0.803994
0.805852
0.807029
0.805386
0.805147
0.807194
0.807534
0.806618
0.806626
0.804613
0.807052
0.80699
0.807627
0.806102
0.807395
0.806273
0.806858
0.806423
0.804173
0.806156
0.805161
0.804136
0.805673
0.805253
0.807231
0.807742
0.807393
0.805141
0.806066
0.805338
0.805765
0.806697
0.806705
0.806173
0.806472
0.806285
0.806509
0.804926
0.806611
0.805655
0.807205
0.804886
0.806503
0.805762
0.806076
0.806871
0.804221
0.805695
0.805124
0.805208
0.806529
0.805946
0.807878
0.807276
0.808663
0.807796
0.807576
0.80653
0.805954
0.80594
0.806913
0.805988
0.807151
0.80616
0.805995
0.805849
0.805599
0.805849
0.80573
0.808704
0.805614
0.80609
0.806562
0.804668
0.806144
0.80586
0.803511
0.807035
0.806861
0.806821
0.805983
0.805886
0.806746
0.805682
0.804422
0.804846
0.805652
0.806706
0.805017
0.806052
0.806842
0.805573
0.805596
0.806807
0.807065
0.804946
0.806347
0.806505
0.80595
0.807261
0.806693
0.805133
0.806794
0.804211
0.805374
0.807049
0.806282
0.80617
0.807135
0.805094
0.807432
0.807114
0.805722
0.806491
0.805446
0.807257
0.80431
0.806073
0.807123
0.80564
0.807642
0.806203
0.807059
0.805624
0.80582
0.806844
0.806787
0.806371
0.805926
0.804996
0.806228
0.805666
0.807746
0.805673
0.809308
0.805277
0.807614
0.80759
0.806252
0.807198
0.806266
0.804763
0.806829
0.806045
0.805498
0.806575
0.806151
0.80553
0.806949
0.80472
0.806055
0.808221
0.807185
0.809105
0.80582
0.80537
0.805303
0.806674
0.808004
0.806767
0.807132
0.805532
0.806732
0.804544
0.807079
0.80708
0.806629
0.805705
0.805662
0.80698
0.805125
0.805614
0.808232
0.806714
0.806082
0.807502
0.807266
0.805702
0.807343
0.80595
0.808521
0.807726
0.804696
0.805887
0.807361
0.807042
0.805409
0.806434
0.805807
0.805386
0.806922
0.80676
0.806572
0.807142
0.805632
0.805175
0.808763
0.805834
0.804721
0.80475
0.805949
0.806529
0.806031
0.804914
0.808175
0.806443
0.80498
0.806994
0.806075
0.805746
0.805883
0.805877
0.80608
0.806309
0.807147
0.80869
0.805381
0.8053
0.805357
0.805773
0.807125
0.805472
0.806034
0.807782
0.807251
0.805035
0.806135
0.80752
0.807116
0.806076
0.807114
0.805971
0.804221
0.805112
0.806847
0.80691
0.805055
0.806949
0.804658
0.805638
0.806831
0.807027
0.807761
0.805541
0.806676
0.805656
0.807005
0.805191
0.807255
0.805454
0.807078
0.805052
0.807033
0.805257
0.806198
0.804179
0.805243
0.80548
0.805953
0.805617
0.806554
0.805093
0.806855
0.805867
0.807145
0.807062
0.8067
0.806366
0.806979
0.805601
0.806778
0.807141
0.805915
0.805407
0.806079
0.806382
0.806819
0.804727
0.803927
0.807112
0.805834
0.806349
0.80609
0.8053
0.80646
0.806293
0.807035
0.804887
0.806703
0.805738
0.806906
0.803834
0.806938
0.80656
0.807375
0.806967
0.80706
0.807741
0.807585
0.808249
0.806077
0.805747
0.805298
0.805545
0.80504
0.805253
0.80504
0.805898
0.80617
0.807455
0.805209
0.805319
0.80615
0.807262
0.807262
0.807533
0.806329
0.804628
0.804724
0.805862
0.804097
0.806605
0.808937
0.805277
0.806563
0.80651
0.807476
0.806875
0.806759
0.806405
0.80703
0.805043
0.807981
0.807851
0.805468
0.80567
0.805058
0.807242
0.806082
0.805482
0.80562
0.805725
0.806592
0.806086
0.805483
0.807101
0.806759
0.806959
0.805167
0.805279
0.805745
0.805047
0.807692
0.806206
0.805184
0.806009
0.805658
0.805392
0.806563
0.806083
0.805759
0.805415
0.805968
0.808177
0.807744
0.806981
0.806983
0.806123
0.805267
0.805985
0.808607
0.806094
0.805874
0.807191
0.806195
0.80642
0.806505
0.805909
0.807596
0.808466
0.806802
0.807784
0.80624
0.80707
0.805746
0.806389
0.806762
0.804487
0.806423
0.804658
0.805811
0.807427
0.807073
0.806769
0.80498
0.804112
0.805248
0.804368
0.807524
0.806979
0.80558
0.80558
0.805263
0.805559
0.805608
0.80685
0.806426
0.806564
0.806971
0.805617
0.806622
0.805054
0.803311
0.806407
0.805448
0.80391
0.805621
0.806523
0.806408
0.807088
0.805737
0.808925
0.805687
0.804928
0.806725
0.807666
0.807253
0.805445
0.805778
0.805994
0.806648
0.80761
0.807145
0.806271
0.806628
0.806528
0.807167
0.806269
0.806265
0.806887
0.806043
0.805828
0.806306
0.805395
0.806185
0.806016
0.807134
0.805
0.805614
0.806119
0.806868
0.807303
0.80638
0.805387
0.806057
0.806745
0.805162
0.805956
0.805472
0.806263
0.804234
0.805886
0.807504
0.806076
0.804369
0.808206
0.806687
0.805758
0.806161
0.806182
0.807402
0.806944
0.80687
0.8053
0.807579
0.806572
0.806696
0.807541
0.806375
0.80736
0.805601
0.80613
0.806424
0.806163
0.806693
0.807926
0.806979
0.807067
0.806387
0.805317
0.807154
0.807231
0.805731
0.806994
0.805912
0.807081
0.805683
0.806159
0.807418
0.806086
0.807104
0.805042
0.805935
0.807151
0.804811
0.808555
0.806999
0.805901
0.807585
0.804405
0.80592
0.806207
0.804616
0.80674
0.805929
0.807276
0.805164
0.807241
0.804571
0.805428
0.805909
0.80385
0.805949
0.806718
0.806997
0.806093
0.80388
0.807125
0.806332
0.806942
0.808026
0.806225
0.807903
0.806812
0.80547
0.806375
0.806561
0.807691
0.803786
0.805646
0.805746
0.80656
0.805844
0.809289
0.806546
0.806369
0.807865
0.804922
0.807188
0.806819
0.807611
0.804999
0.805341
0.806214
0.805987
0.807178
0.805834
0.804912
0.80678
0.805127
0.807877
0.807087
0.805414
0.805875
0.807334
0.805126
0.790191
0.806318
0.807585
0.805688
0.80725
0.80634
0.805521
0.805849
0.804896
0.805801
0.805363
0.805983
0.806631
0.807235
0.807184
0.806458
0.806808
0.806566
0.806373
0.805884
0.803739
0.807245
0.806349
0.806591
0.806921
0.806828
0.807142
0.805888
0.808213
0.804515
0.806577
0.80457
0.806598
0.805584
0.806588
0.806074
0.806395
0.805105
0.806581
0.805855
0.806592
0.80707
0.806142
0.804427
0.804439
0.80513
0.807267
0.806956
0.806782
0.807073
0.805086
0.808342
0.806249
0.806452
0.80439
0.806284
0.805396
0.805929
0.805375
0.806234
0.805998
0.804989
0.806827
0.805062
0.806559
0.807395
0.807824
0.805797
0.805508
0.806947
0.807637
0.805236
0.807694
0.806722
0.806214
0.80657
0.806481
0.808568
0.807921
0.805541
0.806122
0.805374
0.806009
0.806707
0.807092
0.806731
0.806838
0.807949
0.805153
0.806704
0.805034
0.805428
0.805965
0.80526
0.80894
0.807709
0.806332
0.806812
0.805413
0.805523
0.807458
0.805632
0.80735
0.806686
0.804692
0.806119
0.806971
0.804611
0.806172
0.807137
0.805662
0.806371
0.806047
0.806311
0.804978
0.804513
0.807502
0.806964
0.807273
0.807436
0.806283
0.806039
0.806972
0.806152
0.808297
0.805354
0.807414
0.805736
0.807724
0.805751
0.805121
0.80536
0.806889
0.806269
0.806514
0.804944
0.806414
0.807098
0.805156
0.806556
0.806119
0.807851
0.807146
0.805737
0.806746
0.80724
0.80617
0.805607
0.805846
0.804829
0.805572
0.806219
0.805172
0.80479
0.805839
0.806185
0.80751
0.80608
0.806205
0.805777
0.806771
0.806784
0.806919
0.805914
0.806742
0.806104
0.806643
0.805417
0.805409
0.806837
0.806887
0.80636
0.807147
0.805893
0.805629
0.807057
0.805842
0.806884
0.806143
0.8064
0.807545
0.805979
0.80594
0.808331
0.805087
0.806972
0.806574
0.807032
0.807489
0.805424
0.805983
0.808112
0.806424
0.806439
0.805271
0.806541
0.8064
0.807171
0.805385
0.806743
0.805662
0.806041
0.806366
0.80581
0.806296
0.805109
0.805327
0.806034
0.805803
0.804109
0.803991
0.805055
0.807035
0.806986
0.807336
0.806415
0.805104
0.807021
0.807162
0.807384
0.806458
0.807357
0.806277
0.804962
0.805733
0.805215
0.807277
0.805891
0.805769
0.806902
0.805944
0.805299
0.807903
0.806682
0.805879
0.806509
0.804611
0.807784
0.804528
0.805914
0.807114
0.80744
0.805908
0.804871
0.805568
0.804668
0.806652
0.805867
0.805301
0.805341
0.807162
0.806733
0.806094
0.804702
0.805122
0.804667
0.807486
0.805302
0.807174
0.807364
0.806041
0.806633
0.807075
0.805859
0.805348
0.805424
0.806897
0.807594
0.804687
0.805703
0.806839
0.808051
0.807488
0.806479
0.805316
0.806415
0.806005
0.805511
0.804123
0.806508
0.805553
0.80572
0.807409
0.804743
0.807357
0.80581
0.807407
0.807944
0.805589
0.805381
0.807601
0.804889
0.80666
0.805774
0.804839
0.806623
0.807611
0.807082
0.805168
0.806026
0.806147
0.805811
0.807411
0.804183
0.805845
0.806379
0.807008
0.805308
0.806188
0.804576
0.806023
0.805753
0.804561
0.806373
0.807442
0.806563
0.805579
0.805449
0.806183
0.805553
0.806998
0.804426
0.806311
0.807664
0.805763
0.807553
0.80661
0.80627
0.806874
0.80511
0.806693
0.809375
0.80632
0.806574
0.80573
0.805932
0.805237
0.804117
0.805273
0.808462
0.804886
0.80729
0.807324
0.805866
0.806609
0.805965
0.807127
0.806419
0.806258
0.806182
0.80548
0.805802
0.806018
0.806893
0.806686
0.806255
0.805493
0.806258
0.805683
0.806448
0.806733
0.806761
0.806477
0.806583
0.805214
0.804057
0.805757
0.806276
0.805466
0.807235
0.804378
0.805679
0.805587
0.805089
0.80748
0.805958
0.804865
0.805559
0.805164
0.806192
0.806327
0.806443
0.806474
0.803694
0.807417
0.806465
0.806957
0.807229
0.804488
0.806715
0.806235
0.805631
0.808287
0.806795
0.8049
0.806438
0.806877
0.804139
0.80544
0.805876
0.806109
0.807027
0.805794
0.807256
0.80608
0.805143
0.805744
0.80614
0.805531
0.805665
0.804472
0.806318
0.806429
0.805261
0.807773
0.805032
0.805894
0.804077
0.806696
0.803271
0.808388
0.805984
0.80534
0.80511
0.806052
0.80553
0.806686
0.804562
0.806058
0.805935
0.806165
0.807281
0.807146
0.808713
0.805849
0.8052
0.804577
0.807093
0.806781
0.806073
0.806341
0.805312
0.805904
0.806354
0.805507
0.80539
0.807005
0.804968
0.804794
0.804892
0.80679
0.805177
0.807092
0.807558
0.806683
0.806022
0.806014
0.805486
0.806951
0.805413
0.806411
0.806929
0.80635
0.807507
0.805329
0.804929
0.806119
0.804477
0.807733
0.806323
0.807894
0.806746
0.806935
0.806721
0.805972
0.806517
0.806062
0.805732
0.806186
0.806809
0.808147
0.806107
0.805256
0.807081
0.804944
0.806376
0.806008
0.806039
0.805495
0.806092
0.806165
0.806672
0.807514
0.805945
0.804106
0.804811
0.806054
0.803073
0.805706
0.809241
0.805465
0.806536
0.806422
0.80624
0.804805
0.805713
0.807272
0.80535
0.807751
0.807085
0.806072
0.806887
0.805683
0.806743
0.80693
0.805199
0.807741
0.806674
0.806355
0.805096
0.804761
0.805358
0.807055
0.805891
0.805627
0.805795
0.805174
0.808379
0.806195
0.805858
0.808835
0.806015
0.807521
0.806256
0.805456
0.806308
0.805744
0.807092
0.807928
0.807154
0.805827
0.808361
0.805877
0.804977
0.805109
0.80894
0.805073
0.806268
0.808116
0.806252
0.80711
0.805726
0.805784
0.80622
0.806497
0.805682
0.807079
0.806894
0.805587
0.806079
0.805955
0.807317
0.805687
0.806094
0.806164
0.806439
0.805628
0.80676
0.804644
0.805878
0.805282
0.804529
0.807501
0.80662
0.805909
0.804379
0.805513
0.80717
0.806731
0.807676
0.806696
0.805748
0.804154
0.805691
0.806035
0.806348
0.804669
0.806475
0.806122
0.805557
0.805293
0.807933
0.806083
0.80653
0.806515
0.80504
0.805657
0.806457
0.805337
0.806059
0.807321
0.806504
0.805471
0.80787
0.807278
0.805316
0.806447
0.806786
0.804303
0.806573
0.806358
0.805484
0.806055
0.80595
0.807056
0.804693
0.807837
0.807358
0.805629
0.805544
0.806946
0.806819
0.806765
0.805135
0.805509
0.804927
0.806154
0.806112
0.807758
0.806491
0.805495
0.805291
0.806384
0.809158
0.806897
0.804896
0.80563
0.805715
0.805112
0.80651
0.804763
0.805843
0.80768
0.804673
0.8074
0.80574
0.806758
0.806416
0.805748
0.807027
0.805517
0.806444
0.806263
0.806427
0.80613
0.80659
0.805055
0.805869
0.806342
0.806185
0.805955
0.80669
0.806337
0.807166
0.806151
0.803021
0.805022
0.806147
0.80681
0.805291
0.8053
0.804504
0.805462
0.805608
0.805056
0.806542
0.806871
0.805857
0.805719
0.803374
0.805298
0.805857
0.805488
0.80655
0.806168
0.806733
0.805678
0.807442
0.80622
0.806303
0.806766
0.806631
0.806422
0.806693
0.806531
0.805264
0.806761
0.805817
0.804392
0.806811
0.806741
0.806553
0.806624
0.804243
0.805273
0.806788
0.807249
0.80718
0.806788
0.805324
0.805432
0.805896
0.806873
0.805769
0.806469
0.806238
0.806281
0.805457
0.806531
0.806054
0.80458
0.806275
0.806106
0.804804
0.806373
0.805742
0.806105
0.807076
0.804736
0.806653
0.807544
0.80665
0.805519
0.806219
0.807661
0.807224
0.805667
0.805205
0.808133
0.805989
0.807041
0.807094
0.804727
0.806432
0.808245
0.804529
0.806895
0.806459
0.805378
0.808163
0.806479
0.807098
0.806275
0.805
0.805124
0.806264
0.806561
0.804699
0.804943
0.804154
0.805841
0.807762
0.806257
0.807276
0.805307
0.805158
0.807343
0.80625
0.806363
0.805549
0.804961
0.807424
0.807235
0.806906
0.805957
0.80706
0.807576
0.806538
0.806349
0.804286
0.806511
0.806395
0.806386
0.806392
0.80527
0.805939
0.808157
0.807255
0.806297
0.806219
0.807162
0.80722
0.805133
0.807733
0.805809
0.807258
0.806319
0.806689
0.805296
0.806024
0.807019
0.80866
0.807132
0.806144
0.80475
0.806098
0.80593
0.806855
0.805435
0.806124
0.80665
0.805776
0.805452
0.806407
0.808317
0.804625
0.805802
0.806002
0.804338
0.805318
0.806851
0.807522
0.804209
0.808231
0.80567
0.80564
0.806834
0.806807
0.807295
0.807194
0.807197
0.807814
0.80775
0.805652
0.806256
0.804841
0.807333
0.805755
0.804646
0.804864
0.805809
0.808744
0.804761
0.804862
0.806262
0.805099
0.806522
0.80614
0.806467
0.805105
0.806562
0.806794
0.806324
0.805259
0.807874
0.805608
0.807528
0.805201
0.806649
0.806242
0.808151
0.806734
0.806086
0.807397
0.805381
0.806523
0.804746
0.806758
0.805264
0.805732
0.806873
0.806975
0.80472
0.805526
0.806406
0.806352
0.806754
0.805353
0.805248
0.806875
0.804478
0.805151
0.804806
0.80663
0.806149
0.80625
0.806749
0.806649
0.805439
0.805534
0.805606
0.806167
0.805258
0.806631
0.806043
0.807432
0.804757
0.806674
0.806777
0.80877
0.806945
0.805402
0.806348
0.807506
0.805843
0.80939
0.804101
0.805413
0.80709
0.805446
0.807732
0.80895
0.808197
0.806238
0.806529
0.80527
0.806836
0.806372
0.806065
0.807094
0.804513
0.807445
0.807773
0.805834
0.806223
0.804796
0.805563
0.804176
0.806096
0.80722
0.804834
0.805059
0.8057
0.806588
0.805656
0.804434
0.805647
0.806015
0.805365
0.805407
0.80671
0.806095
0.805768
0.808842
0.80474
0.80602
0.805525
0.805954
0.807617
0.806992
0.806882
0.807127
0.806732
0.806581
0.806381
0.804257
0.807205
0.806332
0.805689
0.806884
0.806554
0.806796
0.806453
0.806907
0.805389
0.805754
0.805932
0.80681
0.806323
0.806847
0.806846
0.806958
0.806894
0.806343
0.807164
0.805533
0.806962
0.805012
0.806649
0.805229
0.8062
0.806036
0.805124
0.808253
0.807368
0.806789
0.805546
0.805818
0.80482
0.805522
0.80549
0.805811
0.805509
0.805854
0.807273
0.806562
0.805988
0.806967
0.805583
0.805228
0.804658
0.80632
0.806684
0.805224
0.80519
0.80616
0.806914
0.80716
0.806035
0.805686
0.805401
0.804757
0.804592
0.806721
0.805825
0.804106
0.806174
0.806977
0.806606
0.806043
0.807593
0.805744
0.806468
0.805914
0.805819
0.806573
0.807999
0.804811
0.806722
0.805917
0.806446
0.807471
0.806455
0.806015
0.806267
0.806362
0.808074
0.805124
0.805778
0.805681
0.805797
0.806927
0.80701
0.807048
0.805343
0.807816
0.805389
0.808732
0.806129
0.806129
0.806195
0.804766
0.806378
0.806076
0.804783
0.805189
0.807195
0.807235
0.805548
0.804742
0.80887
0.807183
0.804481
0.808222
0.805969
0.805848
0.805347
0.804977
0.807183
0.804462
0.805581
0.806716
0.806892
0.805351
0.806999
0.808548
0.804828
0.805843
0.806376
0.807107
0.805726
0.807702
0.807409
0.807558
0.804895
0.805704
0.807235
0.805944
0.806279
0.80727
0.807317
0.80488
0.804915
0.808157
0.805275
0.804687
0.806108
0.807852
0.807725
0.806631
0.806097
0.807703
0.804994
0.807242
0.806553
0.806529
0.808105
0.80556
0.807749
0.806983
0.807772
0.8068
0.805852
0.80661
0.806302
0.805854
0.805517
0.804779
0.807283
0.804881
0.806989
0.805315
0.805545
0.805786
0.80756
0.806723
0.806008
0.804596
0.80755
0.805896
0.805974
0.806395
0.80494
0.805993
0.806796
0.807957
0.806673
0.805756
0.80601
0.808678
0.805572
0.806322
0.806448
0.806066
0.806698
0.806235
0.807167
0.807076
0.807563
0.806342
0.805922
0.805297
0.806969
0.80604
0.805105
0.806879
0.805875
0.805836
0.806567
0.805647
0.805626
0.806123
0.806237
0.805752
0.807428
0.806583
0.806168
0.807042
0.80685
0.806454
0.807262
0.804798
0.806614
0.805188
0.806355
0.805971
0.806628
0.807661
0.805222
0.807076
0.808174
0.805822
0.807418
0.805698
0.805066
0.805869
0.807379
0.805499
0.805642
0.805027
0.805305
0.805199
0.805974
0.806705
0.80856
0.807098
0.806728
0.806855
0.806905
0.806857
0.804953
0.807231
0.805801
0.806844
0.805119
0.806359
0.805254
0.806767
0.803847
0.807995
0.805308
0.806221
0.805575
0.806458
0.805603
0.805324
0.804783
0.808258
0.806805
0.805773
0.806867
0.804568
0.806344
0.805423
0.805807
0.806408
0.806562
0.804828
0.805553
0.805882
0.807396
0.806433
0.80582
0.80616
0.806221
0.806064
0.804814
0.806395
0.807088
0.80579
0.806172
0.805799
0.807737
0.804952
0.805846
0.807812
0.805491
0.806113
0.805656
0.803757
0.805453
0.805571
0.807345
0.8054
0.807131
0.805929
0.808593
0.80685
0.80664
0.805723
0.805815
0.807346
0.804119
0.805654
0.805428
0.806603
0.807696
0.805623
0.806451
0.804087
0.806611
0.805243
0.806776
0.806649
0.805687
0.805901
0.806564
0.808657
0.806151
0.806302
0.80592
0.806181
0.806965
0.807982
0.806593
0.807365
0.806323
0.806481
0.804251
0.805278
0.807111
0.805683
0.80886
0.808246
0.805776
0.80667
0.80627
0.808176
0.806091
0.807651
0.806533
0.80645
0.80434
0.807036
0.806195
0.805002
0.807231
0.806195
0.80602
0.80657
0.805767
0.803909
0.806552
0.806914
0.806453
0.805342
0.804458
0.80469
0.805746
0.805598
0.804773
0.806818
0.806895
0.80606
0.808523
0.806978
0.80589
0.80725
0.805119
0.805805
0.804393
0.805447
0.807092
0.807126
0.807856
0.806661
0.807445
0.805675
0.805438
0.806539
0.805671
0.806622
0.807145
0.807004
0.807108
0.806773
0.805958
0.805444
0.805679
0.806415
0.80831
0.805837
0.806976
0.807215
0.806075
0.804815
0.807606
0.805617
0.805415
0.80501
0.806205
0.805999
0.804435
0.807697
0.806031
0.805591
0.805304
0.807107
0.806681
0.804828
0.806699
0.806311
0.805818
0.804546
0.807237
0.805278
0.806319
0.806041
0.803737
0.805165
0.806206
0.808085
0.805881
0.804035
0.806793
0.807709
0.80665
0.80642
0.805834
0.803684
0.806229
0.80485
0.80629
0.807012
0.807414
0.805511
0.80457
0.807878
0.806638
0.806711
0.805387
0.807943
0.805263
0.807593
0.80721
0.807354
0.806203
0.805658
0.804896
0.805811
0.805442
0.804856
0.805722
0.807088
0.806834
0.8064
0.807836
0.806091
0.807037
0.806101
0.807033
0.806142
0.80606
0.806077
0.808644
0.806361
0.806223
0.807446
0.805716
0.805085
0.804788
0.805837
0.80654
0.805819
0.807084
0.806439
0.803996
0.806153
0.805803
0.804576
0.805723
0.807649
0.805292
0.806709
0.807138
0.806214
0.805852
0.805155
0.80559
0.805737
0.806384
0.807054
0.805645
0.806085
0.806553
0.80307
0.80543
0.806647
0.806398
0.80685
0.804633
0.805288
0.807223
0.806837
0.806346
0.807363
0.807392
0.805819
0.806729
0.806849
0.805604
0.805363
0.805077
0.807956
0.805727
0.806236
0.806294
0.805519
0.807454
0.804786
0.805564
0.8068
0.806129
0.80697
0.807095
0.805323
0.804746
0.805888
0.807519
0.804718
0.804711
0.806496
0.806712
0.807688
0.807385
0.806749
0.806263
0.805755
0.805254
0.806046
0.807239
0.807072
0.807584
0.807782
0.805059
0.806554
0.8046
0.805784
0.806985
0.806259
0.805647
0.808106
0.806374
0.806026
0.807607
0.80646
0.806283
0.803076
0.805593
0.806628
0.80779
0.806395
0.807207
0.805222
0.80581
0.807705
0.804626
0.806084
0.804312
0.806135
0.806181
0.805437
0.80486
0.807278
0.806222
0.807085
0.805402
0.805058
0.8054
0.806473
0.806411
0.804973
0.80512
0.807641
0.805771
0.806753
0.807086
0.806226
0.802815
0.806061
0.80667
0.805601
0.804965
0.808244
0.805299
0.805476
0.807665
0.806578
0.806744
0.807237
0.80731
0.806569
0.807638
0.805921
0.805982
0.805157
0.804999
0.805703
0.806343
0.805707
0.807273
0.806144
0.80455
0.804875
0.805628
0.804569
0.805174
0.805319
0.805103
0.805558
0.806463
0.805927
0.805662
0.805628
0.806861
0.805204
0.805337
0.804366
0.807186
0.805904
0.80473
0.807681
0.808773
0.805966
0.8048
0.808115
0.806342
0.805204
0.806129
0.805063
0.805887
0.806182
0.805808
0.807134
0.805622
0.80373
0.80477
0.80526
0.806258
0.806896
0.805752
0.805107
0.805034
0.80473
0.806738
0.805846
0.806006
0.804686
0.80747
0.80596
0.807591
0.805188
0.805317
0.807136
0.804958
0.806711
0.806896
0.806395
0.805862
0.807162
0.80748
0.804917
0.806952
0.807271
0.80647
0.805532
0.806541
0.80715
0.805739
0.805678
0.806675
0.806883
0.804553
0.80734
0.804944
0.806769
0.807414
0.806821
0.807193
0.80682
0.807479
0.804142
0.806532
0.805768
0.80754
0.804842
0.807564
0.806921
0.805674
0.807748
0.805082
0.805496
0.806691
0.805321
0.805393
0.809184
0.805157
0.806903
0.805343
0.806569
0.808121
0.808581
0.806059
0.807909
0.806258
0.806531
0.809052
0.805731
0.806269
0.805995
0.805715
0.806299
0.807092
0.804936
0.808285
0.809159
0.805277
0.803671
0.806024
0.803943
0.805653
0.805523
0.80554
0.807957
0.806698
0.805258
0.806118
0.806657
0.806478
0.804612
0.807237
0.804844
0.805999
0.80508
0.806093
0.807049
0.806137
0.806502
0.804785
0.805951
0.804332
0.806567
0.806236
0.80564
0.805623
0.807627
0.805541
0.80463
0.805171
0.807248
0.807525
0.806496
0.805824
0.807392
0.805705
0.804977
0.805147
0.8057
0.805878
0.805939
0.806635
0.807787
0.806462
0.805746
0.806021
0.805468
0.807148
0.805884
0.806231
0.807061
0.805448
0.806298
0.806023
0.806969
0.806396
0.80663
0.806173
0.807299
0.806031
0.806762
0.805369
0.807065
0.806484
0.806203
0.806548
0.805848
0.805592
0.80587
0.807739
0.805839
0.806728
0.806025
0.80657
0.805272
0.80666
0.80645
0.807089
0.805394
0.805313
0.807261
0.807599
0.805792
0.803962
0.806894
0.806039
0.805284
0.805965
0.806196
0.804264
0.805192
0.806521
0.805591
0.806162
0.806813
0.807722
0.805938
0.805952
0.804735
0.807032
0.803973
0.806636
0.805269
0.806509
0.805106
0.805869
0.805332
0.805556
0.804576
0.805781
0.805784
0.805542
0.806908
0.805481
0.808073
0.806746
0.804874
0.805908
0.804271
0.805934
0.807001
0.806709
0.80573
0.805983
0.805891
0.803051
0.806045
0.806566
0.805283
0.804886
0.805435
0.80645
0.805759
0.806912
0.8054
0.805711
0.806531
0.805586
0.805557
0.806382
0.804584
0.805002
0.807478
0.804929
0.805104
0.806782
0.806806
0.806994
0.805903
0.806302
0.80471
0.805445
0.807168
0.805227
0.806838
0.807512
0.806432
0.806303
0.804236
0.806271
0.808782
0.806732
0.807207
0.805063
0.804761
0.805404
0.808716
0.807177
0.805521
0.806104
0.806669
0.805907
0.804854
0.80703
0.806357
0.806816
0.806389
0.805418
0.806351
0.806241
0.807367
0.806345
0.80555
0.805054
0.807425
0.804857
0.807544
0.806475
0.807302
0.806581
0.805353
0.807766
0.806441
0.803972
0.807722
0.806046
0.806312
0.805807
0.806586
0.804454
0.804497
0.806306
0.805964
0.806134
0.80679
0.806823
0.806212
0.806498
0.804414
0.806456
0.807504
0.805334
0.806148
0.805794
0.806186
0.808169
0.806635
0.808007
0.806915
0.805451
0.804868
0.807491
0.805165
0.807125
0.806525
0.806917
0.805174
0.808259
0.806685
0.805524
0.807018
0.806286
0.806712
0.805752
0.807111
0.806284
0.80583
0.805509
0.804568
0.806877
0.806601
0.807576
0.80657
0.808476
0.806941
0.804986
0.806495
0.807261
0.806124
0.80653
0.806292
0.80718
0.806995
0.806984
0.806443
0.808241
0.805925
0.806417
0.805948
0.807454
0.808059
0.807177
0.805501
0.80626
0.806567
0.806109
0.80332
0.807724
0.806527
0.805384
0.806769
0.804965
0.807071
0.808706
0.804592
0.805359
0.806418
0.806965
0.805647
0.806904
0.80662
0.805521
0.805899
0.806647
0.808714
0.80721
0.804434
0.805045
0.804822
0.805724
0.805587
0.80564
0.807974
0.805575
0.805336
0.806574
0.805531
0.807079
0.806944
0.806594
0.806927
0.804585
0.808241
0.806773
0.805685
0.807977
0.805457
0.806988
0.807114
0.807538
0.805341
0.806389
0.806094
0.806181
0.807276
0.807213
0.805539
0.806549
0.807122
0.807184
0.807107
0.805303
0.806069
0.806866
0.806696
0.805336
0.80671
0.807067
0.807292
0.806855
0.805861
0.807657
0.805566
0.807493
0.805976
0.806138
0.806409
0.805342
0.805496
0.806137
0.805434
0.806372
0.805486
0.806903
0.806288
0.806492
0.807175
0.805579
0.806446
0.805914
0.806011
0.807014
0.804375
0.804932
0.806487
0.806963
0.80631
0.80683
0.806238
0.806221
0.805883
0.80491
0.805194
0.806819
0.805543
0.806534
0.805454
0.805485
0.80749
0.806422
0.806911
0.806311
0.805462
0.806372
0.807728
0.805952
0.807086
0.807689
0.804324
0.804146
0.805818
0.8066
0.806611
0.808501
0.806913
0.806202
0.805024
0.806664
0.804731
0.805281
0.805087
0.804358
0.806388
0.80564
0.805386
0.804544
0.807636
0.807017
0.806017
0.805836
0.807908
0.806184
0.806156
0.806059
0.807236
0.806599
0.805626
0.805668
0.806348
0.806977
0.805702
0.805829
0.806826
0.807159
0.805646
0.803973
0.807319
0.805537
0.806896
0.806667
0.806888
0.808182
0.806056
0.80885
0.805784
0.80588
0.805431
0.806792
0.804193
0.806251
0.807153
0.806885
0.805786
0.805739
0.806229
0.807128
0.807101
0.807089
0.805154
0.807046
0.804815
0.805249
0.805209
0.806058
0.805394
0.805486
0.807167
0.805814
0.806217
0.807892
0.805694
0.805702
0.805005
0.806097
0.806089
0.80634
0.806067
0.807201
0.804813
0.80575
0.806224
0.805087
0.80597
0.807655
0.805732
0.805939
0.806575
0.806616
0.805457
0.808242
0.80665
0.806839
0.806335
0.805985
0.805632
0.805384
0.80828
0.806528
0.806257
0.805435
0.806185
0.805897
0.806647
0.807476
0.805854
0.804188
0.806738
0.805913
0.805995
0.807021
0.806476
0.806495
0.806889
0.805623
0.807075
0.80551
0.807539
0.807376
0.805494
0.806328
0.807825
0.806036
0.8058
0.80543
0.806615
0.806124
0.807572
0.806192
0.805559
0.807496
0.805622
0.805243
0.805846
0.807762
0.805344
0.807205
0.8052
0.805808
0.807839
0.807047
0.805142
0.807593
0.807988
0.805625
0.807907
0.807085
0.805304
0.805979
0.80825
0.805961
0.805619
0.80526
0.80556
0.807248
0.806075
0.807655
0.807082
0.805937
0.806051
0.805569
0.807096
0.806129
0.805844
0.805167
0.805203
0.80637
0.805243
0.805319
0.806344
0.80642
0.808081
0.80642
0.806033
0.80639
0.806844
0.80678
0.805216
0.80663
0.806775
0.806164
0.808789
0.807491
0.80645
0.805517
0.805391
0.80624
0.806951
0.80651
0.804912
0.806681
0.807082
0.806463
0.805474
0.807426
0.805758
0.805475
0.806907
0.806973
0.807843
0.805682
0.804499
0.805729
0.807041
0.809443
0.808253
0.805591
0.805226
0.807023
0.804346
0.808217
0.805077
0.807177
0.806531
0.806547
0.807567
0.805614
0.806806
0.807117
0.804267
0.806864
0.808163
0.804413
0.804834
0.805619
0.803891
0.806326
0.807378
0.805345
0.806631
0.807951
0.805776
0.804482
0.806406
0.806383
0.80574
0.803937
0.80602
0.805862
0.806311
0.806508
0.806744
0.806845
0.806493
0.806875
0.80577
0.805421
0.806557
0.805727
0.80545
0.8051
0.805311
0.807508
0.807167
0.806513
0.806363
0.806913
0.807076
0.806823
0.805894
0.808061
0.807475
0.805542
0.80644
0.805671
0.805761
0.805297
0.804622
0.806818
0.806449
0.806319
0.804711
0.807539
0.804139
0.808959
0.80562
0.806352
0.805422
0.806796
0.807543
0.805215
0.804543
0.80444
0.807455
0.804212
0.805139
0.805907
0.806039
0.805847
0.806459
0.804754
0.808788
0.806613
0.803639
0.806951
0.804452
0.806363
0.80575
0.807365
0.806292
0.807053
0.807033
0.806989
0.805497
0.804955
0.805256
0.806665
0.806023
0.805193
0.805436
0.80658
0.807388
0.806597
0.80518
0.807198
0.807145
0.805104
0.806234
0.804826
0.806662
0.80606
0.805234
0.80636
0.808538
0.806691
0.806313
0.803761
0.806782
0.806442
0.80601
0.80424
0.806431
0.806574
0.806622
0.8089
0.804838
0.80535
0.803982
0.806385
0.806356
0.805576
0.805512
0.806361
0.80556
0.806383
0.805003
0.808039
0.805588
0.804153
0.806669
0.807999
0.807078
0.807817
0.809051
0.808108
0.807154
0.807033
0.804878
0.806358
0.805626
0.808209
0.806962
0.808079
0.805606
0.804656
0.805817
0.808013
0.805942
0.805807
0.806076
0.804174
0.805841
0.806306
0.806458
0.806899
0.807955
0.808258
0.807724
0.806236
0.80413
0.80596
0.80523
0.80674
0.806924
0.806569
0.805821
0.806834
0.80609
0.805491
0.806517
0.804337
0.806888
0.805329
0.807154
0.806184
0.806746
0.807325
0.804621
0.807467
0.806747
0.805422
0.804464
0.804651
0.806501
0.807236
0.806497
0.805961
0.807541
0.805269
0.806458
0.80789
0.807469
0.804544
0.804603
0.805625
0.806923
0.806151
0.807977
0.806695
0.805703
0.805348
0.80506
0.80623
0.805402
0.808441
0.803809
0.806302
0.806847
0.806708
0.805683
0.805945
0.806213
0.806305
0.805693
0.805152
0.805638
0.806024
0.804581
0.807346
0.806048
0.805178
0.807307
0.805859
0.805927
0.805239
0.807616
0.80787
0.806002
0.80708
0.807515
0.805342
0.805603
0.807638
0.806146
0.807437
0.804469
0.80611
0.806621
0.805773
0.804509
0.808062
0.809117
0.806455
0.807716
0.806316
0.804376
0.806493
0.807433
0.806297
0.808443
0.806904
0.804969
0.806146
0.804771
0.805376
0.805825
0.805771
0.805966
0.805791
0.806741
0.80563
0.806275
0.803543
0.803603
0.808877
0.807822
0.805168
0.806956
0.807109
0.806328
0.806247
0.809414
0.804197
0.804457
0.805556
0.807212
0.807245
0.805265
0.805781
0.807096
0.807139
0.806113
0.806254
0.805235
0.807486
0.808079
0.806914
0.805842
0.806383
0.807422
0.805384
0.804549
0.806744
0.80452
0.807704
0.80813
0.807108
0.806538
0.807244
0.80729
0.805496
0.804868
0.80737
0.807019
0.807794
0.806097
0.805316
0.807106
0.805314
0.807644
0.807954
0.807459
0.807111
0.805541
0.807051
0.805687
0.806687
0.806779
0.806082
0.805233
0.804835
0.806862
0.807511
0.806958
0.804101
0.805925
0.805644
0.806894
0.806033
0.806115
0.807937
0.805452
0.804269
0.805314
0.805178
0.808189
0.804996
0.807061
0.803855
0.806867
0.807123
0.806865
0.80541
0.803935
0.806577
0.805574
0.805729
0.806248
0.805043
0.808121
0.805567
0.805813
0.807306
0.805603
0.806667
0.806281
0.809099
0.806119
0.806994
0.8054
0.806523
0.807138
0.806828
0.805659
0.807013
0.807755
0.804462
0.807171
0.805967
0.804769
0.805354
0.807082
0.804807
0.804613
0.806338
0.806151
0.808468
0.80535
0.805973
0.806095
0.805707
0.805164
0.806495
0.806866
0.806325
0.806222
0.807967
0.804815
0.805132
0.806384
0.806712
0.805997
0.80562
0.808201
0.80556
0.807047
0.805896
0.805859
0.806596
0.806728
0.805724
0.805391
0.807028
0.806849
0.807465
0.806814
0.806359
0.806179
0.806194
0.807343
0.805183
0.806727
0.807044
0.804935
0.807497
0.806538
0.806167
0.806656
0.806915
0.807502
0.805663
0.8056
0.80583
0.805899
0.805464
0.807482
0.804121
0.806902
0.807399
0.806055
0.807317
0.807429
0.807161
0.807199
0.80677
0.806829
0.804407
0.804327
0.805507
0.80601
0.806982
0.805532
0.807326
0.807089
0.80764
0.806459
0.800646
0.806803
0.805483
0.808086
0.806251
0.807893
0.805885
0.805832
0.806116
0.80513
0.806072
0.806949
0.807344
0.8069
0.805941
0.806559
0.80537
0.807897
0.804312
0.805944
0.804633
0.806651
0.805619
0.807717
0.806601
0.804834
0.805632
0.807416
0.805922
0.805339
0.805647
0.806808
0.804999
0.805966
0.806121
0.80622
0.804808
0.805509
0.805754
0.805567
0.805793
0.80694
0.806355
0.804835
0.807639
0.807738
0.806309
0.808153
0.805738
0.805625
0.805024
0.80622
0.804759
0.805938
0.805982
0.807071
0.807013
0.80466
0.805299
0.804462
0.807286
0.806124
0.805949
0.805684
0.806266
0.807379
0.805656
0.804785
0.806113
0.805545
0.806017
0.807166
0.806067
0.80699
0.806201
0.807977
0.806044
0.806435
0.805406
0.804215
0.806687
0.806054
0.804749
0.805178
0.806983
0.805755
0.805435
0.807096
0.80488
0.804724
0.807231
0.807827
0.807523
0.808822
0.808458
0.805531
0.807668
0.804395
0.806249
0.80658
0.805524
0.805325
0.805349
0.806817
0.806019
0.805369
0.806316
0.806387
0.807451
0.809053
0.805942
0.80553
0.805638
0.808376
0.805063
0.805338
0.804974
0.805139
0.806181
0.805541
0.80753
0.805991
0.807066
0.805509
0.806914
0.805794
0.807318
0.804609
0.807692
0.804533
0.806978
0.80798
0.806546
0.806402
0.80718
0.806974
0.805849
0.807688
0.807156
0.805931
0.807934
0.806984
0.805655
0.805836
0.806423
0.806675
0.807638
0.80649
0.804885
0.808001
0.806244
0.806616
0.806809
0.807301
0.808481
0.805413
0.806257
0.806157
0.806431
0.805455
0.805484
0.806188
0.807194
0.805662
0.805392
0.806991
0.807246
0.805892
0.804801
0.804935
0.805249
0.804802
0.805975
0.804056
0.806497
0.805926
0.807722
0.805771
0.806466
0.805651
0.806867
0.8049
0.807895
0.806945
0.807688
0.805326
0.807518
0.804235
0.804941
0.805534
0.805548
0.805784
0.806007
0.805956
0.805318
0.804729
0.808551
0.80561
0.805716
0.806813
0.807149
0.805281
0.805599
0.80767
0.805787
0.804498
0.807609
0.806072
0.8035
0.805045
0.807954
0.80787
0.80534
0.806842
0.808173
0.806412
0.805851
0.806032
0.804911
0.805155
0.80711
0.808012
0.806124
0.804744
0.805704
0.806322
0.807277
0.807365
0.806032
0.806274
0.806821
0.805972
0.807438
0.803683
0.806827
0.805807
0.806996
0.806218
0.806594
0.806392
0.805636
0.806811
0.806412
0.806161
0.804686
0.806986
0.806792
0.8057
0.807931
0.805965
0.804581
0.804995
0.805959
0.805957
0.806279
0.806188
0.806629
0.805416
0.805025
0.805044
0.806057
0.806854
0.805611
0.806547
0.805733
0.804832
0.807288
0.805394
0.808435
0.805937
0.807445
0.806465
0.809094
0.80656
0.806357
0.804211
0.803314
0.806228
0.808508
0.806344
0.805453
0.806929
0.805102
0.804281
0.806497
0.805208
0.805558
0.805677
0.805575
0.806887
0.805771
0.805999
0.807301
0.805827
0.806373
0.80663
0.806977
0.805804
0.807399
0.806928
0.806097
0.80632
0.807945
0.806898
0.805884
0.806106
0.804493
0.807272
0.806189
0.805921
0.805169
0.806255
0.808673
0.806827
0.80388
0.806008
0.806585
0.807763
0.806404
0.804399
0.806304
0.805361
0.806722
0.805397
0.806189
0.806148
0.805512
0.80559
0.806453
0.80711
0.806369
0.807308
0.805555
0.805671
0.806419
0.80735
0.807679
0.806022
0.805538
0.806099
0.805326
0.806032
0.8079
0.805401
0.807453
0.806648
0.804225
0.805743
0.806419
0.806597
0.805684
0.804947
0.805824
0.806941
0.804687
0.807171
0.805512
0.808047
0.806904
0.805775
0.806622
0.806058
0.807357
0.806698
0.806996
0.806148
0.806202
0.805211
0.804108
0.806552
0.806402
0.807528
0.806477
0.805894
0.805655
0.804717
0.805579
0.805479
0.807756
0.805484
0.807708
0.804406
0.806489
0.806773
0.805926
0.807361
0.807803
0.806664
0.80673
0.805466
0.806836
0.805822
0.806007
0.806073
0.806259
0.804826
0.805196
0.80714
0.807928
0.806224
0.804677
0.806007
0.807741
0.805432
0.806018
0.80522
0.804192
0.805351
0.806089
0.806301
0.80717
0.806276
0.807452
0.80776
0.806928
0.807344
0.80683
0.80638
0.805081
0.807429
0.806594
0.806971
0.805769
0.804149
0.807115
0.806709
0.806744
0.806716
0.808392
0.805766
0.806455
0.806905
0.806851
0.806679
0.80767
0.806773
0.806169
0.806709
0.807096
0.806257
0.80656
0.806523
0.805076
0.806111
0.805199
0.806404
0.805939
0.806292
0.805676
0.805133
0.805554
0.807034
0.808377
0.805548
0.806199
0.80618
0.8072
0.80568
0.805525
0.80732
0.803529
0.80705
0.806699
0.80543
0.803891
0.806075
0.806515
0.806116
0.805157
0.805826
0.806556
0.806807
0.805014
0.806065
0.805459
0.807746
0.808303
0.806447
0.80399
0.806817
0.80597
0.807785
0.805572
0.806841
0.806132
0.805505
0.807541
0.805559
0.805529
0.806981
0.806726
0.807895
0.806782
0.807528
0.805195
0.806035
0.806058
0.804523
0.806265
0.805369
0.807219
0.805121
0.806522
0.806983
0.805516
0.806007
0.807067
0.806957
0.805752
0.805005
0.805013
0.805191
0.807288
0.806803
0.805574
0.807769
0.807912
0.80589
0.805502
0.806694
0.805398
0.807131
0.806989
0.804794
0.808734
0.808091
0.807038
0.806855
0.806217
0.804604
0.804584
0.807116
0.80557
0.8067
0.806627
0.806413
0.805677
0.807547
0.806342
0.806315
0.806623
0.806219
0.806598
0.806055
0.806067
0.807766
0.804664
0.805672
0.806455
0.805761
0.80664
0.804106
0.805801
0.807703
0.80513
0.806078
0.806492
0.805805
0.806915
0.804053
0.805016
0.805508
0.806719
0.805924
0.80598
0.80572
0.805874
0.80513
0.805823
0.807477
0.807065
0.807335
0.806061
0.806116
0.806855
0.805209
0.808113
0.806102
0.807647
0.804231
0.805656
0.806272
0.805533
0.80603
0.806575
0.806556
0.805726
0.807507
0.805184
0.806815
0.805984
0.805975
0.804744
0.80574
0.808136
0.805437
0.806987
0.805737
0.806261
0.805723
0.806177
0.805053
0.805188
0.804936
0.806756
0.807167
0.804227
0.807313
0.806444
0.806062
0.806654
0.806014
0.805571
0.805303
0.805669
0.806455
0.804679
0.805868
0.806649
0.804202
0.80815
0.806987
0.804918
0.806495
0.806582
0.805604
0.80495
0.804917
0.807417
0.805202
0.804529
0.804456
0.806915
0.807687
0.807111
0.805342
0.805923
0.80564
0.806938
0.805446
0.80499
0.806872
0.806804
0.804809
0.806398
0.806149
0.80576
0.807673
0.804779
0.806834
0.806536
0.806385
0.806686
0.810064
0.809074
0.807127
0.805958
0.804263
0.806853
0.804712
0.807396
0.805669
0.805916
0.807229
0.805702
0.805312
0.806897
0.807589
0.806905
0.808469
0.80571
0.806522
0.805785
0.805573
0.807259
0.80548
0.804695
0.804974
0.807345
0.806458
0.804668
0.80695
0.80771
0.80681
0.804984
0.805335
0.80618
0.806614
0.807277
0.805957
0.808583
0.805459
0.808058
0.806964
0.805759
0.8072
0.806487
0.806308
0.805387
0.805358
0.806538
0.804461
0.804919
0.806313
0.8057
0.804947
0.808006
0.806329
0.805411
0.806104
0.806074
0.805512
0.807441
0.80715
0.805629
0.805256
0.806513
0.80605
0.804253
0.806556
0.805243
0.80412
0.806292
0.806974
0.806505
0.806725
0.806051
0.806145
0.80698
0.805769
0.806999
0.806345
0.806691
0.80751
0.807067
0.806218
0.806649
0.807946
0.806501
0.803309
0.806814
0.806382
0.807213
0.807587
0.807439
0.806278
0.805398
0.80548
0.807392
0.803658
0.805959
0.806281
0.806834
0.807097
0.806538
0.805945
0.805597
0.80596
0.805165
0.806725
0.807901
0.805035
0.805939
0.806876
0.805869
0.806775
0.806941
0.806175
0.8051
0.805864
0.80602
0.80573
0.807631
0.805438
0.807937
0.806422
0.807781
0.807324
0.804093
0.804598
0.805909
0.80548
0.804468
0.806514
0.806415
0.805311
0.806463
0.807174
0.806661
0.80514
0.80606
0.804933
0.80752
0.807064
0.806626
0.80626
0.806324
0.804296
0.804826
0.807494
0.805644
0.80441
0.807173
0.807265
0.806544
0.805712
0.807544
0.805753
0.805568
0.806738
0.806304
0.806198
0.80415
0.807371
0.80664
0.805604
0.804948
0.806571
0.807841
0.806256
0.806672
0.807269
0.807504
0.804805
0.805293
0.805628
0.80543
0.807893
