0.835343
0.836909
0.823922
0.834331
0.828949
0.824468
0.83069
0.82289
0.827886
0.835782
0.822986
0.837409
0.830721
0.820909
0.828233
0.823997
0.822818
0.825845
0.832518
0.825899
0.823574
0.837063
0.820823
0.834557
0.827708
0.8361
0.822067
0.834145
0.820301
0.81942
0.818633
0.830781
0.832873
0.832887
0.833986
0.828243
0.820734
0.834425
0.826832
0.827722
0.821247
0.832985
0.82999
0.82887
0.835725
0.829726
0.826661
0.828579
0.821952
0.825241
0.828889
0.826728
0.832327
0.82553
0.843006
0.831628
0.838015
0.835227
0.832044
0.833301
0.832182
0.833955
0.832351
0.829184
0.834269
0.827306
0.82832
0.831155
0.835033
0.824574
0.834007
0.828204
0.837605
0.828892
0.832359
0.833378
0.829452
0.835016
0.830188
0.837753
0.823396
0.832206
0.834244
0.826647
0.823642
0.823185
0.826381
0.828414
0.838152
0.814566
0.82436
0.830398
0.823379
0.833806
0.83119
0.830672
0.821486
0.831507
0.826086
0.82772
0.836854
0.818753
0.836027
0.835164
0.822683
0.82824
0.829898
0.824079
0.832853
0.822511
0.833325
0.827829
0.837427
0.832403
0.825878
0.828158
0.818025
0.825941
0.827144
0.827783
0.82047
0.827438
0.830007
0.825593
0.838805
0.831968
0.83636
0.830985
0.832106
0.832832
0.827324
0.828377
0.831762
0.823086
0.822513
0.821086
0.833756
0.834889
0.828623
0.815893
0.823969
0.828837
0.837476
0.824869
0.834713
0.828185
0.844009
0.826166
0.832677
0.822997
0.832354
0.821861
0.822951
0.831341
0.831607
0.837227
0.820452
0.827522
0.827818
0.824435
0.822075
0.824282
0.831865
0.825687
0.83017
0.821967
0.826005
0.833281
0.823562
0.829521
0.826732
0.832713
0.846458
0.819158
0.837165
0.835452
0.83218
0.834158
0.826552
0.824617
0.82544
0.827834
0.825716
0.832408
0.825204
0.831778
0.828397
0.81712
0.833327
0.840836
0.829923
0.82905
0.831802
0.826145
0.819143
0.818184
0.826562
0.823204
0.833981
0.826523
0.8292
0.833496
0.831211
0.828461
0.825144
0.832339
0.827077
0.818921
0.831852
0.833094
0.822208
0.828041
0.834061
0.832076
0.827502
0.823947
0.831423
0.817974
0.822925
0.826806
0.834082
0.828583
0.829038
0.829972
0.836967
0.828241
0.832561
0.831479
0.836487
0.838103
0.834962
0.831699
0.824206
0.826235
0.834258
0.829158
0.837914
0.833641
0.834227
0.837536
0.826472
0.832794
0.832545
0.831356
0.830527
0.830891
0.831223
0.83259
0.826068
0.829711
0.828332
0.829567
0.824993
0.831648
0.833645
0.826497
0.826198
0.828157
0.823219
0.835993
0.818362
0.826556
0.823153
0.823283
0.824444
0.827366
0.832511
0.83035
0.822625
0.827099
0.829028
0.831687
0.825332
0.828258
0.83177
0.833318
0.829402
0.82808
0.829057
0.831097
0.821494
0.828052
0.829616
0.840718
0.832791
0.82361
0.834202
0.823035
0.837054
0.831243
0.830543
0.833651
0.829196
0.832022
0.82627
0.830619
0.826767
0.829757
0.828601
0.834803
0.824831
0.823825
0.836264
0.82927
0.839106
0.839578
0.837377
0.831128
0.834034
0.833021
0.830036
0.825744
0.817425
0.834456
0.834188
0.825282
0.819289
0.829756
0.82119
0.832842
0.826522
0.827162
0.832597
0.830489
0.835186
0.829745
0.832775
0.829964
0.823588
0.838621
0.828364
0.830716
0.824459
0.826773
0.838779
0.839361
0.833766
0.82993
0.824148
0.829862
0.821674
0.831138
0.825811
0.825274
0.819228
0.830808
0.833004
0.825695
0.823684
0.834158
0.831373
0.837424
0.83523
0.823803
0.829014
0.828263
0.829633
0.836688
0.827445
0.829692
0.83634
0.83579
0.831069
0.830081
0.827703
0.826171
0.818796
0.824273
0.829646
0.834453
0.830751
0.825642
0.825655
0.831231
0.830199
0.83231
0.833138
0.828588
0.833537
0.820471
0.824517
0.830938
0.827651
0.822473
0.8328
0.823915
0.825522
0.827274
0.836419
0.831367
0.837324
0.832717
0.828211
0.831375
0.827707
0.819201
0.823736
0.815404
0.825805
0.838549
0.840267
0.829619
0.829799
0.831419
0.828683
0.824143
0.826037
0.829272
0.824752
0.825373
0.832726
0.822006
0.827346
0.843639
0.831021
0.833138
0.828882
0.827739
0.82019
0.826619
0.827355
0.835287
0.820259
0.824087
0.823886
0.833495
0.819559
0.824155
0.836702
0.828598
0.834472
0.828461
0.83615
0.83539
0.838622
0.834169
0.814132
0.83071
0.833544
0.829465
0.819914
0.82722
0.830732
0.841561
0.827382
0.83072
0.833015
0.826782
0.828174
0.832317
0.819174
0.837651
0.837044
0.838707
0.82653
0.836305
0.839929
0.829917
0.829102
0.83162
0.83488
0.837397
0.835326
0.833921
0.828083
0.826625
0.822362
0.821978
0.831239
0.832798
0.826808
0.825873
0.823331
0.827373
0.81666
0.830662
0.823651
0.831526
0.833428
0.821582
0.833365
0.828425
0.836901
0.832796
0.836316
0.832952
0.835933
0.827798
0.825347
0.819322
0.828712
0.827906
0.823831
0.834619
0.832179
0.828662
0.838384
0.826583
0.831557
0.831358
0.828381
0.819138
0.824895
0.823817
0.824856
0.82219
0.825122
0.829431
0.825038
0.829928
0.831039
0.825377
0.822815
0.825611
0.824664
0.828207
0.827599
0.830343
0.834613
0.831811
0.829724
0.828023
0.829971
0.830923
0.831292
0.832898
0.841384
0.834815
0.832181
0.831685
0.827577
0.830905
0.828916
0.839085
0.829413
0.829544
0.831264
0.824446
0.831375
0.835211
0.831606
0.824446
0.826446
0.837702
0.82886
0.822786
0.830619
0.821022
0.828958
0.819817
0.830125
0.828273
0.84202
0.834522
0.827884
0.821073
0.830107
0.828824
0.827383
0.825867
0.832619
0.833053
0.821832
0.829172
0.829337
0.83223
0.830572
0.828121
0.835641
0.837435
0.830824
0.829242
0.83209
0.831272
0.833007
0.825546
0.826735
0.831304
0.837007
0.827774
0.824019
0.819327
0.831049
0.835381
0.832955
0.832107
0.832476
0.824911
0.836458
0.83144
0.823826
0.82286
0.827823
0.83503
0.832439
0.831753
0.836267
0.826698
0.836745
0.828788
0.822024
0.826569
0.830543
0.823679
0.841434
0.822848
0.825902
0.828671
0.828784
0.835426
0.824756
0.829333
0.834769
0.821207
0.824218
0.827872
0.827107
0.835355
0.825228
0.829068
0.836747
0.834253
0.835091
0.831993
0.827647
0.822749
0.831337
0.829708
0.824107
0.830214
0.833447
0.814896
0.825048
0.837313
0.830547
0.833264
0.829702
0.825421
0.824567
0.827897
0.825976
0.82951
0.830393
0.823767
0.829575
0.823482
0.835929
0.834883
0.833967
0.829048
0.814348
0.821445
0.82652
0.837546
0.833565
0.826206
0.839314
0.822453
0.831268
0.831654
0.824142
0.822708
0.830918
0.830565
0.835491
0.816741
0.822696
0.831531
0.839289
0.831038
0.833822
0.834812
0.834271
0.829875
0.821831
0.829534
0.835404
0.826659
0.827536
0.825879
0.831378
0.825902
0.818847
0.834716
0.837396
0.827043
0.829193
0.829609
0.82155
0.833231
0.824708
0.833272
0.832411
0.827717
0.827273
0.825537
0.830942
0.837362
0.820231
0.836688
0.833404
0.830024
0.830956
0.829281
0.829364
0.834993
0.829063
0.829182
0.837598
0.833823
0.83036
0.834507
0.82765
0.827799
0.837795
0.843603
0.828222
0.832923
0.822029
0.820832
0.821663
0.828089
0.827934
0.829548
0.825763
0.822181
0.828666
0.834139
0.834431
0.832186
0.832764
0.826916
0.840043
0.83088
0.831425
0.835364
0.836863
0.832206
0.827446
0.834315
0.831881
0.838178
0.827426
0.831696
0.82859
0.829293
0.830783
0.833555
0.830817
0.826809
0.829082
0.826213
0.824363
0.823084
0.822939
0.832941
0.814845
0.823527
0.830988
0.832916
0.833034
0.834888
0.831868
0.836064
0.8286
0.828054
0.837914
0.840463
0.820815
0.826977
0.835017
0.820741
0.837309
0.824435
0.827002
0.842539
0.833617
0.835051
0.826349
0.837375
0.838793
0.829415
0.838293
0.839761
0.833134
0.830826
0.837878
0.831487
0.831408
0.834098
0.833022
0.834195
0.831882
0.82618
0.834988
0.8303
0.823876
0.833349
0.833268
0.832254
0.829261
0.825467
0.822121
0.831612
0.822834
0.834538
0.823822
0.838187
0.832774
0.838367
0.821855
0.835831
0.828557
0.823571
0.828151
0.838945
0.834216
0.830384
0.83653
0.836567
0.826504
0.829882
0.834168
0.829181
0.828361
0.827151
0.836331
0.828139
0.824744
0.832294
0.829724
0.827699
0.834067
0.822755
0.820206
0.831494
0.830602
0.83253
0.821209
0.823077
0.828007
0.82546
0.834741
0.835904
0.833739
0.83341
0.826151
0.828315
0.819336
0.837164
0.833499
0.818084
0.831465
0.828324
0.828079
0.828624
0.831161
0.82078
0.837616
0.826338
0.824438
0.822476
0.833995
0.824369
0.831173
0.832775
0.833671
0.828491
0.838427
0.826664
0.838937
0.827216
0.834741
0.832061
0.818412
0.831387
0.836846
0.838646
0.824402
0.82679
0.826363
0.83439
0.824816
0.82965
0.839049
0.817674
0.836315
0.82548
0.829798
0.838099
0.827633
0.833592
0.829466
0.834494
0.830051
0.835816
0.832711
0.833392
0.830019
0.831695
0.831058
0.822243
0.832859
0.834737
0.835587
0.823343
0.833637
0.838966
0.830701
0.834907
0.840796
0.823162
0.832113
0.843286
0.83261
0.828812
0.825109
0.82868
0.826037
0.833382
0.822168
0.828351
0.821788
0.833797
0.838772
0.826893
0.832912
0.829757
0.830915
0.826647
0.837157
0.829825
0.833003
0.820555
0.83337
0.836449
0.83322
0.833544
0.832775
0.828774
0.824223
0.827068
0.824506
0.831108
0.826453
0.835437
0.823353
0.826244
0.825705
0.820314
0.829786
0.832012
0.831059
0.830625
0.836594
0.836897
0.837567
0.826275
0.827443
0.833381
0.828958
0.824044
0.835108
0.826227
0.833493
0.829159
0.829475
0.834009
0.831596
0.83658
0.835186
0.834774
0.820408
0.825538
0.836438
0.826554
0.825193
0.840598
0.823429
0.8305
0.829766
0.824409
0.827464
0.820769
0.826567
0.830486
0.823689
0.84912
0.831062
0.834783
0.827956
0.839274
0.826616
0.837475
0.828873
0.831458
0.834456
0.832057
0.824437
0.831931
0.821393
0.826711
0.819682
0.823626
0.843054
0.829642
0.833507
0.825396
0.828946
0.825325
0.82858
0.828476
0.834539
0.82648
0.821768
0.837465
0.824153
0.82504
0.834123
0.830753
0.834846
0.8303
0.830582
0.829175
0.830074
0.833666
0.821131
0.823231
0.834785
0.832646
0.835336
0.82866
0.830499
0.82874
0.835014
0.838535
0.823307
0.831974
0.82372
0.826078
0.828849
0.830774
0.830085
0.8231
0.83406
0.827071
0.841449
0.827439
0.831853
0.824769
0.829616
0.832697
0.829614
0.831707
0.825053
0.830457
0.825441
0.826971
0.827766
0.817125
0.830205
0.829809
0.820707
0.832552
0.83494
0.82861
0.830183
0.829241
0.828278
0.822023
0.819637
0.844373
0.835295
0.829319
0.835093
0.830782
0.828113
0.837302
0.821913
0.830146
0.834556
0.822976
0.827642
0.82595
0.834742
0.837673
0.828422
0.825355
0.835552
0.825583
0.843238
0.823676
0.831597
0.833193
0.817722
0.82872
0.828952
0.828582
0.830699
0.841829
0.82586
0.832255
0.829792
0.818802
0.832369
0.833878
0.831033
0.836596
0.826263
0.835083
0.821718
0.829039
0.834306
0.830211
0.825556
0.835416
0.824831
0.821901
0.82407
0.826841
0.824744
0.815384
0.824369
0.830117
0.832232
0.826357
0.822058
0.821272
0.829733
0.836941
0.833701
0.831819
0.835047
0.824497
0.82654
0.824563
0.829314
0.831971
0.829682
0.834845
0.834346
0.83024
0.835832
0.831811
0.826594
0.828165
0.829817
0.82765
0.821977
0.835916
0.821879
0.828005
0.839154
0.833161
0.83258
0.835711
0.834269
0.821211
0.83841
0.836042
0.82348
0.826195
0.824907
0.832953
0.827624
0.829822
0.838793
0.831998
0.825372
0.841978
0.835357
0.836095
0.833567
0.829413
0.823912
0.8175
0.841412
0.838311
0.834077
0.837994
0.829289
0.833936
0.822927
0.827899
0.830593
0.829432
0.839931
0.832502
0.832501
0.831181
0.833659
0.832927
0.828625
0.832593
0.821945
0.82558
0.835175
0.825092
0.824313
0.821435
0.830692
0.831507
0.825331
0.826952
0.826711
0.837107
0.830526
0.836461
0.831597
0.832767
0.840188
0.821185
0.843718
0.833674
0.824719
0.824311
0.832584
0.831819
0.838504
0.833145
0.819955
0.831383
0.833908
0.832028
0.8309
0.815061
0.8277
0.82302
0.836493
0.821911
0.831075
0.836273
0.844936
0.836919
0.840252
0.826085
0.829344
0.824138
0.82623
0.834005
0.833097
0.835722
0.832254
0.82425
0.834484
0.831728
0.833048
0.83213
0.831901
0.828646
0.832331
0.836819
0.834125
0.827937
0.834668
0.836427
0.815521
0.835165
0.82867
0.831967
0.82109
0.834457
0.823704
0.828307
0.830784
0.834725
0.833372
0.837117
0.829867
0.833127
0.829807
0.824973
0.837016
0.827699
0.826826
0.835585
0.834432
0.827276
0.838871
0.833594
0.824559
0.826615
0.830128
0.822379
0.836349
0.836592
0.833176
0.827652
0.836874
0.8279
0.823536
0.833495
0.823878
0.823828
0.83122
0.832473
0.840295
0.832483
0.830568
0.830684
0.829848
0.820555
0.832663
0.826109
0.823461
0.828066
0.831012
0.831426
0.835991
0.836259
0.829612
0.829573
0.826569
0.823231
0.826253
0.822377
0.83148
0.832784
0.831882
0.829999
0.82546
0.830018
0.831633
0.827159
0.829017
0.821556
0.825769
0.822358
0.831484
0.829029
0.822048
0.819073
0.840682
0.833411
0.830886
0.829524
0.819332
0.832532
0.838918
0.829249
0.830531
0.830571
0.836258
0.83063
0.829034
0.82826
0.838593
0.830774
0.830137
0.83062
0.834097
0.830295
0.833509
0.832855
0.831583
0.840172
0.83378
0.824055
0.830268
0.826943
0.822187
0.81887
0.828832
0.827642
0.826813
0.833067
0.823647
0.830554
0.823374
0.829978
0.844053
0.825876
0.840637
0.829234
0.824003
0.824907
0.830878
0.82658
0.822887
0.82428
0.840465
0.827912
0.835154
0.827357
0.834042
0.839294
0.824369
0.834664
0.837916
0.827436
0.827031
0.841475
0.822066
0.8233
0.832018
0.826739
0.831044
0.829978
0.826612
0.83888
0.833768
0.822494
0.817796
0.820374
0.832364
0.833261
0.833773
0.827746
0.825539
0.827004
0.830352
0.833136
0.832727
0.83091
0.829329
0.829528
0.819089
0.824176
0.826765
0.839281
0.832394
0.8301
0.833972
0.835178
0.829952
0.823924
0.828498
0.832019
0.831477
0.835747
0.830213
0.824553
0.828694
0.831547
0.836939
0.827451
0.823145
0.828651
0.824524
0.825584
0.830847
0.819857
0.833162
0.831616
0.824965
0.825392
0.825458
0.846018
0.830226
0.831594
0.826122
0.826615
0.827282
0.832548
0.835859
0.824045
0.837385
0.829666
0.830073
0.837124
0.833934
0.831289
0.818582
0.823553
0.832944
0.826199
0.825177
0.818445
0.837164
0.8273
0.844416
0.833976
0.835074
0.828569
0.817253
0.836181
0.82984
0.837672
0.829019
0.822844
0.827408
0.827673
0.833364
0.825099
0.822322
0.825873
0.833619
0.836031
0.827921
0.835073
0.823931
0.829243
0.831068
0.832431
0.826979
0.83034
0.825809
0.822708
0.831813
0.823831
0.826398
0.822558
0.833936
0.827154
0.826268
0.836191
0.828618
0.827621
0.83312
0.827348
0.830038
0.823514
0.834916
0.830871
0.825423
0.831083
0.824489
0.831276
0.823776
0.84434
0.82707
0.827129
0.831187
0.82412
0.825051
0.834258
0.822364
0.835024
0.833251
0.831566
0.827174
0.834051
0.836181
0.835136
0.830179
0.82675
0.835452
0.826845
0.827808
0.828349
0.828145
0.829714
0.827107
0.820098
0.838086
0.837618
0.83697
0.834678
0.830504
0.836231
0.828714
0.829301
0.832742
0.82136
0.829009
0.830942
0.829049
0.838082
0.825448
0.825046
0.830436
0.834208
0.827106
0.828257
0.835529
0.827135
0.830786
0.834213
0.822723
0.833246
0.826222
0.820217
0.824912
0.830597
0.833584
0.835888
0.836501
0.824973
0.828176
0.828531
0.835296
0.838116
0.828729
0.837863
0.839563
0.834939
0.837435
0.830085
0.837334
0.841597
0.830499
0.822209
0.824156
0.828229
0.833427
0.831122
0.828266
0.833499
0.828767
0.82597
0.826497
0.837139
0.831636
0.82957
0.826997
0.832916
0.831318
0.824478
0.83077
0.829051
0.834431
0.822049
0.835452
0.833129
0.834172
0.829556
0.821334
0.834241
0.824175
0.830999
0.831064
0.823265
0.835366
0.825258
0.831993
0.829603
0.82309
0.833035
0.831003
0.835019
0.837865
0.831493
0.823828
0.821697
0.833426
0.828763
0.832433
0.82937
0.833842
0.829615
0.830549
0.844182
0.834221
0.824913
0.833354
0.827286
0.815983
0.837715
0.82926
0.827172
0.837014
0.833895
0.829631
0.827282
0.828095
0.834445
0.835274
0.831638
0.835421
0.825937
0.831516
0.832775
0.828297
0.831433
0.826505
0.83333
0.830433
0.826894
0.82507
0.825522
0.838505
0.831581
0.829723
0.823703
0.831022
0.832608
0.830172
0.825735
0.834567
0.832341
0.830041
0.833723
0.828075
0.838484
0.832941
0.842232
0.815194
0.826885
0.845665
0.828381
0.824391
0.831884
0.831098
0.832949
0.829784
0.827238
0.829181
0.833064
0.844766
0.840147
0.831217
0.830012
0.829903
0.825895
0.82438
0.835354
0.833386
0.822892
0.834849
0.82908
0.82623
0.827793
0.825289
0.813276
0.829144
0.82069
0.812649
0.83239
0.835154
0.834102
0.826413
0.821497
0.831566
0.831532
0.814849
0.824924
0.830851
0.823222
0.831717
0.826468
0.828639
0.833304
0.827509
0.824087
0.846865
0.832191
0.821541
0.831726
0.836445
0.824434
0.836119
0.819511
0.830228
0.837261
0.834766
0.827364
0.832251
0.835135
0.823916
0.82641
0.836567
0.828329
0.824746
0.831567
0.827505
0.828354
0.835451
0.83829
0.839916
0.826037
0.823328
0.834436
0.824828
0.825729
0.827391
0.830612
0.829103
0.822562
0.826577
0.823776
0.836636
0.834092
0.822386
0.828632
0.834985
0.841022
0.820427
0.829199
0.824697
0.828604
0.826434
0.814028
0.836504
0.834446
0.823395
0.83479
0.822086
0.822619
0.827333
0.823649
0.828724
0.826206
0.834556
0.836692
0.828582
0.832335
0.832048
0.828656
0.829145
0.830448
0.833936
0.826752
0.837599
0.83466
0.819077
0.830072
0.833528
0.83522
0.831321
0.829507
0.829388
0.830239
0.833078
0.8303
0.82033
0.834022
0.839986
0.832817
0.822159
0.835335
0.827814
0.82202
0.833001
0.831819
0.832999
0.824903
0.819222
0.828516
0.822137
0.834634
0.83451
0.830793
0.829815
0.823493
0.832095
0.822823
0.829917
0.831943
0.833332
0.82724
0.830959
0.832829
0.83649
0.828825
0.836324
0.825806
0.825845
0.827154
0.828172
0.832637
0.826943
0.823061
0.82784
0.83144
0.83035
0.834134
0.834342
0.833727
0.825642
0.822212
0.837232
0.839279
0.839006
0.829262
0.822786
0.826356
0.825491
0.835628
0.828093
0.826602
0.833462
0.830919
0.827373
0.829335
0.82349
0.824832
0.82344
0.814757
0.829187
0.827007
0.830063
0.825576
0.819424
0.835619
0.828704
0.827674
0.822976
0.827503
0.83254
0.829296
0.834507
0.836901
0.836588
0.833394
0.823987
0.833475
0.835873
0.833313
0.835556
0.832092
0.824155
0.839136
0.830989
0.829305
0.831737
0.830862
0.824661
0.834303
0.829357
0.829052
0.832178
0.822438
0.83434
0.825353
0.833098
0.831923
0.828013
0.832725
0.825619
0.830383
0.833466
0.82677
0.827489
0.839698
0.823548
0.825406
0.831513
0.82271
0.821058
0.826273
0.820326
0.823296
0.82244
0.832069
0.836175
0.827537
0.829679
0.831424
0.823233
0.819657
0.829905
0.836603
0.83457
0.832439
0.824856
0.827165
0.842912
0.832335
0.829062
0.835271
0.832705
0.834515
0.83962
0.827521
0.835569
0.8317
0.827834
0.826808
0.842751
0.831741
0.826025
0.831053
0.827098
0.825737
0.833422
0.825423
0.828966
0.824345
0.832759
0.828913
0.835734
0.816944
0.817171
0.825054
0.822024
0.825629
0.828464
0.821299
0.836953
0.838929
0.841973
0.824376
0.832884
0.835891
0.824926
0.822529
0.826145
0.832999
0.834697
0.824015
0.826471
0.838504
0.83142
0.832348
0.824108
0.836438
0.82544
0.834698
0.838241
0.816975
0.819155
0.82964
0.834066
0.826844
0.831756
0.82746
0.830223
0.824004
0.825292
0.825013
0.825518
0.833172
0.828385
0.829343
0.833152
0.835863
0.824553
0.830002
0.823324
0.831355
0.82103
0.83531
0.819391
0.830113
0.829872
0.829594
0.828652
0.828807
0.831443
0.831385
0.832321
0.829605
0.828937
0.828521
0.839687
0.829029
0.830634
0.820622
0.842869
0.838241
0.822875
0.829555
0.831296
0.835805
0.831131
0.832661
0.832351
0.825188
0.828368
0.845911
0.832421
0.8318
0.82921
0.832901
0.834542
0.831373
0.830118
0.829938
0.823859
0.83149
0.827523
0.835256
0.824571
0.833331
0.828963
0.834796
0.834316
0.827638
0.835881
0.833561
0.823617
0.827399
0.834355
0.827176
0.828052
0.824544
0.832797
0.830793
0.826224
0.821027
0.833771
0.828301
0.833714
0.829547
0.827559
0.832808
0.828123
0.827406
0.83635
0.829326
0.828449
0.830253
0.831705
0.828102
0.829402
0.832009
0.829223
0.814971
0.826414
0.838501
0.825768
0.834155
0.828452
0.830894
0.829194
0.830935
0.834952
0.825194
0.836855
0.836494
0.836039
0.825872
0.824669
0.836831
0.828598
0.835837
0.833745
0.829188
0.822684
0.829814
0.834751
0.829379
0.818758
0.833089
0.827295
0.829159
0.830858
0.837647
0.828805
0.826684
0.827992
0.82671
0.8306
0.833633
0.823004
0.83432
0.835924
0.82241
0.82368
0.827393
0.829013
0.829782
0.828424
0.839635
0.832285
0.829181
0.824569
0.825851
0.831666
0.82838
0.83055
0.833643
0.823347
0.825724
0.833921
0.825918
0.835815
0.821002
0.826864
0.82898
0.827312
0.832344
0.829105
0.826073
0.829778
0.826832
0.832682
0.832596
0.832878
0.832055
0.825565
0.833766
0.831177
0.833979
0.835291
0.820782
0.821933
0.81912
0.833086
0.828333
0.833966
0.822611
0.832476
0.822105
0.82745
0.831577
0.839278
0.832256
0.831209
0.831977
0.833028
0.832594
0.832112
0.83982
0.831614
0.843016
0.824294
0.829787
0.836561
0.826726
0.828235
0.83515
0.837339
0.835403
0.832607
0.832188
0.82869
0.820755
0.822636
0.824391
0.830639
0.831541
0.821482
0.828738
0.841871
0.82471
0.836515
0.826205
0.8287
0.829296
0.826535
0.829092
0.828602
0.835773
0.829629
0.826605
0.828891
0.829844
0.833032
0.830005
0.826067
0.833202
0.817568
0.82682
0.823361
0.82769
0.828283
0.82514
0.830357
0.829983
0.833863
0.837442
0.832192
0.828846
0.835458
0.836004
0.830243
0.826412
0.826956
0.83277
0.824421
0.829623
0.837924
0.825329
0.833868
0.825704
0.823521
0.840189
0.836228
0.824535
0.824093
0.835063
0.832901
0.838811
0.831329
0.831529
0.834819
0.831695
0.827661
0.829595
0.827683
0.827583
0.833238
0.819763
0.82743
0.81823
0.833182
0.825979
0.828438
0.837577
0.830153
0.82701
0.826211
0.82738
0.821968
0.83514
0.838749
0.836228
0.826711
0.827924
0.832993
0.838697
0.834272
0.831877
0.822725
0.828325
0.826577
0.831572
0.84388
0.824397
0.825702
0.835244
0.829089
0.829739
0.83021
0.830647
0.832059
0.827641
0.826909
0.822398
0.836549
0.830719
0.825274
0.824153
0.830759
0.836767
0.825044
0.831588
0.823536
0.834593
0.834533
0.826462
0.831576
0.818766
0.832413
0.829539
0.83033
0.819256
0.83477
0.82833
0.825753
0.834357
0.826011
0.833688
0.821426
0.832661
0.829919
0.828724
0.830245
0.822624
0.838956
0.822613
0.826799
0.838363
0.82544
0.832579
0.830739
0.827784
0.837385
0.835184
0.827863
0.835254
0.828763
0.836432
0.82852
0.824462
0.835925
0.828388
0.829622
0.83303
0.835583
0.842395
0.829566
0.834409
0.833918
0.814297
0.826089
0.833719
0.827826
0.830942
0.830393
0.825035
0.826684
0.831445
0.825036
0.844301
0.832784
0.823697
0.8266
0.830534
0.830707
0.830835
0.828766
0.828975
0.831609
0.82164
0.840776
0.834899
0.825243
0.823685
0.836893
0.830314
0.829986
0.827889
0.82652
0.8217
0.827308
0.824364
0.835282
0.830286
0.825502
0.828394
0.836507
0.848783
0.830584
0.836924
0.832995
0.824419
0.830981
0.838604
0.825274
0.832389
0.832633
0.835594
0.839552
0.839312
0.830666
0.8282
0.826877
0.828261
0.833892
0.827157
0.831379
0.836436
0.839765
0.839877
0.82977
0.837609
0.822224
0.833083
0.827207
0.830189
0.828398
0.825395
0.827353
0.82587
0.831483
0.831419
0.827371
0.828059
0.834761
0.83382
0.831233
0.830886
0.826531
0.837519
0.837176
0.84028
0.835651
0.822521
0.82829
0.82329
0.820137
0.835804
0.83106
0.842807
0.835686
0.827203
0.825752
0.837124
0.826279
0.828628
0.81868
0.831
0.831615
0.835652
0.829356
0.827182
0.828848
0.833508
0.825545
0.831793
0.833537
0.829826
0.827472
0.82791
0.827373
0.823339
0.838826
0.827844
0.824708
0.837716
0.833955
0.826668
0.831325
0.828893
0.833212
0.831193
0.819809
0.8328
0.825242
0.826972
0.834249
0.840817
0.833059
0.822302
0.822361
0.828054
0.834446
0.83266
0.822837
0.837298
0.848149
0.832588
0.829899
0.833625
0.827549
0.830751
0.823214
0.838069
0.82993
0.83352
0.837766
0.820455
0.833926
0.838398
0.833285
0.835196
0.824404
0.835642
0.831889
0.829134
0.824672
0.825359
0.839519
0.824595
0.819876
0.828905
0.833797
0.831524
0.837177
0.833792
0.827288
0.828174
0.832579
0.824568
0.836244
0.834391
0.835654
0.827336
0.82284
0.827218
0.82786
0.817869
0.825187
0.818403
0.830231
0.822641
0.828662
0.829188
0.830729
0.827659
0.830587
0.826493
0.826603
0.818806
0.824582
0.82649
0.840038
0.822302
0.827863
0.833992
0.835454
0.828532
0.826843
0.833813
0.826234
0.826726
0.830261
0.828255
0.83619
0.826917
0.836237
0.835786
0.829963
0.837286
0.822161
0.83051
0.825043
0.826386
0.835009
0.823541
0.826302
0.834638
0.831235
0.820958
0.830573
0.827479
0.835611
0.83241
0.835116
0.830735
0.833453
0.834213
0.826427
0.824828
0.819059
0.837239
0.828567
0.838543
0.830473
0.829906
0.827663
0.827746
0.832963
0.836006
0.83256
0.825017
0.833313
0.824671
0.828827
0.831893
0.843248
0.82429
0.831278
0.83053
0.828698
0.836447
0.84131
0.832851
0.827327
0.834206
0.832668
0.82821
0.826957
0.822395
0.840512
0.834396
0.824789
0.827606
0.821624
0.837171
0.825433
0.828928
0.827914
0.839022
0.833188
0.837765
0.833208
0.824764
0.826228
0.817005
0.826636
0.830532
0.836118
0.833216
0.820797
0.826642
0.83418
0.827754
0.827188
0.833022
0.834949
0.824032
0.833572
0.834438
0.835578
0.829353
0.826468
0.819361
0.836066
0.82388
0.833694
0.840439
0.835703
0.827792
0.827319
0.830777
0.829177
0.822629
0.829416
0.834554
0.833616
0.836788
0.832312
0.825551
0.823341
0.82869
0.824371
0.837985
0.825195
0.834207
0.823318
0.822119
0.825893
0.82366
0.82815
0.831561
0.840322
0.83346
0.824781
0.830075
0.836151
0.83185
0.832174
0.821566
0.829811
0.837206
0.833917
0.825654
0.828103
0.827639
0.827039
0.833531
0.836646
0.83083
0.830964
0.820778
0.825075
0.829387
0.831512
0.833198
0.816794
0.828151
0.834708
0.828867
0.828927
0.831703
0.834967
0.831783
0.832637
0.825027
0.827563
0.825698
0.830343
0.830313
0.821392
0.821511
0.827383
0.827825
0.826657
0.829683
0.835013
0.831565
0.824136
0.830761
0.827685
0.833729
0.830121
0.823881
0.833314
0.823081
0.822782
0.83169
0.837139
0.831579
0.828851
0.822059
0.838622
0.836529
0.843898
0.83058
0.825358
0.823031
0.837184
0.833485
0.83971
0.833481
0.827931
0.839221
0.823818
0.834941
0.828746
0.837616
0.841492
0.828912
0.826255
0.833511
0.83875
0.829963
0.832705
0.831351
0.83865
0.829275
0.835163
0.82749
0.82873
0.845169
0.827679
0.831394
0.83535
0.829039
0.827208
0.818971
0.837652
0.835366
0.834992
0.832845
0.830114
0.833023
0.832219
0.828175
0.836401
0.827837
0.836779
0.835271
0.82537
0.829556
0.829007
0.826315
0.832174
0.82446
0.830756
0.828182
0.837597
0.821902
0.824248
0.83549
0.828596
0.829097
0.831042
0.83518
0.835876
0.833628
0.834976
0.834796
0.826471
0.824049
0.833081
0.831156
0.82507
0.832039
0.830881
0.827038
0.835609
0.836149
0.82831
0.824164
0.822862
0.819349
0.828215
0.830176
0.835312
0.831132
0.826581
0.82712
0.837574
0.817817
0.83986
0.830978
0.831159
0.825689
0.834204
0.830777
0.818839
0.827602
0.836369
0.828792
0.826808
0.829301
0.833923
0.828268
0.828174
0.828896
0.827534
0.83369
0.822803
0.840089
0.834741
0.827588
0.836584
0.836198
0.815654
0.823853
0.830304
0.836407
0.825236
0.834591
0.829676
0.832873
0.82491
0.835962
0.829294
0.841992
0.825484
0.826471
0.837379
0.83605
0.838723
0.832552
0.833739
0.833542
0.82569
0.834883
0.824373
0.835788
0.821138
0.82254
0.836609
0.83789
0.82877
0.830952
0.831493
0.835866
0.834703
0.821969
0.83223
0.834592
0.831728
0.829862
0.832307
0.825667
0.836081
0.824315
0.833091
0.842409
0.824024
0.831422
0.835776
0.835431
0.829519
0.827973
0.831448
0.835375
0.827117
0.825821
0.833155
0.819497
0.834091
0.842373
0.832707
0.828316
0.82295
0.826058
0.834223
0.826939
0.824054
0.824562
0.832333
0.829258
0.827794
0.816196
0.822893
0.819371
0.826129
0.83263
0.831261
0.836524
0.822387
0.827221
0.821825
0.822942
0.841891
0.8225
0.822405
0.839551
0.83874
0.826266
0.820654
0.833656
0.824034
0.827008
0.831173
0.834903
0.836974
0.841678
0.83064
0.824861
0.833398
0.828291
0.833319
0.835196
0.822298
0.825994
0.836022
0.823165
0.823996
0.826528
0.822975
0.814644
0.831911
0.828914
0.829997
0.818424
0.822753
0.827871
0.837666
0.836541
0.832967
0.83008
0.827387
0.832658
0.831943
0.829149
0.824258
0.846098
0.827048
0.840995
0.816501
0.819625
0.82875
0.821845
0.833618
0.819678
0.838848
0.830669
0.830186
0.827009
0.839056
0.834022
0.826964
0.835592
0.82953
0.830653
0.831009
0.833773
0.822286
0.840063
0.825224
0.821557
0.83664
0.83649
0.823075
0.833214
0.829669
0.826579
0.826472
0.834784
0.824222
0.828068
0.820766
0.833433
0.833092
0.833678
0.827827
0.836336
0.826459
0.830979
0.826876
0.834588
0.821787
0.838567
0.830093
0.833188
0.82858
0.823745
0.838039
0.832514
0.830239
0.831756
0.830284
0.82607
0.83234
0.824969
0.830016
0.828058
0.814274
0.826843
0.828507
0.816586
0.832341
0.832828
0.831435
0.826311
0.827329
0.827365
0.830881
0.830372
0.822279
0.837675
0.845019
0.825477
0.83103
0.829263
0.827261
0.824484
0.824026
0.831553
0.833308
0.837635
0.836481
0.830671
0.838427
0.827044
0.833344
0.831299
0.822835
0.837579
0.823694
0.827611
0.826357
0.813779
0.832995
0.832971
0.825414
0.834491
0.827201
0.822537
0.826319
0.832427
0.834632
0.837214
0.830304
0.832254
0.822898
0.823046
0.840427
0.833038
0.833917
0.827907
0.835506
0.83571
0.84033
0.822211
0.827398
0.83132
0.821234
0.828573
0.834896
0.836434
0.827638
0.840337
0.820227
0.830131
0.835407
0.829291
0.830865
0.830027
0.827703
0.827626
0.834477
0.831356
0.826919
0.825344
0.821831
0.831124
0.832587
0.837745
0.833981
0.82854
0.839195
0.832302
0.833791
0.825802
0.834891
0.825589
0.83437
0.837252
0.828126
0.825054
0.833922
0.825305
0.835528
0.835147
0.828882
0.827522
0.833154
0.839234
0.826667
0.832092
0.828863
0.836274
0.823618
0.829617
0.83933
0.828885
0.828606
0.826564
0.829811
0.828739
0.83512
0.829069
0.834005
0.831875
0.829233
0.827391
0.840653
0.835098
0.822701
0.828179
0.829539
0.830715
0.824144
0.843363
0.837069
0.829853
0.82416
0.832778
0.838794
0.834371
0.822637
0.828234
0.819101
0.837393
0.828218
0.83401
0.829069
0.827522
0.838762
0.834006
0.830361
0.826634
0.828919
0.828688
0.837096
0.821914
0.820933
0.826906
0.827897
0.821536
0.828235
0.832078
0.838657
0.830777
0.821758
0.83485
0.828062
0.828029
0.822736
0.829286
0.830106
0.825232
0.831679
0.830412
0.838178
0.830883
0.834325
0.825875
0.837915
0.832501
0.828549
0.835214
0.83131
0.826785
0.831199
0.830299
0.834828
0.823789
0.825624
0.833646
0.830449
0.837769
0.830289
0.83739
0.834628
0.832553
0.828268
0.821447
0.827985
0.826398
0.823473
0.831097
0.823149
0.830229
0.820554
0.828096
0.830314
0.825096
0.837117
0.824459
0.821954
0.828439
0.83199
0.823289
0.827469
0.820061
0.825506
0.833949
0.83863
0.832578
0.833758
0.835453
0.830669
0.820841
0.830193
0.832922
0.817908
0.826378
0.827155
0.824936
0.832218
0.83245
0.83512
0.825396
0.825737
0.824495
0.825157
0.825671
0.829234
0.833279
0.830081
0.833204
0.825381
0.834628
0.828571
0.82934
0.830973
0.831348
0.832953
0.835614
0.826904
0.834183
0.827484
0.835127
0.835061
0.82634
0.831535
0.824737
0.82567
0.832404
0.827751
0.834553
0.8246
0.835866
0.828284
0.825207
0.833686
0.833447
0.82325
0.829191
0.839921
0.82988
0.832191
0.829877
0.820583
0.830141
0.828163
0.828442
0.825622
0.831742
0.835745
0.828305
0.835877
0.831741
0.829341
0.82865
0.837481
0.827466
0.832354
0.835297
0.827949
0.824684
0.829033
0.829714
0.830275
0.832075
0.832033
0.837741
0.826229
0.830096
0.834755
0.836141
0.828967
0.827523
0.827065
0.830608
0.83059
0.824712
0.828849
0.8325
0.837172
0.831147
0.818568
0.827758
0.833099
0.833694
0.836028
0.833204
0.837569
0.816962
0.832177
0.840671
0.827246
0.82694
0.824493
0.82731
0.831887
0.830735
0.838035
0.836347
0.830713
0.826545
0.835272
0.82586
0.826051
0.828837
0.837763
0.82749
0.822622
0.823961
0.823732
0.820604
0.832718
0.828883
0.828324
0.827423
0.834703
0.827288
0.836395
0.826548
0.834463
0.835252
0.825231
0.834326
0.82525
0.834069
0.837907
0.827614
0.829443
0.827878
0.826543
0.828271
0.835332
0.823184
0.840478
0.830863
0.832083
0.838035
0.828549
0.833413
0.828688
0.829913
0.823228
0.825071
0.828862
0.832851
0.827843
0.822104
0.830972
0.822035
0.832921
0.82713
0.824679
0.829933
0.831542
0.825117
0.82533
0.82489
0.832659
0.830456
0.8314
0.822973
0.830422
0.836032
0.834746
0.820874
0.824334
0.835032
0.828956
0.826102
0.834786
0.827073
0.828051
0.832218
0.824498
0.832354
0.832817
0.823299
0.834763
0.833579
0.836595
0.835922
0.817673
0.836273
0.827928
0.823764
0.818142
0.820128
0.833264
0.826184
0.837663
0.833084
0.821932
0.833983
0.83
0.827763
0.825737
0.830299
0.830532
0.825211
0.836432
0.827917
0.830078
0.828
0.822315
0.824151
0.830718
0.822851
0.834636
0.828752
0.829127
0.833294
0.824541
0.828447
0.834565
0.823148
0.819161
0.839229
0.82947
0.836032
0.824678
0.82618
0.831225
0.838985
0.833087
0.82139
0.826413
0.828027
0.82728
0.824578
0.831388
0.824464
0.826666
0.827176
0.812895
0.827347
0.82436
0.830105
0.835133
0.821607
0.821024
0.828995
0.819634
0.832218
0.830242
0.834855
0.82271
0.826484
0.830692
0.828366
0.835568
0.827735
0.832162
0.825551
0.834719
0.828333
0.834096
0.824891
0.834045
0.83054
0.839348
0.828825
0.828209
0.833232
0.836003
0.827338
0.832893
0.831915
0.829825
0.824599
0.837625
0.829954
0.829652
0.834491
0.826607
0.831889
0.829284
0.827492
0.822687
0.828443
0.827932
0.834547
0.835168
0.829828
0.838949
0.824444
0.820228
0.827886
0.83406
0.828595
0.826351
0.828987
0.834077
0.828334
0.832779
0.831234
0.829665
0.821361
0.827069
0.829674
0.826954
0.827828
0.82448
0.828485
0.833085
0.82386
0.836854
0.822337
0.829411
0.82859
0.839556
0.83623
0.823407
0.825136
0.829982
0.819484
0.832274
0.839144
0.828285
0.832
0.830348
0.831335
0.821348
0.822662
0.822733
0.826785
0.833859
0.831124
0.831018
0.818316
0.831748
0.835075
0.835587
0.827441
0.829368
0.827299
0.838112
0.827003
0.832877
0.826533
0.830112
0.821327
0.826532
0.828392
0.830107
0.828669
0.82641
0.83548
0.838686
0.828699
0.826382
0.833956
0.833527
0.823903
0.831515
0.837271
0.829013
0.839447
0.81762
0.829377
0.823124
0.84168
0.827529
0.831172
0.829348
0.828565
0.834649
0.84209
0.818631
0.834157
0.835112
0.827759
0.834613
0.826453
0.829297
0.834203
0.842473
0.832601
0.838325
0.8335
0.825748
0.818065
0.809583
0.829638
0.831395
0.835145
0.831617
0.822821
0.84266
0.835344
0.824648
0.821061
0.828992
0.821888
0.828533
0.835678
0.829528
0.825231
0.829452
0.829598
0.829765
0.8318
0.828208
0.834937
0.821008
0.831322
0.820309
0.83156
0.828309
0.83146
0.83079
0.839132
0.828364
0.823016
0.829552
0.829052
0.83014
0.823417
0.838782
0.834747
0.82815
0.828254
0.825
0.825351
0.827929
0.830127
0.82979
0.828436
0.827828
0.833422
0.823399
0.824409
0.820064
0.827285
0.831047
0.834634
0.828817
0.82258
0.817223
0.835148
0.831651
0.840223
0.833107
0.834928
0.827624
0.834075
0.837517
0.830653
0.830805
0.83411
0.811128
0.833755
0.835076
0.835032
0.833279
0.836568
0.830886
0.836251
0.835941
0.824806
0.826071
0.826102
0.826242
0.823319
0.832426
0.824834
0.831838
0.833551
0.840861
0.82919
0.831533
0.824389
0.830395
0.8371
0.831266
0.841252
0.837504
0.822804
0.825095
0.829103
0.824032
0.82679
0.824464
0.823218
0.831026
0.827161
0.832732
0.830449
0.828072
0.833617
0.830317
0.836325
0.831894
0.825951
0.830784
0.828692
0.835003
0.828886
0.836864
0.829645
0.833879
0.835403
0.82713
0.83029
0.835482
0.828313
0.828505
0.828506
0.833285
0.829897
0.838851
0.823599
0.83301
0.818642
0.834709
0.833748
0.83627
0.838093
0.833167
0.832385
0.821423
0.828326
0.832279
0.828943
0.831498
0.824329
0.832523
0.832097
0.818834
0.828741
0.824559
0.825425
0.83313
0.842226
0.83846
0.831027
0.838115
0.827211
0.837158
0.828734
0.831631
0.836496
0.833835
0.832462
0.839459
0.829772
0.820912
0.831525
0.830652
0.83621
0.829978
0.824949
0.83242
0.828641
0.826551
0.826273
0.825852
0.828878
0.839446
0.829736
0.835253
0.831783
0.831624
0.831823
0.842572
0.828426
0.837259
0.826554
0.827024
0.827654
0.835447
0.819175
0.832646
0.835261
0.830209
0.826469
0.833048
0.830705
0.835519
0.821875
0.833404
0.834238
0.834148
0.831043
0.836423
0.848671
0.82771
0.830476
0.82557
0.831212
0.834414
0.821232
0.828219
0.830938
0.826984
0.83348
0.824614
0.830651
0.819057
0.827221
0.829619
0.835119
0.829149
0.83002
0.820877
0.833194
0.836141
0.813638
0.828027
0.830614
0.822325
0.839045
0.830841
0.819775
0.836776
0.830556
0.822382
0.829984
0.821461
0.833077
0.821498
0.818741
0.825928
0.829557
0.83456
0.836196
0.810748
0.834747
0.827123
0.826542
0.838608
0.829537
0.832381
0.832326
0.820359
0.826845
0.831215
0.828411
0.831125
0.837588
0.835997
0.830856
0.822031
0.82875
0.826472
0.837155
0.825593
0.82391
0.839907
0.826471
0.833839
0.842415
0.839649
0.823462
0.833754
0.830938
0.824313
0.830014
0.830638
0.838667
0.82945
0.828661
0.827989
0.834648
0.827438
0.825586
0.823713
0.830379
0.833989
0.836301
0.834996
0.83486
0.829148
0.834138
0.8278
0.822944
0.827976
0.830173
0.835385
0.832803
0.835926
0.827415
0.823655
0.835517
0.832935
0.839845
0.827338
0.823707
0.83037
0.83727
0.825423
0.823977
0.827785
0.831633
0.831588
0.832422
0.833523
0.826622
0.84155
0.823846
0.829341
0.836792
0.825652
0.834507
0.837323
0.833939
0.839624
0.82689
0.828607
0.828712
0.82288
0.835834
0.832639
0.827646
0.825453
0.82616
0.832158
0.833941
0.829347
0.832797
0.823458
0.83477
0.831927
0.830968
0.828598
0.834231
0.822917
0.836321
0.827935
0.834536
0.824725
0.82961
0.83629
0.834703
0.829133
0.830089
0.836895
0.832514
0.829728
0.825267
0.8299
0.831943
0.825788
0.819651
0.818554
0.839868
0.828982
0.830263
0.826318
0.827726
0.836514
0.828775
0.829574
0.833927
0.840166
0.824374
0.823007
0.828005
0.829137
0.833038
0.825209
0.82803
0.828064
0.827382
0.82379
0.82764
0.830678
0.828536
0.825768
0.831252
0.826163
0.831409
0.832566
0.825688
0.825779
0.824715
0.826611
0.831732
0.826637
0.834221
0.830585
0.836755
0.836418
0.832703
0.837618
0.824577
0.827888
0.830663
0.827097
0.842448
0.826324
0.837743
0.833157
0.839609
0.83539
0.833597
0.828838
0.829945
0.825809
0.8313
0.834262
0.83732
0.831172
0.829845
0.826539
0.830077
0.823407
0.830246
0.824948
0.823555
0.83495
0.829785
0.82106
0.829486
0.827923
0.827724
0.831135
0.81976
0.826307
0.824227
0.828377
0.83277
0.835028
0.816157
0.8269
0.832782
0.839102
0.836306
0.841061
0.82322
0.823372
0.832179
0.829426
0.824872
0.82582
0.828615
0.834509
0.833551
0.832011
0.844227
0.825119
0.834084
0.828115
0.83273
0.830611
0.828499
0.837009
0.832832
0.831941
0.830573
0.825398
0.832667
0.83224
0.819601
0.82199
0.827925
0.820129
0.823881
0.831352
0.82941
0.840657
0.831417
0.831913
0.824432
0.844901
0.83338
0.824995
0.83077
0.824094
0.827977
0.821358
0.825377
0.822149
0.831139
0.81897
0.831922
0.837559
0.827488
0.825071
0.828429
0.828307
0.826684
0.836645
0.822225
0.837457
0.822383
0.821892
0.839698
0.829019
0.824826
0.835885
0.828987
0.82702
0.828927
0.828817
0.829683
0.820096
0.834475
0.833876
0.830964
0.834592
0.829359
0.825555
0.822022
0.834337
0.823839
0.840609
0.826988
0.827874
0.834844
0.824208
0.823934
0.830772
0.833593
0.827986
0.828604
0.825998
0.833375
0.849021
0.828141
0.829108
0.827906
0.827949
0.829941
0.830618
0.818037
0.833667
0.826379
0.836399
0.828772
0.833002
0.825618
0.816072
0.826506
0.837714
0.83459
0.836024
0.834904
0.828862
0.830662
0.833647
0.837915
0.824199
0.820905
0.828372
0.824599
0.830193
0.832779
0.829511
0.827653
0.837976
0.820968
0.821266
0.835969
0.832531
0.816516
0.827482
0.825807
0.830662
0.837889
0.837988
0.829735
0.831736
0.836619
0.828467
0.823294
0.826179
0.832521
0.832446
0.830132
0.826502
0.828033
0.829668
0.840548
0.831646
0.833578
0.827625
0.824746
0.833113
0.831909
0.829724
0.833857
0.834596
0.832842
0.837031
0.83274
0.832518
0.828529
0.82381
0.819906
0.839566
0.816423
0.832767
0.838615
0.834614
0.821764
0.834261
0.829115
0.822806
0.842074
0.830329
0.828294
0.835119
0.832527
0.836712
0.834404
0.832534
0.828095
0.839721
0.82507
0.827441
0.833838
0.837083
0.830158
0.832554
0.828503
0.830687
0.820318
0.834698
0.827311
0.830347
0.826889
0.827549
0.83778
0.83015
0.831819
0.821662
0.830607
0.834166
0.832725
0.836192
0.829204
0.836832
0.830096
0.834237
0.828314
0.832625
0.829522
0.822023
0.822938
0.828941
0.824231
0.818264
0.819231
0.824847
0.832946
0.83391
0.833675
0.829566
0.828891
0.825743
0.825116
0.828189
0.82054
0.835062
0.832742
0.822164
0.826534
0.832789
0.829817
0.833939
0.832514
0.822807
0.83822
0.835817
0.830339
0.823487
0.836583
0.830326
0.827277
0.834502
0.831575
0.839725
0.827275
0.828127
0.841079
0.828141
0.824854
0.824899
0.827621
0.825323
0.837184
0.834044
0.827036
0.827137
0.83411
0.831654
0.829574
0.833104
0.81788
0.826048
0.827507
0.824507
0.830532
0.825982
0.830757
0.822015
0.82975
0.830812
0.826941
0.834082
0.828201
0.830076
0.830095
0.836444
0.831234
0.82657
0.828225
0.833511
0.825271
0.837067
0.83818
0.831061
0.826839
0.828364
0.823513
0.830422
0.841536
0.835059
0.81658
0.833315
0.836616
0.823972
0.833508
0.832986
0.833972
0.833532
0.832644
0.828265
0.824151
0.831694
0.832937
0.835118
0.823139
0.837959
0.837169
0.829883
0.830887
0.828874
0.821582
0.832415
0.828527
0.826388
0.828332
0.825362
0.828606
0.83544
0.8274
0.82972
0.829942
0.835823
0.829375
0.829144
0.837111
0.83727
0.831687
0.81742
0.831868
0.831641
0.833057
0.835197
0.828063
0.832193
0.819617
0.839201
0.828576
0.831987
0.832073
0.824794
0.822505
0.827528
0.825316
0.838517
0.827761
0.827777
0.834581
0.82368
0.83458
0.827103
0.827512
0.831875
0.836248
0.846164
0.829379
0.836354
0.83764
0.838534
0.834342
0.825333
0.833805
0.836512
0.830161
0.828451
0.833649
0.829406
0.826863
0.83838
0.830185
0.828806
0.839043
0.821898
0.833279
0.827032
0.825255
0.833117
0.832419
0.832538
0.832806
0.834534
0.825563
0.824596
0.829547
0.827097
0.821828
0.842024
0.828464
0.819997
0.829568
0.828383
0.831686
0.833982
0.828758
0.838738
0.827714
0.8326
0.833567
0.826637
0.829416
0.832681
0.828298
0.833958
0.833299
0.82159
0.826389
0.833272
0.830677
0.829034
0.835044
0.828539
0.824833
0.827509
0.824499
0.830673
0.828005
0.822994
0.832301
0.826155
0.828301
0.830478
0.835973
0.825492
0.830334
0.830677
0.823564
0.823318
0.823159
0.824701
0.830514
0.835351
0.832089
0.829228
0.832626
0.83794
0.831962
0.819806
0.823841
0.83071
0.8369
0.842385
0.828411
0.823925
0.820603
0.839517
0.829654
0.836997
0.823652
0.829776
0.83808
0.824602
0.837732
0.826559
0.838162
0.82882
0.838166
0.83034
0.838299
0.842373
0.841053
0.826413
0.83819
0.817726
0.830446
0.832913
0.837177
0.827457
0.829499
0.8332
0.823498
0.829127
0.831543
0.837936
0.837013
0.824364
0.840947
0.825754
0.826772
0.82349
0.827332
0.828924
0.837321
0.824752
0.833432
0.827341
0.827804
0.829203
0.832382
0.824517
0.831071
0.832513
0.827317
0.835148
0.829333
0.833091
0.820287
0.827141
0.831178
0.82349
0.826445
0.826947
0.830366
0.829595
0.827748
0.823098
0.834322
0.82757
0.834683
0.826475
0.818558
0.827309
0.828689
0.828662
0.8385
0.835264
0.82874
0.826717
0.823625
0.824403
0.829187
0.833307
0.831329
0.829091
0.830582
0.831941
0.833582
0.825968
0.829026
0.829354
0.826829
0.824035
0.831275
0.832979
0.829822
0.82709
0.829238
0.835275
0.829258
0.832337
0.825954
0.823703
0.829593
0.834779
0.834909
0.826823
0.831475
0.832925
0.833634
0.828964
0.831144
0.827494
0.829032
0.833525
0.831759
0.835823
0.830687
0.83788
0.827134
0.829052
0.835297
0.821294
0.831254
0.826597
0.833286
0.827784
0.816643
0.841655
0.822562
0.825289
0.833535
0.833326
0.828568
0.825362
0.84209
0.824575
0.82401
0.830961
0.825047
0.82639
0.831805
0.838856
0.831731
0.823811
0.823611
0.838633
0.828814
0.828453
0.832384
0.829462
0.823373
0.829391
0.828471
0.833786
0.826148
0.826001
0.841367
0.827657
0.826874
0.81792
0.825885
0.828434
0.83016
0.825469
0.831276
0.840476
0.831905
0.822391
0.832653
0.832115
0.831424
0.828834
0.828628
0.824182
0.838244
0.827642
0.838425
0.830433
0.829269
0.832197
0.836806
0.828373
0.830287
0.832141
0.826096
0.827103
0.830391
0.827175
0.825778
0.827605
0.834203
0.833162
0.819248
0.816446
0.824751
0.837246
0.827541
0.830432
0.823747
0.831003
0.835009
0.82438
0.824216
0.841257
0.838745
0.835311
0.825113
0.824839
0.828456
0.832023
0.824485
0.832001
0.821374
0.82808
0.832197
0.836744
0.833586
0.828016
0.825567
0.827801
0.840904
0.835132
0.829069
0.837934
0.829489
0.839771
0.836507
0.820526
0.828816
0.824492
0.833011
0.838037
0.831225
0.837941
0.824214
0.827949
0.833692
0.830925
0.827038
0.822697
0.834367
0.83148
0.836354
0.824976
0.824118
0.825549
0.826288
0.828665
0.832158
0.828153
0.827298
0.827929
0.82335
0.838787
0.8319
0.826079
0.821672
0.83416
0.833317
0.82887
0.83326
0.837679
0.832033
0.82628
0.819344
0.831159
0.827178
0.821682
0.830457
0.830349
0.829242
0.832889
0.84582
0.832974
0.829434
0.823538
0.833858
0.823815
0.836712
0.83672
0.825815
0.830928
0.837858
0.83239
0.8308
0.824856
0.829954
0.833098
0.840061
0.829703
0.840014
0.827237
0.828058
0.827083
0.823502
0.830537
0.828859
0.82144
0.829865
0.82483
0.835031
0.828445
0.828236
0.827671
0.828192
0.832828
0.827608
0.829077
0.831886
0.827428
0.834935
0.823071
0.831611
0.825436
0.827943
0.834605
0.827582
0.832072
0.828962
0.836659
0.828075
0.825206
0.827543
0.825678
0.834779
0.827465
0.834478
0.836032
0.831245
0.819648
0.835024
0.832781
0.827849
0.836506
0.829528
0.831848
0.834378
0.831026
0.825956
0.82189
0.831471
0.834363
0.827027
0.834107
0.839179
0.823976
0.827444
0.841297
0.832367
0.830505
0.833529
0.829312
0.834302
0.826189
0.82872
0.828031
0.819027
0.827685
0.830003
0.828965
0.836651
0.837865
0.828837
0.830077
0.833478
0.82463
0.82746
0.827859
0.836524
0.830648
0.841076
0.841766
0.824778
0.829567
0.835917
0.8268
0.832002
0.838472
0.831353
0.825528
0.839162
0.843039
0.826063
0.82482
0.823841
0.825366
0.825302
0.823095
0.830384
0.828826
0.827284
0.822768
0.831475
0.849264
0.834933
0.834127
0.828515
0.823161
0.829344
0.838595
0.827745
0.827052
0.828665
0.830858
0.828465
0.832551
0.826033
0.83377
0.822658
0.824774
0.840004
0.828535
0.835002
0.828679
0.836344
0.831295
0.830827
0.824525
0.823495
0.825368
0.826373
0.829649
0.827372
0.824733
0.822245
0.828408
0.827923
0.836713
0.83426
0.829076
0.832942
0.826828
0.823854
0.836892
0.826706
0.827649
0.819209
0.832072
0.833899
0.837465
0.832763
0.825441
0.836808
0.828769
0.832383
0.836343
0.830153
0.824722
0.819569
0.830547
0.827456
0.822248
0.825915
0.837689
0.834977
0.823925
0.826434
0.828415
0.826438
0.833689
0.818298
0.832856
0.817165
0.826924
0.83652
0.82238
0.830503
0.826543
0.832273
0.825757
0.835353
0.831237
0.829997
0.825204
0.828157
0.819907
0.828574
0.830207
0.830007
0.824823
0.843011
0.833499
0.822928
0.831304
0.825274
0.824941
0.832132
0.83205
0.819894
0.820988
0.828792
0.827125
0.827401
0.822246
0.828168
0.841535
0.827666
0.829785
0.840691
0.838397
0.830765
0.839564
0.831463
0.837413
0.821376
0.82398
0.83653
0.83044
0.833545
0.827731
0.831795
0.829786
0.830109
0.826291
0.827808
0.83853
0.83337
0.831232
0.821634
0.838076
0.827983
0.824968
0.827706
0.823586
0.824939
0.825905
0.830619
0.833156
0.819854
0.831686
0.824271
0.827155
0.834574
0.82854
0.82601
0.83315
0.830683
0.831464
0.82878
0.832365
0.839835
0.825226
0.830521
0.825568
0.835355
0.821998
0.831803
0.822359
0.827333
0.835535
0.832756
0.837708
0.824697
0.829608
0.825829
0.829447
0.830057
0.828903
0.830171
0.827307
0.843307
0.825408
0.822541
0.831485
0.823054
0.826846
0.834693
0.834178
0.825376
0.833937
0.820716
0.825278
0.832219
0.822313
0.83982
0.824586
0.828718
0.829748
0.829341
0.819876
0.83098
0.839613
0.83152
0.835149
0.827879
0.830781
0.832444
0.827662
0.830171
0.83266
0.831514
0.832582
0.830676
0.832437
0.821353
0.834632
0.820666
0.824154
0.820421
0.837017
0.831931
0.827248
0.829662
0.829879
0.836838
0.839237
0.834876
0.831913
0.836905
0.828545
0.837212
0.831466
0.829293
0.839203
0.828091
0.828252
0.820553
0.831331
0.82362
0.830863
0.825448
0.831658
0.831878
0.829852
0.829744
0.827832
0.834859
0.833374
0.831323
0.832456
0.829154
0.830645
0.831372
0.82949
0.835404
0.821128
0.827549
0.830962
0.83827
0.829941
0.827225
0.832781
0.826656
0.822212
0.822018
0.828773
0.828963
0.844797
0.832039
0.838764
0.828443
0.821306
0.824876
0.826701
0.822717
0.829246
0.822541
0.824248
0.831921
0.834549
0.837864
0.821569
0.830153
0.827133
0.839544
0.836364
0.823835
0.836128
0.819546
0.836942
0.824623
0.830954
0.826703
0.826735
0.835978
0.825977
0.826782
0.830428
0.833095
0.837258
0.832899
0.828266
0.827493
0.832484
0.837823
0.829566
0.829483
0.834505
0.83025
0.818071
0.837155
0.823849
0.834729
0.822132
0.824519
0.823682
0.830013
0.835373
0.82685
0.825009
0.82048
0.832241
0.829611
0.823747
0.821816
0.823165
0.832368
0.825519
0.838431
0.823592
0.833738
0.832857
0.815824
0.835104
0.831081
0.830195
0.831939
0.828306
0.828596
0.82758
0.823969
0.837467
0.826735
0.824572
0.831256
0.820188
0.826783
0.834817
0.830668
0.823465
0.831752
0.838855
0.828234
0.828598
0.838067
0.833919
0.820815
0.826474
0.823287
0.828983
0.828826
0.821753
0.830205
0.831523
0.82824
0.822737
0.832561
0.829282
0.841547
0.822456
0.834359
0.831261
0.838475
0.830915
0.83232
0.822029
0.832404
0.831293
0.835611
0.8304
0.831151
0.835427
0.827116
0.83006
0.840237
0.832628
0.83238
0.822986
0.827199
0.832921
0.828042
0.84083
0.823824
0.824717
0.822301
0.828697
0.836164
0.824747
0.834451
0.833529
0.838093
0.849059
0.846469
0.830852
0.831469
0.830706
0.831331
0.83628
0.831428
0.831263
0.83562
0.831902
0.829144
0.830521
0.829428
0.8287
0.821806
0.829686
0.830857
0.832409
0.833599
0.82927
0.833084
0.831465
0.827372
0.833506
0.835535
0.826651
0.825256
0.824025
0.831901
0.823363
0.82877
0.830612
0.833358
0.829986
0.831048
0.825647
0.828263
0.832872
0.832773
0.829437
0.833237
0.832159
0.824373
0.82375
0.831487
0.824233
0.81835
0.839954
0.840676
0.827124
0.831116
0.824186
0.834933
0.828945
0.826865
0.823739
0.829779
0.82725
0.836936
0.83515
0.824046
0.828955
0.832734
0.832337
0.829582
0.828811
0.827982
0.843384
0.831959
0.828657
0.832985
0.833256
0.83741
0.828948
0.831925
0.819331
0.825178
0.818285
0.831402
0.83317
0.844935
0.836743
0.833704
0.83696
0.822837
0.8349
0.826837
0.822261
0.825201
0.840997
0.836049
0.830099
0.828738
0.826671
0.826522
0.837147
0.831316
0.82732
0.848089
0.822435
0.832174
0.839175
0.836979
0.834445
0.825266
0.837082
0.835832
0.833061
0.838416
0.833214
0.836581
0.829749
0.836923
0.822986
0.827801
0.831014
0.831652
0.825821
0.831773
0.831487
0.835777
0.839112
0.837083
0.832842
0.828319
0.83931
0.831349
0.830446
0.837848
0.830311
0.83703
0.827651
0.825865
0.830064
0.831864
0.835884
0.831234
0.827307
0.828095
0.836143
0.830275
0.831566
0.82306
0.83054
0.83247
0.831173
0.83071
0.832951
0.828891
0.835063
0.818262
0.828617
0.820991
0.837861
0.823405
0.833672
0.823153
0.815994
0.828861
0.824317
0.829111
0.838833
0.829824
0.823599
0.829918
0.832042
0.832643
0.843785
0.835323
0.836797
0.826929
0.833085
0.837165
0.827695
0.826907
0.833052
0.836107
0.82403
0.834603
0.828682
0.834113
0.827476
0.821659
0.828931
0.825596
0.830246
0.829056
0.833864
0.82363
0.833644
0.818967
0.82876
0.830843
0.83656
0.837968
0.837279
0.834268
0.828827
0.842403
0.826417
0.828839
0.82562
0.820807
0.833832
0.832203
0.821517
0.8241
0.827369
0.829793
0.824076
0.823329
0.825212
0.825474
0.820092
0.835696
0.831311
0.829162
0.832473
0.83394
0.827294
0.838886
0.823822
0.829524
0.833502
0.831823
0.822094
0.829898
0.831595
0.828187
0.822722
0.841399
0.833786
0.829696
0.836996
0.837165
0.825427
0.839516
0.834156
0.8307
0.831302
0.819215
0.836359
0.827275
0.829686
0.827916
0.82506
0.824564
0.830956
0.829884
0.819938
0.835455
0.829637
0.828255
0.822435
0.830916
0.826646
0.830132
0.838488
0.824902
0.827983
0.834297
0.832545
0.824385
0.830409
0.829789
0.827594
0.838448
0.829096
0.838399
0.823592
0.83178
0.829247
0.825666
0.834574
0.826905
0.813964
0.833918
0.833738
0.816016
0.836723
0.836838
0.820468
0.832757
0.834655
0.829049
0.827291
0.833466
0.838655
0.820143
0.829423
0.830378
0.827639
0.831967
0.828557
0.837619
0.8238
0.845701
0.824201
0.829434
0.825493
0.831768
0.840198
0.819909
0.831867
0.825307
0.839682
0.830132
0.834636
0.833452
0.831963
0.833796
0.830772
0.835814
0.824554
0.828831
0.819184
0.833305
0.819646
0.822241
0.824836
0.818708
0.829234
0.818641
0.832595
0.833641
0.83112
0.8221
0.824339
0.837883
0.833503
0.835315
0.826296
0.835591
0.82997
0.835361
0.825883
0.822128
0.830276
0.8379
0.823347
0.828808
0.825504
0.833963
0.831146
0.826242
0.834368
0.834765
0.824829
0.83478
0.82807
0.826567
0.83224
0.830574
0.825069
0.82765
0.827453
0.831253
0.823958
0.828915
0.816184
0.837396
0.829931
0.830273
0.838016
0.831427
0.819097
0.838628
0.839528
0.833803
0.829702
0.829409
0.834459
0.830885
0.833696
0.836825
0.824899
0.837511
0.818128
0.833162
0.824862
0.829241
0.821211
0.83457
0.846844
0.83204
0.831178
0.821629
0.836289
0.830281
0.823437
0.825562
0.83058
0.835445
0.822732
0.830485
0.823363
0.828169
0.828882
0.836438
0.82264
0.83745
0.824182
0.83478
0.833577
0.835716
0.834769
0.83237
0.827403
0.838024
0.831607
0.832224
0.827844
0.828503
0.821699
0.834147
0.82671
0.82768
0.829875
0.839497
0.812559
0.824208
0.826677
0.828383
0.839256
0.831796
0.833116
0.825645
0.836423
0.828173
0.829255
0.822345
0.828223
0.835406
0.831127
0.830619
0.838392
0.840109
0.82818
0.822258
0.834945
0.826596
0.83296
0.827357
0.840622
0.822823
0.825382
0.82703
0.833673
0.83033
0.824339
0.837918
0.82652
0.842472
0.828233
0.820265
0.825536
0.827527
0.828763
0.836629
0.831989
0.833976
0.831706
0.836589
0.836605
0.829703
0.837649
0.823931
0.822506
0.830577
0.831011
0.824698
0.833524
0.826885
0.826037
0.824456
0.827454
0.825677
0.82816
0.827287
0.835209
0.827136
0.831535
0.837816
0.834907
0.832295
0.826385
0.830012
0.8347
0.829076
0.828719
0.839171
0.830913
0.831216
0.830787
0.832676
0.830891
0.824148
0.823358
0.83686
0.832228
0.825695
0.837647
0.822925
0.825662
0.827448
0.823043
0.833148
0.831244
0.825302
0.839038
0.822183
0.821531
0.832234
0.83432
0.83063
0.834152
0.836216
0.832061
0.828935
0.839156
0.831089
0.831041
0.839666
0.837551
0.826329
0.845064
0.827056
0.823764
0.833209
0.831885
0.828756
0.837896
0.825259
0.818386
0.836519
0.821175
0.838052
0.827193
0.822167
0.824948
0.821552
0.826526
0.827099
0.834177
0.823338
0.830602
0.821939
0.834201
0.834242
0.82562
0.830025
0.831917
0.829719
0.840642
0.825833
0.823105
0.838211
0.834228
0.832809
0.831289
0.831738
0.840666
0.826316
0.833537
0.834075
0.826644
0.829764
0.827479
0.831355
0.829852
0.815695
0.821246
0.830063
0.830259
0.824272
0.821719
0.828
0.831624
0.834007
0.83261
0.821112
0.834363
0.825858
0.834688
0.829851
0.828145
0.830134
0.842266
0.83129
0.836695
0.828612
0.825732
0.825679
0.828403
0.827396
0.838857
0.833723
0.836277
0.83031
0.828289
0.828754
0.82544
0.818389
0.829175
0.826023
0.828205
0.824805
0.822619
0.832397
0.827525
0.828716
0.832384
0.835572
0.822395
0.833123
0.831802
0.83107
0.823182
0.831757
0.831101
0.822317
0.824853
0.839869
0.826223
0.827311
0.835421
0.830086
0.824146
0.832159
0.841932
0.825847
0.838789
0.830635
0.845211
0.834668
0.82798
0.827346
0.83193
0.830744
0.825679
0.830323
0.828077
0.822532
0.845683
0.826023
0.827169
0.825711
0.830697
0.834533
0.828821
0.832396
0.830456
0.838739
0.831974
0.827038
0.822937
0.83225
0.826691
0.826197
0.830091
0.81879
0.825417
0.828854
0.826371
0.836312
0.826368
0.828623
0.841019
0.841899
0.829362
0.833954
0.818607
0.828227
0.839603
0.825673
0.828264
0.825673
0.824224
0.835773
0.834467
0.828048
0.824315
0.821028
0.828753
0.824543
0.849515
0.831701
0.82635
0.831794
0.829971
0.825809
0.825643
0.827906
0.823712
0.834744
0.832694
0.830273
0.823942
0.83389
0.827451
0.82638
0.832335
0.838523
0.831967
0.839627
0.824239
0.829078
0.823467
0.824117
0.823154
0.826725
0.832494
0.827973
0.830196
0.829025
0.832833
0.836193
0.834656
0.827244
0.827771
0.82953
0.830511
0.833616
0.827072
0.829042
0.815263
0.828123
0.83225
0.827701
0.83684
0.836889
0.822092
0.831557
0.82916
0.82677
0.826474
0.840576
0.831098
0.834528
0.825364
0.831887
0.822346
0.822872
0.829163
0.832142
0.822457
0.828398
0.830424
0.821137
0.828752
0.826482
0.837865
0.830839
0.828081
0.823051
0.830792
0.82682
0.831248
0.827502
0.828255
0.835598
0.822995
0.833614
0.829734
0.839286
0.839552
0.826082
0.823656
0.822316
0.834424
0.841532
0.827325
0.826807
0.823256
0.828822
0.842721
0.82672
0.830537
0.832372
0.82626
0.834548
0.830033
0.826172
0.825129
0.827349
0.83188
0.826181
0.831798
0.828055
0.834363
0.825183
0.838098
0.831188
0.838727
0.835734
0.826
0.829193
0.818421
0.833604
0.827403
0.827543
0.828313
0.836773
0.828266
0.822453
0.834045
0.826696
0.828521
0.822041
0.828111
0.830047
0.833117
0.823288
0.824079
0.828453
0.827253
0.829695
0.83786
0.826647
0.839675
0.827741
0.820918
0.819862
0.828475
0.836548
0.825713
0.834683
0.828556
0.833027
0.820679
0.821937
0.824016
0.826567
0.847057
0.82794
0.827113
0.829883
0.84226
0.82542
0.826636
0.831055
0.837056
0.825635
0.820529
0.837829
0.835492
0.833764
0.829424
0.824451
0.833087
0.82502
0.815416
0.82489
0.842348
0.831476
0.82162
0.829334
0.826885
0.82861
0.830146
0.821483
0.835039
0.827153
0.823381
0.835896
0.831214
0.831639
0.835809
0.824005
0.833506
0.835844
0.822916
0.832012
0.831432
0.828831
0.827879
0.825246
0.839941
0.827589
0.827703
0.826636
0.830052
0.827618
0.819559
0.839217
0.83618
0.824738
0.834535
0.834304
0.81877
0.831846
0.827188
0.824611
0.829016
0.827832
0.829349
0.828878
0.829405
0.828188
0.832557
0.836123
0.83671
0.843437
0.83473
0.836474
0.831186
0.828584
0.830687
0.835693
0.81805
0.837059
0.829546
0.828929
0.834857
0.830306
0.825307
0.836023
0.829053
0.830052
0.822636
0.827904
0.827441
0.834261
0.832416
0.819737
0.828194
0.821777
0.827858
0.821124
0.828148
0.827483
0.835031
0.829327
0.838403
0.83014
0.832456
0.834627
0.823638
0.820716
0.827351
0.832703
0.836374
0.843528
0.8264
0.833382
0.830555
0.828194
0.831071
0.831229
0.830187
0.825422
0.833044
0.832882
0.831862
0.829287
0.832992
0.827226
0.831212
0.839515
0.838207
0.830599
0.823722
0.830296
0.82924
0.833259
0.828598
0.824524
0.832447
0.831275
0.828832
0.841166
0.827122
0.833371
0.823594
0.822428
0.83665
0.834604
0.831792
0.826652
0.824439
0.83141
0.835479
0.83401
0.830092
0.824916
0.831006
0.827988
0.835162
0.83169
0.837189
0.831683
0.819709
0.830688
0.832466
0.831792
0.833837
0.824758
0.831731
0.82814
0.828776
0.825687
0.827117
0.823716
0.827874
0.837165
0.830885
0.83249
0.826376
0.827462
0.822231
0.830395
0.828138
0.829351
0.837193
0.835902
0.824044
0.830416
0.825138
0.829994
0.829526
0.828397
0.824292
0.829868
0.818758
0.828111
0.831638
0.828975
0.826955
0.824826
0.832664
0.826364
0.844092
0.830933
0.830826
0.823625
0.834585
0.833421
0.830856
0.833846
0.829671
0.830584
0.834421
0.820583
0.833414
0.832248
0.829724
0.81562
0.829285
0.828181
0.836268
0.83217
0.824914
0.825365
0.834443
0.823214
0.832169
0.849176
0.83011
0.837327
0.823461
0.826562
0.827218
0.825473
0.824826
0.820296
0.820605
0.829992
0.818599
0.841119
0.837889
0.828139
0.82832
0.823286
0.831689
0.834119
0.831111
0.827575
0.831299
0.830305
0.829313
0.823418
0.834133
0.838104
0.82192
0.823751
0.828179
0.826708
0.83514
0.827082
0.827846
0.841325
0.828911
0.837598
0.823812
0.827474
0.823478
0.829314
0.834501
0.832216
0.829363
0.838896
0.827076
0.828319
0.831147
0.822986
0.826911
0.815803
0.819832
0.827519
0.823495
0.826156
0.83138
0.832919
0.8291
0.827163
0.834352
0.822833
0.829426
0.829609
0.836249
0.831982
0.821319
0.834191
0.8225
0.818516
0.824373
0.833196
0.833494
0.837752
0.830526
0.837688
0.827108
0.826744
0.825302
0.834609
0.827442
0.827652
0.839089
0.834356
0.830341
0.832978
0.829653
0.824532
0.827394
0.823056
0.829022
0.835193
0.829869
0.829749
0.828686
0.834758
0.835263
0.826175
0.82837
0.822645
0.841544
0.831052
0.827207
0.825938
0.833016
0.825395
0.828284
0.81994
0.833976
0.832386
0.829551
0.838728
0.825104
0.830664
0.829456
0.829385
0.832923
0.835489
0.829617
0.825242
0.82509
0.835977
0.818609
0.826274
0.828106
0.814115
0.832946
0.824697
0.82051
0.832853
0.831348
0.834182
0.824724
0.829455
0.825042
0.837052
0.842967
0.840184
0.836255
0.832103
0.836555
0.833015
0.827897
0.82085
0.833934
0.837253
0.834823
0.826393
0.824167
0.836347
0.821423
0.839471
0.831918
0.832278
0.828979
0.827955
0.82274
0.826212
0.837595
0.8244
0.836048
0.842715
0.834881
0.829879
0.831248
0.830383
0.834808
0.836869
0.833744
0.829476
0.823368
0.834895
0.830058
0.830508
0.823853
0.832574
0.826284
0.828826
0.830519
0.825285
0.832738
0.83552
0.833632
0.83044
0.825911
0.831125
0.835307
0.824588
0.834935
0.834356
0.833076
0.831915
0.826499
0.831944
0.836215
0.818766
0.822424
0.832033
0.826047
0.824759
0.836078
0.827046
0.828844
0.835758
0.827093
0.828146
0.8307
0.835624
0.830461
0.827922
0.831949
0.828366
0.828662
0.836273
0.822375
0.824045
0.824777
0.826969
0.820849
0.828807
0.824238
0.829709
0.825731
0.843835
0.832713
0.83802
0.828728
0.82921
0.826963
0.824246
0.825703
0.826779
0.830375
0.835965
0.824941
0.841291
0.83543
0.828384
0.827906
0.836788
0.831335
0.830438
0.829943
0.824903
0.829119
0.831999
0.822383
0.828343
0.82644
0.831737
0.838284
0.834503
0.830383
0.839597
0.831295
0.83095
0.83223
0.831309
0.828588
0.829874
0.814937
0.828878
0.834691
0.83545
0.840639
0.830038
0.831651
0.826974
0.827124
0.834273
0.838354
0.819501
0.847469
0.82875
0.827063
0.83808
0.83466
0.830987
0.828036
0.826065
0.843047
0.818557
0.828827
0.831227
0.828289
0.831052
0.839574
0.826755
0.835198
0.826783
0.828868
0.835137
0.834104
0.835767
0.825594
0.83855
0.8396
0.830759
0.83648
0.825921
0.829394
0.822493
0.828727
0.829088
0.839042
0.833483
0.8243
0.83339
0.834796
0.836731
0.834414
0.842111
0.827266
0.832428
0.827241
0.8374
0.825856
0.833596
0.837778
0.833641
0.831844
0.839564
0.838537
0.819978
0.830421
0.830624
0.832043
0.844092
0.833923
0.827597
0.825116
0.83512
0.818674
0.829655
0.831906
0.833957
0.824392
0.828506
0.835025
0.825555
0.828485
0.828217
0.823502
0.83571
0.827351
0.83035
0.840453
0.821674
0.830041
0.830729
0.826089
0.823133
0.822344
0.840651
0.827671
0.829904
0.824926
0.841351
0.847593
0.83571
0.832744
0.831035
0.835537
0.816611
0.823006
0.830225
0.82994
0.840115
0.827308
0.838078
0.836002
0.824457
0.828743
0.830953
0.830142
0.825782
0.834045
0.830113
0.824576
0.826039
0.82664
0.836004
0.840703
0.839843
0.830853
0.826495
0.829658
0.827769
0.828203
0.831926
0.816463
0.835488
0.82425
0.838144
0.826345
0.835782
0.834137
0.830152
0.830731
0.829835
0.827218
0.830107
0.821718
0.819382
0.829019
0.83008
0.822
0.818386
0.837154
0.830837
0.833637
0.826563
0.827883
0.838262
0.842668
0.837524
0.826945
0.828552
0.826362
0.835509
0.8342
0.81964
0.825307
0.831501
0.831021
0.82811
0.843335
0.834899
0.838424
0.829249
0.82425
0.835047
0.836054
0.837141
0.827103
0.821205
0.831794
0.834924
0.829888
0.828729
0.830846
0.829919
0.823544
0.829177
0.826725
0.83404
0.825245
0.836527
0.8243
0.827566
0.823295
0.833745
0.83415
0.82104
0.822546
0.830291
0.823598
0.828371
0.829226
0.825962
0.829409
0.820569
0.826934
0.831845
0.836962
0.828776
0.832134
0.822419
0.822943
0.829027
0.817298
0.82868
0.826435
0.829916
0.830541
0.828928
0.829563
0.839433
0.825943
0.82617
0.821844
0.834953
0.834172
0.833161
0.826676
0.834119
0.82541
0.822947
0.829981
0.830224
0.834397
0.831309
0.832764
0.830045
0.82562
0.837338
0.820907
0.828007
0.828789
0.832965
0.837395
0.826129
0.820897
0.838308
0.833278
0.828307
0.827807
0.818462
0.829164
0.82929
0.832419
0.821237
0.828446
0.824245
0.834837
0.819795
0.820351
0.836307
0.845733
0.824487
0.832611
0.828073
0.831909
0.829699
0.819328
0.821949
0.838435
0.822546
0.843323
0.833825
0.826077
0.832542
0.818339
0.838673
0.82735
0.838137
0.836894
0.835847
0.827575
0.834597
0.826049
0.835592
0.828854
0.82903
0.826324
0.830481
0.826445
0.827441
0.82784
0.830201
0.82806
0.832075
0.822816
0.825857
0.822321
0.836243
0.835613
0.825291
0.841217
0.834047
0.825002
0.833569
0.828994
0.828097
0.838012
0.831545
0.826678
0.832147
0.822701
0.82553
0.832547
0.83145
0.828836
0.830074
0.828792
0.825313
0.82181
0.825322
0.824565
0.828136
0.822183
0.837785
0.836534
0.828435
0.829571
0.836022
0.827322
0.834106
0.831821
0.8256
0.827317
0.824633
0.822357
0.826924
0.829722
0.832683
0.829949
0.833866
0.826579
0.830078
0.831827
0.825879
0.830484
0.831298
0.824027
0.824711
0.826527
0.828933
0.826676
0.831332
0.837967
0.832511
0.832671
0.824549
0.82609
0.825087
0.82488
0.834374
0.832099
0.828038
0.831525
0.830272
0.828045
0.837003
0.827647
0.833511
0.825545
0.832858
0.824566
0.824076
0.834882
0.829651
0.832999
0.830527
0.835707
0.833358
0.834526
0.819684
0.82677
0.82054
0.832131
0.831185
0.827821
0.832079
0.836389
0.833078
0.838842
0.827256
0.821134
0.834897
0.831462
0.824195
0.824386
0.824459
0.827284
0.830967
0.834968
0.83342
0.835863
0.830612
0.819364
0.835197
0.843972
0.83323
0.831391
0.831957
0.825979
0.827419
0.834981
0.840284
0.83123
0.834283
0.827126
0.842743
0.822301
0.825585
0.817386
0.826757
0.831784
0.826009
0.835949
0.825595
0.825082
0.828058
0.831481
0.835747
0.83114
0.820045
0.823779
0.832735
0.835185
0.828211
0.837948
0.831274
0.825913
0.842261
0.838249
0.828537
0.842183
0.836587
0.83304
0.830426
0.821293
0.833347
0.835275
0.834606
0.833068
0.831579
0.828233
0.830142
0.828915
0.826376
0.822761
0.824665
0.845674
0.835668
0.838192
0.837484
0.832927
0.830467
0.827949
0.818333
0.829469
0.832419
0.82345
0.827923
0.829134
0.829713
0.82264
0.835685
0.836859
0.832292
0.834542
0.833596
0.821256
0.828934
0.835301
0.833639
0.829294
0.83437
0.840331
0.837649
0.834361
0.838029
0.830907
0.841346
0.828611
0.837419
0.824121
0.830248
0.825186
0.837942
0.826885
0.831366
0.83541
0.826338
0.826945
0.827615
0.81938
0.831482
0.829483
0.821422
0.827119
0.830292
0.83398
0.831642
0.830424
0.827712
0.826305
0.829519
0.83651
0.831163
0.821888
0.840143
0.828703
0.831722
0.831028
0.83462
0.822251
0.834096
0.835432
0.81882
0.829666
0.831726
0.831581
0.829057
0.825017
0.81936
0.834468
0.83303
0.824682
0.824893
0.8335
0.839814
0.827102
0.829643
0.825751
0.835022
0.821861
0.832449
0.829009
0.826061
0.832173
0.82929
0.828437
0.820137
0.827635
0.826145
0.837663
0.8398
0.821678
0.829342
0.82893
0.839313
0.82862
0.830929
0.829392
0.823753
0.823027
0.8331
0.82604
0.831486
0.843616
0.827446
0.830451
0.832818
0.838756
0.823841
0.831126
0.83652
0.833078
0.837665
0.823176
0.832662
0.829231
0.829647
0.832777
0.831305
0.831268
0.837497
0.814794
0.827614
0.826298
0.824292
0.836521
0.829338
0.828061
0.826906
0.836307
0.829378
0.830181
0.83412
0.833959
0.83411
0.820849
0.826378
0.832283
0.822988
0.834781
0.836482
0.827216
0.833187
0.823562
0.815051
0.829287
0.839148
0.828847
0.830733
0.825905
0.830733
0.822206
0.831444
0.824926
0.827621
0.835658
0.826182
0.835349
0.826181
0.826702
0.823358
0.82537
0.827093
0.830326
0.835722
0.837808
0.829015
0.827775
0.818659
0.833044
0.832789
0.825843
0.825007
0.824056
0.832134
0.830458
0.820831
0.831769
0.824943
0.83218
0.824627
0.831961
0.829508
0.830256
0.821871
0.821822
0.828563
0.837791
0.830178
0.836193
0.835438
0.832004
0.833088
0.829327
0.819146
0.82632
0.825107
0.830651
0.822119
0.833747
0.836235
0.838132
0.828697
0.839481
0.835563
0.837715
0.828643
0.824533
0.828692
0.828577
0.834708
0.834953
0.837337
0.838414
0.826863
0.833086
0.83032
0.824946
0.826232
0.835879
0.829592
0.829871
0.827221
0.826015
0.820345
0.83762
0.838987
0.827116
0.833197
0.830657
0.837546
0.830142
0.828322
0.821244
0.83528
0.840368
0.831353
0.82663
0.828067
0.824583
0.82687
0.832594
0.83505
0.824088
0.832508
0.829474
0.838967
0.831968
0.817778
0.839247
0.835217
0.831308
0.824799
0.835436
0.824137
0.825657
0.818465
0.830019
0.827249
0.828114
0.823741
0.827516
0.833079
0.8307
0.832515
0.831885
0.831515
0.827555
0.82146
0.826321
0.819549
0.823686
0.840025
0.839187
0.835192
0.832071
0.83821
0.834912
0.824141
0.831964
0.833598
0.844232
0.821729
0.827291
0.828133
0.830316
0.826886
0.824929
0.837089
0.822773
0.830549
0.831457
0.824852
0.827128
0.826422
0.833818
0.827459
0.835171
0.832838
0.828893
0.824264
0.825216
0.83264
0.828184
0.835523
0.817517
0.825559
0.823433
0.833904
0.833175
0.833877
0.831041
0.821962
0.834528
0.829944
0.825171
0.828867
0.833965
0.823126
0.831984
0.84254
0.836347
0.834107
0.836495
0.823989
0.834439
0.823751
0.83433
0.826874
0.835406
0.829868
0.829873
0.830909
0.834753
0.830276
0.822978
0.833091
0.81965
0.82236
0.830458
0.824998
0.82721
0.824271
0.833515
0.82546
0.81925
0.829632
0.831383
0.834661
0.823532
0.838354
0.830727
0.833443
0.830804
0.821787
0.827819
0.816857
0.825977
0.828893
0.826483
0.830058
0.830607
0.833042
0.832456
0.832542
0.827378
0.81771
0.820706
0.841973
0.836913
0.817412
0.835861
0.82423
0.83796
0.840356
0.825518
0.820614
0.818775
0.821368
0.831826
0.823149
0.830536
0.81997
0.830288
0.833429
0.838638
0.835922
0.837574
0.832401
0.826864
0.832148
0.83486
0.842762
0.82916
0.827076
0.832284
0.830468
0.820388
0.827104
0.82401
0.832808
0.828246
0.839167
0.828689
0.831854
0.834007
0.825051
0.829551
0.831454
0.83069
0.836064
0.833538
0.831416
0.829794
0.842403
0.834877
0.830592
0.836148
0.825191
0.833009
0.831445
0.825197
0.829995
0.821456
0.823104
0.828927
0.837344
0.837531
0.830799
0.835913
0.839602
0.834748
0.825097
0.839103
0.834455
0.821551
0.83213
0.83761
0.830955
0.831757
0.827393
0.830929
0.827233
0.829546
0.829796
0.821185
0.830316
0.823672
0.827779
0.833871
0.831002
0.834328
0.825008
0.82783
0.829343
0.838339
0.82121
0.81889
0.835457
0.830703
0.83009
0.841195
0.830995
0.826006
0.832246
0.824265
0.825776
0.8272
0.838742
0.832062
0.826449
0.829116
0.829191
0.829991
0.834425
0.834443
0.832282
0.829164
0.828421
0.81913
0.830591
0.835059
0.835262
0.833947
0.833904
0.831611
0.821402
0.835047
0.833003
0.83486
0.835244
0.827508
0.835113
0.830283
0.829691
0.830053
0.831397
0.836186
0.834262
0.824571
0.835334
0.83966
0.832923
0.834269
0.827579
0.828591
0.840663
0.823888
0.830061
0.835687
0.837372
0.831281
0.828739
0.832224
0.83511
0.830222
0.833278
0.834254
0.826009
0.830608
0.83285
0.828169
0.835203
0.821693
0.825296
0.825762
0.830446
0.828032
0.826193
0.826242
0.827315
0.831915
0.833709
0.829441
0.822116
0.832362
0.830485
0.828212
0.836481
0.831133
0.830446
0.829583
0.832389
0.834201
0.831072
0.828898
0.835053
0.823368
0.824886
0.822632
0.82256
0.833691
0.825173
0.83154
0.825439
0.826388
0.838083
0.834582
0.826536
0.832197
0.83162
0.830582
0.8391
0.818872
0.818661
0.822748
0.82919
0.829383
0.83144
0.835372
0.820097
0.826964
0.828672
0.837989
0.824372
0.827151
0.828715
0.825623
0.835552
0.838024
0.829819
0.831587
0.834129
0.831838
0.824188
0.82841
0.826236
0.822784
0.827683
0.830688
0.831302
0.83005
0.822066
0.831336
0.828586
0.826764
0.830737
0.835256
0.837149
0.836041
0.825718
0.821263
0.822787
0.836943
0.83971
0.829686
0.840064
0.83472
0.831
0.825084
0.840992
0.823846
0.831396
0.839272
0.835199
0.825455
0.833882
0.828456
0.831834
0.830431
0.834978
0.831156
0.845039
0.828271
0.831113
0.830472
0.814134
0.828756
0.833853
0.820146
0.832571
0.821382
0.830167
0.824042
0.837366
0.832461
0.83156
0.827015
0.825107
0.835068
0.830731
0.83007
0.821908
0.820751
0.829914
0.821045
0.832385
0.837589
0.835153
0.829061
0.825639
0.831504
0.841507
0.838831
0.823125
0.828887
0.831693
0.829638
0.833962
0.821616
0.828606
0.834006
0.830615
0.821516
0.838025
0.836451
0.832826
0.831683
0.827331
0.828805
0.82761
0.834475
0.833478
0.832285
0.818922
0.830799
0.83884
0.828444
0.832216
0.825413
0.836247
0.833857
0.823652
0.838249
0.831243
0.831189
0.832308
0.823088
0.830995
0.828511
0.842982
0.82829
0.828941
0.832451
0.828446
0.815946
0.836529
0.816006
0.826807
0.820734
0.828172
0.843179
0.824998
0.827416
0.83481
0.827691
0.833035
0.833287
0.837062
0.838417
0.845409
0.823641
0.826519
0.83226
0.826138
0.830816
0.842226
0.837853
0.824182
0.842924
0.832948
0.833816
0.833755
0.835076
0.825122
0.833194
0.8251
0.830605
0.822068
0.830394
0.838388
0.836726
0.826252
0.82215
0.830898
0.834898
0.832555
0.826184
0.837551
0.822455
0.841922
0.831919
0.827646
0.833377
0.825209
0.830255
0.830829
0.831067
0.834543
0.821552
0.828507
0.82935
0.832447
0.82878
0.828623
0.82504
0.824303
0.817924
0.82923
0.835134
0.827604
0.832439
0.823348
0.826224
0.824962
0.829657
0.818644
0.823303
0.828671
0.82729
0.825724
0.833791
0.826595
0.832225
0.826798
0.825871
0.834926
0.832046
0.831932
0.830554
0.829607
0.830403
0.827896
0.826915
0.838078
0.827749
0.833335
0.833239
0.823529
0.829412
0.830479
0.830801
0.826865
0.816679
0.823407
0.840259
0.836147
0.824523
0.833665
0.825338
0.832066
0.829891
0.835668
0.826989
0.831594
0.835687
0.832764
0.829711
0.831929
0.837907
0.830822
0.835805
0.833514
0.823379
0.833625
0.834694
0.828488
0.831218
0.82563
0.829701
0.827035
0.830333
0.826139
0.831663
0.821761
0.823907
0.831028
0.841573
0.822422
0.830635
0.834745
0.82615
0.83061
0.832126
0.833434
0.823309
0.830313
0.832398
0.830661
0.831633
0.837441
0.831335
0.824615
0.835545
0.83938
0.829895
0.828555
0.823906
0.837885
0.831147
0.821997
0.830736
0.829922
0.828641
0.824971
0.837171
0.838097
0.841436
0.832175
0.828903
0.832188
0.828409
0.832898
0.836094
0.825782
0.830454
0.825532
0.829802
0.826608
0.829043
0.832585
0.826248
0.828414
0.824451
0.834576
0.825607
0.833967
0.833616
0.82725
0.829621
0.82837
0.832307
0.826911
0.827879
0.825562
0.830014
0.834772
0.82904
0.822701
0.828785
0.84167
0.82422
0.829483
0.822086
0.840007
0.820812
0.8319
0.824868
0.822873
0.832538
0.829456
0.836776
0.832164
0.828305
0.834028
0.836366
0.831701
0.837327
0.828165
0.8394
0.837809
0.836819
0.833452
0.813995
0.827002
0.82722
0.829772
0.830911
0.822596
0.8255
0.824135
0.827483
0.831974
0.829292
0.833348
0.832579
0.838494
0.821968
0.825983
0.82436
0.826685
0.831656
0.819811
0.833388
0.831036
0.837695
0.839056
0.837827
0.820027
0.832753
0.824668
0.82974
0.843284
0.830513
0.825541
0.829865
0.837557
0.828172
0.833591
0.837421
0.819991
0.838803
0.83341
0.831092
0.823126
0.824162
0.82779
0.838446
0.828859
0.828078
0.828416
0.817777
0.827549
0.821294
0.836061
0.826658
0.84064
0.836893
0.82502
0.832573
0.832982
0.822316
0.826956
0.831989
0.823827
0.825417
0.827292
0.830827
0.823374
0.832184
0.826309
0.822752
0.826999
0.824754
0.835009
0.843324
0.836141
0.814817
0.827592
0.835776
0.83577
0.82477
0.829468
0.822233
0.83002
0.835677
0.832868
0.823677
0.825281
0.828561
0.839224
0.83214
0.831205
0.826818
0.831844
0.825753
0.827794
0.83114
0.833799
0.83483
0.829519
0.83515
0.830107
0.837073
0.821413
0.832766
0.834191
0.827173
0.824582
0.825883
0.833116
0.829584
0.826365
0.834419
0.825485
0.835341
0.836933
0.826473
0.826035
0.833457
0.828105
0.835623
0.824972
0.82433
0.832409
0.827255
0.830452
0.828798
0.833831
0.829857
0.828633
0.828399
0.835219
0.828094
0.83262
0.833429
0.828669
0.826478
0.82082
0.825951
0.829789
0.828802
0.833208
0.829992
0.822379
0.831468
0.824444
0.822065
0.831998
0.836567
0.821688
0.827241
0.831528
0.843285
0.829446
0.844385
0.826112
0.836877
0.835953
0.832697
0.827433
0.83659
0.833804
0.833826
0.826132
0.840729
0.839395
0.819706
0.831555
0.834581
0.83704
0.836658
0.833974
0.821216
0.825823
0.836511
0.833236
0.827643
0.824962
0.829404
0.830246
0.826584
0.832595
0.827521
0.827077
0.822512
0.830429
0.828204
0.829162
0.819485
0.82986
0.83938
0.816087
0.832619
0.830933
0.821993
0.819191
0.83166
0.831357
0.829498
0.831878
0.818271
0.830382
0.829837
0.83688
0.829685
0.826841
0.825734
0.831844
0.820026
0.837141
0.825586
0.837628
0.836063
0.831857
0.83413
0.833905
0.833369
0.824138
0.820333
0.824525
0.833643
0.819737
0.826907
0.834798
0.823566
0.827859
0.829084
0.824682
0.821474
0.837001
0.830837
0.829794
0.82407
0.829766
0.834313
0.82726
0.829107
0.829978
0.824732
0.823982
0.834554
0.834975
0.831869
0.831998
0.821416
0.825789
0.841397
0.818866
0.822086
0.827606
0.823219
0.826027
0.822039
0.831523
0.826948
0.821934
0.830145
0.830255
0.832803
0.825494
0.835875
0.81122
0.826109
0.826648
0.832549
0.831526
0.840351
0.829897
0.834519
0.842686
0.837285
0.83024
0.828579
0.834038
0.843858
0.830501
0.837431
0.828264
0.821137
0.835669
0.821144
0.82295
0.829645
0.830752
0.823788
0.825097
0.830924
0.827976
0.836169
0.837802
0.823006
0.823188
0.835675
0.814435
0.828858
0.832402
0.820347
0.82624
0.828676
0.832705
0.821244
0.827217
0.830637
0.824535
0.835754
0.830274
0.832501
0.832578
0.822683
0.824105
0.832682
0.841338
0.832619
0.828599
0.835817
0.830424
0.826307
0.831654
0.827257
0.831569
0.824047
0.825114
0.834513
0.82798
0.834554
0.82812
0.829378
0.824004
0.829536
0.839766
0.83302
0.821666
0.83937
0.828678
0.831682
0.826712
0.838827
0.828498
0.829331
0.835488
0.83297
0.826588
0.825437
0.824429
0.829072
0.835191
0.829778
0.837422
0.824835
0.832996
0.833426
0.828025
0.822829
0.822399
0.83248
0.833967
0.830482
0.831147
0.828077
0.827024
0.833903
0.823433
0.832202
0.841981
0.827654
0.828081
0.830857
0.825051
0.836121
0.83128
0.824296
0.832381
0.827726
0.822153
0.831206
0.82439
0.834172
0.831627
0.820425
0.834785
0.824902
0.826706
0.828975
0.83307
0.835298
0.82688
0.829575
0.842681
0.821903
0.829978
0.835919
0.839014
0.817435
0.833682
0.824873
0.821764
0.823866
0.827264
0.838221
0.829209
0.832138
0.828388
0.830132
0.830403
0.829079
0.827935
0.822331
0.824666
0.834452
0.83079
0.833589
0.836471
0.837759
0.826334
0.825601
0.835416
0.82789
0.839189
0.834706
0.834583
0.828433
0.821688
0.828156
0.829605
0.825665
0.828679
0.832137
0.834075
0.827038
0.826684
0.834278
0.827742
0.827864
0.833505
0.829776
0.836318
0.837474
0.826498
0.825669
0.835216
0.830767
0.830675
0.821329
0.837084
0.826106
0.833609
0.816578
0.835238
0.840303
0.831663
0.823354
0.824596
0.831263
0.822778
0.829509
0.834689
0.823626
0.82664
0.826507
0.828946
0.833466
0.827563
0.839549
0.823193
0.837885
0.827245
0.823879
0.835448
0.834354
0.826997
0.827576
0.8214
0.8274
0.837543
0.832246
0.829579
0.818626
0.836839
0.835668
0.831722
0.830942
0.821994
0.837391
0.829968
0.826296
0.826858
0.828956
0.824381
0.834252
0.840154
0.833941
0.829083
0.8373
0.831123
0.841937
0.831114
0.82587
0.835689
0.835934
0.821182
0.838747
0.823735
0.829105
0.825965
0.833677
0.834092
0.829821
0.832527
0.833194
0.835449
0.830178
0.831798
0.831352
0.832166
0.829487
0.8332
0.827954
0.827316
0.834239
0.824545
0.830402
0.837005
0.815962
0.830194
0.825443
0.826949
0.833843
0.814141
0.834117
0.835179
0.815558
0.837527
0.825803
0.828999
0.823348
0.834224
0.832711
0.829439
0.833276
0.826759
0.830835
0.828449
0.84136
0.822459
0.82197
0.826399
0.822886
0.825172
0.840813
0.832604
0.832201
0.817979
0.827526
0.824426
0.835457
0.834265
0.829554
0.835018
0.834679
0.821805
0.829522
0.830421
0.819711
0.822352
0.828025
0.834704
0.833055
0.831451
0.824289
0.828429
0.830436
0.834973
0.830724
0.823399
0.837506
0.835902
0.829441
0.822764
0.839352
0.82846
0.831758
0.833015
0.831244
0.833729
0.833457
0.838433
0.829475
0.815795
0.827815
0.836836
0.827713
0.833038
0.834271
0.834995
0.827089
0.829061
0.830643
0.839568
0.825441
0.822827
0.829136
0.822008
0.836276
0.833275
0.81936
0.825608
0.831574
0.828047
0.832303
0.832105
0.830053
0.834213
0.823322
0.838166
0.830491
0.829481
0.830046
0.835669
0.828003
0.830975
0.826321
0.83656
0.836433
0.835036
0.832482
0.830773
0.829525
0.822996
0.823746
0.828975
0.833899
0.81928
0.831143
0.839557
0.826272
0.828913
0.825277
0.828828
0.828041
0.833871
0.831627
0.824401
0.832544
0.826416
0.829734
0.826039
0.820045
0.835602
0.820526
0.827101
0.828389
0.837651
0.834096
0.831337
0.822191
0.822765
0.835007
0.836973
0.834329
0.822747
0.834034
0.833235
0.835473
0.823524
0.824193
0.82056
0.8297
0.828974
0.82916
0.827139
0.828789
0.825748
0.826752
0.830208
0.8288
0.824159
0.830199
0.826524
0.826011
0.834969
0.833988
0.828509
0.832165
0.833297
0.828774
0.830048
0.824665
0.837904
0.835467
0.837063
0.837424
0.833313
0.829171
0.836816
0.825066
0.841284
0.826969
0.830693
0.826701
0.837329
0.832331
0.827064
0.829785
0.828811
0.833895
0.828231
0.828741
0.824459
0.832324
0.832275
0.828109
0.825283
0.827504
0.826456
0.836672
0.821894
0.844863
0.82853
0.819488
0.832798
0.833794
0.826873
0.83006
0.825715
0.82811
0.833934
0.831756
0.825516
0.829615
0.826601
0.818966
0.828907
0.836547
0.822496
0.832728
0.837106
0.828667
0.837981
0.830728
0.83847
0.825901
0.83456
0.826659
0.824275
0.827938
0.828965
0.833041
0.829732
0.833883
0.820419
0.835417
0.82361
0.832443
0.822146
0.828171
0.828676
0.827708
0.819872
0.828079
0.832806
0.8328
0.825059
0.824095
0.828642
0.835202
0.83016
0.839529
0.834604
0.833919
0.830591
0.827139
0.826176
0.835024
0.833734
0.82561
0.820329
0.821381
0.833702
0.830451
0.830655
0.836334
0.83021
0.846463
0.834585
0.834364
0.818611
0.81993
0.828421
0.833887
0.835825
0.832974
0.831
0.835892
0.826411
0.82827
0.834005
0.844115
0.821744
0.836311
0.842054
0.819292
0.82668
0.820923
0.82903
0.833312
0.829989
0.823761
0.834685
0.824924
0.835017
0.829022
0.828547
0.834353
0.822034
0.834745
0.831165
0.829743
0.836083
0.830398
0.835529
0.830765
0.837173
0.833279
0.826243
0.830674
0.829203
0.828207
0.8323
0.830826
0.827624
0.833023
0.82723
0.836683
0.834923
0.839286
0.836973
0.822948
0.834502
0.821467
0.824174
0.823614
0.832157
0.821261
0.836284
0.841468
0.829562
0.835006
0.828212
0.828281
0.82784
0.82791
0.833973
0.82613
0.825815
0.829433
0.837769
0.826711
0.834784
0.833982
0.835074
0.830615
0.835335
0.833254
0.833485
0.818214
0.833668
0.831213
0.832328
0.833352
0.823845
0.833068
0.840823
0.832439
0.837057
0.826959
0.844647
0.83218
0.829476
0.830561
0.828364
0.834639
0.821297
0.837413
0.831363
0.830937
0.834036
0.835963
0.838648
0.831653
0.825821
0.823824
0.828559
0.836889
0.824011
0.832013
0.8213
0.842649
0.829107
0.829207
0.825004
0.846936
0.823649
0.82704
0.841594
0.827049
0.829727
0.828133
0.837385
0.828566
0.828641
0.823652
0.835651
0.823447
0.8255
0.833773
0.827739
0.829277
0.828785
0.832886
0.832286
0.836036
0.82994
0.831357
0.819076
0.827055
0.824561
0.830135
0.822425
0.824998
0.841328
0.832997
0.836457
0.832809
0.829724
0.828603
0.833922
0.83392
0.832893
0.832523
0.829907
0.817414
0.831067
0.840701
0.827174
0.823745
0.830595
0.837264
0.837157
0.82936
0.829171
0.832847
0.834573
0.839195
0.828589
0.825671
0.828153
0.826377
0.825833
0.830188
0.825252
0.826623
0.833303
0.818386
0.822754
0.825275
0.834101
0.824308
0.827496
0.81936
0.8243
0.829399
0.828128
0.824832
0.825456
0.827312
0.83098
0.829085
0.828336
0.82476
0.826362
0.821204
0.822012
0.820882
0.836134
0.833487
0.826081
0.822482
0.83101
0.821785
0.83118
0.828745
0.828052
0.816883
0.829369
0.822917
0.827806
0.826912
0.831134
0.828121
0.831742
0.826463
0.831378
0.831934
0.837184
0.826608
0.829501
0.832303
0.833726
0.831182
0.829186
0.827731
0.82013
0.834406
0.826088
0.822468
0.830554
0.837547
0.831716
0.834667
0.832068
0.827324
0.830076
0.820691
0.835161
0.83748
0.832652
0.833087
0.836936
0.830911
0.829529
0.831171
0.834881
0.836566
0.826407
0.832567
0.825311
0.834422
0.838108
0.828021
0.833618
0.836107
0.827064
0.822412
0.836027
0.829217
0.829211
0.833982
0.839792
0.822586
0.832697
0.835462
0.826232
0.834488
0.841482
0.842584
0.83588
0.827598
0.837533
0.838077
0.824888
0.835433
0.832638
0.822437
0.835978
0.818259
0.832602
0.826957
0.833392
0.814356
0.825689
0.825591
0.833834
0.829555
0.831798
0.830734
0.832308
0.828023
0.833578
0.830174
0.824839
0.82348
0.825453
0.829273
0.834443
0.831412
0.828693
0.824785
0.833205
0.826173
0.831549
0.825285
0.839279
0.833855
0.839111
0.834745
0.830199
0.82963
0.832518
0.829805
0.831584
0.826522
0.827042
0.83386
0.840257
0.831604
0.828753
0.830897
0.833025
0.82966
0.827728
0.828052
0.835765
0.82104
0.825267
0.82422
0.826462
0.811578
0.828535
0.828021
0.835034
0.834421
0.825811
0.828648
0.826854
0.824689
0.826416
0.82383
0.832362
0.825894
0.827869
0.831123
0.834902
0.838501
0.826416
0.824945
0.831309
0.829725
0.834457
0.816596
0.829701
0.842479
0.833817
0.840166
0.83196
0.823111
0.827213
0.824954
0.825869
0.826566
0.830278
0.827746
0.830413
0.831653
0.83919
0.826991
0.835127
0.836346
0.834209
0.82214
0.820053
0.834832
0.830431
0.835683
0.834413
0.823341
0.838252
0.831484
0.827636
0.832083
0.834674
0.826197
0.831415
0.822008
0.84168
0.833391
0.835498
0.825726
0.833122
0.826246
0.829523
0.829042
0.828632
0.827944
0.822854
0.832425
0.826419
0.827501
0.8317
0.82112
0.838868
0.835791
0.82792
0.830541
0.830031
0.826416
0.828107
0.831849
0.828789
0.829424
0.834233
0.826536
0.824182
0.819622
0.831411
0.82923
0.828143
0.82666
0.834698
0.839238
0.829558
0.834469
0.819407
0.834677
0.833773
0.830772
0.829282
0.830093
0.828802
0.835547
0.833816
0.831446
0.82934
0.832937
0.828122
0.826986
0.829321
0.823351
0.824859
0.827938
0.822931
0.817255
0.822224
0.824794
0.821704
0.821765
0.820153
0.824601
0.830399
0.840773
0.825842
0.82616
0.828279
0.838987
0.828369
0.840836
0.841794
0.829138
0.836508
0.824896
0.834334
0.82903
0.823296
0.825219
0.827723
0.833833
0.840572
0.827163
0.827429
0.84115
0.828569
0.82481
0.831735
0.833837
0.830685
0.826364
0.820702
0.837108
0.842024
0.833069
0.828976
0.82926
0.835567
0.837016
0.833322
0.833573
0.83873
0.828868
0.823891
0.837651
0.833653
0.837384
0.840049
0.836219
0.840819
0.822182
0.828554
0.831523
0.832099
0.822839
0.833727
0.829293
0.834836
0.820232
0.826101
0.835933
0.827871
0.828908
0.82773
0.825091
0.828859
0.829908
0.824995
0.825
0.831532
0.825156
0.834625
0.82537
0.827966
0.826992
0.825104
0.837381
0.829865
0.829517
0.827076
0.824463
0.82873
0.83004
0.824255
0.839962
0.827349
0.838299
0.831317
0.825226
0.823025
0.838091
0.832049
0.823117
0.831579
0.837039
0.829976
0.832681
0.836798
0.826902
0.832275
0.833888
0.835658
0.836437
0.836863
0.835875
0.828333
0.829497
0.83334
0.824425
0.824988
0.83036
0.830457
0.828612
0.832831
0.831794
0.834644
0.822995
0.834669
0.838822
0.825504
0.821776
0.827185
0.827828
0.830553
0.813675
0.831811
0.82886
0.8222
0.834239
0.831719
0.822429
0.835178
0.832041
0.82475
0.826258
0.832817
0.833956
0.827018
0.835688
0.823244
0.839892
0.82786
0.829303
0.822696
0.829163
0.830051
0.831181
0.829152
0.831837
0.832087
0.83231
0.834197
0.831185
0.821268
0.834596
0.828732
0.828764
0.826037
0.818352
0.836222
0.824582
0.822354
0.841729
0.830301
0.837009
0.818654
0.823226
0.831505
0.832331
0.828677
0.830876
0.824571
0.834159
0.825007
0.825041
0.830952
0.830434
0.821751
0.836291
0.827094
0.839497
0.816731
0.828266
0.819718
0.826238
0.836518
0.831836
0.84302
0.835354
0.828988
0.826796
0.830588
0.838824
0.823576
0.832266
0.839421
0.817306
0.838065
0.834036
0.828731
0.835556
0.834689
0.827683
0.838701
0.830463
0.823928
0.832893
0.825591
0.829991
0.832565
0.83532
0.83025
0.835701
0.832284
0.832362
0.833816
0.821281
0.837081
0.827905
0.821858
0.827839
0.841506
0.823759
0.828938
0.828316
0.832891
0.834912
0.824616
0.830328
0.828802
0.827668
0.826518
0.835522
0.824826
0.835988
0.835695
0.83978
0.829647
0.826061
0.83183
0.832182
0.830381
0.822742
0.835492
0.824621
0.836926
0.833607
0.83343
0.827569
0.825441
0.830466
0.823583
0.825043
0.826121
0.831742
0.826107
0.82827
0.833305
0.83103
0.827941
0.83711
0.830606
0.83453
0.821107
0.82296
0.818168
0.834693
0.837921
0.828597
0.828421
0.835817
0.834861
0.833719
0.833688
0.831608
0.828924
0.838139
0.828139
0.831842
0.826096
0.833191
0.834047
0.826068
0.828188
0.823811
0.840936
0.825499
0.833158
0.838597
0.832619
0.822107
0.829834
0.839525
0.84008
0.826711
0.834944
0.825179
0.829156
0.831797
0.820836
0.835204
0.831925
0.830222
0.828195
0.829445
0.831067
0.833892
0.835141
0.820224
0.832107
0.825454
0.814478
0.81889
0.833089
0.819674
0.830746
0.832519
0.821026
0.8292
0.825906
0.824347
0.829143
0.830822
0.832465
0.825475
0.83839
0.8355
0.826557
0.82543
0.833414
0.829003
0.822802
0.830842
0.830947
0.827219
0.834998
0.828648
0.822418
0.822078
0.82534
0.829619
0.837864
0.834997
0.819528
0.831624
0.829735
0.83153
0.826823
0.825497
0.838391
0.825473
0.830585
0.836229
0.829544
0.836866
0.828464
0.82657
0.825648
0.837194
0.827939
0.82588
0.82668
0.829124
0.826904
0.829507
0.833039
0.829805
0.823361
0.826441
0.833789
0.834096
0.829956
0.842161
0.824468
0.837256
0.836343
0.827185
0.82139
0.834963
0.834005
0.826626
0.830145
0.827144
0.831156
0.832018
0.824414
0.828385
0.834553
0.838671
0.82482
0.824286
0.829751
0.820586
0.837024
0.828358
0.834713
0.832111
0.833065
0.834323
0.823094
0.821497
0.834356
0.834798
0.834072
0.825299
0.83641
0.824593
0.834798
0.832924
0.836893
0.835098
0.833312
0.824728
0.838
0.829074
0.825881
0.832036
0.841698
0.839518
0.841418
0.821581
0.84153
0.830704
0.8312
0.840119
0.831887
0.826422
0.835823
0.832684
0.828809
0.833945
0.839082
0.834692
0.823603
0.83292
0.835308
0.82434
0.832611
0.831715
0.820825
0.826528
0.83335
0.81859
0.835499
0.827608
0.828295
0.817389
0.820956
0.835891
0.828894
0.822392
0.83323
0.829071
0.838915
0.829107
0.831198
0.817481
0.826363
0.839096
0.83303
0.830481
0.82887
0.826781
0.835448
0.816733
0.820185
0.827782
0.815078
0.826635
0.82975
0.836635
0.833336
0.828836
0.834607
0.836081
0.832406
0.830071
0.823543
0.826129
0.832625
0.832997
0.825997
0.827804
0.819303
0.839877
0.832843
0.838774
0.822835
0.838209
0.827785
0.828192
0.830809
0.826904
0.826382
0.833049
0.833011
0.835466
0.830191
0.822599
0.827293
0.833582
0.836363
0.838596
0.829745
0.839212
0.822401
0.831158
0.824959
0.821607
0.831458
0.83061
0.833887
0.835958
0.829823
0.835797
0.832365
0.817514
0.821227
0.834689
0.830611
0.829206
0.839861
0.825447
0.834177
0.834995
0.844108
0.826876
0.822458
0.831624
0.834509
0.824138
0.830029
0.829079
0.832006
0.824143
0.826955
0.828537
0.830014
0.835191
0.82504
0.834333
0.826671
0.819886
0.836159
0.829868
0.832322
0.834225
0.820256
0.8356
0.831245
0.828617
0.827793
0.828542
0.827363
0.82501
0.829405
0.831708
0.829867
0.830647
0.821818
0.835462
0.830283
0.831793
0.828841
0.828397
0.832653
0.832385
0.833881
0.829113
0.829862
0.839832
0.825394
0.834943
0.833835
0.835594
0.8219
0.827883
0.833721
0.839023
0.840131
0.818767
0.836286
0.826084
0.828879
0.821889
0.833841
0.83704
0.833791
0.836932
0.84991
0.834729
0.832203
0.831331
0.832586
0.830802
0.830038
0.838092
0.826107
0.827964
0.842635
0.830124
0.829066
0.830567
0.835544
0.828073
0.840167
0.832824
0.822149
0.83313
0.826647
0.834172
0.832658
0.827279
0.832782
0.828876
0.829151
0.833098
0.832313
0.830291
0.825202
0.82555
0.829403
0.829449
0.829155
0.839648
0.82828
0.830669
0.823146
0.833734
0.821897
0.826756
0.839314
0.823203
0.829905
0.824043
0.828408
0.831684
0.823178
0.827433
0.827783
0.822694
0.836836
0.828095
0.827147
0.8253
0.834257
0.828118
0.830055
0.831915
0.838598
0.823411
0.83278
0.822463
0.832085
0.824292
0.836266
0.827278
0.814144
0.82934
0.826214
0.829303
0.828576
0.828812
0.827348
0.824402
0.825861
0.83954
0.821759
0.823935
0.827433
0.825653
0.829216
0.835846
0.830595
0.826468
0.82382
0.831467
0.838535
0.832804
0.825089
0.831404
0.828011
0.830997
0.829343
0.832063
0.827531
0.842382
0.826976
0.834094
0.839017
0.826167
0.832487
0.836386
0.828981
0.83229
0.834649
0.832268
0.825733
0.825172
0.83196
0.831852
0.833939
0.827575
0.833655
0.82254
0.825489
0.826647
0.823178
0.835729
0.833248
0.830792
0.830779
0.822316
0.827023
0.828726
0.824583
0.828164
0.828495
0.826335
0.827944
0.826389
0.830154
0.828855
0.824163
0.835343
0.832703
0.834619
0.828832
0.827742
0.829799
0.830002
0.831714
0.832671
0.827472
0.828441
0.83358
0.837932
0.833878
0.826266
0.82581
0.825543
0.831122
0.847356
0.825952
0.830893
0.833828
0.836207
0.840971
0.833162
0.829138
0.82627
0.837971
0.830001
0.837216
0.836053
0.828876
0.829827
0.825879
0.826494
0.83393
0.840227
0.833246
