450.761 0.859457 0.00724046
471.358 0.842486 0.00758199
444.09 0.852159 0.00710017
410.043 0.861441 0.000999469
415.035 0.846918 0.00898252
409.714 0.858591 0.010078
437.793 0.861473 0.0138102
479.503 0.863567 0.010551
466.367 0.859576 0.00706802
481.255 0.836436 0.00692456
456.209 0.849795 0.00933698
447.523 0.864027 0.0102619
442.325 0.852742 0.00859158
456.535 0.846163 0.00701019
481.854 0.866811 0.00374774
477.53 0.855096 0.00703479
492.596 0.855719 0.0120333
426.217 0.870992 0.00738652
486.422 0.863402 0.0105544
499.875 0.842662 0.00706441
423.013 0.854738 0.00709436
526.834 0.86805 0.0073572
467.625 0.85053 0.00706449
436.526 0.843609 0.00677396
443.538 0.853467 0.00817962
500.088 0.875836 0.0198676
504.583 0.862341 0.0129333
411.668 0.831742 0.00691909
484.115 0.828581 0.00729622
452.244 0.868434 0.0135803
428.083 0.844094 0.0128478
455.42 0.85023 0.00696298
433.267 0.852807 0.00705587
463.672 0.843046 0.00808451
449.532 0.845094 0.00703248
438.521 0.839208 0.0070411
444.618 0.865224 0.0134496
463.779 0.874112 0.00746262
492.001 0.854282 0.013064
474.395 0.863223 0.0147936
501.588 0.849517 0.00706695
450.985 0.857658 0.0145375
484.921 0.847202 0.016516
448.409 0.855318 0.00802482
489.994 0.857298 0.0117435
478.377 0.868559 0.0129574
407.552 0.827858 0.00121717
460.907 0.850916 0.00777901
484.738 0.853825 0.00853356
440.069 0.86327 0.0152957
462.818 0.849548 0.00707148
492.203 0.85195 0.00702029
484.538 0.857717 0.0159321
453.045 0.871453 0.0180567
452.458 0.852584 0.00707782
446.236 0.845536 0.00368401
444.127 0.852769 0.00716522
428.739 0.857839 0.00104146
456.397 0.850988 0.00715267
474.123 0.842367 0.00685208
450.116 0.859213 0.00722777
417.133 0.861117 0.0115709
410.753 0.840786 0.00697463
447.326 0.858292 0.0134607
462.715 0.864567 0.0143934
485.801 0.8563 0.00775031
461.549 0.852256 0.00699597
443.289 0.854234 0.00704452
488.517 0.874187 0.0073115
485.106 0.864877 0.0193168
485.426 0.833841 0.00721004
507.424 0.843878 0.00830384
490.996 0.847721 0.0105747
481.582 0.87182 0.0120089
423.386 0.848712 0.00684821
459.929 0.855137 0.012199
464.766 0.863935 0.00986942
498.859 0.855069 0.0135622
468.316 0.856065 0.00713318
423.169 0.847616 0.00698246
487.571 0.871369 0.0144703
523.769 0.861983 0.00374388
506.7 0.843927 0.00690643
469.106 0.845497 0.00695225
486.455 0.864182 0.00976675
477.276 0.856289 0.00729287
460.094 0.846178 0.00713144
440.264 0.837679 0.00685055
483.712 0.877392 0.0142641
475.723 0.854038 0.00702355
485.505 0.84072 0.00766222
401.015 0.865961 0.00726711
445.371 0.853306 0.00806306
420.898 0.858602 0.0175932
463.582 0.852569 0.00720195
449.628 0.863308 0.0135382
431.899 0.856204 0.00760822
460.142 0.855533 0.0117901
425.998 0.836309 0.00682077
432.892 0.849496 0.00706845
472.782 0.8562 0.0181471
472.947 0.864287 0.0182958
504.196 0.846571 0.00708157
460.961 0.850301 0.0134767
483.053 0.870252 0.00717275
496.472 0.86154 0.0151845
455.297 0.859958 0.00159436
520.66 0.868097 0.00734782
496.978 0.853785 0.0100785
451.733 0.860466 0.0138061
473.665 0.852539 0.00703513
500.006 0.866473 0.0155246
469.067 0.846959 0.00706793
494.439 0.861241 0.00944178
436.689 0.86663 0.0131859
477.888 0.86886 0.0178843
493.845 0.857918 0.00995578
531.685 0.872379 0.0147186
503.187 0.850143 0.0106151
503.033 0.863689 0.0124355
430.246 0.850353 0.00714033
392.879 0.858586 0.00725493
471.88 0.846189 0.00794576
454.155 0.842393 0.0084465
488.595 0.850436 0.0127251
444.794 0.850136 0.00705217
451.639 0.855274 0.00693741
457.821 0.865122 0.0122953
555.783 0.863541 0.00709846
483.368 0.852861 0.00717604
479.235 0.861015 0.0121678
505.685 0.845055 0.00995338
444.423 0.856021 0.0132555
449.023 0.845827 0.00690157
500.024 0.869542 0.00737566
539.636 0.846341 0.00699962
466.372 0.842819 0.00778754
412.45 0.841968 0.00705501
481.628 0.841917 0.00702309
494.779 0.86095 0.0152331
470.037 0.844337 0.0103862
462.533 0.858091 0.00709152
456.998 0.860541 0.00864078
504.546 0.854337 0.0118994
509.198 0.859441 0.00917715
480.091 0.849296 0.00702332
452.888 0.844339 0.00692968
462.536 0.848373 0.00847731
465.848 0.850894 0.00809869
451.172 0.850213 0.00700603
389.097 0.839979 0.00698933
467.425 0.855822 0.00719391
465.127 0.858411 0.00877019
479.789 0.855849 0.00719205
469.357 0.84846 0.00705741
444.188 0.854678 0.00724019
463.511 0.867002 0.0138284
457.422 0.842414 0.00815054
488.171 0.868333 0.012007
452.305 0.856454 0.0143469
444.147 0.852465 0.0143772
445.996 0.847677 0.0184692
467.492 0.855607 0.00730775
411.401 0.837429 0.00948829
498.56 0.859857 0.00704083
439.762 0.859875 0.00729912
405.584 0.85112 0.00713632
496.199 0.858437 0.0126736
493.611 0.855309 0.0071374
454.179 0.850189 0.00800537
445.443 0.845475 0.00702645
475.486 0.843887 0.00697022
393.624 0.86665 0.013771
517.079 0.874528 0.0173163
439.239 0.840809 0.00696651
462.423 0.84659 0.00693963
464.452 0.874187 0.00751427
416.359 0.860348 0.0140538
533.704 0.860389 0.0128715
515.317 0.85038 0.00755836
449.129 0.842852 0.00681983
497.43 0.867466 0.00735229
456.574 0.848008 0.00696072
512.624 0.866686 0.00721289
470.941 0.856735 0.00707049
478.354 0.867217 0.00957847
456.289 0.859005 0.0154997
449.849 0.860421 0.0127658
486.216 0.847815 0.0070038
451.42 0.851241 0.00932771
442.573 0.856674 0.00117733
465.75 0.84427 0.00794562
433.798 0.8645 0.0104854
477.773 0.87255 0.0126195
469.311 0.879665 0.0153724
445.848 0.848414 0.00819872
523.489 0.867324 0.00747223
425.035 0.863202 0.00741042
481.995 0.861396 0.0132486
547.908 0.853368 0.00720246
453.59 0.855624 0.0120698
464.775 0.868847 0.0124461
432.783 0.854066 0.00719907
415.872 0.848976 0.00983029
484.202 0.86063 0.0136789
471.099 0.866307 0.00376058
463.212 0.861615 0.0178224
491.016 0.85496 0.00711225
450.026 0.865463 0.0169623
478.739 0.850372 0.00982756
490.323 0.849307 0.00705275
489.184 0.857877 0.0139202
449.465 0.840333 0.00869411
468.655 0.862875 0.00738116
488.89 0.859852 0.010065
469.54 0.848114 0.00707418
440.424 0.847465 0.00705767
495.399 0.858924 0.00948441
479.212 0.859176 0.00867293
489.446 0.844993 0.00699393
446.338 0.852781 0.00720001
411.493 0.841177 0.00733168
466.693 0.844601 0.00696422
527.298 0.850473 0.0070843
493.261 0.863904 0.0140056
478.794 0.883103 0.00742655
448.047 0.845502 0.0119771
454.935 0.846287 0.0071193
453.757 0.861801 0.00729896
419.834 0.865187 0.0139445
469.077 0.856163 0.00714556
532.046 0.855055 0.0087666
446.381 0.837252 0.00685645
497.846 0.871621 0.003721
499.451 0.840702 0.00702148
499.173 0.840151 0.00712237
449.754 0.848201 0.00709407
478.612 0.859095 0.0159244
473.363 0.843728 0.00699716
538.592 0.857357 0.0121294
418.52 0.863942 0.0141762
503.969 0.838533 0.00905661
445.266 0.85913 0.00732381
465.654 0.847264 0.00701136
469.314 0.845065 0.0107092
451.581 0.846647 0.0155124
527.846 0.848367 0.00712514
413.229 0.865739 0.0107024
463.452 0.842637 0.00963606
469.758 0.842075 0.00943215
499.099 0.845243 0.00679391
466.105 0.862592 0.0140857
489.339 0.85355 0.0093856
448.882 0.830888 0.00685218
466.256 0.865067 0.0150073
488.185 0.871575 0.0108684
413.46 0.8524 0.00794528
483.862 0.851378 0.0165314
553.035 0.853575 0.00704987
486.66 0.851226 0.007161
449.838 0.850004 0.00698116
410.014 0.853985 0.00694238
495.352 0.851611 0.00797357
489.428 0.84318 0.00716078
472.969 0.864294 0.012535
461.639 0.846367 0.00730334
501.18 0.840568 0.00707844
511.953 0.846782 0.0118116
473.459 0.86243 0.0115049
502.547 0.847919 0.00697131
483.076 0.844572 0.00705275
523.651 0.853885 0.00710546
523.635 0.850092 0.00863395
511.956 0.858414 0.0140642
454.481 0.851897 0.00699278
478.466 0.863353 0.00892525
419.479 0.845203 0.00695832
461.671 0.853169 0.00691274
452.823 0.853231 0.0113479
451.69 0.869526 0.00337767
463.684 0.839688 0.00699965
461.063 0.854921 0.00696537
513.089 0.856415 0.00714519
460.888 0.852479 0.00822092
497.119 0.834821 0.00709616
467.148 0.859361 0.00730116
496.344 0.849314 0.00767093
484.33 0.850001 0.01595
421.978 0.847716 0.00985367
486.608 0.862842 0.0152509
491.77 0.869439 0.00760973
447.325 0.850212 0.00696527
484.231 0.845586 0.0069533
514.581 0.861326 0.0109648
471.054 0.87019 0.00720662
519.957 0.868552 0.00730522
507.884 0.842985 0.00700504
481.902 0.84984 0.00712916
438.624 0.858912 0.00705103
464.661 0.866685 0.0207795
462.172 0.873958 0.00746196
520.768 0.856478 0.00724473
495.784 0.871072 0.01211
463.044 0.854866 0.00941708
448.729 0.861693 0.0068289
470.083 0.855192 0.0132544
445.205 0.846219 0.00708835
487.082 0.878393 0.0157197
482.123 0.846498 0.00709217
489.373 0.84461 0.0070658
502.597 0.854128 0.00935564
431.245 0.871267 0.013838
444.861 0.852472 0.0119641
476.35 0.852606 0.0107005
438.789 0.860371 0.00723462
498.625 0.84883 0.0109866
407.112 0.845136 0.00702899
435.676 0.859526 0.0132742
465.614 0.861694 0.0133898
519.85 0.845754 0.00709473
469.211 0.852752 0.00877773
491.572 0.841004 0.00699035
478.286 0.860518 0.0151725
516.739 0.880794 0.0190618
477.123 0.843278 0.0101476
458.841 0.852149 0.0088173
487.664 0.859856 0.0095576
456.867 0.873351 0.0190958
520.578 0.84788 0.00945876
483.613 0.858823 0.00835958
455.889 0.846008 0.00959715
433.206 0.854082 0.0102306
509.091 0.8417 0.00693398
416.581 0.85047 0.00704495
433.605 0.863675 0.00858211
422.598 0.860709 0.0149102
451.63 0.844106 0.00690824
409.771 0.863513 0.0132463
455.538 0.838519 0.0124282
484.051 0.853624 0.00875018
462.731 0.847818 0.00696658
505.731 0.843157 0.00672188
466.295 0.868301 0.00739302
484.015 0.87223 0.0145171
485.238 0.847389 0.00895756
445.129 0.8335 0.00693847
456.141 0.847637 0.00698807
449.799 0.850429 0.00957839
459.702 0.846796 0.00876796
493.477 0.853918 0.0114454
457.177 0.85482 0.00721763
449.679 0.854169 0.0144343
435.659 0.851646 0.00702177
447.648 0.854973 0.0134698
439.186 0.855058 0.0070999
430.764 0.86391 0.0132866
424.006 0.850397 0.00702543
456.395 0.842512 0.00696481
496.172 0.859886 0.0144744
447.77 0.853318 0.00708944
491.252 0.859333 0.0154806
417.67 0.865732 0.0104238
457.446 0.860305 0.0135925
507.255 0.859144 0.0147439
476.907 0.83783 0.00679227
505.362 0.86414 0.0102685
468.225 0.867761 0.0109054
516.779 0.847388 0.00914812
443.382 0.836688 0.00675618
454.695 0.855797 0.0084565
458.31 0.881322 0.00753964
529.931 0.84163 0.00694243
467.768 0.851206 0.00712939
447.561 0.847061 0.00981203
520.014 0.87976 0.0128468
448.174 0.851629 0.0159437
452.432 0.846487 0.00721504
461.523 0.858872 0.000952272
532.667 0.855596 0.0099711
458.016 0.850783 0.00689194
445.747 0.848513 0.00710904
454.479 0.841132 0.0069905
457.457 0.845962 0.0070584
470.356 0.843051 0.0135069
518.257 0.856974 0.0178421
531.915 0.858352 0.0135009
498.001 0.838548 0.00698314
470.854 0.844329 0.00699147
430.166 0.840884 0.00691979
495.604 0.860759 0.0127877
444.432 0.862162 0.00375098
477.85 0.853889 0.00715056
472.148 0.870429 0.015095
459.918 0.842632 0.00689928
447.508 0.856852 0.0135559
444.042 0.844617 0.00691446
466.843 0.84126 0.00698163
490.692 0.867781 0.0102417
433.061 0.872573 0.0193911
422.933 0.859379 0.00727293
423.113 0.858514 0.012153
467.739 0.857241 0.00709605
466.056 0.846478 0.0083296
503.626 0.859276 0.00796833
528.934 0.847688 0.0141247
433.273 0.843675 0.00707249
468.103 0.854921 0.0140849
473.604 0.856747 0.00120658
427.44 0.8462 0.00702492
476.598 0.851787 0.00972565
494.787 0.8514 0.00700834
512.822 0.859657 0.0143275
436.711 0.852757 0.00705883
440.065 0.867841 0.0141097
446.463 0.853174 0.00700852
456.217 0.847801 0.0138063
471.693 0.855733 0.0154479
468.407 0.848179 0.00921306
464.786 0.87344 0.0146366
499.84 0.860258 0.00937939
477.594 0.857405 0.0126859
431.879 0.869809 0.0117863
467.395 0.848788 0.0109949
442.986 0.856245 0.00933405
425.968 0.85634 0.00707586
458.981 0.864827 0.00737363
459.92 0.839589 0.00782736
449.946 0.851645 0.00700352
422.789 0.863545 0.0155407
491.475 0.855309 0.0129193
486.21 0.860024 0.00953215
485.436 0.842706 0.00694032
464.842 0.862355 0.00795085
413.529 0.857792 0.0152332
447.036 0.853364 0.00708888
450.918 0.856699 0.013647
483.234 0.85807 0.0130171
533.715 0.846592 0.007048
497.643 0.859199 0.0118839
492.249 0.869593 0.00736565
486.482 0.84641 0.00701664
467.881 0.849133 0.00697718
508.104 0.852172 0.00847918
432.553 0.848656 0.00711801
482.387 0.868466 0.00749823
493.021 0.853752 0.00679193
463.657 0.845418 0.00701612
460.91 0.849248 0.00710286
443.225 0.851744 0.00706797
527.241 0.848722 0.00698231
402.055 0.871186 0.00722751
449.809 0.851452 0.0105717
525.187 0.859585 0.00726503
471.825 0.852391 0.00702849
447.248 0.865136 0.0107844
482.796 0.85401 0.00792508
385.33 0.847326 0.00702553
484.265 0.871768 0.0037736
522.401 0.858588 0.00116766
471.566 0.849136 0.00728491
430.084 0.856217 0.00978895
440.133 0.845794 0.0107228
424.738 0.842264 0.00702264
469.637 0.849883 0.00747184
463.275 0.865534 0.0150354
455.385 0.867108 0.0157652
432.435 0.856059 0.0153555
430.804 0.848788 0.0075101
456.651 0.845359 0.00707127
497.011 0.864945 0.0127374
460.571 0.869479 0.0131212
470.107 0.852279 0.00691888
511.308 0.855375 0.00742724
502.83 0.863478 0.00375314
485.233 0.855151 0.00896186
481.458 0.850109 0.00833699
408.46 0.848808 0.00699596
450.908 0.857108 0.0125688
441.893 0.844293 0.00677807
472.945 0.854219 0.00719596
462.419 0.852633 0.00908876
507.293 0.847733 0.00684636
431.875 0.845652 0.00703937
440.12 0.858073 0.00718928
448.654 0.848594 0.00709885
437.702 0.854672 0.00710828
443.377 0.873481 0.00740587
465.142 0.854306 0.0103891
441.616 0.843716 0.00861998
484.907 0.871004 0.00740636
469.044 0.856925 0.00860473
508.385 0.846302 0.00697426
476.667 0.869055 0.00731907
452.876 0.857022 0.00722142
411.426 0.84467 0.00686727
447.278 0.858484 0.0102449
489.138 0.860055 0.0168477
483.484 0.857115 0.00723305
443.915 0.853765 0.00739795
463.138 0.852764 0.0103792
435.122 0.855265 0.00828491
481.214 0.873494 0.0118007
469.828 0.862799 0.00733928
416.22 0.861316 0.0103077
462.323 0.850265 0.00710861
438.858 0.855943 0.0131534
464.172 0.842747 0.00696166
465.202 0.845257 0.00874639
464.516 0.873712 0.0132986
519.21 0.868456 0.00727377
428.666 0.846716 0.00705312
437.888 0.845586 0.00705689
461.829 0.847514 0.00692347
476.734 0.861419 0.00719371
455.202 0.85635 0.0138375
534.845 0.870067 0.0181516
415.721 0.848037 0.00914479
442.146 0.864202 0.0141171
529.063 0.838993 0.00701746
470.513 0.845691 0.00687445
433.939 0.853489 0.00705051
455.368 0.861289 0.00743353
522.475 0.86005 0.0124763
461.386 0.848747 0.00699548
475.232 0.862529 0.0167243
523.331 0.851265 0.00983409
389.741 0.867718 0.00743604
467.357 0.848156 0.0069682
467.482 0.864662 0.00881755
503.174 0.848456 0.0082865
455.11 0.842982 0.0070486
494.353 0.847941 0.00894369
538.947 0.860755 0.0131477
458.067 0.857516 0.00684402
498.979 0.844587 0.0107496
520.17 0.853841 0.00370911
451.832 0.850457 0.0105284
469.343 0.837793 0.00679316
435.517 0.860554 0.011722
512.05 0.846353 0.00951186
470.977 0.86293 0.0138487
470.25 0.845587 0.00704956
415.82 0.870235 0.0149821
465.357 0.849638 0.00696247
415.136 0.844643 0.00701396
454.329 0.882726 0.00376259
492.05 0.853967 0.015652
433.667 0.857557 0.0139551
477.054 0.859892 0.00702059
479.24 0.848229 0.00764052
499.369 0.833959 0.00703485
459.585 0.858692 0.0123574
444.762 0.856444 0.0142415
506.306 0.840506 0.0069747
472.75 0.843356 0.00703926
425.084 0.853274 0.00700701
466.326 0.865467 0.0137623
477.111 0.853313 0.00717597
467.419 0.847992 0.00859448
422.323 0.855248 0.00940876
436.103 0.865722 0.0102446
505.721 0.861888 0.0100824
471.608 0.855066 0.0120645
472.363 0.844074 0.00696063
416.756 0.852225 0.00847461
426.872 0.8529 0.00713529
464.17 0.878655 0.00749281
447.303 0.857604 0.00965987
407.106 0.863471 0.0192059
470.99 0.851857 0.00807409
443.106 0.868151 0.0121254
491.526 0.849602 0.00235267
482.812 0.863643 0.0142062
441.423 0.844999 0.00697905
462.407 0.862495 0.00781763
485.114 0.858138 0.0108112
461.664 0.859331 0.00722169
451.294 0.845313 0.00684071
483.646 0.849896 0.00703084
426.722 0.850574 0.0076976
510.225 0.863533 0.0133929
536.724 0.847487 0.00881632
448.858 0.846949 0.00915735
479.968 0.854507 0.00695832
456.041 0.853994 0.00705954
537.035 0.861501 0.0037763
457.391 0.835024 0.00696099
467.867 0.858307 0.00755483
439.577 0.846083 0.00706993
501.01 0.872142 0.0123843
488.59 0.870526 0.0124388
468.507 0.873506 0.00741965
446.704 0.844645 0.00699394
462.165 0.842406 0.00689964
439.13 0.849025 0.00848927
475.438 0.86451 0.00731404
468.697 0.85779 0.00703613
479.922 0.849987 0.00697315
528.912 0.844352 0.00700572
497.476 0.8581 0.00717693
456.059 0.859815 0.0110482
479.589 0.85677 0.00927192
477.424 0.843501 0.0115771
454.782 0.85533 0.0163849
471.501 0.846179 0.00703233
492.348 0.864873 0.0136332
464.188 0.840048 0.00701922
454.659 0.847963 0.00774625
408.649 0.843023 0.00719463
454.318 0.843829 0.00935157
465.909 0.864274 0.0136743
448.697 0.866282 0.0133793
504.178 0.849665 0.00710193
458.506 0.844674 0.00740152
478.039 0.852676 0.00707548
513.676 0.857863 0.0146382
456.212 0.866575 0.00727155
476.434 0.842578 0.00695199
440.173 0.840545 0.00690592
440.279 0.85664 0.0110823
473.109 0.872386 0.00742116
447.993 0.857187 0.0100903
502.187 0.86523 0.00729291
475.142 0.854886 0.00716659
461.574 0.8509 0.00799668
452.645 0.8541 0.0107522
475.851 0.862886 0.0124578
475.776 0.849906 0.00710765
454.749 0.863125 0.00725889
456.133 0.86845 0.0117221
522.197 0.839688 0.00680742
479.04 0.857858 0.0133097
515.698 0.858892 0.0102639
441.322 0.844856 0.00693601
544.612 0.860065 0.00715291
439.061 0.864654 0.0136406
485.663 0.873242 0.0212254
457.577 0.842511 0.00695101
523.914 0.849247 0.00706132
495.872 0.855755 0.0170182
512.605 0.843717 0.00707902
494.792 0.874951 0.0157426
487.879 0.854382 0.00697069
475.335 0.859152 0.0139151
440.342 0.845204 0.00697828
481.436 0.851041 0.00705565
399.214 0.865636 0.0171407
463.082 0.855397 0.00123179
452.034 0.849112 0.0070427
513.023 0.862399 0.0124746
460.644 0.846284 0.00698212
449.047 0.846696 0.00696233
470.559 0.85033 0.00699816
502.927 0.849577 0.00710571
473.926 0.847133 0.00867106
469.493 0.852505 0.00714327
476.191 0.86047 0.0104351
479.59 0.842111 0.00946628
444.455 0.858095 0.0130395
479.438 0.872015 0.00732417
497.07 0.849436 0.00716879
491.337 0.850255 0.00695835
506.491 0.856725 0.00713032
473.633 0.856352 0.00697519
478.839 0.855022 0.00719587
416.245 0.869366 0.0139753
476.287 0.857394 0.0110033
487.206 0.862924 0.00712822
507.7 0.839067 0.00698101
461.496 0.843517 0.00695363
497.229 0.859168 0.0123539
480.572 0.866769 0.00377144
520.363 0.849816 0.00821661
438.854 0.859045 0.00922012
480.779 0.854408 0.0138345
507.692 0.844078 0.00720228
511.934 0.851882 0.00703745
471.007 0.838236 0.00683938
463.974 0.843444 0.0107652
480.276 0.866685 0.0134927
442.181 0.860552 0.00950155
450.956 0.859044 0.00881249
449.5 0.860635 0.0114474
470.14 0.854528 0.00647836
459.874 0.847792 0.0078537
445.038 0.849098 0.00693502
455.093 0.874653 0.0075826
457.598 0.852503 0.00706432
446.865 0.843585 0.00910231
445.226 0.86258 0.00714633
487.188 0.870858 0.0131382
451.318 0.866827 0.0191466
452.184 0.83873 0.00708244
447.871 0.862793 0.0180611
490.527 0.859784 0.00706909
452.43 0.851734 0.00784294
474.989 0.846674 0.0115853
470.777 0.853974 0.0106617
509.57 0.849572 0.00863233
483.497 0.845555 0.006971
412.326 0.862606 0.0077555
443.703 0.867717 0.0132647
546.473 0.858331 0.0121973
477.282 0.838676 0.00670246
493.202 0.861546 0.009042
450.967 0.838309 0.00694085
478.034 0.83954 0.00687456
453.162 0.869834 0.0145475
428.547 0.838817 0.00766469
432.661 0.845471 0.00712639
448.33 0.849425 0.00705506
515.389 0.856915 0.00721772
470.873 0.851142 0.0126195
486.279 0.856006 0.00726846
422.9 0.850814 0.00695658
409.503 0.858368 0.0167643
473.903 0.859893 0.00724684
451.588 0.840504 0.00688198
515.958 0.850926 0.00700744
463.158 0.871821 0.00737019
465.114 0.856393 0.00720219
513.638 0.86527 0.0037657
459.326 0.849206 0.00706471
520.162 0.847988 0.00895277
464.306 0.844841 0.00985017
464.556 0.844315 0.00701531
497.519 0.861786 0.0129127
431.484 0.870124 0.0146479
462.003 0.853807 0.0171265
442.409 0.867154 0.0134426
489.823 0.840632 0.00692868
484.874 0.864412 0.00726478
475.326 0.85262 0.0103275
473.083 0.869474 0.0108099
471.323 0.857883 0.0138314
508.36 0.842826 0.00696078
509.237 0.852216 0.00692589
466.002 0.84912 0.0086812
447.532 0.858493 0.007111
466.831 0.866528 0.0118097
477.048 0.851942 0.00710772
440.549 0.840796 0.00680087
552.066 0.854636 0.00713169
501.336 0.851663 0.0071202
506.348 0.850526 0.00895353
466.166 0.859935 0.00730417
473.66 0.85487 0.00719442
440.85 0.845301 0.00704764
410.088 0.86778 0.0144182
446.247 0.850915 0.015625
497.621 0.84586 0.00689136
475.123 0.874961 0.00662052
519.12 0.854455 0.00886842
532.192 0.850827 0.0121404
463.18 0.867916 0.0155434
448.331 0.873302 0.00745373
465.87 0.860574 0.00914805
449.064 0.851059 0.0106438
415.106 0.840677 0.00694375
448.576 0.845784 0.00891264
466.336 0.855317 0.0128118
463.89 0.841914 0.00681126
399.762 0.839971 0.0068163
466.121 0.846138 0.00694451
443.979 0.86742 0.0131633
468.379 0.85207 0.00713075
455.867 0.844229 0.00704729
448.575 0.851711 0.0069038
438.384 0.852242 0.00693732
454.18 0.849512 0.00713975
426.696 0.874728 0.0132953
492.094 0.848833 0.00721925
512.616 0.870323 0.00738006
438.849 0.860641 0.0133924
506.733 0.86971 0.0136978
447.983 0.866253 0.0158093
497.156 0.857879 0.0169505
458.392 0.845345 0.0100189
433.569 0.848874 0.0113372
428.422 0.850562 0.00713975
452.891 0.858487 0.0145183
505.522 0.864587 0.0111665
517.122 0.855229 0.0114549
503.38 0.857836 0.0135064
473.298 0.856573 0.0155282
491.073 0.85288 0.0130388
492.604 0.873033 0.013517
451.292 0.865895 0.0105113
462.459 0.852726 0.00847171
423.685 0.847863 0.0167184
478.571 0.859536 0.00730624
396.597 0.839017 0.00817786
463.126 0.853815 0.00694133
441.319 0.860621 0.00708843
440.003 0.856941 0.00709777
479.171 0.85928 0.0136947
478.706 0.862163 0.0124128
526.41 0.835808 0.00801079
489.152 0.854783 0.0140929
435.682 0.862152 0.0177614
408.627 0.838151 0.00688036
483.551 0.864199 0.0133753
414.993 0.871225 0.0143585
435.477 0.844161 0.00704793
478.121 0.850962 0.0142689
440.074 0.864011 0.0136014
495.772 0.860075 0.00871611
501.201 0.853364 0.00704084
479.186 0.833521 0.00693094
552.56 0.847483 0.00978979
460.009 0.848991 0.00900951
458.975 0.842099 0.0079149
495.647 0.857964 0.00725493
464.655 0.859601 0.0127729
465.593 0.848857 0.0082485
500.694 0.858021 0.00717297
445.305 0.845517 0.00899124
474.828 0.865993 0.00753788
510.997 0.838015 0.00699654
480.149 0.854384 0.0172844
453.872 0.864548 0.0151412
450.894 0.843546 0.00692812
483.117 0.859136 0.00730584
399.459 0.842755 0.00748716
457.725 0.843082 0.00711769
482.356 0.845984 0.00736271
493.356 0.844474 0.00716633
491.7 0.852825 0.00702569
477.2 0.845152 0.00731536
514.659 0.851932 0.0136835
476.24 0.837025 0.00863202
411.904 0.85221 0.0118606
468.303 0.868483 0.00736091
476.069 0.867257 0.00743389
430.127 0.85074 0.0152244
449.102 0.874534 0.0138045
454.785 0.872553 0.0122102
493.489 0.869956 0.0139036
451.006 0.850146 0.00692199
424.109 0.843639 0.00860453
477.804 0.858103 0.0149194
472.192 0.859571 0.0134041
455.194 0.869672 0.00375797
493.242 0.851035 0.00844888
491.859 0.877673 0.00748472
485.79 0.84861 0.00955349
451.815 0.866468 0.0116521
484.225 0.850139 0.00823041
520.569 0.86188 0.0173336
480.198 0.873617 0.0073737
413.061 0.844812 0.0068999
496.177 0.849189 0.00707363
497.689 0.866305 0.0187697
424.453 0.879848 0.0037747
512.517 0.851591 0.0142962
472.538 0.87889 0.00722364
451.701 0.851179 0.00718389
463.012 0.846566 0.00910262
498.42 0.85119 0.00921315
432.736 0.851959 0.00939364
472.373 0.840634 0.006913
492.352 0.853533 0.0071856
450.677 0.865905 0.0141324
491.022 0.854678 0.00713973
497.511 0.853487 0.0115558
435.585 0.841464 0.00708322
449.054 0.851332 0.0102666
458.734 0.845703 0.00706857
539.628 0.843976 0.00700141
425.573 0.844228 0.0119798
523.989 0.855788 0.00714808
485.978 0.864958 0.00117697
434.176 0.850302 0.0113632
478.698 0.862246 0.0111728
462.293 0.846708 0.00710841
491.053 0.838503 0.00813252
458.41 0.857916 0.0136153
502.958 0.854159 0.010492
493.458 0.840238 0.00686703
493.048 0.870145 0.0131072
470.394 0.863496 0.0134574
491.037 0.849085 0.00703304
475.945 0.852936 0.00854019
469.21 0.874558 0.0142505
480.9 0.845971 0.00690591
474.178 0.847334 0.0155143
481.643 0.851863 0.0168154
481.909 0.85323 0.00872115
459.979 0.847543 0.00702068
481.991 0.843355 0.00699736
488.993 0.849101 0.0073011
430.523 0.842863 0.00676929
452.195 0.865166 0.0131918
454.735 0.864694 0.011177
449.889 0.85233 0.0152387
453.974 0.851786 0.00717898
480.298 0.872848 0.00711946
451.608 0.840044 0.00684623
513.885 0.852489 0.0100896
462.875 0.859345 0.00942105
479.44 0.843096 0.00695946
423.207 0.855035 0.00699852
495.835 0.850026 0.00697168
459.816 0.855716 0.00988268
485.317 0.83688 0.00694253
474.047 0.853849 0.00774378
465.962 0.861344 0.0145439
456.785 0.841516 0.00698728
522.325 0.838165 0.00700128
439.038 0.851117 0.00702818
507.408 0.859665 0.00104221
453.445 0.860648 0.0072411
475.773 0.849338 0.00709372
488.371 0.847459 0.00691238
496.628 0.856401 0.0109554
472.511 0.862442 0.0148556
444.102 0.85131 0.00862595
476.04 0.867418 0.0148554
502.308 0.855237 0.0149348
448.49 0.840937 0.00696132
527.89 0.864423 0.0136038
480.007 0.851383 0.0102052
407.822 0.881715 0.00745923
514.603 0.87277 0.00739897
486.144 0.846455 0.00709934
499.453 0.868118 0.00376217
475.684 0.863432 0.0147648
414.967 0.866201 0.0168258
448.307 0.849424 0.0108038
432.446 0.848747 0.00784422
420.948 0.861646 0.0108685
501.624 0.85369 0.0134079
476.78 0.832899 0.00680337
495.195 0.844111 0.0097027
449.481 0.872802 0.00731667
454.238 0.872053 0.0126912
468.724 0.870965 0.0132398
449.637 0.843374 0.00706559
425.153 0.868288 0.0170643
450.387 0.872005 0.0144466
456.314 0.858689 0.00713535
497.465 0.870242 0.0135667
493.233 0.852458 0.00689476
469.159 0.854883 0.00687876
460.336 0.843325 0.00770491
481.421 0.870714 0.014141
450.47 0.866417 0.0156325
507.26 0.873781 0.00374033
472.71 0.874314 0.00746261
477.138 0.863219 0.0121552
485.787 0.840901 0.00685559
476.459 0.839649 0.00688739
471.706 0.875836 0.0202457
485.213 0.836298 0.00684576
545.283 0.871315 0.00743904
475.722 0.846165 0.00709451
475.812 0.835414 0.0067427
466.298 0.863188 0.0115411
422.313 0.8592 0.00956039
478.821 0.862925 0.0133116
484.198 0.826947 0.00681048
491.422 0.848527 0.00716005
397.356 0.848836 0.00704461
450.721 0.860474 0.015851
485.713 0.857439 0.00956226
462.33 0.875379 0.00747744
461.695 0.85555 0.0145463
510.413 0.840647 0.00694513
462.925 0.855612 0.0076762
491.377 0.872113 0.0132175
470.524 0.84483 0.00780563
413.462 0.847417 0.00700386
497.008 0.856125 0.0191872
484.706 0.850463 0.00690562
510.445 0.865532 0.00704121
480.608 0.853577 0.0167543
454.662 0.865491 0.0183754
469.005 0.857874 0.0124277
471.794 0.832215 0.00677238
533.51 0.845245 0.00703979
378.086 0.842835 0.00691004
441.41 0.843265 0.00692267
432.71 0.862981 0.0104501
447.671 0.84909 0.00752815
452.574 0.852485 0.00913454
464.118 0.849596 0.00825102
508.289 0.846957 0.00993488
443.765 0.850523 0.0100691
424.194 0.848099 0.00691823
422.809 0.858362 0.00785783
419.885 0.868587 0.0134419
467.431 0.861232 0.010536
405.908 0.845122 0.00692359
464.881 0.854022 0.00696219
480.609 0.843101 0.0139877
467.357 0.86139 0.0103996
449.861 0.875476 0.00742319
471.977 0.841797 0.00945181
426.894 0.855996 0.00708344
457.635 0.868106 0.0121641
