0.896877
0.894055
0.898196
0.901216
0.89988
0.898781
0.899082
0.899519
0.901908
0.896215
0.899682
0.899737
0.899517
0.897005
0.89719
0.897383
0.897287
0.898582
0.898832
0.897448
0.897512
0.895901
0.900157
0.898596
0.897637
0.898926
0.895742
0.899287
0.900469
0.8975
0.898554
0.89593
0.898355
0.900401
0.900396
0.892101
0.896467
0.897167
0.894635
0.9002
0.901426
0.896309
0.900481
0.903502
0.896973
0.899872
0.902487
0.899508
0.894263
0.898752
0.892948
0.89714
0.903056
0.896592
0.898555
0.900514
0.896816
0.899281
0.900074
0.900915
0.899268
0.899445
0.893798
0.89838
0.899815
0.901725
0.902509
0.899513
0.897401
0.89662
0.900902
0.892642
0.897593
0.89803
0.899439
0.899525
0.899117
0.89673
0.89949
0.899375
0.900775
0.89803
0.901219
0.897281
0.89906
0.902829
0.895244
0.901286
0.896666
0.897144
0.898834
0.898336
0.898007
0.900305
0.898002
0.900621
0.898873
0.896679
0.896667
0.900184
0.897579
0.898936
0.901105
0.896733
0.897099
0.900281
0.894141
0.898281
0.895491
0.90386
0.903809
0.895396
0.896977
0.899803
0.899053
0.899209
0.897809
0.898046
0.895008
0.897735
0.895999
0.898628
0.901172
0.897953
0.898334
0.901823
0.899701
0.898798
0.895015
0.900147
0.895774
0.899181
0.897403
0.89956
0.896673
0.89935
0.897725
0.89619
0.899418
0.896774
0.898768
0.89493
0.89822
0.897156
0.895935
0.895229
0.901144
0.897314
0.899058
0.896386
0.898202
0.902349
0.900075
0.896852
0.899039
0.899774
0.898159
0.894879
0.895874
0.897942
0.900634
0.897476
0.899839
0.898023
0.899635
0.898559
0.896455
0.896607
0.898279
0.897977
0.898822
0.900962
0.899222
0.90161
0.900023
0.895475
0.897663
0.900405
0.896388
0.900085
0.900712
0.902367
0.89345
0.896767
0.897857
0.898731
0.89503
0.898935
0.898877
0.897753
0.898015
0.896674
0.897569
0.897823
0.898728
0.895984
0.897498
0.896104
0.90185
0.896605
0.897262
0.893971
0.898844
0.897267
0.897108
0.901655
0.898996
0.897799
0.895417
0.899997
0.903156
0.902137
0.897213
0.89868
0.899818
0.898903
0.898666
0.897396
0.893052
0.895829
0.897236
0.897372
0.897808
0.898537
0.898153
0.897914
0.898276
0.897976
0.899934
0.895791
0.897727
0.898575
0.900799
0.895613
0.897233
0.893924
0.898597
0.896088
0.897287
0.898547
0.897646
0.90059
0.897446
0.898976
0.901029
0.901218
0.901777
0.896955
0.900061
0.898389
0.899917
0.897677
0.899737
0.898855
0.898401
0.899261
0.900587
0.899186
0.895463
0.899524
0.897816
0.898062
0.900901
0.896196
0.898989
0.898077
0.899953
0.899044
0.895005
0.899277
0.900539
0.898538
0.900028
0.89503
0.898165
0.894912
0.896523
0.897982
0.902121
0.899918
0.89648
0.898952
0.897979
0.897208
0.899495
0.898912
0.896819
0.899239
0.898094
0.901545
0.897845
0.89962
0.901523
0.896915
0.899448
0.898849
0.900469
0.89681
0.894745
0.896286
0.903773
0.895365
0.897971
0.895852
0.897771
0.896011
0.902469
0.898739
0.897146
0.900811
0.897299
0.897564
0.897432
0.895317
0.901483
0.898971
0.898934
0.895943
0.897254
0.896559
0.89601
0.900828
0.898618
0.897887
0.896863
0.895881
0.898148
0.896701
0.902101
0.901325
0.900783
0.899861
0.900696
0.900358
0.898084
0.89978
0.898217
0.901864
0.899581
0.897643
0.900855
0.896571
0.901702
0.902337
0.900658
0.900754
0.896877
0.896424
0.900628
0.89898
0.893751
0.898784
0.894985
0.899589
0.900656
0.900408
0.897748
0.899104
0.898925
0.901476
0.900011
0.894737
0.898448
0.89878
0.900853
0.900807
0.896927
0.898901
0.896835
0.896735
0.900833
0.899753
0.899065
0.898248
0.902557
0.898441
0.900662
0.902101
0.899837
0.898332
0.895655
0.894743
0.896011
0.898617
0.899206
0.898422
0.892641
0.900476
0.900946
0.898282
0.900997
0.900721
0.896327
0.897251
0.898965
0.900115
0.894638
0.899628
0.895537
0.899982
0.898841
0.899292
0.895621
0.897705
0.898738
0.897225
0.89873
0.899768
0.897055
0.900687
0.896451
0.895937
0.897988
0.903168
0.897731
0.895316
0.894364
0.892926
0.896967
0.895
0.899191
0.896784
0.896857
0.901149
0.898775
0.899902
0.898031
0.897231
0.898184
0.89842
0.899107
0.895747
0.900542
0.898005
0.895131
0.899286
0.897795
0.899999
0.899337
0.897725
0.894037
0.901789
0.899475
0.89599
0.895578
0.897616
0.898472
0.89535
0.899406
0.898136
0.89226
0.899672
0.899572
0.898011
0.897823
0.896807
0.903457
0.899463
0.898748
0.900107
0.898692
0.897102
0.900617
0.898818
0.895669
0.900936
0.89687
0.900763
0.898687
0.898892
0.895679
0.896321
0.899662
0.898401
0.898314
0.895809
0.899096
0.901726
0.896681
0.896376
0.896732
0.897426
0.898579
0.896738
0.900043
0.897541
0.903594
0.898081
0.903057
0.901074
0.901832
0.894661
0.898429
0.89611
0.898272
0.897659
0.896552
0.897427
0.901014
0.903578
0.897033
0.894828
0.895587
0.899043
0.895444
0.895752
0.898482
0.897122
0.896626
0.901164
0.900856
0.897382
0.900921
0.897083
0.897895
0.895915
0.898901
0.899665
0.897063
0.896835
0.897159
0.901751
0.900077
0.899873
0.89794
0.898297
0.899032
0.900979
0.900118
0.895933
0.897289
0.904371
0.897205
0.895539
0.899726
0.898203
0.900186
0.898364
0.899906
0.900097
0.898449
0.898227
0.898296
0.903078
0.896117
0.89853
0.898424
0.901191
0.896272
0.895596
0.896187
0.90218
0.898075
0.900328
0.89932
0.900868
0.900774
0.899054
0.897055
0.897744
0.900971
0.896134
0.902266
0.898053
0.897598
0.899186
0.899372
0.897872
0.894994
0.899668
0.897117
0.901511
0.901698
0.899126
0.899631
0.894645
0.900206
0.898306
0.897078
0.897634
0.900203
0.899356
0.896938
0.900263
0.903618
0.8966
0.898414
0.901298
0.8946
0.90097
0.898992
0.897914
0.900933
0.898517
0.897452
0.898627
0.894126
0.896572
0.89727
0.897372
0.8998
0.902533
0.895564
0.897494
0.89761
0.900316
0.89784
0.898177
0.899456
0.899845
0.898874
0.899271
0.901939
0.89619
0.898449
0.893238
0.896843
0.895988
0.896659
0.899514
0.900043
0.898498
0.896331
0.899064
0.902003
0.893777
0.896732
0.899269
0.900996
0.896105
0.903075
0.900901
0.896645
0.898579
0.901579
0.902125
0.90009
0.898823
0.89563
0.898874
0.900082
0.900279
0.899224
0.895874
0.897273
0.896038
0.903503
0.898
0.896642
0.897266
0.899134
0.896777
0.895969
0.903074
0.897517
0.895891
0.900278
0.900422
0.89931
0.901015
0.8971
0.897227
0.899752
0.90116
0.898249
0.898342
0.898687
0.898013
0.897535
0.89907
0.897219
0.897351
0.901779
0.900811
0.899179
0.893408
0.898737
0.899342
0.901412
0.897402
0.89834
0.895828
0.898949
0.896009
0.898855
0.89951
0.895182
0.899713
0.898447
0.899508
0.895448
0.900448
0.902494
0.903172
0.899637
0.89949
0.900191
0.894689
0.895592
0.897013
0.900816
0.896871
0.902191
0.897964
0.899647
0.901739
0.897314
0.90133
0.897587
0.89646
0.896341
0.900593
0.897539
0.900121
0.897511
0.898089
0.892914
0.897619
0.896506
0.900552
0.903306
0.9005
0.895015
0.897289
0.900966
0.901382
0.898698
0.897179
0.898774
0.894062
0.89849
0.898326
0.898124
0.897057
0.897184
0.899342
0.899635
0.897769
0.898167
0.897266
0.90064
0.893449
0.894864
0.90069
0.896006
0.895237
0.898473
0.900531
0.898867
0.900431
0.898221
0.901286
0.898037
0.903441
0.900681
0.902628
0.898121
0.901819
0.898494
0.9014
0.897036
0.90016
0.89839
0.897971
0.901147
0.898371
0.898044
0.901418
0.898796
0.899106
0.900086
0.897169
0.898384
0.895549
0.899622
0.90103
0.899892
0.897754
0.896805
0.901972
0.900886
0.899129
0.898749
0.895879
0.899976
0.897765
0.900064
0.89659
0.896541
0.900153
0.899289
0.897343
0.899723
0.898652
0.897888
0.900658
0.894193
0.900602
0.900798
0.896477
0.899709
0.901443
0.898352
0.897594
0.901258
0.900534
0.897105
0.899656
0.899898
0.897631
0.900466
0.897665
0.902129
0.899271
0.89831
0.89991
0.89641
0.89929
0.896411
0.893499
0.895603
0.894604
0.895219
0.899168
0.897168
0.899118
0.897912
0.897982
0.899209
0.893902
0.896999
0.898385
0.89839
0.900281
0.897894
0.895891
0.899007
0.898435
0.900108
0.896927
0.897996
0.898693
0.898258
0.8984
0.900723
0.898081
0.898008
0.898384
0.898543
0.900575
0.898948
0.898781
0.898702
0.900897
0.90221
0.898193
0.896452
0.901349
0.901595
0.897431
0.900087
0.897598
0.900218
0.898736
0.899818
0.900021
0.897827
0.897435
0.898587
0.896884
0.898895
0.898779
0.898056
0.900087
0.901389
0.897906
0.899725
0.897695
0.899577
0.897984
0.90348
0.900349
0.895365
0.897714
0.898751
0.898968
0.901883
0.89829
0.900805
0.901389
0.89659
0.893908
0.89881
0.899555
0.899537
0.89963
0.900786
0.896655
0.898805
0.898948
0.897773
0.90197
0.899018
0.899202
0.896516
0.895634
0.895883
0.898009
0.89673
0.898535
0.89992
0.89942
0.898023
0.897248
0.902598
0.896007
0.896422
0.896697
0.89689
0.898043
0.897757
0.90227
0.895634
0.896927
0.903223
0.894962
0.89708
0.896343
0.893773
0.899923
0.90197
0.900867
0.899328
0.897359
0.899004
0.896496
0.89572
0.895837
0.893849
0.899163
0.897249
0.900531
0.903798
0.897134
0.895667
0.899579
0.899405
0.896429
0.897763
0.897078
0.896491
0.902262
0.898647
0.896432
0.899655
0.8983
0.898656
0.901548
0.897109
0.900137
0.897871
0.901996
0.89841
0.894965
0.898519
0.895871
0.895283
0.900119
0.894212
0.900816
0.900567
0.899782
0.897025
0.898957
0.896536
0.901982
0.901619
0.898875
0.899787
0.898112
0.898804
0.896503
0.897143
0.900053
0.900322
0.895287
0.89955
0.900715
0.896813
0.89823
0.893795
0.897102
0.897452
0.899139
0.89516
0.90214
0.896184
0.896428
0.902593
0.895534
0.895917
0.900795
0.897308
0.895759
0.899274
0.898868
0.902212
0.896062
0.899049
0.897108
0.900062
0.901621
0.895157
0.901222
0.898389
0.897385
0.899079
0.896377
0.899234
0.898541
0.89703
0.896207
0.897606
0.898124
0.899522
0.898808
0.894813
0.899842
0.900191
0.894112
0.89908
0.897294
0.899152
0.89997
0.899318
0.90141
0.899583
0.895201
0.899981
0.899024
0.898119
0.894207
0.895786
0.899379
0.898555
0.895066
0.894903
0.89893
0.894113
0.898483
0.895692
0.89452
0.896277
0.899066
0.893157
0.897938
0.899653
0.89848
0.895175
0.900828
0.898941
0.897616
0.901943
0.893575
0.896936
0.896867
0.895854
0.898388
0.897194
0.896965
0.905262
0.899356
0.892982
0.898651
0.896268
0.901125
0.902173
0.899161
0.896558
0.900608
0.899362
0.899545
0.901426
0.900581
0.893881
0.900232
0.892381
0.900187
0.898275
0.899549
0.896808
0.898102
0.898216
0.898572
0.900404
0.897737
0.898108
0.900509
0.897873
0.898044
0.899767
0.899821
0.899744
0.893518
0.898068
0.89631
0.896353
0.897857
0.898583
0.899672
0.900143
0.894153
0.895913
0.897444
0.898927
0.900286
0.895175
0.896986
0.900698
0.893827
0.898509
0.897157
0.896539
0.898354
0.897088
0.900347
0.899678
0.897805
0.89801
0.89972
0.897445
0.89852
0.900353
0.896031
0.900159
0.899891
0.895337
0.898082
0.901565
0.896539
0.899824
0.897901
0.899596
0.896267
0.897162
0.895371
0.898526
0.899495
0.901928
0.902763
0.896033
0.900516
0.901896
0.904274
0.89809
0.895766
0.902044
0.903059
0.899551
0.897411
0.897001
0.899469
0.899424
0.897561
0.895663
0.900749
0.897511
0.895203
0.902461
0.897651
0.895758
0.899996
0.895922
0.901082
0.898067
0.898751
0.899505
0.899651
0.898706
0.895684
0.895873
0.89657
0.903
0.899936
0.902159
0.896379
0.897981
0.902433
0.899683
0.899264
0.895884
0.897935
0.8986
0.902059
0.897394
0.898289
0.897126
0.899798
0.896296
0.900233
0.899498
0.895153
0.898031
0.901826
0.898166
0.897324
0.89665
0.901549
0.89973
0.895574
0.897996
0.897358
0.900699
0.899849
0.899345
0.897894
0.897158
0.896061
0.901419
0.897356
0.899297
0.900973
0.900457
0.895484
0.897843
0.898636
0.900629
0.902104
0.898467
0.898406
0.90241
0.899368
0.900787
0.89541
0.899574
0.89624
0.897008
0.899172
0.900698
0.899359
0.899447
0.898043
0.898715
0.897777
0.899923
0.902472
0.900361
0.899346
0.896672
0.899147
0.895714
0.89609
0.9003
0.898208
0.898944
0.896869
0.898707
0.896618
0.899438
0.901004
0.89904
0.898699
0.89994
0.899782
0.901037
0.898227
0.900387
0.899125
0.899065
0.899328
0.900428
0.89836
0.899313
0.905857
0.896435
0.897257
0.901211
0.89667
0.898997
0.898755
0.896461
0.900924
0.896332
0.896216
0.895446
0.897909
0.899543
0.901086
0.900977
0.896433
0.898934
0.896408
0.899141
0.896539
0.898484
0.89752
0.89911
0.89831
0.894196
0.89489
0.90003
0.899138
0.897823
0.897436
0.898102
0.899428
0.896773
0.898834
0.898399
0.895985
0.896987
0.900069
0.901024
0.902039
0.896988
0.903368
0.897471
0.901454
0.897561
0.898448
0.901488
0.897598
0.896563
0.897628
0.898248
0.902132
0.895063
0.898983
0.897774
0.900635
0.901579
0.894413
0.894265
0.898451
0.893177
0.896847
0.899592
0.898418
0.900035
0.897532
0.896966
0.899643
0.903565
0.895438
0.896595
0.897949
0.897144
0.900178
0.896495
0.899392
0.900744
0.900242
0.899236
0.899961
0.902182
0.898867
0.897872
0.897112
0.897266
0.898064
0.901339
0.896511
0.899397
0.900202
0.900213
0.896719
0.897842
0.9003
0.903298
0.89616
0.896515
0.901458
0.897312
0.901506
0.9014
0.898583
0.897683
0.899945
0.89898
0.900941
0.898806
0.899461
0.900435
0.900685
0.895737
0.899206
0.897621
0.894268
0.897133
0.901235
0.896594
0.900156
0.896924
0.902342
0.899224
0.898181
0.89755
0.901331
0.898015
0.900436
0.899392
0.903052
0.900062
0.895065
0.897093
0.899604
0.898518
0.901538
0.89649
0.897172
0.899786
0.897564
0.896226
0.898908
0.900459
0.901857
0.898747
0.894034
0.900671
0.900986
0.898938
0.896999
0.898528
0.898635
0.898775
0.898898
0.90075
0.901423
0.898461
0.902872
0.898719
0.896285
0.902025
0.899029
0.901867
0.896977
0.898589
0.896635
0.901103
0.900154
0.896853
0.898563
0.900876
0.900207
0.897802
0.896715
0.896139
0.899972
0.894287
0.896868
0.89508
0.900795
0.901867
0.896952
0.898673
0.894522
0.898265
0.897315
0.900755
0.89847
0.897868
0.899339
0.898332
0.898824
0.895596
0.901968
0.897657
0.897176
0.891548
0.897009
0.897012
0.89615
0.896986
0.894095
0.89527
0.893986
0.8972
0.898542
0.902995
0.897475
0.898131
0.897668
0.899101
0.896913
0.894709
0.900602
0.896866
0.899431
0.895991
0.900996
0.902164
0.899116
0.90053
0.89394
0.903679
0.89724
0.901492
0.897901
0.90092
0.898035
0.897298
0.894805
0.899635
0.897162
0.900009
0.897231
0.899602
0.899261
0.898739
0.899348
0.900596
0.896689
0.897334
0.899048
0.897341
0.897667
0.898537
0.897344
0.894354
0.89926
0.901515
0.898125
0.900088
0.899458
0.895897
0.89869
0.895169
0.898047
0.894789
0.899242
0.900969
0.896959
0.90061
0.89888
0.898601
0.898602
0.897825
0.901519
0.896284
0.897847
0.896142
0.899396
0.897146
0.904913
0.899927
0.898739
0.897871
0.899809
0.897741
0.90129
0.900151
0.901789
0.896942
0.899921
0.895726
0.900774
0.89785
0.897605
0.901542
0.896942
0.897217
0.895454
0.895913
0.897323
0.901508
0.901274
0.896094
0.901099
0.896704
0.896102
0.89903
0.898577
0.897785
0.901284
0.899832
0.895033
0.89841
0.900001
0.897613
0.8991
0.90138
0.899262
0.900415
0.89887
0.897941
0.897828
0.897082
0.900349
0.901127
0.899555
0.894371
0.898326
0.89624
0.895185
0.898653
0.901862
0.896781
0.899125
0.898938
0.899038
0.899361
0.891527
0.899765
0.899994
0.899256
0.899554
0.899658
0.896137
0.897498
0.899558
0.900904
0.9015
0.894819
0.897102
0.89701
0.895211
0.897164
0.898435
0.902002
0.895557
0.900576
0.89717
0.899645
0.897655
0.896438
0.899866
0.898026
0.899813
0.898712
0.896273
0.894338
0.897207
0.897294
0.898247
0.899146
0.895496
0.900285
0.901643
0.899296
0.898287
0.898953
0.90126
0.89541
0.895148
0.897533
0.894188
0.897893
0.896828
0.899357
0.89939
0.899507
0.89863
0.898863
0.898807
0.898419
0.902806
0.898788
0.897869
0.89941
0.894577
0.895414
0.896944
0.900889
0.895735
0.900196
0.899914
0.899193
0.898822
0.897306
0.897813
0.898396
0.897675
0.900541
0.891735
0.899788
0.89846
0.898082
0.900171
0.899353
0.897196
0.89765
0.897839
0.895662
0.895904
0.898588
0.902493
0.90154
0.900161
0.900389
0.89716
0.897441
0.893825
0.896938
0.896535
0.897892
0.896031
0.898867
0.900175
0.900511
0.893237
0.899467
0.896734
0.896463
0.894367
0.899869
0.897586
0.897752
0.898855
0.895788
0.897628
0.894683
0.902301
0.89833
0.897802
0.901789
0.897057
0.899147
0.896477
0.899096
0.901899
0.898784
0.899846
0.899953
0.902147
0.897668
0.899461
0.899319
0.89752
0.897804
0.898686
0.901603
0.902594
0.897959
0.900829
0.898297
0.897824
0.899649
0.896754
0.895282
0.894526
0.901011
0.901653
0.898335
0.89526
0.898011
0.901262
0.89684
0.899555
0.893575
0.895772
0.896159
0.901852
0.900447
0.903266
0.899084
0.900745
0.89832
0.901115
0.896025
0.898036
0.896527
0.895015
0.894704
0.902052
0.899613
0.899102
0.90033
0.893315
0.894511
0.895314
0.89654
0.898314
0.897069
0.899112
0.8978
0.897882
0.89765
0.899363
0.895957
0.897635
0.898108
0.900038
0.896598
0.895167
0.897412
0.902199
0.896816
0.898737
0.904042
0.896705
0.900619
0.896495
0.899692
0.896922
0.901285
0.900253
0.905878
0.901389
0.896562
0.897981
0.897064
0.898394
0.897232
0.896601
0.900011
0.896526
0.899556
0.899008
0.900434
0.897575
0.896786
0.900944
0.895461
0.897273
0.900209
0.898511
0.899132
0.896379
0.89789
0.895781
0.89824
0.899554
0.898871
0.898782
0.89805
0.900316
0.900014
0.902701
0.897662
0.895218
0.894363
0.896019
0.896323
0.902557
0.895994
0.898322
0.898551
0.89833
0.903316
0.895973
0.894008
0.896457
0.898341
0.900125
0.902005
0.898404
0.895219
0.897344
0.899411
0.902351
0.902085
0.895062
0.897576
0.899442
0.899336
0.900923
0.89683
0.896687
0.900365
0.894834
0.903408
0.895829
0.897932
0.898126
0.896434
0.902382
0.896048
0.900826
0.898631
0.899975
0.899107
0.896045
0.900467
0.901595
0.895709
0.8993
0.899317
0.901486
0.899471
0.898159
0.900629
0.897905
0.899278
0.901868
0.896895
0.896877
0.898328
0.899143
0.897858
0.898395
0.898641
0.899625
0.89771
0.901852
0.899487
0.900525
0.897008
0.900204
0.89499
0.896328
0.899307
0.901819
0.900107
0.90033
0.89854
0.898702
0.898145
0.901981
0.901175
0.899231
0.896503
0.899681
0.899334
0.898714
0.896109
0.899495
0.899333
0.900382
0.89743
0.898136
0.898235
0.897219
0.900408
0.892479
0.898089
0.896011
0.895637
0.899802
0.901328
0.897336
0.906675
0.897253
0.898331
0.9011
0.893864
0.901451
0.892604
0.900102
0.896642
0.895481
0.900316
0.899549
0.898436
0.898179
0.894388
0.897775
0.897739
0.899706
0.901044
0.896166
0.89426
0.897108
0.894513
0.902462
0.898099
0.898276
0.896973
0.898521
0.900597
0.894635
0.897637
0.901682
0.898518
0.898186
0.899929
0.90283
0.898943
0.893239
0.895427
0.900672
0.900782
0.898662
0.899731
0.896372
0.897352
0.897715
0.900835
0.899655
0.896779
0.894368
0.894097
0.896115
0.894164
0.897069
0.898232
0.899437
0.900001
0.895326
0.898861
0.902601
0.896734
0.899625
0.897977
0.90079
0.900015
0.900627
0.899777
0.901238
0.900869
0.896134
0.89828
0.899998
0.90303
0.895678
0.899225
0.897768
0.898722
0.893333
0.897885
0.899005
0.89842
0.897899
0.900541
0.898666
0.901685
0.897427
0.89835
0.897516
0.898995
0.895957
0.898021
0.900292
0.900364
0.893877
0.898604
0.898046
0.89806
0.899322
0.899101
0.898082
0.896542
0.894735
0.895819
0.898008
0.900313
0.89717
0.899272
0.895919
0.899669
0.899607
0.898581
0.896375
0.896383
0.900827
0.897078
0.902207
0.899702
0.895911
0.901466
0.896901
0.8959
0.894991
0.89715
0.902842
0.8966
0.895874
0.899377
0.898867
0.901417
0.89527
0.897949
0.897212
0.89823
0.896856
0.89507
0.893835
0.898703
0.897842
0.898482
0.90067
0.900526
0.895953
0.89666
0.898769
0.894354
0.901468
0.895392
0.895154
0.899996
0.897541
0.89957
0.896982
0.900441
0.897334
0.903732
0.898943
0.894541
0.899851
0.895479
0.899048
0.900532
0.898529
0.899273
0.900298
0.898524
0.894713
0.898709
0.898282
0.898226
0.901338
0.898842
0.899702
0.896929
0.901851
0.899209
0.899106
0.897944
0.893829
0.897554
0.900134
0.895782
0.894552
0.894937
0.896794
0.896278
0.899756
0.898893
0.893908
0.898026
0.898102
0.902061
0.901234
0.895686
0.897429
0.893256
0.895677
0.900536
0.899828
0.899979
0.89948
0.902522
0.900629
0.897501
0.89659
0.894572
0.898486
0.894428
0.896171
0.900966
0.894945
0.898266
0.896607
0.895818
0.9003
0.899884
0.896798
0.900492
0.897804
0.898263
0.898171
0.89903
0.899857
0.896819
0.897548
0.89925
0.896979
0.899685
0.899933
0.899393
0.900117
0.901454
0.895744
0.9012
0.901922
0.900606
0.896436
0.898499
0.89285
0.896317
0.899878
0.900173
0.89735
0.899949
0.900405
0.895955
0.899365
0.902638
0.897603
0.899835
0.894796
0.90203
0.899741
0.894677
0.897248
0.89815
0.896567
0.894716
0.898027
0.898692
0.895894
0.898751
0.897535
0.897552
0.897086
0.897783
0.900393
0.896209
0.896543
0.899439
0.899219
0.897039
0.897928
0.898409
0.902421
0.901825
0.90389
0.89561
0.899684
0.899649
0.895224
0.896211
0.895443
0.899876
0.902126
0.90038
0.89855
0.893698
0.897241
0.898039
0.901082
0.900792
0.900972
0.899952
0.902451
0.900545
0.899169
0.898833
0.896596
0.901136
0.897518
0.897778
0.901212
0.898525
0.90255
0.898089
0.901562
0.894449
0.900375
0.900051
0.894248
0.8979
0.896002
0.902303
0.896607
0.900039
0.898425
0.902339
0.900387
0.899865
0.897971
0.903108
0.902467
0.895011
0.903167
0.899604
0.897299
0.899344
0.896814
0.901001
0.900008
0.899345
0.901778
0.900396
0.900678
0.896338
0.899739
0.898638
0.898848
0.899913
0.8996
0.900598
0.897999
0.897589
0.899305
0.90119
0.902233
0.896394
0.901334
0.898229
0.898719
0.899297
0.902081
0.897832
0.899932
0.894557
0.896783
0.899996
0.894955
0.897015
0.897182
0.899701
0.90343
0.901715
0.89931
0.899221
0.898954
0.898201
0.901964
0.895481
0.897646
0.896249
0.900135
0.900399
0.900847
0.896252
0.89732
0.892751
0.900497
0.897143
0.896693
0.897288
0.895374
0.896155
0.897041
0.899526
0.895982
0.898247
0.898129
0.897
0.897553
0.900748
0.897985
0.900455
0.895322
0.89669
0.899499
0.892288
0.895765
0.900984
0.895306
0.899158
0.897737
0.90008
0.899083
0.898648
0.900272
0.899027
0.901501
0.896046
0.895906
0.897349
0.902902
0.894355
0.900249
0.901289
0.89726
0.900464
0.895891
0.896662
0.898395
0.899123
0.897364
0.900296
0.897104
0.90022
0.899416
0.89859
0.896156
0.897822
0.90186
0.901037
0.902128
0.898711
0.899309
0.899584
0.898588
0.895143
0.897946
0.897612
0.899264
0.898153
0.892111
0.899031
0.900988
0.896049
0.899661
0.899245
0.90157
0.897142
0.899788
0.898844
0.898759
0.89903
0.896618
0.899465
0.89551
0.899489
0.895774
0.899465
0.902508
0.899098
0.895678
0.897624
0.896794
0.897274
0.897488
0.899121
0.898699
0.898353
0.8972
0.901141
0.896692
0.898032
0.894909
0.901769
0.896475
0.897624
0.896583
0.897309
0.897357
0.901621
0.898469
0.896346
0.895586
0.895482
0.900382
0.898914
0.897422
0.898446
0.901442
0.894494
0.899379
0.900517
0.900376
0.895958
0.899285
0.895109
0.899335
0.893959
0.897712
0.897935
0.89625
0.898658
0.899133
0.898537
0.897602
0.896338
0.897724
0.897207
0.89897
0.898846
0.899025
0.896909
0.898906
0.903099
0.897352
0.901357
0.900166
0.901163
0.898095
0.89439
0.89901
0.899148
0.896412
0.897421
0.8975
0.901328
0.89936
0.899593
0.898032
0.896704
0.901088
0.896963
0.898
0.897034
0.898789
0.899133
0.899022
0.897178
0.899243
0.899079
0.899225
0.899543
0.899493
0.900788
0.903349
0.898542
0.894964
0.895733
0.894472
0.895323
0.901925
0.897304
0.897269
0.897426
0.894813
0.899607
0.897209
0.900935
0.897261
0.898897
0.898302
0.900445
0.899495
0.899791
0.896626
0.897675
0.896757
0.896826
0.900213
0.901297
0.894376
0.900829
0.897383
0.896909
0.896461
0.89938
0.896909
0.89912
0.901294
0.898955
0.896515
0.901979
0.899699
0.899941
0.897326
0.897438
0.899926
0.895966
0.899449
0.894252
0.896037
0.899647
0.897085
0.898554
0.897325
0.897222
0.898186
0.900247
0.898823
0.900438
0.898741
0.899165
0.896604
0.899861
0.897223
0.89896
0.898209
0.896831
0.897946
0.898936
0.899976
0.904311
0.897533
0.894504
0.903863
0.895517
0.899058
0.896076
0.897368
0.897795
0.900476
0.896995
0.896785
0.894413
0.897984
0.899381
0.899048
0.900098
0.895685
0.895681
0.897165
0.898659
0.899761
0.898739
0.900323
0.898022
0.896703
0.897605
0.900438
0.900301
0.900678
0.897995
0.896773
0.900833
0.897952
0.901895
0.897853
0.89837
0.893702
0.895975
0.897009
0.89699
0.896879
0.900811
0.897221
0.899101
0.906347
0.898199
0.89728
0.895628
0.899944
0.899504
0.896644
0.900487
0.900097
0.899293
0.89783
0.895307
0.896179
0.89702
0.900782
0.896479
0.902458
0.900301
0.894615
0.900154
0.895749
0.898461
0.896952
0.901471
0.896242
0.897712
0.89488
0.899384
0.900933
0.895706
0.89724
0.900949
0.897872
0.897787
0.897667
0.897752
0.900662
0.901141
0.899008
0.897478
0.89955
0.898146
0.902487
0.899531
0.893591
0.897707
0.902079
0.897054
0.899614
0.897886
0.899872
0.896086
0.898037
0.899839
0.899618
0.898509
0.902222
0.896954
0.896408
0.898121
0.899944
0.896192
0.90151
0.898985
0.89878
0.896014
0.898825
0.898736
0.899551
0.898809
0.899249
0.899429
0.898194
0.898268
0.899431
0.899447
0.900166
0.897844
0.900016
0.89937
0.897277
0.897533
0.902444
0.897796
0.900436
0.897563
0.898621
0.898676
0.897357
0.899029
0.898946
0.896924
0.898938
0.901179
0.899022
0.895049
0.898804
0.897712
0.898349
0.896984
0.89698
0.899784
0.899236
0.895396
0.895098
0.898748
0.895897
0.895524
0.896982
0.899039
0.898926
0.8985
0.898365
0.896036
0.897137
0.900191
0.895829
0.900451
0.897734
0.900229
0.89902
0.895863
0.898272
0.895206
0.901022
0.89782
0.897188
0.897928
0.900772
0.898641
0.899317
0.902048
0.897056
0.899795
0.898887
0.899386
0.896759
0.899232
0.895115
0.895367
0.896926
0.898019
0.896942
0.901249
0.895929
0.89506
0.901204
0.897839
0.90149
0.897832
0.896769
0.896367
0.901062
0.899954
0.895658
0.898057
0.89792
0.896766
0.896936
0.900276
0.900068
0.898585
0.896536
0.897958
0.900793
0.89595
0.896604
0.898001
0.899049
0.895132
0.8982
0.899378
0.899652
0.896695
0.896605
0.896691
0.895829
0.899526
0.896031
0.900541
0.895023
0.90073
0.899791
0.899622
0.89892
0.90048
0.900726
0.898253
0.898099
0.899769
0.900066
0.893325
0.899911
0.898126
0.895336
0.898689
0.895992
0.89793
0.898112
0.899184
0.897915
0.89907
0.900007
0.89667
0.900335
0.900221
0.898071
0.898281
0.898212
0.896592
0.897479
0.897358
0.89929
0.899318
0.898898
0.898276
0.899292
0.900075
0.902726
0.894429
0.900147
0.899989
0.896629
0.897242
0.900728
0.893785
0.901166
0.898361
0.902723
0.90345
0.896129
0.896971
0.895367
0.900089
0.899113
0.896789
0.896511
0.898312
0.899784
0.897559
0.899807
0.89891
0.89893
0.896691
0.901449
0.89955
0.89765
0.897502
0.897299
0.897694
0.8961
0.898284
0.895242
0.897921
0.901385
0.899559
0.897407
0.899176
0.898802
0.891325
0.900052
0.900719
0.895684
0.898449
0.899179
0.896575
0.900516
0.902687
0.901336
0.898586
0.895108
0.898586
0.897024
0.899086
0.899464
0.897346
0.898055
0.897518
0.8964
0.89685
0.896033
0.899926
0.89823
0.899355
0.901655
0.896817
0.900095
0.89835
0.790282
0.903403
0.897984
0.900451
0.898684
0.900255
0.902586
0.899126
0.898571
0.898672
0.901059
0.896803
0.8987
0.896892
0.897574
0.897042
0.898833
0.902142
0.903764
0.899867
0.900591
0.900624
0.895858
0.897608
0.898074
0.899052
0.900676
0.894567
0.900532
0.896534
0.900674
0.899175
0.896842
0.894879
0.895315
0.897859
0.897846
0.893819
0.896279
0.89796
0.898534
0.902736
0.894877
0.901127
0.899486
0.898257
0.898442
0.902344
0.903315
0.899612
0.898788
0.899577
0.898544
0.901325
0.900229
0.898358
0.898952
0.895858
0.901098
0.899268
0.897233
0.899098
0.901866
0.900379
0.8956
0.901251
0.898268
0.897023
0.898668
0.901426
0.899231
0.89899
0.898785
0.898432
0.896952
0.899098
0.897101
0.896348
0.899146
0.90086
0.900942
0.89918
0.901863
0.897794
0.898019
0.89825
0.898964
0.896516
0.898716
0.898029
0.900957
0.899209
0.898474
0.901486
0.89583
0.897991
0.89387
0.90249
0.90565
0.897275
0.901561
0.896426
0.896791
0.90233
0.900858
0.89696
0.897481
0.901965
0.900429
0.899339
0.897376
0.899876
0.898676
0.896425
0.901325
0.902169
0.898263
0.899667
0.896577
0.897037
0.8984
0.898675
0.898718
0.902909
0.899775
0.895195
0.899049
0.897865
0.897558
0.898738
0.902723
0.890562
0.896198
0.901217
0.900551
0.897279
0.898652
0.901434
0.899643
0.897326
0.897693
0.900827
0.900863
0.901387
0.8975
0.898692
0.902137
0.89818
0.898516
0.898679
0.899488
0.901204
0.899269
0.901969
0.900506
0.900188
0.899016
0.897704
0.900715
0.899344
0.900561
0.895559
0.896396
0.895801
0.902467
0.898977
0.897891
0.89853
0.897817
0.899879
0.899998
0.898832
0.899427
0.898049
0.901741
0.899588
0.897377
0.896635
0.899202
0.897473
0.89771
0.897342
0.896332
0.898721
0.899605
0.895879
0.89933
0.89453
0.898309
0.898487
0.898175
0.898107
0.900674
0.903512
0.89607
0.896132
0.898921
0.900475
0.897251
0.901079
0.898958
0.898689
0.900217
0.895496
0.897435
0.899629
0.901734
0.8947
0.895914
0.896948
0.900926
0.901008
0.903332
0.894968
0.895482
0.899472
0.902315
0.90136
0.894047
0.897047
0.899751
0.896171
0.900688
0.8921
0.898072
0.899065
0.897274
0.89727
0.895391
0.899036
0.896834
0.897455
0.903545
0.901565
0.896006
0.901377
0.899203
0.894782
0.897366
0.898392
0.899623
0.899711
0.901313
0.898206
0.898974
0.898715
0.897097
0.898899
0.897056
0.894211
0.896721
0.89925
0.896282
0.898897
0.897621
0.897725
0.899341
0.900467
0.8981
0.898431
0.898814
0.89947
0.900094
0.900084
0.901063
0.898772
0.899934
0.893554
0.900542
0.894537
0.897859
0.898678
0.897984
0.898873
0.898541
0.898871
0.899984
0.900818
0.896697
0.897625
0.8948
0.896277
0.898765
0.901628
0.89594
0.897432
0.897326
0.899997
0.895933
0.899045
0.895149
0.897289
0.89958
0.897982
0.898545
0.896853
0.901027
0.89595
0.89413
0.895316
0.898145
0.897373
0.899018
0.898761
0.899931
0.89541
0.901334
0.899651
0.899204
0.897707
0.89879
0.893744
0.901222
0.899313
0.89912
0.896451
0.897826
0.899888
0.897595
0.896057
0.900552
0.895834
0.897149
0.899104
0.899737
0.898007
0.893343
0.897756
0.896725
0.901509
0.898291
0.899095
0.900126
0.901713
0.895368
0.901826
0.899173
0.899652
0.900964
0.898328
0.892985
0.898841
0.894331
0.894875
0.896497
0.892547
0.897879
0.898941
0.899057
0.899066
0.897015
0.901012
0.897795
0.899646
0.899411
0.898097
0.899892
0.900284
0.893529
0.897794
0.89829
0.89816
0.898555
0.898812
0.898701
0.897187
0.896539
0.900713
0.896079
0.899261
0.900392
0.895951
0.899609
0.899829
0.89729
0.898266
0.898143
0.899633
0.89619
0.8958
0.897887
0.898518
0.896497
0.897717
0.903105
0.898165
0.899211
0.899658
0.900761
0.901678
0.902469
0.896822
0.900249
0.897102
0.898057
0.897565
0.894517
0.89936
0.896494
0.900777
0.89629
0.898596
0.89886
0.894885
0.89399
0.900336
0.899052
0.897878
0.899195
0.895743
0.897607
0.896637
0.897552
0.901602
0.899997
0.898648
0.89657
0.900135
0.898133
0.901945
0.902032
0.899213
0.895273
0.900075
0.897256
0.896104
0.899915
0.898617
0.899122
0.894652
0.898304
0.898092
0.898673
0.899878
0.899256
0.895896
0.900765
0.89645
0.898769
0.900324
0.896595
0.903095
0.89924
0.899793
0.892575
0.897228
0.897793
0.893545
0.897907
0.900864
0.899298
0.894976
0.898603
0.900592
0.898123
0.894981
0.895906
0.896073
0.897799
0.89598
0.895121
0.894347
0.899578
0.901195
0.900243
0.901178
0.900048
0.898738
0.897333
0.897326
0.897616
0.898784
0.897204
0.893986
0.900087
0.900685
0.897871
0.897908
0.89366
0.896724
0.894783
0.899182
0.899577
0.896936
0.896881
0.896726
0.896009
0.900501
0.898573
0.895479
0.899983
0.897055
0.896119
0.899531
0.9001
0.89678
0.897731
0.903392
0.89642
0.900468
0.899985
0.895895
0.900509
0.895217
0.896123
0.895649
0.896606
0.897613
0.894976
0.898035
0.898375
0.898277
0.900566
0.898564
0.899173
0.89647
0.897386
0.899687
0.898703
0.895841
0.897133
0.899795
0.897565
0.898196
0.895417
0.905262
0.898809
0.899335
0.898357
0.896295
0.896837
0.898716
0.898131
0.894092
0.899508
0.899216
0.899879
0.898496
0.897297
0.902028
0.898264
0.894217
0.899766
0.898606
0.903256
0.896975
0.898136
0.899603
0.897714
0.898543
0.901875
0.897113
0.900265
0.901203
0.898991
0.898754
0.898646
0.903245
0.897556
0.899807
0.897374
0.898766
0.903087
0.904268
0.901203
0.897989
0.900013
0.897581
0.902686
0.899026
0.897418
0.90066
0.896166
0.899004
0.898665
0.898802
0.902245
0.899952
0.897242
0.896621
0.896411
0.902099
0.899812
0.898889
0.896543
0.896967
0.894699
0.898868
0.902057
0.900529
0.900199
0.899182
0.901488
0.898033
0.894115
0.900172
0.898946
0.897975
0.901147
0.901755
0.901418
0.899323
0.89947
0.902198
0.90146
0.894031
0.898121
0.902088
0.897634
0.894222
0.899431
0.8969
0.895872
0.897626
0.896061
0.899215
0.90204
0.899905
0.898203
0.89979
0.895729
0.89613
0.896174
0.898023
0.900475
0.899586
0.896384
0.898278
0.903159
0.898104
0.89795
0.899126
0.898679
0.896816
0.900486
0.900472
0.896416
0.898373
0.897156
0.898395
0.895925
0.895644
0.897593
0.903368
0.895078
0.896352
0.901576
0.896094
0.897283
0.899845
0.89957
0.895366
0.899742
0.898403
0.898409
0.894847
0.896578
0.89812
0.897807
0.901683
0.897309
0.900282
0.894521
0.899855
0.896935
0.896827
0.897512
0.893082
0.900691
0.896658
0.900454
0.898946
0.899195
0.900389
0.902032
0.89563
0.899253
0.895179
0.89432
0.901823
0.89726
0.897299
0.897577
0.898282
0.900284
0.896247
0.896482
0.89761
0.901074
0.896428
0.901281
0.897192
0.898033
0.901918
0.897924
0.897158
0.901273
0.897618
0.894913
0.901086
0.897431
0.899039
0.896445
0.900057
0.896184
0.903322
0.898104
0.897618
0.897964
0.896966
0.89818
0.898093
0.894834
0.89989
0.902695
0.904001
0.898015
0.897326
0.895678
0.902541
0.896193
0.8954
0.900408
0.899386
0.898231
0.895085
0.898278
0.899994
0.899502
0.901587
0.896194
0.897051
0.898654
0.897941
0.899842
0.900436
0.895968
0.900446
0.899709
0.897468
0.896105
0.899689
0.899533
0.900043
0.89743
0.901597
0.894295
0.897238
0.89684
0.90511
0.896025
0.899939
0.898847
0.896608
0.898936
0.895145
0.896252
0.901266
0.897726
0.898311
0.898
0.900104
0.900531
0.898976
0.897424
0.895489
0.897741
0.900771
0.896328
0.901054
0.901948
0.896846
0.898634
0.900046
0.899465
0.898286
0.90009
0.89833
0.898528
0.89718
0.901004
0.897678
0.898481
0.898734
0.899887
0.899689
0.896201
0.89786
0.899428
0.899025
0.898336
0.897497
0.897349
0.89702
0.900314
0.899593
0.900931
0.902163
0.899143
0.900355
0.895527
0.90025
0.896375
0.898209
0.896839
0.898283
0.896948
0.90116
0.89692
0.89549
0.897161
0.899938
0.900507
0.895867
0.897708
0.89881
0.901719
0.894667
0.898843
0.898292
0.901598
0.898211
0.898375
0.897702
0.898493
0.899857
0.899816
0.898813
0.896274
0.897943
0.899702
0.897833
0.89917
0.89793
0.899013
0.895665
0.90041
0.89812
0.89775
0.901062
0.900713
0.897006
0.899681
0.897073
0.897838
0.895225
0.900267
0.90246
0.899148
0.896696
0.899725
0.896094
0.900222
0.901231
0.901223
0.89909
0.902366
0.898468
0.901004
0.897713
0.900313
0.894739
0.898938
0.899341
0.896289
0.892698
0.901988
0.899559
0.898118
0.898045
0.899262
0.897331
0.899799
0.899546
0.897723
0.898988
0.899777
0.898179
0.899161
0.901101
0.895927
0.899083
0.896239
0.899134
0.894245
0.898258
0.900794
0.896639
0.896802
0.899949
0.897354
0.898624
0.8992
0.89783
0.899022
0.897843
0.902949
0.896902
0.898965
0.903342
0.897971
0.899096
0.900195
0.897529
0.8965
0.896113
0.901454
0.901956
0.897279
0.901959
0.895993
0.897268
0.89895
0.896207
0.898088
0.899269
0.895093
0.896731
0.898139
0.902089
0.896011
0.898587
0.89546
0.900064
0.900371
0.895908
0.898089
0.896412
0.900957
0.898774
0.897968
0.902617
0.899186
0.901622
0.898705
0.8981
0.895385
0.897346
0.9004
0.894983
0.897489
0.901181
0.898797
0.900836
0.904485
0.897774
0.900572
0.901493
0.898089
0.897059
0.896757
0.898514
0.89988
0.895523
0.899583
0.898793
0.900449
0.90096
0.899018
0.896081
0.899722
0.898998
0.895581
0.898874
0.896797
0.90188
0.897362
0.898887
0.898248
0.900079
0.90158
0.897832
0.897779
0.901007
0.896796
0.899776
0.901605
0.901349
0.900269
0.895635
0.89821
0.897824
0.898401
0.894472
0.898491
0.899147
0.901355
0.899577
0.898618
0.895998
0.894757
0.899288
0.902574
0.896295
0.899166
0.904137
0.898623
0.898388
0.898097
0.894309
0.900066
0.897747
0.899615
0.898203
0.896415
0.89762
0.901637
0.895871
0.898063
0.903134
0.897754
0.898621
0.896805
0.897707
0.896083
0.898947
0.899208
0.899328
0.90056
0.899144
0.900553
0.89823
0.900469
0.899041
0.899911
0.899671
0.900303
0.89962
0.895764
0.895327
0.898558
0.900748
0.899391
0.898219
0.899
0.897354
0.900362
0.898354
0.897028
0.898315
0.898442
0.90236
0.895888
0.897242
0.895317
0.896857
0.896854
0.89471
0.899338
0.899946
0.8985
0.898343
0.896528
0.89616
0.897511
0.895668
0.90016
0.895401
0.898729
0.89952
0.895859
0.899632
0.896215
0.897849
0.900183
0.897105
0.90086
0.9001
0.900521
0.89806
0.90168
0.893543
0.901921
0.89628
0.899149
0.901738
0.900254
0.897461
0.896401
0.895587
0.896766
0.897331
0.897288
0.90085
0.897842
0.900459
0.89646
0.900062
0.8987
0.896707
0.894
0.903238
0.900332
0.896831
0.898043
0.899249
0.897505
0.900692
0.899075
0.901678
0.900389
0.89728
0.898522
0.899483
0.900562
0.903013
0.904035
0.900697
0.893358
0.897165
0.900513
0.899377
0.899897
0.901533
0.897274
0.896447
0.902146
0.904866
0.898713
0.900311
0.897146
0.898638
0.894346
0.89917
0.895595
0.902109
0.897926
0.896565
0.899198
0.900112
0.899849
0.899987
0.898803
0.900043
0.900036
0.897898
0.898146
0.899024
0.898609
0.898054
0.900259
0.90154
0.896264
0.89656
0.899968
0.899426
0.898178
0.897478
0.902506
0.896267
0.899795
0.903368
0.900018
0.899465
0.897892
0.89613
0.897333
0.900238
0.898965
0.899806
0.898252
0.897867
0.899423
0.899818
0.899071
0.898641
0.900105
0.900998
0.893675
0.90143
0.895589
0.900798
0.899845
0.898339
0.896965
0.901597
0.901886
0.900541
0.897388
0.894816
0.898945
0.898393
0.896597
0.897109
0.896232
0.897666
0.895874
0.902931
0.894712
0.896923
0.898344
0.899978
0.901554
0.895562
0.89835
0.897991
0.896303
0.897125
0.897009
0.900413
0.905034
0.898679
0.893853
0.898679
0.899053
0.900055
0.893747
0.900538
0.89812
0.905679
0.893218
0.89603
0.89456
0.896294
0.899745
0.8993
0.894848
0.898964
0.900257
0.897561
0.898982
0.898136
0.893137
0.897743
0.899957
0.901687
0.898834
0.899616
0.893187
0.899661
0.901432
0.897566
0.893917
0.897919
0.903196
0.898573
0.899819
0.898948
0.900531
0.893958
0.903396
0.903589
0.897821
0.898466
0.902127
0.900119
0.897332
0.901723
0.898221
0.899374
0.895857
0.899128
0.899209
0.897097
0.900498
0.900704
0.895935
0.896636
0.898781
0.898917
0.898071
0.895052
0.900879
0.900679
0.897257
0.899526
0.898594
0.899511
0.899944
0.898731
0.899683
0.89958
0.896334
0.898893
0.899235
0.898648
0.895156
0.897985
0.902022
0.899212
0.897204
0.9013
0.898039
0.89766
0.896692
0.897381
0.899039
0.898025
0.894855
0.897878
0.897942
0.899983
0.900508
0.899247
0.90077
0.898194
0.89766
0.899156
0.896345
0.898912
0.898662
0.895624
0.898204
0.897065
0.897438
0.899175
0.897097
0.897551
0.90164
0.897315
0.900181
0.89652
0.898173
0.896919
0.895935
0.895674
0.897002
0.902283
0.897126
0.901598
0.898703
0.895446
0.895735
0.899181
0.897622
0.896714
0.898823
0.89805
0.899761
0.89892
0.901019
0.896736
0.898302
0.897591
0.89841
0.896914
0.895949
0.896413
0.902458
0.900354
0.901355
0.896683
0.9029
0.898919
0.896598
0.898886
0.899253
0.899914
0.898871
0.901082
0.901342
0.895553
0.895399
0.89329
0.896221
0.898484
0.897117
0.894182
0.899641
0.896934
0.896056
0.898382
0.898845
0.896728
0.897334
0.897122
0.900948
0.89666
0.893765
0.899294
0.901138
0.901394
0.900678
0.898232
0.896715
0.89479
0.902033
0.897243
0.896763
0.898976
0.896916
0.897351
0.894639
0.89646
0.896762
0.898913
0.898063
0.89752
0.898751
0.901765
0.898272
0.899667
0.90127
0.896792
0.899575
0.899332
0.902154
0.899197
0.895085
0.900674
0.898862
0.897987
0.899184
0.898232
0.897391
0.896751
0.901546
0.898609
0.894489
0.894649
0.899592
0.89733
0.899456
0.900552
0.900706
0.903824
0.901203
0.902216
0.896312
0.89576
0.898141
0.90047
0.898195
0.897576
0.900957
0.899487
0.900386
0.896615
0.898413
0.895805
0.900374
0.89803
0.897303
0.897774
0.899881
0.896271
0.89642
0.898598
0.89527
0.89819
0.900013
0.901466
0.898863
0.897212
0.898007
0.897125
0.898917
0.898237
0.901485
0.898847
0.897803
0.895245
0.895495
0.898947
0.89639
0.896526
0.899331
0.897083
0.900283
0.901009
0.902474
0.897377
0.898683
0.898104
0.898941
0.899747
0.899145
0.90089
0.89815
0.899275
0.89656
0.893043
0.8982
0.899023
0.904011
0.896109
0.89812
0.898455
0.898597
0.898543
0.900228
0.898072
0.897423
0.897606
0.897764
0.902289
0.898874
0.896533
0.899729
0.896959
0.896938
0.904545
0.899694
0.899319
0.90309
0.897979
0.894669
0.900965
0.899043
0.895225
0.89821
0.8965
0.898873
0.895851
0.898615
0.895312
0.894414
0.897957
0.900332
0.896273
0.898888
0.89811
0.899743
0.90037
0.8975
0.900062
0.895237
0.89258
0.900061
0.896689
0.896721
0.897969
0.901311
0.897187
0.900621
0.900138
0.897539
0.897744
0.898146
0.897416
0.896322
0.898379
0.896765
0.895996
0.898306
0.899817
0.900535
0.900349
0.900063
0.899891
0.9031
0.90204
0.899221
0.899071
0.896212
0.896756
0.899339
0.89533
0.895127
0.899734
0.899479
0.897018
0.898215
0.903269
0.901966
0.900063
0.899293
0.894098
0.901505
0.90038
0.902985
0.900559
0.895002
0.897893
0.897806
0.900976
0.898897
0.903172
0.89793
0.901631
0.89963
0.899849
0.901997
0.895151
0.895979
0.897909
0.896929
0.902694
0.894214
0.899074
0.89927
0.896138
0.899018
0.900709
0.901304
0.895647
0.895244
0.900951
0.899083
0.898829
0.901232
0.897784
0.897806
0.89716
0.90119
0.898536
0.898391
0.901046
0.897047
0.89716
0.896571
0.899619
0.896062
0.898152
0.898058
0.900331
0.901892
0.896357
0.896756
0.89633
0.904421
0.900138
0.899423
0.897424
0.901327
0.895905
0.898601
0.895763
0.898166
0.898512
0.902674
0.898567
0.897506
0.893464
0.900416
0.896688
0.895809
0.895756
0.89689
0.899164
0.896786
0.897522
0.900859
0.901441
0.896618
0.896909
0.902361
0.895939
0.896302
0.901771
0.898725
0.899448
0.898545
0.895615
0.897814
0.896802
0.89776
0.894455
0.90457
0.893415
0.900445
0.897233
0.897223
0.897901
0.896915
0.897891
0.895837
0.901313
0.901586
0.8969
0.897843
0.902904
0.896819
0.89689
0.902344
0.89676
0.900282
0.897229
0.900972
0.900977
0.901544
0.900881
0.897222
0.900092
0.897861
0.898328
0.896287
0.899765
0.895671
0.898635
0.898576
0.897312
0.896082
0.899069
0.901175
0.896144
0.903819
0.899202
0.896703
0.896569
0.897986
0.900984
0.903254
0.900519
0.897004
0.900536
0.902325
0.898899
0.903568
0.899771
0.900513
0.896996
0.902801
0.896769
0.903424
0.899353
0.899175
0.899963
0.895642
0.895414
0.900019
0.900909
0.900829
0.901224
0.897519
0.903671
0.89471
0.896175
0.898212
0.898714
0.900409
0.897194
0.897168
0.898208
0.899181
0.897985
0.897009
0.899338
0.89863
0.902775
0.900067
0.900254
0.898229
0.896403
0.896883
0.899558
0.897515
0.898328
0.898416
0.895982
0.897509
0.900739
0.899455
0.900486
0.901457
0.895736
0.900765
0.898407
0.896797
0.896262
0.901622
0.89568
0.89589
0.89663
0.89619
0.897421
0.898832
0.896403
0.901344
0.898401
0.898126
0.894802
0.897927
0.900555
0.896905
0.899045
0.900988
0.897954
0.897675
0.898372
0.899743
0.896027
0.897453
0.900334
0.896185
0.899711
0.895599
0.894572
0.898688
0.897598
0.901159
0.899881
0.898373
0.899859
0.896262
0.898007
0.902195
0.895594
0.900387
0.900614
0.901798
0.898926
0.896056
0.899705
0.896176
0.897097
0.900818
0.899616
0.89699
0.898477
0.900208
0.895019
0.89824
0.899679
0.897003
0.900985
0.899602
0.901316
0.897185
0.898106
0.89931
0.895566
0.895154
0.899328
0.897958
0.89621
0.897462
0.900466
0.901661
0.898313
0.901095
0.899541
0.902806
0.897359
0.89829
0.898946
0.895779
0.896525
0.900719
0.89706
0.898906
0.899304
0.899266
0.897692
0.89985
0.902559
0.897451
0.895303
0.894347
0.90186
0.898732
0.896925
0.89599
0.900717
0.895536
0.89796
0.896266
0.895526
0.900649
0.896155
0.898249
0.89594
0.89934
0.898001
0.893858
0.898669
0.900255
0.89681
0.894
0.896873
0.899551
0.900548
0.898959
0.897803
0.897514
0.896353
0.897082
0.90303
0.898005
0.897579
0.899224
0.89964
0.901663
0.899337
0.899549
0.897339
0.89881
0.89866
0.897102
0.89935
0.894975
0.89803
0.897931
0.897059
0.899411
0.899787
0.89798
0.901157
0.898176
0.896086
0.898591
0.898217
0.903772
0.900163
0.895998
0.899617
0.894113
0.900342
0.90009
0.895209
0.895818
0.901902
0.898423
0.895961
0.897144
0.898734
0.898958
0.900739
0.89946
0.900895
0.900681
0.894798
0.896279
0.898453
0.897043
0.897104
0.901024
0.898372
0.899431
0.8988
0.898392
0.898738
0.897613
0.89809
0.896996
0.900458
0.900238
0.90065
0.898529
0.899932
0.9
0.899967
0.901646
0.897765
0.896269
0.89765
0.900812
0.898975
0.901457
0.896459
0.900624
0.8994
0.899717
0.903593
0.899865
0.900545
0.897552
0.897257
0.900407
0.895098
0.900779
0.898163
0.899793
0.900585
0.899042
0.901124
0.904482
0.898306
0.898084
0.898513
0.897662
0.897358
0.895437
0.897954
0.898676
0.900113
0.898799
0.894935
0.897297
0.898279
0.897791
0.895831
0.901852
0.896903
0.898885
0.899912
0.898333
0.900118
0.900617
0.898392
0.897348
0.901088
0.896144
0.89923
0.89695
0.899146
0.898404
0.901808
0.899052
0.896138
0.898677
0.89451
0.896283
0.89374
0.898601
0.899544
0.902088
0.898393
0.897764
0.899031
0.899771
0.896567
0.901471
0.899345
0.897924
0.898604
0.89929
0.89633
0.899753
0.896033
0.895724
0.900082
0.897904
0.902543
0.900483
0.899399
0.897047
0.898119
0.89598
0.89476
0.900531
0.897174
0.898348
0.893616
0.896463
0.898511
0.898171
0.900701
0.897929
0.896911
0.89875
0.898365
0.898363
0.894791
0.901808
0.898775
0.899356
0.899386
0.903497
0.898316
0.899052
0.900875
0.896763
0.899391
0.89897
0.897685
0.898107
0.898894
0.897924
0.895914
0.895806
0.896815
0.895806
0.897607
0.894542
0.897955
0.895925
0.898639
0.898797
0.901557
0.899184
0.899192
0.89899
0.901798
0.893056
0.898309
0.893836
0.899386
0.898426
0.900215
0.901072
0.895833
0.900491
0.901629
0.90357
0.896983
0.896708
0.899333
0.898309
0.894631
0.894415
0.900751
0.900821
0.90544
0.900265
0.897662
0.899132
0.898609
0.900552
0.897365
0.898161
0.898533
0.898308
0.898213
0.897287
0.902554
0.897731
0.899081
0.896378
0.899234
0.898706
0.897189
0.899319
0.903432
0.900118
0.901903
0.899081
0.897673
0.895355
0.898818
0.898732
0.896312
0.897422
0.89888
0.900367
0.900439
0.897354
0.900269
0.897252
0.898874
0.900873
0.903092
0.898042
0.893424
0.900917
0.897532
0.900274
0.902351
0.897781
0.900302
0.898867
0.902314
0.897273
0.897085
0.900879
0.897258
0.901834
0.896929
0.899596
0.896169
0.896443
0.896462
0.901842
0.897279
0.901066
0.899592
0.898183
0.896989
0.896199
0.898229
0.899425
0.893773
0.899712
0.90123
0.899319
0.897064
0.90101
0.901278
0.897074
0.894032
0.897441
0.900844
0.896786
0.899186
0.899602
0.896993
0.898927
0.898177
0.898655
0.898488
0.896961
0.897976
0.902032
0.898641
0.896554
0.902117
0.90006
0.899415
0.898867
0.895837
0.899279
0.897976
0.900367
0.897672
0.895988
0.90109
0.896401
0.89687
0.901465
0.902592
0.897328
0.89738
0.896395
0.896422
0.895712
0.899933
0.901923
0.897786
0.898566
0.898179
0.897181
0.896817
0.898756
0.899397
0.896759
0.898306
0.898893
0.898696
0.894947
0.898066
0.896613
0.901086
0.897527
0.89747
0.897212
0.901013
0.898534
0.898797
0.896538
0.902335
0.896748
0.89599
0.89554
0.899124
0.895721
0.89893
0.901777
0.90082
0.896163
0.897251
0.899171
0.898087
0.898578
0.897994
0.89926
0.899763
0.895648
0.899913
0.898104
0.900751
0.899897
0.896516
0.90063
0.90013
0.898438
0.892934
0.897405
0.897988
0.896331
0.897335
0.902414
0.895259
0.899991
0.90209
0.897094
0.898894
0.895228
0.896423
0.895761
0.900363
0.900434
0.898323
0.898246
0.900851
0.896958
0.895173
0.898371
0.895
0.899405
0.8997
0.898397
0.898623
0.896582
0.895947
0.89872
0.899269
0.900799
0.894087
0.898152
0.900597
0.897488
0.901113
0.899972
0.90088
0.900466
0.900819
0.899134
0.898786
0.895432
0.899436
0.89922
0.898626
0.902366
0.899998
0.896316
0.896659
0.900089
0.895916
0.894869
0.896494
0.89699
0.89774
0.899421
0.89684
0.902545
0.90183
0.899773
0.897741
0.897762
0.895031
0.899746
0.899779
0.89803
0.895503
0.895725
0.900492
0.897679
0.897091
0.896014
0.895713
0.897631
0.899463
0.896401
0.89797
0.90277
0.9007
0.896594
0.90102
0.900656
0.898559
0.900001
0.9016
0.897366
0.896084
0.898971
0.896969
0.89987
0.900012
0.899059
0.897772
0.897001
0.898525
0.894363
0.899905
0.901373
0.899782
0.899862
0.90129
0.900722
0.896751
0.900103
0.89935
0.900012
0.899416
0.900082
0.902825
0.896649
0.897402
0.89784
0.893433
0.899403
0.899278
0.898786
0.89797
0.900559
0.902826
0.898252
0.895867
0.899348
0.9009
0.900815
0.89596
0.901283
0.898574
0.895378
0.901267
0.901582
0.899548
0.897073
0.896029
0.897157
0.897849
0.897786
0.897357
0.90138
0.903568
0.895805
0.895901
0.897489
0.897915
0.901112
0.894156
0.899312
0.897523
0.89757
0.898321
0.897229
0.900304
0.90061
0.900336
0.898236
0.900389
0.8992
0.898037
0.89765
0.900383
0.898588
0.896619
0.893351
0.899464
0.899566
0.906237
0.898727
0.899409
0.899144
0.898126
0.897582
0.900701
0.899813
0.899016
0.895579
0.899626
0.894393
0.894904
0.898217
0.902121
0.897645
0.89754
0.900203
0.900777
0.897839
0.901606
0.900032
0.900625
0.895793
0.896961
0.898117
0.901553
0.901231
0.894034
0.896357
0.897168
0.899764
0.897429
0.899831
0.901197
0.903594
0.900845
0.899836
0.896568
0.898545
0.896314
0.899447
0.899669
0.898843
0.899281
0.897621
0.898069
0.895803
0.895785
0.899559
0.901307
0.898349
0.8998
0.899808
0.898581
0.89876
0.898805
0.896963
0.90331
0.899617
0.899684
0.899184
0.902715
0.896981
0.897373
0.896627
0.900678
0.897665
0.90096
0.897819
0.898729
0.898516
0.899831
0.900408
0.89948
0.899925
0.898106
0.900401
0.900262
0.898438
0.90075
0.896288
0.897888
0.901804
0.898189
0.895898
0.897299
0.898371
0.895461
0.897499
0.895807
0.896182
0.900965
0.896173
0.89338
0.899996
0.893127
0.898852
0.897134
0.900512
0.902022
0.899338
0.897108
0.898752
0.899711
0.894154
0.896493
0.899649
0.896809
0.899408
0.900212
0.899484
0.895468
0.901718
0.897796
0.899863
0.895707
0.894501
0.893689
0.89676
0.896915
0.896568
0.897103
0.899399
0.903538
0.898799
0.89913
0.898921
0.899032
0.899357
0.902102
0.895787
0.895068
0.902717
0.898118
0.89707
0.899021
0.899428
0.902183
0.893487
0.897043
0.897561
0.897998
0.899775
0.897773
0.894638
0.892457
0.897715
0.895621
0.900328
0.900394
0.896415
0.896326
0.893216
0.898521
0.899581
0.90174
0.895815
0.896316
0.896017
0.900907
0.896028
0.899168
0.899667
0.897674
0.898217
0.901845
0.900796
0.898205
0.898619
0.897717
0.898495
0.898259
0.900706
0.898561
0.900083
0.90263
0.897929
0.898269
0.899563
0.901418
0.897581
0.89683
0.900864
0.895486
0.899817
0.896846
0.897903
0.899861
0.901646
0.90136
0.897056
0.899151
0.898957
0.894964
0.897445
0.899545
0.900617
0.898522
0.898655
0.897792
0.898109
0.898234
0.899218
0.89603
0.894485
0.896489
0.89771
0.900291
0.895153
0.898467
0.898773
0.901668
0.902711
0.89753
0.898023
0.896635
0.902932
0.899966
0.898518
0.899867
0.897186
0.899205
0.898759
0.899907
0.898731
0.895714
0.897384
0.897757
0.900161
0.898574
0.89906
0.898395
0.89813
0.903458
0.893941
0.896919
0.895063
0.894979
0.898103
0.896308
0.901537
0.894584
0.899266
0.89763
0.897409
0.893849
0.899359
0.896682
0.895957
0.897771
0.90076
0.893185
0.899081
0.899209
0.897443
0.897275
0.899999
0.897588
0.900068
0.896729
0.896176
0.898435
0.897452
0.902736
0.89881
0.897871
0.896657
0.896753
0.895146
0.898855
0.900398
0.900296
0.90142
0.894385
0.896837
0.902109
0.899575
0.895634
0.899463
0.898177
0.900376
0.898678
0.894127
0.898705
0.897067
0.899707
0.903097
0.898274
0.897989
0.89984
0.897795
0.898634
0.901587
0.899423
0.897462
0.901836
0.898522
0.898915
0.899951
0.899131
0.900987
0.898701
0.897918
0.894671
0.897419
0.896649
0.900507
0.899133
0.898672
0.894478
0.896637
0.898844
0.895776
0.896514
0.899264
0.899931
0.900558
0.90057
0.89528
0.900074
0.903425
0.898573
0.898432
0.899438
0.896143
0.898255
0.898291
0.901278
0.899558
0.898626
0.898177
0.897273
0.900292
0.89918
0.897402
0.89806
0.896327
0.898874
0.896609
0.895422
0.897804
0.899022
0.896985
0.897859
0.89515
0.896927
0.897391
0.899027
0.897192
0.899405
0.898433
0.896983
0.897616
0.896778
0.901518
0.896982
0.900485
0.901294
0.898864
0.896898
0.896884
0.899805
0.89952
0.901054
0.900009
0.901485
0.898406
0.901986
0.899008
0.895789
0.89482
0.897809
0.894912
0.895565
0.897369
0.899214
0.895567
0.899234
0.900899
0.898397
0.902802
0.898106
0.898696
0.899649
0.899251
0.898827
0.90111
0.899207
0.898016
0.897679
0.896979
0.898224
0.899329
0.899629
0.899262
0.898726
0.902844
0.898679
0.900831
0.895017
0.89979
0.898071
0.897692
0.899379
0.898509
0.899105
0.904529
0.901099
0.896845
0.896897
0.899887
0.898679
0.895492
0.896849
0.898191
0.90267
0.898747
0.896769
0.902528
0.904602
0.898582
0.895499
0.900451
0.897674
0.900025
0.895629
0.898951
0.900286
0.898819
0.898426
0.896187
0.8973
0.899553
0.898426
0.89837
0.898661
0.901809
0.898554
0.892954
0.898698
0.897232
0.897198
0.891403
0.903237
0.900382
0.898317
0.898217
0.898067
0.9051
0.900391
0.89497
0.899973
0.900612
0.895023
0.896301
0.900536
0.896068
0.898927
0.900132
0.902237
0.903418
0.898834
0.896828
0.89697
0.898228
0.900373
0.899732
0.897811
0.895313
0.8981
0.897738
0.897445
0.899058
0.900956
0.895162
0.898059
0.894669
0.898878
0.899378
0.898662
0.892168
0.895409
0.896086
0.89853
0.898551
0.899464
0.899331
0.899677
0.896531
0.899159
0.893839
0.897294
0.897544
0.899668
0.896114
0.897951
0.8965
0.896186
0.895803
0.897978
0.897833
0.899925
0.900039
0.897493
0.900377
0.895835
0.900157
0.900489
0.896486
0.8984
0.899497
0.900421
0.897753
0.897591
0.904199
0.89962
0.895835
0.894154
0.900036
0.897307
0.900342
0.90066
0.896003
0.895654
0.900449
0.897383
0.896732
0.897955
0.903539
0.901783
0.897006
0.897925
0.898271
0.898996
0.900613
0.897472
0.896217
0.899973
0.897348
0.897035
0.89836
0.894499
0.899716
0.900869
0.902911
0.896758
0.897491
0.891829
0.896236
0.8977
0.900309
0.899402
0.897679
0.895894
0.894449
0.901907
0.896326
0.900187
0.895722
0.893287
0.893682
0.898771
0.897636
0.897408
0.89992
0.899647
0.901756
0.90028
0.89709
0.899403
0.900007
0.895913
0.898714
0.898532
0.897762
0.89812
0.899805
0.896763
0.89782
0.896908
0.89726
0.901094
0.900741
0.899287
0.898107
0.896627
0.897061
0.895875
0.89434
0.899201
0.89916
0.897019
0.898623
0.895094
0.89752
0.899253
0.897855
0.899214
0.899956
0.895935
0.901185
0.898423
0.898792
0.899855
0.902525
0.898514
0.899076
0.900862
0.899767
0.899457
0.894443
0.898
0.894732
0.902545
0.897223
0.895904
0.897662
0.897556
0.899807
0.897784
0.896644
0.895199
0.899345
0.901317
0.895803
0.899908
0.901649
0.896382
0.896683
0.898031
0.896607
0.896849
0.897716
0.899206
0.894249
0.900739
0.90029
0.900668
0.899923
0.901305
0.896672
0.900681
0.899363
0.89929
0.901903
0.897034
0.900578
0.897228
0.897021
0.898892
0.897115
0.901481
0.899231
0.894817
0.902436
0.897244
0.902094
0.897274
0.900692
0.897451
0.898068
0.895184
0.897788
0.898651
0.895661
0.90006
0.897067
0.898103
0.896972
0.896523
0.902038
0.902635
0.898355
0.898818
0.899619
0.897157
0.898183
0.89919
0.898014
0.896977
0.89482
0.896204
0.899327
0.899272
0.90114
0.899775
0.895808
0.900136
0.898778
0.897944
0.898148
0.899894
0.896562
0.902823
0.897777
0.899285
0.900487
0.897382
0.895878
0.89988
0.899465
0.899605
0.894262
0.896394
0.899539
0.899867
0.9007
0.899774
0.897311
0.897336
0.899124
0.901942
0.902407
0.900717
0.900691
0.89869
0.901131
0.90113
0.90178
0.897732
0.899575
0.895279
0.89475
0.898384
0.898332
0.895573
0.903081
0.895138
0.899661
0.891264
0.89993
0.89807
0.900597
0.898053
0.896348
0.894844
0.897694
0.899506
0.899561
0.89732
0.901981
0.898489
0.897966
0.900849
0.900734
0.897048
0.897951
0.897091
0.899679
0.895953
0.897301
0.898135
0.899712
0.896782
0.901347
0.902315
0.897015
0.902123
0.897138
0.897057
0.896782
0.897781
0.899542
0.899371
0.894882
0.898591
0.895372
0.900745
0.898841
0.897553
0.900311
0.897931
0.898492
0.900668
0.897123
0.903523
0.895811
0.901397
0.901149
0.895356
0.900449
0.901285
0.898326
0.898976
0.901354
0.89952
0.897956
0.898139
0.892267
0.897898
0.897456
0.902915
0.902444
0.898653
0.898917
0.899036
0.899862
0.90088
0.89836
0.897305
0.89704
0.894429
0.898721
0.899598
0.894628
0.89663
0.895237
0.894094
0.89748
0.900519
0.899856
0.898005
0.898407
0.897784
0.895241
0.893902
0.897659
0.898697
0.895377
0.90028
0.89547
0.898322
0.897869
0.898129
0.898424
0.896952
0.89983
0.898871
0.899276
0.899278
0.897587
0.900414
0.896924
0.9013
0.89742
0.894992
0.899286
0.895999
0.897677
0.900122
0.900982
0.896293
0.895059
0.897586
0.898307
0.899735
0.897077
0.899365
0.898697
0.897433
0.899358
0.901139
0.894253
0.897995
0.899361
0.899217
0.894478
0.898533
0.899214
0.899086
0.901153
0.899759
0.900052
0.899285
0.899662
0.896697
0.902196
0.895546
0.897019
0.896003
0.899535
0.898277
0.895753
0.898672
0.898914
0.899395
0.896286
0.901514
0.899628
0.89846
0.899765
0.897777
0.896198
0.896561
0.895486
0.898057
0.903802
0.90312
0.897865
0.897894
0.900742
0.895719
0.89752
0.902247
0.900321
0.895232
0.903716
0.893809
0.901835
0.898753
0.895965
0.898564
0.89934
0.89947
0.901137
0.89618
0.90056
0.896574
0.899343
0.902432
0.89597
0.899086
0.895742
0.893423
0.899749
0.897853
0.897583
0.900237
0.900483
0.901764
0.901981
0.901639
0.894645
0.901225
0.898214
0.898356
0.896506
0.89238
0.899529
0.899186
0.89503
0.896321
0.89692
0.900005
0.89405
0.894893
0.895721
0.902367
0.897282
0.899313
0.89939
0.899632
0.898955
0.897167
0.897592
0.89713
0.899393
0.898247
0.897234
0.902624
0.897097
0.898643
0.900425
0.899255
0.896185
0.899298
0.898869
0.899433
0.897925
0.899534
0.901973
0.901867
0.899458
0.901265
0.901385
0.9014
0.900297
0.897997
0.900296
0.897904
0.901367
0.898813
0.898554
0.900847
0.895399
0.898125
0.899229
0.902709
0.897848
0.900462
0.896052
0.900211
0.899724
0.896588
0.898706
0.899725
0.898779
0.898023
0.901735
0.903096
0.898717
0.893621
0.896338
0.897811
0.905089
0.900652
0.894268
0.897117
0.899518
0.896052
0.900007
0.901464
0.898137
0.901562
0.895976
0.899881
0.899399
0.899159
0.896656
0.899608
0.901721
0.897484
0.899298
0.898429
0.897394
0.897945
0.897267
0.896783
0.900525
0.900891
0.900226
0.896398
0.899838
0.897914
0.900009
0.897827
0.898533
0.903386
0.90337
0.901052
0.900444
0.898296
0.898484
0.893953
0.894349
0.895983
0.899392
0.898108
0.897375
0.895341
0.899138
0.898662
0.900924
0.904078
0.90285
0.898442
0.901245
0.897837
0.898929
0.900704
0.900244
0.897424
0.901774
0.89982
0.89998
0.900424
0.89486
0.898438
0.895898
0.897654
0.898814
0.897795
0.898526
0.901466
0.901243
0.899954
0.898815
0.898268
0.899337
0.899853
0.896744
0.896703
0.900451
0.896289
0.893474
0.895817
0.901709
0.896453
0.901239
0.898452
0.90052
0.902526
0.897525
0.89633
0.896462
0.898725
0.898381
0.897436
0.89973
0.897339
0.899582
0.89757
0.900033
0.897492
0.898187
0.89626
0.898653
0.901273
0.899979
0.898126
0.900362
0.897987
0.899188
0.89622
0.897576
0.901682
0.897286
0.900732
0.895914
0.898044
0.901246
0.899169
0.897287
0.901432
0.901305
0.89664
0.897421
0.900768
0.897404
0.900482
0.897199
0.895725
0.898503
0.897381
0.897962
0.899695
0.893818
0.898036
0.898104
0.896991
0.896164
0.89709
0.898289
0.898714
0.89874
0.900024
0.898454
0.896287
0.895222
0.894278
0.89741
0.897601
0.900762
0.898034
0.899013
0.902025
0.898078
0.895403
0.897209
0.896887
0.897764
0.897216
0.895669
0.899851
0.899203
0.898594
0.893752
0.897451
0.901929
0.89944
0.90046
0.893774
0.902248
0.898187
0.89972
0.901466
0.896706
0.901493
0.898125
0.896939
0.895471
0.902591
0.896972
0.897304
0.897886
0.894262
0.896744
0.899124
0.898865
0.895721
0.90038
0.899134
0.900154
0.897308
0.902192
0.901098
0.89837
0.902627
0.902435
0.897946
0.897679
0.898355
0.898692
0.899297
0.899166
0.902738
0.900001
0.896322
0.899838
0.900315
0.899858
0.897752
0.901972
0.901349
0.899496
0.897909
0.90203
0.902583
0.898312
0.898899
0.901207
0.900115
0.896508
0.897262
0.898365
0.900713
0.898328
0.894922
0.895851
0.90307
0.896417
0.89858
0.899207
0.89545
0.897041
0.897661
0.898458
0.898729
0.897193
0.898296
0.898737
0.898962
0.894226
0.899106
0.89968
0.897127
0.896716
0.898959
0.897446
0.898379
0.898853
0.897925
0.899423
0.899934
0.900606
0.899997
0.903089
0.896435
0.89957
0.898044
0.899314
0.898906
0.899803
0.901001
0.901361
0.898182
0.899305
0.899914
0.900092
0.895802
0.898128
0.898762
0.897138
0.89695
0.901884
0.897313
0.899932
0.897023
0.893037
0.895524
0.900646
0.897819
0.900318
0.897914
0.898289
0.900648
0.895861
0.901133
0.895697
0.894206
0.894638
0.897449
0.900332
0.895601
0.898632
0.895712
0.899919
0.902119
0.899135
0.900077
0.898627
0.896986
0.894798
0.900655
0.899576
0.897309
0.899451
0.89703
0.897794
0.898746
0.896775
0.896099
0.896527
0.900021
0.897596
0.898423
0.895661
0.897537
0.896007
0.899796
0.896644
0.898057
0.9021
0.898301
0.897171
0.896649
0.897979
0.900491
0.898618
0.900656
0.900628
0.89847
0.899329
0.895481
0.897206
0.897985
0.895802
0.896857
0.898141
0.898573
0.89816
0.898007
0.900683
0.900498
0.89802
0.899503
0.895064
0.896868
0.901414
0.898955
0.902733
0.897885
0.896961
0.902168
0.898255
0.900628
0.902609
0.901517
0.89981
0.903323
0.899937
0.897911
0.895238
0.8976
0.897473
0.898286
0.900889
0.902051
0.896057
0.899861
0.897796
0.900654
0.896578
0.898461
0.898116
0.895589
0.895753
0.896433
0.901934
0.900947
0.896126
0.899742
0.898937
0.898299
0.897411
0.89922
0.89502
0.89428
0.901858
0.896388
0.897458
0.898914
0.898828
0.899724
0.897513
0.897711
0.897715
0.894226
0.901244
0.896379
0.899227
0.894556
0.899919
0.895562
0.895847
0.897092
0.898238
0.899021
0.901117
0.899019
0.894629
0.895406
0.898725
0.898792
0.899924
0.903276
0.901169
0.900251
0.899317
0.896337
0.895942
0.894677
0.902205
0.897807
0.896223
0.897519
0.898536
0.897162
0.90345
0.897329
0.896898
0.896946
0.897333
0.898631
0.90033
0.8995
0.894345
0.901521
0.89752
0.897024
0.897266
0.895603
0.900012
0.902108
0.898887
0.899307
0.898903
0.901197
0.896641
0.89655
0.900904
0.900879
0.901577
0.896723
0.896512
0.897545
0.895356
0.897615
0.898068
0.896388
0.899614
0.898621
0.893785
0.894491
0.898883
0.897614
0.895087
0.890837
0.899277
0.899352
0.893779
0.898799
0.896991
0.897413
0.89561
0.8974
0.89899
0.897514
0.90062
0.896026
0.900879
0.896164
0.897636
0.90006
0.901159
0.897207
0.897721
0.897971
0.892931
0.898246
0.902065
0.898936
0.899781
0.901922
0.898316
0.898667
0.899137
0.899101
0.893938
0.899446
0.897711
0.896806
0.899051
0.898105
0.898566
0.899121
0.895517
0.895214
0.901705
0.897855
0.903272
0.898795
0.89646
0.894841
0.895171
0.900595
0.899559
0.896397
0.899327
0.900927
0.900969
0.898556
0.898243
0.898991
0.902314
0.894718
0.89967
0.901482
0.903199
0.899617
0.900021
0.895596
0.90049
0.899489
0.900021
0.898101
0.896308
0.898235
0.894064
0.89973
0.895507
0.898511
0.898255
0.901098
0.897239
0.898227
0.902083
0.900488
0.898731
0.899394
0.900789
0.897151
0.900202
0.898981
0.901439
0.899134
0.899762
0.898034
0.898437
0.899905
0.900938
0.894783
0.897732
0.904073
0.896373
0.897321
0.900779
0.898091
0.902221
0.900066
0.897127
0.898368
0.894166
0.896475
0.901863
0.90093
0.894859
0.901545
0.895195
0.900881
0.897972
0.900082
0.895939
0.896314
0.895743
0.895107
0.898406
0.896193
0.900556
0.89874
0.897253
0.897793
0.900806
0.896181
0.898207
0.90082
0.900035
0.899985
0.898241
0.897462
0.89643
0.899347
0.899023
0.898201
0.896404
0.900569
0.900427
0.898713
0.893692
0.896058
0.896628
0.898058
0.897911
0.895777
0.898263
0.904105
0.900955
0.899912
0.89821
0.89865
0.898984
0.899097
0.898455
0.898855
0.902436
0.901207
0.896981
0.897754
0.901012
0.900411
0.896673
0.901484
0.900831
0.898349
0.899169
0.898944
0.899749
0.89423
0.899178
0.900647
0.897211
0.895825
0.895604
0.899052
0.900012
0.898339
0.896034
0.895267
0.89457
0.897894
0.897281
0.894475
0.901453
0.897359
0.89741
0.897913
0.902461
0.899644
0.900113
0.89658
0.899656
0.899655
0.901114
0.899903
0.89806
0.897269
0.894392
0.898182
0.899346
0.897807
0.901035
0.896971
0.899493
0.902232
0.896932
0.899008
0.893087
0.897636
0.90327
0.899355
0.897898
0.899729
0.899838
0.897515
0.899211
0.899967
0.893577
0.900332
0.899753
0.899529
0.901906
0.899549
0.900478
0.897266
0.898727
0.898263
0.899788
0.902057
0.898259
0.897121
0.897763
0.900054
0.90235
0.899693
0.898586
0.901429
0.901619
0.902122
0.897706
0.898768
0.898158
0.897822
0.897528
0.896916
0.900475
0.902544
0.899889
0.901233
0.900844
0.902961
0.899194
0.899864
0.900675
0.898765
0.902014
0.904092
0.898348
0.898765
0.899273
0.900689
0.898805
0.898888
0.897553
0.898744
0.896844
0.895651
0.89959
0.896397
0.896451
0.898674
0.896234
0.902851
0.900074
0.896702
0.897988
0.898719
0.899086
0.900779
0.897679
0.90176
0.898993
0.896853
0.901633
0.90126
0.896336
0.898076
0.900441
0.898689
0.901502
0.898007
0.900104
0.896646
0.896019
0.899322
0.899681
0.894553
0.89774
0.897769
0.901971
0.899437
0.89918
0.899353
0.898698
0.896357
0.898563
0.901321
0.896804
0.901041
0.900128
0.899424
0.895163
0.901127
0.898559
0.894999
0.896274
0.898132
0.89696
0.899163
0.897475
0.897986
0.898921
0.895638
0.898416
0.896381
0.897085
0.898614
0.89888
0.895229
0.90117
0.898045
0.901614
0.898128
0.901552
0.897793
0.894282
0.89377
0.897864
0.899535
0.899722
0.900128
0.897536
0.899155
0.897644
0.899338
0.899265
0.900271
0.89915
0.898152
0.900528
0.89994
0.897948
0.89924
0.900013
0.89995
0.899322
0.896529
0.898426
0.896546
0.89671
0.896496
0.898166
0.898624
0.900764
0.895785
0.898729
0.899577
0.897671
0.895835
0.898878
0.897885
0.898411
0.899739
0.899713
0.896169
0.896416
0.901073
0.89688
0.900585
0.898995
0.899349
0.90002
0.898091
0.899225
0.900944
0.894088
0.89568
0.899765
0.901734
0.895706
0.901134
0.898842
0.898552
0.898609
0.895286
0.900194
0.899653
0.901178
0.898008
0.895432
0.89833
0.900826
0.897147
0.897792
0.899792
0.896898
0.896811
0.897336
0.902227
0.899902
0.896448
0.899142
0.897838
0.898923
0.899403
0.899529
0.896881
0.895965
0.899917
0.897902
0.900493
0.897934
0.893372
0.895187
0.896395
0.898009
0.900324
0.89701
0.899282
0.897354
0.902542
0.901073
0.897989
0.896221
0.894772
0.902992
0.897923
0.895352
0.898853
0.900125
0.90401
0.899118
0.899224
0.898928
0.894067
0.897272
0.900627
0.902583
0.902942
0.89531
0.89956
0.902235
0.89706
0.895318
0.898662
0.897671
0.902995
0.90116
0.895466
0.899802
0.897277
0.898674
0.896144
0.899173
0.900905
0.897488
0.900879
0.896536
0.900152
0.894816
0.899966
0.894528
0.897918
0.90091
0.900267
0.89885
0.89857
0.898243
0.898293
0.895963
0.900938
0.902358
0.895822
0.898541
0.895315
0.897425
0.899969
0.900176
0.897678
0.899919
0.898487
0.897679
0.901425
0.896585
0.899028
0.899618
0.899767
0.897619
0.902674
0.894699
0.898875
0.901341
0.898138
0.894572
0.899908
0.898087
0.895932
0.898825
0.901201
0.898245
0.900331
0.901136
0.899306
0.895808
0.898505
0.897268
0.89907
0.897118
0.900482
0.90151
0.894247
0.897391
0.898037
0.900849
0.896192
0.899579
0.895951
0.89755
0.900133
0.896833
0.898771
0.89551
0.896882
0.899303
0.895786
0.899451
0.898428
0.898904
0.902609
0.898791
0.898766
0.901453
0.897476
0.898208
0.899169
0.898725
0.900867
0.898989
0.898522
0.900658
0.899832
0.895597
0.899904
0.897682
0.896238
0.897851
0.897332
0.897162
0.895749
0.898036
0.901167
0.901516
0.892597
0.898451
0.900871
0.898886
0.895132
0.900585
0.899525
0.903196
0.893234
0.899252
0.899555
0.896547
0.897363
0.897886
0.893124
0.900766
0.901169
0.897842
0.899736
0.900153
0.895818
0.898711
0.899605
0.897263
0.896386
0.898534
0.897833
0.895157
0.898612
0.90069
0.902136
0.898836
0.898979
0.900459
0.897939
0.901514
0.898607
0.898691
0.894683
0.896774
0.900261
0.899728
0.901011
0.89754
0.89906
0.900607
0.900413
0.899762
0.902033
0.89818
0.899817
0.898472
0.896541
0.899371
0.895699
0.896691
0.896226
0.899854
0.894665
0.896209
0.897525
0.897936
0.896898
0.89584
0.900259
0.901696
0.900672
0.895761
0.896003
0.900107
0.895789
0.894308
0.901592
0.895999
0.900915
0.900776
0.899052
0.897508
0.896783
0.896213
0.897979
0.897578
0.895486
0.898479
0.898917
0.899408
0.901381
0.898747
0.895419
0.89807
0.897542
0.898252
0.899189
0.900499
0.900059
0.900854
0.893819
0.898633
0.897618
0.898693
0.897741
0.896914
0.899264
0.897488
0.898347
0.898066
0.897622
0.893364
0.897434
0.895427
0.89859
0.894085
0.899486
0.900948
0.900876
0.897281
0.899853
0.899088
0.900135
0.896206
0.898879
0.90333
0.900754
0.900912
0.898012
0.898276
0.894623
0.899459
0.897624
0.899868
0.896896
0.899763
0.901359
0.898635
0.900393
0.898397
0.895587
0.9012
0.900287
0.896547
0.89984
0.894388
0.899392
0.897607
0.896348
0.895784
0.901476
0.8976
0.899085
0.90013
0.897917
0.90276
0.897663
0.901654
0.90188
0.898349
0.897417
0.899244
0.898282
0.89937
0.894209
0.89482
0.899993
0.898208
0.899271
0.897132
0.897304
0.897806
0.895539
0.900437
0.896839
0.897141
0.900738
0.899087
0.900266
0.89739
0.89953
0.896379
0.892858
0.895758
0.89494
0.896525
0.895457
0.901606
0.894934
0.900258
0.900354
0.90039
0.898728
0.897991
0.901667
0.900118
0.899591
0.897965
0.895069
0.895171
0.895202
0.895547
0.899856
0.896816
0.901181
0.897358
0.900091
0.893901
0.897736
0.900974
0.897329
0.899141
0.898605
0.897347
0.896132
0.899772
0.895875
0.899008
0.897335
0.897755
0.898093
0.898367
0.896229
0.898264
0.899109
0.902052
0.898256
0.899223
0.896465
0.899074
0.900418
0.89974
0.900517
0.903935
0.898982
0.902511
0.896625
0.896361
0.89652
0.89794
0.899631
0.897261
0.894276
0.89746
0.898978
0.901525
0.89917
0.900204
0.898933
0.897809
0.893981
0.900178
0.899588
0.900328
0.89871
0.902716
0.896229
0.900901
0.90067
0.900704
0.898158
0.896811
0.894304
0.897502
0.899519
0.897258
0.898967
0.901371
0.896877
0.89738
0.900667
0.897346
0.895907
0.899731
0.900576
0.899494
0.899841
0.899303
0.901401
0.900108
0.899229
0.902915
0.89804
0.903576
0.901747
0.896085
0.903119
0.897678
0.901825
0.899112
0.89961
0.898245
0.899605
0.897429
0.898655
0.898916
0.894955
0.899996
0.901383
0.897751
0.895407
0.897186
0.899093
0.898424
0.895013
0.902245
0.896551
0.90201
0.898138
0.897524
0.898407
0.901099
0.896379
0.898727
0.900639
0.89674
0.89726
0.90077
0.897551
0.899458
0.9006
0.896425
0.897685
0.899635
0.898434
0.896675
0.898152
0.89798
0.903
0.898473
0.903828
0.900753
0.89895
0.896211
0.899443
0.893265
0.899947
0.897183
0.900325
0.899662
0.901451
0.897369
0.898632
0.89814
0.902345
0.901772
0.90363
0.900223
0.901569
0.901319
0.900398
0.89819
0.896836
0.895873
0.896974
0.902381
0.901152
0.900266
0.899414
0.899245
0.899671
0.898763
0.903077
0.901421
0.90083
0.895003
0.894999
0.897183
0.898986
0.893892
0.898045
0.898905
0.895529
0.899745
0.901141
0.903184
0.897653
0.897737
0.90215
0.901234
0.900256
0.900291
0.899561
0.899531
0.900465
0.900303
0.896641
0.900131
0.896003
0.899071
0.897963
0.903335
0.898356
0.896948
0.89695
0.898158
0.899652
0.896061
0.898031
0.902817
0.899048
0.898854
0.900047
0.897588
0.899094
0.89537
0.901714
0.898291
0.89654
0.897985
0.896874
0.898714
0.903193
0.902311
0.895385
0.89649
0.900099
0.895338
0.900287
0.900522
0.900857
0.899396
0.898177
0.897408
0.893206
0.899615
0.89863
0.900663
0.897755
0.898529
0.898581
0.899322
0.895304
0.896998
0.895335
0.902211
0.898921
0.89952
0.89712
0.897977
0.898563
0.899342
0.895945
0.898696
0.898183
0.896182
0.897655
0.899337
0.898608
0.896874
0.899617
0.89935
0.900453
0.894851
0.898823
0.900203
0.897508
0.896143
0.897707
0.900808
0.897877
0.900794
0.897798
0.90076
0.899929
0.897093
0.898398
0.900572
0.894449
0.90308
0.899067
0.899026
0.902047
0.897306
0.901741
0.898263
0.898551
0.900397
0.901143
0.898842
0.896039
0.900228
0.903537
0.899175
0.899251
0.89819
0.898928
0.898436
0.899842
0.8986
0.899806
0.900525
0.89647
0.901835
0.898588
0.897472
0.896415
0.90167
0.89851
0.896575
0.898954
0.89603
0.900565
0.896758
0.895878
0.896752
0.896026
0.898016
0.898863
0.902436
0.898135
0.896861
0.899071
0.896344
0.898425
0.896787
0.897169
0.899177
0.895281
0.896911
0.90193
0.898382
0.90007
0.899074
0.897603
0.897899
0.902616
0.897149
0.898085
0.902913
0.895726
0.897783
0.901642
0.897511
0.901347
0.896656
0.902274
0.897171
0.902264
0.901752
0.896055
0.89946
0.897704
0.90084
0.894624
0.901286
0.901954
0.896306
0.898793
0.89554
0.899509
0.900865
0.898383
0.90303
0.898196
0.896514
0.899088
0.896377
0.898185
0.899243
0.893985
0.897707
0.897333
0.896879
0.89936
0.899489
0.898346
0.896395
0.900181
0.898269
0.899963
0.897629
0.901141
0.896226
0.899375
0.899022
0.901445
0.894046
0.899544
0.898964
0.899876
0.901474
0.900376
0.901483
0.902239
0.900112
0.899554
0.894034
0.897498
0.896272
0.899817
0.899741
0.899792
0.89995
0.896908
0.895544
0.899121
0.896834
0.898075
0.895498
0.901292
0.901249
0.898694
0.897381
0.899592
0.901769
0.904883
0.89861
0.898869
0.900155
0.899437
0.900139
0.898897
0.897161
0.895816
0.896216
0.902077
0.894976
0.89865
0.897249
0.898571
0.897847
0.898655
0.900471
0.898306
0.902402
0.896767
0.900899
0.901179
0.898314
0.901119
0.899367
0.898269
0.896575
0.902016
0.899622
0.898236
0.900588
0.895883
0.898449
0.895996
0.897962
0.900919
0.900196
0.901395
0.90025
0.894462
0.896025
0.897923
0.898727
0.904281
0.899319
0.89769
0.902738
0.898755
0.897256
0.897367
0.900348
0.898104
0.897908
0.896925
0.900136
0.894505
0.901203
0.898492
0.897629
0.897913
0.897637
0.898427
0.899218
0.900452
0.898
0.898569
0.896289
0.90089
0.901887
0.898823
0.896172
0.89582
0.899235
0.898727
0.900997
0.899378
0.898762
0.897801
0.898051
0.898913
0.899299
0.894819
0.897831
0.899216
0.899953
0.898796
0.896176
0.898183
0.896673
0.896672
0.9009
0.898661
0.898286
0.897557
0.899164
0.900508
0.899472
0.901187
0.898984
0.902949
0.896024
0.897135
0.899179
0.899802
0.897729
0.8968
0.898642
0.897218
0.903439
0.899741
0.899984
0.899668
0.899819
0.896465
0.899497
0.898431
0.898521
0.899871
0.897571
0.900014
0.898169
0.89613
0.90086
0.900751
0.899198
0.898914
0.900062
0.900635
0.900627
0.902397
0.900378
0.900149
0.897572
0.899564
0.898695
0.894452
0.903018
0.898635
0.90116
0.898873
0.898558
0.898466
0.897683
0.894448
0.898386
0.898489
0.897444
0.897529
0.901715
0.899354
0.898962
0.899681
0.893067
0.900241
0.90079
0.896848
0.896898
0.899509
0.900358
0.901082
0.898062
0.897266
0.900348
0.897684
0.899202
0.902472
0.898751
0.897084
0.903007
0.89939
0.899797
0.898902
0.898956
0.894891
0.898253
0.898875
0.901562
0.899824
0.89866
0.896089
0.900102
0.897203
0.901219
0.897819
0.902692
0.898221
0.899371
0.898585
0.897266
0.890618
0.899347
0.901299
0.899315
0.902388
0.899149
0.900606
0.899645
0.899137
0.902295
0.901109
0.898515
0.900139
0.901989
0.898691
0.898029
0.899477
0.897684
0.897367
0.893169
0.901012
0.897899
0.899806
0.902161
0.897182
0.895875
0.900976
0.901473
0.901107
0.896
0.900165
0.896086
0.896515
0.898335
0.900831
0.90033
0.896632
0.891463
0.89844
0.900987
0.902071
0.898784
0.899452
0.898775
0.898846
0.895383
0.898181
0.902728
0.894297
0.896886
0.899906
0.902255
0.89681
0.899011
0.902916
0.89816
0.896285
0.90068
0.89565
0.895155
0.898903
0.896709
0.900922
0.898439
0.900709
0.898926
0.902429
0.897448
0.89897
0.901818
0.89731
0.897058
0.893496
0.903487
0.895768
0.897775
0.900282
0.893761
0.899021
0.899697
0.900067
0.896943
0.897751
0.901339
0.896663
0.897274
0.90098
0.894497
0.899843
0.899514
0.897709
0.898126
0.898329
0.898595
0.896855
0.897055
0.896831
0.898828
0.897639
0.901555
0.899417
0.900424
0.898699
0.897168
0.899474
0.892793
0.897948
0.899369
0.900839
0.897492
0.900396
0.897022
0.89871
0.900041
0.898836
0.895589
0.898692
0.898475
0.903534
0.901533
0.899048
0.900122
0.90118
0.896747
0.897126
0.898178
0.893617
0.898532
0.898064
0.900283
0.898057
0.89849
0.900058
0.902122
0.895786
0.894112
0.899425
0.900155
0.899556
0.899119
0.901158
0.899108
0.900421
0.896245
0.89915
0.897546
0.899173
0.901231
0.897108
0.898999
0.89623
0.902805
0.896782
0.901245
0.897826
0.899592
0.897481
0.899415
0.899419
0.898058
0.898391
0.897915
0.898804
0.898854
0.895741
0.896484
0.896749
0.899493
0.900293
0.899042
0.89656
0.900919
0.901554
0.896919
0.901944
0.897231
0.896919
0.898459
0.897329
0.899047
0.895975
0.897332
0.899642
0.902836
0.899626
0.900104
0.899418
0.897532
0.894759
0.900794
0.896866
0.900249
0.896283
0.901069
0.900249
0.896126
0.899486
0.896361
0.902945
0.897818
0.896446
0.897246
0.897998
0.901796
0.9009
0.901536
0.900376
0.900468
0.89782
0.898602
0.896805
0.895525
0.901454
0.900054
0.898795
0.896969
0.899261
0.898541
0.897797
0.894225
0.899364
0.893633
0.895515
0.897139
0.899689
0.90016
0.898223
0.897122
0.897504
0.896492
0.896413
0.897696
0.899301
0.895976
0.895357
0.894092
0.901449
0.902387
0.903742
0.89683
0.897507
0.89466
0.893998
0.898891
0.898794
0.895369
0.901338
0.896922
0.900141
0.899412
0.898535
0.899455
0.902542
0.899485
0.897813
0.895044
0.896833
0.898312
0.896872
0.894046
0.900408
0.895143
0.899415
0.89543
0.89721
0.897581
0.898049
0.899145
0.900982
0.894627
0.898086
0.898405
0.896343
0.898277
0.896508
0.89646
0.898345
0.900193
0.899968
0.900766
0.901418
0.900477
0.894998
0.903794
0.902819
0.898495
0.896485
0.898124
0.898896
0.897961
0.896056
0.900169
0.896639
0.896457
0.897922
0.901783
0.900976
0.895963
0.893546
0.899451
0.895111
0.901686
0.898262
0.901255
0.899986
0.899198
0.898785
0.896637
0.901915
0.8957
0.898479
0.90087
0.899934
0.899198
0.899736
0.898412
0.89911
0.89946
0.898461
0.901695
0.8994
0.898451
0.898927
0.897089
0.900278
0.899589
0.902109
0.898823
0.895731
0.901324
0.898186
0.898016
0.901216
0.898118
0.898916
0.898782
0.896955
0.898381
0.90024
0.897894
0.900572
0.898301
0.899056
0.898951
0.902151
0.901852
0.896162
0.898013
0.898631
0.898616
0.900932
0.898932
0.900553
0.900843
0.899862
0.900881
0.896329
0.900209
0.898721
0.899281
0.899054
0.897399
0.896028
0.899841
0.901471
0.902378
0.900134
0.896209
0.895495
0.898244
0.900739
0.901284
0.902897
0.898047
0.897704
0.898764
0.895208
0.898594
0.898599
0.899595
0.894677
0.899382
0.902069
0.899335
0.899657
0.900598
0.899462
0.89798
0.899867
0.895768
0.898307
0.902361
0.899071
0.897681
0.897604
0.896356
0.895233
0.901392
0.90179
0.899546
0.897585
0.900246
0.901123
0.900631
0.898826
0.895994
0.898868
0.899677
0.893471
0.901382
0.899831
0.897834
0.898173
0.898108
0.894084
0.89712
0.903543
0.90232
0.900712
0.897161
0.90208
0.895778
0.899231
0.90168
0.895179
0.891848
0.892824
0.898188
0.896576
0.895856
0.898431
0.898589
0.898678
0.898851
0.899057
0.901163
0.896875
0.898329
0.899424
0.896817
0.898386
0.902282
0.89766
0.898384
0.896228
0.897597
0.898648
0.898515
0.897946
0.898178
0.898289
0.898797
0.898333
0.896016
0.89899
0.893504
0.89913
0.900289
0.902317
0.895746
0.899243
0.895066
0.899912
0.896939
0.900354
0.896561
0.899751
0.897875
0.900915
0.899124
0.900118
0.899127
0.897668
0.899096
0.89988
0.896028
0.899009
0.904015
0.90062
0.898826
0.895941
0.898641
0.902435
0.898698
0.898493
0.897549
0.900056
0.8996
0.894092
0.89939
0.900514
0.900515
0.900627
0.897875
0.902528
0.899675
0.898798
0.900713
0.899008
0.89819
0.900022
0.892521
0.896995
0.896476
0.90043
0.894637
0.897507
0.898052
0.897322
0.900007
0.898013
0.900152
0.901069
0.898037
0.89917
0.895151
0.90151
0.900746
0.900309
0.898849
0.894826
0.898413
0.896259
0.894839
0.898405
0.898834
0.896687
0.899964
0.902062
0.895117
0.898828
0.896783
0.897312
0.893883
0.897232
0.894891
0.897635
0.897347
0.896754
0.898242
0.899247
0.902912
0.899064
0.899967
0.895839
0.896453
0.899155
0.897465
0.899186
0.896962
0.897449
0.897678
0.901148
0.898315
0.898382
0.898162
0.895016
0.897157
0.898629
0.900075
0.896717
0.898344
0.899722
0.899822
0.898164
0.89811
0.896155
0.892681
0.897197
0.89743
0.895061
0.899074
0.896683
0.898231
0.900658
0.895062
0.896816
0.896208
0.898776
0.899403
0.899689
0.897099
0.897354
0.898993
0.900375
0.902999
0.899153
0.899008
0.898935
0.897144
0.899971
0.899334
0.899783
0.895386
0.897968
0.897281
0.897416
0.899543
0.898386
0.898644
0.896895
0.897892
0.898857
0.896246
0.896728
0.898404
0.9
0.898635
0.901116
0.899547
0.901375
0.900988
0.902725
0.899365
0.898995
0.903515
0.895892
0.899637
0.896087
0.901894
0.897304
0.897937
0.899784
0.899987
0.899673
0.896853
0.898711
0.895691
0.898801
0.897343
0.899307
0.901281
0.898675
0.900853
0.89878
0.89506
0.900562
0.897815
0.898798
0.895231
0.897351
0.898529
0.900966
0.897596
0.90118
0.896288
0.897728
0.899176
0.898719
0.898955
0.899695
0.895756
0.898178
0.899121
0.901411
0.899566
0.901323
0.897057
0.896226
0.897827
0.898486
0.899052
0.901028
0.899619
0.901411
0.896756
0.899186
0.899086
0.895659
0.89791
0.899818
0.898704
0.900126
0.900787
0.898897
0.901191
0.900677
0.898229
0.897895
0.902891
0.89668
0.896459
0.895908
0.90311
0.900213
0.898575
0.899974
0.900295
0.897817
0.89903
0.90002
0.900051
0.899199
0.898766
0.896699
0.895481
0.896191
0.895626
0.900666
0.897792
0.903055
0.900486
0.898271
0.898867
0.894722
0.90009
0.899876
0.898227
0.899746
0.90005
0.897312
0.899712
0.900948
0.901497
0.896658
0.90387
0.89872
0.898333
0.896252
0.897046
0.897988
0.898546
0.898411
0.89572
0.897791
0.899902
0.90159
0.897362
0.899064
0.900341
0.900116
0.900489
0.898388
0.897185
0.899602
0.895234
0.898093
0.901636
0.898029
0.898367
0.89567
0.901087
0.898426
0.898068
0.897765
0.897977
0.900384
0.902764
0.900137
0.895461
0.9008
0.898112
0.898234
0.900471
0.897463
0.896083
0.901662
0.899753
0.90005
0.891577
0.897118
0.895845
0.897866
0.901772
0.897734
0.899275
0.895757
0.89583
0.896911
0.897436
0.898227
0.90202
0.898861
0.896395
0.902322
0.899282
0.899244
0.896591
0.900042
0.902192
0.897533
0.898626
0.897149
0.900789
0.89552
0.898881
0.9014
0.897539
0.901653
0.897573
0.896996
0.897087
0.899757
0.898182
0.902074
0.901031
0.899329
0.894547
0.900505
0.894637
0.900486
0.89524
0.898151
0.896984
0.901718
0.896172
0.898804
0.897532
0.899022
0.901428
0.896191
0.898429
0.899088
0.899258
0.898251
0.900196
0.898118
0.901887
0.895874
0.89629
0.903568
0.89653
0.897654
0.898896
0.898337
0.898827
0.899056
0.899862
0.897165
0.89741
0.896782
0.899503
0.897641
0.901705
0.897117
0.901455
0.897059
0.897919
0.902432
0.897873
0.896721
0.899556
0.897059
0.901457
0.897675
0.897086
0.901125
0.899747
0.903338
0.89844
0.897808
0.903643
0.896624
0.897864
0.899198
0.895454
0.901351
0.896157
0.898546
0.897854
0.89891
0.899095
0.900821
0.899515
0.895795
0.898327
0.898252
0.905781
0.902215
0.897914
0.898203
0.898236
0.897702
0.90079
0.897188
0.896269
0.896488
0.897371
0.896424
0.896723
0.894836
0.897772
0.896534
0.897501
0.897262
0.898178
0.897003
0.898296
0.901129
0.898264
0.895943
0.896311
0.89855
0.896882
0.897771
0.90196
0.898023
0.900253
0.896043
0.896448
0.899983
0.896049
0.89746
0.897456
0.897973
0.900305
0.902697
0.895484
0.896301
0.897336
0.896113
0.901259
0.899633
0.896906
0.899507
0.897663
0.899733
0.900369
0.898688
0.897482
0.893818
0.89817
0.901572
0.89658
0.899879
0.89811
0.898747
0.897293
0.897543
0.900369
0.895068
0.895851
0.902483
0.899795
0.89945
0.90054
0.901655
0.897157
0.901471
0.902139
0.894138
0.899398
0.902916
0.898182
0.899772
0.901613
0.899411
0.895709
0.89591
0.897245
0.901723
0.894822
0.898732
0.896756
0.899009
0.8983
0.89841
0.901319
0.89694
0.899213
0.903776
0.898854
0.901053
0.896974
0.898836
0.899338
0.896156
0.892764
0.900002
0.901009
0.903001
0.90294
0.900827
0.89414
0.897676
0.89664
0.900279
0.896289
0.898548
0.898441
0.901794
0.898409
0.898772
0.8965
0.89624
0.900992
0.896876
0.898392
0.894567
0.896211
0.899397
0.898374
0.896095
0.900397
0.895389
0.90116
0.901248
0.899131
0.89644
0.901878
0.895468
0.898382
0.898522
0.896393
0.896024
0.898507
0.899512
0.901015
0.897913
0.898423
0.901186
0.900157
0.893779
0.89879
0.899262
0.900103
0.898465
0.895273
0.902369
0.895184
0.898014
0.897962
0.900268
0.898685
0.895797
0.89925
0.898806
0.897588
0.900514
0.894693
0.895187
0.893842
0.89972
0.89568
0.896629
0.894862
0.899098
0.896388
0.89607
0.902457
0.898118
0.900289
0.901817
0.896054
0.904165
0.899137
0.896248
0.897174
0.900283
0.895192
0.899395
0.90173
0.896378
0.897877
0.899638
0.901889
0.901645
0.899036
0.899989
0.901327
0.895313
0.899883
0.894907
0.89781
0.898014
0.901435
0.898055
0.901203
0.894456
0.896894
0.892903
0.895185
0.901961
0.897473
0.899379
0.896766
0.898054
0.90057
0.898052
0.897624
0.897508
0.9015
0.89779
0.89762
0.897562
0.897603
0.89832
0.899311
0.899505
0.899359
0.899814
0.900054
0.898527
0.900819
0.900312
0.893408
0.897002
0.897238
0.89985
0.898062
0.897602
0.899282
0.897277
0.899654
0.896242
0.898142
0.901574
0.903798
0.898533
0.89638
0.899249
0.898736
0.893648
0.897146
0.896197
0.896643
0.900368
0.898021
0.899335
0.896255
0.898045
0.894087
0.900823
0.898682
0.895435
0.900075
0.899565
0.89935
0.896783
0.900015
0.895922
0.901136
0.898988
0.899114
0.899971
0.897362
0.901352
0.900596
0.896699
0.896878
0.898561
0.898754
0.89706
0.897993
0.899512
0.899276
0.897135
0.897435
0.899791
0.897908
0.900075
0.898066
0.89746
0.901878
0.897908
0.897948
0.900236
0.89876
0.901298
0.898157
0.898146
0.897202
0.896413
0.894344
0.896719
0.899483
0.899394
0.898461
0.899831
0.900872
0.900985
0.898042
0.898802
0.894811
0.89806
0.900301
0.897131
0.897207
0.902843
0.894909
0.898803
0.903933
0.897619
0.898745
0.899852
0.898415
0.897995
0.903721
0.89687
0.900578
0.899672
0.89479
0.899385
0.899249
0.898731
0.898723
0.899789
0.892706
0.899116
0.899268
0.899906
0.895094
0.901599
0.902858
0.900663
0.897486
0.899143
0.896264
0.900068
0.899949
0.901935
0.898444
0.895792
0.900963
0.895884
0.896129
0.898319
0.898451
0.903475
0.892649
0.897725
0.899262
0.897524
0.901605
0.900815
0.892688
0.898344
0.898371
0.895243
0.897951
0.897049
0.89812
0.902365
0.898157
0.898729
0.901252
0.898588
0.895237
0.896355
0.900785
0.897379
0.898596
0.898548
0.900246
0.902892
0.894826
0.897815
0.900024
0.899564
0.896497
0.904495
0.897977
0.893927
0.897855
0.901404
0.897957
0.898864
0.897763
0.895615
0.899387
0.89627
0.898029
0.895032
0.897903
0.898979
0.896924
0.895101
0.899511
0.898367
0.897903
0.89922
0.899906
0.898476
0.898
0.899821
0.899611
0.894855
0.902857
0.897711
0.89873
0.898254
0.899691
0.89688
0.898289
0.898251
0.895937
0.901978
0.900151
0.898797
0.895534
0.897694
0.895706
0.900674
0.901557
0.897694
0.895284
0.899056
0.896296
0.899577
0.897608
0.903574
0.896333
0.897371
0.898418
0.895784
0.896299
0.896815
0.897179
0.895856
0.897189
0.897503
0.896043
0.900208
0.896393
0.899522
0.901315
0.897805
0.899233
0.898531
0.896851
0.898219
0.898699
0.899109
0.898621
0.898702
0.901943
0.902125
0.899968
0.897525
0.898893
0.896531
0.896917
0.901405
0.900689
0.89664
0.903703
0.897626
0.896674
0.899746
0.89472
0.898069
0.89903
0.902112
0.901106
0.900994
0.898021
0.89619
0.895659
0.898562
0.898914
0.89728
0.897662
0.896193
0.90001
0.896297
0.899376
0.895564
0.895858
0.896482
0.90012
0.899598
0.902214
0.897613
0.898793
0.899685
0.898592
0.89914
0.903442
0.898675
0.901402
0.900735
0.89921
0.898138
0.897105
0.898854
0.894957
0.903802
0.898042
0.896922
0.898339
0.898487
0.904139
0.901385
0.902879
0.89861
0.898587
0.898498
0.896765
0.898948
0.896784
0.897325
0.896737
0.899109
0.897628
0.897225
0.898025
0.899172
0.89828
0.900704
0.898601
0.893471
0.900956
0.899612
0.902036
0.897404
0.899305
0.899405
0.897138
0.898455
0.898478
0.898622
0.893108
0.89561
0.899065
0.899941
0.900839
0.896223
0.901496
0.904334
0.901753
0.900212
0.898141
0.894173
0.900291
0.899703
0.899993
0.898733
0.89566
0.899883
0.899992
0.897577
0.894785
0.896078
0.896634
0.898475
0.901197
0.89945
0.896352
0.90012
0.90035
0.897688
0.897328
0.89798
0.901561
0.899891
0.899334
0.89787
0.898105
0.89749
0.900595
0.896777
0.899226
0.898017
0.89823
0.897095
0.898417
0.895248
0.902257
0.899384
0.901353
0.893208
0.898648
0.901613
0.894384
0.899049
0.897988
0.900804
0.892561
0.90233
0.900013
0.898284
0.896031
0.89908
0.897948
0.898911
0.903053
0.899089
0.900086
0.896291
0.899755
0.897691
0.897092
0.897016
0.897279
0.900427
0.901505
0.900612
0.897127
0.899656
0.897228
0.897838
0.899005
0.896237
0.901774
0.900759
0.895584
0.901662
0.896342
0.899146
0.90031
0.901417
0.897294
0.89767
0.898526
0.895612
0.898862
0.898186
0.901085
0.897079
0.895424
0.90073
0.89892
0.895992
0.902883
0.899534
0.902056
0.898729
0.902001
0.89584
0.896699
0.900165
0.896296
0.898151
0.894489
0.902007
0.900088
0.897954
0.896566
0.897562
0.898542
0.896738
0.898256
0.901917
0.898129
0.900677
0.896873
0.901396
0.897923
0.897367
0.901932
0.902011
0.896847
0.898713
0.898593
0.897227
0.897086
0.894429
0.892861
0.899648
0.895232
0.89648
0.90194
0.897004
0.901508
0.897779
0.89837
0.898398
0.90022
0.896763
0.89814
0.897226
0.89474
0.90105
0.898424
0.903678
0.897774
0.899289
0.896418
0.897485
0.898764
0.906104
0.896344
0.89982
0.896874
0.896654
0.895276
0.899598
0.902204
0.900365
0.894718
0.899314
0.89977
0.899735
0.901631
0.896975
0.89915
0.895211
0.897046
0.900931
0.901055
0.900799
0.897894
0.896231
0.898035
0.900935
0.896556
0.902924
0.901759
0.897677
0.902624
0.901351
0.899947
0.899884
0.899267
0.900809
0.896055
0.898836
0.896649
0.899924
0.897361
0.895685
0.898381
0.898179
0.895849
0.898671
0.900041
0.897711
0.896944
0.897254
0.897007
0.897494
0.900923
0.898315
0.898342
0.896319
0.899102
0.898431
0.898682
0.895315
0.902172
0.896483
0.896495
0.899723
0.897919
0.902405
0.896581
0.899029
0.89789
0.898416
0.898236
0.896438
0.899128
0.902063
0.901666
0.900507
0.898712
0.89453
0.894754
0.902001
0.896714
0.895092
0.899394
0.901132
0.897431
0.901855
0.902926
0.897183
0.901799
0.897733
0.895583
0.895723
0.900066
0.897456
0.897721
0.897798
0.898698
0.899039
0.898977
0.897701
0.897094
0.898065
0.897237
0.902327
0.899264
0.899256
0.901586
0.89924
0.894421
0.895193
0.898332
0.896905
0.903515
0.901753
0.895303
0.898018
0.899966
0.90012
0.895441
0.898922
0.903213
0.899522
0.895848
0.902585
0.898857
0.896439
0.897894
0.899998
0.900019
0.897332
0.900341
0.901793
0.90122
0.897502
0.894065
0.895642
0.899028
0.898845
0.900173
0.895536
0.90068
0.897507
0.896039
0.898701
0.899766
0.900071
0.896346
0.89879
0.898078
0.899112
0.899674
0.894617
0.897356
0.896783
0.900528
0.898762
0.897873
0.896612
0.895742
0.899106
0.895167
0.896359
0.897049
0.901729
0.899432
0.898928
0.89713
0.896581
0.899676
0.894328
0.899492
0.898596
0.895335
0.897003
0.896586
0.899894
0.902272
0.89856
0.896339
0.896095
0.899234
0.8995
0.898048
0.898326
0.901638
0.897085
0.896201
0.894825
0.896112
0.89974
0.900502
0.899973
0.898159
0.898583
0.894542
0.898706
0.898039
0.899057
0.898443
0.897966
0.898935
0.899421
0.895632
0.898237
0.899951
0.901213
0.899977
0.901377
0.898455
0.899841
0.894919
0.90255
0.901415
0.901219
0.898742
0.895351
0.901491
0.897
0.894465
0.901194
0.903379
0.898978
0.898292
0.8976
0.897562
0.897933
0.899891
0.90044
0.902315
0.902709
0.898928
0.897242
0.900653
0.900447
0.898203
0.897836
0.89825
0.898564
0.898138
0.899187
0.900773
0.897324
0.892738
0.898353
0.895985
0.89848
0.902118
0.897868
0.896599
0.900415
0.899268
0.89603
0.898896
0.903205
0.898168
0.899298
0.899416
0.893502
0.901554
0.89776
0.899771
0.897872
0.896299
0.89892
0.896073
0.897792
0.90186
0.896666
0.897286
0.897331
0.898329
0.896545
0.896667
0.896334
0.901791
0.897008
0.89679
0.898913
0.900692
0.900994
0.899109
0.896906
0.900937
0.89812
0.895562
0.900417
0.898216
0.900962
0.90082
0.897559
0.899307
0.898655
0.896102
0.895348
0.902731
0.898584
0.900805
0.897982
0.896809
0.900165
0.898455
0.898937
0.900053
0.897011
0.900717
0.898799
0.896103
0.898394
0.900433
0.900806
0.896701
0.899229
0.899159
0.898293
0.899419
0.902321
0.901524
0.899926
0.898858
0.901561
0.901199
0.899929
0.902864
0.898753
0.899552
0.902032
0.899477
0.894076
0.896541
0.896316
