0.860067
0.858932
0.863018
0.862095
0.861957
0.861383
0.859629
0.859965
0.86243
0.86166
0.862094
0.862171
0.863807
0.86271
0.860443
0.861876
0.866314
0.862524
0.860944
0.860939
0.859925
0.860659
0.860487
0.860632
0.862323
0.86039
0.858116
0.860716
0.861496
0.860732
0.861916
0.860434
0.862646
0.862119
0.861835
0.863518
0.861683
0.861042
0.859179
0.861819
0.861832
0.85989
0.863426
0.861956
0.862117
0.862309
0.861425
0.858215
0.861262
0.860762
0.864244
0.86347
0.862472
0.862948
0.861358
0.862017
0.86436
0.861543
0.862995
0.865523
0.861318
0.86217
0.860503
0.861524
0.863182
0.859648
0.861417
0.861919
0.8631
0.861799
0.864618
0.863309
0.861907
0.86319
0.863885
0.859069
0.863722
0.860721
0.863503
0.862288
0.862515
0.863113
0.859629
0.861233
0.859805
0.863972
0.864348
0.861857
0.863492
0.86268
0.862355
0.861592
0.862181
0.862504
0.860886
0.863624
0.861328
0.862599
0.863607
0.863504
0.860551
0.861605
0.859756
0.861171
0.863545
0.862631
0.863111
0.863929
0.8608
0.858172
0.862551
0.862256
0.863869
0.861541
0.85972
0.86147
0.862012
0.861193
0.860498
0.861224
0.863216
0.861526
0.856989
0.862223
0.863862
0.860506
0.862071
0.861868
0.863073
0.859872
0.863523
0.863033
0.860701
0.860976
0.862593
0.861847
0.861598
0.864366
0.863617
0.860935
0.85879
0.863098
0.859793
0.861656
0.86115
0.859221
0.860329
0.862963
0.861199
0.859996
0.863597
0.863177
0.862241
0.861297
0.861535
0.862564
0.859099
0.861629
0.862483
0.861539
0.863243
0.865156
0.861085
0.860551
0.860689
0.862576
0.861791
0.860913
0.860655
0.862245
0.860412
0.859893
0.860797
0.86262
0.862582
0.863153
0.856915
0.861677
0.861096
0.861993
0.862026
0.865492
0.862708
0.861179
0.861988
0.862897
0.864003
0.86059
0.865199
0.861846
0.863007
0.862568
0.860601
0.859629
0.859209
0.859385
0.860532
0.86142
0.860124
0.860204
0.859625
0.860939
0.861956
0.860146
0.859822
0.860854
0.85895
0.862498
0.860612
0.860925
0.861335
0.861965
0.862471
0.864086
0.861043
0.860428
0.863714
0.860642
0.860889
0.862231
0.861853
0.861284
0.860636
0.861377
0.862237
0.862309
0.862637
0.861555
0.863683
0.861341
0.86267
0.86188
0.863167
0.861419
0.862
0.864174
0.859961
0.861665
0.863359
0.863941
0.860579
0.862615
0.861927
0.861076
0.859385
0.861822
0.864037
0.86076
0.861887
0.863701
0.861953
0.861912
0.859317
0.863553
0.860739
0.860201
0.860252
0.861858
0.861783
0.864378
0.860634
0.86151
0.862892
0.861288
0.861346
0.861522
0.861962
0.861551
0.861043
0.860868
0.859787
0.861508
0.859522
0.861449
0.861243
0.861759
0.862416
0.861938
0.862418
0.86155
0.862536
0.864863
0.859097
0.860993
0.861737
0.862292
0.86303
0.860989
0.863647
0.862291
0.861379
0.862518
0.859509
0.861675
0.862168
0.861935
0.85996
0.862356
0.863429
0.863971
0.863002
0.860864
0.861473
0.862821
0.861686
0.862233
0.859526
0.863068
0.861606
0.86312
0.860152
0.86287
0.862941
0.862071
0.86306
0.862413
0.861228
0.863611
0.861051
0.862108
0.86234
0.860798
0.861425
0.863776
0.859453
0.862734
0.864479
0.86277
0.863625
0.861435
0.861773
0.862179
0.864352
0.862361
0.860089
0.861437
0.86442
0.860245
0.860238
0.861034
0.864575
0.860642
0.861821
0.861762
0.860735
0.86035
0.860636
0.861668
0.86058
0.861837
0.862286
0.860854
0.861809
0.861752
0.860269
0.863632
0.860532
0.863009
0.858597
0.861323
0.860033
0.862284
0.863827
0.860402
0.85984
0.860872
0.861658
0.861221
0.862542
0.862302
0.862303
0.860511
0.860011
0.860436
0.861104
0.862923
0.860512
0.862089
0.860595
0.862727
0.858938
0.862492
0.863158
0.862926
0.859305
0.861186
0.860788
0.862394
0.861451
0.861075
0.860049
0.859728
0.86177
0.862643
0.863171
0.862219
0.86005
0.865055
0.860985
0.861635
0.860495
0.859126
0.860575
0.860983
0.863189
0.862003
0.862503
0.860749
0.862577
0.861316
0.861832
0.862405
0.863807
0.859594
0.859398
0.861231
0.862033
0.862625
0.859869
0.862327
0.863431
0.862216
0.861332
0.861936
0.861293
0.861137
0.85914
0.863345
0.862099
0.862157
0.862565
0.860727
0.861125
0.861551
0.859864
0.860941
0.861858
0.860366
0.864332
0.861695
0.858671
0.862138
0.862233
0.86171
0.863146
0.859959
0.860769
0.859431
0.862297
0.860661
0.860914
0.859944
0.861708
0.860243
0.863549
0.866063
0.860861
0.860234
0.86072
0.862357
0.860381
0.8597
0.858411
0.859758
0.863769
0.858813
0.862052
0.861283
0.861318
0.862482
0.861653
0.861853
0.86388
0.860542
0.858771
0.861711
0.860874
0.860518
0.85998
0.861496
0.859609
0.862008
0.862619
0.860164
0.861792
0.863511
0.860657
0.862662
0.861751
0.863546
0.861714
0.86271
0.86103
0.861823
0.863715
0.863513
0.861556
0.863167
0.864053
0.862274
0.863167
0.86335
0.860575
0.862502
0.863199
0.861277
0.863476
0.864046
0.859818
0.86248
0.862306
0.862624
0.863424
0.859798
0.862425
0.861578
0.861704
0.860992
0.862923
0.864023
0.862738
0.86117
0.862051
0.861243
0.862616
0.863137
0.863029
0.864079
0.86144
0.862694
0.860587
0.861923
0.860357
0.860328
0.864218
0.859762
0.861935
0.864069
0.861242
0.859888
0.861274
0.863201
0.862627
0.860181
0.86289
0.863248
0.863528
0.86228
0.860766
0.862133
0.858361
0.856299
0.860493
0.859961
0.861284
0.863391
0.861201
0.862188
0.859992
0.861103
0.863772
0.860279
0.857937
0.864357
0.862746
0.860973
0.861923
0.861602
0.858693
0.863098
0.862054
0.863281
0.86082
0.863772
0.86009
0.862634
0.859696
0.862637
0.861028
0.859804
0.861116
0.863093
0.86338
0.859291
0.858947
0.860611
0.862096
0.864625
0.862817
0.86121
0.859345
0.861427
0.861879
0.860004
0.861128
0.859563
0.858776
0.862176
0.860673
0.85954
0.86141
0.861308
0.864175
0.862232
0.861918
0.861346
0.861735
0.863623
0.861508
0.861178
0.862349
0.862714
0.861172
0.861539
0.862958
0.860978
0.863233
0.862569
0.862115
0.862915
0.861659
0.861221
0.863981
0.863967
0.862407
0.861231
0.862143
0.862523
0.859313
0.860662
0.864026
0.860743
0.862388
0.863125
0.863156
0.861114
0.861643
0.862829
0.861161
0.861313
0.861314
0.863771
0.861694
0.861295
0.859987
0.861981
0.861862
0.8613
0.864584
0.864826
0.862464
0.859017
0.860793
0.860808
0.859189
0.858751
0.861765
0.862128
0.862079
0.861198
0.862951
0.864504
0.860085
0.857665
0.863582
0.860295
0.861464
0.860629
0.862611
0.863347
0.863367
0.861022
0.858675
0.861754
0.86109
0.864203
0.863736
0.860418
0.861549
0.863298
0.861447
0.86093
0.860338
0.858347
0.863496
0.862285
0.864169
0.861838
0.86005
0.862215
0.861466
0.860759
0.859749
0.86088
0.862226
0.859417
0.864784
0.861148
0.864086
0.862204
0.862041
0.861229
0.861408
0.861211
0.865692
0.863647
0.865762
0.860384
0.860793
0.861455
0.862628
0.861979
0.862673
0.864083
0.861311
0.863625
0.86205
0.861859
0.862367
0.863041
0.862539
0.864253
0.860235
0.859724
0.86096
0.860875
0.862442
0.864399
0.862464
0.861483
0.861464
0.858741
0.860872
0.861503
0.860867
0.862446
0.86466
0.861266
0.86459
0.859252
0.862491
0.862143
0.86112
0.862885
0.860862
0.860237
0.859986
0.864129
0.864154
0.859187
0.859909
0.862604
0.862168
0.862613
0.860537
0.861606
0.861552
0.858613
0.859253
0.861329
0.861373
0.86257
0.859107
0.861507
0.861443
0.862107
0.861201
0.860925
0.862019
0.859687
0.861651
0.862029
0.861753
0.859915
0.862143
0.860089
0.860716
0.86233
0.863613
0.861559
0.862738
0.861246
0.861268
0.863118
0.861898
0.86231
0.86146
0.86333
0.863228
0.858875
0.861883
0.862482
0.861427
0.864045
0.863434
0.862079
0.860245
0.858222
0.862838
0.859894
0.862415
0.862549
0.862574
0.8608
0.864
0.859288
0.861362
0.860838
0.861061
0.859695
0.862646
0.863969
0.864112
0.85865
0.861486
0.861355
0.861637
0.86425
0.860937
0.864321
0.861213
0.862507
0.860714
0.861876
0.860629
0.858842
0.863058
0.859991
0.860738
0.861184
0.86296
0.860601
0.863691
0.86233
0.861969
0.860228
0.861736
0.863135
0.865058
0.861549
0.859868
0.859981
0.862182
0.862305
0.865267
0.863657
0.864563
0.861458
0.860775
0.863072
0.86184
0.861409
0.86217
0.860428
0.861407
0.861867
0.862193
0.861546
0.862167
0.862566
0.861323
0.863347
0.86343
0.862442
0.860057
0.862554
0.860698
0.862526
0.861752
0.86264
0.861559
0.863329
0.860323
0.860592
0.859604
0.863587
0.862233
0.861378
0.863293
0.859908
0.861883
0.859905
0.861829
0.859841
0.863517
0.862834
0.86228
0.86327
0.862029
0.862693
0.862383
0.863232
0.859799
0.860291
0.860587
0.862603
0.862893
0.863827
0.861534
0.86139
0.861764
0.864139
0.861472
0.864538
0.859796
0.860374
0.861534
0.861405
0.860624
0.863838
0.861647
0.858576
0.863642
0.861707
0.863341
0.861239
0.864084
0.86231
0.862136
0.862176
0.862535
0.86138
0.864208
0.858401
0.861048
0.862318
0.860949
0.864446
0.862537
0.862769
0.862982
0.861607
0.860513
0.86168
0.859402
0.860863
0.864397
0.863341
0.862509
0.861507
0.862499
0.863322
0.86263
0.860992
0.864183
0.862318
0.860128
0.860948
0.863124
0.862511
0.862371
0.866128
0.860169
0.859766
0.86379
0.861522
0.861923
0.86367
0.861452
0.861094
0.863238
0.859588
0.862205
0.860289
0.862407
0.862116
0.860905
0.862222
0.860228
0.861828
0.861031
0.861167
0.862278
0.860665
0.861818
0.862353
0.861395
0.862448
0.860711
0.861848
0.865147
0.862438
0.86377
0.86268
0.862524
0.861077
0.862344
0.863187
0.86103
0.860639
0.86191
0.86222
0.861223
0.859875
0.859059
0.861247
0.86235
0.860123
0.862472
0.861156
0.862115
0.863518
0.86143
0.862285
0.86113
0.862286
0.860224
0.862813
0.860787
0.861003
0.863693
0.86354
0.860648
0.863317
0.862667
0.860317
0.861965
0.863696
0.858939
0.863087
0.862793
0.864408
0.861198
0.861838
0.862891
0.860644
0.859888
0.863294
0.863132
0.861794
0.862041
0.864073
0.863884
0.859883
0.859955
0.861033
0.859262
0.857305
0.861351
0.858891
0.858135
0.860156
0.860954
0.861345
0.862447
0.863077
0.862363
0.863961
0.862368
0.85805
0.860663
0.861405
0.861232
0.865127
0.862525
0.861292
0.860784
0.862174
0.861057
0.862622
0.863198
0.861097
0.86343
0.860755
0.862386
0.861627
0.860698
0.862786
0.861013
0.864414
0.861759
0.85875
0.861506
0.862615
0.861721
0.859834
0.863995
0.860406
0.864068
0.864961
0.861353
0.861883
0.859611
0.861609
0.862575
0.861961
0.858108
0.862508
0.861533
0.862057
0.86193
0.858123
0.862533
0.862296
0.859272
0.861365
0.858847
0.862345
0.86257
0.861285
0.864805
0.865076
0.862207
0.863967
0.863755
0.861939
0.860426
0.865998
0.863611
0.861443
0.861947
0.862242
0.86165
0.864389
0.862131
0.863806
0.862768
0.860374
0.863584
0.863112
0.861641
0.862914
0.862282
0.860053
0.861268
0.861643
0.860409
0.865463
0.861473
0.859044
0.861788
0.861829
0.862946
0.861287
0.862767
0.862046
0.861046
0.863962
0.860814
0.86069
0.863111
0.861492
0.863216
0.859535
0.860398
0.859473
0.858058
0.862396
0.864632
0.860286
0.863586
0.861134
0.862995
0.858537
0.864167
0.861573
0.862918
0.862481
0.861629
0.863741
0.860887
0.861088
0.862894
0.862364
0.86248
0.861048
0.865008
0.859441
0.860793
0.8606
0.859559
0.861649
0.864807
0.861183
0.862199
0.861187
0.863332
0.863009
0.861961
0.861494
0.860741
0.862842
0.861683
0.860061
0.861619
0.864124
0.861147
0.859932
0.860033
0.863087
0.861279
0.860288
0.861382
0.856902
0.860479
0.862057
0.860648
0.861292
0.86099
0.861265
0.859769
0.8607
0.863871
0.860105
0.862789
0.863256
0.864028
0.859329
0.863178
0.863808
0.862099
0.862669
0.863119
0.861368
0.862287
0.862188
0.861309
0.862086
0.863081
0.863148
0.864275
0.861633
0.862378
0.862835
0.861704
0.861504
0.863382
0.862761
0.862812
0.861083
0.861955
0.860788
0.861506
0.861034
0.860754
0.863366
0.864315
0.86036
0.862206
0.862235
0.862873
0.862117
0.862796
0.863084
0.862309
0.860742
0.861164
0.858801
0.859356
0.86255
0.860892
0.862305
0.862712
0.86114
0.861353
0.862428
0.860689
0.861262
0.860407
0.863936
0.859813
0.860062
0.860712
0.862584
0.862669
0.858307
0.861322
0.859964
0.860976
0.860859
0.862442
0.863511
0.859473
0.864241
0.863323
0.862133
0.862327
0.862027
0.861904
0.858785
0.861834
0.862484
0.861755
0.861935
0.862495
0.86135
0.862061
0.862169
0.86084
0.861303
0.861327
0.862203
0.862998
0.859415
0.860632
0.862256
0.861689
0.860965
0.860637
0.86349
0.862003
0.861768
0.861489
0.86116
0.860599
0.8637
0.862277
0.859971
0.860904
0.859296
0.85928
0.862699
0.860585
0.862359
0.861607
0.863097
0.861337
0.861289
0.861197
0.862419
0.862596
0.862875
0.862173
0.862268
0.862448
0.861737
0.862357
0.860766
0.862251
0.863828
0.859715
0.862571
0.859042
0.861622
0.862691
0.862076
0.860594
0.86013
0.862149
0.861477
0.863556
0.861931
0.860977
0.860956
0.862946
0.860897
0.861683
0.862694
0.860417
0.862015
0.862944
0.862487
0.861718
0.861202
0.860742
0.86234
0.859357
0.859834
0.862527
0.861917
0.862402
0.861404
0.862276
0.860993
0.861152
0.861074
0.8635
0.863156
0.861219
0.862417
0.859394
0.862748
0.861482
0.860934
0.861189
0.86007
0.863018
0.861047
0.861122
0.86132
0.861682
0.860986
0.861321
0.86173
0.861815
0.860999
0.8634
0.859472
0.861021
0.864302
0.8619
0.859984
0.861449
0.859965
0.862468
0.860194
0.863192
0.861602
0.861592
0.861304
0.862099
0.864137
0.864268
0.859835
0.861291
0.863543
0.861305
0.86093
0.860769
0.861448
0.859867
0.862307
0.86291
0.861366
0.863643
0.863603
0.86392
0.86286
0.864537
0.861558
0.860124
0.862519
0.8616
0.861186
0.861465
0.862146
0.860413
0.860001
0.862034
0.862135
0.859633
0.861884
0.862169
0.863176
0.860393
0.863612
0.86228
0.862894
0.860911
0.862192
0.862929
0.862563
0.86344
0.861005
0.862105
0.864994
0.861871
0.860338
0.865627
0.861975
0.859376
0.860452
0.861354
0.863063
0.859567
0.862438
0.85973
0.863569
0.860135
0.862984
0.861215
0.859727
0.861476
0.860124
0.862911
0.86009
0.861591
0.863083
0.864194
0.863752
0.861227
0.864703
0.86175
0.860448
0.861589
0.860941
0.862837
0.861354
0.859442
0.861435
0.860389
0.862633
0.861571
0.862953
0.860833
0.86256
0.861212
0.861704
0.861707
0.859877
0.862706
0.863215
0.862755
0.860008
0.862929
0.85841
0.859932
0.862516
0.863544
0.863812
0.862638
0.862097
0.864175
0.859505
0.863055
0.862661
0.856468
0.864148
0.860818
0.859877
0.862675
0.861383
0.864978
0.861815
0.861271
0.860647
0.863243
0.862147
0.861422
0.859693
0.861461
0.8613
0.861903
0.858709
0.863476
0.858649
0.861907
0.861478
0.861312
0.8618
0.865301
0.863026
0.862948
0.860269
0.864173
0.864339
0.860387
0.866717
0.861464
0.864218
0.860952
0.859762
0.862552
0.859813
0.862894
0.859908
0.862703
0.860854
0.862808
0.861842
0.864599
0.860388
0.860904
0.861304
0.861766
0.860798
0.863027
0.862431
0.8642
0.861751
0.864731
0.858978
0.863676
0.861832
0.861828
0.862934
0.858464
0.861589
0.859267
0.861842
0.861317
0.865045
0.860753
0.863071
0.859903
0.863422
0.862486
0.862802
0.86123
0.85946
0.861205
0.860614
0.862176
0.862304
0.864772
0.861421
0.859197
0.859752
0.860094
0.86166
0.861289
0.861339
0.861858
0.861816
0.861579
0.861097
0.863075
0.861858
0.862837
0.862456
0.862506
0.8642
0.860909
0.862334
0.860866
0.860401
0.860347
0.862603
0.860277
0.860888
0.862067
0.864488
0.860242
0.859836
0.861708
0.862588
0.860836
0.860573
0.86233
0.861687
0.865041
0.864622
0.861479
0.861373
0.86218
0.863034
0.862659
0.860756
0.86068
0.863731
0.861598
0.861505
0.860065
0.863388
0.86355
0.862584
0.860866
0.861463
0.861641
0.862594
0.860898
0.860227
0.860344
0.85965
0.86187
0.862124
0.861937
0.861839
0.859368
0.859946
0.861993
0.859053
0.860481
0.862189
0.859901
0.859969
0.860207
0.859173
0.862653
0.859597
0.86334
0.864105
0.861659
0.861294
0.861225
0.863189
0.86101
0.862613
0.862371
0.864099
0.863618
0.86384
0.862018
0.861336
0.863792
0.861641
0.860044
0.861311
0.85886
0.860823
0.860803
0.862264
0.863631
0.862139
0.860719
0.861066
0.862761
0.861023
0.861137
0.862836
0.861464
0.863644
0.862936
0.862377
0.861058
0.862964
0.861909
0.862389
0.861967
0.8636
0.8624
0.861731
0.862114
0.861208
0.860578
0.861219
0.862275
0.861393
0.862158
0.862907
0.862686
0.863351
0.863262
0.861876
0.858567
0.860013
0.860229
0.860476
0.861872
0.861832
0.860057
0.861219
0.859069
0.862393
0.861776
0.861991
0.859873
0.859651
0.863864
0.859131
0.861095
0.860393
0.863753
0.862678
0.865899
0.860814
0.865344
0.861112
0.861797
0.861976
0.86516
0.858592
0.862433
0.861245
0.859963
0.861397
0.861064
0.863026
0.862298
0.86144
0.860152
0.861118
0.863549
0.865515
0.861017
0.863972
0.860946
0.86451
0.864837
0.863406
0.862431
0.860631
0.8625
0.862617
0.859581
0.862455
0.861372
0.859667
0.861049
0.861814
0.85795
0.861668
0.86311
0.861015
0.863062
0.861239
0.861089
0.862927
0.861692
0.861121
0.865467
0.862372
0.862709
0.861191
0.861068
0.860274
0.861095
0.863277
0.86278
0.862441
0.861896
0.861685
0.859268
0.862798
0.860878
0.85952
0.861814
0.861076
0.860251
0.862346
0.863277
0.860246
0.863334
0.860652
0.862587
0.862727
0.861942
0.860901
0.86225
0.863149
0.860876
0.859986
0.864029
0.859078
0.862696
0.864862
0.86507
0.862985
0.860392
0.863018
0.862447
0.862562
0.861451
0.862223
0.861815
0.861186
0.862788
0.863629
0.859694
0.861408
0.862237
0.862586
0.864201
0.8587
0.861793
0.859455
0.860737
0.86221
0.862102
0.860462
0.861976
0.861093
0.863979
0.860686
0.861236
0.860117
0.859719
0.860967
0.863556
0.859342
0.861293
0.860203
0.860859
0.861754
0.860301
0.861913
0.861167
0.86335
0.862305
0.860842
0.860441
0.861696
0.866061
0.861646
0.861646
0.861953
0.862073
0.861533
0.862756
0.861623
0.860308
0.863978
0.864242
0.864488
0.859646
0.862803
0.86072
0.862791
0.865311
0.864759
0.862907
0.862804
0.86134
0.861343
0.86481
0.860445
0.862852
0.861005
0.860689
0.860985
0.863001
0.860084
0.862092
0.86258
0.862294
0.862111
0.862123
0.859385
0.86025
0.861696
0.861372
0.860645
0.859376
0.86253
0.860533
0.860778
0.861404
0.860098
0.862601
0.861351
0.865267
0.86196
0.862967
0.863377
0.860427
0.862867
0.862769
0.862631
0.859164
0.862086
0.86022
0.85982
0.863339
0.860193
0.860662
0.862378
0.86232
0.863349
0.860113
0.86234
0.86564
0.860579
0.864266
0.860389
0.863699
0.862609
0.862409
0.861947
0.862854
0.859736
0.859533
0.861453
0.861443
0.86136
0.862454
0.859879
0.860966
0.864366
0.862308
0.861505
0.863413
0.861813
0.860736
0.858878
0.863322
0.860576
0.859187
0.86125
0.859995
0.862716
0.861591
0.861154
0.863967
0.860822
0.862847
0.863338
0.863006
0.862228
0.862283
0.863998
0.861839
0.861172
0.860471
0.86149
0.862115
0.863343
0.861079
0.862382
0.861264
0.862909
0.860177
0.861969
0.858293
0.862846
0.863257
0.860633
0.861722
0.861357
0.863339
0.862809
0.860899
0.862132
0.86132
0.860988
0.861003
0.863441
0.859675
0.863403
0.860823
0.861786
0.863138
0.860958
0.861212
0.86161
0.861804
0.860753
0.859537
0.86137
0.861733
0.861307
0.861405
0.860996
0.863345
0.860378
0.861105
0.861884
0.864566
0.862179
0.862121
0.859709
0.864826
0.860981
0.859233
0.863643
0.862924
0.864023
0.858992
0.862255
0.864992
0.862768
0.861441
0.862408
0.858725
0.86001
0.86054
0.862082
0.862266
0.860488
0.864125
0.862549
0.86211
0.860805
0.861245
0.862422
0.86129
0.863658
0.864634
0.86162
0.862062
0.862531
0.861896
0.863819
0.857699
0.86327
0.862587
0.861538
0.863532
0.861128
0.86088
0.859109
0.858621
0.860674
0.861571
0.864503
0.859688
0.861748
0.861919
0.860198
0.862159
0.86202
0.861346
0.859428
0.859527
0.859749
0.863582
0.863279
0.861612
0.861295
0.862882
0.858468
0.861263
0.862131
0.862437
0.862801
0.863665
0.862188
0.861486
0.861111
0.860911
0.86163
0.862014
0.862274
0.859403
0.860611
0.859934
0.862125
0.862409
0.864364
0.862243
0.860576
0.863125
0.863433
0.860882
0.860822
0.860667
0.860213
0.866079
0.860885
0.861972
0.860612
0.861837
0.864471
0.86502
0.862462
0.861589
0.861587
0.858353
0.862061
0.861411
0.862042
0.862783
0.861247
0.860034
0.863293
0.86
0.862538
0.862328
0.86307
0.860676
0.861896
0.860464
0.862416
0.861703
0.863639
0.862127
0.861196
0.860903
0.863229
0.863837
0.86401
0.861183
0.864198
0.86278
0.860037
0.861278
0.863112
0.858571
0.861713
0.861237
0.858087
0.862186
0.863972
0.861237
0.85854
0.860547
0.861464
0.861814
0.861408
0.861333
0.860066
0.862502
0.862379
0.860745
0.862966
0.862464
0.862978
0.862127
0.86159
0.86294
0.86284
0.859989
0.86068
0.864156
0.862791
0.860687
0.862569
0.862555
0.862487
0.861569
0.860535
0.862258
0.860518
0.86239
0.859754
0.861269
0.861149
0.863207
0.86263
0.864837
0.861432
0.861876
0.859494
0.860426
0.861789
0.865172
0.861433
0.859626
0.861299
0.86147
0.863017
0.861006
0.85927
0.864532
0.862391
0.863051
0.861449
0.859375
0.862571
0.862025
0.863332
0.861769
0.859865
0.862956
0.863325
0.865626
0.86021
0.861336
0.862349
0.861615
0.863343
0.862686
0.862608
0.861582
0.860892
0.86217
0.8633
0.862719
0.863616
0.862143
0.862375
0.863173
0.862283
0.861886
0.861176
0.862794
0.861509
0.862633
0.860022
0.863204
0.862042
0.861377
0.863897
0.862187
0.863194
0.861737
0.86016
0.862895
0.862517
0.860875
0.862689
0.864064
0.859175
0.86207
0.86533
0.863712
0.863491
0.861645
0.862313
0.862645
0.860899
0.861121
0.860496
0.859609
0.862415
0.861539
0.860883
0.862519
0.861883
0.861468
0.859158
0.862391
0.862758
0.860139
0.862801
0.861166
0.862684
0.862089
0.865026
0.862347
0.862464
0.862258
0.861207
0.861418
0.861998
0.861247
0.86109
0.860664
0.862906
0.860234
0.860663
0.863388
0.862985
0.860722
0.863025
0.861085
0.860919
0.860959
0.862123
0.861296
0.861031
0.860648
0.859515
0.861747
0.864983
0.860945
0.86308
0.862065
0.861859
0.859466
0.863091
0.862227
0.86108
0.863593
0.8611
0.863541
0.862109
0.861761
0.862851
0.861484
0.862367
0.863135
0.86066
0.862144
0.862836
0.860116
0.864451
0.86134
0.861698
0.862201
0.862063
0.862166
0.861897
0.860762
0.86038
0.861339
0.865893
0.861165
0.859844
0.857284
0.86234
0.861398
0.863116
0.862539
0.861712
0.860244
0.862743
0.862548
0.859468
0.861505
0.860658
0.861223
0.862873
0.862172
0.861576
0.861667
0.862349
0.864514
0.858667
0.860438
0.861377
0.858186
0.86178
0.861141
0.862154
0.859605
0.861487
0.861602
0.861417
0.859171
0.860788
0.858961
0.862267
0.858913
0.859956
0.862243
0.863426
0.862016
0.863224
0.860509
0.861016
0.861823
0.860051
0.862659
0.86071
0.860035
0.86341
0.858413
0.861045
0.862431
0.860419
0.862308
0.861832
0.860101
0.862224
0.860509
0.863501
0.858951
0.862803
0.86225
0.86241
0.860786
0.861453
0.860858
0.863053
0.862966
0.861164
0.864774
0.860396
0.862171
0.862497
0.861988
0.861172
0.861568
0.862777
0.863323
0.860459
0.863219
0.863718
0.862296
0.8624
0.862101
0.862657
0.864143
0.86093
0.860662
0.863994
0.862123
0.862506
0.860985
0.860603
0.862315
0.862889
0.862608
0.861025
0.861505
0.860415
0.862789
0.861497
0.861455
0.86129
0.862903
0.861625
0.859527
0.859518
0.863971
0.861097
0.862341
0.863125
0.861882
0.86355
0.862565
0.86217
0.863776
0.864022
0.864987
0.862461
0.86234
0.862818
0.862614
0.861862
0.859824
0.862275
0.863306
0.860789
0.860113
0.861027
0.860571
0.860172
0.859882
0.863456
0.861281
0.863033
0.864542
0.862606
0.862488
0.862461
0.861101
0.862309
0.863385
0.861519
0.862613
0.859138
0.861279
0.863443
0.859822
0.861134
0.861516
0.862214
0.860998
0.862205
0.863472
0.86507
0.859312
0.86054
0.860515
0.861679
0.862442
0.864406
0.859463
0.862679
0.86003
0.862018
0.863134
0.863581
0.859745
0.861181
0.861774
0.862262
0.86249
0.866328
0.863032
0.859377
0.860999
0.86303
0.858702
0.863002
0.858869
0.863831
0.862463
0.863521
0.861386
0.863934
0.862855
0.861833
0.859893
0.862259
0.865676
0.861741
0.863902
0.861317
0.860795
0.862597
0.861492
0.861478
0.864593
0.861339
0.860082
0.862585
0.859403
0.861942
0.863983
0.862472
0.860904
0.858925
0.858885
0.862764
0.860977
0.863362
0.86227
0.860273
0.860007
0.859228
0.862442
0.860085
0.8638
0.86182
0.862247
0.859845
0.862307
0.86122
0.861702
0.860238
0.858481
0.860262
0.861381
0.860675
0.862422
0.860929
0.859517
0.86101
0.863515
0.859228
0.859142
0.863204
0.862058
0.863442
0.857417
0.861352
0.860802
0.862786
0.860092
0.862128
0.862871
0.859016
0.860017
0.86201
0.863696
0.860395
0.864001
0.861921
0.864234
0.86059
0.862957
0.860457
0.861605
0.860907
0.862029
0.860569
0.860803
0.860289
0.861864
0.861759
0.860869
0.861834
0.862945
0.860563
0.861681
0.862052
0.862579
0.862103
0.862068
0.862756
0.861619
0.861801
0.858907
0.861136
0.859465
0.863363
0.861664
0.864977
0.864715
0.863914
0.860696
0.865829
0.862115
0.860898
0.865036
0.859423
0.861678
0.864723
0.859795
0.859035
0.863673
0.86234
0.861882
0.863553
0.8595
0.862141
0.862933
0.864174
0.861662
0.858972
0.861161
0.861489
0.864041
0.86129
0.86073
0.859753
0.860809
0.861003
0.862652
0.862149
0.863975
0.863611
0.86019
0.861602
0.86242
0.860343
0.86079
0.862945
0.859933
0.860564
0.862382
0.861091
0.864015
0.864179
0.863448
0.860582
0.860981
0.862054
0.863661
0.864321
0.863181
0.863638
0.862146
0.864051
0.862555
0.863007
0.860237
0.861732
0.859978
0.860854
0.863852
0.862002
0.862553
0.861991
0.861215
0.861595
0.859804
0.862472
0.861256
0.859343
0.863199
0.861739
0.861159
0.859968
0.8605
0.861809
0.863022
0.861192
0.861356
0.861362
0.861381
0.860161
0.861459
0.859139
0.862607
0.863815
0.863418
0.862114
0.860823
0.862247
0.861476
0.859437
0.859253
0.86327
0.861683
0.864324
0.861183
0.862645
0.86076
0.863256
0.86307
0.863604
0.863498
0.860509
0.860716
0.862087
0.862847
0.86345
0.861202
0.861267
0.862699
0.861182
0.861537
0.861355
0.860257
0.860575
0.863014
0.862483
0.862754
0.861746
0.86227
0.864687
0.862097
0.863397
0.85936
0.860683
0.863107
0.863786
0.860318
0.860623
0.862505
0.862158
0.862173
0.861435
0.86062
0.860865
0.859787
0.861976
0.860197
0.86382
0.861883
0.862009
0.861845
0.861941
0.86183
0.860861
0.861949
0.862963
0.861527
0.861922
0.85888
0.861955
0.862131
0.862054
0.861015
0.861976
0.861604
0.863158
0.862904
0.861544
0.862322
0.864541
0.860615
0.862653
0.863473
0.860708
0.861644
0.864446
0.859856
0.861038
0.861143
0.860032
0.862065
0.862011
0.861429
0.862562
0.863422
0.863465
0.861888
0.860966
0.862043
0.860357
0.860475
0.863641
0.861492
0.860506
0.862387
0.860518
0.862598
0.862295
0.861334
0.86118
0.862527
0.861359
0.860473
0.862164
0.861663
0.860712
0.858941
0.861246
0.860432
0.861002
0.862767
0.861633
0.860546
0.861652
0.861912
0.863665
0.861243
0.864973
0.859855
0.861874
0.86287
0.861315
0.860099
0.861758
0.861072
0.861975
0.860468
0.862265
0.86097
0.859611
0.859002
0.863383
0.859559
0.860747
0.859237
0.861134
0.860879
0.861903
0.863277
0.861437
0.862941
0.86068
0.857993
0.861063
0.863039
0.861893
0.86246
0.862168
0.860708
0.86239
0.862492
0.862737
0.859968
0.861473
0.859612
0.862301
0.862224
0.862181
0.862265
0.860214
0.862266
0.862178
0.862456
0.861355
0.86063
0.861731
0.86399
0.862812
0.86188
0.86231
0.86069
0.860022
0.859249
0.860712
0.860661
0.862425
0.861332
0.862243
0.861417
0.861076
0.858668
0.861561
0.860702
0.86339
0.860939
0.860986
0.861233
0.860488
0.860031
0.862715
0.862637
0.861881
0.860611
0.863508
0.862277
0.863721
0.862166
0.858936
0.863079
0.859229
0.861722
0.864903
0.862458
0.861444
0.861082
0.863801
0.862542
0.862189
0.859339
0.860383
0.861956
0.861834
0.863393
0.861955
0.863082
0.861454
0.862661
0.860776
0.863321
0.863219
0.861721
0.86227
0.861528
0.859151
0.861627
0.860515
0.861845
0.862531
0.862951
0.863301
0.863566
0.862467
0.865281
0.859512
0.860155
0.860816
0.860377
0.861215
0.863871
0.85933
0.862524
0.861119
0.861872
0.86071
0.858193
0.86296
0.861287
0.863147
0.86035
0.862203
0.862125
0.862271
0.862865
0.862756
0.861247
0.859001
0.862025
0.861689
0.860229
0.860901
0.864308
0.858231
0.859612
0.861544
0.860484
0.858816
0.862488
0.862968
0.861406
0.858667
0.8597
0.859111
0.86144
0.862233
0.861474
0.861109
0.86404
0.86014
0.86043
0.861454
0.860234
0.862285
0.863355
0.862367
0.862396
0.862581
0.862743
0.860911
0.861522
0.862048
0.862861
0.860457
0.862368
0.861698
0.863014
0.862835
0.860283
0.86116
0.859668
0.861821
0.863423
0.861362
0.86123
0.862246
0.861457
0.860298
0.860679
0.863635
0.861481
0.860251
0.862839
0.862878
0.859211
0.864943
0.859518
0.861865
0.861987
0.863654
0.860973
0.859753
0.860522
0.863492
0.863975
0.86084
0.860983
0.860735
0.861857
0.858971
0.860461
0.862316
0.862371
0.862169
0.862061
0.864037
0.861132
0.863474
0.862832
0.86198
0.863039
0.86238
0.860569
0.861718
0.861438
0.863908
0.86134
0.859777
0.861535
0.863002
0.859892
0.859566
0.86068
0.862437
0.86193
0.860662
0.863356
0.861972
0.863621
0.862286
0.863222
0.863131
0.859827
0.860262
0.86432
0.861184
0.8622
0.860045
0.861089
0.859646
0.86313
0.862581
0.861319
0.863878
0.863216
0.863246
0.861354
0.86023
0.863232
0.862656
0.862448
0.862435
0.863211
0.863526
0.862424
0.865316
0.861704
0.860046
0.86271
0.862903
0.862865
0.860209
0.860906
0.862757
0.860957
0.860912
0.863063
0.864972
0.86337
0.862771
0.864753
0.863845
0.863776
0.858924
0.860775
0.862396
0.860808
0.862801
0.862959
0.86134
0.860994
0.863969
0.864265
0.860142
0.862137
0.863549
0.862637
0.863283
0.862084
0.862821
0.86192
0.861747
0.861579
0.862666
0.861323
0.861257
0.862212
0.861014
0.861153
0.861596
0.863554
0.861292
0.860475
0.863891
0.861289
0.861379
0.86291
0.863104
0.859381
0.861746
0.860013
0.862425
0.85952
0.860185
0.861039
0.859139
0.864516
0.863907
0.859855
0.860013
0.861357
0.862039
0.864806
0.862395
0.861915
0.862623
0.861917
0.864437
0.86322
0.864186
0.863387
0.8608
0.861802
0.860029
0.860307
0.863558
0.859611
0.862909
0.861392
0.860206
0.859989
0.860079
0.86193
0.860215
0.862218
0.860547
0.864463
0.861817
0.861127
0.861205
0.861854
0.860101
0.859719
0.861014
0.864142
0.861249
0.862122
0.86232
0.862317
0.862199
0.863703
0.860326
0.862925
0.861977
0.86276
0.863304
0.858945
0.859279
0.863724
0.859423
0.861337
0.861433
0.86197
0.861398
0.861007
0.862075
0.861989
0.860923
0.86324
0.862303
0.864212
0.860464
0.861824
0.861695
0.85896
0.861525
0.861281
0.861531
0.860198
0.862201
0.862203
0.860671
0.860926
0.861282
0.861592
0.85904
0.863696
0.861192
0.863681
0.862939
0.860278
0.861365
0.861518
0.864004
0.860389
0.863818
0.859097
0.861844
0.860884
0.860489
0.85861
0.86197
0.861371
0.86329
0.861546
0.86166
0.862833
0.861487
0.860938
0.861662
0.862648
0.860845
0.859956
0.86225
0.863884
0.862892
0.861969
0.862872
0.864946
0.862161
0.863262
0.860971
0.859537
0.861362
0.862292
0.86043
0.862577
0.86196
0.863069
0.863487
0.862993
0.86215
0.863712
0.862985
0.86093
0.862004
0.861728
0.859779
0.860055
0.861272
0.862052
0.861332
0.86311
0.863143
0.861918
0.861655
0.861726
0.856774
0.862115
0.860095
0.861459
0.864478
0.860278
0.862174
0.859209
0.861863
0.860082
0.859839
0.862167
0.860599
0.863434
0.862457
0.860127
0.859944
0.860177
0.861232
0.862106
0.858636
0.858647
0.859292
0.862719
0.862352
0.861464
0.859343
0.862132
0.859738
0.859534
0.860726
0.863268
0.860882
0.861345
0.862583
0.861105
0.862089
0.862003
0.86069
0.860454
0.863407
0.860848
0.864404
0.86072
0.863141
0.862657
0.862639
0.861315
0.862671
0.860333
0.861994
0.863569
0.858871
0.861623
0.861346
0.863469
0.86097
0.860584
0.861649
0.860587
0.85944
0.863573
0.859246
0.861288
0.861624
0.864038
0.864376
0.861058
0.86131
0.861503
0.859228
0.862638
0.862437
0.862572
0.862174
0.859055
0.863509
0.861614
0.863161
0.858098
0.858888
0.861327
0.860877
0.862974
0.861242
0.859844
0.859008
0.862426
0.862061
0.861471
0.861903
0.861409
0.860219
0.863541
0.861792
0.86138
0.861635
0.860364
0.863323
0.862604
0.86372
0.862296
0.861738
0.86187
0.864827
0.862154
0.862708
0.862332
0.861442
0.863072
0.860335
0.86248
0.861068
0.863161
0.86339
0.861163
0.86273
0.86501
0.86247
0.862256
0.862693
0.859927
0.86243
0.858942
0.861909
0.861345
0.860952
0.858947
0.860857
0.863122
0.861749
0.861972
0.862343
0.862411
0.861513
0.862838
0.860474
0.860714
0.862097
0.863964
0.863938
0.861473
0.861559
0.86158
0.860898
0.862693
0.863251
0.863952
0.860258
0.862898
0.865271
0.86203
0.86252
0.862265
0.861642
0.862848
0.864432
0.859431
0.860241
0.861297
0.861016
0.863151
0.861285
0.859905
0.86259
0.859588
0.862303
0.862785
0.860129
0.860866
0.860054
0.861265
0.86207
0.860339
0.862576
0.862883
0.862489
0.86392
0.860889
0.861812
0.861373
0.860167
0.861962
0.862848
0.862687
0.860986
0.863808
0.862826
0.85919
0.860864
0.863281
0.863447
0.857816
0.86423
0.860468
0.861986
0.861314
0.861535
0.862362
0.861311
0.862172
0.86171
0.863338
0.862322
0.860196
0.861877
0.860445
0.862187
0.858727
0.862816
0.861076
0.863264
0.858736
0.860998
0.857865
0.860084
0.862049
0.862054
0.863003
0.863152
0.862371
0.858291
0.862093
0.864993
0.864202
0.861663
0.860241
0.862872
0.859987
0.861178
0.862858
0.860275
0.862144
0.861693
0.861272
0.861559
0.861306
0.860169
0.86354
0.861025
0.861345
0.862638
0.862349
0.865114
0.861633
0.862009
0.862687
0.860851
0.861022
0.860442
0.860364
0.860469
0.860423
0.860362
0.863101
0.858994
0.861556
0.863482
0.860365
0.859984
0.863441
0.863216
0.859648
0.861318
0.864107
0.865607
0.863282
0.862664
0.861366
0.86327
0.862667
0.859331
0.862265
0.863905
0.862231
0.860957
0.865543
0.863493
0.862253
0.861313
0.862964
0.862192
0.863098
0.862416
0.86276
0.859923
0.862904
0.861599
0.862061
0.861826
0.859868
0.863054
0.861881
0.861784
0.860857
0.866131
0.861865
0.860074
0.864252
0.85969
0.860922
0.862819
0.862303
0.860899
0.861448
0.862599
0.862897
0.862036
0.862471
0.863452
0.860878
0.861496
0.859943
0.862752
0.862481
0.862595
0.86393
0.861355
0.862254
0.860453
0.862405
0.860014
0.863641
0.863227
0.861589
0.859594
0.86401
0.862448
0.861158
0.86422
0.861981
0.862773
0.863472
0.862404
0.862594
0.862024
0.85994
0.864868
0.861887
0.862514
0.862352
0.860288
0.862442
0.86184
0.862475
0.863441
0.86168
0.860652
0.860564
0.860765
0.861214
0.862592
0.862096
0.86285
0.859819
0.860426
0.862986
0.860882
0.861483
0.862999
0.861413
0.861603
0.861701
0.859835
0.86171
0.859667
0.860721
0.861916
0.860236
0.862614
0.860425
0.861137
0.860147
0.862193
0.862544
0.862596
0.861571
0.862141
0.862262
0.859182
0.86276
0.861829
0.861552
0.860728
0.860024
0.860297
0.863092
0.860623
0.863475
0.86229
0.863757
0.861584
0.861443
0.860074
0.861675
0.8612
0.862896
0.860602
0.862271
0.860786
0.863187
0.860417
0.863105
0.862235
0.860173
0.863096
0.862867
0.860772
0.863493
0.860664
0.860263
0.862816
0.864175
0.862436
0.860955
0.861387
0.861149
0.861356
0.862557
0.85955
0.864069
0.861417
0.860441
0.862483
0.860116
0.860457
0.861901
0.862379
0.862143
0.859902
0.860636
0.86412
0.862063
0.862903
0.861555
0.866005
0.863929
0.864209
0.860588
0.860238
0.864732
0.863808
0.859591
0.862891
0.861164
0.85943
0.861692
0.861802
0.86362
0.856964
0.864626
0.863376
0.861477
0.861331
0.859786
0.862306
0.858593
0.862248
0.863011
0.862104
0.86268
0.86066
0.86061
0.862073
0.862039
0.862077
0.85992
0.859983
0.861939
0.861617
0.859543
0.864548
0.860231
0.862145
0.861597
0.863545
0.860033
0.861328
0.860828
0.862364
0.86202
0.862012
0.863983
0.860894
0.863964
0.862073
0.861686
0.861484
0.860238
0.863585
0.862009
0.859468
0.860884
0.861297
0.860111
0.85908
0.861493
0.862207
0.861814
0.861948
0.863239
0.861845
0.862001
0.861793
0.861959
0.861589
0.860746
0.864364
0.861321
0.859138
0.863697
0.861133
0.859627
0.864469
0.86317
0.863001
0.863143
0.861874
0.860892
0.86174
0.861428
0.862767
0.861385
0.860603
0.859819
0.864361
0.862199
0.860019
0.863978
0.86266
0.860926
0.862788
0.861329
0.861639
0.860527
0.863545
0.8597
0.862986
0.863222
0.861656
0.861298
0.862156
0.86052
0.862538
0.861358
0.861819
0.861998
0.8638
0.86274
0.861491
0.86272
0.865068
0.863885
0.8607
0.860728
0.860058
0.863152
0.863499
0.859932
0.860158
0.862216
0.86406
0.861136
0.86109
0.861973
0.859741
0.864428
0.862726
0.862928
0.859855
0.861593
0.860991
0.859731
0.864866
0.86164
0.861045
0.863295
0.860943
0.86112
0.862193
0.861928
0.860996
0.860339
0.861981
0.860549
0.863102
0.861299
0.862259
0.860542
0.862088
0.860828
0.858803
0.861824
0.863094
0.864684
0.862701
0.859736
0.862816
0.860518
0.860376
0.861937
0.863769
0.865831
0.862189
0.863408
0.860463
0.85757
0.861603
0.860712
0.860873
0.861257
0.860511
0.860139
0.862963
0.863324
0.860434
0.863406
0.861967
0.863074
0.861879
0.861199
0.861314
0.860731
0.861979
0.861108
0.863176
0.862026
0.861241
0.861344
0.860331
0.864077
0.860566
0.859832
0.86404
0.859114
0.861573
0.86072
0.86038
0.862102
0.86019
0.861641
0.862445
0.859794
0.861503
0.862149
0.862287
0.861817
0.861732
0.861694
0.860625
0.862229
0.864091
0.862068
0.863006
0.863425
0.861294
0.861865
0.860753
0.860736
0.862495
0.862371
0.859069
0.86178
0.861244
0.86023
0.860474
0.860856
0.860832
0.861705
0.8625
0.864614
0.86282
0.861156
0.859318
0.862669
0.864661
0.863233
0.863299
0.861012
0.863111
0.86297
0.861645
0.862876
0.859966
0.862604
0.860561
0.85929
0.860369
0.861484
0.862989
0.862021
0.85916
0.861224
0.861625
0.861481
0.859636
0.860856
0.861735
0.86282
0.862519
0.863351
0.863249
0.863316
0.860512
0.861578
0.863009
0.861616
0.861945
0.859789
0.86269
0.86193
0.862968
0.861157
0.859099
0.863099
0.862356
0.862898
0.861423
0.861259
0.861562
0.860966
0.860723
0.860603
0.861657
0.862375
0.86295
0.860443
0.862181
0.863609
0.863838
0.862197
0.860764
0.861587
0.861975
0.862758
0.865291
0.862808
0.862284
0.862002
0.863988
0.860715
0.861956
0.862074
0.863479
0.860248
0.862225
0.858008
0.862201
0.863726
0.861717
0.862572
0.863455
0.862352
0.860622
0.859873
0.858242
0.861521
0.862145
0.862091
0.862189
0.861147
0.86014
0.860095
0.861452
0.861119
0.861661
0.864204
0.85971
0.862462
0.86254
0.861813
0.860844
0.862784
0.862404
0.859972
0.862103
0.861679
0.859944
0.859745
0.860875
0.85939
0.862577
0.862753
0.858533
0.861078
0.861168
0.863756
0.862735
0.86362
0.861734
0.862561
0.859881
0.860857
0.862981
0.864166
0.862132
0.861966
0.861481
0.862261
0.862747
0.86264
0.8606
0.861413
0.860564
0.864006
0.861325
0.861415
0.861505
0.864067
0.860436
0.862746
0.861391
0.863205
0.865393
0.86175
0.86014
0.859371
0.859597
0.860458
0.861682
0.864969
0.860953
0.860702
0.862996
0.86076
0.861799
0.863744
0.861015
0.862242
0.862518
0.861685
0.862718
0.860808
0.86089
0.861095
0.861883
0.861499
0.859695
0.863596
0.859094
0.863019
0.860261
0.862092
0.861661
0.862189
0.857589
0.860485
0.86276
0.861199
0.862266
0.862138
0.86151
0.86063
0.859545
0.859798
0.861354
0.861758
0.860977
0.860507
0.863009
0.860234
0.863981
0.860502
0.861669
0.864413
0.861912
0.862071
0.861916
0.8636
0.858776
0.862468
0.86116
0.862079
0.860902
0.860363
0.860504
0.861724
0.861844
0.862714
0.860418
0.861429
0.859385
0.860451
0.86135
0.862651
0.862171
0.860721
0.863008
0.85998
0.861996
0.863914
0.861984
0.863224
0.861842
0.862493
0.861399
0.863242
0.861374
0.862036
0.863805
0.862998
0.863952
0.861244
0.860279
0.860234
0.860287
0.861862
0.862161
0.860823
0.858359
0.861659
0.85863
0.860855
0.859759
0.861859
0.863463
0.861957
0.862486
0.861438
0.86152
0.859275
0.859074
0.862422
0.863803
0.860256
0.862404
0.861005
0.861702
0.859836
0.862929
0.861965
0.86472
0.860746
0.862526
0.860902
0.859408
0.86405
0.860223
0.862773
0.862156
0.858181
0.860483
0.861627
0.859574
0.860026
0.860391
0.862366
0.859709
0.862375
0.860319
0.858835
0.86115
0.863042
0.862771
0.862491
0.863243
0.863717
0.864371
0.862158
0.861919
0.862151
0.863919
0.860588
0.861518
0.862589
0.862453
0.864215
0.862414
0.861117
0.861497
0.863158
0.863527
0.861724
0.861184
0.859338
0.861991
0.860212
0.861089
0.862703
0.862163
0.860214
0.860786
0.857997
0.861847
0.86226
0.862227
0.861851
0.865105
0.860861
0.860774
0.861372
0.862282
0.860053
0.8619
0.862338
0.86274
0.860297
0.858076
0.861436
0.861828
0.861522
0.861208
0.861878
0.863723
0.860812
0.861579
0.863697
0.86173
0.859466
0.86232
0.861504
0.861247
0.860319
0.861872
0.861491
0.859943
0.861913
0.859687
0.861979
0.861963
0.859363
0.862762
0.862955
0.862345
0.85968
0.861291
0.863062
0.861627
0.86222
0.860512
0.864987
0.860362
0.862012
0.861827
0.862918
0.861447
0.862212
0.863347
0.86086
0.861144
0.864683
0.86121
0.860621
0.861072
0.860639
0.863252
0.862885
0.862755
0.862925
0.861704
0.862862
0.862156
0.86192
0.861395
0.862659
0.860635
0.861749
0.858381
0.861501
0.858553
0.866336
0.861916
0.859834
0.864451
0.862545
0.861118
0.858773
0.860541
0.858924
0.863182
0.860997
0.862729
0.859092
0.864669
0.859833
0.860713
0.863333
0.862964
0.864609
0.860576
0.86158
0.85894
0.859809
0.861283
0.861082
0.861955
0.860157
0.862392
0.863488
0.861493
0.861426
0.863263
0.859975
0.862132
0.858708
0.861738
0.863257
0.861601
0.861947
0.863465
0.862156
0.861455
0.861227
0.86306
0.862659
0.862105
0.862194
0.860205
0.860649
0.860201
0.862399
0.862376
0.861206
0.862524
0.859853
0.861359
0.860202
0.863094
0.86146
0.861726
0.860633
0.860544
0.861237
0.861549
0.861359
0.861322
0.861261
0.861469
0.865132
0.86246
0.86285
0.864309
0.859895
0.859311
0.862051
0.859939
0.860623
0.858731
0.862646
0.863759
0.862515
0.860963
0.860348
0.862045
0.860357
0.860789
0.862742
0.862669
0.861251
0.859669
0.860947
0.863321
0.861272
0.860436
0.864485
0.862941
0.861557
0.862812
0.861156
0.86393
0.863474
0.862357
0.863414
0.862149
0.858962
0.860844
0.862417
0.860783
0.863142
0.862758
0.861985
0.860765
0.86339
0.86274
0.862236
0.862231
0.860875
0.861408
0.86144
0.86189
0.861972
0.861906
0.861068
0.862292
0.860093
0.862479
0.863719
0.861741
0.860355
0.862778
0.862882
0.859062
0.858993
0.863787
0.858897
0.862665
0.863192
0.862266
0.862647
0.860546
0.861867
0.862522
0.862315
0.861995
0.861538
0.860659
0.86025
0.864661
0.86195
0.859563
0.861861
0.863129
0.861617
0.860056
0.85832
0.86348
0.861059
0.864662
0.861464
0.862471
0.861144
0.861809
0.862844
0.8609
0.863427
0.862566
0.86285
0.861106
0.860529
0.86172
0.859741
0.8638
0.858343
0.862123
0.859135
0.86256
0.860694
0.861366
0.861575
0.860942
0.861913
0.860405
0.858109
0.861689
0.859123
0.862393
0.861364
0.86074
0.859492
0.862926
0.85908
0.863868
0.860419
0.861961
0.862143
0.861905
0.858395
0.862587
0.864034
0.860963
0.86448
0.857985
0.865407
0.861835
0.86163
0.860592
0.861567
0.860819
0.862068
0.860846
0.862175
0.861907
0.861727
0.862514
0.860373
0.862325
0.859471
0.862746
0.861258
0.860673
0.863328
0.863356
0.860005
0.861302
0.86302
0.85876
0.862731
0.861877
0.861141
0.859434
0.859574
0.860767
0.860435
0.859503
0.861694
0.861402
0.863534
0.861603
0.860656
0.86129
0.861582
0.861826
0.862279
0.862897
0.864125
0.860804
0.860575
0.861346
0.862615
0.859298
0.862044
0.861954
0.861272
0.860082
0.862471
0.862653
0.863515
0.862247
0.861757
0.862075
0.862608
0.864227
0.864072
0.861834
0.86296
0.863674
0.862252
0.860107
0.862752
0.861024
0.862406
0.862959
0.863555
0.862917
0.861155
0.861237
0.862141
0.861916
0.861747
0.860499
0.861562
0.861409
0.863704
0.862103
0.861937
0.859699
0.859428
0.861531
0.862451
0.860907
0.860902
0.864223
0.862767
0.859197
0.862379
0.860173
0.86413
0.860881
0.861205
0.859439
0.862773
0.862854
0.861888
0.860153
0.863521
0.862103
0.861427
0.864197
0.863581
0.863228
0.860213
0.8601
0.859164
0.863484
0.862254
0.861917
0.860624
0.862131
0.862261
0.861011
0.864681
0.862447
0.861219
0.859648
0.864978
0.861958
0.860663
0.863476
0.860826
0.862065
0.861408
0.86268
0.861515
0.860898
0.860168
0.863657
0.862033
0.862847
0.861599
0.861034
0.861996
0.862108
0.862411
0.860421
0.86233
0.861412
0.858408
0.862819
0.864823
0.863284
0.8637
0.86176
0.860746
0.863284
0.863332
0.861841
0.860142
0.862582
0.86243
0.861137
0.862092
0.8612
0.862631
0.860665
0.86285
0.860969
0.863084
0.860233
0.860581
0.862824
0.859848
0.862339
0.861693
0.862872
0.859929
0.859954
0.863636
0.861029
0.863797
0.864236
0.863308
0.860896
0.861059
0.861344
0.863015
0.861983
0.860157
0.862512
0.861786
0.86251
0.862906
0.858413
0.860461
0.86125
0.861825
0.860703
0.863509
0.860558
0.861858
0.859289
0.860286
0.862866
0.860214
0.861545
0.860666
0.864799
0.861502
0.861568
0.861435
0.861197
0.860918
0.85909
0.860634
0.864468
0.862873
0.862878
0.863095
0.863854
0.861437
0.862628
0.865429
0.860715
0.861262
0.863424
0.862676
0.862824
0.863333
0.862051
0.862563
0.861806
0.86129
0.863338
0.863451
0.862512
0.859838
0.858919
0.864962
0.863659
0.862771
0.862024
0.862754
0.862641
0.86034
0.860579
0.862043
0.861414
0.861769
0.859426
0.861723
0.861358
0.862257
0.863555
0.86295
0.858618
0.861186
0.864892
0.861821
0.861947
0.858705
0.861386
0.860342
0.86109
0.861069
0.86211
0.8612
0.861533
0.864188
0.859034
0.861438
0.860824
0.864064
0.860978
0.861606
0.861701
0.861864
0.860797
0.861932
0.859605
0.861171
0.86183
0.862277
0.864106
0.861546
0.860649
0.85927
0.860345
0.862254
0.862013
0.860117
0.859101
0.862964
0.861351
0.860449
0.860655
0.860847
0.858986
0.862387
0.861116
0.859594
0.860816
0.861975
0.861665
0.861879
0.862997
0.861936
0.860875
0.861957
0.862526
0.860216
0.859638
0.860887
0.861549
0.863946
0.863778
0.863677
0.861941
0.85971
0.862825
0.861338
0.861767
0.861931
0.861134
0.860272
0.863124
0.861597
0.862726
0.863493
0.860391
0.862289
0.860479
0.861116
0.862143
0.86108
0.860684
0.861334
0.859461
0.859207
0.863691
0.863342
0.861962
0.864899
0.86283
0.860642
0.864371
0.860262
0.860943
0.86296
0.861097
0.860035
0.861637
0.862738
0.860151
0.861842
0.858256
0.860865
0.86341
0.861331
0.862483
0.860592
0.860395
0.861062
0.863615
0.863854
0.861071
0.863945
0.86166
0.863227
0.859725
0.862908
0.862576
0.861995
0.863329
0.863963
0.858718
0.861733
0.861274
0.86005
0.860427
0.859012
0.859043
0.862629
0.861734
0.861232
0.861445
0.862249
0.861628
0.861874
0.862222
0.859712
0.859336
0.859785
0.861098
0.861845
0.861571
0.86326
0.862752
0.86209
0.859954
0.862125
0.862721
0.862269
0.861369
0.860104
0.863445
0.859963
0.861406
0.864242
0.862688
0.862568
0.861149
0.862054
0.858811
0.864815
0.86091
0.861396
0.860786
0.86133
0.861596
0.863335
0.860511
0.862161
0.859653
0.861895
0.861039
0.863714
0.860979
0.860039
0.862393
0.86267
0.862441
0.862114
0.86513
0.862472
0.862753
0.861675
0.863391
0.862264
0.861432
0.861105
0.861538
0.864175
0.862361
0.863543
0.863407
0.86228
0.863636
0.861571
0.86027
0.862453
0.862959
0.861568
0.863355
0.862082
0.864363
0.861323
0.860031
0.862956
0.862745
0.860935
0.865351
0.861284
0.862468
0.863504
0.862883
0.860943
0.862684
0.861217
0.862548
0.860791
0.86176
0.861715
0.861702
0.861702
0.86013
0.862037
0.862101
0.862564
0.860052
0.86364
0.860521
0.86446
0.860532
0.859007
0.862963
0.86287
0.865405
0.862136
0.860496
0.86198
0.862708
0.859381
0.86108
0.861043
0.861607
0.862871
0.863272
0.862877
0.861555
0.86222
0.859529
0.862446
0.862834
0.860554
0.863598
0.862681
0.861186
0.860448
0.862115
0.862174
0.864616
0.862366
0.86026
0.862788
0.862034
0.862633
0.86241
0.861459
0.861025
0.860252
0.862934
0.861663
0.862434
0.862294
0.862725
0.860596
0.859802
0.864336
0.860033
0.861622
0.862057
0.863192
0.862653
0.861861
0.86267
0.860932
0.863541
0.861548
0.862709
0.861736
0.862938
0.863058
0.86394
0.860089
0.861182
0.861778
0.860504
0.861526
0.860746
0.863174
0.861671
0.863538
0.861852
0.863122
0.860189
0.860277
0.857406
0.862818
0.860731
0.861501
0.860539
0.859975
0.859837
0.860747
0.859853
0.861457
0.862482
0.86159
0.861146
0.863199
0.862772
0.861294
0.859642
0.860258
0.863473
0.862514
0.86314
0.862449
0.857705
0.858949
0.860836
0.863955
0.861749
0.862104
0.861651
0.866018
0.862413
0.862
0.861102
0.860152
0.861051
0.860808
0.86199
0.861663
0.859884
0.862482
0.863638
0.862362
0.860904
0.862613
0.86109
0.862514
0.86099
0.863
0.862816
0.861393
0.859911
0.86064
0.863995
0.863205
0.861963
0.863772
0.862565
0.861128
0.862098
0.864879
0.860667
0.862821
0.860528
0.863303
0.861172
0.862239
0.861823
0.862805
0.861464
0.864136
0.86312
0.86491
0.860105
0.862232
0.860563
0.862821
0.862252
0.858789
0.861389
0.862178
0.862706
0.863233
0.862885
0.86007
0.858766
0.862203
0.862435
0.864653
0.861572
0.860478
0.865007
0.863996
0.862842
0.860344
0.861604
0.862429
0.861761
0.863419
0.862148
0.86249
0.860589
0.861432
0.863002
0.859901
0.8613
0.863099
0.861949
0.861044
0.863094
0.861455
0.863308
0.859076
0.864522
0.861155
0.861765
0.862385
0.857962
0.862261
0.86069
0.862622
0.859738
0.863185
0.859899
0.862493
0.86116
0.859746
0.86379
0.862404
0.862101
0.860899
0.862759
0.860839
0.863514
0.862701
0.862455
0.859307
0.861723
0.860786
0.863502
0.860462
0.862109
0.862451
0.862092
0.860778
0.861882
0.861317
0.862948
0.862364
0.863035
0.864747
0.864174
0.861742
0.858663
0.861681
0.861459
0.861128
0.859505
0.863789
0.859456
0.863907
0.862919
0.860884
0.858913
0.864737
0.859806
0.861067
0.861953
0.861381
0.861463
0.860049
0.860465
0.862548
0.862
0.861534
0.865337
0.858543
0.862995
0.861554
0.863044
0.859637
0.861284
0.860839
0.861898
0.862943
0.860462
0.859654
0.860436
0.860775
0.861029
0.861399
0.860743
0.861743
0.861468
0.861789
0.861838
0.859212
0.860862
0.861613
0.863874
0.861448
0.861243
0.860678
0.860919
0.859474
0.862902
0.861895
0.858959
0.859388
0.861438
0.862122
0.864314
0.86106
0.860695
0.862774
0.862731
0.864308
0.862602
0.860902
0.86314
0.861917
0.862063
0.860658
0.861497
0.859354
0.862407
0.862306
0.859985
0.860054
0.86074
0.860253
0.861624
0.865095
0.86218
0.86171
0.861182
0.860267
0.860632
0.86089
0.86262
0.861438
0.863585
0.860482
0.858291
0.864041
0.861407
0.863754
0.863089
0.862653
0.861434
0.863104
0.861594
0.860179
0.863674
0.861825
0.864181
0.860439
0.863193
0.863753
0.861364
0.858578
0.863078
0.861219
0.860644
0.861157
0.863092
0.86221
0.859495
0.859798
0.859522
0.862741
0.860444
0.860232
0.861532
0.8637
0.863809
0.861662
0.862613
0.86096
0.864248
0.86144
0.86434
0.864016
0.863681
0.860842
0.860219
0.860171
0.859368
0.860887
0.861872
0.862234
0.860179
0.858297
0.862439
0.86084
0.859818
0.862211
0.861899
0.861345
0.862539
0.863475
0.861063
0.861735
0.861142
0.863091
0.860898
0.860098
0.864939
0.864781
0.859481
0.861832
0.863802
0.861437
0.863579
0.861828
0.862962
0.866731
0.861757
0.862895
0.859684
0.863891
0.86245
0.864867
0.860909
0.859347
0.86285
0.863283
0.861764
0.860588
0.862554
0.862602
0.861843
0.862991
0.861255
0.859841
0.861053
0.863629
0.859737
0.862807
0.859591
0.862123
0.862466
0.862304
0.859644
0.860105
0.862141
0.861525
0.862711
0.863818
0.862221
0.861936
0.86176
0.859953
0.863331
0.862768
0.861543
0.863488
0.858792
0.861181
0.862465
0.860341
0.86045
0.864569
0.859191
0.862509
0.861753
0.862225
0.860975
0.861221
0.857191
0.863456
0.859531
0.864125
0.859963
0.865664
0.860072
0.860708
0.860741
0.85975
0.861273
0.862308
0.859364
0.859401
0.862305
0.863287
0.861162
0.861523
0.861689
0.860363
0.86118
0.862425
0.862193
0.862225
0.861521
0.859922
0.86375
0.861437
0.859768
0.862867
0.863749
0.863673
0.861109
0.863746
0.860953
0.863571
0.862727
0.860703
0.860675
0.863095
0.859713
0.861412
0.864529
0.860986
0.859823
0.860915
0.861488
0.86257
0.860388
0.858947
0.862197
0.861312
0.86093
0.861848
0.858492
0.861914
0.85999
0.862112
0.86339
0.86353
0.860226
0.860108
0.864208
0.861405
0.861363
0.863097
0.862178
0.861127
0.861013
0.864813
0.862029
0.863468
0.863286
0.860952
0.860712
0.863464
0.861335
0.862603
0.865871
0.859311
0.863195
0.863185
0.860937
0.861182
0.859792
0.86101
0.862287
0.863646
0.864802
0.862379
0.862068
0.864231
0.863275
0.862639
0.861639
0.863134
0.860451
0.860774
0.863738
0.860476
0.863435
0.86215
0.861046
0.864034
0.860765
0.862408
0.861179
0.864123
0.862579
0.862465
0.861224
0.862053
0.864015
0.861495
0.862012
0.862668
0.861504
0.859828
0.860617
0.860584
0.86215
0.861254
0.860517
0.85983
0.863124
0.862424
0.862971
0.861258
0.861564
0.86078
0.860852
0.859635
0.858678
0.861466
0.86029
0.862038
0.86177
0.861893
0.863293
0.861556
0.859966
0.862136
0.861068
0.863104
0.860893
0.858735
0.860558
0.858009
0.86249
0.861988
0.860205
0.862526
0.86164
0.859881
0.861146
0.86053
0.861158
0.859936
0.861446
0.860572
0.86079
0.863535
0.86086
0.860418
0.860511
0.861538
0.860473
0.86166
0.863437
0.861401
0.862486
0.863947
0.861911
0.860402
0.862702
0.861672
0.863721
0.863142
0.863034
0.859964
0.862133
0.862908
0.864661
0.862664
0.862041
0.862488
0.863245
0.862395
0.862369
0.860939
0.862226
0.861692
0.861141
0.86178
0.864188
0.862366
0.861519
0.859932
0.861089
0.86084
0.860965
0.862299
0.861057
0.861301
0.863159
0.861727
0.864296
0.86099
0.863516
0.856945
0.862524
0.862422
0.861439
0.861006
0.857323
0.861614
0.862935
0.862167
0.859814
0.862257
0.860724
0.863289
0.862722
0.860691
0.860098
0.861928
0.859776
0.864097
0.864044
0.862527
0.860389
0.86202
0.861684
0.861059
0.861206
0.864837
0.862647
0.861841
0.862555
0.861031
0.859034
0.861141
0.861508
0.860781
0.862995
0.861613
0.864886
0.862657
0.861715
0.863115
0.860805
0.859078
0.860789
0.861711
0.86459
0.864669
0.8624
0.859427
0.860203
0.863122
0.861298
0.863906
0.863174
0.864099
0.862139
0.861759
0.861894
0.865876
0.864197
0.863371
0.864263
0.860277
0.862089
0.863921
0.862692
0.860138
0.861489
0.860649
0.862505
0.859127
0.861118
0.861176
0.860175
0.861385
0.861159
0.860947
0.858835
0.859893
0.863777
0.860681
0.8602
0.861045
0.860493
0.862102
0.864321
0.859333
0.864154
0.862814
0.861696
0.862689
0.861769
0.861124
0.860772
0.86263
0.859144
0.861353
0.860496
0.863504
0.863605
0.860922
0.86177
0.864885
0.859888
0.861106
0.862
0.863227
0.863718
0.86021
0.8613
0.862557
0.862159
0.864215
0.86121
0.861458
0.861302
0.86035
0.862365
0.861513
0.862526
0.862003
0.861085
0.862641
0.863313
0.86289
0.861826
0.860957
0.861662
0.863131
0.86229
0.861105
0.86272
0.861349
0.86394
0.860614
0.861813
0.862171
0.860075
0.863602
0.861891
0.861088
0.862308
0.862724
0.860888
0.861794
0.861787
0.862183
0.864213
0.86186
0.861878
0.861965
0.862382
0.863186
0.86345
0.860783
0.863299
0.860071
0.862828
0.863414
0.862227
0.862362
0.861579
0.859726
0.86182
0.863976
0.86121
0.860263
0.862377
0.860369
0.862032
0.863542
0.86227
0.865798
0.861859
0.861467
0.861926
0.860602
0.859477
0.862448
0.860913
0.862899
0.862712
0.860733
0.858027
0.863029
0.860398
0.862922
0.861833
0.860686
0.861639
0.861058
0.863798
0.862956
0.860869
0.859601
0.862305
0.863745
0.859465
0.862435
0.861422
0.863306
0.861353
0.861285
0.861993
0.862399
0.859461
0.860049
0.862496
0.861379
0.863917
0.861228
0.860948
0.862742
0.861689
0.862567
0.861973
0.860375
0.859634
0.864444
0.860417
0.860596
0.861305
0.860008
0.860241
0.864724
0.860472
0.861176
0.860376
0.863089
0.861734
0.862788
0.862302
0.861058
0.860052
0.862225
0.861148
0.862957
0.859621
0.862699
0.864709
0.858902
0.861953
0.860372
0.861368
0.863111
0.860081
0.862078
0.861233
0.863301
0.861383
0.86087
0.862905
0.862517
0.860083
0.860435
0.86227
0.862661
0.860949
0.861171
0.861278
0.859823
0.863011
0.861832
0.861961
0.863507
0.861565
0.859979
0.861669
0.860612
0.860466
0.861838
0.864151
0.861017
0.862704
0.859528
0.862876
0.862845
0.85997
0.86221
0.861502
0.861327
0.864518
0.864312
0.861476
0.861923
0.859213
0.862273
0.860213
0.86083
0.862258
0.859528
0.861432
0.861287
0.859396
0.86281
0.859593
0.863407
0.861557
0.861293
0.859588
0.862125
0.862832
0.860096
0.861718
0.860037
0.862046
0.861676
0.861998
0.86276
0.861726
0.862063
0.860922
0.861836
0.861767
0.861548
0.86014
0.859906
0.861887
0.861986
0.862995
0.862648
0.860108
0.859045
0.864097
0.860957
0.863801
0.860739
0.859599
0.86006
0.86581
0.863274
0.861486
0.858494
0.863673
0.859737
0.863527
0.862421
0.863818
0.862253
0.860336
0.863859
0.859066
0.864023
0.861917
0.85969
0.860574
0.859821
0.860433
0.864627
0.862373
0.862492
0.861728
0.863526
0.861445
0.862471
0.862908
0.862628
0.862151
0.862149
0.859323
0.858862
0.863591
0.860196
0.861968
0.861527
0.862263
0.861898
0.858418
0.860083
0.860506
0.862544
0.861315
0.861757
0.860609
0.861059
0.861975
0.863734
0.862451
0.85968
0.860694
0.863624
0.862083
0.862857
0.861384
0.859114
0.862265
0.862124
0.862728
0.863495
0.861162
0.863321
0.863693
0.861798
0.862856
0.859048
0.86252
0.863445
0.862803
0.861312
0.863027
0.862527
0.863688
0.862686
0.860167
0.861481
0.862185
0.860552
0.85973
0.861194
0.862567
0.861983
0.861235
0.86282
0.859951
0.860648
0.857933
0.862
0.862896
0.859892
0.860028
0.860126
0.860681
0.862387
0.862085
0.862067
0.860946
0.861349
0.861505
0.862472
0.861538
0.862857
0.863797
0.861572
0.862368
0.863104
0.862269
0.860448
0.859519
0.861609
0.862336
0.861686
0.861349
0.862852
0.861863
0.860465
0.862657
0.861879
0.865101
0.863177
0.860542
0.861268
0.85946
0.85973
0.861634
0.863635
0.862815
0.860771
0.863081
0.86531
0.86065
0.862717
0.86088
0.86262
0.860574
0.861264
0.862632
0.861905
0.861703
0.859756
0.862807
0.862314
0.861415
0.859244
0.864074
0.859759
0.862488
0.862116
0.860801
0.861058
0.862521
0.859222
0.86178
0.861421
0.86135
0.860817
0.862296
0.861614
0.862715
0.86222
0.864638
0.858802
0.86134
0.861892
0.861458
0.864438
0.864029
0.863756
0.861218
0.863602
0.861388
0.86222
0.862137
0.860493
0.860834
0.860101
0.86186
0.86106
0.862596
0.86285
0.86111
0.862576
0.861904
0.860698
0.859756
0.861217
0.861322
0.86263
0.861421
0.860267
0.861712
0.861999
0.861338
0.859291
0.859499
0.862432
0.863211
0.85923
0.861716
0.862729
0.860587
0.858696
0.860838
0.86136
0.863206
0.860682
0.861779
0.860887
0.858855
0.862317
0.860727
0.861804
0.859248
0.861686
0.863092
0.861811
0.860519
0.865264
0.861595
0.861434
0.862165
0.860382
0.860199
0.861222
0.862372
0.86066
0.862578
0.861854
0.865332
0.862148
0.861591
0.863083
0.86311
0.862717
0.862043
0.861607
0.859583
0.862672
0.862694
0.861239
0.86259
0.862753
0.859801
0.863923
0.86245
0.861715
0.861758
0.863477
0.861695
0.861294
0.861203
0.862113
0.862955
0.862928
0.862334
0.863666
0.86091
0.861732
0.860585
0.860261
0.860731
0.861849
0.861716
0.865095
0.860567
0.861021
0.864932
0.860864
0.859979
0.859013
0.860021
0.863409
0.86066
0.860151
0.859661
0.86128
0.859808
0.862684
0.865354
0.863735
0.859873
0.862725
0.861641
0.864048
0.861134
0.86036
0.863118
0.860952
0.861661
0.864386
0.862192
0.861145
0.86204
0.862157
0.86211
0.862363
0.860686
0.861345
0.860676
0.861331
0.86282
0.860568
0.85854
0.863203
0.862536
0.858832
0.859447
0.862373
0.861539
0.860852
0.861833
0.861935
0.861471
0.863572
0.860429
0.861683
0.861002
0.860107
0.860572
0.863343
0.861907
0.86116
0.859215
0.86059
0.861268
0.861672
0.859832
0.861974
0.862419
0.859222
0.860863
0.864264
0.863802
0.862421
0.862033
0.862112
0.860479
0.861651
0.862925
0.861201
0.862069
0.861999
0.859224
0.861137
0.86207
0.861325
0.863859
0.863325
0.863929
0.863493
0.861796
0.864339
0.860022
0.862704
0.864642
0.859788
0.860083
0.860875
0.862012
0.861768
0.861234
0.860925
0.859082
0.862956
0.861892
0.862045
0.862693
0.861106
0.863555
0.863695
0.860379
0.859238
0.860552
0.863746
0.863198
0.859956
0.862961
0.864279
0.860565
0.859955
0.858239
0.860794
0.86074
0.860961
0.863029
0.8579
0.863697
0.859069
0.861256
0.861592
0.861685
0.86277
0.863889
0.860188
0.861336
0.862101
0.861448
0.860341
0.861665
0.861279
0.860328
0.86274
0.862206
0.861215
0.861009
0.861368
0.861322
0.862943
0.863799
0.860818
0.862285
0.859918
0.860849
0.861393
0.862114
0.863336
0.862231
0.860901
0.86215
0.862032
0.861951
0.861465
0.858661
0.861417
0.865051
0.860867
0.864324
0.858595
0.861106
0.859433
0.862711
0.860394
0.862265
0.861621
0.863119
0.862454
0.863462
0.862374
0.860836
0.860988
0.8624
0.861333
0.859924
0.86161
0.862026
0.863083
0.862821
0.862123
0.862464
0.862435
0.860717
0.86119
0.863379
0.860181
0.860066
0.861549
0.860957
0.863717
0.862091
0.860368
0.859208
0.86133
0.86028
0.860365
0.86309
0.862344
0.862971
0.863325
0.861432
0.861462
0.86208
0.861126
0.86133
0.861463
0.863066
0.863468
0.861611
0.863543
0.859841
0.860622
0.860628
0.86175
0.859906
0.861473
0.861485
0.860323
0.861886
0.863046
0.864951
0.863924
0.862149
0.860121
0.861796
0.861331
0.862078
0.862456
0.864759
0.86032
0.858685
0.863656
0.86227
0.862312
0.860171
0.860403
0.862957
0.860525
0.86067
0.865784
0.860925
0.861507
0.864032
0.85954
0.859274
0.862898
0.860047
0.861513
0.863094
0.863631
0.862725
0.863263
0.862051
0.862893
0.859736
0.861224
0.860004
0.860402
0.859887
0.862983
0.860527
0.86358
0.862288
0.861794
0.863053
0.86045
0.859622
0.860124
0.862418
0.861442
0.862396
0.863709
0.862009
0.86272
0.862761
0.860792
0.862708
0.860652
0.861063
0.863352
0.860053
0.864554
0.860617
0.864108
0.862078
0.862269
0.862258
0.861603
0.861547
0.860106
0.860441
0.862544
0.860099
0.862139
0.858278
0.864044
0.860954
0.863009
0.859733
0.861825
0.861534
0.862204
0.863193
0.860443
0.861498
0.862594
0.860816
0.861224
0.859971
0.860811
0.860746
0.860146
0.859756
0.858897
0.862159
0.858704
0.862154
0.861392
0.862848
0.858788
0.86091
0.861493
0.860791
0.861539
0.860756
0.862185
0.860935
0.862093
0.860616
0.860434
0.861065
0.860767
0.862812
0.86238
0.863759
0.862453
0.860297
0.861256
0.862478
0.862938
0.863491
0.861037
0.862065
0.860934
0.862842
0.860914
0.861037
0.861336
0.862317
0.860871
0.863775
0.859028
0.861046
0.863007
0.859852
0.860756
0.863019
0.863217
0.862352
0.863432
0.862415
0.862439
0.861344
0.862771
0.863117
0.862666
0.860046
0.863566
0.86239
0.862889
0.860749
0.863668
0.862817
0.862477
0.863137
0.862602
0.861625
0.863343
0.861786
0.863518
0.861311
0.863762
0.861435
0.862176
0.861062
0.863567
0.862091
0.862622
0.862603
0.862646
0.860278
0.861677
0.865841
0.861265
0.860348
0.863758
0.861265
0.860902
0.861977
0.861333
0.862299
0.861386
0.861812
0.860841
0.862133
0.86461
0.861321
0.862274
0.861298
0.862417
0.861852
0.862563
0.862452
0.864463
0.861692
0.860238
0.861919
0.862534
0.860284
0.859822
0.861319
0.860838
0.862801
0.86182
0.863022
0.860213
0.860699
0.863091
0.863373
0.862209
0.860491
0.861744
0.862329
0.86273
0.861981
0.860775
0.861175
0.863032
0.861083
0.859596
0.861571
0.862542
0.861099
0.861324
0.860927
0.863868
0.862191
0.860907
0.863406
0.861267
0.862228
0.861606
0.861401
0.86142
0.861833
0.857873
0.860383
0.863608
0.864061
0.858887
0.861101
0.862573
0.860747
0.860603
0.862988
0.861454
0.860823
0.861071
0.861833
0.862777
0.860923
0.863583
0.861479
0.860759
0.860363
0.863072
0.863624
0.861285
0.861177
0.860697
0.858606
0.863181
0.864029
0.864387
0.862443
0.860389
0.861146
0.863581
0.86024
0.86355
0.861064
0.864389
0.859968
0.862329
0.863883
0.863024
0.860234
0.860331
0.861697
0.85994
0.861715
0.862347
0.862807
0.860226
0.863301
0.863881
0.863806
0.862995
0.862717
0.860227
0.86096
0.861765
0.858792
0.861843
0.862493
0.8628
0.863241
0.860859
0.859357
0.861852
0.861641
0.862586
0.862112
0.861855
0.860709
0.861471
0.86055
0.859686
0.861453
0.859095
0.860928
0.860562
0.860539
0.860392
0.860352
0.860073
0.85974
0.8623
0.862369
0.861617
0.86144
0.861254
0.863781
0.863201
0.862286
0.861241
0.862809
0.860205
0.863195
0.86222
0.862615
0.86141
0.864711
0.863729
0.860982
0.859812
0.862357
0.860799
0.860406
0.863796
0.862203
0.861391
0.861593
0.863806
0.861455
0.8628
0.860987
0.862895
0.862115
0.861731
0.861162
0.862631
0.86157
0.862189
0.860445
0.861719
0.862295
0.860717
0.862134
0.862358
0.864815
0.864125
0.861124
0.860941
0.860009
0.862482
0.860725
0.860836
0.862698
0.860839
0.85942
0.862381
0.860857
0.86178
0.858142
0.861234
0.86081
0.861978
0.860723
0.864042
0.861802
0.860465
0.862278
0.86398
0.86037
0.86014
0.862012
0.862476
0.86281
0.860678
0.861887
0.861904
0.86103
0.864383
0.862056
0.861912
0.860414
0.86309
0.862948
0.862969
0.863028
0.862606
0.862133
0.861607
0.859974
0.863624
0.863109
0.862839
0.86136
0.85746
0.860817
0.863452
0.859576
0.862254
0.863769
0.860253
0.862685
0.863049
0.861026
0.863526
0.862338
0.861958
0.860353
0.860997
0.864694
0.859859
0.861881
0.860103
0.862405
0.865044
0.860951
0.859425
0.86088
0.861816
0.85816
0.859803
0.860469
0.860949
0.862099
0.862144
0.859811
0.86415
0.861817
0.859251
0.866045
0.861294
0.864336
0.861878
0.859092
0.860097
0.861116
0.862081
0.862227
0.860922
0.864337
0.861986
0.863906
0.860365
0.860501
0.863305
0.859446
0.862841
0.862758
0.86175
0.861748
0.862868
0.86401
0.860692
0.86118
0.860122
0.861141
0.863065
0.860982
0.864261
0.864531
0.86087
0.863104
0.86403
0.862715
0.861382
0.861255
0.860484
0.864035
0.862571
0.864108
0.860568
0.861558
0.862365
0.860884
0.861751
0.861499
0.862124
0.862679
0.862065
0.859271
0.86171
0.860775
0.861162
0.860927
0.860482
0.861277
0.860846
0.860985
0.863739
0.862572
0.860973
0.860339
0.863002
0.863281
0.861683
0.861782
0.86399
0.861962
0.862388
0.858956
0.861471
0.859529
0.861702
0.86159
0.862209
0.863064
0.860145
0.86209
0.859915
0.860455
0.863033
0.863739
0.862515
0.861572
0.862131
0.860171
0.863723
0.862404
0.861372
0.860174
0.861615
0.861602
0.861005
0.862751
0.86041
0.860799
0.859049
0.862446
0.861373
0.862256
0.860619
0.862178
0.861294
0.86044
0.862658
0.861715
0.862338
0.859502
0.860999
0.861563
0.862406
0.860539
0.861134
0.861876
0.861273
0.858077
0.860585
0.861857
0.863117
0.86257
0.862892
0.860772
0.861796
0.859021
0.860905
0.861016
0.861606
0.862449
0.861466
0.863196
0.860957
0.860862
0.860834
0.862147
0.860881
0.863485
0.863488
0.864652
0.864282
0.863803
0.858259
0.860685
0.859501
0.864906
0.863558
0.863499
0.86267
0.859561
0.861721
0.861549
0.860785
0.863226
0.858463
0.861993
0.864154
0.860155
0.860906
0.861683
0.864869
0.86098
0.862773
0.863976
0.862563
0.858676
0.861859
0.862276
0.861598
0.859201
0.861566
0.862855
0.861524
0.861598
0.862928
0.862117
0.862824
0.863506
0.858996
0.862206
0.860177
0.862135
0.859443
0.863068
0.860789
0.863474
0.862384
0.862331
0.861612
0.861011
0.86316
0.860529
0.862785
0.862252
0.861063
0.861464
0.86366
0.857074
0.863179
0.859783
0.86136
0.861593
0.862669
0.861286
0.861947
0.85949
0.861543
0.863982
0.863979
0.8626
0.86059
0.861385
0.860826
0.861359
0.862244
0.863718
0.86257
0.862617
0.862329
0.8586
0.85894
0.86161
0.858818
0.86258
0.864701
0.861999
0.860998
0.862051
0.861593
0.860858
0.862795
0.862553
0.861303
0.862983
0.860075
0.861393
0.862543
0.861744
0.860146
0.862235
0.86246
0.861255
0.862241
0.862531
0.861343
0.860226
0.860293
0.86231
0.863207
0.863968
0.859427
0.861934
0.862062
0.86295
0.862721
0.861796
0.864251
0.860559
0.862727
0.860832
0.862105
0.860295
0.860174
0.862149
0.862092
0.860675
0.861706
0.861814
0.861124
0.861564
0.862092
0.86179
0.861996
0.859467
0.860533
0.859185
0.860843
0.863021
0.863525
0.863777
0.862346
0.8639
0.860232
0.860597
0.861879
0.860747
0.864861
0.862369
0.861559
0.861568
0.859945
0.862978
0.862143
0.862798
0.863295
0.862907
0.863978
0.861496
0.8614
0.861834
0.860615
0.861434
0.863548
0.861773
0.861256
0.862121
0.860963
0.859374
0.861317
0.861612
0.860576
0.860834
0.861012
0.862975
0.862004
0.861837
0.859978
0.860249
0.860827
0.85954
0.860451
0.862202
0.862595
0.859918
0.861483
0.864029
0.861826
0.865281
0.86153
0.861308
0.860678
0.860569
0.864204
0.862367
0.864132
0.860491
0.861751
0.858432
0.862893
0.860125
0.860614
0.860493
0.862617
0.859783
0.860173
0.860199
0.863394
0.859467
0.861259
0.86394
0.861564
0.861737
0.859194
0.861661
0.86119
0.863829
0.862728
0.861468
0.861911
0.861072
0.859328
0.860217
0.861653
0.862653
0.864571
0.864362
0.859752
0.86103
0.862576
0.865217
0.858362
0.860467
0.863471
0.859781
0.859133
0.862687
0.859426
0.858552
0.860191
0.861595
0.860438
0.862132
0.858537
0.861942
0.862589
0.861455
0.864916
0.86089
0.862486
0.861619
0.860638
0.860749
0.861438
0.861855
0.862688
0.863399
0.861859
0.863713
0.86174
0.862672
0.860556
0.862461
0.860593
0.860923
0.863416
0.861311
0.861058
0.860472
0.862432
0.862936
0.862529
0.861437
0.859084
0.864079
0.862333
0.862179
0.861983
0.861808
0.863825
0.860956
0.861381
0.862456
0.863266
0.862663
0.858723
0.862868
0.864073
0.862284
0.864493
0.862939
0.861282
0.861429
0.862116
0.861315
0.861193
0.86023
0.862628
0.86211
0.863247
0.862366
0.861427
0.861363
0.863067
0.861696
0.862663
0.860358
0.861046
0.861781
0.861273
0.861592
0.863147
0.860982
0.863347
0.86165
0.863996
0.862004
0.860249
0.861263
0.862132
0.864364
0.862522
0.859644
0.861406
0.862154
0.860785
0.859897
0.860603
0.86034
0.861637
0.861083
0.863366
0.863489
0.859479
0.859539
0.861537
0.86166
0.864286
0.861185
0.860811
0.86078
0.861338
0.864204
0.862895
0.859989
0.862198
0.862784
0.86373
0.863494
0.861068
0.863556
0.860971
0.859941
0.86263
0.860126
0.862159
0.863439
0.861781
0.859553
0.863165
0.861449
0.861334
0.861112
0.860758
0.862964
0.862521
0.860723
0.861911
0.862516
0.863894
0.860613
0.860643
0.862175
0.86162
0.862748
0.861394
0.86361
0.861006
0.862775
0.860727
0.86288
0.862097
0.860551
0.862386
0.860276
0.864141
0.860835
0.863226
0.861118
0.86183
0.860132
0.862032
0.86234
0.862844
0.860071
0.861646
0.861716
0.861574
0.861323
0.863643
0.862551
0.859512
0.860887
0.863953
0.861905
0.862476
0.861793
0.862562
0.862255
0.860097
0.861816
0.859974
0.861414
0.862831
0.857463
0.862131
0.860504
0.861796
0.85981
0.861637
0.860994
0.862528
0.860661
0.862066
0.858745
0.861047
0.859929
0.859543
0.863421
0.862542
0.860336
0.86079
0.862928
0.860692
0.862389
0.85743
0.862335
0.86464
0.863232
0.862072
0.862208
0.86071
0.863433
0.862288
0.859578
0.862656
0.86114
0.861507
0.86256
0.86296
0.859461
0.862773
0.86171
0.861153
0.864258
0.862183
0.861347
0.861971
0.860711
0.862563
0.860139
0.862194
0.861825
0.861612
0.861285
0.862953
0.861326
0.860825
0.861803
0.861805
0.858298
0.858592
0.861453
0.859926
0.861988
0.863098
0.861974
0.860226
0.861229
0.860518
0.862094
0.862702
0.862879
0.860487
0.860933
0.860164
0.858903
0.863226
0.860508
0.859821
0.860742
0.861204
0.861694
0.861095
0.858852
0.859862
0.862376
0.862996
0.862395
0.860182
0.862208
0.860944
0.862678
0.859746
0.863797
0.861723
0.860714
0.862289
0.860326
0.862542
0.860407
0.859559
0.860033
0.862588
0.861844
0.861538
0.861509
0.867259
0.86065
0.861199
0.862739
0.861665
0.863284
0.861383
0.859883
0.858643
0.862777
0.861267
0.862526
0.863012
0.86092
0.863173
0.863035
0.859541
0.861313
0.863334
0.861091
0.860956
0.862474
0.862878
0.862963
0.864759
0.861148
0.86098
0.861406
0.860583
0.861021
0.861055
0.864112
0.860058
0.860161
0.862051
0.861845
0.861526
0.864095
0.864978
0.862077
0.861969
0.863575
0.861086
0.860906
0.861376
0.861329
0.861761
0.863725
0.863322
0.859958
0.861596
0.863553
0.861507
0.861197
0.862735
0.861217
0.863381
0.860242
0.860995
0.863692
0.8635
0.859489
0.862754
0.861362
0.859531
0.861838
0.861941
0.858836
0.860943
0.861716
0.860699
0.861989
0.859426
0.864137
0.858478
0.862374
0.862015
0.862749
0.862752
0.86146
0.864222
0.863392
0.862472
0.860149
0.861609
0.863821
0.862607
0.860058
0.8622
0.862745
0.863984
0.861883
0.859703
0.859532
0.860401
0.861348
0.860073
0.861295
0.862462
0.861332
0.862596
0.858582
0.861673
0.861507
0.861936
0.861367
0.85928
0.862289
0.860462
0.8641
0.859541
0.862082
0.860547
0.861495
0.859814
0.862788
0.862094
0.862186
0.862467
0.859715
0.85983
0.86099
0.860413
0.861615
0.861137
0.862565
0.860844
0.861917
0.859694
0.863143
0.85904
0.859358
0.862062
0.861866
0.861326
0.862766
0.863139
0.861585
0.861233
0.862247
0.860585
0.86348
0.863671
0.860962
0.861365
0.863868
0.862077
0.861477
0.861139
0.861341
0.864353
0.862532
0.862304
0.858607
0.860625
0.862654
0.863654
0.862089
0.860686
0.859611
0.862067
0.861368
0.859155
0.861657
0.863226
0.861572
0.860096
0.862587
0.859898
0.862362
0.862956
0.86207
0.862683
0.861253
0.861014
0.861902
0.861875
0.860617
0.86473
0.863585
0.859587
0.862162
0.863989
0.864011
0.858878
0.85756
0.860891
0.86332
0.862361
0.861918
0.86373
0.863341
0.863164
0.860251
0.861234
0.862773
0.862218
0.860637
0.862248
0.860624
0.862013
0.861543
0.861838
0.860813
0.861706
0.863713
0.861434
0.86354
0.861438
0.862442
0.861706
0.862423
0.859892
0.861421
0.863148
0.864475
0.862725
0.861961
0.86201
0.861699
0.863976
0.861974
0.86029
0.862094
0.862683
0.859958
0.860943
0.863292
0.862157
0.863812
0.862249
0.860614
0.863175
0.858244
0.859887
0.861508
0.860815
0.863039
0.860759
0.862054
0.861774
0.862658
0.863247
0.861259
0.861802
0.862602
0.861331
0.860509
0.863174
0.862912
0.861737
0.860859
0.864149
0.861374
0.86051
0.863672
0.861214
0.864203
0.861407
0.858708
0.862124
0.864281
0.863617
0.861062
0.86345
0.863257
0.861038
0.862055
0.86301
0.860341
0.861915
0.861033
0.861862
0.864484
0.861275
0.862577
0.861278
0.859431
0.86412
0.860503
0.861951
0.860204
0.863923
0.859444
0.860263
0.862696
0.861723
0.860741
0.862675
0.863301
0.863559
0.860235
0.860855
0.862607
0.861836
0.862098
0.861914
0.862462
0.863866
0.864612
0.860848
0.862575
0.863754
0.86252
0.860709
0.864155
0.861284
0.865249
0.864265
0.86199
0.863172
0.863661
0.860284
0.860914
0.861353
0.862054
0.863244
0.862746
0.86013
0.859442
0.863555
0.861427
0.861493
0.860244
0.861534
0.861937
0.860069
0.85958
0.860695
0.861189
0.863534
0.86356
0.862302
0.860597
0.860171
0.861947
0.862492
0.863808
0.861735
0.861335
0.86325
0.863087
0.862539
0.862529
0.862734
0.861607
0.863368
0.862524
0.862031
0.860316
0.860924
0.863266
0.863704
0.860996
0.859989
0.860956
0.861101
0.862853
0.864085
0.863771
0.860128
0.862129
0.86082
0.860619
0.860647
0.862589
0.862708
0.862668
0.861754
0.861898
0.859314
0.862149
0.862246
0.863659
0.862149
0.860498
0.859903
0.859917
0.862146
0.861253
0.861655
0.863353
0.861864
0.862942
0.862696
0.861324
0.860489
0.862811
0.862053
0.859938
0.861226
0.860123
0.860173
0.860345
0.861127
0.861907
0.860782
0.860662
0.860504
0.85937
0.860537
0.862416
0.860265
0.860096
0.864503
0.861013
0.86182
0.862299
0.860822
0.85996
0.860514
0.864535
0.862053
0.861957
0.859985
0.860609
0.861445
0.86217
0.858904
0.858922
0.862442
0.862585
0.862396
0.863464
0.861033
0.861837
0.862617
0.862194
0.862506
0.862794
0.861731
0.86078
0.862954
0.861011
0.862954
0.860308
0.862047
0.861845
0.860589
0.86152
0.861323
0.86359
0.862536
0.862292
0.859885
0.860458
0.860736
0.860968
0.860963
0.861046
0.863515
0.860861
0.862341
0.861977
0.860157
0.862458
0.859621
0.863881
0.858135
0.864642
0.859061
0.860397
0.863152
0.862377
0.860404
0.86158
0.860856
0.859382
0.858221
0.863446
0.862762
0.861431
0.860222
0.861254
0.860823
0.859898
0.862525
0.859054
0.862491
0.861759
0.863062
0.861786
0.862462
0.862396
0.863716
0.863012
0.861076
0.861995
0.861766
0.858751
0.862047
0.8588
0.861128
0.86413
0.860717
0.86045
0.862934
0.863876
0.863113
0.860805
0.859217
0.860987
0.861417
0.860144
0.862569
0.859809
0.862309
0.862693
0.860764
0.863333
0.862211
0.863326
0.861314
0.861463
0.860295
0.860238
0.858658
0.862064
0.861576
0.863239
0.861402
0.861576
0.864392
0.860073
0.864956
0.860926
0.859703
0.862137
0.862625
0.861822
0.864304
0.860487
0.863849
0.859701
0.862606
0.863927
0.864065
0.862733
0.861477
0.862797
0.862977
0.862265
0.863945
0.863442
0.859888
0.861604
0.86156
0.862249
0.863869
0.860358
0.859376
0.861611
0.860698
0.861366
0.858538
0.860099
0.862434
0.862529
0.859816
0.86186
0.860903
0.860469
0.86177
0.859606
0.864293
0.862084
0.862018
0.860972
0.861805
0.862475
0.860213
0.862044
0.861531
0.864177
0.863694
0.862429
0.860729
0.863658
0.86115
0.863051
0.86014
0.861286
0.859567
0.86321
0.861287
0.862323
0.862582
0.86113
0.860509
0.861463
0.860341
0.860384
0.862113
0.860784
0.86077
0.862932
0.863453
0.860647
0.864544
0.860309
0.862003
0.863225
0.861261
0.863135
0.86257
0.861346
0.861207
0.860599
0.861658
0.864369
0.86331
0.86223
0.860726
0.860305
0.861952
0.861366
0.862375
0.862658
0.862415
0.86067
0.86377
0.865422
0.861394
0.86227
0.86099
0.861257
0.862461
0.860654
0.862658
0.860896
0.86152
0.861767
0.85943
0.857861
0.862496
0.861882
0.861548
0.85989
0.863114
0.861495
0.859951
0.862576
0.86041
0.860569
0.862222
0.859623
0.861476
0.860556
0.861916
0.861058
0.862226
0.862122
0.861517
0.860672
0.859319
0.862325
0.861412
0.862756
0.859857
0.861344
0.858212
0.862971
0.860721
0.861248
0.86258
0.8626
0.86103
0.861347
0.861427
0.865829
0.861002
0.863917
0.860888
0.86246
0.85808
0.859976
0.863492
0.863555
0.861177
0.863764
0.860889
0.86417
0.862478
0.862348
0.860654
0.860909
0.8604
0.861131
0.861075
0.862392
0.860208
0.863567
0.861833
0.860984
0.8629
0.862106
0.860954
0.860783
0.862614
0.861541
0.862556
0.859719
0.861214
0.862561
0.860595
0.861592
0.862667
0.862644
0.862547
0.861935
0.861415
0.862457
0.863683
0.859822
0.860903
0.862753
0.860263
0.863675
0.860689
0.861807
0.861033
0.861381
0.861441
0.859948
0.863097
0.862615
0.862247
0.861423
0.860809
0.861057
0.85978
0.860965
0.862582
0.860261
0.862524
0.863631
0.860746
0.861321
0.861384
0.864047
0.863564
0.86101
0.86175
0.862027
0.859027
0.861768
0.860507
0.860467
0.862429
0.861362
0.862473
0.862391
0.862553
0.861224
0.859457
0.862543
0.85911
0.863212
0.860797
0.861394
0.862015
0.862273
0.863233
0.863199
0.86173
0.861614
0.86042
0.861766
0.8598
0.860659
0.863111
0.861434
0.861521
0.862465
0.861014
0.861779
0.863072
0.86106
0.862205
0.85911
0.857443
0.859888
0.860505
0.861043
0.860994
0.860257
0.863534
0.861393
0.862386
0.859555
0.862983
0.863694
0.859528
0.860714
0.861141
0.861944
0.862603
0.862582
0.86119
0.861353
0.86344
0.861672
0.863095
0.859746
0.860189
0.860726
0.862463
0.858301
0.859909
0.860251
0.863119
0.862847
0.863019
0.861192
0.86123
0.862867
0.86522
0.861095
0.861601
0.864448
0.86292
0.862216
0.863607
0.858547
0.862835
0.861647
0.862868
0.862644
0.865667
0.864135
0.859952
0.860646
0.861441
0.863769
0.862404
0.859743
0.85959
0.863218
0.860831
0.861923
0.862312
0.860155
0.863373
0.861071
0.863171
0.861677
0.86348
0.859426
0.86054
0.863
0.858424
0.860493
0.864286
0.863589
0.862777
0.863415
0.86479
0.861315
0.86115
0.858786
0.85995
0.863617
0.86206
0.859239
0.862251
0.863696
0.861716
0.857821
0.862757
0.862396
0.862649
0.859744
0.863366
0.863102
0.861314
0.862977
0.862552
0.861965
0.864188
0.863437
0.860984
0.863095
0.862292
0.862352
0.861439
0.864029
0.860871
0.86009
0.860708
0.862867
0.861308
0.860334
0.863105
0.860912
0.862983
0.863131
0.861456
0.861793
0.863536
0.86366
0.861659
0.861961
0.862051
0.862535
0.860007
0.864194
0.860285
0.861606
0.860249
0.862331
0.860928
0.862081
0.862335
0.859913
0.862444
0.861872
0.862689
0.861628
0.859585
0.862329
0.862945
0.860936
0.863068
0.860577
0.861921
0.862106
0.861365
0.859969
0.862821
0.862796
0.861009
0.860534
0.862995
0.859115
0.861323
0.863049
0.860801
0.862919
0.86223
0.863121
0.861999
0.86327
0.862255
0.85853
0.86219
0.861913
0.859819
0.862914
0.860427
0.861181
0.861324
0.860769
0.863826
0.862736
0.861139
0.861192
0.863091
0.861177
0.86045
0.861687
0.861954
0.860944
0.862562
0.862987
0.86323
0.861696
0.862989
0.862088
0.86129
0.860182
0.861723
0.86271
0.861026
0.86113
0.859627
0.861194
0.862823
0.862115
0.859144
0.861036
0.862516
0.8633
0.862053
0.864184
0.861572
0.860607
0.856954
0.861216
0.861747
0.862406
0.863533
0.860373
0.861334
0.862593
0.85915
0.862659
0.862312
0.860351
0.859934
0.863495
0.86158
0.861019
0.863156
0.862597
0.861107
0.860302
0.863275
0.860773
0.860191
0.862199
0.862761
0.860554
0.861057
0.862574
0.860521
0.862869
0.860962
0.861636
0.860654
0.860522
0.860627
0.861956
0.862217
0.864095
0.863214
0.860217
0.862263
0.860508
0.860216
0.863754
0.861735
0.860251
0.861483
0.862377
0.860257
0.863037
0.863228
0.858639
0.860011
0.862593
0.861325
0.863477
0.85985
0.864405
0.860956
0.863674
0.862469
0.860948
0.86401
0.862673
0.862076
0.860122
0.859984
0.860442
0.863301
0.863793
0.86171
0.86284
0.860957
0.861131
0.864878
0.860678
0.862179
0.861108
0.860299
0.859426
0.860935
0.8622
0.86205
0.861655
0.861626
0.861676
0.865073
0.860414
0.861924
0.862264
0.863942
0.864665
0.862143
0.862631
0.860937
0.862183
0.860171
0.861334
0.864408
0.860486
0.861394
0.863409
0.864842
0.863072
0.860964
0.862816
0.858929
0.859582
0.862313
0.862999
0.862863
0.862553
0.860101
0.858143
0.863625
0.86393
0.864246
0.861388
0.860991
0.859771
0.862646
0.861537
0.861869
0.860683
0.862483
0.859135
0.863499
0.858424
0.859702
0.861023
0.86243
0.861679
0.860793
0.862347
0.858994
0.863612
0.861379
0.859253
0.85938
0.863038
0.862556
0.86154
0.859841
0.862613
0.857228
0.864669
0.860416
0.860691
0.861066
0.860615
0.858808
0.863202
0.863586
0.860651
0.860743
0.863128
0.864125
0.860765
0.863761
0.861032
0.861643
0.859709
0.862913
0.864136
0.862737
0.862488
0.86038
0.864774
0.862383
0.862832
0.862915
0.864124
0.86294
0.86484
0.862274
0.86213
0.863215
0.86095
0.861202
0.861225
0.861762
0.860699
0.861209
0.86299
0.862321
0.861952
0.859646
0.858976
0.861995
0.86274
0.861
0.862455
0.864342
0.863387
0.858618
0.859933
0.860925
0.864717
0.860311
0.862266
0.865353
0.864717
0.863562
0.859596
0.860546
0.864926
0.862806
0.863184
0.862408
0.861177
0.860042
0.864887
0.86394
0.859888
0.864383
0.86068
0.860855
0.863686
0.862142
0.863362
0.86322
0.86447
0.864014
0.858455
0.862587
0.861121
0.860863
0.862499
0.864038
0.863017
0.863362
0.860436
0.860955
0.861285
0.862764
0.861043
0.861875
0.860701
0.861861
0.859955
0.859816
0.86049
0.862139
0.860918
0.864891
0.861502
0.861261
0.862296
0.857724
0.859845
0.863607
0.863065
0.861426
0.862695
0.864265
0.862406
0.86013
0.861531
0.860335
0.861608
0.862473
0.860642
0.862394
0.861388
0.861128
0.861801
0.862353
0.862942
0.862477
0.859216
0.862041
0.862154
0.862032
0.863796
0.863207
0.860719
0.862541
0.863128
0.861878
0.859579
0.860539
0.861449
0.862264
0.862094
0.860854
0.859792
0.860059
0.861449
0.861679
0.862416
0.862263
0.862475
0.861349
0.860314
0.859998
0.860801
0.8629
0.862974
0.859999
0.859669
0.861726
0.862871
0.861289
0.862123
0.86324
0.860822
0.859934
0.863934
0.860219
0.861629
0.862428
0.862268
0.862344
0.861971
0.863375
0.860412
0.861675
0.861305
0.862134
0.861707
0.860447
0.86109
0.860148
0.861682
0.862576
0.862663
0.859633
0.859196
0.86329
0.86123
0.862837
0.861838
0.860924
0.857154
0.860609
0.859283
0.859689
0.865438
0.859713
0.864097
0.862616
0.860845
0.864142
0.859194
0.863663
0.862502
0.862839
0.861212
0.863123
0.861799
0.862882
0.861863
0.860544
0.861187
0.861969
0.859004
0.86376
0.861899
0.863682
0.861577
0.858846
0.85971
0.861389
0.863519
0.858947
0.864659
0.860671
0.859202
0.86059
0.861404
0.862924
0.861687
0.86094
0.861881
0.863115
0.861632
0.861274
0.863212
0.862644
0.862054
0.860183
0.859259
0.860901
0.861312
0.862078
0.859659
0.858403
0.862756
0.862803
0.860371
0.863341
0.860807
0.864024
0.862191
0.860454
0.860639
0.861141
0.86198
0.860618
0.865135
0.861496
0.860832
0.863248
0.860532
0.861174
0.862812
0.86332
0.86251
0.860756
0.859715
0.861394
0.863274
0.860236
0.865608
0.862805
0.86485
0.863801
0.861306
0.862028
0.859461
0.859729
0.860967
0.862592
0.863595
0.861895
0.861368
0.862079
0.862993
0.860306
0.861665
0.862227
0.862976
0.862375
0.861623
0.860228
0.862841
0.862177
0.863857
0.862681
0.863266
0.862014
0.861685
0.862179
0.861539
0.864846
0.860736
0.861506
0.859614
0.862775
0.860978
0.862453
0.861114
0.861386
0.861123
0.862535
0.861228
0.861535
0.861607
0.860409
0.861672
0.86412
0.861543
0.862434
0.861051
0.860743
0.862053
0.860481
0.86313
0.862245
0.862969
0.86256
0.863467
0.862685
0.861964
0.862051
0.86269
0.863018
0.862059
0.859902
0.861601
0.862002
0.862981
0.860673
0.862389
0.862515
0.862597
0.860174
0.863069
0.862541
0.860994
0.859562
0.861194
0.862984
0.859448
0.858984
0.861783
0.863085
0.862153
0.861389
0.860178
0.8622
0.860881
0.8617
0.859594
0.863023
0.858716
0.86001
0.86202
0.859619
0.861164
0.860758
0.861899
0.861302
0.862189
0.863213
0.862023
0.862765
0.859637
0.861632
0.85889
0.862003
0.86072
0.863224
0.861722
0.862621
0.862345
0.862188
0.862409
0.862587
0.862741
0.8641
0.863818
0.86191
0.859163
0.863224
0.861674
0.862611
0.860043
0.86411
0.862637
0.860455
0.862088
0.864826
0.86211
0.859645
0.861724
0.861166
0.861703
0.861718
0.862332
0.858944
0.858298
0.861797
0.86429
0.863156
0.861516
0.858403
0.86252
0.858593
0.861681
0.861418
0.861025
0.862643
0.861429
0.863029
0.860811
0.859298
0.858502
0.861122
0.861143
0.861994
0.859056
0.860817
0.862645
0.861625
0.863902
0.860907
0.864041
0.860572
0.861512
0.862532
0.861209
0.861331
0.860936
0.862073
0.859312
0.862144
0.860157
0.861875
0.863131
0.862608
0.861466
0.858661
0.861301
0.864604
0.863005
0.861472
0.864199
0.862076
0.861277
0.860331
0.862642
0.86495
0.863391
0.858759
0.862065
0.864302
0.860753
0.862006
0.861662
0.857888
0.861885
0.860244
0.859352
0.861287
0.861453
0.863101
0.862629
0.863179
0.86232
0.862713
0.863155
0.861168
0.860969
0.862244
0.861997
0.861268
0.863113
0.860946
0.861405
0.859554
0.858937
0.862667
0.861948
0.862255
0.860968
0.860903
0.861029
0.860623
0.862504
0.862866
0.860135
0.861886
0.861518
0.86155
0.863634
0.860579
0.862376
0.860232
0.859065
0.859729
0.86275
0.862504
0.861487
0.862879
0.860619
0.863311
0.860907
0.860945
0.861875
0.860793
0.862425
0.861953
0.864599
0.862577
0.863945
0.861025
0.860366
0.863993
0.860729
0.862761
0.863514
0.862117
0.861992
0.86317
0.862833
0.863649
0.86037
0.859461
0.861681
0.861432
0.862593
0.861221
0.861873
0.863054
0.861117
0.862088
0.862346
0.859141
0.859296
0.863112
0.863941
0.862334
0.861446
0.860023
0.86395
0.86011
0.860574
0.862823
0.861508
0.861086
0.864434
0.860435
0.862212
0.86168
0.861714
0.860673
0.864792
0.860454
0.860064
0.864441
0.862205
0.860514
0.862458
0.862322
0.861089
0.862947
0.861988
0.859042
0.857528
0.863173
0.860161
0.860182
0.862619
0.857724
0.861386
0.859796
0.859609
0.862404
0.862999
0.862746
0.859841
0.862135
0.85974
0.862504
0.862856
0.859739
0.862002
0.858861
0.863626
0.861363
0.862373
0.862325
0.859873
0.862337
0.863508
0.866028
0.862
0.862819
0.863261
0.863814
0.8612
0.862119
0.861835
0.861921
0.860978
0.865672
0.86086
0.861407
0.863584
0.8632
0.861256
0.861131
0.862133
0.863549
0.861445
0.862773
0.862049
0.862761
0.862208
0.864317
0.863732
0.863469
0.859956
0.863593
0.862703
0.860628
0.859204
0.861674
0.858
0.865409
0.862754
0.862665
0.86192
0.86208
0.859363
0.861122
0.862775
0.86061
0.859662
0.859785
0.86204
0.861636
0.86276
0.862565
0.863426
0.860542
0.861985
0.864109
0.862889
0.862599
0.858811
0.86276
0.86072
0.861118
0.861947
0.85968
0.864314
0.863842
0.861119
0.864916
0.863583
0.862249
0.861226
0.860966
0.862884
0.861507
0.86131
0.862946
0.862013
0.86281
0.861759
0.858911
0.86231
0.863805
0.862468
0.861175
0.863659
0.862316
0.862722
0.858199
0.861939
0.859153
0.862394
0.858166
0.860533
0.861339
0.864037
0.858331
0.8613
0.861157
0.86291
0.864028
0.862226
0.861953
0.860663
0.861371
0.863135
0.863919
0.861942
0.863159
0.861592
0.860956
0.859247
0.860308
0.86142
0.861227
0.861255
0.861003
0.861799
0.863378
0.861406
0.862302
0.866575
0.86182
0.862445
0.860471
0.861826
0.861955
0.862335
0.861894
0.860513
0.865431
0.861402
0.86058
0.860636
0.861969
0.861998
0.86166
0.862512
0.859998
0.861944
0.860247
0.862692
0.863014
0.858753
0.861897
0.862959
0.861005
0.861313
0.86208
0.863569
0.862144
0.863167
0.858855
0.86257
0.863757
0.861462
0.862808
0.863727
0.864619
0.860698
0.861092
0.862877
0.86128
0.860761
0.862047
0.862804
0.863135
0.863542
0.861768
0.859162
0.862276
0.860855
0.861961
0.862394
0.862868
0.860557
0.860267
0.859412
0.861107
0.86246
0.860926
0.861136
0.865083
0.861486
0.861193
0.861993
0.860217
0.86134
0.859027
0.865294
0.861242
0.860976
0.861782
0.861296
0.861317
0.863224
0.862911
0.860356
0.86445
0.860707
0.861683
0.863593
0.862864
0.862648
0.861245
0.864388
0.865269
0.860667
0.864372
0.864058
0.863503
0.860717
0.862769
0.86174
0.859006
0.860774
0.86483
0.86231
0.861026
0.861317
0.861133
0.861239
0.862431
0.863853
0.862842
0.858761
0.861581
0.86335
0.86319
0.862338
0.859894
0.864151
0.86207
0.8626
0.861157
0.861029
0.861607
0.860945
0.861612
0.860076
0.860885
0.863667
0.864189
0.859421
0.861004
0.861243
0.861815
0.862209
0.858499
0.863416
0.861743
0.856468
0.860553
0.861623
0.863028
0.860383
0.860353
0.86133
0.861414
0.863632
0.86183
0.861497
0.860327
0.863001
0.863343
0.859925
0.862143
0.862208
0.861276
0.863339
0.861672
0.861617
0.861885
0.862123
0.861796
0.859631
0.860809
0.862557
0.860763
0.857947
0.860492
0.86221
0.858051
0.863349
0.863537
0.862617
0.862316
0.862554
0.8612
0.86274
0.860366
0.86026
0.862844
0.858888
0.861829
0.861851
0.861302
0.861722
0.862611
0.860787
0.85925
0.863543
0.859889
0.861442
0.861555
0.863699
0.862772
0.860807
0.864673
0.863508
0.862316
0.86254
0.863819
0.86183
0.861176
0.864942
0.863018
0.861999
0.861625
0.862115
0.860558
0.861678
0.862274
0.862254
0.863957
0.862325
0.862349
0.860258
0.863989
0.862102
0.860402
0.863368
0.861019
0.86107
0.862185
0.862768
0.86147
0.859397
0.862295
0.860674
0.860635
0.864294
0.862207
0.862278
0.862876
0.862123
0.859945
0.858873
0.863854
0.862194
0.86551
0.860325
0.863021
0.860231
0.861049
0.86337
0.863495
0.859656
0.86241
0.863757
0.863783
0.863498
0.860666
0.860882
0.861669
0.862581
0.863931
0.863922
0.863529
0.860995
0.861459
0.860941
0.859119
0.863873
0.863266
0.860757
0.862202
0.861358
0.862536
0.861115
0.859647
0.864938
0.862413
0.862696
0.863031
0.860614
0.862515
0.861149
0.861027
0.85908
0.862055
0.862382
0.864896
0.860544
0.864461
0.861446
0.862409
0.860599
0.860267
0.863742
0.86118
0.860322
0.862332
0.862612
0.860876
0.859933
0.864831
0.862625
0.860983
0.861398
0.862266
0.860904
0.863408
0.861337
0.86329
0.860158
0.861727
0.860616
0.86089
0.859285
0.86007
0.859518
0.862014
0.863374
0.862784
0.865442
0.861861
0.861832
0.861872
0.862634
0.862673
0.85855
0.85939
0.862522
0.863184
0.860258
0.863397
0.859845
0.861706
0.864235
0.86249
0.861491
0.862676
0.862306
0.860466
0.860817
0.861577
0.864007
0.861806
0.863331
0.861511
0.862913
0.862826
0.858467
0.862624
0.862376
0.857076
0.860018
0.862358
0.86266
0.861677
0.860581
0.861487
0.863541
0.862022
0.860773
0.86311
0.86312
0.861373
0.862488
0.861956
0.860729
0.864001
0.859377
0.863185
0.861501
0.86083
0.860864
0.862369
0.860296
0.863132
0.861497
0.862559
0.862056
0.863921
0.861515
0.86229
0.86166
0.863742
0.862581
0.860491
0.861153
0.85972
0.862761
0.86306
0.859858
0.86273
0.86222
0.859637
0.860488
0.859164
0.860045
0.861115
0.861986
0.86246
0.861779
0.860844
0.865045
0.86111
0.861212
0.862447
0.861951
0.860596
0.861645
0.862705
0.858581
0.863214
0.862074
0.86051
0.864108
0.860009
0.861108
0.862118
0.860717
0.860626
0.860488
0.863134
0.860043
0.86156
0.861739
0.861832
0.862588
0.861922
0.860548
0.863352
0.86488
0.866148
0.861496
0.856471
0.864006
0.859583
0.863218
0.862122
0.860744
0.861189
0.859298
0.862415
0.863454
0.859438
0.860042
0.861987
0.860218
0.863368
0.860361
0.861568
0.85969
0.862712
0.863698
0.858615
0.86159
0.861051
0.860952
0.859479
0.863829
0.862944
0.864049
0.858915
0.862027
0.864072
0.86413
0.862074
0.859866
0.862059
0.861667
0.8613
0.863253
0.862515
0.860715
0.862131
0.864336
0.859642
0.861339
0.86026
0.860289
0.862014
0.860344
0.860312
0.86243
0.864278
0.860769
0.860204
0.860352
0.861698
0.862069
0.861659
0.859892
0.862993
0.862976
0.860808
0.862942
0.862657
0.861796
0.861434
0.862645
0.862033
0.861035
0.862156
0.861369
0.861597
0.862189
0.860944
0.861396
0.860696
0.862966
0.861923
0.862602
0.859799
0.859966
0.860196
0.860549
0.865806
0.863436
0.860409
0.859297
0.861372
0.863631
0.859117
0.862992
0.860798
0.861544
0.862593
0.860966
0.860221
0.857689
0.860982
0.864682
0.862064
0.861461
0.86054
0.860665
0.860811
0.860547
0.860484
0.862103
0.859119
0.862246
0.863939
0.861762
0.864847
0.866124
0.862697
0.862221
0.862001
0.860202
0.862575
0.859173
0.862221
0.86511
0.865821
0.861919
0.862267
0.863719
0.861689
0.864894
0.861178
