1424.42 0.828378 0.000966738
1778.29 0.82641 0.0010822
1384.65 0.826527 0.00106849
1356.5 0.826833 0.00102994
1805.52 0.828878 0.00104893
1436.63 0.829568 0.00107615
1810.59 0.831717 0.00105531
1452.69 0.829719 0.00109099
1632.76 0.832132 0.00109604
1408.5 0.830004 0.00108506
1445.59 0.829489 0.00108129
1483.41 0.828011 0.00106077
1418.66 0.828758 0.00108053
1435.57 0.827666 0.00108496
1393.97 0.829458 0.00108465
1445.56 0.831686 0.00106504
1373.44 0.829003 0.00106776
1358.36 0.828555 0.00108395
1350.53 0.826275 0.00106866
1471.81 0.829512 0.00108608
1437.87 0.829274 0.00109228
1429.62 0.826869 0.00103062
1346.2 0.828448 0.00106398
1482.19 0.832172 0.0010854
1818.79 0.826297 0.00106059
1394.48 0.830088 0.00108862
1399.42 0.826602 0.00106779
1454.01 0.828889 0.00108126
1497.99 0.827015 0.00107632
1485.63 0.826915 0.00106929
1466.82 0.828265 0.0010837
1382.33 0.829067 0.00108056
1485.29 0.828112 0.00102699
1398.62 0.828591 0.00107289
1484.26 0.829993 0.00109505
1433.49 0.831177 0.00107054
1437.1 0.830112 0.00108571
1496.41 0.829817 0.00109018
1362.95 0.831612 0.00113315
1486.05 0.828267 0.00110747
1600.41 0.827632 0.00109788
1430.9 0.83027 0.00107014
1434.04 0.830853 0.00106548
1530.02 0.828861 0.00107825
1395.34 0.826386 0.00107363
1505.94 0.826355 0.0011061
1402.25 0.824474 0.00110427
1470.07 0.829048 0.00112589
1374.75 0.825666 0.00107542
1595.22 0.825659 0.00108106
1862.51 0.826201 0.00108709
1420.95 0.829256 0.00110558
1490 0.828481 0.00105803
1584.45 0.831339 0.00107524
1605.84 0.825065 0.00106815
1386.91 0.828892 0.00107516
1511.5 0.829789 0.00107107
1423.17 0.827137 0.00105902
1519.76 0.824745 0.00105149
1373.6 0.828142 0.00106614
2083.71 0.826014 0.00106917
1429.94 0.826852 0.00107621
1555.84 0.832238 0.00109676
1616.54 0.831966 0.00113404
1287.36 0.828461 0.00108003
1734.44 0.827471 0.00109018
1548.49 0.830266 0.00106203
1431.06 0.827483 0.00106757
1482.54 0.827132 0.00105909
1604.13 0.825754 0.0010547
1631.37 0.830034 0.00107914
1797.17 0.824384 0.00107507
1381.53 0.827977 0.00106537
1323.85 0.827981 0.00108634
1461 0.829648 0.00106494
1581.74 0.829248 0.00108297
1543.2 0.82982 0.00104655
1492.03 0.830978 0.00106801
1423.06 0.827621 0.00107271
1982.71 0.828202 0.0009567
1484.61 0.831292 0.00107298
1489.64 0.83032 0.00105447
1506.69 0.829241 0.00102618
1513.43 0.825739 0.0010751
1391.93 0.827965 0.0010827
1496.33 0.826674 0.0010744
1481.26 0.82985 0.00107007
1481.89 0.830719 0.0010364
1799.6 0.825694 0.00107331
1470.96 0.829975 0.0010716
1367.56 0.828336 0.00107531
1504.87 0.830068 0.00107271
1470.07 0.829175 0.0010815
1438.22 0.829197 0.00114
1560.44 0.827121 0.00108875
1421.6 0.828472 0.00109258
1665.81 0.82857 0.00107457
1677.62 0.828338 0.00106093
1737.62 0.830096 0.00105685
1485.03 0.829586 0.00107465
1379.51 0.826107 0.00109908
1548.94 0.831877 0.00109159
1604.43 0.825522 0.0010267
1642.33 0.829607 0.00104079
1384.48 0.828473 0.00106482
1422.33 0.826936 0.00108581
1639.82 0.827315 0.00106609
1485.6 0.829933 0.00107376
1439.21 0.827486 0.00107072
1358.08 0.827282 0.00105799
2021.95 0.825641 0.00106838
1722.44 0.828853 0.0010719
1425.09 0.826927 0.00107686
1562.43 0.832966 0.00108255
1470.22 0.827451 0.0010853
1301.83 0.827758 0.00105363
1357.25 0.828367 0.00104646
1506.41 0.830615 0.00103675
1430.48 0.826137 0.00102577
1443.64 0.826886 0.00102416
1440.61 0.829928 0.00108426
1305.57 0.827828 0.00107957
1455.96 0.827932 0.00103326
1409.31 0.828334 0.00110033
1422.85 0.826947 0.00108621
1511.94 0.827453 0.00109486
1486.78 0.830404 0.00109136
1544.36 0.829955 0.00104052
1443.67 0.829439 0.00106846
1426.48 0.828583 0.00108887
1523.45 0.830791 0.00107835
1487.61 0.830257 0.00107647
1624.81 0.824055 0.00105396
1521.88 0.832123 0.00105989
1404.33 0.828522 0.00108076
1562.72 0.829499 0.00104185
1460.58 0.82759 0.000961144
1383 0.827862 0.00108881
1384.51 0.828622 0.00108513
1504.03 0.828109 0.00108075
1466.47 0.830411 0.00108882
1259.84 0.8284 0.000986142
1674.99 0.831871 0.00102144
1781.7 0.82951 0.00108332
1362.88 0.828052 0.00108575
1352.99 0.829774 0.00108402
2122.19 0.825588 0.00108303
1580.6 0.826317 0.00107431
1712.99 0.82563 0.00104341
1458.1 0.827076 0.0010037
1428.98 0.826787 0.00108877
1449.04 0.828899 0.00106709
1446.68 0.828485 0.00106182
1484.19 0.83131 0.00108337
1409.17 0.82958 0.00107919
1552.05 0.830549 0.000880437
1554.17 0.830769 0.00106952
1437.1 0.827756 0.00107324
1386.13 0.829945 0.0010672
1529.59 0.829128 0.00106761
1386.57 0.826815 0.00108126
1515.85 0.828431 0.00106754
1551.98 0.828481 0.00108821
1448.93 0.828262 0.00109906
1380.85 0.830365 0.00107547
1848.89 0.833518 0.00109186
1728.85 0.826931 0.00101537
1433.74 0.828257 0.00107871
1448.45 0.827771 0.00107768
1643.29 0.828425 0.00108054
1642.88 0.82996 0.00104969
1393.2 0.830858 0.0010377
1563.64 0.829015 0.00107203
1668.17 0.825095 0.00107493
1471.78 0.830881 0.00106776
1564.78 0.826104 0.00109407
1682.88 0.827361 0.00104734
1436.42 0.826023 0.00108909
1746.13 0.830673 0.00105812
1617.75 0.826964 0.00105088
1745.2 0.832056 0.00108414
1835.51 0.824857 0.0010826
1467.83 0.828951 0.00105724
1655.53 0.827517 0.00107094
1600.12 0.825795 0.00107401
1602 0.829311 0.0010806
1601.48 0.828102 0.00107689
1826.45 0.83295 0.00101078
1488.84 0.826819 0.00110178
1459.95 0.829429 0.00105218
1555.68 0.830459 0.0010814
1438.13 0.827439 0.00100606
1529.26 0.827792 0.00111046
1456.78 0.82908 0.00106941
1470.4 0.831397 0.00107764
1417.16 0.830048 0.00104638
1491.99 0.826672 0.00107765
1710.15 0.830433 0.00109004
1513.79 0.829707 0.00110011
1424.34 0.829263 0.00110363
1461.05 0.828347 0.00107616
1442.99 0.831035 0.00108343
1723.39 0.826918 0.00104027
1345.78 0.827907 0.00108201
1420.81 0.827115 0.00108283
1430.57 0.830604 0.0010813
1398.87 0.82844 0.00106931
1599.83 0.829413 0.00105693
1558.07 0.827299 0.00108155
1681.83 0.831306 0.00108862
1483.41 0.831795 0.00107668
1408.44 0.828508 0.00106771
1494.92 0.830663 0.00107917
1372.45 0.826526 0.00106393
1547.06 0.831122 0.00108476
1389.45 0.828199 0.0010649
1412.21 0.825623 0.0010628
1571.69 0.83185 0.00111896
1483.83 0.82662 0.00107981
1512.68 0.826845 0.00104505
1497.35 0.83093 0.00108565
1505.64 0.830178 0.00107988
1335.23 0.827828 0.00106295
1437.4 0.827157 0.0010829
1694.4 0.833655 0.00108159
1486.57 0.825267 0.00106951
1352.06 0.82794 0.00109329
1584.29 0.82635 0.0010507
1513.76 0.828974 0.00106379
1503.69 0.830169 0.00106412
1459.92 0.829914 0.00108123
1590.88 0.828284 0.00107743
1471.17 0.82736 0.00110363
1516.98 0.826225 0.00106852
1648.38 0.827789 0.00110343
1658.34 0.825712 0.00105198
1550.57 0.827023 0.00107108
1436.84 0.82992 0.00109316
1613.31 0.830626 0.00108702
1452.03 0.828953 0.0011014
1331.49 0.828091 0.001042
1353.24 0.829211 0.00108852
1412.75 0.828589 0.00107808
1468.66 0.824738 0.00108748
1387.52 0.827637 0.00104152
1610.88 0.831174 0.00106443
1478.38 0.827291 0.00107472
1369.51 0.829539 0.00106866
1423.81 0.830247 0.0010886
1488.8 0.829366 0.00107385
1561.09 0.826848 0.00105694
1394.42 0.830311 0.00110253
1437.42 0.82766 0.00107307
1663.92 0.831039 0.00109781
1858.93 0.828702 0.00105506
1367.94 0.82808 0.00111199
1737.2 0.826734 0.000961621
1684.24 0.827142 0.00105022
1536.96 0.829305 0.00105423
1417.6 0.827409 0.00102378
1506.67 0.828054 0.00105655
1376.25 0.827087 0.00106992
1882.02 0.830509 0.0010652
1437.83 0.827107 0.00107134
1527.66 0.829808 0.00107424
1573.99 0.828433 0.00107956
1386.16 0.826731 0.00108014
2035.38 0.830413 0.00107315
1371.08 0.828185 0.00108232
1458.77 0.826459 0.00108224
1536.38 0.828628 0.00107019
1507.14 0.829728 0.00105684
1560.4 0.830887 0.000990119
1495.59 0.828593 0.00109131
1574.33 0.828975 0.00107491
1421.21 0.828373 0.00108507
1508.98 0.830541 0.000978506
1453.64 0.826838 0.00105339
1888.74 0.828925 0.00108966
1455.82 0.829981 0.00110905
1262.49 0.828184 0.00105503
1473.79 0.828886 0.00104898
1475.73 0.828901 0.00109591
1534.02 0.829142 0.00108108
1535.36 0.826665 0.00104667
1592.43 0.829052 0.00107956
1402.99 0.826134 0.00107936
1490.9 0.829657 0.00107049
1465.07 0.827101 0.00107138
1479.82 0.826218 0.00104477
1501.12 0.826232 0.00106411
1368.88 0.827846 0.00101904
1566.62 0.828646 0.00102337
1510.87 0.828215 0.00109063
1362.06 0.827712 0.0010658
1443.27 0.828255 0.00109569
1417.66 0.827781 0.00106776
1582.31 0.828118 0.00107272
1452.75 0.82831 0.00107873
1402.84 0.82986 0.00107554
1468.3 0.82713 0.0010805
1384.81 0.82976 0.0010631
1361.02 0.828369 0.0010866
1371.05 0.827309 0.0010471
1430.16 0.831583 0.00108029
1671.43 0.83046 0.00107544
1470.61 0.830484 0.00107963
1816.83 0.831117 0.001072
1910.51 0.825338 0.00106571
1515 0.828555 0.0010699
1533.59 0.827752 0.00108356
1420.96 0.827363 0.00102714
1460.99 0.828926 0.00104613
1468.34 0.830927 0.0010696
1530.58 0.825349 0.00108516
1381.24 0.828829 0.00103632
1371.69 0.829532 0.00107259
1348.61 0.830452 0.00108247
1462.93 0.830606 0.00109319
1521.22 0.830491 0.00103639
1338.56 0.828738 0.00107539
1289.67 0.830639 0.00107636
1452.27 0.828123 0.00107233
1642.8 0.825815 0.00105607
1469.95 0.827036 0.0010872
1442.68 0.830428 0.00106209
1524.64 0.829124 0.00107121
1466.28 0.828554 0.00101202
1676.71 0.828687 0.00107408
1632.36 0.828104 0.00108475
1698.19 0.829553 0.00107851
1420.17 0.827533 0.00109501
1445.78 0.825148 0.0010671
1507.8 0.832441 0.0010759
1672.43 0.828899 0.00103544
1399.75 0.831329 0.00107344
1367.4 0.829727 0.00109005
1453.15 0.830556 0.00107574
1366.63 0.827611 0.00107599
1415.19 0.828647 0.00106825
1817.76 0.830399 0.00109876
1700.37 0.826246 0.00104988
1561.03 0.829333 0.00113786
1585.22 0.82817 0.00104111
1396.34 0.827952 0.00107925
1585.92 0.827993 0.00107507
1448.42 0.827062 0.00104592
1500.78 0.831753 0.00104837
1491.24 0.826183 0.00110283
1637.31 0.829425 0.00108013
1609.64 0.824208 0.00106426
1457.41 0.827403 0.00103831
1442.92 0.827712 0.00107357
1452.41 0.828535 0.00109048
1467.65 0.832407 0.00109918
1392.52 0.825787 0.00107808
1356.76 0.828394 0.0010701
1356.98 0.830057 0.00109678
1362.68 0.829051 0.00105333
1485.14 0.826759 0.001068
1582.72 0.828286 0.00108894
1530.11 0.829333 0.00108302
1573.59 0.830502 0.00110059
1433.56 0.828739 0.00102083
1408.78 0.828342 0.00107624
1637.85 0.827911 0.0011061
1350.15 0.83051 0.00108613
1456.55 0.830349 0.00109837
1445.94 0.827923 0.00106545
1582.15 0.827801 0.00106586
1486.77 0.827426 0.00106081
1502.32 0.830569 0.00107399
1715.48 0.832193 0.00107634
1428.61 0.828718 0.00104452
1516.09 0.830778 0.00103734
1396.12 0.828028 0.00106835
1460.59 0.828428 0.0010388
1402.8 0.828781 0.00106713
1607.67 0.827829 0.00109139
1687.22 0.827851 0.00104399
1416.36 0.829544 0.000987609
1815.03 0.832159 0.00110723
1495.03 0.83098 0.00108295
1330.76 0.826476 0.00106575
1365.63 0.827226 0.00105096
1539.86 0.829564 0.00106085
1448.86 0.827903 0.00107995
1568.75 0.827271 0.0010882
1479.92 0.825833 0.00107231
1721.85 0.826755 0.00108455
1619.84 0.829012 0.00109624
1519.31 0.827443 0.00108063
1495.27 0.829236 0.00102356
1377.45 0.830243 0.00106965
1535.16 0.831375 0.00108903
1524.87 0.828718 0.00114412
1361.04 0.827728 0.00109562
1372.51 0.828179 0.0010551
1516.89 0.828721 0.00106823
1539.27 0.828984 0.00104412
1479.28 0.82796 0.0010582
1488.26 0.828493 0.00109999
1398.95 0.829291 0.00105035
1458.6 0.829443 0.00104413
1656.82 0.827515 0.00107026
1402.88 0.828329 0.00108136
1350.26 0.828737 0.00107292
1458.09 0.828166 0.00107795
1377.78 0.827214 0.00106807
1518.67 0.830427 0.00110711
1386.26 0.828724 0.00106529
1899.9 0.829496 0.00112475
1374.59 0.829795 0.00108421
1514.34 0.829817 0.00110194
1526.59 0.827144 0.00108582
1451 0.828822 0.00101433
1586.22 0.832329 0.00103258
1563.69 0.830602 0.00109837
1315.69 0.828893 0.001074
1578.23 0.830032 0.00107139
1558.41 0.827521 0.00106387
1365.49 0.827896 0.00108588
1440.79 0.82706 0.00108086
1448.93 0.829046 0.00107086
1504.14 0.82987 0.00106711
1396.07 0.829516 0.00109403
1516.49 0.8303 0.00105118
1540.58 0.829451 0.00106457
1770.93 0.830801 0.0010671
1528.48 0.828635 0.00105646
1344.31 0.828871 0.00108674
1370.99 0.826998 0.0010794
1463.49 0.828667 0.00107244
1460.78 0.826147 0.000907983
1470.14 0.827792 0.00106557
1575.75 0.826247 0.00110705
1894.58 0.832693 0.00108946
1536.03 0.829856 0.00108893
1480.64 0.829876 0.00106637
1459.48 0.829669 0.00103471
1456.05 0.829091 0.00109463
1497.8 0.828496 0.00110313
1393.9 0.82816 0.00112426
1265.61 0.827918 0.00113512
1418.23 0.828541 0.0010365
1412.24 0.829662 0.00105983
1560.4 0.828407 0.00109945
1573.42 0.827166 0.00106479
1368.73 0.828999 0.00107518
1492.08 0.826432 0.0011037
1445.16 0.829025 0.00106399
1491.28 0.825555 0.00106948
1854.8 0.829499 0.00109013
1591.19 0.829393 0.00108231
1606.04 0.829446 0.00112945
1587.33 0.828733 0.0010594
1324.01 0.830842 0.00102212
1353.97 0.829992 0.00108386
1512.34 0.831444 0.00108273
1620.32 0.825507 0.00103917
1442.91 0.829515 0.00108389
1391.04 0.82858 0.00106822
1507.77 0.829199 0.00110321
1473.56 0.827792 0.00107554
1410.81 0.827681 0.00107991
1506.94 0.829123 0.00106956
1477.13 0.829994 0.00106221
1495.08 0.826673 0.00103956
1748.6 0.826266 0.00106666
1399.8 0.828151 0.00111153
1478.55 0.826082 0.00107184
1634.2 0.832124 0.00110388
1368.71 0.830263 0.00106922
1457.69 0.83056 0.00112374
1696.43 0.831973 0.00107753
1388.22 0.827608 0.00104535
1648.77 0.828069 0.00110663
1492.16 0.827944 0.00107856
1575.53 0.825851 0.00105857
1515.47 0.825862 0.00109093
1512.92 0.830554 0.00104952
1384.35 0.8298 0.00109007
1365.21 0.830134 0.00107271
1546.45 0.831507 0.00108645
1543.99 0.826431 0.00101008
1413.46 0.827901 0.00103426
1569.42 0.828037 0.00102014
1439.34 0.827794 0.00105661
1475.59 0.829631 0.00108643
1538.06 0.827544 0.00104208
1469.74 0.826475 0.00106016
1734.8 0.830309 0.0011056
1398.21 0.827245 0.00106548
1597.26 0.83023 0.00103575
1428.75 0.829276 0.00111437
1440.13 0.828617 0.00108177
1569.95 0.830472 0.00109745
1494.37 0.82922 0.00105638
1355.46 0.828335 0.00107061
1557.58 0.829666 0.00105782
1415.57 0.831135 0.00105585
1574.48 0.829929 0.0010701
1420.84 0.829008 0.00102799
1367.84 0.829751 0.00108081
1527.91 0.828709 0.00110292
1368.41 0.827538 0.00110098
1463.86 0.826676 0.00108363
1368.27 0.827027 0.00107431
1311.3 0.828798 0.00110937
1495.92 0.828855 0.00107889
1519.38 0.825812 0.00105544
1451.23 0.829709 0.00101685
1539.83 0.828654 0.00107664
1583.77 0.830173 0.00109462
1364.61 0.826791 0.001098
1475.28 0.828809 0.0010793
1496.51 0.825104 0.00110508
1469.04 0.828081 0.00109998
1536.12 0.8269 0.00108699
1440.96 0.826517 0.00108761
1627.83 0.8297 0.00106469
1416.02 0.830115 0.00105562
1447.12 0.829698 0.00109361
1457.47 0.829245 0.00106918
1728.66 0.827901 0.00105403
1582.33 0.830231 0.00105337
1813.37 0.830505 0.00107588
1473.25 0.828162 0.0010662
1676.44 0.828545 0.00112136
1605.8 0.82608 0.00107477
1509.62 0.829057 0.00106677
1478.12 0.828186 0.00106708
1488.17 0.828551 0.00107712
1496.15 0.829239 0.00108859
2324.27 0.832041 0.0010792
1494.43 0.827011 0.00109002
1448.17 0.828105 0.0010819
1696.04 0.827451 0.00107599
1356.92 0.828414 0.001022
1439.65 0.827387 0.00103756
1542.21 0.830235 0.00108918
1545.04 0.829463 0.00110179
1367.32 0.828803 0.00108368
1755.55 0.827535 0.00107837
1587.01 0.82812 0.00110689
1290.7 0.827697 0.0010879
1422.93 0.829248 0.00105672
1402.23 0.829114 0.00106683
1603.19 0.827872 0.00103662
1534.51 0.826002 0.00107412
1588.12 0.825584 0.00106837
1327.3 0.828717 0.0010786
1457.01 0.829389 0.00101365
1431.74 0.827848 0.001065
1357.27 0.827204 0.00106658
1527.47 0.828956 0.00107192
1402.86 0.827853 0.00108535
1393.06 0.829226 0.00103623
1459.11 0.82842 0.00110596
1500.72 0.830625 0.00107766
1521.91 0.827794 0.00107223
1385.64 0.82933 0.00106842
1587.07 0.826107 0.00109463
1470.37 0.828412 0.00109116
1373.69 0.826365 0.00107464
1528.13 0.828569 0.00108259
1409.05 0.830302 0.00109155
1529.08 0.829139 0.0010801
1749.45 0.828662 0.00106517
1301.46 0.826622 0.00106733
1423.28 0.827293 0.00107828
1326.84 0.828653 0.00107515
1335.43 0.829001 0.00108724
1631.49 0.827487 0.00107671
1464.52 0.828357 0.00103637
1368.9 0.828468 0.00107832
1354.11 0.829958 0.00108626
1452.37 0.826377 0.0010576
1530.9 0.826035 0.00107291
1448.72 0.829476 0.0010827
1641.11 0.827648 0.00107813
1427.67 0.825995 0.0010769
1518.64 0.826299 0.00108997
1707.05 0.829184 0.00110981
1607.63 0.827137 0.00107254
1597.07 0.828706 0.00108081
1495.04 0.828815 0.00107367
1428.67 0.830416 0.00114008
1501.48 0.8277 0.00107426
1287.74 0.828357 0.00107108
1474.12 0.829008 0.00111023
1528.87 0.830035 0.00109754
1603.58 0.830987 0.00107653
1399.63 0.827664 0.00107581
1648.71 0.829519 0.00107628
1419.74 0.830127 0.00106119
1501.49 0.827838 0.00108761
1874.14 0.825337 0.00107887
1297.36 0.828302 0.00105435
1465.32 0.827698 0.00107282
1661.64 0.828974 0.00106013
1817.64 0.826015 0.00104074
1410.29 0.825999 0.00106493
1597.56 0.829402 0.00108268
1415.65 0.830867 0.00107028
1550.69 0.828484 0.00103638
1574.21 0.826079 0.00107365
1358.97 0.829287 0.00101056
1525.41 0.830801 0.00108974
1450.03 0.827326 0.00108248
1838.6 0.830114 0.00107594
1346.71 0.827724 0.00104341
1380.88 0.82822 0.0010139
1347.53 0.829803 0.00107696
1540.04 0.827169 0.00112053
1634.52 0.825042 0.00107425
1528.84 0.830704 0.00101531
1640.75 0.828399 0.00109929
1638.48 0.830155 0.00106658
1462.08 0.828964 0.00108299
1536.43 0.826551 0.00106845
1435.71 0.827949 0.0010902
1570.11 0.826598 0.00103624
1498.4 0.831818 0.00109227
1367.62 0.829688 0.00107294
1366.15 0.82672 0.00106468
1491.08 0.828687 0.00108284
1507.77 0.829275 0.00107973
1497.34 0.827257 0.00107443
1759.19 0.829404 0.00107553
1654.73 0.827338 0.00107211
1473.29 0.828459 0.00104154
1395.7 0.829081 0.00107004
1316.87 0.829548 0.00107202
1624.72 0.828751 0.00108778
1815.97 0.82699 0.00107722
1357.92 0.82754 0.00109777
1458.89 0.828662 0.00108498
1434.29 0.826374 0.00106619
1429.14 0.830281 0.00107513
1423.4 0.826779 0.00100938
1388.31 0.827665 0.00111963
1517.14 0.824762 0.00107608
1348.85 0.828124 0.00105537
1447.13 0.829086 0.00106876
1481.5 0.827242 0.00108663
1556.82 0.827727 0.00110015
1474.21 0.828825 0.0010861
1538.24 0.831051 0.00104569
1509.61 0.829484 0.00105689
1512.27 0.826384 0.00102742
1612.83 0.829888 0.00107663
1883.61 0.82844 0.00107673
1385.76 0.826066 0.00104668
1679.56 0.829859 0.0010228
1591.81 0.827557 0.00108641
1360.12 0.828246 0.00103437
1462.02 0.831255 0.00108264
1402.64 0.82907 0.00108496
1365.95 0.828939 0.00102672
1452.72 0.827441 0.00104589
1713.56 0.826998 0.00100853
1313.6 0.82724 0.00108234
1616.33 0.828363 0.00108675
1411.09 0.829659 0.0010724
1530.48 0.828628 0.00104542
1439.65 0.826292 0.00109539
1504.08 0.8323 0.00105501
1394.66 0.829147 0.00100045
1367.34 0.829201 0.00109076
1531.92 0.829804 0.00107477
1402.65 0.82995 0.00103647
1442.74 0.828877 0.00108869
1528.82 0.830356 0.00105018
1774.68 0.831186 0.00105809
1472.38 0.828332 0.00109147
1433.89 0.8276 0.00108103
1466.23 0.832581 0.00106075
1499.04 0.829119 0.0011206
1585.81 0.826863 0.00104146
1312.5 0.828984 0.00103886
1458.86 0.828256 0.00106986
1417.31 0.829004 0.00107178
1557.28 0.827685 0.00104594
1725.17 0.82936 0.0010822
1434.3 0.828924 0.00113874
1423.42 0.829458 0.0010754
1379.69 0.828874 0.0010791
1424.09 0.826908 0.00108199
1447.29 0.83044 0.00108023
1448.56 0.827516 0.00106395
1417.85 0.827177 0.00107852
1593.63 0.827162 0.00105878
1335.5 0.828307 0.0010559
1384.18 0.827345 0.00106611
1925.55 0.830763 0.00108774
1364.2 0.826893 0.00105634
1381.32 0.827829 0.00104321
1479.78 0.83222 0.00109273
1828.73 0.826979 0.00108826
1446.48 0.830344 0.00108532
1838.14 0.831639 0.00106361
1523.94 0.82589 0.00107157
1528.49 0.827091 0.00109492
1515.12 0.827544 0.00106903
1549.38 0.830141 0.00108074
1537.15 0.830705 0.00101297
1500.63 0.827752 0.00105685
1429.99 0.826895 0.00105441
1500.82 0.827891 0.00106052
1442.93 0.829314 0.0010917
1485.88 0.826901 0.0010732
1497.38 0.828775 0.00107304
1447.8 0.827856 0.00103309
1404.28 0.827576 0.00105997
1507.97 0.828594 0.00109187
1673.31 0.824462 0.00105266
1474.91 0.825622 0.00105309
1528.23 0.827583 0.00106195
1836.94 0.829836 0.00106767
1951.48 0.832442 0.0010758
1426.17 0.82868 0.00107911
1593.74 0.825214 0.00105362
1436.9 0.828928 0.00110477
1315.76 0.828668 0.00107448
1369 0.828489 0.00106318
1353.29 0.828636 0.00106028
1338.43 0.83002 0.00107758
1455.74 0.826908 0.00106811
1466.99 0.827198 0.00106789
1394.43 0.82796 0.00108736
1637.77 0.830329 0.00111645
1565.19 0.830498 0.00102389
1440.28 0.829447 0.00106362
1375.79 0.829461 0.0010678
1513.05 0.831753 0.0010829
1473.46 0.830519 0.00109607
1606.38 0.830087 0.00109207
1535.62 0.829866 0.00105959
1306.55 0.826456 0.00108921
1672.02 0.832187 0.00105805
1439.46 0.829518 0.00107289
1532.44 0.828661 0.00107506
1356.58 0.831392 0.00108935
1423.91 0.830021 0.00103028
1561.87 0.825753 0.00105026
1478.94 0.827641 0.00105948
1576.39 0.827473 0.00109358
1667.45 0.828785 0.00109579
1456.72 0.82939 0.00107603
2187.56 0.826919 0.00108643
1540.05 0.828876 0.00108394
1480.31 0.827475 0.00112207
1328.48 0.830302 0.00106755
1649.89 0.832387 0.00105646
1548.75 0.827781 0.0010891
1509.63 0.830016 0.00101021
1382.9 0.829249 0.00107265
1387.73 0.828396 0.00102696
1523.44 0.829445 0.00106581
1310.99 0.82946 0.00106135
1596.69 0.829582 0.00109458
1541.83 0.824556 0.00101357
1571.29 0.82819 0.00103191
1632.55 0.82746 0.00109904
1363.02 0.828185 0.00107918
1563.34 0.8316 0.00100557
1462.35 0.83026 0.00104353
1412.46 0.825968 0.00105482
1449.59 0.829136 0.00106924
1413.63 0.829255 0.00106809
1600 0.828362 0.00107989
1300.63 0.828908 0.00099801
1477.15 0.829024 0.00109029
1422.36 0.828862 0.00108667
1509.1 0.824941 0.00105561
1558.67 0.827051 0.00107139
1480.57 0.82652 0.00101842
1461.31 0.827438 0.00106757
1525.09 0.826584 0.00107087
1461.85 0.827962 0.00109005
1511.66 0.827673 0.00106025
1456.69 0.827159 0.00112154
1505.79 0.829721 0.00105288
1385.9 0.830004 0.00107545
1418.72 0.824925 0.00113133
1438.82 0.828779 0.00107984
1427.79 0.826149 0.00110916
1390.74 0.830654 0.00109905
1643.37 0.830569 0.00109238
1467.59 0.827386 0.00101872
1407.25 0.830247 0.00107754
1621.99 0.829768 0.00108347
1381.22 0.829376 0.00104905
1422.13 0.830799 0.00105841
1677.82 0.833334 0.00113271
1305.98 0.828732 0.00104979
1577.52 0.828992 0.00103641
1447.44 0.830151 0.00110553
1864.64 0.830911 0.00110524
1446.46 0.829877 0.00106057
1314.5 0.829811 0.00106465
1553.15 0.827036 0.00108396
1611.53 0.82462 0.00106985
1511.94 0.827597 0.00111328
1456.43 0.828283 0.00110607
1359.98 0.828338 0.00110198
1447.06 0.830176 0.00109774
1428.12 0.828464 0.00108878
1637.79 0.827948 0.00108497
1416.79 0.827389 0.00108148
1383.55 0.827081 0.00107946
1419.8 0.827488 0.00105627
1412.7 0.831616 0.00108295
1541.14 0.825629 0.00105634
1587.1 0.829689 0.00107481
1429.95 0.829245 0.00107156
1502.57 0.828352 0.00105206
1428.28 0.826599 0.00106855
1585.09 0.82903 0.000932724
1512.12 0.829513 0.00107622
1418.18 0.827202 0.00108069
1350.23 0.827911 0.00107064
1418.91 0.82754 0.0011087
1758.37 0.82532 0.00106846
1657.72 0.832194 0.00105594
1404.07 0.829098 0.00102235
1490.88 0.829053 0.00105984
1470.5 0.828969 0.00103912
1593.6 0.824901 0.00103341
1560.2 0.827846 0.00110333
1564.1 0.826738 0.00107279
1430.07 0.828261 0.00108028
1342.06 0.827548 0.00108114
1605.13 0.831744 0.00112888
1601.42 0.829794 0.00109265
1369.05 0.829966 0.00109383
1404.46 0.831409 0.00108352
1418.78 0.824761 0.00102434
1393.05 0.829285 0.00105838
1619.61 0.829127 0.00104683
1544.76 0.830148 0.00107927
1597.83 0.828342 0.00106739
1499.95 0.829992 0.00105668
1411.78 0.827983 0.00110147
1456.21 0.826506 0.0010713
1348.04 0.826963 0.00105681
1749.48 0.826067 0.0010407
1369.5 0.825404 0.00103973
1745.36 0.82873 0.00107931
1470.64 0.827104 0.00106509
1503.93 0.829894 0.00107542
1477.85 0.830369 0.00106849
1273.55 0.827366 0.00107281
1387.99 0.828466 0.0010774
1386.28 0.828612 0.00104374
1524.27 0.825575 0.00107811
1540.58 0.82777 0.00109997
1427.61 0.831062 0.00106893
1496.74 0.826086 0.00106164
1506.37 0.826807 0.00107486
1471.62 0.828108 0.00109144
1439.48 0.829449 0.00107991
1574.97 0.828056 0.0010796
1375.47 0.828769 0.00108768
1443.47 0.828652 0.00105987
1375.09 0.827102 0.0010762
1384.78 0.828247 0.00118131
1458.41 0.82734 0.00107794
1435.75 0.829925 0.00112464
1490.7 0.830937 0.00109538
1393.36 0.828005 0.00106569
1966.18 0.834254 0.00108959
1450.65 0.828169 0.00108027
1362.68 0.831364 0.0010779
1586.83 0.827722 0.00108482
1563.28 0.830841 0.00108926
1603.73 0.83094 0.000942589
1345.53 0.828965 0.00100953
1443.85 0.8263 0.00106795
1473.95 0.828225 0.00106429
1506.85 0.828578 0.00107714
1525.42 0.824768 0.00108328
1712.58 0.828704 0.00108466
1503.01 0.826091 0.0010718
1454 0.828987 0.00107705
1699.81 0.82802 0.00107086
1424.22 0.828337 0.00107446
1575.4 0.825671 0.00102376
1633.81 0.82843 0.00106799
1432.64 0.830409 0.00108584
1632.73 0.827296 0.00106465
1376.53 0.828377 0.00106258
1454 0.828741 0.00102835
1462.27 0.829175 0.00110928
1398.28 0.828964 0.00113507
1417.53 0.826808 0.00107893
1441.71 0.828278 0.00109329
1674.8 0.827715 0.00103938
1469.23 0.829512 0.00107865
1419.14 0.828189 0.00105687
1455.91 0.831011 0.001108
1579.75 0.829592 0.00107354
1857.84 0.827775 0.00100572
1868.87 0.829307 0.00105175
1353.54 0.827657 0.00109878
1493.73 0.825757 0.00108783
1662.56 0.830265 0.00101472
1579.98 0.827997 0.0010323
1418.94 0.826679 0.00107526
1726.86 0.828127 0.00107223
1439.01 0.828459 0.00106153
1386.85 0.826276 0.00107893
1475.93 0.830132 0.00108268
1414.78 0.829593 0.00107518
1337.21 0.827703 0.00106197
1495.35 0.829036 0.00106116
1553.67 0.827698 0.00104894
1441.53 0.829961 0.00107067
1598.02 0.826886 0.00107742
1549.24 0.828686 0.00108664
1453.84 0.830519 0.00107715
1459.52 0.827804 0.00109479
1400.08 0.828461 0.00104645
1562.79 0.83019 0.00108552
1598.29 0.825862 0.00106577
1504.26 0.830048 0.00112513
1461.52 0.829578 0.00108725
1473.9 0.826732 0.00105423
1501.23 0.830133 0.00107311
1501.45 0.827845 0.00104364
1546.24 0.82723 0.00108758
1346.82 0.829476 0.0010678
1490.35 0.830196 0.00108865
1473.46 0.828091 0.00107104
1520.02 0.82843 0.00106038
1485.35 0.829252 0.00113248
1438.21 0.82922 0.0010538
1410.59 0.82983 0.00108377
1663.54 0.832266 0.00108386
1382.81 0.829618 0.00109458
1531.29 0.828986 0.001035
1421.98 0.829495 0.0010624
1579.28 0.828436 0.00107513
1467.26 0.828087 0.00107286
1476.6 0.830856 0.00108855
1489.18 0.830153 0.00110104
1639.96 0.829845 0.0010692
1471.64 0.828733 0.0010894
1530.21 0.827357 0.00106978
1738.74 0.829601 0.00107263
1349.43 0.829897 0.00104943
1660.53 0.827254 0.00105998
1473.33 0.828166 0.00107067
1446.56 0.827764 0.00110114
1651.61 0.82998 0.00104168
1419.05 0.827337 0.00107841
1383.14 0.828258 0.00104206
1367.52 0.826865 0.0010434
1533.01 0.827093 0.00107309
1544.71 0.828953 0.00107796
1365.87 0.829946 0.00106356
1553.97 0.828191 0.00107165
1563.7 0.82871 0.0010778
1344.22 0.830647 0.0010926
1525.06 0.82591 0.00105488
1528.03 0.828964 0.00104503
1803.36 0.83004 0.00108946
1559.74 0.827689 0.00108947
1476.14 0.825878 0.00101602
1986.21 0.82548 0.00103379
1518.74 0.826965 0.00107514
1602.81 0.830393 0.00106773
1521.08 0.824687 0.00107148
1368.63 0.829795 0.000818153
1444.19 0.826191 0.00110874
1404.56 0.83076 0.0010839
1795.54 0.828984 0.00106245
1641.25 0.830312 0.00107238
1374.58 0.828413 0.00107046
1461.8 0.830683 0.00106135
1586.28 0.827072 0.00107581
1392.16 0.829301 0.00109093
2144.78 0.823904 0.00108106
1415.17 0.828976 0.00106363
1372.17 0.831514 0.00104553
1493.21 0.828549 0.00107448
1388.78 0.829102 0.0010756
1653.68 0.833149 0.00108501
1549.18 0.827218 0.00105219
1591.58 0.826931 0.00109695
1359.46 0.827078 0.0010529
1438.59 0.830058 0.0010975
1629.81 0.831921 0.00107033
1577.82 0.82592 0.00106213
1620.32 0.830475 0.00105633
1568.11 0.834159 0.00109712
1338 0.828569 0.00105664
1396.99 0.829943 0.00106508
1450.48 0.825992 0.00106564
