0.85407
0.844964
0.85795
0.859765
0.845322
0.855341
0.846681
0.848914
0.849002
0.852898
0.849906
0.854454
0.858833
0.84895
0.851675
0.851962
0.858177
0.84905
0.858206
0.857457
0.852877
0.855417
0.851835
0.852985
0.848986
0.852127
0.848771
0.85114
0.856502
0.849158
0.847511
0.852149
0.848426
0.854939
0.847393
0.847444
0.849515
0.851557
0.852653
0.8563
0.845045
0.854977
0.851179
0.853019
0.845381
0.849218
0.8605
0.851217
0.854884
0.84757
0.84684
0.852297
0.849412
0.846706
0.86303
0.845154
0.862188
0.837502
0.859287
0.85908
0.850163
0.850042
0.858919
0.848112
0.858664
0.855222
0.848617
0.851162
0.858659
0.853009
0.855651
0.849986
0.855003
0.852443
0.856306
0.849219
0.850681
0.851333
0.851723
0.85446
0.847624
0.854312
0.856512
0.859843
0.859909
0.849213
0.847063
0.847936
0.855959
0.861856
0.850126
0.856255
0.853746
0.854374
0.853466
0.853275
0.852273
0.852711
0.859047
0.851788
0.85014
0.854525
0.857564
0.852399
0.85236
0.855091
0.855067
0.843169
0.863762
0.852664
0.851864
0.857852
0.857481
0.853911
0.864719
0.84579
0.855193
0.853684
0.852178
0.844837
0.859127
0.856544
0.851146
0.85115
0.848276
0.846266
0.851726
0.857838
0.855859
0.845836
0.859159
0.857402
0.853569
0.853548
0.850304
0.858203
0.861003
0.861589
0.865271
0.846611
0.849518
0.860324
0.858668
0.851338
0.852978
0.852749
0.844211
0.851317
0.853021
0.852807
0.852956
0.851072
0.851291
0.851905
0.861589
0.852419
0.859754
0.849598
0.854116
0.850427
0.853474
0.849144
0.863398
0.854028
0.847346
0.856456
0.851075
0.851136
0.855962
0.850468
0.863185
0.857025
0.851522
0.848089
0.84648
0.849462
0.844409
0.854356
0.847231
0.855089
0.853174
0.856242
0.857133
0.854079
0.847967
0.859099
0.855542
0.85758
0.850642
0.85347
0.844419
0.850109
0.85017
0.849564
0.858252
0.850732
0.845682
0.856755
0.85328
0.853491
0.847992
0.846235
0.85344
0.857598
0.846451
0.85082
0.844182
0.859798
0.849064
0.846646
0.853196
0.847875
0.850567
0.847287
0.850044
0.856513
0.846505
0.849571
0.854228
0.864085
0.857863
0.848542
0.852358
0.861892
0.851248
0.850513
0.852456
0.860726
0.857734
0.855748
0.845134
0.853915
0.863104
0.851055
0.851147
0.859025
0.847464
0.846199
0.852848
0.853518
0.856356
0.856002
0.856263
0.85561
0.857661
0.847995
0.856005
0.858713
0.854345
0.848524
0.85503
0.853413
0.856628
0.850901
0.851642
0.843546
0.858925
0.846775
0.851121
0.855803
0.858711
0.856474
0.857771
0.859155
0.862166
0.838581
0.839409
0.864542
0.842216
0.845909
0.855733
0.853158
0.855288
0.859118
0.867035
0.856894
0.858224
0.857353
0.842711
0.856071
0.856012
0.853573
0.85478
0.851159
0.853
0.850463
0.85472
0.848469
0.853633
0.849697
0.852307
0.858958
0.848105
0.852997
0.84615
0.852727
0.854035
0.857518
0.85721
0.855998
0.861146
0.852113
0.85215
0.847033
0.849696
0.853605
0.85741
0.851331
0.853639
0.853334
0.848579
0.846148
0.852292
0.856704
0.844565
0.853737
0.838964
0.851705
0.863936
0.836567
0.846491
0.855287
0.855558
0.859014
0.853051
0.854227
0.845953
0.849813
0.851118
0.865207
0.853358
0.848294
0.860456
0.851373
0.859012
0.850968
0.853039
0.850961
0.845072
0.855555
0.846868
0.851313
0.851911
0.845132
0.846119
0.855351
0.857225
0.850395
0.848953
0.855487
0.861743
0.848465
0.84904
0.855015
0.85823
0.854897
0.852096
0.854447
0.837809
0.859702
0.858582
0.850681
0.858891
0.858279
0.857179
0.856994
0.84411
0.849806
0.851603
0.847391
0.856023
0.847927
0.855602
0.857415
0.856616
0.849484
0.856655
0.846779
0.856526
0.853093
0.849871
0.85605
0.855151
0.852331
0.855608
0.855881
0.852716
0.84429
0.853442
0.85551
0.85926
0.857156
0.85208
0.843365
0.851457
0.85257
0.848316
0.855135
0.861032
0.844218
0.8526
0.850573
0.853219
0.857555
0.84547
0.859636
0.85223
0.845254
0.851201
0.855754
0.853388
0.850552
0.857294
0.856876
0.850878
0.846936
0.848468
0.852167
0.843715
0.853047
0.849086
0.846024
0.858773
0.85674
0.850249
0.849841
0.859326
0.842691
0.85949
0.863577
0.857929
0.862695
0.85592
0.86117
0.839686
0.851464
0.855098
0.84244
0.847372
0.853809
0.852281
0.857426
0.852917
0.854382
0.847148
0.847883
0.852867
0.849914
0.854304
0.845171
0.853726
0.846194
0.859679
0.853593
0.848511
0.848555
0.847211
0.851736
0.848457
0.858094
0.852283
0.848705
0.854569
0.848101
0.848494
0.853731
0.857774
0.846605
0.849233
0.859597
0.851326
0.849669
0.850217
0.863094
0.852391
0.851061
0.846672
0.844276
0.847426
0.858086
0.845278
0.855685
0.851862
0.852231
0.847317
0.851886
0.854612
0.849708
0.855665
0.850295
0.851157
0.845608
0.855978
0.849464
0.850311
0.856096
0.853677
0.85462
0.849122
0.854328
0.857112
0.861951
0.854043
0.846932
0.85257
0.848392
0.861644
0.861484
0.847766
0.852329
0.860526
0.858807
0.848321
0.85074
0.843339
0.85111
0.853353
0.852421
0.842603
0.860894
0.86103
0.8541
0.845716
0.850031
0.856755
0.855556
0.855018
0.851127
0.857218
0.853969
0.854051
0.857261
0.851378
0.843334
0.849123
0.852041
0.856057
0.857561
0.848153
0.853786
0.852307
0.862423
0.85142
0.852449
0.859974
0.851634
0.850349
0.856833
0.847608
0.857639
0.8533
0.851064
0.853001
0.847744
0.852827
0.859582
0.856392
0.849336
0.85487
0.852183
0.857203
0.849777
0.853606
0.856768
0.856668
0.853803
0.849586
0.857745
0.859681
0.852995
0.860135
0.854499
0.856498
0.853787
0.856283
0.848646
0.850324
0.853667
0.844912
0.851695
0.858325
0.846239
0.857861
0.851996
0.855045
0.859766
0.847367
0.850779
0.859335
0.857957
0.850815
0.847444
0.853085
0.856766
0.855223
0.850649
0.855518
0.853157
0.856342
0.853528
0.854391
0.846675
0.850131
0.846892
0.858539
0.854131
0.859603
0.846231
0.849544
0.847713
0.845042
0.846234
0.847895
0.851538
0.850255
0.863848
0.859397
0.843324
0.85544
0.860531
0.857646
0.851837
0.84653
0.844212
0.853664
0.849916
0.855112
0.859377
0.865488
0.85431
0.850686
0.858861
0.85574
0.854311
0.853437
0.84941
0.854751
0.846845
0.859209
0.859001
0.857465
0.852836
0.855687
0.85403
0.858518
0.854867
0.848556
0.851225
0.862249
0.849758
0.854331
0.84651
0.844591
0.849702
0.85183
0.854252
0.856602
0.85893
0.853806
0.849382
0.85896
0.849949
0.848438
0.850564
0.847534
0.861624
0.850746
0.853541
0.862784
0.852715
0.860439
0.859706
0.845206
0.854317
0.851123
0.85412
0.85412
0.85876
0.843228
0.852055
0.847849
0.845415
0.847382
0.852352
0.856862
0.848501
0.848853
0.85705
0.855638
0.853273
0.857819
0.851022
0.845669
0.856394
0.863965
0.850516
0.857934
0.848652
0.856633
0.848311
0.858067
0.85622
0.86134
0.848254
0.849648
0.845471
0.853501
0.855855
0.859692
0.850407
0.854571
0.846597
0.850997
0.848714
0.850326
0.862229
0.848278
0.851897
0.85137
0.856505
0.852491
0.865721
0.849896
0.856127
0.849803
0.855732
0.855752
0.849634
0.856852
0.853425
0.855084
0.849117
0.857935
0.85512
0.848708
0.848202
0.84197
0.853184
0.856187
0.860038
0.847403
0.852007
0.843884
0.855185
0.850076
0.853694
0.863104
0.849969
0.854188
0.850105
0.854038
0.853703
0.843278
0.856483
0.856526
0.848356
0.852017
0.852
0.850154
0.855065
0.858768
0.860064
0.857878
0.853527
0.847409
0.852535
0.855455
0.848007
0.849789
0.85581
0.85714
0.855542
0.853593
0.850729
0.846576
0.852803
0.854148
0.853892
0.860005
0.869625
0.85679
0.849576
0.855108
0.852535
0.852624
0.860016
0.841374
0.848332
0.854211
0.848672
0.852086
0.848606
0.853978
0.850904
0.86383
0.854103
0.851847
0.860286
0.853025
0.851255
0.851506
0.850253
0.855237
0.861697
0.851619
0.852546
0.850019
0.855945
0.854928
0.855447
0.856856
0.853926
0.853309
0.853699
0.849027
0.859092
0.859958
0.8472
0.848709
0.853997
0.854179
0.854864
0.849428
0.851028
0.85988
0.847074
0.857138
0.849808
0.851585
0.846336
0.849688
0.859372
0.849355
0.850287
0.858828
0.84809
0.853843
0.85151
0.859089
0.843741
0.838386
0.850423
0.864206
0.848395
0.851374
0.857661
0.857098
0.847678
0.860226
0.846643
0.855481
0.846987
0.862092
0.844615
0.855965
0.859837
0.855918
0.860703
0.854429
0.848518
0.862055
0.849113
0.846577
0.846407
0.845195
0.854638
0.85158
0.853722
0.858694
0.851867
0.847998
0.854633
0.844784
0.848789
0.857107
0.835504
0.863798
0.853581
0.856645
0.860569
0.852906
0.854056
0.860168
0.852056
0.84836
0.857028
0.845566
0.846372
0.854886
0.842312
0.859967
0.859613
0.842741
0.84976
0.856425
0.855673
0.855918
0.846632
0.855559
0.845744
0.852046
0.858491
0.85075
0.852095
0.858586
0.857247
0.855594
0.847416
0.851537
0.844396
0.863295
0.85082
0.850893
0.861267
0.847435
0.849794
0.856893
0.8525
0.859043
0.85699
0.857749
0.853485
0.857212
0.845885
0.838635
0.859781
0.858398
0.862136
0.849029
0.85115
0.858276
0.848118
0.84855
0.858472
0.84824
0.849733
0.848224
0.864589
0.855297
0.85252
0.854219
0.856527
0.858342
0.840835
0.85274
0.849343
0.84356
0.859519
0.84085
0.857128
0.856902
0.852774
0.854712
0.860497
0.858897
0.847583
0.853076
0.861704
0.850848
0.851825
0.856541
0.854211
0.848524
0.852526
0.860372
0.852512
0.848328
0.856656
0.848193
0.851146
0.849833
0.853552
0.851384
0.847734
0.848687
0.862453
0.855672
0.852135
0.854404
0.853366
0.851785
0.851038
0.854263
0.860546
0.859827
0.857218
0.852528
0.857183
0.843416
0.848534
0.853359
0.857888
0.856159
0.855554
0.843393
0.853207
0.849564
0.85969
0.855883
0.848688
0.853682
0.837397
0.85492
0.852727
0.859632
0.845167
0.858766
0.85667
0.849673
0.862927
0.854067
0.861327
0.857628
0.851969
0.858094
0.851923
0.84747
0.855923
0.844556
0.862123
0.853471
0.85745
0.853418
0.845366
0.846176
0.85342
0.851714
0.852099
0.85079
0.856176
0.851435
0.851553
0.855955
0.83947
0.861917
0.860115
0.847959
0.856298
0.855465
0.858099
0.85427
0.856208
0.861318
0.852591
0.856183
0.861395
0.852334
0.852544
0.8426
0.847521
0.846693
0.850572
0.856582
0.857089
0.850346
0.854946
0.863058
0.850952
0.85643
0.850266
0.850539
0.858275
0.84218
0.844751
0.854112
0.847887
0.850325
0.83985
0.853727
0.851376
0.843714
0.84937
0.853702
0.84685
0.86298
0.856585
0.85287
0.843116
0.84926
0.864207
0.842097
0.859235
0.852708
0.854614
0.858111
0.844631
0.859585
0.854668
0.853448
0.850809
0.851915
0.85205
0.861075
0.855231
0.856109
0.856114
0.849892
0.857972
0.852483
0.858746
0.855364
0.861566
0.853165
0.848177
0.868004
0.851436
0.857045
0.860942
0.85577
0.849694
0.853657
0.847066
0.852603
0.85913
0.861698
0.857004
0.850902
0.852227
0.857832
0.850794
0.858119
0.857015
0.862125
0.850234
0.853683
0.848459
0.855231
0.850087
0.853793
0.847528
0.860973
0.852761
0.845726
0.863363
0.852113
0.855399
0.857134
0.854628
0.845284
0.854737
0.857411
0.85238
0.850121
0.865851
0.854979
0.847959
0.847614
0.855037
0.851074
0.854872
0.860656
0.850371
0.858811
0.847342
0.851316
0.852521
0.851713
0.852072
0.853698
0.856469
0.842012
0.851038
0.858799
0.852639
0.850166
0.847171
0.855496
0.851424
0.849912
0.859487
0.849149
0.849565
0.848744
0.855979
0.855214
0.854484
0.845959
0.854345
0.856674
0.844618
0.852282
0.854323
0.872301
0.853851
0.862838
0.858893
0.864072
0.850886
0.861415
0.854546
0.84783
0.854945
0.84963
0.85038
0.852999
0.849894
0.852684
0.849465
0.845619
0.8503
0.858169
0.855072
0.849728
0.862815
0.853633
0.852184
0.856104
0.848107
0.860185
0.852046
0.847769
0.850202
0.850207
0.846255
0.850959
0.843861
0.860107
0.848604
0.855722
0.85184
0.848176
0.850968
0.848744
0.844388
0.853879
0.858935
0.858388
0.854582
0.847166
0.854012
0.84938
0.859583
0.856498
0.856305
0.839434
0.840219
0.857444
0.851971
0.848428
0.848035
0.855353
0.855535
0.846402
0.858458
0.848493
0.855028
0.849822
0.857107
0.865017
0.854231
0.857253
0.851966
0.854849
0.850756
0.853359
0.851348
0.847493
0.855856
0.85716
0.854279
0.853726
0.849402
0.85314
0.856855
0.852552
0.85715
0.847792
0.855163
0.853595
0.85293
0.848991
0.854042
0.854444
0.860822
0.860772
0.849255
0.843133
0.854966
0.849638
0.846412
0.856378
0.850315
0.84773
0.855807
0.852792
0.851444
0.850276
0.846411
0.852858
0.850485
0.843164
0.849341
0.851795
0.846218
0.850199
0.851336
0.858065
0.852576
0.865946
0.852051
0.860352
0.85369
0.860308
0.852674
0.851366
0.85107
0.852018
0.853103
0.849295
0.858554
0.856584
0.8474
0.849498
0.856674
0.848972
0.854429
0.855999
0.859016
0.85647
0.854435
0.855493
0.858888
0.857805
0.84688
0.852098
0.848152
0.853315
0.855383
0.848789
0.863876
0.85633
0.844931
0.851016
0.85685
0.844992
0.843716
0.85903
0.850297
0.860011
0.847816
0.852459
0.85937
0.846845
0.854886
0.861216
0.848993
0.861486
0.851396
0.847656
0.854522
0.847197
0.85878
0.853603
0.85827
0.855891
0.852412
0.85395
0.858985
0.862188
0.855063
0.855009
0.85418
0.855698
0.858906
0.845401
0.849689
0.84781
0.848706
0.846792
0.852512
0.855965
0.831435
0.85592
0.857157
0.85685
0.849071
0.84626
0.847473
0.840107
0.85797
0.848232
0.844391
0.857291
0.848372
0.845989
0.849978
0.844664
0.849263
0.852983
0.863234
0.841201
0.849257
0.854198
0.857734
0.847769
0.847703
0.849553
0.858666
0.859544
0.858135
0.858071
0.85505
0.848379
0.85228
0.857801
0.850355
0.851548
0.851441
0.844371
0.850027
0.853279
0.856566
0.861579
0.853056
0.846349
0.863115
0.84802
0.857338
0.857184
0.846767
0.845777
0.857366
0.853176
0.859825
0.852653
0.845413
0.863871
0.853316
0.855891
0.867739
0.854676
0.849492
0.858013
0.860327
0.854876
0.854748
0.860484
0.862686
0.854369
0.85148
0.853642
0.85177
0.85507
0.855752
0.845006
0.84717
0.8485
0.851999
0.852884
0.845784
0.851003
0.849233
0.843624
0.855924
0.85346
0.847432
0.852916
0.845161
0.844118
0.845579
0.852584
0.861335
0.842662
0.856225
0.850739
0.845152
0.846746
0.846628
0.85297
0.843903
0.843523
0.852602
0.845115
0.850637
0.852445
0.843937
0.848877
0.857782
0.844422
0.849136
0.848568
0.867759
0.853053
0.8523
0.849538
0.861388
0.846845
0.846382
0.860958
0.854206
0.846304
0.847013
0.849022
0.850555
0.856199
0.850039
0.861765
0.854016
0.85614
0.850908
0.851814
0.858108
0.849121
0.851931
0.854896
0.848735
0.846648
0.846574
0.851469
0.848014
0.848373
0.857262
0.856357
0.85118
0.859032
0.850986
0.852916
0.855595
0.8578
0.853583
0.845228
0.844974
0.845388
0.857356
0.851893
0.845465
0.846985
0.853024
0.851724
0.859252
0.862866
0.855083
0.850849
0.853388
0.841839
0.858318
0.848188
0.844249
0.860044
0.850941
0.844896
0.858767
0.849475
0.845143
0.856744
0.85575
0.856932
0.849145
0.859455
0.84293
0.851206
0.853442
0.854725
0.855092
0.86002
0.851303
0.854753
0.857857
0.855674
0.851136
0.853823
0.858006
0.861998
0.852868
0.852935
0.851535
0.859933
0.851652
0.845438
0.855672
0.854412
0.857148
0.852155
0.851742
0.856228
0.850853
0.854666
0.852719
0.850505
0.856967
0.859919
0.847753
0.840161
0.854476
0.850005
0.850973
0.850624
0.850678
0.852455
0.858904
0.848051
0.839721
0.856302
0.849754
0.836583
0.852417
0.851629
0.860652
0.859134
0.855632
0.855822
0.851896
0.852952
0.849948
0.854258
0.854846
0.853044
0.851369
0.856372
0.854245
0.852659
0.852039
0.851287
0.848162
0.854027
0.852291
0.855936
0.854331
0.852085
0.861102
0.846641
0.856337
0.852143
0.852641
0.847776
0.849566
0.845112
0.85869
0.854441
0.854525
0.862806
0.851263
0.853506
0.85655
0.854467
0.854429
0.861905
0.851614
0.845768
0.859088
0.847225
0.857416
0.850312
0.847973
0.851173
0.870334
0.846118
0.846502
0.842479
0.859092
0.858239
0.853834
0.847796
0.851711
0.851894
0.855828
0.853705
0.855806
0.851093
0.857855
0.847267
0.858324
0.846618
0.853449
0.862817
0.850952
0.853019
0.849447
0.853993
0.855675
0.855722
0.852413
0.858289
0.854371
0.855959
0.850764
0.841819
0.844416
0.858776
0.850191
0.86091
0.860467
0.856108
0.857735
0.862802
0.860431
0.840657
0.858937
0.857193
0.849182
0.848617
0.851245
0.84995
0.860525
0.855875
0.861175
0.854148
0.853972
0.851018
0.852648
0.854971
0.858266
0.845528
0.84725
0.842843
0.854534
0.840129
0.849683
0.854423
0.856675
0.848376
0.852016
0.853024
0.852412
0.858334
0.84992
0.850799
0.848261
0.848867
0.847273
0.846321
0.848922
0.845207
0.848074
0.848613
0.864455
0.85213
0.844797
0.856677
0.851596
0.849449
0.852273
0.863157
0.853329
0.850199
0.85613
0.852299
0.849541
0.851603
0.858129
0.847261
0.845264
0.854873
0.848405
0.861173
0.851634
0.854954
0.852165
0.852806
0.848758
0.858502
0.852335
0.86395
0.860995
0.851871
0.854277
0.848878
0.864154
0.84266
0.85061
0.863862
0.850181
0.857587
0.849475
0.854832
0.849844
0.858914
0.852618
0.850274
0.851259
0.854756
0.857542
0.854114
0.851367
0.840945
0.854427
0.860823
0.855999
0.845544
0.844876
0.852971
0.845134
0.855711
0.847456
0.85411
0.851593
0.854942
0.84852
0.845983
0.855949
0.853772
0.853165
0.86146
0.846633
0.856252
0.852044
0.855533
0.849416
0.85665
0.855655
0.856244
0.862252
0.844508
0.860646
0.843739
0.850984
0.854178
0.849484
0.86046
0.845242
0.851779
0.855151
0.846487
0.851898
0.853086
0.851601
0.845447
0.847687
0.859817
0.85444
0.858276
0.854734
0.851415
0.846927
0.851127
0.850006
0.850676
0.853535
0.846809
0.852288
0.850082
0.850191
0.860469
0.860279
0.863119
0.85567
0.849281
0.850751
0.851281
0.845741
0.854137
0.850491
0.855648
0.850079
0.844038
0.850341
0.846548
0.846883
0.850778
0.857729
0.84779
0.867526
0.853427
0.845672
0.853071
0.852349
0.848615
0.848826
0.857653
0.856025
0.846887
0.855072
0.849
0.854872
0.850392
0.841794
0.858204
0.856363
0.852458
0.853283
0.854082
0.8567
0.85478
0.852236
0.851153
0.855889
0.856348
0.849084
0.850012
0.852622
0.858973
0.85199
0.853593
0.853829
0.8595
0.85911
0.860603
0.852246
0.857128
0.859971
0.855818
0.856043
0.848126
0.860179
0.864679
0.846334
0.846931
0.844271
0.862169
0.858742
0.850691
0.851029
0.848354
0.859397
0.857474
0.853721
0.863715
0.859998
0.860199
0.853649
0.850575
0.849075
0.853711
0.860395
0.852184
0.844874
0.859434
0.854569
0.849991
0.846765
0.852919
0.854244
0.855262
0.849818
0.847312
0.852744
0.861026
0.844501
0.851261
0.848963
0.849567
0.853146
0.854647
0.850428
0.848962
0.856529
0.84485
0.857213
0.852839
0.861186
0.852183
0.849349
0.854702
0.84963
0.859149
0.854382
0.849818
0.85076
0.863849
0.858207
0.853703
0.858674
0.848966
0.852424
0.861869
0.847788
0.849107
0.853504
0.856449
0.854901
0.848281
0.854639
0.855085
0.853051
0.854879
0.836501
0.850373
0.84525
0.855809
0.851701
0.852598
0.847615
0.855113
0.856731
0.854316
0.849993
0.852284
0.851978
0.84989
0.854899
0.849298
0.851707
0.850885
0.853919
0.852842
0.84412
0.850141
0.854803
0.856637
0.843443
0.857828
0.853639
0.847416
0.857115
0.851346
0.84774
0.852177
0.857971
0.841413
0.855673
0.851016
0.858463
0.859986
0.854305
0.85238
0.845178
0.848755
0.851888
0.855202
0.851787
0.861025
0.840939
0.849696
0.853002
0.847444
0.853202
0.851488
0.84795
0.84969
0.852512
0.860512
0.849902
0.850553
0.85578
0.854993
0.853691
0.865498
0.850334
0.85535
0.857154
0.848217
0.854146
0.858895
0.855436
0.852722
0.848945
0.860658
0.846587
0.851781
0.853833
0.852583
0.854244
0.850376
0.855216
0.853455
0.846314
0.851389
0.854402
0.856048
0.860438
0.852414
0.863184
0.847117
0.847428
0.850622
0.85781
0.855045
0.869613
0.856374
0.849848
0.852927
0.853717
0.855099
0.852766
0.855439
0.857554
0.864711
0.85939
0.852611
0.857839
0.846365
0.867704
0.842975
0.853628
0.846808
0.850325
0.860409
0.857924
0.841075
0.857182
0.849844
0.852144
0.855402
0.846852
0.857324
0.847343
0.848379
0.851116
0.853824
0.856763
0.855933
0.850246
0.853348
0.861387
0.856795
0.856777
0.852689
0.857958
0.852099
0.846636
0.850977
0.859053
0.86026
0.858196
0.852644
0.853785
0.855006
0.861448
0.84591
0.847581
0.85404
0.857612
0.850621
0.847626
0.852582
0.855366
0.85386
0.863588
0.843815
0.849138
0.848516
0.858415
0.845337
0.854377
0.848096
0.855757
0.858722
0.857084
0.854645
0.850401
0.857001
0.849977
0.854608
0.869839
0.848446
0.854879
0.850958
0.85092
0.848437
0.849335
0.853855
0.849091
0.862142
0.849728
0.855726
0.857766
0.851006
0.847388
0.856859
0.851585
0.857995
0.856823
0.846887
0.852603
0.852879
0.852489
0.850032
0.836711
0.840029
0.853195
0.851586
0.862082
0.852728
0.853402
0.85948
0.847783
0.860941
0.852212
0.84876
0.8519
0.849711
0.856446
0.853813
0.857729
0.863081
0.85361
0.852318
0.85988
0.84715
0.861447
0.850998
0.854619
0.853232
0.850728
0.861962
0.849824
0.854152
0.855687
0.862268
0.863217
0.864708
0.860712
0.852247
0.85147
0.855651
0.858607
0.852427
0.848435
0.850278
0.856005
0.84478
0.854768
0.854063
0.844863
0.846867
0.842106
0.844044
0.851872
0.844867
0.853773
0.849283
0.853963
0.860959
0.855227
0.849711
0.846864
0.859407
0.850413
0.85219
0.845988
0.867535
0.852045
0.858606
0.864701
0.848223
0.857939
0.858411
0.846306
0.84374
0.858843
0.856816
0.853293
0.858016
0.853867
0.861749
0.850012
0.852201
0.858779
0.866249
0.859724
0.854629
0.847086
0.849256
0.85019
0.861862
0.850192
0.851372
0.858162
0.851601
0.851064
0.851641
0.852235
0.855081
0.846854
0.847571
0.847705
0.849097
0.846886
0.845666
0.863165
0.860123
0.858873
0.852636
0.849186
0.84741
0.869307
0.862828
0.846732
0.85691
0.855262
0.851034
0.852802
0.853216
0.857415
0.851414
0.854439
0.845144
0.853478
0.846304
0.858985
0.858382
0.85305
0.848749
0.851542
0.85002
0.857828
0.85482
0.858839
0.858753
0.865412
0.860716
0.850898
0.851175
0.850646
0.85402
0.852805
0.849604
0.853028
0.843028
0.848296
0.851526
0.854665
0.847191
0.848786
0.847261
0.85878
0.863289
0.857171
0.857147
0.856758
0.859467
0.845515
0.850898
0.842508
0.859521
0.854775
0.851193
0.852384
0.856234
0.848865
0.850511
0.851169
0.848977
0.863174
0.848211
0.841785
0.853971
0.838371
0.850112
0.853497
0.856893
0.859157
0.847775
0.847913
0.844173
0.863783
0.847501
0.851012
0.856544
0.854521
0.850029
0.853268
0.856276
0.850964
0.848456
0.855833
0.855126
0.84523
0.855553
0.849751
0.862987
0.844459
0.858881
0.852436
0.851678
0.847473
0.866909
0.853319
0.846084
0.861182
0.842418
0.851072
0.849634
0.851239
0.850879
0.853911
0.848704
0.866496
0.84744
0.85279
0.862387
0.855924
0.835133
0.868035
0.858044
0.840972
0.845566
0.86055
0.856089
0.854664
0.849992
0.846876
0.854926
0.852578
0.84068
0.849051
0.852587
0.847924
0.851342
0.8521
0.84616
0.856628
0.858593
0.8545
0.858842
0.847321
0.841078
0.852239
0.857734
0.852283
0.847338
0.851783
0.85088
0.850642
0.856905
0.846273
0.847924
0.852479
0.850375
0.851886
0.845553
0.850793
0.849025
0.857686
0.845548
0.858803
0.848875
0.851002
0.855186
0.845667
0.853775
0.856501
0.855524
0.854807
0.858203
0.846135
0.857242
0.842843
0.848982
0.856111
0.852262
0.858936
0.846144
0.855546
0.852571
0.853891
0.86019
0.855088
0.853784
0.850948
0.856964
0.854053
0.853011
0.84724
0.856041
0.853986
0.848353
0.864838
0.866152
0.853418
0.84765
0.858339
0.849735
0.844431
0.853057
0.850637
0.851841
0.849194
0.844617
0.861285
0.846042
0.847361
0.847167
0.851223
0.864136
0.859639
0.84521
0.863075
0.850176
0.854519
0.850705
0.862835
0.845527
0.858858
0.852694
0.843539
0.848765
0.850412
0.863811
0.850207
0.84769
0.857493
0.856953
0.843394
0.853786
0.85057
0.85165
0.851775
0.853835
0.850315
0.851159
0.860926
0.857946
0.851404
0.851416
0.848023
0.85065
0.847664
0.854132
0.855909
0.844224
0.854539
0.850096
0.84981
0.846686
0.859073
0.856029
0.861851
0.842852
0.855166
0.855406
0.853619
0.852064
0.856658
0.853388
0.855887
0.852697
0.862318
0.852165
0.853229
0.84584
0.855263
0.850756
0.850683
0.854359
0.857648
0.855547
0.849728
0.852355
0.846648
0.853651
0.866897
0.847855
0.842714
0.850956
0.849277
0.851917
0.863638
0.847906
0.843414
0.85394
0.857531
0.844216
0.851247
0.847969
0.850692
0.850327
0.852576
0.854451
0.854234
0.845798
0.845718
0.852131
0.85641
0.855224
0.854064
0.852147
0.851702
0.842872
0.851763
0.851516
0.855079
0.850984
0.857643
0.853694
0.855916
0.848457
0.855995
0.85825
0.857779
0.855241
0.849162
0.850853
0.858295
0.849609
0.847037
0.855114
0.850562
0.837523
0.847124
0.843944
0.852412
0.858263
0.859229
0.853448
0.850112
0.849898
0.848956
0.858742
0.848705
0.856832
0.846977
0.855709
0.85675
0.848226
0.852866
0.85009
0.860764
0.849013
0.852531
0.856102
0.854585
0.863136
0.849402
0.855209
0.859533
0.855608
0.855714
0.853979
0.857462
0.848593
0.85142
0.840793
0.862081
0.847691
0.852905
0.854235
0.858012
0.849155
0.849102
0.852229
0.847716
0.853188
0.867377
0.854978
0.844143
0.858125
0.84547
0.854506
0.855666
0.854515
0.862253
0.861391
0.860786
0.848527
0.851421
0.855108
0.846224
0.853389
0.851608
0.852912
0.853816
0.858842
0.858267
0.856075
0.859285
0.852197
0.844482
0.853066
0.853286
0.852416
0.846734
0.84497
0.855862
0.855156
0.856061
0.849059
0.853817
0.85344
0.853366
0.85693
0.845732
0.84524
0.852958
0.858944
0.849175
0.848337
0.857343
0.85702
0.853439
0.856376
0.845361
0.852882
0.8644
0.85488
0.858782
0.861843
0.859376
0.857694
0.859004
0.856316
0.855314
0.857658
0.856588
0.848928
0.852262
0.855187
0.859016
0.850404
0.85839
0.850449
0.84827
0.857037
0.850728
0.857047
0.852924
0.851332
0.850452
0.857526
0.857104
0.85963
0.844835
0.855001
0.852635
0.856291
0.853514
0.854996
0.851669
0.851748
0.857756
0.860121
0.853875
0.863096
0.852819
0.85112
0.851235
0.851502
0.856921
0.853892
0.857302
0.839312
0.846478
0.847492
0.851042
0.854048
0.844423
0.850353
0.850274
0.850097
0.849663
0.856907
0.857142
0.844772
0.855265
0.859167
0.851153
0.85134
0.862806
0.852954
0.852547
0.861265
0.857386
0.858973
0.84982
0.850599
0.841193
0.853446
0.855511
0.866127
0.856496
0.846045
0.848368
0.857917
0.843879
0.856327
0.855933
0.853509
0.846549
0.859124
0.841362
0.85581
0.857814
0.851061
0.857665
0.85576
0.84451
0.85178
0.851651
0.855227
0.849179
0.856899
0.853426
0.852611
0.856522
0.852772
0.852657
0.852905
0.861051
0.846407
0.849591
0.851124
0.859118
0.844466
0.849756
0.839368
0.842786
0.85175
0.846615
0.846549
0.852121
0.852233
0.859559
0.854953
0.855355
0.850473
0.852894
0.855413
0.84988
0.841311
0.856635
0.851286
0.842653
0.851204
0.854347
0.856783
0.846955
0.85076
0.868156
0.849931
0.855829
0.851616
0.858856
0.855249
0.846167
0.843425
0.858139
0.848427
0.845205
0.85241
0.847428
0.852556
0.857704
0.850875
0.845841
0.85355
0.856573
0.851198
0.851073
0.85605
0.847518
0.859932
0.852567
0.846182
0.854887
0.862124
0.84699
0.850135
0.855512
0.853881
0.847192
0.846577
0.851713
0.850529
0.848876
0.858764
0.858174
0.851867
0.848423
0.852117
0.864938
0.854038
0.847168
0.856037
0.861949
0.857033
0.856068
0.858445
0.84935
0.863645
0.857631
0.852923
0.853562
0.855946
0.852189
0.85235
0.859962
0.854277
0.854662
0.853294
0.862997
0.861559
0.852787
0.848343
0.854943
0.857412
0.849596
0.857526
0.856116
0.856264
0.84632
0.852784
0.860212
0.853846
0.849645
0.862243
0.848628
0.859357
0.8462
0.850421
0.854347
0.856929
0.854878
0.855895
0.863901
0.849251
0.853311
0.854554
0.848592
0.843303
0.848084
0.850707
0.848669
0.843774
0.846621
0.856186
0.845966
0.849547
0.860552
0.85577
0.855714
0.84996
0.854308
0.857526
0.854137
0.853043
0.854615
0.852836
0.847568
0.848853
0.847162
0.860567
0.850386
0.840633
0.850962
0.86292
0.85786
0.86007
0.851419
0.859437
0.859918
0.854393
0.84733
0.859042
0.852291
0.846253
0.853518
0.839169
0.852371
0.853301
0.847442
0.847415
0.85202
0.858567
0.850182
0.85895
0.851423
0.845781
0.858314
0.849123
0.859276
0.85297
0.850364
0.857336
0.855641
0.858402
0.84474
0.848751
0.849935
0.859158
0.84976
0.855156
0.853972
0.85549
0.854644
0.851278
0.845453
0.85184
0.858034
0.851308
0.861123
0.854081
0.849798
0.853257
0.848407
0.85068
0.85087
0.854454
0.848771
0.855788
0.857921
0.856265
0.85609
0.850443
0.855126
0.858741
0.849889
0.848639
0.855441
0.851147
0.851232
0.85733
0.850361
0.861237
0.850061
0.859432
0.867874
0.855491
0.850118
0.856609
0.850076
0.84943
0.849559
0.861962
0.848523
0.852722
0.862629
0.852208
0.861448
0.853939
0.85046
0.847145
0.84879
0.854868
0.855683
0.852912
0.85401
0.861286
0.85335
0.854042
0.850689
0.848934
0.845408
0.851501
0.850497
0.857108
0.850648
0.85135
0.854936
0.848972
0.862328
0.856939
0.854768
0.843524
0.854873
0.85554
0.860664
0.856543
0.856994
0.855013
0.849698
0.852901
0.853568
0.838946
0.851868
0.856521
0.859184
0.848651
0.853175
0.859376
0.851374
0.847613
0.851645
0.856567
0.85612
0.855361
0.851416
0.853426
0.860267
0.863973
0.849075
0.855088
0.841576
0.862543
0.854286
0.8464
0.848813
0.849627
0.836678
0.854512
0.865037
0.857008
0.848165
0.853965
0.849764
0.85704
0.843047
0.853364
0.857628
0.856634
0.85836
0.851407
0.845919
0.853938
0.852287
0.849224
0.855817
0.844014
0.851407
0.844396
0.850824
0.857072
0.848683
0.849301
0.850442
0.855736
0.852814
0.851122
0.853149
0.846951
0.848704
0.853897
0.854258
0.849513
0.8436
0.861656
0.846428
0.859756
0.852065
0.857864
0.849755
0.835694
0.849151
0.846027
0.853123
0.850634
0.852707
0.857162
0.845324
0.843657
0.854204
0.851107
0.855755
0.856173
0.850943
0.855091
0.854884
0.855905
0.846701
0.84394
0.850935
0.841712
0.858398
0.853274
0.858307
0.840322
0.855471
0.857628
0.857972
0.850194
0.862385
0.852832
0.854958
0.849643
0.840635
0.856731
0.847966
0.856493
0.852731
0.85192
0.848414
0.849375
0.858364
0.855112
0.848233
0.851484
0.85689
0.856715
0.852741
0.847172
0.851064
0.85683
0.853885
0.851582
0.846496
0.856343
0.855812
0.84954
0.850427
0.843307
0.858091
0.852725
0.850046
0.864479
0.848945
0.849088
0.861341
0.850355
0.854293
0.863245
0.856871
0.856336
0.854798
0.844297
0.859258
0.855524
0.852821
0.848817
0.857874
0.849435
0.858023
0.856448
0.853914
0.855397
0.848177
0.85123
0.851191
0.850138
0.845429
0.856773
0.863071
0.849868
0.852326
0.853772
0.841825
0.853513
0.859443
0.84593
0.857108
0.847873
0.848802
0.848647
0.850296
0.852616
0.850111
0.849294
0.85784
0.854704
0.858791
0.863245
0.853495
0.857025
0.865557
0.855344
0.862157
0.848649
0.847995
0.85377
0.850278
0.849986
0.853961
0.856076
0.850245
0.847934
0.853034
0.852431
0.85597
0.85891
0.857708
0.85535
0.853337
0.851684
0.846572
0.855717
0.85487
0.854136
0.858478
0.852511
0.855432
0.846228
0.85388
0.852264
0.858394
0.853388
0.865633
0.84811
0.85249
0.854062
0.846754
0.846238
0.839562
0.852185
0.852694
0.859061
0.850524
0.856462
0.858668
0.857778
0.849672
0.851047
0.851351
0.849306
0.844849
0.855408
0.845173
0.861028
0.845787
0.851776
0.855174
0.85749
0.857733
0.854471
0.855703
0.853593
0.849688
0.852287
0.85537
0.854143
0.856157
0.856754
0.849202
0.852047
0.854687
0.850406
0.852399
0.854993
0.856399
0.862702
0.850066
0.855492
0.851203
0.841455
0.852456
0.859291
0.849359
0.849547
0.846182
0.867044
0.852139
0.856419
0.861763
0.851562
0.840695
0.854247
0.849247
0.855237
0.852493
0.853561
0.852317
0.855616
0.849711
0.854073
0.840825
0.855589
0.860517
0.855019
0.84886
0.856458
0.856882
0.847113
0.85398
0.847313
0.839081
0.844799
0.840458
0.860207
0.853855
0.839755
0.845177
0.851719
0.851902
0.862736
0.856087
0.848018
0.845571
0.85068
0.85674
0.852974
0.840065
0.85022
0.854934
0.847672
0.85237
0.846076
0.847456
0.850522
0.846611
0.85001
0.846464
0.850562
0.851742
0.840422
0.855524
0.849561
0.855389
0.844055
0.850839
0.853014
0.850823
0.850256
0.852277
0.855347
0.849914
0.849715
0.860315
0.857804
0.856144
0.847798
0.850858
0.847843
0.849459
0.839764
0.860682
0.860162
0.860268
0.848433
0.847373
0.854825
0.852064
0.851481
0.845566
0.852783
0.843368
0.849985
0.858238
0.858673
0.847303
0.843532
0.853878
0.848605
0.847329
0.845802
0.853591
0.851708
0.855176
0.847535
0.852108
0.845
0.854009
0.852303
0.858661
0.849174
0.852265
0.860433
0.852108
0.845613
0.8487
0.847421
0.848494
0.856284
0.852344
0.850539
0.850552
0.85571
0.855759
0.854027
0.856848
0.857574
0.846564
0.859126
0.861284
0.84422
0.854705
0.848902
0.85282
0.850659
0.844812
0.849276
0.853816
0.851871
0.857688
0.855501
0.85652
0.847201
0.858219
0.856453
0.856168
0.850047
0.856639
0.852295
0.852849
0.851151
0.856439
0.847358
0.851953
0.848552
0.861582
0.843983
0.856947
0.852828
0.848748
0.849684
0.862208
0.853109
0.853701
0.84759
0.850476
0.8471
0.855991
0.85335
0.848187
0.855842
0.841089
0.857686
0.849311
0.866135
0.846283
0.85056
0.843771
0.863288
0.848626
0.84205
0.846587
0.848794
0.853834
0.859031
0.851552
0.845219
0.856123
0.853409
0.848804
0.857794
0.851647
0.858726
0.858635
0.851688
0.84451
0.85345
0.850539
0.857481
0.854224
0.851095
0.843215
0.849691
0.85486
0.854107
0.857031
0.853041
0.849165
0.849862
0.856159
0.852219
0.850962
0.845517
0.857328
0.857983
0.852681
0.858474
0.853334
0.844537
0.854893
0.86069
0.8568
0.852976
0.857923
0.854199
0.845813
0.859019
0.84627
0.851466
0.856396
0.85288
0.861299
0.852313
0.852852
0.856446
0.854795
0.849028
0.854975
0.85426
0.853789
0.849476
0.855889
0.852905
0.847428
0.854984
0.848511
0.850882
0.856307
0.846508
0.850461
0.851166
0.854568
0.844105
0.85745
0.855268
0.857996
0.856236
0.857121
0.861567
0.857815
0.856846
0.856839
0.853715
0.863278
0.839788
0.857889
0.85073
0.855012
0.850208
0.85086
0.857805
0.845763
0.847651
0.845306
0.850141
0.855048
0.851175
0.853711
0.844378
0.851829
0.844681
0.852487
0.854674
0.852411
0.850213
0.853069
0.852945
0.852673
0.845245
0.855275
0.849486
0.850704
0.850114
0.847403
0.850892
0.847308
0.850146
0.84867
0.852029
0.844201
0.855853
0.856835
0.850256
0.849575
0.848496
0.851518
0.854498
0.847917
0.853007
0.852597
0.853313
0.850574
0.865857
0.856112
0.851578
0.851792
0.855192
0.851732
0.853939
0.845197
0.859828
0.853991
0.846777
0.848772
0.847216
0.850896
0.85509
0.851166
0.85184
0.850797
0.853215
0.860516
0.856468
0.858657
0.850958
0.847417
0.845867
0.856562
0.852468
0.849683
0.859467
0.854165
0.852473
0.856503
0.856041
0.84763
0.850284
0.854736
0.855757
0.847283
0.859311
0.855594
0.85938
0.852227
0.85644
0.855533
0.85047
0.858882
0.855253
0.847418
0.854822
0.855942
0.847776
0.854765
0.853283
0.854949
0.851595
0.843644
0.854245
0.841024
0.852256
0.849858
0.851452
0.855162
0.856857
0.860422
0.855219
0.842881
0.849597
0.855713
0.847914
0.856359
0.849195
0.84908
0.857815
0.858229
0.853732
0.855728
0.847264
0.843276
0.856254
0.850885
0.856957
0.85636
0.860424
0.852516
0.87105
0.853808
0.846468
0.857891
0.857911
0.842922
0.850905
0.841685
0.850492
0.846024
0.850617
0.850724
0.855912
0.855653
0.851728
0.854929
0.844909
0.862667
0.853884
0.849436
0.84719
0.850662
0.851068
0.852828
0.845636
0.849482
0.853656
0.851408
0.857879
0.85231
0.859761
0.85373
0.851512
0.848413
0.853358
0.857562
0.853121
0.850925
0.865551
0.85626
0.851693
0.861211
0.858033
0.855107
0.849156
0.852964
0.850705
0.849676
0.851591
0.859871
0.847357
0.848167
0.850162
0.848969
0.847457
0.85464
0.85193
0.85336
0.856034
0.855958
0.852925
0.856501
0.860544
0.852678
0.846257
0.865463
0.858239
0.85613
0.853119
0.856436
0.858197
0.85378
0.85452
0.860448
0.854443
0.848522
0.855812
0.860659
0.856673
0.843937
0.850323
0.852559
0.859049
0.853527
0.859595
0.845604
0.852446
0.850112
0.854534
0.838629
0.860741
0.847604
0.842472
0.851307
0.861834
0.848217
0.851404
0.861083
0.849605
0.857211
0.851691
0.863417
0.847366
0.847366
0.850548
0.849832
0.857254
0.852813
0.838838
0.862453
0.850706
0.854145
0.858867
0.859117
0.847852
0.861328
0.849357
0.854776
0.851563
0.856977
0.854051
0.857175
0.851477
0.846853
0.850835
0.850123
0.852548
0.855621
0.845152
0.855295
0.855693
0.854549
0.861061
0.856349
0.851118
0.856009
0.847318
0.858367
0.844905
0.856869
0.849997
0.846493
0.844599
0.859721
0.853395
0.855759
0.854774
0.85134
0.852645
0.855063
0.859557
0.850766
0.853151
0.858971
0.855848
0.85564
0.855737
0.853292
0.846635
0.850499
0.847025
0.857097
0.861735
0.852168
0.859249
0.844605
0.862998
0.847311
0.857476
0.840645
0.856134
0.854781
0.852936
0.853076
0.849292
0.846152
0.857831
0.852752
0.855617
0.85386
0.851894
0.864952
0.852389
0.853746
0.851497
0.853104
0.859124
0.852149
0.850203
0.851287
0.844972
0.854583
0.847587
0.849538
0.846107
0.845376
0.850666
0.856697
0.849863
0.847643
0.851996
0.861552
0.860789
0.854728
0.845464
0.857993
0.852047
0.856676
0.849947
0.859633
0.849444
0.844727
0.839691
0.859066
0.854546
0.84977
0.850201
0.860958
0.853019
0.842518
0.858912
0.857946
0.851552
0.850126
0.856602
0.845194
0.851474
0.852742
0.850746
0.848192
0.856155
0.855809
0.857393
0.848085
0.853375
0.865066
0.855873
0.853475
0.857848
0.846028
0.854756
0.857133
0.854622
0.847553
0.850571
0.862595
0.857182
0.854952
0.851906
0.849953
0.853194
0.848448
0.858242
0.855363
0.857288
0.853813
0.852355
0.844463
0.854322
0.86003
0.850218
0.857061
0.855259
0.853732
0.854444
0.854021
0.858194
0.851835
0.856053
0.850442
0.854259
0.849001
0.849173
0.856671
0.85089
0.855915
0.852574
0.854045
0.850937
0.857762
0.847635
0.855389
0.850406
0.858857
0.845676
0.85286
0.852038
0.84665
0.856945
0.851846
0.849078
0.845887
0.845052
0.85557
0.850497
0.855613
0.863911
0.852703
0.845566
0.863125
0.854745
0.848101
0.852894
0.840822
0.853475
0.849438
0.850642
0.855625
0.852055
0.846794
0.852582
0.850914
0.853225
0.848602
0.845442
0.852666
0.843467
0.840278
0.864311
0.847233
0.854179
0.86182
0.851109
0.85709
0.856316
0.854814
0.856646
0.847525
0.84575
0.857845
0.855124
0.859712
0.848452
0.856965
0.842728
0.853766
0.838676
0.848919
0.85373
0.846163
0.854008
0.857211
0.856435
0.849206
0.853856
0.856908
0.848677
0.858502
0.847571
0.853329
0.850868
0.855141
0.856743
0.857861
0.845229
0.860418
0.859097
0.84966
0.851158
0.862455
0.847895
0.852665
0.860329
0.849934
0.84423
0.861443
0.858195
0.855856
0.857765
0.844131
0.854082
0.854609
0.850774
0.850371
0.853814
0.842663
0.853239
0.856038
0.849771
0.852119
0.851322
0.851735
0.855605
0.844556
0.857178
0.84578
0.85301
0.854913
0.849664
0.850033
0.854111
0.8586
0.853838
0.850703
0.855594
0.858718
0.859581
0.85331
0.847854
0.847612
0.853998
0.851853
0.850312
0.84605
0.855064
0.853906
0.842855
0.8513
0.865066
0.863267
0.85501
0.861139
0.85173
0.863194
0.847172
0.851881
0.84131
0.857728
0.8585
0.854059
0.852254
0.854773
0.852721
0.848998
0.854622
0.855738
0.844385
0.858862
0.853636
0.850364
0.852282
0.852675
0.846335
0.849896
0.847054
0.851641
0.848366
0.858396
0.849905
0.847768
0.867072
0.852954
0.847238
0.854505
0.850782
0.853086
0.864411
0.851862
0.855899
0.852808
0.848448
0.854585
0.854106
0.860133
0.847849
0.85309
0.851519
0.856028
0.856075
0.849599
0.863546
0.861583
0.852177
0.849125
0.858842
0.846954
0.855687
0.856386
0.855568
0.855185
0.851977
0.850105
0.849397
0.861647
0.856414
0.854224
0.85656
0.846146
0.849436
0.848974
0.851797
0.848611
0.855515
0.856688
0.856581
0.854865
0.851974
0.845302
0.856185
0.854815
0.858114
0.855492
0.843626
0.853487
0.855283
0.85049
0.841878
0.853342
0.865088
0.85646
0.847668
0.862738
0.856102
0.848439
0.844629
0.860888
0.853143
0.856981
0.855522
0.85595
0.853777
0.85404
0.841677
0.846357
0.85657
0.856443
0.853616
0.8587
0.85127
0.846476
0.850607
0.844489
0.856881
0.846511
0.852307
0.850326
0.849792
0.861948
0.846725
0.851668
0.846846
0.852067
0.853572
0.855651
0.848124
0.852085
0.846199
0.850752
0.853158
0.852157
0.857667
0.847926
0.847242
0.858106
0.860777
0.853558
0.858573
0.854087
0.859636
0.855662
0.854909
0.847971
0.85415
0.849296
0.858211
0.856494
0.854265
0.854125
0.855438
0.850405
0.857582
0.849146
0.853098
0.850883
0.850566
0.856956
0.854554
0.859197
0.851165
0.854103
0.851652
0.847672
0.8535
0.850678
0.869147
0.856612
0.85693
0.853495
0.85247
0.854889
0.852235
0.856538
0.859931
0.857962
0.857549
0.859885
0.855948
0.85122
0.854329
0.8502
0.844197
0.846751
0.849536
0.85363
0.855442
0.856602
0.846483
0.846442
0.858975
0.850586
0.845072
0.855721
0.858911
0.845045
0.859489
0.844221
0.847968
0.856509
0.844342
0.853389
0.847117
0.847249
0.842255
0.8509
0.850781
0.85053
0.855872
0.852089
0.854823
0.854028
0.850933
0.847399
0.853387
0.850268
0.854545
0.846321
0.854806
0.853416
0.854681
0.853504
0.853383
0.844816
0.85399
0.849326
0.853511
0.862797
0.858818
0.84696
0.858
0.857725
0.855921
0.859457
0.857906
0.848805
0.853475
0.856785
0.847323
0.844628
0.860738
0.861391
0.847514
0.846074
0.851011
0.847643
0.861131
0.853556
0.858876
0.851223
0.857562
0.845972
0.847761
0.854021
0.8646
0.855542
0.841558
0.849599
0.848052
0.848811
0.851242
0.847415
0.852934
0.855589
0.860305
0.85141
0.860879
0.857417
0.854232
0.853006
0.858101
0.854133
0.84816
0.864037
0.864161
0.846584
0.847698
0.857132
0.863262
0.856226
0.853666
0.848772
0.84989
0.860571
0.864811
0.850297
0.849806
0.852469
0.85015
0.845975
0.845764
0.854084
0.853987
0.85169
0.856632
0.851454
0.84279
0.851458
0.859149
0.850349
0.855389
0.846415
0.849151
0.860508
0.856962
0.849322
0.846343
0.84737
0.856225
0.848605
0.850916
0.85427
0.857743
0.857065
0.851507
0.855811
0.850419
0.846395
0.857782
0.851705
0.856863
0.849229
0.847634
0.861387
0.856373
0.847748
0.843493
0.859347
0.85361
0.843619
0.853477
0.857424
0.844485
0.851097
0.859119
0.854729
0.846517
0.858657
0.849799
0.852605
0.85216
0.84724
0.852685
0.858031
0.855341
0.851484
0.85899
0.854416
0.858304
0.848822
0.846637
0.855326
0.847619
0.864127
0.839038
0.853151
0.856459
0.849313
0.853299
0.84794
0.854255
0.855241
0.848682
0.842389
0.852206
0.863013
0.856359
0.837996
0.850073
0.859906
0.859697
0.850287
0.849782
0.849636
0.855329
0.844897
0.843697
0.852359
0.860685
0.851693
0.843773
0.852589
0.852361
0.858803
0.845996
0.865569
0.860618
0.850794
0.864771
0.846412
0.852823
0.859012
0.845429
0.846189
0.861489
0.847925
0.849391
0.850582
0.85677
0.851078
0.852435
0.853466
0.858436
0.846635
0.855387
0.853284
0.846352
0.85334
0.854669
0.857037
0.847842
0.843504
0.855514
0.85019
0.856604
0.858738
0.859051
0.850006
0.862618
0.864745
0.851525
0.846893
0.847994
0.85164
0.848855
0.862335
0.852234
0.854318
0.852589
0.857617
0.85347
0.854214
0.845555
0.856049
0.857078
0.855593
0.852858
0.849723
0.857998
0.850107
0.859437
0.853002
0.855353
0.856888
0.851921
0.854383
0.849024
0.860536
0.853362
0.856383
0.850873
0.85531
0.852389
0.85419
0.85469
0.850608
0.849643
0.856514
0.856588
0.853256
0.854364
0.854439
0.8608
0.851539
0.855746
0.849946
0.859128
0.852366
0.850399
0.861073
0.856068
0.848365
0.852767
0.850881
0.853946
0.851639
0.851908
0.844904
0.850925
0.847678
0.846798
0.850579
0.857855
0.850159
0.850068
0.844358
0.845119
0.85339
0.859608
0.856803
0.851019
0.843849
0.849912
0.859903
0.854858
0.857915
0.861807
0.854199
0.84332
0.855601
0.853917
0.854948
0.844528
0.849919
0.845513
0.848596
0.855508
0.859461
0.85261
0.848251
0.849123
0.8558
0.852683
0.847801
0.85106
0.849394
0.839796
0.868446
0.848032
0.844233
0.855708
0.856704
0.857218
0.853276
0.848834
0.863601
0.859113
0.855133
0.856379
0.846674
0.84662
0.850937
0.85446
0.861119
0.864327
0.849674
0.858515
0.84183
0.856582
0.860065
0.856285
0.84974
0.84063
0.854134
0.852023
0.85449
0.858442
0.85213
0.850905
0.85684
0.843389
0.859182
0.855013
0.851658
0.859072
0.854977
0.850457
0.865837
0.855177
0.855036
0.857033
0.850435
0.850908
0.846898
0.85222
0.845139
0.85432
0.854392
0.856265
0.846492
0.853413
0.849526
0.841937
0.855838
0.849504
0.864715
0.847694
0.859895
0.858199
0.851456
0.847832
0.854935
0.850092
0.851865
0.850902
0.851295
0.845914
0.85094
0.853551
0.849299
0.853046
0.853298
0.849566
0.855687
0.858499
0.84772
0.846483
0.848789
0.854781
0.854215
0.853367
0.852028
0.855546
0.854358
0.855188
0.856415
0.854117
0.841525
0.854976
0.852919
0.84556
0.858716
0.849058
0.849569
0.841461
0.847107
0.852152
0.854645
0.841939
0.85833
0.859804
0.847759
0.858808
0.845405
0.848297
0.847841
0.851925
0.851175
0.856908
0.866568
0.85161
0.859948
0.844165
0.85444
0.85682
0.848839
0.850342
0.850405
0.858983
0.845454
0.860622
0.852041
0.851485
0.852683
0.851332
0.861431
0.852824
0.856439
0.857672
0.85168
0.851581
0.848089
0.859193
0.851859
0.853764
0.854435
0.851113
0.858186
0.851857
0.853302
0.85415
0.846506
0.850891
0.859484
0.843339
0.85026
0.852643
0.860003
0.855788
0.85004
0.857399
0.85107
0.848606
0.859728
0.854163
0.850694
0.848839
0.863849
0.848635
0.851914
0.858974
0.853808
0.850601
0.85562
0.851453
0.855435
0.845134
0.859441
0.848489
0.855659
0.853045
0.850863
0.853276
0.847443
0.857365
0.853651
0.852975
0.85264
0.855551
0.849224
0.859809
0.854814
0.84802
0.844601
0.845781
0.84687
0.856959
0.847379
0.85452
0.848102
0.853958
0.856469
0.848123
0.854482
0.844807
0.858431
0.850188
0.856709
0.844793
0.845708
0.852897
0.855692
0.856876
0.856625
0.854459
0.85191
0.852844
0.856262
0.850084
0.855303
0.856259
0.845637
0.847214
0.850934
0.842384
0.855945
0.848096
0.857267
0.8551
0.850955
0.849636
0.847934
0.853864
0.846981
0.85447
0.852844
0.85114
0.848445
0.855516
0.850777
0.852123
0.849428
0.852858
0.859741
0.851614
0.854692
0.850751
0.846056
0.853265
0.852826
0.852743
0.847259
0.855706
0.852305
0.856351
0.851999
0.857488
0.856912
0.852334
0.846438
0.849619
0.861452
0.851199
0.847069
0.850004
0.85733
0.848167
0.855944
0.847032
0.851776
0.859198
0.854012
0.854044
0.850192
0.855493
0.860983
0.858492
0.844794
0.846093
0.85211
0.844088
0.845012
0.843367
0.85645
0.853595
0.852
0.86021
0.850095
0.86505
0.858556
0.853519
0.860047
0.853975
0.855076
0.848545
0.85595
0.84785
0.852639
0.856909
0.848683
0.857414
0.849202
0.845602
0.849032
0.86173
0.853577
0.842288
0.855372
0.84515
0.849079
0.849627
0.86045
0.853471
0.857032
0.852085
0.862492
0.849609
0.861066
0.856299
0.845725
0.848841
0.845951
0.849866
0.853242
0.857295
0.849279
0.848077
0.842571
0.844248
0.858967
0.850839
0.856566
0.840419
0.849809
0.847545
0.851499
0.848693
0.855661
0.860932
0.853526
0.855846
0.85291
0.862664
0.852931
0.856959
0.859256
0.855521
0.853538
0.856916
0.848526
0.850845
0.852802
0.857244
0.862639
0.85378
0.863539
0.857539
0.845813
0.844552
0.855027
0.852379
0.850835
0.859408
0.854688
0.855613
0.852002
0.860722
0.84715
0.845536
0.856386
0.861401
0.850169
0.851442
0.8602
0.858595
0.856375
0.85894
0.851523
0.846812
0.862306
0.857323
0.857783
0.850609
0.851569
0.851098
0.854006
0.853889
0.850855
0.856134
0.848284
0.851434
0.854608
0.855947
0.863591
0.856432
0.860597
0.854046
0.858155
0.853835
0.853712
0.845521
0.848542
0.849933
0.86615
0.851491
0.845193
0.855759
0.859778
0.850696
0.862567
0.857425
0.846638
0.850666
0.855403
0.848246
0.851482
0.852272
0.851425
0.850044
0.843631
0.858229
0.849522
0.861629
0.850247
0.849304
0.856282
0.845454
0.849106
0.851906
0.841055
0.855171
0.852922
0.853873
0.848404
0.850194
0.852746
0.858953
0.854486
0.852262
0.84957
0.844465
0.856027
0.843983
0.862045
0.849687
0.858804
0.853926
0.863188
0.855602
0.853431
0.855904
0.852801
0.85292
0.848978
0.853861
0.850679
0.84995
0.847547
0.851722
0.854928
0.853854
0.846511
0.854395
0.855402
0.847224
0.856613
0.855537
0.851498
0.850531
0.857197
0.862938
0.842284
0.845055
0.853104
0.854908
0.866702
0.847914
0.852228
0.854591
0.854123
0.843408
0.847483
0.858519
0.863737
0.845606
0.854027
0.851879
0.848753
0.856762
0.853897
0.853918
0.861125
0.845684
0.859378
0.853681
0.849408
0.858937
0.85635
0.853917
0.849555
0.848913
0.858179
0.850943
0.852706
0.84236
0.849848
0.85764
0.847943
0.851228
0.850788
0.853959
0.856249
0.845242
0.857171
0.857816
0.844089
0.849865
0.855435
0.847651
0.852384
0.855931
0.850866
0.849919
0.852761
0.852061
0.856806
0.862523
0.854138
0.856367
0.861114
0.838097
0.848878
0.842864
0.859389
0.859123
0.849132
0.853271
0.854759
0.858365
0.852302
0.846968
0.865501
0.851377
0.85269
0.85083
0.846385
0.84048
0.851313
0.850437
0.856878
0.859573
0.853927
0.851758
0.857373
0.848659
0.854649
0.853104
0.858571
0.851734
0.850246
0.854276
0.854792
0.849198
0.85391
0.85725
0.856268
0.858136
0.854207
0.846416
0.861367
0.846366
0.853072
0.851017
0.859583
0.850101
0.852854
0.849415
0.851088
0.846711
0.855999
0.850901
0.846896
0.849867
0.854085
0.859927
0.852262
0.849486
0.861792
0.838671
0.859661
0.848948
0.856736
0.858127
0.845172
0.850082
0.854502
0.84865
0.845264
0.8496
0.855264
0.865606
0.853602
0.85605
0.857878
0.845998
0.853793
0.859598
0.853348
0.841552
0.853976
0.847755
0.848196
0.853288
0.849118
0.846942
0.851566
0.847605
0.857422
0.853241
0.85527
0.854145
0.852494
0.854013
0.854069
0.859237
0.845093
0.859327
0.848581
0.855009
0.849513
0.847988
0.854404
0.853961
0.853163
0.852366
0.858371
0.850089
0.846925
0.846776
0.854681
0.850742
0.855829
0.859943
0.850066
0.856655
0.859181
0.855093
0.855297
0.84869
0.855031
0.848933
0.86284
0.852465
0.848135
0.850106
0.857968
0.848261
0.859591
0.853828
0.854411
0.857082
0.850186
0.86655
0.85924
0.857505
0.84558
0.855535
0.868063
0.85354
0.855361
0.848964
0.855314
0.844272
0.849524
0.848726
0.848797
0.856376
0.850416
0.847598
0.854402
0.8361
0.850274
0.853954
0.858185
0.849138
0.854232
0.852312
0.854
0.859485
0.857633
0.856585
0.851668
0.854289
0.861183
0.853439
0.853276
0.858157
0.855833
0.855504
0.854393
0.858503
0.848989
0.848698
0.852596
0.859792
0.840228
0.857943
0.853883
0.859013
0.853804
0.857828
0.852352
0.85371
0.852334
0.856652
0.857548
0.849905
0.848936
0.84762
0.856443
0.85251
0.855145
0.852801
0.853476
0.854252
0.858827
0.842986
0.852445
0.850212
0.856042
0.850886
0.853359
0.853027
0.854929
0.865039
0.846984
0.859681
0.857808
0.847674
0.856465
0.849433
0.846124
0.848771
0.857635
0.866342
0.852092
0.846342
0.840224
0.855753
0.852625
0.860746
0.853902
0.85204
0.852006
0.847023
0.852812
0.851375
0.85219
0.851294
0.857887
0.851917
0.853354
0.852268
0.855488
0.845856
0.855675
0.855442
0.860762
0.852291
0.853304
0.854515
0.852286
0.854265
0.855863
0.855275
0.848984
0.851812
0.847494
0.862119
0.855827
0.840807
0.842516
0.85933
0.852677
0.847831
0.856285
0.852076
0.839031
0.864023
0.853037
0.857773
0.850832
0.853362
0.849082
0.853152
0.850373
0.864377
0.857829
0.854328
0.853422
0.864102
0.854552
0.851783
0.851429
0.852197
0.857855
0.853958
0.858671
0.848521
0.852314
0.850261
0.8509
0.855475
0.849889
0.854823
0.853187
0.854674
0.855489
0.852129
0.857301
0.843438
0.854219
0.851093
0.852373
0.85075
0.853457
0.85207
0.857523
0.861397
0.84848
0.85148
0.846882
0.855704
0.852865
0.848133
0.853158
0.846091
0.844306
0.848537
0.857447
0.851148
0.851421
0.845238
0.849852
0.854059
0.848654
0.844984
0.853921
0.851893
0.864311
0.845716
0.860053
0.850237
0.85489
0.861237
0.856333
0.853959
0.852117
0.856607
0.84663
0.859027
0.851436
0.850018
0.847551
0.854656
0.842114
0.853225
0.842115
0.84599
0.854065
0.854722
0.849063
0.857761
0.848048
0.86056
0.859207
0.850722
0.85951
0.854547
0.852708
0.848736
0.842695
0.842593
0.860677
0.850972
0.848974
0.854774
0.855848
0.849344
0.851659
0.850492
0.853551
0.855483
0.849256
0.849199
0.854766
0.857412
0.859473
0.867031
0.855916
0.84382
0.861825
0.857282
0.855731
0.847177
0.857859
0.849571
0.851255
0.848581
0.848693
0.84298
0.839308
0.851374
0.853605
0.851346
0.852406
0.85552
0.845307
0.852233
0.85647
0.854375
0.851871
0.857471
0.852644
0.855668
0.855663
0.854107
0.854123
0.846252
0.852329
0.856696
0.853379
0.863508
0.848141
0.862683
0.860273
0.85289
0.866189
0.854941
0.85555
0.840034
0.858258
0.861401
0.846689
0.862331
0.860431
0.855481
0.850147
0.849004
0.8553
0.860228
0.847441
0.852084
0.854159
0.857227
0.84701
0.852064
0.859412
0.854368
0.850617
0.854052
0.864011
0.842305
0.852146
0.845064
0.860328
0.856085
0.85284
0.856715
0.858381
0.851116
0.859821
0.859625
0.848228
0.846939
0.869678
0.84514
0.857308
0.847102
0.846484
0.849925
0.843736
0.853215
0.846921
0.858634
0.862563
0.846828
0.838147
0.848081
0.85414
0.860378
0.852286
0.845414
0.847185
0.850333
0.851001
0.851735
0.855105
0.846134
0.85383
0.864273
0.853392
0.853623
0.854071
0.848867
0.849026
0.856851
0.854631
0.850516
0.856813
0.852803
0.851273
0.851111
0.854479
0.846952
0.848502
0.860766
0.861487
0.854324
0.849777
0.850539
0.854777
0.851251
0.855326
0.839644
0.854326
0.846486
0.857573
0.850044
0.853885
0.85767
0.856192
0.841718
0.864886
0.849335
0.854254
0.850428
0.845372
0.850241
0.849973
0.851775
0.859456
0.854233
0.848488
0.862677
0.862479
0.851017
0.85087
0.848852
0.854332
0.857574
0.854915
0.846999
0.858428
0.857109
0.852195
0.859009
0.853581
0.856074
0.856854
0.84828
0.84656
0.850169
0.855978
0.853889
0.860379
0.856406
0.86075
0.852874
0.857861
0.84969
0.846917
0.85205
0.860431
0.847364
0.854778
0.855665
0.856071
0.850138
0.856494
0.853779
0.851783
0.851294
0.855589
0.849138
0.85614
0.85576
0.855954
0.856002
0.855052
0.857564
0.861073
0.850795
0.847308
0.854597
0.852405
0.851453
0.853081
0.850057
0.855483
0.856468
0.844473
0.853293
0.857886
0.85258
0.849601
0.843808
0.849262
0.8625
0.844682
0.848126
0.847641
0.863219
0.858933
0.860277
0.850257
0.855732
0.852077
0.852818
0.852878
0.868614
0.858488
0.864236
0.862328
0.856037
0.844612
0.844606
0.849062
0.852252
0.859215
0.855109
0.842566
0.850182
0.851799
0.855619
0.850328
0.856756
0.85445
0.850966
0.850016
0.86152
0.848845
0.859389
0.854009
0.851834
0.84954
0.854629
0.854214
0.854913
0.859122
0.853448
0.866907
0.853374
0.847756
0.857835
0.854645
0.846545
0.850442
0.846716
0.8527
0.843309
0.852592
0.849433
0.849704
0.852937
0.857583
0.858537
0.848793
0.850634
0.844976
0.858452
0.862261
0.853674
0.85752
0.857207
0.843262
0.842133
0.857255
0.850106
0.851404
0.852046
0.856449
0.850985
0.854676
0.862749
0.844292
0.851242
0.850901
0.853172
0.846411
0.864878
0.847584
0.85659
0.856538
0.862369
0.848357
0.845322
0.856558
0.856497
0.854612
0.845821
0.851089
0.855033
0.856851
0.860688
0.856114
0.846854
0.851081
0.858193
0.852248
0.862071
0.855957
0.852007
0.844139
0.853529
0.840797
0.849446
0.853611
0.853547
0.859512
0.852314
0.856931
0.854512
0.857672
0.837962
0.854138
0.859553
0.846348
0.863915
0.838226
0.854415
0.84889
0.855051
0.857908
0.851126
0.858094
0.859848
0.859664
0.857512
0.850535
0.853597
0.858106
0.851351
0.856748
0.843654
0.848407
0.850559
0.853632
0.852661
0.854051
0.858126
0.848996
0.846095
0.854826
0.858935
0.852325
0.854906
0.852019
0.853867
0.847707
0.856581
0.845979
0.844444
0.851907
0.855222
0.864359
0.853248
0.853758
0.857038
0.855332
0.85027
0.853343
0.848997
0.851139
0.853686
0.851568
0.851795
0.849387
0.842172
0.853853
0.852434
0.850864
0.854576
0.852455
0.839695
0.852561
0.855293
0.856023
0.857016
0.865282
0.853248
0.856649
0.855299
0.868333
0.856167
0.858002
0.859034
0.852797
0.848893
0.852057
0.851259
0.849618
0.856338
0.86164
0.849048
0.848857
0.856436
0.847635
0.85229
0.857846
0.850999
0.852466
0.846107
0.849928
0.843491
0.859649
0.846679
0.865777
0.854283
0.854371
0.848371
0.855806
0.846276
0.849965
0.848641
0.862279
0.844253
0.86342
0.851207
0.851874
0.850529
0.858102
0.847543
0.844582
0.845161
0.852177
0.858676
0.84828
0.852406
0.842282
0.853931
0.859771
0.839769
0.854378
0.848989
0.862904
0.840628
0.846766
0.850097
0.861864
0.861875
0.850529
0.85323
0.856359
0.846314
0.85823
0.851531
0.844967
0.841314
0.847939
0.857822
0.854543
0.849269
0.853215
0.854143
0.845923
0.859498
0.846693
0.857188
0.85233
0.855355
0.85062
0.848102
0.851363
0.85106
0.857766
0.843803
0.853376
0.84239
0.85285
0.857592
0.852482
0.856409
0.849962
0.854398
0.850891
0.858464
0.84753
0.851084
0.845858
0.850856
0.854653
0.849454
0.856304
0.847193
0.847631
0.846473
0.840104
0.848885
0.856656
0.85326
0.846548
0.848433
0.854262
0.850274
0.855961
0.860834
0.856153
0.851788
0.851713
0.84911
0.853113
0.855779
0.86058
0.854185
0.850654
0.860901
0.84441
0.851921
0.849051
0.850291
0.853991
0.862838
0.85618
0.853044
0.851418
0.844974
0.852643
0.858616
0.854408
0.848877
0.850845
0.854935
0.851534
0.853153
0.852893
0.85052
0.851226
0.850647
0.860267
0.847731
0.85105
0.845579
0.851411
0.853526
0.848602
0.858284
0.844871
0.860803
0.863781
0.854354
0.846375
0.85417
0.865823
0.861042
0.842663
0.854866
0.851307
0.853476
0.856258
0.848285
0.847947
0.850249
0.851735
0.852903
0.85022
0.850438
0.84732
0.845862
0.853593
0.854539
0.853472
0.851112
0.849567
0.853869
0.853948
0.847847
0.848997
0.846811
0.853491
0.858477
0.856362
0.855836
0.853571
0.854456
0.847811
0.855912
0.860143
0.851023
0.859881
0.85254
0.852557
0.854738
0.852471
0.846444
0.854017
0.860054
0.845907
0.852114
0.849959
0.853055
0.857938
0.849672
0.848561
0.85843
0.868052
0.851894
0.856012
0.860403
0.837778
0.838292
0.84649
0.85111
0.852424
0.860702
0.844252
0.855827
0.856138
0.852694
0.850206
0.86049
0.848132
0.838255
0.841915
0.85555
0.849179
0.854594
0.865105
0.849893
0.845254
0.851024
0.852751
0.84598
0.84437
0.845236
0.847533
0.851569
0.8545
0.846433
0.850637
0.862234
0.849691
0.858734
0.866678
0.85032
0.856886
0.852384
0.844262
0.854848
0.855744
0.85412
0.859721
0.858942
0.865495
0.854046
0.853082
0.849468
0.862159
0.853458
0.84964
0.862267
0.849906
0.857247
0.854143
0.846841
0.847986
0.845984
0.852249
0.856042
0.85306
0.858199
0.851623
0.846858
0.846703
0.849663
0.843182
0.862098
0.858611
0.856403
0.850572
0.856066
0.845701
0.845672
0.848433
0.850972
0.854531
0.850737
0.854854
0.853427
0.854363
0.86123
0.854359
0.854732
0.854082
0.852713
0.852903
0.857176
0.858656
0.840882
0.850416
0.849233
0.863356
0.845352
0.857253
0.859366
0.84884
0.851469
0.852305
0.856105
0.851668
0.84591
0.850709
0.850044
0.852127
0.844189
0.84895
0.849332
0.850277
0.847184
0.846026
0.86054
0.850872
0.840291
0.857628
0.862834
0.845044
0.858736
0.854632
0.855624
0.84669
0.851062
0.857327
0.858496
0.84865
0.844823
0.852725
0.855168
0.846478
0.857686
0.851119
0.853651
0.855134
0.840353
0.850128
0.849657
0.848177
0.847125
0.855383
0.848704
0.848276
0.853452
0.850293
0.846991
0.847952
0.849077
0.856678
0.854293
0.850866
0.848109
0.86109
0.844828
0.854635
0.84714
0.849931
0.853555
0.855074
0.858724
0.847556
0.850859
0.851627
0.85294
0.854573
0.856238
0.851173
0.84983
0.854806
0.843752
0.856564
0.860736
0.845902
0.855225
0.860662
0.84459
0.851601
0.848057
0.850216
0.849447
0.851456
0.849383
0.849857
0.851386
0.8585
0.846521
0.854635
0.848683
0.855261
0.859398
0.852138
0.852194
0.853064
0.849339
0.853507
0.854263
0.86016
0.851256
0.854122
0.861413
0.852832
0.853069
0.852015
0.844145
0.84954
0.851106
0.849472
0.851778
0.853469
0.851374
0.856163
0.843527
0.849224
0.851401
0.85433
0.858506
0.85646
0.856085
0.852474
0.853583
0.856796
0.857266
0.852229
0.849087
0.852431
0.853533
0.85072
0.852192
0.85037
0.854266
0.850484
0.852455
0.861285
0.85304
0.85926
0.856171
0.856955
0.851257
0.85344
0.842164
0.858734
0.855104
0.855713
0.855849
0.849537
0.847613
0.858825
0.857329
0.855919
0.852343
0.856461
0.853105
0.862917
0.849817
0.854804
0.85019
0.860322
0.856233
0.844666
0.849477
0.846676
0.848649
0.85886
0.851715
0.85153
0.854159
0.861515
0.854293
0.845301
0.856131
0.85919
0.858499
0.848812
0.854834
0.856652
0.851561
0.851276
0.853001
0.848636
0.852256
0.85963
0.856491
0.850344
0.857874
0.855831
0.859143
0.8502
0.862091
0.850237
0.854296
0.848884
0.848808
0.849828
0.851725
0.845198
0.84365
0.859508
0.857763
0.855948
0.850598
0.852417
0.856215
0.84825
0.85495
0.854543
0.85249
0.853349
0.856557
0.854357
0.862902
0.86479
0.846205
0.853601
0.841973
0.860827
0.850295
0.856007
0.852431
0.850139
0.857653
0.857522
0.851493
0.848604
0.847538
0.852395
0.853764
0.848619
0.843661
0.848672
0.847568
0.847839
0.856187
0.853646
0.854394
0.852706
0.852448
0.852208
0.857956
0.849626
0.853585
0.856495
0.855399
0.852159
0.857995
0.854344
0.843966
0.852789
0.854507
0.849157
0.855275
0.857778
0.855721
0.851304
0.848833
0.850613
0.860906
0.841534
0.855482
0.853735
0.852563
0.852819
0.863245
0.845429
0.855171
0.847451
0.865444
0.84438
0.857136
0.856006
0.853035
0.857088
0.85556
0.849929
0.852729
0.847858
0.854604
0.851973
0.852508
0.860703
0.850138
0.855396
0.853188
0.858687
0.851882
0.85552
0.854485
0.851735
0.8558
0.850184
0.853188
0.862414
0.854917
0.855361
0.855495
0.845569
0.858593
0.851579
0.852144
0.846522
0.851392
0.857166
0.846815
0.851495
0.843944
0.852104
0.852468
0.84063
0.857402
0.850878
0.847474
0.856175
0.854487
0.853455
0.852055
0.861299
0.853752
0.851241
0.85032
0.846717
0.859187
0.846524
0.854791
0.848527
0.855544
0.844253
0.850709
0.857038
0.848011
0.851609
0.857138
0.851447
0.852741
0.84921
0.843827
0.842308
0.851006
0.850844
0.84962
0.854605
0.850663
0.856923
0.846828
0.860484
0.850657
0.849636
0.859509
0.855016
0.847268
0.851523
0.857506
0.854647
0.858321
0.85305
0.856853
0.855413
0.844304
0.852603
0.852817
0.856005
0.845967
0.846587
0.850863
0.850832
0.850848
0.85565
0.853205
0.846601
0.847126
0.857366
0.853653
0.847941
0.849048
0.863599
0.849787
0.851102
0.85409
0.845562
0.851233
0.864925
0.853215
0.851589
0.849379
0.844908
0.849563
0.860407
0.849805
0.852487
0.847195
0.861016
0.85134
0.851821
0.858173
0.850247
0.863412
0.852655
0.851078
0.849738
0.852963
0.853591
0.846303
0.851143
0.849869
0.854775
0.859696
0.850349
0.855867
0.850261
0.848364
0.860592
0.841134
0.843568
0.849979
0.860964
0.854643
0.853669
0.851136
0.849219
0.863283
0.850814
0.850907
0.855218
0.854366
0.852499
0.855277
0.853964
0.859573
0.856879
0.85342
0.856212
0.856112
0.849453
0.860417
0.855338
0.850395
0.856846
0.857901
0.852478
0.84793
0.8596
0.848309
0.853742
0.847859
0.852266
0.856883
0.857113
0.852594
0.855052
0.85082
0.856872
0.856637
0.846223
0.857943
0.856573
0.857339
0.861583
0.858853
0.854869
0.855331
0.856287
0.845308
0.86091
0.845004
0.849934
0.853006
0.84945
0.858233
0.851878
0.858857
0.854476
0.848713
0.845081
0.854164
0.852364
0.850788
0.85681
0.849219
0.863428
0.851249
0.857817
0.845547
0.859824
0.849321
0.859764
0.859928
0.853782
0.852246
0.858539
0.845212
0.845717
0.847196
0.85365
0.849017
0.844886
0.861283
0.851634
0.858273
0.842478
0.854817
0.850385
0.856251
0.856051
0.855534
0.858055
0.854826
0.85139
0.856533
0.857026
0.849696
0.847308
0.856997
0.856464
0.852667
0.85496
0.857178
0.852551
0.84811
0.864618
0.843716
0.859775
0.857146
0.842309
0.857403
0.854253
0.854066
0.846261
0.847925
0.855345
0.856418
0.855952
0.850148
0.855265
0.851833
0.856246
0.866466
0.858779
0.850353
0.849419
0.848622
0.844711
0.855172
0.854024
0.84224
0.844202
0.850978
0.85646
0.863074
0.848728
0.850178
0.855074
0.857889
0.856561
0.845499
0.853692
0.860927
0.851493
0.852533
0.841914
0.851384
0.844404
0.840616
0.850627
0.843837
0.850388
0.851697
0.854295
0.856215
0.845065
0.854687
0.844788
0.851444
0.844232
0.857307
0.859383
0.850197
0.859191
0.856815
0.849914
0.847887
0.848957
0.85548
0.850251
0.853186
0.854703
0.853432
0.851324
0.854466
0.853899
0.847564
0.853308
0.846251
0.846144
0.847503
0.853322
0.854594
0.853266
0.854818
0.848855
0.858579
0.847073
0.853581
0.862333
0.858953
0.848242
0.857586
0.849758
0.853769
0.855676
0.848615
0.862242
0.850815
0.857489
0.85483
0.855419
0.847363
0.859451
0.860248
0.851695
0.851781
0.853217
0.862229
0.856432
0.852945
0.854657
0.847147
0.8507
0.851281
0.851252
0.851982
0.842573
0.851218
0.855234
0.843606
0.853915
0.851568
0.855773
0.856581
0.844326
0.851532
0.861729
0.855685
0.856071
0.859328
0.845584
0.849546
0.852653
0.847238
0.851985
0.857143
0.861494
0.859206
0.852427
0.848735
0.849419
0.844498
0.849085
0.853763
0.85565
0.856798
0.858451
0.854492
0.860542
0.858401
0.858754
0.846285
0.857379
0.852529
0.848856
0.860774
0.855182
0.856297
0.85832
0.848843
0.857007
0.857664
0.857966
0.855525
0.865675
0.865873
0.848869
0.866312
0.853717
0.840744
0.860055
0.855312
0.857448
0.849836
0.849296
0.853986
0.851643
0.853601
0.849989
0.849602
0.855324
0.854216
0.851717
0.857747
0.850648
0.853052
0.846452
0.84088
0.861247
0.857218
0.856487
0.856675
0.850723
0.849484
0.847172
0.855705
0.847829
0.849141
0.856604
0.84432
0.839806
0.853847
0.852958
0.850152
0.853988
0.847893
0.859064
0.848318
0.848987
0.858361
0.85592
0.858626
0.84274
0.851051
0.853443
0.861123
0.844613
0.857974
0.859666
0.852348
0.857786
0.856804
0.844426
0.851753
0.851455
0.857509
0.856252
0.845447
0.852557
0.853509
0.849332
0.849934
0.843765
0.84849
0.846149
0.84855
0.857075
0.856371
0.858313
0.843725
0.844451
0.849298
0.86038
0.853381
0.847764
0.851615
0.849495
0.856688
0.850584
0.852411
0.859726
0.860014
0.855788
0.849865
0.852848
0.856
0.848411
0.861792
0.841595
0.867621
0.848833
0.843479
0.857414
0.848491
0.860682
0.849496
0.851317
0.856762
0.851571
0.860098
0.852852
0.859526
0.860074
0.852987
0.858557
0.861464
0.85588
0.848399
0.849016
0.855922
0.860258
0.845876
0.86358
0.855283
0.856712
0.849045
0.846501
0.850503
0.853716
0.851676
0.849917
0.846645
0.851587
0.851525
0.842906
0.850202
0.857013
0.863596
0.845665
0.855299
0.846789
0.850632
0.845725
0.841803
0.848332
0.848997
0.858984
0.857691
0.848359
0.850796
0.862071
0.862292
0.846132
0.858443
0.850752
0.84473
0.847321
0.852423
0.852421
0.858391
0.852299
0.853793
0.856303
0.855358
0.857369
0.854264
0.85026
0.853474
0.855192
0.856964
0.85719
0.856395
0.862929
0.851273
0.848802
0.856179
0.849856
0.844208
0.853069
0.847762
0.853097
0.843834
0.855435
0.848748
0.848786
0.846534
0.857945
0.859779
0.860709
0.846366
0.845954
0.85785
0.860732
0.857408
0.853773
0.848703
0.851864
0.855395
0.85268
0.851516
0.846927
0.850919
0.845281
0.850549
0.850542
0.855953
0.848873
0.856852
0.860832
0.854135
0.849508
0.853685
0.851623
0.843605
0.857081
0.864879
0.856158
0.856491
0.859528
0.850599
0.848041
0.853881
0.860399
0.851077
0.855053
0.853184
0.858503
0.854319
0.85016
0.84579
0.849116
0.842439
0.845364
0.864326
0.851868
0.854129
0.852098
0.849814
0.84845
0.847799
0.851139
0.855278
0.84426
0.851274
0.855058
0.856595
0.861682
0.853722
0.847655
0.855495
0.857252
0.848187
0.845001
0.855987
0.855146
0.859486
0.850304
0.847717
0.84766
0.856861
0.85643
0.857561
0.851469
0.850839
0.848188
0.848455
0.852262
0.858176
0.852787
0.871104
0.853547
0.864757
0.845911
0.852464
0.839193
0.856939
0.851469
0.853392
0.850416
0.861174
0.85544
0.859671
0.853759
0.851987
0.867603
0.85565
0.854859
0.853638
0.845794
0.853691
0.855104
0.844885
0.851849
0.846904
0.861125
0.848863
0.85203
0.856862
0.857271
0.854544
0.852313
0.854156
0.856373
0.854523
0.852047
0.8556
0.86449
0.84718
0.851072
0.860213
0.854417
0.846527
0.847249
0.846052
0.852051
0.850107
0.856975
0.85385
0.851858
0.85583
0.859151
0.851494
0.856461
0.839336
0.855636
0.85902
0.853125
0.853214
0.84549
0.846898
0.851631
0.844148
0.845311
0.851532
0.853551
0.845372
0.857443
0.853812
0.854718
0.845056
0.853608
0.854986
0.845338
0.85046
0.857145
0.86335
0.838767
0.860652
0.853883
0.854112
0.846855
0.846022
0.852691
0.845269
0.856489
0.85304
0.844024
0.850147
0.852136
0.857576
0.850445
0.860902
0.845722
0.847048
0.846138
0.857877
0.852112
0.858705
0.850559
0.848919
0.844206
0.851588
0.860478
0.858712
0.858664
0.855348
0.848239
0.849261
0.843793
0.86013
0.853059
0.852268
0.846162
0.856045
0.858512
0.851602
0.856058
0.857716
0.849158
0.849716
0.863432
0.853624
0.848022
0.853714
0.849649
0.848504
0.856055
0.856752
0.859532
0.853576
0.854142
0.868549
0.858793
0.850436
0.850527
0.852613
0.852923
0.854445
0.854057
0.864115
0.84673
0.846349
0.853694
0.857751
0.865326
0.860676
0.851826
0.85536
0.857589
0.85304
0.850732
0.853102
0.854007
0.8603
0.856886
0.857717
0.849416
0.853998
0.858106
0.841872
0.86081
0.854648
0.851618
0.852252
0.839972
0.852166
0.850587
0.84817
0.85437
0.861363
0.854051
0.858274
0.84948
0.848016
0.847808
0.846264
0.841105
0.849305
0.847407
0.85623
0.863509
0.849626
0.863039
0.856845
0.853837
0.85392
0.853571
0.850474
0.84762
0.847459
0.855604
0.849968
0.86003
0.861577
0.849281
0.854665
0.853927
0.859571
0.851056
0.851612
0.853323
0.858807
0.855373
0.857149
0.851715
0.849173
0.847861
0.83894
0.851847
0.858742
0.859999
0.854494
0.84822
0.859069
0.851359
0.852439
0.853688
0.854719
0.851486
0.858288
0.854397
0.855844
0.842041
0.85072
0.853511
0.855318
0.857371
0.855592
0.852774
0.850383
0.853472
0.842065
0.853751
0.863801
0.852152
0.865171
0.852146
0.850448
0.853938
0.851732
0.851206
0.852076
0.845392
0.849657
0.859285
0.85935
0.857384
0.851983
0.858077
0.850714
0.855807
0.857697
0.852822
0.85348
0.851356
0.846578
0.851492
0.853106
0.854308
0.855878
0.855574
0.845105
0.851776
0.862525
0.847761
0.85159
0.850616
0.854911
0.855053
0.86431
0.849989
0.85169
0.851247
0.854524
0.856797
0.848742
0.858719
0.854418
0.862332
0.855194
0.852006
0.863471
0.846495
0.855354
0.850965
0.850135
0.861555
0.856635
0.857961
0.845769
0.850529
0.853643
0.853088
0.863814
0.855945
0.85776
0.844832
0.855603
0.858636
0.846886
0.851734
0.841687
0.855419
0.848123
0.859983
0.850075
0.848185
0.853215
0.857085
0.84515
0.856132
0.852495
0.855848
0.851475
0.857227
0.851544
0.849917
0.851337
0.863994
0.860948
0.849646
0.855242
0.853005
0.847889
0.854018
0.852416
0.8632
0.848318
0.85375
0.855582
0.851941
0.855802
0.847867
0.843877
0.854072
0.860931
0.846879
0.852742
0.843623
0.851058
0.863553
0.854277
0.849483
0.85652
0.853348
0.85188
0.855519
0.849722
0.857297
0.858083
0.862411
0.851707
0.863538
0.853386
0.848492
0.842259
0.855252
0.858246
0.857999
0.846031
0.859455
0.846989
0.860204
0.854475
0.850857
0.852054
0.849842
0.855024
0.846407
0.854666
0.855757
0.850319
0.845766
0.83924
0.853493
0.846977
0.855757
0.858421
0.85596
0.857966
0.847043
0.850437
0.851323
0.858114
0.858049
0.864577
0.852335
0.850228
0.851573
0.850069
0.857284
0.848741
0.861432
0.850825
0.853621
0.857939
0.844531
0.857358
0.851316
0.854421
0.85876
0.860229
0.858313
0.857436
0.858616
0.853385
0.84361
0.859198
0.852208
0.852508
0.854541
0.860772
0.848141
0.857639
0.846449
0.852908
0.852374
0.851568
0.847329
0.856805
0.859971
0.851262
0.857108
0.851672
0.846602
0.855022
0.866529
0.856264
0.857049
0.851125
0.847161
0.856066
0.852528
0.857258
0.844184
0.847424
0.846017
0.862598
0.854728
0.852602
0.851681
0.860558
0.847254
0.852103
0.858549
0.848055
0.859606
0.851322
0.836943
0.857584
0.849257
0.848467
0.856518
0.858769
0.862065
0.847181
0.84359
0.843721
0.851514
0.851672
0.844982
0.845991
0.854766
0.846996
0.856329
0.857886
0.85252
0.847291
0.851395
0.862588
0.845879
0.850067
0.85003
0.852266
0.856136
0.857083
0.85442
0.855281
0.845754
0.854155
0.848535
0.856217
0.860968
0.852913
0.853989
0.849727
0.857862
0.849224
0.852304
0.846384
0.85193
0.850788
0.853322
0.85372
0.852856
0.849578
0.852319
0.849854
0.855003
0.851319
0.845143
0.851691
0.848285
0.850041
0.857053
0.848086
0.845758
0.846682
0.854318
0.860091
0.850896
0.845814
0.852279
0.843776
0.853286
0.85402
0.857765
0.853193
0.850181
0.849094
0.851314
0.855318
0.853229
0.85324
0.857135
0.849477
0.851035
0.854945
0.858241
0.856737
0.853559
0.852464
0.859326
0.853511
0.859847
0.857085
0.847366
0.853778
0.852403
0.836473
0.846064
0.854955
0.854572
0.856808
0.855735
0.85555
0.855107
0.847268
0.855092
0.852949
0.853727
0.853291
0.847545
0.859203
0.860765
0.857477
0.849884
0.851977
0.852129
0.849806
0.848106
0.86315
0.850291
0.852491
0.85313
0.85179
0.851171
0.862776
0.858798
0.845934
0.846971
0.842327
0.856629
0.853855
0.857907
0.849737
0.84781
0.855875
0.847636
0.846476
0.855416
0.848958
0.851397
0.854434
0.84271
0.848358
0.850203
0.854046
0.859323
0.852585
0.855112
0.853225
0.854792
0.848236
0.856115
0.855975
0.859814
0.844823
0.849522
0.850704
0.852956
0.853741
0.84512
0.859901
0.847591
0.844832
0.85108
0.851184
0.854267
0.860128
0.860057
0.858608
0.854272
0.854013
0.850615
0.84583
0.863494
0.853428
0.849808
0.85837
0.848846
0.846609
0.848918
0.854013
0.850739
0.858423
0.848922
0.854695
0.852929
0.858989
0.863764
0.845292
0.850848
0.857739
0.86144
0.86278
0.855301
0.859364
0.851148
0.855049
0.859
0.843416
0.852955
0.85818
0.846733
0.863281
0.850085
0.854194
0.860071
0.857745
0.853499
0.849798
0.854594
0.845331
0.8467
0.85735
0.858195
0.850868
0.849471
0.858231
0.857255
0.853303
0.856416
0.847839
0.850459
0.853643
0.854358
0.851784
0.857469
0.855193
0.844215
0.854131
0.850872
0.854202
0.848476
0.854663
0.855172
0.856462
0.855767
0.860211
0.862905
0.855487
0.857189
0.848033
0.855283
0.851155
0.84963
0.860477
0.854333
0.853107
0.864236
0.862169
0.85429
0.858835
0.856823
0.855162
0.856326
0.845545
0.857859
0.858337
0.847266
0.850978
0.849532
0.845726
0.844615
0.853561
0.856585
0.852437
0.857692
0.863564
0.863839
0.84803
0.854134
0.862352
0.858383
0.84736
0.858347
0.85211
0.851162
0.851215
0.850449
0.84283
0.851142
0.854661
0.857561
0.850882
0.857878
0.855511
0.858838
0.852439
0.850802
0.857761
0.854767
0.852033
0.854814
0.858192
0.855249
0.847724
0.847428
0.850042
0.855185
0.85721
0.854554
0.852979
0.853464
0.8519
0.844868
0.853965
0.844834
0.849592
0.855602
0.858175
0.847899
0.854363
0.856807
0.845435
0.857518
0.852048
0.85598
0.8498
0.852635
0.846939
0.851645
0.856824
0.855541
0.850397
0.848861
0.850508
0.850557
0.856725
0.849694
0.849611
0.851453
0.858824
0.858004
0.848661
0.853642
0.858861
0.851842
0.852195
0.849975
0.855033
0.852368
0.857736
0.851791
0.858341
0.858618
0.84919
0.851054
0.854539
0.859774
0.858631
0.860477
0.852854
0.850226
0.856491
0.854975
0.851947
0.857597
0.854307
0.855786
0.856665
0.842178
0.867255
0.851867
0.859131
0.841424
0.853195
0.859259
0.84566
0.854344
0.857579
0.846632
0.861996
0.854436
0.854255
0.855947
0.846703
0.851215
0.859178
0.848963
0.855629
0.848691
0.850869
0.851884
0.8572
0.849624
0.852551
0.864976
0.857954
0.847846
0.848028
0.849379
0.858092
0.852204
0.848452
0.857285
0.855215
0.854778
0.846196
0.86035
0.856993
0.856467
0.859109
0.863879
0.851345
0.859303
0.854345
0.848719
0.862486
0.851419
0.845903
0.858289
0.847035
0.852138
0.854402
0.837882
0.856898
0.859974
0.851913
0.853165
0.857868
0.848619
0.855262
0.843969
0.848838
0.854031
0.849299
0.848529
0.851046
0.845097
0.851122
0.852592
0.855355
0.859615
0.851308
0.857339
0.857202
0.843088
0.856154
0.868997
0.838838
0.85309
0.85492
0.846715
0.854299
0.85158
0.857041
0.845183
0.851567
0.850621
0.847479
0.859267
0.854459
0.859643
0.848468
0.842944
0.849258
0.852005
0.861719
0.85763
0.850419
0.851399
0.85691
0.854581
0.857774
0.856889
0.846752
0.84639
0.857756
0.864314
0.854442
0.849532
0.857987
0.846586
0.851053
0.854414
0.85798
0.850815
0.858713
0.851913
0.844312
0.849869
0.850494
0.853924
0.845119
0.8508
0.857179
0.846346
0.836892
0.855364
0.845737
0.854929
0.848248
0.854848
0.85527
0.85229
0.852086
0.851417
0.844636
0.845348
0.845892
0.85693
0.849939
0.849653
0.848405
0.849027
0.845783
0.847796
0.85443
0.854659
0.846922
0.852111
0.855097
0.851989
0.86145
0.850775
0.853832
0.853324
0.845662
0.850234
0.853709
0.846259
0.849385
0.845535
0.852744
0.853187
0.851551
0.855165
0.855172
0.854029
0.8576
0.856338
0.856181
0.849864
0.846327
0.854425
0.845752
0.849905
0.852698
0.849634
0.855669
0.848043
0.852669
0.846649
0.861313
0.853499
0.849839
0.851235
0.855583
0.850727
0.850829
0.857951
0.851748
0.842596
0.852932
0.857756
0.85891
0.857421
0.856343
0.850866
0.849375
0.849715
0.867714
0.854767
0.848075
0.857183
0.854202
0.857745
0.848461
0.852839
0.845392
0.853723
0.850412
0.848794
0.848861
0.846654
0.855802
0.856062
0.851788
0.850553
0.849958
0.852833
0.844341
0.851189
0.852744
0.853049
0.849638
0.844558
0.855361
0.861529
0.858268
0.849394
0.856698
0.841508
0.853808
0.849314
0.860813
0.855845
0.842345
0.862152
0.838603
0.847829
0.84947
0.852448
0.85483
0.840482
0.838447
0.852239
0.859232
0.847458
0.850987
0.854756
0.857385
0.849177
0.864729
0.860936
0.859021
0.857218
0.851645
0.852454
0.853361
0.854512
0.852755
0.854279
0.852699
0.855289
0.852883
0.85839
0.853639
0.854906
0.839369
0.84851
0.84899
0.848493
0.844964
0.851461
0.854782
0.852244
0.849198
0.853491
0.855265
0.838263
0.851052
0.85304
0.853406
0.843298
0.855513
0.847594
0.856176
0.856349
0.850267
0.84287
0.862336
0.852423
0.847122
0.848878
0.853522
0.858169
0.852792
0.849986
0.848205
0.850916
0.847607
0.865788
0.857485
0.850193
0.848492
0.85304
0.860002
0.853766
0.85416
0.84694
0.861298
0.856482
0.849686
0.855067
0.838896
0.845367
0.857787
0.859151
0.858796
0.84718
0.855774
0.857653
0.858426
0.853445
0.848452
0.854503
0.854057
0.857863
0.859701
0.856745
0.84871
0.855056
0.864587
0.855252
0.848643
0.843572
0.846133
0.853566
0.857505
0.854415
0.854601
0.849572
0.853051
0.85232
0.847104
0.850223
0.859608
0.855362
0.861766
0.855302
0.84763
0.854843
0.854615
0.847468
0.851084
0.836503
0.850097
0.844418
0.850272
0.851278
0.858672
0.856592
0.856502
0.843232
0.849483
0.847398
0.857423
0.847896
0.858182
0.846304
0.853191
0.852592
0.852493
0.856679
0.865962
0.853179
0.853072
0.857528
0.849067
0.852638
0.853717
0.85282
0.858937
0.869151
0.849335
0.850998
0.854477
0.853538
0.852225
0.853632
0.855782
0.856236
0.852746
0.852888
0.860546
0.86053
0.848319
0.850925
0.853067
0.848379
0.851739
0.852475
0.855355
0.85912
0.85258
0.852733
0.856258
0.853329
0.856311
0.8468
0.860506
0.852612
0.855138
0.852455
0.861588
0.849341
0.850526
0.849832
0.856592
0.860637
0.858052
0.850974
0.853459
0.848297
0.855795
0.853576
0.855596
0.853904
0.85063
0.854586
0.869774
0.847793
0.855934
0.853374
0.847055
0.839783
0.848595
0.847332
0.8497
0.850904
0.851654
0.848514
0.853339
0.847302
0.84636
0.854634
0.853035
0.849686
0.848451
0.852896
0.85548
0.848177
0.853352
0.851805
0.848478
0.841255
0.85286
0.859161
0.857444
0.855704
0.860507
0.844689
0.852868
0.857584
0.860702
0.838926
0.842941
0.84725
0.852305
0.848723
0.854317
0.849275
0.862625
0.847103
0.851093
0.861383
0.846615
0.857592
0.851661
0.851459
0.862671
0.844015
0.860332
0.854715
0.847477
0.861112
0.847781
0.846055
0.848686
0.849158
0.845366
0.859712
0.849583
0.853576
0.849662
0.853785
0.847615
0.852784
0.847287
0.854315
0.846666
0.860455
0.852838
0.852568
0.8554
0.85316
0.850496
0.864769
0.861267
0.858123
0.853935
0.856043
0.862078
0.861827
0.854199
0.846839
0.848886
0.848501
0.848827
0.851174
0.849857
0.85178
0.85443
0.856183
0.854867
0.852694
0.856725
0.857294
0.849744
0.846561
0.849864
0.855485
0.852587
0.850292
0.849464
0.848954
0.860988
0.854159
0.856671
0.848334
0.853621
0.849445
0.844679
0.859163
0.847937
0.853944
0.859179
0.858193
0.848538
0.861301
0.847007
0.849923
0.848853
0.86177
0.857118
0.854254
0.857856
0.850485
0.849322
0.848658
0.854239
0.842275
0.858028
0.862492
0.85587
0.857261
0.850426
0.85986
0.858722
0.846659
0.85295
0.843929
0.857596
0.85443
0.849958
0.856969
0.847587
0.854682
0.8538
0.86015
0.85304
0.864327
0.852555
0.851761
0.851634
0.855484
0.849119
0.845024
0.857646
0.853162
0.849191
0.850825
0.855653
0.854774
0.845714
0.84923
0.849594
0.8569
0.862176
0.855383
0.850787
0.848449
0.842581
0.841312
0.847185
0.851807
0.855291
0.856516
0.863045
0.858612
0.853869
0.850326
0.85391
0.852357
0.850564
0.864502
0.850805
0.848129
0.852645
0.853602
0.849856
0.848282
0.856831
0.855214
0.851708
0.858615
0.85847
0.85181
0.850487
0.855083
0.851983
0.852069
0.853424
0.852618
0.854752
0.856781
0.842309
0.859215
0.856342
0.859198
0.855242
0.854159
0.851163
0.855569
0.852764
0.856821
0.850036
0.848005
0.848377
0.860524
0.849475
0.855249
0.851575
0.850602
0.844581
0.860195
0.849841
0.850874
0.852348
0.845251
0.854285
0.852708
0.851539
0.847996
0.852137
0.84656
0.85408
0.854143
0.858026
0.853477
0.850341
0.852843
0.85341
0.847197
0.860834
0.843986
0.848838
0.853353
0.8589
0.85921
0.859898
0.859641
0.851608
0.85566
0.850055
0.858681
0.856902
0.859321
0.849248
0.858359
0.859741
0.846059
0.861499
0.853616
0.855078
0.855839
0.862615
0.859314
0.854114
0.855913
0.854675
0.855966
0.855935
0.85039
0.849787
0.854814
0.847184
0.852113
0.845965
0.848882
0.848447
0.859481
0.858617
0.856902
0.847835
0.854611
0.852009
0.84559
0.853449
0.851674
0.860792
0.856608
0.861093
0.854415
0.857652
0.846973
0.856577
0.850241
0.854418
0.844529
0.858144
0.850091
0.84804
0.849081
0.852066
0.854344
0.846925
0.858315
0.847859
0.854063
0.852342
0.850898
0.846963
0.848818
0.851503
0.849718
0.847653
0.856913
0.855236
0.851883
0.851547
0.857872
0.856776
0.855525
0.852531
0.852967
0.863807
0.859262
0.8591
0.854567
0.850692
0.847382
0.848888
0.860064
0.854447
0.849437
0.852693
0.855372
0.855049
0.856741
0.851069
0.850509
0.855111
0.852346
0.8428
0.859636
0.856489
0.856937
0.844722
0.85892
0.862545
0.856562
0.853914
0.851539
0.857463
0.852583
0.84852
0.855226
0.854498
0.847025
0.852487
0.84661
0.859665
0.851555
0.85283
0.86
0.850877
0.851897
0.849514
0.85673
0.848435
0.857269
0.842951
0.851693
0.854111
0.853773
0.850097
0.857882
0.851213
0.850422
0.846743
0.858743
0.857439
0.858621
0.8525
0.84626
0.852224
0.856555
0.853233
0.850888
0.850054
0.845659
0.85
0.854491
0.841897
0.860452
0.865694
0.852115
0.852228
0.852451
0.846437
0.852209
0.854105
0.852544
0.859852
0.851357
0.856949
0.850852
0.861324
0.854563
0.850457
0.85322
0.845338
0.858695
0.863825
0.856576
0.85036
0.85145
0.847596
0.856906
0.857137
0.858409
0.855801
0.839922
0.851483
0.868708
0.845625
0.848496
0.859749
0.851688
0.854645
0.855849
0.8556
0.850589
0.852336
0.847919
0.862422
0.847379
0.857268
0.849788
0.856316
0.861734
0.853732
0.847013
0.850313
0.853893
0.850351
0.851404
0.847469
0.854443
0.850441
0.847568
0.844871
0.848807
0.85419
0.851916
0.847248
0.855991
0.853265
0.850227
0.8596
0.855886
0.857372
0.856568
0.850366
0.85074
0.85748
0.853217
0.853142
0.851852
0.859573
0.848453
0.855029
0.85026
0.851029
0.860066
0.843128
0.859903
0.8474
0.856109
0.852174
0.848065
0.850833
0.857296
0.862017
0.853153
0.853156
0.850682
0.85721
0.856982
0.849348
0.846803
0.8513
0.851783
0.852331
0.847355
0.852547
0.848099
0.847746
0.858761
0.841313
0.860513
0.849166
0.847373
0.846974
0.854072
0.861654
0.847622
0.850781
0.857837
0.851378
0.864615
0.851145
0.851147
0.850293
0.859346
0.850761
0.853173
0.854771
0.857606
0.859578
0.854678
0.85851
0.859811
0.851491
0.852277
0.859388
0.851117
0.852168
0.848808
0.851901
0.857368
0.849081
0.849832
0.854183
0.848344
0.857305
0.855698
0.852538
0.851124
0.85881
0.850294
0.850084
0.84181
0.858154
0.854821
0.855301
0.849518
0.854801
0.852641
0.85044
0.851697
0.85862
0.859009
0.846606
0.852485
0.861805
0.857039
0.858401
0.860624
0.848023
0.855119
0.856702
0.855038
0.851194
0.854487
0.850863
0.851853
0.852128
0.84843
0.858748
0.856074
0.858523
0.858218
0.847968
0.847438
0.854052
0.856195
0.855476
0.853015
0.851285
0.855374
0.851421
0.863579
0.855091
0.850262
0.848072
0.853737
0.845896
0.862318
0.850612
0.85349
0.855254
0.855422
0.850819
0.854271
0.856004
0.850355
0.857879
0.846857
0.850817
0.863861
0.85548
0.850955
0.857705
0.858912
0.852989
0.859221
0.852102
0.849409
0.857209
0.853774
0.850226
0.859898
0.86103
0.849335
0.856955
0.849893
0.857597
0.851385
0.858839
0.851857
0.856549
0.848284
0.858491
0.852639
0.860194
0.851117
0.860697
0.854784
0.853495
0.850086
0.856521
0.86687
0.855226
0.851059
0.850905
0.853735
0.855669
0.848374
0.85945
0.858006
0.851234
0.852072
0.849193
0.850741
0.852765
0.855541
0.867776
0.85857
0.843295
0.855034
0.850431
0.849283
0.859477
0.86507
0.850282
0.863451
0.860305
0.845283
0.856158
0.863333
0.853896
0.856079
0.864122
0.860739
0.852468
0.850633
0.855477
0.845669
0.848809
0.84619
0.862747
0.849779
0.852186
0.849388
0.859764
0.850843
0.858108
0.846317
0.855408
0.844063
0.846696
0.855135
0.845422
0.854856
0.853726
0.849456
0.847749
0.85391
0.858726
0.852925
0.855917
0.850185
0.860522
0.853998
0.849919
0.86473
0.85996
0.850545
0.853954
0.841381
0.844662
0.855315
0.856419
0.849416
0.850584
0.848232
0.850362
0.857019
0.846868
0.851848
0.851218
0.849749
0.85052
0.85943
0.851588
0.851549
0.848678
0.850235
0.857596
0.857282
0.862896
0.849483
0.860184
0.850877
0.845541
0.859874
0.852492
0.847486
0.848861
0.851782
0.851029
0.852349
0.868226
0.846348
0.850611
0.84885
0.859796
0.857227
0.866507
0.855061
0.849753
0.851482
0.853131
0.845243
0.844692
0.856705
0.857909
0.853858
0.851636
0.846352
0.851144
0.855709
0.850365
0.850525
0.853072
0.842295
0.853044
0.854926
0.847084
0.848811
0.855102
0.855168
0.85216
0.855872
0.86301
0.859089
0.854943
0.856238
0.851842
0.848973
0.853652
0.857228
0.858307
0.855604
0.853037
0.856117
0.858107
0.844015
0.843012
0.851003
0.851136
0.863853
0.841192
0.851384
0.850851
0.862736
0.844643
0.851611
0.856665
0.853705
0.861092
0.853946
0.843005
0.844025
0.850645
0.855465
0.84423
0.850125
0.852098
0.861314
0.859291
0.859679
0.854948
0.866362
0.855188
0.858433
0.858998
0.860286
0.845371
0.855082
0.853029
0.844374
0.857814
0.845955
0.861941
0.852337
0.858257
0.85564
0.856308
0.857219
0.852574
0.860035
0.851509
0.860147
0.851073
0.86241
0.849898
0.846872
0.855364
0.850978
0.854359
0.857534
0.84836
0.846172
0.858745
0.850719
0.850457
0.856878
0.854813
0.847912
0.853736
0.851848
0.853383
0.851089
0.845691
0.852822
0.851423
0.854416
0.855029
0.854158
0.852062
0.856053
0.850338
0.852196
0.852412
0.852804
0.848417
0.845879
0.84983
0.850557
0.842229
0.838864
0.863173
0.852771
0.854582
0.85232
0.845149
0.851462
0.856779
0.851564
0.856809
0.848312
0.846445
0.855858
0.852689
0.856256
0.853109
0.852284
0.860567
0.84968
0.845695
0.84382
0.846326
0.860434
0.851761
0.85796
0.852821
0.860432
0.854055
0.861482
0.85097
0.8474
0.851194
0.853639
0.853006
0.853772
0.857756
0.847612
0.845558
0.846176
0.856215
0.857197
0.859096
0.851363
0.850041
0.844126
0.855402
0.860402
0.851833
0.849388
0.856597
0.845325
0.850138
0.843528
0.856674
0.861132
0.864068
0.847793
0.853472
0.851973
0.854829
0.858818
0.848571
0.848048
0.839547
0.85391
0.85108
0.845942
0.856515
0.853937
0.852467
0.851115
0.850361
0.85037
0.855657
0.855803
0.859147
0.842763
0.861663
0.855633
0.852979
0.851258
0.861931
0.840153
0.858037
0.85141
0.857897
0.860412
0.853399
0.856614
0.844284
0.854459
0.851946
0.848205
0.857566
0.853908
0.860091
0.856947
0.855789
0.846286
0.858449
0.845653
0.852239
0.848392
0.848646
0.862463
0.84899
0.854026
0.857233
0.846536
0.85476
0.855508
0.855735
0.847741
0.859645
0.848214
0.853816
0.855708
0.856874
0.858307
0.8508
0.849962
0.859917
0.849511
0.85801
0.844749
0.847547
0.853088
0.84945
0.853592
0.85687
0.851412
0.858973
0.848916
0.856942
0.848651
0.854846
0.852459
0.851074
0.851912
0.855553
0.860736
0.852384
0.84826
0.864102
0.859826
0.862112
0.849002
0.846305
0.850026
0.860855
0.842033
0.840794
0.853303
0.839575
0.846023
0.85431
0.86139
0.847837
0.852685
0.850349
0.84882
0.856624
0.858463
0.848114
0.851416
0.854019
0.841303
0.858294
0.855526
0.853971
0.858242
0.845504
0.851318
0.845211
0.858063
0.852771
0.847172
0.86008
0.851597
0.858897
0.846535
0.861147
0.857671
0.852478
0.853638
0.856781
0.848276
0.845505
0.8509
0.85221
0.850037
0.853407
0.849231
0.85661
0.859133
0.851664
0.855412
0.851265
0.853663
0.852046
0.850801
0.859377
0.863868
0.858368
0.852792
0.850036
0.855483
0.857795
0.845863
0.856643
0.841282
0.851585
0.85379
0.847336
0.847837
0.856367
0.850274
0.85795
0.847728
0.851792
0.851464
0.849856
0.846671
0.857869
0.847471
0.856171
0.86118
0.840297
0.859072
0.856601
0.852571
0.858743
0.854939
0.846184
0.859129
0.862238
0.853884
0.849581
0.836711
0.853459
0.840156
0.851696
0.847878
0.849191
0.849612
0.847224
0.850777
0.852409
0.847446
0.851728
0.844192
0.851613
0.847286
0.846098
0.852342
0.855782
0.849297
0.850543
0.850849
0.847283
0.861018
0.850066
0.852658
0.852219
0.857926
0.850477
0.85971
0.862648
0.85661
0.861634
0.855878
0.851565
0.852702
0.854395
0.850741
0.850075
0.850535
0.854851
0.863364
0.860074
0.851389
0.848096
0.84258
0.846595
0.84621
0.853051
0.846317
0.863277
0.847912
0.855542
0.848145
0.859705
0.859713
0.854115
0.852584
0.857272
0.858354
0.855807
0.849738
0.854362
0.848949
0.858677
0.85411
0.843671
0.852277
0.853599
0.849324
0.853831
0.847847
0.847392
0.861396
0.85501
0.856502
0.852454
0.850472
0.856149
0.860221
0.85983
0.855493
0.852773
0.846538
0.859862
0.854168
0.850284
0.853108
0.851145
0.853954
0.848388
0.847985
0.851224
0.853388
0.845727
0.852635
0.859141
0.852459
0.846905
0.859107
0.850747
0.849254
0.854744
0.859443
0.84683
0.851598
0.848335
0.849829
0.846739
0.854441
0.843099
0.862356
0.850065
0.858057
0.858496
0.852021
0.855476
0.866979
0.860681
0.849169
0.851334
0.857692
0.854221
0.853653
0.846781
0.846352
0.846577
0.85645
0.846904
0.854297
0.850374
0.857404
0.846276
0.855634
0.848549
0.846938
0.845982
0.854681
0.854152
0.848438
0.853582
0.843594
0.85177
0.852769
0.862175
0.853708
0.846023
0.857054
0.851623
0.856873
0.845031
0.850272
0.852383
0.853364
0.847862
0.846204
0.859074
0.844451
0.859302
0.859647
0.848686
0.852436
0.856858
0.849522
0.859168
0.841774
0.852018
0.851124
0.842381
0.848201
0.855867
0.86341
0.849749
0.85447
0.855889
0.84706
0.850993
0.85941
0.855704
0.848307
0.850641
0.858211
0.85993
0.850682
0.849684
0.857761
0.851436
0.852757
0.850777
0.853615
0.87146
0.857795
0.851868
0.851421
0.845889
0.853025
0.853528
0.85532
0.852062
0.856667
0.86346
0.852482
0.846245
0.844552
0.851953
0.853502
0.846933
0.844149
0.845029
0.862683
0.851259
0.845625
0.851705
0.858934
0.854764
0.855364
0.842849
0.8479
0.853484
0.857033
0.856182
0.856506
0.849084
0.856655
0.848589
0.855737
0.853342
0.851641
0.8455
0.857689
0.85268
0.850737
0.858319
0.84668
0.86263
0.857779
0.847384
0.858059
0.856875
0.853003
0.855204
0.848933
0.858366
0.860258
0.858511
0.855323
0.843735
0.86031
0.857061
0.846245
0.853717
0.858875
0.857229
0.854255
0.848066
0.850343
0.84898
0.849296
0.855136
0.851931
0.85111
0.851207
0.858697
0.853508
0.857067
0.844687
0.858715
0.856357
0.84993
0.857833
0.86341
0.850111
0.85708
0.848268
0.851097
0.85512
0.854499
0.84907
0.853264
0.849017
0.852222
0.854608
0.855033
0.847171
0.847574
0.850587
0.856067
0.857623
0.861354
0.858553
0.851479
0.857882
0.845726
0.852499
0.857173
0.853626
0.851721
0.857492
0.855593
0.854753
0.855761
0.85065
0.849193
0.864304
0.847329
0.850037
0.853443
0.856279
0.848777
0.859151
0.853715
0.847119
0.852606
0.849583
0.850174
0.855584
0.848638
0.856209
0.856892
0.852603
0.851214
0.854306
0.858062
0.850685
0.846851
0.856383
0.852529
0.860725
0.844619
0.865452
0.852483
0.856664
0.854191
0.850765
0.856928
0.857441
0.851521
0.845261
0.857593
0.854937
0.855604
0.853675
0.856312
0.85706
0.84523
0.85167
0.848839
0.846802
0.856417
0.849459
0.851668
0.863981
0.846875
0.849467
0.848311
0.851107
0.860537
0.854185
0.857473
0.846516
0.847959
0.855926
0.853435
0.856506
0.861262
0.849713
0.860144
0.850928
0.854054
0.861408
0.852083
0.852188
0.84582
0.854132
0.854233
0.854995
0.850739
0.863461
0.853366
0.853703
0.846105
0.853674
0.855992
0.85269
0.849996
0.855188
0.843319
0.847469
0.860634
0.844376
0.849377
0.852433
0.835613
0.858271
0.838155
0.857188
0.847259
0.857408
0.854649
0.859975
0.85299
0.855439
0.85785
0.853107
0.846926
0.856108
0.855824
0.856007
0.860767
0.861425
0.85388
0.852324
0.855159
0.855142
0.85435
0.857261
0.859175
0.845123
0.854878
0.851639
0.849899
0.854217
0.84182
0.857821
0.85716
0.857247
0.855147
0.852821
0.851858
0.854384
0.8555
0.852305
0.858374
0.849055
0.854469
0.849391
0.859707
0.856947
0.8577
0.850882
0.853797
0.855733
0.856631
0.853479
0.854534
0.851893
0.84794
0.84589
0.851669
0.852228
0.850138
0.850124
0.853986
0.863878
0.855196
0.852996
0.857978
0.8516
0.852097
0.848285
0.852131
0.847968
0.854364
0.85982
0.860882
0.84784
0.856412
0.845714
0.856051
0.851635
0.846201
0.85351
0.853299
0.853651
0.845265
0.850289
0.848931
0.853897
0.853817
0.855127
0.848197
0.864272
0.85412
0.849728
0.849328
0.849967
0.845583
0.846879
0.853697
0.854621
0.853191
0.855014
0.85044
0.864128
0.850385
0.853179
0.840059
0.854126
0.854258
0.847348
0.849638
0.847654
0.852113
0.853155
