0.841126
0.822769
0.827943
0.824573
0.823225
0.840519
0.822724
0.835354
0.845438
0.815856
0.819606
0.826713
0.850394
0.82666
0.832082
0.837404
0.82608
0.825051
0.835478
0.84246
0.835315
0.82406
0.841406
0.826997
0.828394
0.828103
0.833773
0.82695
0.830848
0.838557
0.824948
0.834668
0.838604
0.846843
0.839352
0.830321
0.836852
0.829587
0.829245
0.852667
0.835802
0.831362
0.823787
0.835831
0.844289
0.828178
0.82402
0.830341
0.821937
0.845152
0.843048
0.847015
0.811428
0.836815
0.826585
0.828883
0.830268
0.82529
0.826419
0.82576
0.835538
0.822169
0.821233
0.840048
0.842417
0.84765
0.838479
0.827921
0.827672
0.823929
0.823046
0.822949
0.827745
0.839941
0.842685
0.818215
0.823031
0.844567
0.853744
0.827162
0.834839
0.828356
0.821447
0.82814
0.823125
0.839044
0.821353
0.822674
0.831489
0.822175
0.830444
0.830917
0.827547
0.815596
0.825562
0.828555
0.818714
0.834658
0.839831
0.836927
0.845678
0.843913
0.820889
0.831812
0.822113
0.83103
0.835861
0.852113
0.829581
0.825386
0.840333
0.830188
0.826315
0.815721
0.819678
0.820366
0.82766
0.830714
0.827993
0.844599
0.81831
0.845886
0.814945
0.832684
0.820177
0.832407
0.834811
0.833976
0.825059
0.829288
0.819699
0.843601
0.839413
0.807906
0.824626
0.828167
0.830593
0.8356
0.81764
0.83447
0.817674
0.822567
0.839422
0.814881
0.81723
0.845716
0.835366
0.833264
0.805676
0.838518
0.828567
0.823558
0.823342
0.827264
0.8217
0.835315
0.827854
0.841968
0.816978
0.829834
0.819527
0.82148
0.834113
0.842726
0.849174
0.852155
0.825022
0.842089
0.821439
0.8195
0.827046
0.822069
0.823326
0.817147
0.850218
0.838818
0.822415
0.834436
0.822936
0.823013
0.842561
0.822095
0.840278
0.840449
0.849321
0.825297
0.837029
0.851943
0.828818
0.846548
0.805811
0.832745
0.847299
0.822612
0.831772
0.822325
0.838195
0.837055
0.818982
0.830297
0.838335
0.832625
0.821025
0.831493
0.820684
0.832448
0.821224
0.823396
0.830838
0.833006
0.837329
0.825153
0.825336
0.827567
0.826973
0.838415
0.836007
0.842639
0.822893
0.82616
0.833901
0.819353
0.845834
0.844195
0.81513
0.832227
0.851664
0.842775
0.825245
0.855095
0.827377
0.82287
0.827737
0.821652
0.83021
0.822561
0.824452
0.833683
0.845867
0.826075
0.850363
0.838905
0.845251
0.815139
0.841177
0.848304
0.821275
0.828354
0.823007
0.821211
0.840026
0.829003
0.82531
0.827946
0.812753
0.828837
0.834572
0.806299
0.822776
0.833329
0.837047
0.834247
0.826841
0.821282
0.822006
0.846366
0.837993
0.84248
0.828046
0.820084
0.844764
0.831651
0.846915
0.825591
0.832564
0.825805
0.81414
0.834943
0.824215
0.843314
0.828839
0.843616
0.822106
0.831954
0.826182
0.829131
0.827782
0.835939
0.827471
0.848363
0.835854
0.826817
0.819286
0.823485
0.831542
0.8235
0.844626
0.840987
0.8258
0.831943
0.842164
0.836652
0.826243
0.826039
0.844205
0.833551
0.833569
0.82033
0.815654
0.823955
0.827862
0.835584
0.855738
0.816659
0.817522
0.81485
0.825466
0.824037
0.84571
0.833998
0.846712
0.824824
0.814557
0.838665
0.822475
0.839472
0.830261
0.839309
0.835359
0.836114
0.822455
0.840056
0.828907
0.828699
0.828266
0.827428
0.826746
0.820372
0.822045
0.816776
0.841228
0.823369
0.845534
0.829095
0.82135
0.841763
0.835879
0.817174
0.819838
0.841763
0.830748
0.832363
0.820629
0.818971
0.826887
0.833635
0.831404
0.836644
0.84785
0.818567
0.837136
0.835409
0.817368
0.821396
0.820118
0.818543
0.810149
0.842441
0.837479
0.835702
0.820739
0.844309
0.849671
0.819246
0.827514
0.830607
0.827036
0.836504
0.850051
0.838719
0.811325
0.815628
0.837394
0.8372
0.813879
0.831189
0.826108
0.822419
0.839288
0.843689
0.836495
0.842297
0.829786
0.829494
0.826173
0.845866
0.820101
0.836948
0.821665
0.835767
0.837135
0.813334
0.835373
0.836516
0.833006
0.834977
0.832966
0.823558
0.821744
0.840284
0.824998
0.830416
0.825869
0.830439
0.822056
0.839209
0.831588
0.825544
0.840785
0.833256
0.843531
0.839307
0.822787
0.839257
0.822965
0.820196
0.824229
0.835343
0.821754
0.833046
0.827422
0.818261
0.841542
0.830798
0.822392
0.822934
0.838317
0.829541
0.8312
0.81906
0.827242
0.81522
0.829566
0.826469
0.837218
0.826788
0.831515
0.836962
0.831998
0.843155
0.83291
0.827667
0.841497
0.826263
0.847829
0.83456
0.820712
0.833081
0.83665
0.81715
0.82309
0.816814
0.849489
0.830688
0.816162
0.839477
0.821508
0.827
0.854561
0.845864
0.836327
0.835136
0.827033
0.849066
0.835556
0.811808
0.819976
0.834
0.832694
0.826694
0.838857
0.821516
0.823071
0.82647
0.836493
0.848518
0.82508
0.831126
0.836566
0.824867
0.828667
0.817098
0.842484
0.83912
0.823678
0.826852
0.833366
0.84854
0.824956
0.826042
0.818189
0.836774
0.842046
0.83147
0.822934
0.838051
0.821254
0.832169
0.843928
0.844752
0.838221
0.83541
0.843194
0.83772
0.830184
0.832118
0.831179
0.839511
0.847994
0.824074
0.837679
0.821988
0.826633
0.840292
0.856362
0.834283
0.81786
0.83494
0.836025
0.829333
0.841128
0.827161
0.845872
0.845127
0.825932
0.844067
0.840862
0.824102
0.812987
0.848806
0.835657
0.830479
0.826677
0.828895
0.817412
0.84529
0.82948
0.83922
0.857466
0.828618
0.821864
0.826047
0.833919
0.816246
0.829715
0.842322
0.832945
0.822511
0.849643
0.825611
0.826077
0.818621
0.817096
0.822181
0.824603
0.841574
0.822405
0.827824
0.836956
0.831807
0.820241
0.835045
0.838239
0.853337
0.84031
0.836778
0.818221
0.827624
0.834788
0.846193
0.819669
0.84449
0.828022
0.847552
0.840978
0.83691
0.826051
0.832049
0.837643
0.82978
0.824035
0.821949
0.814728
0.846606
0.837954
0.826805
0.826485
0.842955
0.835081
0.835327
0.825925
0.84631
0.827807
0.824557
0.846389
0.827087
0.815594
0.843528
0.825051
0.82468
0.818777
0.823795
0.829786
0.825959
0.846723
0.816738
0.843882
0.830462
0.821406
0.826908
0.839292
0.820082
0.822652
0.834396
0.821165
0.805143
0.841732
0.830224
0.818929
0.808673
0.831185
0.842301
0.839044
0.841239
0.826025
0.82358
0.828706
0.819189
0.827655
0.842788
0.842599
0.835
0.833276
0.833389
0.827982
0.846045
0.833419
0.816402
0.83296
0.845455
0.840411
0.828152
0.825456
0.836454
0.838083
0.856536
0.831158
0.845242
0.847937
0.836834
0.834742
0.818163
0.837607
0.836253
0.832539
0.825595
0.826022
0.839498
0.842197
0.836544
0.849625
0.825715
0.826721
0.837992
0.841171
0.82857
0.817432
0.8322
0.839782
0.82872
0.833511
0.836584
0.83024
0.847042
0.830316
0.827836
0.83393
0.83639
0.817351
0.817771
0.81997
0.829965
0.815683
0.81834
0.835301
0.839516
0.827944
0.840261
0.818385
0.833813
0.836464
0.817135
0.834702
0.820262
0.834142
0.817741
0.842513
0.832822
0.828205
0.822684
0.830637
0.835162
0.830732
0.825191
0.835769
0.830726
0.855637
0.823519
0.821225
0.8243
0.850485
0.826868
0.827994
0.823059
0.823608
0.842948
0.831056
0.825464
0.831777
0.835326
0.82897
0.819761
0.829137
0.832786
0.819948
0.824151
0.821439
0.82637
0.829898
0.834518
0.83823
0.827542
0.835321
0.841391
0.846951
0.844221
0.842941
0.817297
0.839132
0.830376
0.846183
0.819803
0.833172
0.844791
0.833945
0.819175
0.844508
0.834269
0.840411
0.818284
0.817951
0.824281
0.838667
0.838337
0.841471
0.825428
0.830022
0.834263
0.838263
0.841637
0.837676
0.810843
0.819821
0.834809
0.817871
0.827292
0.825666
0.820066
0.831277
0.822288
0.827267
0.824057
0.826655
0.820059
0.830116
0.832204
0.846179
0.829908
0.849845
0.831532
0.831534
0.819648
0.837559
0.814403
0.824635
0.833618
0.828763
0.825698
0.838075
0.841302
0.820092
0.816761
0.826771
0.825076
0.82928
0.836801
0.842004
0.828076
0.82705
0.837401
0.828512
0.827769
0.825848
0.828265
0.843244
0.817063
0.828271
0.834067
0.830884
0.817182
0.836343
0.83143
0.843715
0.828267
0.847877
0.840088
0.837985
0.825201
0.837752
0.812711
0.822023
0.82793
0.829103
0.844754
0.810653
0.843568
0.834306
0.83287
0.841368
0.832961
0.84222
0.842566
0.834838
0.816036
0.809423
0.822829
0.829109
0.839767
0.827114
0.838587
0.831852
0.840596
0.82147
0.831269
0.831833
0.833802
0.814779
0.838116
0.832273
0.845836
0.843522
0.830889
0.846009
0.819185
0.823676
0.824039
0.822411
0.837828
0.843032
0.821507
0.823508
0.826231
0.842192
0.841735
0.83636
0.834285
0.828119
0.847842
0.84351
0.826454
0.828769
0.842598
0.844712
0.827157
0.82616
0.842876
0.833002
0.833063
0.830993
0.82488
0.821921
0.838504
0.838269
0.830861
0.835355
0.823593
0.841587
0.825311
0.830732
0.822508
0.833617
0.834567
0.831924
0.825628
0.824426
0.835873
0.824867
0.824582
0.837764
0.841388
0.833538
0.831421
0.836419
0.847452
0.827393
0.816938
0.831555
0.837718
0.844342
0.82013
0.830708
0.835852
0.827879
0.836814
0.838271
0.827948
0.836552
0.822719
0.819261
0.839413
0.814342
0.813978
0.820718
0.818564
0.855897
0.839112
0.8358
0.821014
0.831139
0.82912
0.828808
0.834258
0.83796
0.828659
0.831412
0.825994
0.835674
0.825715
0.830978
0.840731
0.829279
0.827819
0.836411
0.828165
0.834638
0.820763
0.834429
0.830333
0.828606
0.841057
0.838672
0.821007
0.815556
0.836748
0.837505
0.833397
0.824577
0.83718
0.828863
0.852495
0.823986
0.822188
0.844922
0.829559
0.837114
0.837147
0.817306
0.844538
0.826818
0.820605
0.82492
0.843644
0.829003
0.834471
0.838803
0.836068
0.815425
0.835665
0.830594
0.818229
0.82188
0.846419
0.828969
0.821643
0.840771
0.835478
0.819817
0.824213
0.832023
0.836082
