0 0.663473 0.718982
0 0.663473 0.718982
0 0.663473 0.718982
0 0.663473 0.718982
0 0.663473 0.718982
0 0.663473 0.718982
0 0.663473 0.718982
0 0.663473 0.718982
0 0.663473 0.718982
0 0.663473 0.718982
0 0.663473 0.718982
0 0.663473 0.718982
0 0.663473 0.718982
0 0.663473 0.718982
0 0.663473 0.718982
0 0.663473 0.718982
0 0.663473 0.718982
0 0.663473 0.718982
0 0.663473 0.718982
0 0.663473 0.718982
0 0.663473 0.718982
0 0.663473 0.718982
0 0.663473 0.718982
0 0.663473 0.718982
0 0.663473 0.718982
0 0.663473 0.718982
0 0.663473 0.718982
0 0.663473 0.718982
0 0.663473 0.718982
0 0.663473 0.718982
0 0.663473 0.718982
0 0.663473 0.718982
0 0.663473 0.718982
0 0.663473 0.718982
0 0.663473 0.718982
0 0.663473 0.718982
0 0.663473 0.718982
0 0.663473 0.718982
0 0.663473 0.718982
0 0.663473 0.718982
0 0.663473 0.718982
0 0.663473 0.718982
0 0.663473 0.718982
0 0.663473 0.718982
0 0.663473 0.718982
0 0.663473 0.718982
0 0.663473 0.718982
0 0.663473 0.718982
0 0.663473 0.718982
0 0.663473 0.718982
0 0.663473 0.718982
0 0.663473 0.718982
0 0.663473 0.718982
0 0.663473 0.718982
0 0.663473 0.718982
0 0.663473 0.718982
0 0.663473 0.718982
0 0.663473 0.718982
0 0.663473 0.718982
0 0.663473 0.718982
0 0.663473 0.718982
0 0.663473 0.718982
0 0.663473 0.718982
0 0.663473 0.718982
0 0.663473 0.718982
0 0.663473 0.718982
0 0.663473 0.718982
0 0.663473 0.718982
0 0.663473 0.718982
0 0.663473 0.718982
0 0.663473 0.718982
0 0.663473 0.718982
0 0.663473 0.718982
0 0.663473 0.718982
0 0.663473 0.718982
0 0.663473 0.718982
0 0.663473 0.718982
0 0.663473 0.718982
0 0.663473 0.718982
0 0.663473 0.718982
0 0.663473 0.718982
3033.1 0.823599 0.000966522
3140.34 0.826843 0.00103771
3511.71 0.827177 0.00101146
3061.49 0.826832 0.000993196
3389.86 0.826878 0.000998651
2917.29 0.825318 0.000993114
3950.82 0.827358 0.000987082
2811.5 0.823848 0.00099774
2768.7 0.826213 0.00100356
2904.15 0.827403 0.000981898
3020.96 0.827925 0.000998574
2811.73 0.824763 0.00100538
2985.78 0.827521 0.00101141
2810.09 0.825404 0.000996883
3215.91 0.824816 0.000983482
2580.55 0.822394 0.00099092
3066.11 0.825285 0.00100401
2752.96 0.823832 0.0009445
2684.27 0.825157 0.000966547
2818.14 0.825827 0.000997059
3209.43 0.825685 0.000984932
2863.03 0.826412 0.00098466
3064.17 0.826867 0.000962797
2948.8 0.825704 0.000974587
2967.43 0.826553 0.00101791
3102.91 0.824156 0.000996452
2804.76 0.825661 0.000985288
3755.32 0.827181 0.000963768
3364.9 0.825108 0.00101507
3386.83 0.822825 0.000984215
2817.14 0.827629 0.00102289
2802.8 0.824787 0.00100156
2904.55 0.824416 0.00100115
3022.98 0.826359 0.000980005
2957.88 0.826325 0.00100103
3234.32 0.826939 0.000989214
2740.02 0.823773 0.0010212
2878.18 0.825591 0.000961992
2825.15 0.824919 0.000985192
2844.84 0.82336 0.000998272
2877.07 0.82432 0.00103509
3156.15 0.824097 0.000940671
2757.84 0.824128 0.00100001
3114.97 0.825473 0.000990708
2855.16 0.825801 0.00101282
2900.58 0.823182 0.00100334
3291.35 0.824466 0.00097376
2691.3 0.8225 0.000983539
2713.68 0.823126 0.000963109
2595.6 0.823619 0.00100552
3012.07 0.825928 0.0010057
3237.58 0.824771 0.00100032
2876.91 0.825329 0.00100199
2798.21 0.824654 0.00100527
2750.99 0.825436 0.000969281
3101.15 0.823461 0.000926219
2850.74 0.825741 0.000994172
2901.53 0.824423 0.000962788
2746.94 0.822826 0.00100576
3141.29 0.826721 0.00099736
3525.72 0.825653 0.000996476
2957.91 0.826166 0.000987516
2777.67 0.823062 0.00105966
2809.59 0.824456 0.00101858
2827.67 0.82811 0.00102859
2853.5 0.826543 0.000991239
2741.47 0.821473 0.00098143
2669.86 0.824095 0.000990687
3266.97 0.827389 0.000984299
2759.43 0.825193 0.000998205
3420.16 0.826308 0.00100748
3165.64 0.825168 0.0010372
2581.59 0.825428 0.000979048
3066.85 0.825005 0.00101643
2840.73 0.827014 0.00100932
2893.94 0.824266 0.000973215
2939.03 0.826515 0.000971841
2877.75 0.826099 0.00100392
3177.27 0.826748 0.00096743
2995.2 0.822686 0.00102795
2935.05 0.825804 0.00100819
2663.9 0.825244 0.000995707
2943.93 0.827424 0.000987087
2943.05 0.82402 0.00100306
3030.37 0.825325 0.000997901
2989.76 0.8267 0.00098806
3002.31 0.825127 0.000986119
2742.87 0.824321 0.000979943
2982.34 0.82421 0.000993952
2905.4 0.826345 0.000987472
3003.26 0.825474 0.000980296
3078.89 0.824348 0.00100058
3113.8 0.825866 0.000999897
2998.62 0.825125 0.000910234
2753.71 0.824537 0.0009931
3042.92 0.826778 0.000999086
3073.64 0.824683 0.00100902
2723.25 0.823919 0.000981532
2973.55 0.823887 0.00100233
3274.84 0.82483 0.0009886
2727.28 0.826253 0.000992142
2935.99 0.825863 0.000995883
2740.51 0.827131 0.00101703
2770.34 0.826979 0.00103145
3192.58 0.824744 0.0009998
2959.1 0.824826 0.000977092
3275.23 0.82614 0.000989339
2980.1 0.825799 0.0010395
2847.53 0.826931 0.000979225
2844.45 0.824247 0.000984435
2951.51 0.824409 0.00101734
2963.8 0.825738 0.00100381
3208.15 0.825912 0.000984578
2517.38 0.82369 0.000988686
2988.09 0.824821 0.000984462
3172.84 0.825219 0.000959141
2755.34 0.82445 0.0010043
2671.19 0.82639 0.000987357
3066.29 0.827259 0.000975677
2890.04 0.825498 0.00101117
3118.64 0.826358 0.000993505
2887.07 0.82518 0.00101218
3322.04 0.825659 0.000972828
2717.36 0.822998 0.000991187
3392.31 0.827068 0.000998337
15960.9 0.776897 0.350069
3234.24 0.825604 0.000951166
2964.3 0.826211 0.00100444
2829.65 0.823797 0.000992537
3048.31 0.82641 0.00099406
3049.49 0.824749 0.000982125
2712.2 0.824623 0.000994061
2821.63 0.824063 0.000995823
2747.73 0.824947 0.000999147
2965.28 0.825668 0.000995684
2986.66 0.8272 0.00097335
3157.86 0.82552 0.00101141
2924.56 0.821784 0.000963883
2739.18 0.824723 0.000991069
3137.32 0.824064 0.000999018
2741.94 0.822507 0.000989508
3209.11 0.826377 0.000916218
3120.79 0.82698 0.00101068
3297.07 0.824647 0.000990858
2642.26 0.823081 0.000991721
3285.16 0.825537 0.00100733
2814.04 0.826032 0.00098805
2919.6 0.826193 0.00100194
2799.33 0.823634 0.000989843
2783.51 0.823523 0.000795027
2763.33 0.824627 0.000958447
2941.05 0.827202 0.000998494
2757.61 0.825095 0.000995587
3025.1 0.82534 0.000982024
3074.56 0.824166 0.000989413
2847.73 0.826418 0.00099701
2775.35 0.825218 0.000996718
2804.39 0.826377 0.000999211
2783.77 0.826009 0.00100462
2969.12 0.826983 0.00101854
3050.4 0.82563 0.000996545
2828.71 0.826584 0.000999453
2760.62 0.825061 0.00101424
2907.58 0.827094 0.000979346
2982.64 0.823278 0.000999263
3142.16 0.827563 0.00100418
2889.41 0.82636 0.00091007
2853.5 0.824788 0.000984824
2774.57 0.822489 0.000845456
2830.89 0.82454 0.00100127
2916.16 0.82509 0.000967902
2870.25 0.825269 0.001002
2825.53 0.825081 0.000966714
2926.79 0.82612 0.00100275
3155.75 0.825397 0.00100439
2856.89 0.82581 0.000989656
2889.74 0.824602 0.00099302
2619.88 0.824304 0.00097896
2710.41 0.824228 0.000997105
2625.98 0.824724 0.00099672
2918.34 0.825247 0.00100389
2822.83 0.824091 0.000997386
2879.85 0.826091 0.00100272
3075.99 0.826756 0.00100261
2876.67 0.826446 0.000991906
3198.17 0.826393 0.00100378
2938.16 0.826187 0.000994051
3014.49 0.826544 0.000987894
2819.28 0.824171 0.00101006
3423.7 0.827433 0.00102945
3380.29 0.826395 0.000993209
2721.7 0.824663 0.000957852
3234.37 0.826368 0.000983986
2927.73 0.826522 0.000997711
2942.12 0.825384 0.000994557
2772.72 0.825489 0.000988919
2964.35 0.826248 0.000890764
2938.65 0.824026 0.00099944
2766.7 0.826324 0.000988754
3085.62 0.825229 0.000991786
3277.74 0.825312 0.00100657
2860.45 0.826216 0.000988415
3366.25 0.826684 0.000993904
3027.81 0.825878 0.00101016
3451.68 0.827368 0.00099904
3034.92 0.827023 0.00100591
88803.2 0.761398 0.739445
3153.71 0.826017 0.000988862
2896.88 0.824341 0.00101483
2860.59 0.825602 0.000951948
2745.32 0.824614 0.000976179
3095.78 0.825613 0.000987954
2888.46 0.824381 0.000995614
2837.96 0.823003 0.000991402
3068.69 0.827115 0.00102327
2746.56 0.824987 0.000991689
3221.66 0.826464 0.000988787
2874.51 0.824598 0.000999843
2793.89 0.827367 0.000997664
3164.48 0.82461 0.000980621
2767.32 0.823948 0.000977299
2963.15 0.827328 0.000992652
2869.36 0.826158 0.000995219
2904.49 0.825211 0.00100733
2817.16 0.823566 0.000991953
2992.93 0.82514 0.00100046
2984.65 0.824837 0.000897483
3157.96 0.825736 0.00101612
3181.66 0.825885 0.000996409
2829.36 0.82322 0.00100345
2973.47 0.82612 0.000991411
3135.15 0.825632 0.00100573
2892.13 0.825975 0.000995512
2890.68 0.825345 0.00100487
2881.07 0.826351 0.00100264
4132.08 0.829464 0.000881533
3291.19 0.825291 0.00101164
3091.91 0.826174 0.00100118
2815.89 0.823843 0.000982828
2931.01 0.824057 0.00090835
3036.16 0.824123 0.000988944
3030.35 0.82328 0.000969899
2961.22 0.823987 0.000961702
2732.81 0.825964 0.0010042
2814.15 0.82588 0.00100218
3153.87 0.825494 0.00101061
3045.46 0.826614 0.000977968
3042.13 0.826732 0.00100323
3282.58 0.824792 0.00101288
2774.94 0.82336 0.000976345
2803.66 0.826119 0.000992522
3273.07 0.829813 0.00101035
2709.62 0.823066 0.000975665
2888.8 0.826335 0.00101994
3150.22 0.821239 0.000996028
2914.76 0.827019 0.000986739
2792.77 0.822055 0.000974889
3140.37 0.825909 0.000992335
3251.41 0.82532 0.00100378
2941.4 0.823028 0.000998261
2782.71 0.825928 0.000984255
2797.55 0.825463 0.000995602
2788.57 0.825205 0.000977095
3150.59 0.825087 0.00100771
3376.52 0.826423 0.000984448
2825.58 0.826065 0.000967718
2976.88 0.825776 0.0010009
2939.1 0.826345 0.00100868
3049.94 0.823046 0.000963328
3005.19 0.824338 0.00098003
2806.06 0.824273 0.000984862
2974.12 0.82508 0.000999372
2940.17 0.826517 0.000983357
2886.77 0.826808 0.00100502
2832.47 0.82688 0.000933627
2753.61 0.825891 0.000996282
2720.59 0.824486 0.00100034
3142.66 0.827185 0.00102675
3229.34 0.826799 0.000991404
2807.57 0.824706 0.00101204
3072.79 0.824769 0.000983555
3119.95 0.82509 0.00102723
2748.25 0.824692 0.00100936
2965.72 0.826623 0.00100485
2969.26 0.826252 0.00100077
3395.26 0.82543 0.000992708
2730.06 0.824237 0.000984573
2991.05 0.827006 0.00100017
2669.6 0.823827 0.000984848
3213.21 0.826604 0.000981988
2789.67 0.824324 0.00100899
2750.56 0.824056 0.000965061
2989.18 0.825771 0.000985777
2732.25 0.822939 0.000998554
3087.69 0.826011 0.000952046
3098.73 0.821368 0.000979695
2938.24 0.825173 0.000995383
2986.76 0.823996 0.000997671
3224.8 0.828073 0.000991441
2800.44 0.824433 0.00100419
3342.99 0.824071 0.000995645
2838.2 0.825706 0.000983657
3314.99 0.825296 0.000989851
3132.99 0.827678 0.00100623
2790.01 0.826307 0.00101899
2911.78 0.823597 0.000985736
2763.24 0.828348 0.00101999
3354.36 0.827074 0.000935106
3324.43 0.826404 0.00099453
2787.95 0.826669 0.000975952
2867.97 0.824673 0.00100921
3140.79 0.825521 0.00100302
2913.31 0.822474 0.000992378
2843.4 0.82486 0.00100307
2950.82 0.825167 0.000961136
2908.75 0.827268 0.000993046
2893.47 0.826803 0.00102799
2953.82 0.824507 0.00100461
3052.03 0.827121 0.000736782
2998.2 0.823982 0.00100999
3356.91 0.828811 0.00101239
2988.07 0.82381 0.000909552
2929.14 0.826788 0.00100923
3232.46 0.825812 0.000997627
2954.38 0.82514 0.0010183
3316.44 0.827018 0.00100153
3584.25 0.824044 0.000965567
2941.48 0.825373 0.000995096
2913.67 0.825116 0.00102137
2893.73 0.82543 0.000952876
2823.85 0.824372 0.00101105
3184.63 0.825136 0.000983622
3749.79 0.827857 0.00101657
2913.14 0.826749 0.00100435
2872.41 0.823834 0.00099401
2683.36 0.82581 0.000996672
2922.86 0.824001 0.000983798
2900.6 0.825886 0.000897181
2991.36 0.828038 0.00100024
2821.78 0.823265 0.00099078
3230.06 0.823097 0.00099317
3180.37 0.825165 0.00100703
3246.04 0.824625 0.000983567
2851.76 0.824625 0.00100048
2780.2 0.824115 0.000996682
3327.09 0.826317 0.000975038
2783.17 0.823717 0.000938147
2856.61 0.823331 0.000964271
2774.08 0.825207 0.000916742
2861.02 0.824053 0.00100879
2721.61 0.823524 0.000974118
3014.12 0.824778 0.000989125
2731.52 0.825602 0.00096691
2822.2 0.828052 0.000984289
2833.92 0.822541 0.000999317
2700.93 0.825646 0.00100332
2894.14 0.825935 0.000997727
2855.76 0.827572 0.000997217
2859.5 0.82666 0.000970009
3086.11 0.824058 0.000971954
3106.17 0.826392 0.00101111
2987.63 0.823235 0.000971635
3362.43 0.827902 0.000999649
2998.39 0.823983 0.000994165
2921.48 0.824557 0.000932443
2998.96 0.825892 0.00100231
2712.97 0.825339 0.00100235
3074.88 0.825033 0.00097587
2910.93 0.82821 0.000995416
2733.67 0.825632 0.00100896
3273.41 0.823282 0.000954965
3133.63 0.825368 0.000985209
2739.63 0.826073 0.000985918
3268.81 0.826591 0.00100925
2885.14 0.823477 0.000977955
2721.39 0.825946 0.000988738
2858.19 0.824969 0.000996706
2981.49 0.826246 0.00100307
2962.89 0.82451 0.000972603
2983.19 0.824696 0.0010232
2912.68 0.825329 0.000979785
2935.99 0.825002 0.000981317
3000.97 0.823359 0.00095924
2948.75 0.824408 0.000967977
2791.71 0.824485 0.000997738
3109.75 0.826673 0.000996215
3051.34 0.826398 0.00100848
3442.6 0.825957 0.000989701
3156.12 0.82703 0.000971414
2736.23 0.825863 0.000988188
2963.72 0.827487 0.00101254
2742.33 0.825449 0.000961935
3076.31 0.825871 0.00100703
2727.43 0.82603 0.000977818
2939.76 0.82464 0.000992133
3139.27 0.828023 0.00102639
2778.12 0.827074 0.000990112
2999.29 0.824136 0.000979301
3077.92 0.826015 0.000997233
2938.33 0.823552 0.000993607
2926.43 0.826208 0.0010125
3006.45 0.825852 0.000944437
2738.85 0.823266 0.00101242
2808.48 0.826615 0.00100518
3352.56 0.827215 0.000994254
3031.28 0.824405 0.00100779
3067.29 0.826107 0.00100612
2744.2 0.823959 0.000994424
2879.27 0.825788 0.00100088
3058.69 0.826105 0.000964661
2877.32 0.824837 0.000987539
3044.7 0.823656 0.000994305
3023.11 0.826854 0.00100801
3211.48 0.825893 0.000994702
2883.83 0.825911 0.000995117
2675.27 0.823507 0.000868623
2918.79 0.824965 0.000993853
2942.86 0.825286 0.00100911
2859.62 0.824337 0.000980149
3254.9 0.826325 0.000998644
2895.99 0.825987 0.00100553
2876.45 0.823632 0.000976903
2836.84 0.826241 0.000975228
2963.53 0.824426 0.00100138
2963.83 0.824181 0.000990572
2705.63 0.823371 0.000965852
2905.5 0.825325 0.00100775
3135.58 0.824642 0.000995085
2805.4 0.823618 0.000969366
2976.52 0.825834 0.000985085
3237.53 0.82561 0.000988571
3005.83 0.827302 0.000996072
2796.49 0.824338 0.00101872
2768.93 0.824871 0.000988108
2986.12 0.826423 0.000995457
2846.7 0.821962 0.000987836
3093.69 0.82622 0.000972603
3566.2 0.825707 0.000968939
2872.35 0.826536 0.000998189
3068.27 0.827511 0.00101177
2730.42 0.827221 0.000992927
3105.21 0.824942 0.000999789
2702.89 0.825078 0.00100594
2868.12 0.823589 0.000994638
2800.73 0.824549 0.000925954
2941.7 0.82377 0.000989176
2661.12 0.82486 0.000996187
2894.39 0.826122 0.000979193
3308.07 0.828339 0.000998367
3007 0.825117 0.000982669
3595.16 0.827077 0.000877608
2712.27 0.82475 0.000977486
2830.72 0.824664 0.000994664
3417.45 0.824435 0.00101874
3268.44 0.825335 0.000979482
2901.13 0.825699 0.000979845
2890.91 0.825077 0.00100287
2947.1 0.825153 0.00099322
2872.56 0.8256 0.00100014
3895.56 0.829383 0.00100758
3297.27 0.829999 0.00100084
3038.82 0.824449 0.00100727
2964.19 0.822331 0.00102233
2987.64 0.825228 0.000991908
2833.33 0.825342 0.000929724
2935.51 0.825595 0.000994577
3352.86 0.824909 0.000987213
3752.69 0.82738 0.00101592
3101.53 0.824213 0.000994378
2715.34 0.823842 0.000985781
3469.89 0.825162 0.00100535
2822.94 0.824131 0.000981522
2847.5 0.826347 0.00100438
2837.05 0.824899 0.000973526
3123.11 0.825711 0.000998396
2928.9 0.827146 0.000997969
2948.3 0.824656 0.00100067
3597.77 0.827102 0.00101165
3164.64 0.82583 0.000983588
2966.42 0.823965 0.000994717
2967.84 0.825711 0.00100969
2750.08 0.825589 0.000999027
2930.05 0.824759 0.00099857
2729.76 0.825222 0.00101038
2927.39 0.826779 0.0010052
2695.88 0.825755 0.000981094
3177.91 0.82781 0.00101423
3134.95 0.824237 0.000981323
2924.47 0.824501 0.000984556
3088.88 0.826712 0.000972027
2884.9 0.82568 0.0010162
2960.11 0.826859 0.00100264
3045.65 0.824618 0.000972607
2884.37 0.825798 0.000989984
3495.28 0.826781 0.00099206
2892.81 0.82488 0.000998903
3018.59 0.825259 0.000966681
2901.3 0.828043 0.00100266
2998.9 0.826944 0.00100372
3004.31 0.824182 0.000990715
2783.74 0.826722 0.00100322
2710.49 0.824714 0.00100246
2782.54 0.825511 0.000979356
2850.24 0.826637 0.000993335
3089.75 0.825827 0.00105217
2787.03 0.825681 0.0010057
2790.95 0.824148 0.000992917
3033.7 0.827095 0.00100021
2950.11 0.827077 0.00100102
3017.31 0.82384 0.000973209
2988.59 0.828094 0.000969479
2941.12 0.826142 0.000994689
2833.12 0.825733 0.000956213
2791.04 0.824885 0.000998696
2889.09 0.82354 0.000977215
3074.96 0.826399 0.000986459
2829.41 0.823978 0.000987464
3183.61 0.826429 0.00100008
2632.58 0.823777 0.001001
2877.22 0.82246 0.000883588
3000.21 0.826803 0.000988955
2783.8 0.826413 0.000945441
3240.02 0.827866 0.00101248
3095.48 0.826515 0.00101902
2794.96 0.825477 0.00100605
3019.94 0.824215 0.000995741
3021.08 0.822497 0.000989269
2890.27 0.824102 0.000969488
2925.55 0.826142 0.0010364
3075.4 0.827544 0.00100175
2877.23 0.823776 0.0009665
3011.28 0.823956 0.000973687
2885.13 0.827754 0.000834555
4323.5 0.825023 0.00100175
3060.03 0.825047 0.00103685
2854.45 0.82672 0.00100273
3152.55 0.827013 0.00100708
3155.31 0.825872 0.00102054
2660.89 0.824294 0.00100475
3246.6 0.825641 0.000989282
2996.43 0.823698 0.000993524
2589.27 0.826443 0.000922781
2792.94 0.825075 0.00100793
2866.64 0.823471 0.000785915
2554.54 0.823238 0.000999413
2818.32 0.826334 0.000988439
3024.76 0.827003 0.000992724
3391.34 0.827564 0.00100536
2815.23 0.824624 0.000950354
2971.3 0.825745 0.000976699
2812.31 0.827157 0.00100183
2631.81 0.824553 0.000996513
2787.22 0.822924 0.000959339
2674.19 0.825077 0.000982567
2986.23 0.82514 0.000996111
2642.24 0.824946 0.00099032
2839.46 0.824327 0.000995789
2750.06 0.826695 0.000994974
3082.42 0.82588 0.00100069
2984.89 0.824603 0.00100255
2798.45 0.824861 0.000988268
2927.59 0.826737 0.000998615
2670.63 0.825611 0.000990877
2757.85 0.825177 0.000849895
2993.2 0.82534 0.000975154
3168.95 0.824851 0.00099038
2993.43 0.823205 0.00097081
3322.69 0.823187 0.00095851
2866.53 0.823172 0.000984271
2806.51 0.822661 0.000997284
3142.17 0.824316 0.00098226
3056.75 0.824023 0.000992506
2972.71 0.825819 0.000950179
3117.81 0.825301 0.000963074
3284.34 0.825665 0.00100638
3023.87 0.827026 0.0010047
3251.04 0.825165 0.00096622
3039.61 0.822891 0.000987694
3069.3 0.825286 0.00102507
2875.87 0.8256 0.00100132
2918.08 0.824701 0.00100257
2824.89 0.825432 0.000989725
2666.54 0.825724 0.000993024
2723.33 0.823114 0.000992419
3331.68 0.827115 0.000928072
2770.59 0.823741 0.000995189
2743.73 0.825398 0.00101303
2975.02 0.825408 0.000983771
2842.44 0.826825 0.000988318
2619.75 0.824806 0.000995976
3108.71 0.824705 0.000957363
3104.75 0.826274 0.00104364
2948.86 0.82459 0.001035
2797.15 0.825282 0.00096089
3358.6 0.823225 0.00101194
2937.61 0.824402 0.000956389
2972.76 0.825798 0.000982014
3641.84 0.823824 0.00100642
2998.79 0.823105 0.000985771
2962.44 0.826483 0.000975672
3352.22 0.824711 0.000986066
2792.25 0.824253 0.000986489
2774.27 0.823334 0.000986751
2743.38 0.826183 0.00100147
2989.74 0.826733 0.000991389
2789.46 0.824874 0.00101918
2640.16 0.824588 0.00095496
2818.29 0.824239 0.000987257
3023.6 0.822688 0.000993667
2841.2 0.823148 0.00102422
3113.58 0.824232 0.000956098
2731.13 0.825816 0.000971617
2672.53 0.82435 0.000970522
3135.02 0.826953 0.00101047
2761.85 0.825406 0.000939771
3352.47 0.825617 0.00101315
3021.88 0.824956 0.000956827
2747.85 0.824301 0.00101891
2882.09 0.82306 0.000932349
2744.2 0.825366 0.000996594
2879.61 0.828194 0.000986189
2844.36 0.826032 0.000977725
3150.34 0.82674 0.00100017
2821.53 0.82723 0.000999397
3054.94 0.824804 0.0010091
3212.09 0.828267 0.00086471
3120.66 0.82586 0.000994268
3171.16 0.82111 0.000894252
2948.12 0.826144 0.00100185
3211.31 0.828497 0.00100133
3564.96 0.827269 0.00101711
3178.29 0.824029 0.0010149
3557.78 0.826012 0.000986881
3340.43 0.829128 0.00100507
2894.79 0.825855 0.00094021
3174.07 0.827319 0.00100587
3156.31 0.826268 0.000971404
3095.34 0.824559 0.000983757
3100.02 0.827263 0.000998905
2895.68 0.826779 0.00100936
3211.85 0.825536 0.00097839
2937.34 0.826054 0.00099178
2927.5 0.822678 0.00095534
2846.32 0.824332 0.000995749
3247.95 0.826874 0.000940157
3428.98 0.826393 0.00100173
2799.38 0.824217 0.000992729
2794.82 0.825422 0.000994298
2770.22 0.82627 0.000949491
3233.39 0.824414 0.000937226
2823.9 0.826028 0.000946635
2765.19 0.823889 0.000999223
2844.64 0.825024 0.000991643
3340.45 0.826947 0.00094611
2980.23 0.824872 0.000982698
3265.18 0.822359 0.000971591
3191.3 0.824961 0.000988364
2969.08 0.823401 0.000973145
2901.77 0.826016 0.00100078
3314.99 0.82781 0.000992885
2925.71 0.825704 0.000973014
3017.61 0.824406 0.000942884
3534.56 0.828111 0.001001
2827 0.825424 0.000987073
3131.96 0.825541 0.00099062
2941.88 0.824184 0.0010011
2948.32 0.827854 0.00102771
3321.01 0.827428 0.000984684
2925.03 0.825123 0.00100757
2889.08 0.824788 0.00100996
2983.64 0.822183 0.00097209
2773.29 0.824579 0.000987276
2837.55 0.82294 0.000994119
3151.96 0.824713 0.00100773
2877.46 0.826111 0.000996202
2929.84 0.824467 0.000965338
2931.15 0.826042 0.00100201
2513.63 0.824429 0.00102697
3621.14 0.826283 0.00101201
3039.14 0.824927 0.000991167
3280.35 0.824684 0.00096994
3067.2 0.82687 0.00100721
2937.09 0.826793 0.0010134
2825.92 0.825027 0.000972177
3101.21 0.823516 0.000988562
3422.99 0.826611 0.000924196
3403.4 0.825685 0.00102928
2840.79 0.822972 0.000969899
2938.46 0.823295 0.000981222
3082.98 0.823783 0.000987614
2848.62 0.824327 0.000984373
2945.72 0.824898 0.0010299
2695.65 0.827171 0.000980861
2767.21 0.824283 0.000992026
2860.06 0.826226 0.000988916
2698.34 0.824388 0.000992028
2885.25 0.823211 0.0010329
3357.64 0.826253 0.000957134
2872.02 0.827092 0.000987671
2991.45 0.824496 0.000984674
2942.85 0.825487 0.00095973
3449.72 0.827214 0.000991532
2945.82 0.82768 0.00100018
2888.75 0.823428 0.000992242
2935.78 0.825886 0.00101586
2686 0.826467 0.000998515
3172.95 0.826858 0.00100563
3079.73 0.827525 0.000979707
2958.97 0.826019 0.00101271
2932.53 0.826238 0.000961259
3013.1 0.82679 0.00100867
3671.96 0.829378 0.00101461
2872.91 0.82557 0.00104776
2809.99 0.825667 0.000990372
3133.96 0.824979 0.00100484
2884.92 0.822249 0.000982226
2865.92 0.8251 0.000985033
2679 0.822588 0.000955785
2893.16 0.825436 0.00100484
2884.96 0.825359 0.00106213
3148.51 0.826785 0.00101341
3003.45 0.824974 0.00100352
3061.27 0.824698 0.000997369
2730.15 0.82325 0.000978968
3393.98 0.827363 0.00101067
2978.52 0.825867 0.00100185
2795.46 0.824527 0.000978194
2770.57 0.825251 0.00101212
2822.68 0.822906 0.000989437
2692.41 0.823526 0.000998409
2851.52 0.825767 0.000992685
3461.56 0.827781 0.00102202
2960.99 0.823387 0.00097196
3253.42 0.82736 0.00101406
2909.38 0.821769 0.000975041
3094.27 0.827561 0.000973518
3161.97 0.825728 0.00100125
2919.04 0.824986 0.00100116
3124.17 0.826116 0.000981099
2917.98 0.825353 0.000978237
3041.98 0.823345 0.000991903
3117.12 0.8267 0.00100798
2946.12 0.823051 0.000994184
2629.18 0.825374 0.00096451
2941.09 0.825677 0.000979113
2586.13 0.824537 0.00100499
3224.5 0.827609 0.00101134
2671.57 0.826376 0.00102153
2994.91 0.823529 0.00102752
3443.88 0.825894 0.000963107
3121.55 0.821275 0.000997262
2784.03 0.824987 0.000970914
3053.76 0.827572 0.000990068
2787.18 0.823619 0.000989439
2806.07 0.825698 0.00101884
3006.78 0.826156 0.00100292
3169.64 0.827046 0.00104645
2849.61 0.822774 0.000972685
3266 0.826342 0.00101051
3159.6 0.826052 0.00100346
2845.85 0.823626 0.0010084
3205.73 0.826889 0.000973734
2840.92 0.824608 0.00100388
2962.15 0.826929 0.00100655
2906.51 0.825743 0.000988931
2752.62 0.824 0.00102672
2840.33 0.824615 0.000996148
2729.52 0.825183 0.000866514
2930.75 0.826363 0.000995001
2756.86 0.826484 0.00100051
3037.97 0.82312 0.000995508
3249.14 0.826017 0.00100816
2724.18 0.823652 0.00096891
2639.69 0.827095 0.000928428
3096.77 0.825113 0.00101172
2794.21 0.822177 0.000986731
2969.25 0.824134 0.000994217
3249.36 0.828912 0.00101389
2735.79 0.825783 0.000978773
2807.03 0.825816 0.000989606
2902.8 0.82328 0.000985117
3222.53 0.82402 0.000942564
2868.16 0.823157 0.00100053
3005.08 0.823997 0.000983497
3278.25 0.825417 0.000980024
2834.26 0.823167 0.000914117
2945.58 0.825523 0.00102514
3837.17 0.828534 0.000947689
3097.67 0.823544 0.000984954
3103.85 0.826492 0.000872166
2937.84 0.824695 0.00100434
3323.24 0.824214 0.00101508
2741.75 0.824566 0.00099207
2857.92 0.823874 0.000979014
3031.56 0.826317 0.00101179
2943.81 0.828789 0.00103517
2916.39 0.825264 0.000994496
2787.01 0.825826 0.00101549
3196.69 0.826226 0.0010012
2831.72 0.821988 0.00099562
2897.14 0.825258 0.00101062
3041.63 0.826521 0.000980325
2752.11 0.823249 0.000976448
3146.46 0.82229 0.000991639
2953.68 0.825628 0.000995201
109124 0.678921 0.737568
2834.42 0.825269 0.000992025
3013.96 0.825424 0.00102027
2938.31 0.822701 0.00100452
3021.86 0.827618 0.000980152
2742.31 0.823102 0.000997881
2959.48 0.826253 0.000992703
2713.83 0.825311 0.000995449
2977.88 0.824293 0.000997974
2871.81 0.822572 0.000984245
2915.49 0.825172 0.00099355
3323.74 0.824331 0.00101074
2784.81 0.824398 0.000980036
2756.85 0.824923 0.00100042
2849.05 0.824903 0.000997137
3070.05 0.823228 0.00100819
3475.24 0.825811 0.000970518
2925.62 0.82492 0.000992382
2747.92 0.824411 0.00100445
3044.52 0.827375 0.000995279
3165.99 0.828632 0.000995497
3034.06 0.824821 0.00100359
2952.99 0.82624 0.000994728
3177.8 0.827295 0.000983707
2884.5 0.824206 0.000973226
2930.49 0.826955 0.000999858
2847.12 0.82278 0.000959465
2765.96 0.823421 0.000982763
2764.02 0.825515 0.00096621
3052.13 0.826876 0.0010084
3373.67 0.824522 0.000998753
3041.95 0.825416 0.00100012
2871.07 0.826093 0.000998168
3051.69 0.825012 0.00102823
2674.38 0.823668 0.000992307
3166.19 0.825845 0.00100504
2924.69 0.824179 0.00101879
2781.33 0.8244 0.000965118
2868.52 0.82631 0.00101258
2818.39 0.824531 0.000984137
2943.19 0.824827 0.000993385
2932.61 0.824683 0.000982852
2967.35 0.825735 0.00100349
2816.86 0.824587 0.00100105
2880.01 0.824461 0.000976987
2757.35 0.827815 0.000996989
3057.9 0.823966 0.000995465
2920.41 0.825585 0.00100479
2698.35 0.825986 0.00101456
2948.67 0.826971 0.000999544
2778.13 0.826131 0.00100386
3002.2 0.824711 0.00100553
3140.1 0.826168 0.00099571
3052.1 0.826505 0.000999121
2686.72 0.825196 0.000974284
2881.72 0.82623 0.00100596
3002.9 0.824796 0.000997383
2874.98 0.824873 0.000983485
2923.74 0.827786 0.00100271
3042.57 0.825412 0.000996928
2957.14 0.82639 0.00100836
3253.49 0.82606 0.000988176
2828.43 0.827173 0.000988198
3031.89 0.828141 0.000979076
2997.35 0.824126 0.000966348
3105.6 0.824806 0.000973788
3080.97 0.827315 0.00103794
3085.99 0.827082 0.000997551
2897.34 0.82558 0.000996097
2727.83 0.824888 0.00103529
2924.45 0.826642 0.00100405
3291.85 0.829715 0.00100791
2957.66 0.827065 0.000986321
2745.92 0.823212 0.000985016
2843.37 0.824508 0.000939731
3172.97 0.827049 0.000995814
3192.03 0.82467 0.000905604
2768.97 0.825276 0.000997434
2978.37 0.825952 0.000995166
2739.9 0.823756 0.000961941
2814.88 0.825178 0.000993093
2847.58 0.822255 0.00098129
3045.74 0.824597 0.00100767
2897.27 0.825101 0.00103313
2870.26 0.825472 0.000994672
3382.47 0.826844 0.000991173
2807.92 0.826102 0.00101474
3091.11 0.825768 0.000967978
3048.63 0.82675 0.000994933
2799 0.825003 0.000982565
2853.35 0.824368 0.000996007
2813.62 0.826607 0.00100048
3024.54 0.825285 0.00097658
2964.03 0.821574 0.000977122
2820.08 0.824738 0.000985158
2825.88 0.82338 0.000982875
2972.09 0.824827 0.000983491
2806.54 0.823404 0.000993548
2976.43 0.824983 0.000995845
3013.55 0.823145 0.000977418
2747.56 0.822444 0.000967007
2995.18 0.823874 0.00101236
2879.79 0.824117 0.00102363
3259.17 0.826312 0.000994908
2944.12 0.825962 0.00100942
3036.65 0.824509 0.00100413
2928.49 0.822968 0.000997801
2973.55 0.824377 0.00097896
3003.45 0.825867 0.000997663
2948.04 0.824516 0.000978846
2853.46 0.824719 0.00101331
2936.13 0.823218 0.000995206
3150.87 0.827243 0.000993348
2828.93 0.825684 0.00101242
2825.86 0.824644 0.00100595
3120.42 0.827095 0.000967497
3014.35 0.824222 0.000999271
2847.45 0.826605 0.000994908
3020.42 0.824443 0.000992216
3434.63 0.825445 0.00101737
2777.29 0.826105 0.000990883
3426.67 0.823289 0.00098786
2822.16 0.825288 0.000995901
2989.92 0.824498 0.000998408
2988.63 0.829705 0.00103178
2695.82 0.824359 0.000990258
3187.52 0.829073 0.000977055
3568.02 0.827748 0.000970103
3094.02 0.825356 0.00101655
2853.8 0.825157 0.000941978
2952.77 0.825518 0.00101566
2846.87 0.823994 0.0010055
3134.18 0.825915 0.000953107
2747.92 0.823122 0.00101475
2988.25 0.828073 0.000993328
3042.18 0.828124 0.000997706
3065.55 0.825106 0.000968068
3503.99 0.826478 0.000949152
3119.68 0.828591 0.00100429
2835.27 0.823134 0.000995658
2937.9 0.82452 0.000952682
3036.21 0.827311 0.000995484
2858.81 0.823183 0.00100152
2831.51 0.823024 0.000998538
2845.81 0.822882 0.000990286
2917.05 0.825998 0.000998295
2887.83 0.823353 0.00103864
3357.37 0.826708 0.000956583
2829.67 0.824826 0.000990882
3112.37 0.8296 0.000905346
2953.53 0.827082 0.00100397
2746.96 0.823038 0.00099605
2961.45 0.827089 0.000992299
3253.84 0.826084 0.000990605
2815.77 0.825355 0.00098326
2802.15 0.823857 0.00100755
3093.63 0.824692 0.00102954
2847.33 0.82465 0.000952349
2862.09 0.823865 0.000981416
2840.13 0.822959 0.00101732
2962.29 0.826093 0.000997743
2951.79 0.82598 0.000996702
3092.46 0.824164 0.000999813
3116.37 0.825892 0.00103123
3061.34 0.825357 0.00100487
2779.99 0.824396 0.000997485
3113.1 0.82644 0.00101659
3315.71 0.825961 0.000994883
2845.54 0.823843 0.0010056
2969.78 0.827411 0.000999752
2786.95 0.823354 0.000979277
3521.56 0.825943 0.000988937
2896.45 0.826721 0.000989999
3074.04 0.82598 0.000990967
2878.05 0.823332 0.00100911
2804.28 0.824521 0.000979935
2898.96 0.826144 0.00100248
2878.08 0.82565 0.000984221
2957.75 0.826531 0.000969859
2828.84 0.824582 0.000995798
2720.05 0.825244 0.000988032
3525.02 0.827592 0.000996339
2816.43 0.826474 0.00095765
2710.21 0.823209 0.00100421
2845.52 0.824402 0.000987248
2804.5 0.826515 0.000972712
2942.35 0.82495 0.00102788
2905.82 0.82393 0.00100229
3166.24 0.825688 0.00101501
2994.83 0.824066 0.000988188
3145.36 0.825437 0.000978885
2925.12 0.826277 0.000989408
2837.88 0.825324 0.000989882
2762.27 0.825861 0.00099178
2881.87 0.826165 0.00100126
