0.865402
0.861807
0.860318
0.861702
0.864927
0.862843
0.862124
0.869686
0.857268
0.859681
0.863369
0.860546
0.862369
0.86021
0.864883
0.863787
0.864768
0.862051
0.861616
0.866185
0.861042
0.859374
0.865532
0.858876
0.866044
0.86325
0.86247
0.866771
0.86582
0.863019
0.861393
0.861451
0.864128
0.861268
0.864518
0.862799
0.862386
0.862402
0.8643
0.859619
0.867612
0.857848
0.861455
0.865933
0.859225
0.865502
0.861221
0.862544
0.861601
0.863321
0.861146
0.863454
0.865326
0.864259
0.860761
0.862008
0.861066
0.862464
0.861748
0.860937
0.866922
0.866158
0.861453
0.866407
0.860921
0.863861
0.860369
0.863303
0.86584
0.860283
0.860556
0.865043
0.863948
0.866756
0.860905
0.861995
0.862288
0.860708
0.860658
0.861732
0.866408
0.861342
0.866387
0.857928
0.861485
0.864948
0.862049
0.861536
0.859179
0.864031
0.863169
0.862601
0.863559
0.860329
0.862786
0.863811
0.863336
0.866424
0.863523
0.861854
0.862678
0.867007
0.860635
0.860941
0.865884
0.868287
0.864015
0.863079
0.861202
0.865538
0.866664
0.862868
0.86433
0.8592
0.861057
0.864624
0.866648
0.862622
0.861747
0.864633
0.863635
0.862868
0.861587
0.863861
0.862142
0.864607
0.864563
0.863185
0.862254
0.862966
0.864184
0.864589
0.861075
0.866147
0.859982
0.863721
0.863842
0.860993
0.863713
0.866869
0.864357
0.85938
0.863623
0.863052
0.864927
0.867776
0.866543
0.860926
0.862637
0.865515
0.8627
0.865224
0.863977
0.861491
0.861483
0.860789
0.863434
0.860844
0.863327
0.861885
0.859556
0.861417
0.86108
0.85993
0.860693
0.862868
0.864987
0.861527
0.862592
0.862125
0.865359
0.864309
0.865413
0.858002
0.866196
0.863452
0.86455
0.864769
0.8624
0.861646
0.864106
0.862339
0.860591
0.859626
0.859901
0.863415
0.862406
0.861755
0.861606
0.867239
0.862118
0.863294
0.866844
0.863691
0.862861
0.866958
0.863278
0.860427
0.862623
0.863082
0.861363
0.861039
0.862714
0.863324
0.863796
0.864698
0.860308
0.861841
0.863668
0.864988
0.858503
0.862565
0.860602
0.858315
0.864316
0.862432
0.863315
0.859871
0.863046
0.864457
0.867297
0.861566
0.861949
0.865711
0.861601
0.862326
0.862439
0.862436
0.865234
0.862373
0.863691
0.860132
0.862029
0.86232
0.861172
0.863728
0.86232
0.860905
0.863591
0.863068
0.862676
0.863804
0.86288
0.863861
0.864864
0.860281
0.860321
0.861508
0.862384
0.859853
0.867433
0.860103
0.860715
0.865119
0.863619
0.857548
0.86162
0.861923
0.864207
0.862166
0.861619
0.865453
0.859341
0.862037
0.86462
0.861427
0.865832
0.86725
0.8643
0.861896
0.86278
0.859958
0.861778
0.864789
0.864486
0.864931
0.863883
0.864376
0.863004
0.860092
0.862954
0.859386
0.86634
0.865764
0.864748
0.861459
0.864784
0.86087
0.863597
0.866331
0.860063
0.860088
0.865189
0.867201
0.862582
0.867211
0.862758
0.865126
0.864719
0.864932
0.863248
0.865801
0.863447
0.865822
0.857559
0.864825
0.862249
0.861349
0.860313
0.861165
0.864839
0.862815
0.864417
0.866704
0.86371
0.86275
0.862526
0.861513
0.862337
0.860978
0.866114
0.863588
0.863914
0.862739
0.861142
0.864563
0.861555
0.861264
0.861811
0.863167
0.863105
0.862135
0.862396
0.866162
0.862866
0.86454
0.862044
0.862674
0.865093
0.866789
0.860905
0.865201
0.861699
0.864707
0.860927
0.862619
0.861686
0.866473
0.862336
0.864883
0.858952
0.864411
0.862887
0.865548
0.862693
0.863407
0.864851
0.862645
0.861468
0.861951
0.864997
0.861658
0.860214
0.864874
0.864832
0.863503
0.859025
0.863464
0.863983
0.866698
0.864126
0.862956
0.863423
0.860874
0.865202
0.863992
0.865601
0.859142
0.860753
0.862671
0.867401
0.864883
0.858401
0.862903
0.863717
0.861235
0.86406
0.85931
0.862922
0.860705
0.865047
0.866918
0.861033
0.863469
0.862701
0.861311
0.862249
0.862722
0.864821
0.863287
0.865157
0.860906
0.862783
0.860791
0.866224
0.866449
0.860342
0.860306
0.864271
0.861505
0.864055
0.862565
0.861567
0.862799
0.863188
0.864432
0.858979
0.862265
0.86074
0.863518
0.860223
0.862046
0.861846
0.863314
0.861738
0.861512
0.866261
0.862888
0.86842
0.86286
0.864096
0.862896
0.864103
0.862703
0.860337
0.862187
0.865719
0.864354
0.865704
0.859151
0.859492
0.864604
0.863586
0.864702
0.863387
0.864795
0.862822
0.861141
0.864736
0.863071
0.858682
0.863845
0.859049
0.858524
0.862886
0.860648
0.861517
0.860174
0.858684
0.865146
0.863004
0.86717
0.863966
0.862853
0.862476
0.863602
0.861925
0.860898
0.861473
0.860821
0.861722
0.8588
0.86177
0.86697
0.862768
0.861847
0.86281
0.865533
0.870084
0.863623
0.861612
0.863734
0.865829
0.862932
0.863554
0.862053
0.863847
0.868446
0.864983
0.860647
0.860344
0.858242
0.861723
0.865054
0.862803
0.863682
0.861464
0.861932
0.858893
0.864075
0.863556
0.862555
0.858157
0.86071
0.860793
0.862831
0.861185
0.858753
0.865689
0.860736
0.86748
0.863291
0.862341
0.866014
0.861379
0.861698
0.8644
0.861292
0.86169
0.866288
0.862173
0.861615
0.86038
0.862935
0.860323
0.861483
0.857522
0.861849
0.862998
0.862356
0.862335
0.865974
0.861003
0.864788
0.864099
0.857577
0.863859
0.865449
0.864164
0.863656
0.861306
0.864061
0.864488
0.864746
0.862884
0.864013
0.866192
0.865035
0.861324
0.860582
0.864444
0.862516
0.862717
0.861115
0.862722
0.860044
0.860457
0.863884
0.865276
0.862025
0.86415
0.863641
0.861947
0.866592
0.865766
0.860966
0.863949
0.864103
0.866466
0.86131
0.864839
0.861308
0.860267
0.863171
0.862209
0.860967
0.866021
0.863807
0.864374
0.862591
0.859816
0.86381
0.860393
0.862401
0.862642
0.863554
0.860741
0.860731
0.86736
0.860926
0.861923
0.860396
0.860826
0.8614
0.863237
0.861555
0.859377
0.863744
0.863117
0.865967
0.859768
0.863597
0.863571
0.860989
0.867123
0.862689
0.867281
0.862915
0.863359
0.861423
0.863006
0.86099
0.860292
0.859269
0.864416
0.860746
0.861323
0.859275
0.861369
0.857857
0.86268
0.86232
0.861507
0.865175
0.860163
0.864109
0.865317
0.861951
0.866498
0.859868
0.864833
0.862428
0.864745
0.864368
0.859147
0.86268
0.863843
0.861913
0.861855
0.864626
0.862998
0.863154
0.861015
0.862612
0.86094
0.863163
0.86482
0.860489
0.862912
0.858894
0.860202
0.864386
0.861261
0.860269
0.862026
0.862793
0.863972
0.862493
0.863321
0.863055
0.86393
0.859942
0.863001
0.862762
0.865955
0.863578
0.862947
0.861104
0.865228
0.863555
0.863811
0.865073
0.861569
0.859436
0.863862
0.862158
0.860103
0.861777
0.866577
0.865376
0.865441
0.864145
0.866213
0.861572
0.860635
0.859164
0.860549
0.867733
0.864284
0.861009
0.865503
0.862885
0.867196
0.861914
0.863562
0.867823
0.865573
0.866512
0.867204
0.863104
0.863221
0.860603
0.867079
0.859975
0.861341
0.864638
0.864356
0.860425
0.863521
0.861571
0.865223
0.863684
0.862297
0.864135
0.86694
0.863801
0.864043
0.862428
0.860911
0.860666
0.862534
0.860849
0.86227
0.862411
0.861604
0.865209
0.862526
0.86261
0.860783
0.863904
0.86238
0.863973
0.86573
0.863243
0.862263
0.860084
0.864042
0.860563
0.86214
0.864467
0.859747
0.863759
0.866707
0.864968
0.863328
0.860265
0.861002
0.862553
0.862926
0.862964
0.863227
0.859487
0.864728
0.866368
0.861999
0.858899
0.862063
0.865019
0.860918
0.867048
0.864278
0.864345
0.863561
0.862813
0.865034
0.859635
0.86713
0.863279
0.860666
0.857343
0.866525
0.863143
0.858886
0.864247
0.862892
0.861068
0.864641
0.860461
0.861494
0.864084
0.863567
0.860507
0.865036
0.859942
0.863832
0.862792
0.860811
0.86477
0.863362
0.863187
0.860625
0.861953
0.865796
0.861903
0.860831
0.860733
0.865224
0.863608
0.8644
0.865209
0.866312
0.864334
0.861684
0.865032
0.864043
0.865458
0.860474
0.862148
0.8638
0.859892
0.860117
0.859522
0.862849
0.86477
0.862566
0.864335
0.862459
0.86181
0.860692
0.861581
0.86135
0.861497
0.861904
0.860525
0.864402
0.862463
0.860883
0.863704
0.864045
0.862276
0.85767
0.863889
0.866081
0.860855
0.859266
0.861979
0.865871
0.862891
0.863547
0.861203
0.862397
0.860888
0.860024
0.864446
0.860826
0.861953
0.860886
0.861598
0.86358
0.861328
0.864803
0.861842
0.864888
0.862435
0.864771
0.859651
0.863163
0.864196
0.863431
0.860893
0.861101
0.860706
0.863908
0.862709
0.86252
0.860027
0.861848
0.863775
0.863115
0.865074
0.867099
0.862556
0.859344
0.862382
0.859961
0.863773
0.862766
0.862044
0.862713
0.863921
0.862241
0.862042
0.864224
0.86082
0.861166
0.865208
0.866014
0.861413
0.861968
0.864425
0.862758
0.866773
0.865449
0.86259
0.861336
0.863409
0.860781
0.862586
0.86445
0.864076
0.865639
0.862216
0.863831
0.860242
0.857793
0.864732
0.865707
0.8671
0.864112
0.857918
0.859716
0.866541
0.865498
0.861399
0.863609
0.860513
0.863988
0.862842
0.864831
0.863438
0.859756
0.863369
0.859317
0.861501
0.862022
0.861886
0.860937
0.863349
0.859314
0.862299
0.865464
0.864277
0.860683
0.862941
0.861972
0.858299
0.864978
0.863691
0.86396
0.860527
0.860979
0.862584
0.861577
0.8628
0.861411
0.865746
0.864525
0.862511
0.860544
0.86575
0.865784
0.863024
0.8641
0.864349
0.860264
0.861021
0.862422
0.860411
0.859525
0.858185
0.863088
0.862587
0.863955
0.86199
0.861159
0.862571
0.861592
0.86273
0.867763
0.862328
0.865479
0.864947
0.861832
0.866208
0.864234
0.862753
0.856924
0.862004
0.861045
0.862266
0.865791
0.861372
0.862023
0.862493
0.863969
0.862966
0.860954
0.858774
0.862828
0.862269
0.863267
0.864341
0.864446
0.863611
0.862846
0.862352
0.863532
0.860974
0.859309
0.860098
0.862067
0.865116
0.860358
0.859447
0.860642
0.863495
0.862335
0.860521
0.86296
0.864611
0.858349
0.860695
0.861897
0.863562
0.863348
0.862313
0.861852
0.863397
0.863887
0.861569
0.863429
0.863266
0.863436
0.860667
0.868087
0.859847
0.861308
0.865389
0.865635
0.865994
0.86533
0.85971
0.86136
0.863462
0.86073
0.864544
0.861698
0.858529
0.863499
0.866264
0.862065
0.863385
0.864432
0.858857
0.862503
0.864206
0.864263
0.8638
0.865927
0.863789
0.860603
0.862177
0.860304
0.86523
0.86187
0.862925
0.858906
0.863249
0.860659
0.86503
0.862368
0.859745
0.865967
0.860611
0.863919
0.86405
0.864179
0.860057
0.86192
0.858715
0.863442
0.866176
0.861778
0.864075
0.863839
0.86364
0.861447
0.866135
0.862099
0.86624
0.86679
0.862214
0.861795
0.863243
0.861696
0.864801
0.860861
0.861897
0.864166
0.861089
0.861636
0.863192
0.861841
0.866388
0.862317
0.862924
0.863116
0.865195
0.864225
0.863286
0.862266
0.862233
0.865778
0.860912
0.864129
0.863314
0.861591
0.863723
0.861833
0.861202
0.861883
0.86511
0.859844
0.861974
0.864431
0.86153
0.867161
0.862445
0.864277
0.865919
0.86329
0.864305
0.865893
0.862611
0.862018
0.865094
0.865799
0.8655
0.863162
0.861941
0.866083
0.864537
0.863449
0.862869
0.864783
0.859891
0.863883
0.86074
0.861702
0.863346
0.860942
0.860984
0.860974
0.862042
0.86085
0.862989
0.863856
0.86492
0.862106
0.865128
0.86134
0.862243
0.865734
0.863688
0.864246
0.861401
0.863978
0.859884
0.862163
0.861228
0.863404
0.8669
0.864923
0.863665
0.863455
0.865119
0.866524
0.864868
0.860364
0.864657
0.862166
0.862172
0.864805
0.865491
0.862
0.86654
0.862259
0.863012
0.86422
0.866874
0.862299
0.864686
0.858981
0.862856
0.861071
0.862974
0.863008
0.86254
0.863895
0.859356
0.863233
0.866449
0.865228
0.864264
0.862655
0.859482
0.861425
0.86215
0.862238
0.863406
0.864012
0.86355
0.865575
0.859924
0.862876
0.860061
0.858443
0.868495
0.863016
0.863302
0.862466
0.866325
0.863234
0.862585
0.862303
0.863365
0.866973
0.860269
0.863489
0.862622
0.862024
0.863278
0.863142
0.863479
0.859936
0.864972
0.862912
0.861144
0.862354
0.864023
0.861793
0.862847
0.865935
0.864744
0.862514
0.861417
0.860725
0.864103
0.868713
0.863621
0.85938
0.863023
0.864848
0.861924
0.862071
0.861897
0.866484
0.860451
0.863052
0.861696
0.861386
0.862978
0.859583
0.8637
0.865471
0.864124
0.866927
0.863674
0.862552
0.862709
0.862347
0.865154
0.863012
0.861163
0.858506
0.861969
0.860022
0.863386
0.863821
0.864287
0.865254
0.861815
0.863831
0.860435
0.86543
0.862207
0.860701
0.859831
0.865185
0.863168
0.865648
0.860694
0.860645
0.864852
0.865272
0.865549
0.861726
0.861557
0.864872
0.869671
0.863792
0.859101
0.861863
0.865057
0.863471
0.862586
0.860157
0.861279
0.861747
0.862155
0.862699
0.868422
0.864045
0.862688
0.862227
0.86169
0.860073
0.86579
0.86325
0.862758
0.859482
0.865941
0.866318
0.863322
0.86227
0.860372
0.858868
0.862793
0.863755
0.861234
0.864523
0.865896
0.862239
0.859636
0.863973
0.861804
0.866256
0.861116
0.858434
0.864715
0.863914
0.864609
0.86262
0.86222
0.863472
0.864004
0.862039
0.861448
0.861453
0.866136
0.862548
0.862205
0.862759
0.862381
0.861984
0.864164
0.862255
0.861632
0.862458
0.862339
0.861611
0.862076
0.863561
0.86246
0.860952
0.862173
0.860166
0.863129
0.860191
0.860367
0.863052
0.860691
0.866266
0.862798
0.865295
0.862356
0.863592
0.863159
0.865293
0.861188
0.859607
0.861086
0.861555
0.861772
0.859677
0.862262
0.863434
0.864771
0.862116
0.865494
0.864905
0.860279
0.858322
0.868491
0.859424
0.862895
0.863117
0.863912
0.864049
0.862667
0.861669
0.863737
0.863035
0.865627
0.865916
0.862486
0.8634
0.860579
0.865164
0.867605
0.863936
0.863351
0.858705
0.85987
0.859612
0.865221
0.865022
0.864443
0.865706
0.862089
0.862034
0.860225
0.863063
0.861608
0.861598
0.862688
0.860143
0.861682
0.865838
0.858543
0.861168
0.862559
0.861831
0.863608
0.862006
0.859888
0.861149
0.865981
0.86641
0.867253
0.862611
0.864108
0.864468
0.861561
0.86211
0.864481
0.865891
0.8652
0.867499
0.861216
0.863479
0.859294
0.862476
0.863475
0.862301
0.860477
0.864745
0.860449
0.859435
0.865505
0.862931
0.861448
0.860115
0.861539
0.861398
0.865656
0.8628
0.863642
0.864057
0.862263
0.861217
0.862564
0.863319
0.862215
0.863463
0.85819
0.862628
0.861257
0.863298
0.863746
0.86086
0.864187
0.862461
0.865139
0.862104
0.862103
0.863711
0.865573
0.86385
0.861784
0.861342
0.862942
0.869025
0.865007
0.865618
0.862162
0.862975
0.864242
0.862817
0.863169
0.860914
0.86253
0.862104
0.861677
0.858705
0.860978
0.860809
0.865911
0.86348
0.861006
0.863267
0.862761
0.863728
0.858474
0.864355
0.861193
0.866099
0.866672
0.862458
0.864645
0.861054
0.868049
0.862318
0.861138
0.865351
0.862918
0.863558
0.86348
0.866969
0.865775
0.861459
0.859127
0.859871
0.860134
0.863607
0.863854
0.8602
0.865826
0.861055
0.866488
0.865233
0.862493
0.862464
0.864635
0.85971
0.864788
0.862412
0.863768
0.864798
0.863173
0.864295
0.863504
0.865179
0.86226
0.86441
0.863539
0.864307
0.859352
0.864548
0.862467
0.862969
0.861646
0.860855
0.862173
0.864613
0.860615
0.864476
0.861707
0.863309
0.862522
0.864269
0.862832
0.861036
0.865946
0.865344
0.862455
0.863164
0.863083
0.86382
0.859059
0.860041
0.861634
0.86498
0.861251
0.865562
0.8637
0.864305
0.863732
0.862285
0.858707
0.864457
0.863331
0.861819
0.86053
0.866027
0.862325
0.862722
0.861627
0.85942
0.862205
0.862205
0.863905
0.861166
0.862041
0.866282
0.861953
0.860842
0.864982
0.865118
0.862451
0.86272
0.866467
0.859817
0.859425
0.862204
0.861696
0.865274
0.863985
0.863884
0.861891
0.857004
0.861012
0.862709
0.859957
0.864871
0.862741
0.863365
0.861712
0.860792
0.862873
0.85964
0.86467
0.862314
0.862693
0.862993
0.865559
0.860399
0.863442
0.863923
0.864269
0.864298
0.863798
0.863541
0.863747
0.863488
0.860577
0.863666
0.863523
0.862514
0.858205
0.866509
0.860212
0.860187
0.861247
0.863328
0.865614
0.866221
0.862484
0.865972
0.864621
0.863539
0.864345
0.866232
0.862549
0.862611
0.860046
0.864937
0.862346
0.864
0.859544
0.866379
0.861279
0.86149
0.863014
0.862927
0.862668
0.86132
0.861996
0.864412
0.860258
0.860505
0.861445
0.863943
0.863586
0.866773
0.861922
0.864385
0.86482
0.860491
0.863329
0.865326
0.862599
0.862187
0.862758
0.861825
0.861871
0.861408
0.864155
0.862267
0.863218
0.863694
0.862974
0.860384
0.862319
0.865479
0.863986
0.859737
0.86475
0.863641
0.863236
0.865851
0.86069
0.86368
0.863522
0.862454
0.862609
0.864467
0.86114
0.861703
0.857698
0.863896
0.86234
0.864083
0.863298
0.862542
0.862732
0.860028
0.861767
0.864722
0.867202
0.864211
0.860402
0.863066
0.865694
0.863426
0.861673
0.861127
0.864409
0.867284
0.860972
0.862296
0.86048
0.861539
0.859583
0.865058
0.862325
0.866543
0.863583
0.861643
0.861802
0.863285
0.859694
0.864652
0.862881
0.864355
0.863245
0.864029
0.860914
0.861388
0.863905
0.86332
0.860651
0.863544
0.863202
0.862732
0.862027
0.861763
0.865433
0.864053
0.865565
0.862238
0.864099
0.863622
0.862643
0.863905
0.863643
0.860893
0.863501
0.861891
0.86556
0.861882
0.862718
0.862892
0.863272
0.861033
0.863535
0.863402
0.866888
0.863848
0.860911
0.861082
0.864351
0.863263
0.86307
0.865346
0.863564
0.86356
0.862264
0.863172
0.866774
0.863598
0.864627
0.862768
0.861529
0.862684
0.864419
0.863506
0.862653
0.86025
0.862741
0.861417
0.863531
0.860404
0.859994
0.864203
0.861253
0.85808
0.861367
0.864492
0.865534
0.865853
0.861127
0.861266
0.8619
0.864951
0.862291
0.864284
0.865719
0.864222
0.863491
0.86085
0.864872
0.862019
0.861269
0.859542
0.861909
0.858442
0.865258
0.858811
0.864215
0.862971
0.861115
0.862831
0.863249
0.859414
0.862402
0.864463
0.861856
0.857776
0.862616
0.864332
0.859358
0.862343
0.861024
0.862755
0.862876
0.862579
0.859904
0.8657
0.867678
0.861179
0.866141
0.860219
0.863722
0.860491
0.86158
0.863353
0.862665
0.860892
0.862474
0.863476
0.862354
0.86462
0.862756
0.863008
0.863897
0.864709
0.860941
0.863196
0.862317
0.862678
0.866352
0.860084
0.862079
0.862816
0.861795
0.86761
0.863846
0.867048
0.863745
0.867014
0.859999
0.862358
0.862456
0.863976
0.864366
0.863683
0.867709
0.863207
0.860764
0.863039
0.858644
0.862436
0.863353
0.862976
0.8611
0.860701
0.862151
0.862147
0.863771
0.860028
0.859536
0.863147
0.865089
0.862196
0.863332
0.859508
0.861865
0.859558
0.863332
0.865732
0.861939
0.862697
0.865425
0.862348
0.867568
0.863206
0.86078
0.865666
0.86394
0.860184
0.860651
0.866115
0.859775
0.864719
0.862081
0.862265
0.860341
0.863546
0.85896
0.863038
0.865855
0.861668
0.865316
0.865049
0.864181
0.864444
0.86285
0.8617
0.861567
0.861458
0.863868
0.865539
0.865382
0.865389
0.865477
0.862288
0.862733
0.860191
0.86609
0.861995
0.866287
0.861336
0.862579
0.861872
0.867534
0.860973
0.861683
0.862729
0.863909
0.860402
0.859971
0.863682
0.861672
0.868826
0.861496
0.862012
0.865031
0.863689
0.864685
0.864453
0.864813
0.86074
0.865231
0.86582
0.862645
0.8603
0.863194
0.865457
0.8614
0.86209
0.860556
0.86422
0.862047
0.864873
0.863861
0.86182
0.863083
0.861354
0.861957
0.861904
0.864638
0.864504
0.860449
0.861995
0.867933
0.863296
0.865758
0.861541
0.859976
0.863296
0.860018
0.861319
0.864519
0.86281
0.864429
0.862738
0.861801
0.86666
0.866804
0.865175
0.866283
0.867008
0.860128
0.861884
0.86051
0.867327
0.864551
0.861228
0.862684
0.860609
0.862467
0.858735
0.866748
0.864752
0.863033
0.862534
0.862878
0.861375
0.864577
0.86605
0.862509
0.863044
0.862852
0.863445
0.860582
0.864334
0.86169
0.862434
0.863131
0.862891
0.864215
0.864353
0.861096
0.863984
0.862617
0.862425
0.864819
0.863532
0.859698
0.857618
0.866376
0.862705
0.861121
0.86059
0.860975
0.865775
0.863498
0.865996
0.865592
0.860357
0.864466
0.86468
0.861565
0.862149
0.865364
0.863038
0.860554
0.862206
0.862471
0.859999
0.864527
0.857319
0.860086
0.862676
0.862365
0.862473
0.861739
0.866946
0.865422
0.862006
0.862708
0.863728
0.864248
0.866503
0.860574
0.863241
0.863097
0.862088
0.863849
0.863182
0.863634
0.862096
0.863545
0.862682
0.86528
0.862956
0.862091
0.866031
0.861861
0.868343
0.866895
0.861424
0.864249
0.863435
0.859507
0.862628
0.863823
0.860317
0.864196
0.862254
0.864453
0.866485
0.863665
0.860415
0.86397
0.868982
0.860596
0.863699
0.864724
0.859141
0.863641
0.860621
0.86247
0.861655
0.863481
0.862306
0.863121
0.862773
0.86216
0.866183
0.862148
0.865814
0.861075
0.864237
0.861197
0.864635
0.863035
0.862737
0.866888
0.860502
0.866949
0.863143
0.865269
0.863374
0.864232
0.859776
0.86574
0.864229
0.862323
0.865336
0.862055
0.862454
0.861616
0.860073
0.864196
0.856723
0.863324
0.862584
0.864104
0.861161
0.864275
0.862714
0.862865
0.862021
0.860763
0.862581
0.860953
0.865957
0.860524
0.86379
0.862897
0.86411
0.862535
0.860124
0.862203
0.865814
0.863474
0.86394
0.864268
0.862902
0.864601
0.862573
0.862241
0.863571
0.857485
0.864334
0.860844
0.864884
0.858037
0.863731
0.861893
0.86425
0.862157
0.862633
0.864277
0.866068
0.864455
0.865779
0.863898
0.86363
0.862754
0.862437
0.866259
0.864879
0.862752
0.863396
0.864285
0.863453
0.864021
0.858795
0.863826
0.863476
0.863066
0.864632
0.859564
0.863922
0.85978
0.859987
0.862639
0.863829
0.863748
0.861674
0.86002
0.860984
0.864393
0.864924
0.864763
0.85725
0.86038
0.860887
0.863469
0.863953
0.863217
0.861519
0.86162
0.861884
0.862801
0.860448
0.86234
0.860498
0.863725
0.863664
0.862713
0.864452
0.864511
0.858015
0.860653
0.859866
0.866043
0.86188
0.859677
0.86444
0.863106
0.862067
0.865786
0.862179
0.862333
0.863341
0.859349
0.862565
0.867619
0.865439
0.859406
0.863638
0.861736
0.86195
0.864168
0.863366
0.862272
0.861256
0.863914
0.859956
0.864622
0.862736
0.866467
0.861502
0.864196
0.859672
0.861101
0.862312
0.866474
0.863352
0.862902
0.860959
0.862063
0.863697
0.865142
0.861926
0.862284
0.865532
0.865337
0.863477
0.86341
0.864364
0.86342
0.863797
0.864211
0.859697
0.862728
0.86721
0.860637
0.863257
0.864302
0.858041
0.862829
0.861972
0.865344
0.858469
0.864973
0.864142
0.869304
0.859872
0.863341
0.859875
0.86223
0.86676
0.863814
0.865482
0.863426
0.86712
0.862291
0.863981
0.861938
0.864948
0.861033
0.866206
0.862091
0.865291
0.862567
0.862813
0.863061
0.865945
0.863557
0.864943
0.860702
0.861928
0.862603
0.862134
0.862839
0.862898
0.859089
0.864295
0.862129
0.864625
0.864911
0.862266
0.866626
0.862556
0.860797
0.858534
0.862055
0.864061
0.866479
0.862499
0.861928
0.864928
0.861315
0.864854
0.862584
0.863896
0.865994
0.859621
0.863763
0.86492
0.859813
0.860805
0.86319
0.863562
0.864179
0.865438
0.864103
0.860526
0.863097
0.865299
0.863792
0.863188
0.862404
0.863632
0.864216
0.862376
0.862579
0.864417
0.859036
0.860799
0.863824
0.862958
0.861382
0.864055
0.864223
0.863488
0.865848
0.8623
0.862274
0.868084
0.862567
0.863288
0.862136
0.863815
0.861168
0.860511
0.862039
0.861564
0.860381
0.857251
0.865522
0.866103
0.860576
0.862056
0.862069
0.861733
0.860003
0.863948
0.861974
0.862946
0.859092
0.86278
0.863689
0.865278
0.859927
0.859726
0.864691
0.860981
0.865078
0.868645
0.860852
0.867246
0.865062
0.860857
0.864779
0.865054
0.859284
0.861641
0.861659
0.861925
0.863052
0.861595
0.861005
0.865596
0.860537
0.86031
0.864918
0.864586
0.860578
0.861624
0.865853
0.865064
0.864119
0.866818
0.858373
0.861569
0.864582
0.862547
0.864254
0.862445
0.865056
0.862822
0.86186
0.861974
0.861069
0.862241
0.862783
0.859726
0.858616
0.859148
0.862537
0.862222
0.863573
0.865766
0.863169
0.860955
0.862919
0.866322
0.862169
0.864647
0.864547
0.860873
0.861097
0.86036
0.864173
0.863677
0.860037
0.863049
0.861491
0.857915
0.86439
0.862075
0.865528
0.862902
0.863687
0.858558
0.863031
0.861739
0.862289
0.861918
0.862168
0.864268
0.861936
0.863973
0.863884
0.861115
0.866204
0.863785
0.86293
0.866221
0.861792
0.861917
0.867389
0.866656
0.863714
0.864585
0.859377
0.864065
0.86315
0.85835
0.863679
0.862872
0.865317
0.862054
0.864629
0.862898
0.862704
0.864226
0.861573
0.860655
0.861565
0.86147
0.86224
0.861375
0.864205
0.865309
0.865837
0.862443
0.867535
0.86427
0.861988
0.858226
0.863189
0.859484
0.861684
0.860939
0.864292
0.859744
0.862171
0.860449
0.863018
0.859271
0.863686
0.862302
0.863356
0.864231
0.864627
0.865079
0.861259
0.863034
0.860747
0.859371
0.861742
0.865662
0.866834
0.858591
0.864701
0.86279
0.861238
0.864611
0.863276
0.863077
0.863384
0.861367
0.86293
0.862428
0.865746
0.860671
0.864533
0.864093
0.864648
0.862424
0.862979
0.863188
0.864252
0.862272
0.864073
0.863008
0.860956
0.861205
0.865716
0.867009
0.86248
0.862231
0.862041
0.863759
0.860914
0.861458
0.862407
0.860845
0.863155
0.86377
0.859222
0.866702
0.865482
0.860021
0.864733
0.863401
0.866489
0.864159
0.864504
0.864372
0.861408
0.863615
0.860873
0.864441
0.864528
0.86141
0.863513
0.864162
0.859805
0.864289
0.863221
0.858951
0.863097
0.862672
0.863585
0.859321
0.863666
0.860031
0.864039
0.861607
0.865746
0.859318
0.861714
0.863703
0.86236
0.866144
0.863346
0.862219
0.864152
0.863311
0.858262
0.861314
0.864305
0.860487
0.861813
0.86291
0.861227
0.865529
0.858905
0.861535
0.864643
0.86393
0.86115
0.861831
0.864863
0.863726
0.862096
0.861649
0.863172
0.86767
0.864835
0.860068
0.864366
0.863685
0.865666
0.865324
0.864182
0.864004
0.858425
0.863668
0.861879
0.860409
0.865236
0.86543
0.860085
0.860869
0.862586
0.861851
0.86106
0.863347
0.860758
0.862865
0.860944
0.864873
0.863148
0.863609
0.86422
0.860139
0.863368
0.863253
0.862688
0.867018
0.858494
0.862561
0.8607
0.86234
0.860317
0.865241
0.864336
0.860506
0.8644
0.861689
0.858671
0.857708
0.864842
0.863687
0.863597
0.86444
0.860471
0.862573
0.86521
0.862365
0.862599
0.860177
0.862613
0.862065
0.862932
0.86189
0.862021
0.859724
0.861142
0.859479
0.861536
0.861519
0.86631
0.86098
0.866393
0.865917
0.864427
0.858731
0.862517
0.862575
0.864079
0.864235
0.863732
0.862105
0.860053
0.86039
0.860475
0.865169
0.863891
0.861822
0.862919
0.866743
0.858398
0.863048
0.862639
0.860641
0.864825
0.867687
0.863576
0.862817
0.862215
0.863353
0.861559
0.86489
0.86688
0.86409
0.860599
0.859805
0.864358
0.865209
0.859309
0.86237
0.862937
0.864415
0.864905
0.860524
0.86402
0.863502
0.867732
0.861029
0.859885
0.864408
0.863517
0.862818
0.861887
0.867771
0.862127
0.863253
0.863164
0.865073
0.861609
0.865487
0.863765
0.85897
0.86083
0.859956
0.861957
0.864413
0.86407
0.862282
0.863861
0.861717
0.861642
0.862924
0.862963
0.864846
0.863605
0.86065
0.861244
0.861592
0.862265
0.862713
0.863877
0.858423
0.862583
0.861826
0.861669
0.859609
0.862427
0.863711
0.866148
0.866678
0.861754
0.858673
0.861452
0.864283
0.862938
0.864799
0.862102
0.862173
0.860651
0.862699
0.865685
0.862713
0.862908
0.862828
0.866188
0.860523
0.860826
0.862186
0.863898
0.863174
0.860821
0.861648
0.863788
0.862983
0.863108
0.862671
0.861607
0.868264
0.862039
0.860276
0.865152
0.862901
0.863908
0.861295
0.859241
0.863891
0.862612
0.86042
0.860028
0.859089
0.862108
0.862752
0.862437
0.860927
0.865164
0.862953
0.864283
0.863696
0.865501
0.86581
0.861712
0.85987
0.865001
0.862501
0.863256
0.86076
0.865011
0.86337
0.861557
0.863543
0.864319
0.861888
0.862332
0.862545
0.859909
0.863476
0.860191
0.862819
0.862273
0.863958
0.860599
0.858927
0.861589
0.863237
0.864073
0.863836
0.86354
0.865157
0.867611
0.863976
0.862525
0.859407
0.863987
0.866325
0.864778
0.862513
0.868408
0.864854
0.866157
0.860408
0.863977
0.862372
0.863604
0.864176
0.862972
0.861873
0.863328
0.86025
0.864908
0.867744
0.864166
0.861974
0.860143
0.865508
0.864344
0.862141
0.862217
0.865405
0.86043
0.86256
0.863937
0.861666
0.865026
0.862991
0.859998
0.861421
0.865395
0.863097
0.863914
0.863368
0.864998
0.860321
0.860237
0.863983
0.865138
0.867219
0.864931
0.861853
0.863632
0.862159
0.858089
0.860946
0.865834
0.860178
0.861222
0.866607
0.863574
0.86027
0.863415
0.86618
0.861782
0.8606
0.857944
0.864807
0.862809
0.861863
0.863546
0.860587
0.865109
0.862354
0.86493
0.861128
0.863302
0.85928
0.862224
0.862966
0.862937
0.862704
0.867375
0.863508
0.865397
0.866201
0.864559
0.861987
0.862315
0.861534
0.862731
0.861422
0.862343
0.862861
0.866168
0.861541
0.860675
0.863822
0.864292
0.863105
0.863474
0.86544
0.863965
0.856888
0.863063
0.863769
0.862054
0.864795
0.861407
0.861883
0.859649
0.863016
0.863
0.862068
0.86507
0.86263
0.862136
0.864973
0.860734
0.863659
0.863379
0.863845
0.860333
0.861652
0.862045
0.862636
0.860999
0.862947
0.863724
0.865169
0.86601
0.86603
0.859877
0.86405
0.861719
0.86286
0.867071
0.861748
0.86077
0.863355
0.865442
0.861134
0.860486
0.862982
0.865116
0.864017
0.865314
0.861201
0.860766
0.86258
0.865049
0.861808
0.866356
0.860031
0.864744
0.861533
0.862127
0.860843
0.863577
0.864468
0.861738
0.862854
0.861041
0.863348
0.861262
0.86595
0.862499
0.860393
0.863826
0.859869
0.864291
0.862578
0.861917
0.8612
0.861517
0.865022
0.861604
0.864867
0.861044
0.865651
0.862787
0.862609
0.860586
0.861324
0.866045
0.865192
0.86122
0.86159
0.862857
0.861372
0.863402
0.863945
0.862125
0.864063
0.866117
0.86298
0.864354
0.861114
0.864986
0.860395
0.861573
0.861563
0.862192
0.86401
0.860854
0.860759
0.862519
0.862139
0.860581
0.863174
0.861751
0.862678
0.868058
0.864685
0.865596
0.862711
0.863778
0.864871
0.861607
0.863591
0.862693
0.860947
0.867204
0.861156
0.859819
0.864916
0.860469
0.86551
0.863019
0.86298
0.861545
0.85978
0.862655
0.861072
0.86129
0.862524
0.862909
0.860843
0.860155
0.860759
0.861687
0.860108
0.863155
0.860026
0.863292
0.861837
0.859878
0.862217
0.864572
0.862503
0.858213
0.863231
0.864318
0.862539
0.860468
0.864256
0.864533
0.857371
0.861839
0.866097
0.863029
0.864226
0.862216
0.863563
0.860873
0.863266
0.863148
0.863019
0.859795
0.863942
0.864254
0.861192
0.862402
0.861697
0.863541
0.865219
0.85991
0.862977
0.862191
0.861195
0.859439
0.864451
0.86417
0.862907
0.865778
0.863702
0.865331
0.861564
0.862728
0.861044
0.865728
0.864472
0.861187
0.861868
0.867874
0.865391
0.863344
0.86615
0.862173
0.862883
0.863791
0.859614
0.863566
0.863951
0.862731
0.865667
0.863204
0.86021
0.858228
0.861085
0.861511
0.866701
0.863711
0.864593
0.86467
0.862643
0.861779
0.864627
0.864023
0.863654
0.86196
0.86207
0.862229
0.86509
0.859918
0.861389
0.863763
0.85942
0.863143
0.863075
0.86392
0.861624
0.863607
0.861914
0.860565
0.864837
0.86436
0.86451
0.859707
0.864943
0.864568
0.861846
0.862281
0.863247
0.865857
0.86356
0.861022
0.866625
0.865391
0.857447
0.864695
0.86418
0.862984
0.862666
0.862571
0.862338
0.861482
0.862121
0.862597
0.863362
0.862356
0.86271
0.865023
0.86234
0.868887
0.859375
0.861811
0.862311
0.861345
0.867139
0.864999
0.862683
0.864113
0.861289
0.860721
0.862467
0.864077
0.861999
0.866349
0.861466
0.863351
0.85969
0.858431
0.864088
0.863837
0.862051
0.863941
0.865946
0.862046
0.862608
0.866809
0.860795
0.863759
0.862045
0.863684
0.862258
0.864342
0.866919
0.863556
0.86345
0.864836
0.862418
0.862657
0.864913
0.862611
0.865177
0.859631
0.863503
0.864621
0.864566
0.86475
0.861413
0.863602
0.861489
0.862669
0.862747
0.861167
0.862832
0.85855
0.866755
0.863967
0.863843
0.864863
0.860888
0.860777
0.86339
0.862854
0.864445
0.86114
0.862636
0.860781
0.864441
0.861186
0.864945
0.863591
0.86338
0.864566
0.860472
0.862217
0.863856
0.863145
0.862026
0.863826
0.861303
0.862718
0.859644
0.86368
0.863981
0.860769
0.858897
0.864086
0.859531
0.860223
0.863559
0.865794
0.866379
0.863114
0.861447
0.865133
0.865699
0.863424
0.865454
0.867179
0.864114
0.861832
0.858251
0.8609
0.863483
0.864727
0.859361
0.863416
0.863094
0.863795
0.864948
0.861711
0.859857
0.86387
0.859343
0.856139
0.86277
0.866942
0.859988
0.860874
0.862103
0.862437
0.861389
0.862178
0.861275
0.861118
0.861704
0.864567
0.858472
0.863874
0.866202
0.864515
0.866929
0.86499
0.865327
0.863445
0.861963
0.862668
0.861426
0.863106
0.864936
0.861085
0.863252
0.863357
0.862963
0.85957
0.864671
0.862298
0.864702
0.863509
0.864686
0.864603
0.862332
0.865881
0.862148
0.860624
0.865951
0.861234
0.864178
0.866202
0.861315
0.86357
0.864229
0.861502
0.861726
0.864302
0.864073
0.860963
0.859959
0.859742
0.863744
0.861253
0.862833
0.862609
0.864859
0.864687
0.859779
0.862721
0.866727
0.865967
0.865116
0.862745
0.86605
0.864597
0.864279
0.860081
0.864382
0.863336
0.862675
0.861889
0.861048
0.861575
0.860596
0.864027
0.860728
0.861641
0.862866
0.861255
0.861836
0.863599
0.860507
0.862242
0.8625
0.861877
0.862021
0.863533
0.860568
0.866924
0.863367
0.863533
0.861632
0.864052
0.861004
0.865196
0.863402
0.862575
0.866315
0.863389
0.866007
0.863084
0.860306
0.85865
0.864182
0.865942
0.860931
0.859196
0.863255
0.864423
0.863461
0.864719
0.864072
0.8586
0.860917
0.860903
0.858971
0.86434
0.861397
0.865347
0.865975
0.864195
0.862262
0.862162
0.861667
0.862397
0.863602
0.862125
0.860967
0.858616
0.865178
0.863836
0.862132
0.865664
0.861602
0.864751
0.863071
0.865751
0.862131
0.86487
0.859735
0.862712
0.861142
0.863629
0.865248
0.860178
0.859411
0.862125
0.862218
0.862582
0.862459
0.862653
0.861098
0.863486
0.859742
0.860959
0.864983
0.862936
0.860484
0.864128
0.863547
0.863347
0.866208
0.866491
0.864637
0.862121
0.863533
0.861455
0.863011
0.862862
0.86315
0.862468
0.86109
0.86229
0.858628
0.861226
0.863631
0.859389
0.860445
0.859675
0.865321
0.865236
0.862006
0.86181
0.864536
0.859107
0.867896
0.85893
0.860668
0.863578
0.864255
0.861811
0.862072
0.864453
0.861709
0.863777
0.863629
0.865781
0.860979
0.864088
0.865163
0.860818
0.863368
0.864062
0.861121
0.861275
0.861479
0.863894
0.864612
0.861784
0.862213
0.862497
0.863468
0.863085
0.864291
0.860122
0.86331
0.865346
0.865357
0.864033
0.862729
0.862674
0.863008
0.866239
0.862274
0.866083
0.86309
0.858685
0.859738
0.861654
0.863679
0.860402
0.861174
0.861055
0.862944
0.862025
0.86206
0.865024
0.860722
0.864073
0.864411
0.862516
0.86455
0.859924
0.861741
0.862809
0.863039
0.861307
0.86263
0.863548
0.863407
0.858914
0.862878
0.860479
0.861647
0.863234
0.863389
0.862356
0.864997
0.861284
0.864629
0.863139
0.862045
0.862832
0.861129
0.865137
0.863902
0.862108
0.863443
0.864481
0.865519
0.860076
0.865477
0.858233
0.860157
0.862865
0.862799
0.859617
0.862102
0.858061
0.860707
0.8623
0.859183
0.866565
0.86335
0.86322
0.862206
0.862371
0.861023
0.865246
0.861543
0.864924
0.86198
0.863713
0.861728
0.865894
0.862581
0.861393
0.862798
0.862802
0.861259
0.860148
0.862482
0.86118
0.866029
0.86223
0.861805
0.862923
0.864928
0.866493
0.865504
0.861407
0.863282
0.859571
0.862998
0.861678
0.863216
0.863033
0.861669
0.860195
0.860531
0.862363
0.860085
0.8617
0.860982
0.864209
0.859663
0.862257
0.863165
0.860304
0.860668
0.865948
0.86315
0.865718
0.864928
0.861673
0.864046
0.860111
0.866461
0.864621
0.861797
0.862568
0.866931
0.861055
0.863889
0.863947
0.862582
0.86515
0.860026
0.860331
0.864635
0.85961
0.858326
0.860378
0.861604
0.865323
0.862015
0.862109
0.86018
0.86787
0.860921
0.862787
0.862571
0.862305
0.862308
0.868109
0.863461
0.863753
0.863634
0.858992
0.859275
0.862021
0.86342
0.860719
0.865246
0.864077
0.863169
0.862003
0.864082
0.860833
0.864151
0.861686
0.860965
0.865761
0.860006
0.862506
0.864985
0.863652
0.863862
0.863675
0.863103
0.863117
0.863463
0.861968
0.860249
0.863659
0.862448
0.864679
0.860457
0.866551
0.862802
0.862698
0.864028
0.862338
0.861107
0.863588
0.862205
0.865039
0.860772
0.862791
0.862623
0.86678
0.861904
0.86258
0.865444
0.861325
0.863112
0.861831
0.863586
0.861109
0.859863
0.867373
0.866537
0.862288
0.865944
0.865526
0.862792
0.86085
0.861128
0.864536
0.864252
0.863966
0.865567
0.863313
0.865476
0.865382
0.862051
0.861751
0.859003
0.863927
0.864818
0.86229
0.866878
0.862448
0.866283
0.860513
0.863559
0.86258
0.865954
0.86142
0.862668
0.865933
0.865001
0.857475
0.864931
0.863193
0.862043
0.86469
0.863442
0.86122
0.86232
0.864866
0.862575
0.863111
0.861065
0.864125
0.859438
0.864202
0.864403
0.861796
0.862188
0.865341
0.867703
0.863351
0.865243
0.86277
0.861473
0.858771
0.862632
0.859788
0.866603
0.858769
0.863921
0.863565
0.863591
0.860614
0.86329
0.862059
0.862978
0.864814
0.864354
0.865096
0.860141
0.863881
0.864161
0.862665
0.861376
0.864693
0.862511
0.861195
0.866621
0.858013
0.861041
0.86123
0.867588
0.863071
0.8617
0.863309
0.862023
0.860818
0.862646
0.863954
0.86613
0.865505
0.864431
0.866
0.861861
0.864068
0.863927
0.866323
0.862166
0.85828
0.862376
0.864264
0.864054
0.864113
0.865129
0.862379
0.862493
0.860954
0.864445
0.865988
0.865403
0.863182
0.864936
0.864098
0.864055
0.865111
0.860985
0.863866
0.862506
0.864206
0.86309
0.864429
0.861576
0.859187
0.864903
0.862907
0.862941
0.861797
0.862986
0.866924
0.864891
0.865321
0.863507
0.860286
0.861884
0.861714
0.861787
0.86551
0.863056
0.864771
0.865401
0.862335
0.861103
0.866906
0.864326
0.860963
0.861581
0.86381
0.864249
0.864999
0.864634
0.866021
0.864186
0.865451
0.86514
0.862912
0.864122
0.864215
0.863955
0.860582
0.865485
0.864903
0.863814
0.865539
0.863805
0.864136
0.865676
0.862338
0.8648
0.86068
0.862122
0.860236
0.861445
0.863306
0.865195
0.86257
0.860472
0.862143
0.863399
0.863908
0.863904
0.863743
0.863128
0.862634
0.862986
0.858877
0.86183
0.862652
0.862343
0.862607
0.863271
0.863674
0.863301
0.863394
0.86325
0.862573
0.864258
0.864097
0.85968
0.864331
0.862369
0.865647
0.861442
0.864587
0.863388
0.86078
0.85886
0.865462
0.864842
0.862838
0.861787
0.862702
0.866294
0.860587
0.863672
0.865206
0.859442
0.863232
0.864146
0.862999
0.86771
0.86391
0.862804
0.86336
0.86124
0.864045
0.865835
0.860293
0.86123
0.861096
0.862626
0.864246
0.862791
0.862615
0.860839
0.861399
0.864186
0.862279
0.86323
0.864346
0.861044
0.864291
0.862108
0.864327
0.863399
0.862032
0.862448
0.862147
0.864391
0.864648
0.863971
0.861188
0.863646
0.864122
0.860972
0.863512
0.86494
0.859256
0.861619
0.861938
0.866787
0.865474
0.859932
0.863426
0.860725
0.862204
0.862808
0.858997
0.863335
0.860975
0.86319
0.86256
0.86158
0.861788
0.861187
0.8625
0.863821
0.863322
0.865466
0.859245
0.86301
0.864747
0.862859
0.861409
0.859068
0.863562
0.863545
0.860602
0.863267
0.862203
0.861027
0.865172
0.865495
0.864108
0.859738
0.862006
0.863191
0.859175
0.860983
0.863847
0.860932
0.865667
0.861904
0.864529
0.866895
0.858673
0.864659
0.859586
0.86355
0.86465
0.86373
0.861542
0.863012
0.862495
0.8643
0.865482
0.864412
0.865805
0.862862
0.860431
0.861896
0.860449
0.862701
0.860678
0.859577
0.860664
0.863907
0.865244
0.86134
0.861461
0.861772
0.858707
0.864164
0.861549
0.862613
0.86246
0.861243
0.8611
0.86741
0.865611
0.863177
0.865518
0.863868
0.864942
0.860457
0.866772
0.864765
0.862119
0.863347
0.862608
0.863517
0.862102
0.858529
0.864406
0.864832
0.860766
0.860538
0.865742
0.862553
0.863521
0.859252
0.861665
0.859251
0.862587
0.861422
0.859221
0.863438
0.861381
0.864984
0.86079
0.861424
0.865692
0.86228
0.862353
0.861116
0.861737
0.861407
0.860984
0.863151
0.864697
0.864322
0.864469
0.865714
0.862028
0.86239
0.863906
0.864031
0.86546
0.863472
0.866952
0.865202
0.864347
0.862013
0.863565
0.862518
0.860413
0.86451
0.86459
0.863503
0.86509
0.862559
0.866865
0.860873
0.863901
0.865463
0.863537
0.862129
0.861679
0.859951
0.86101
0.862317
0.866144
0.863768
0.864114
0.863386
0.862768
0.861214
0.860651
0.863933
0.862091
0.862232
0.860614
0.859737
0.862271
0.864936
0.863175
0.864892
0.865286
0.864775
0.863524
0.859736
0.864956
0.862017
0.863714
0.862278
0.86201
0.863409
0.861333
0.862771
0.860375
0.864663
0.864892
0.863543
0.863883
0.862714
0.86142
0.86135
0.861398
0.863513
0.860295
0.864571
0.861709
0.863542
0.862494
0.862204
0.860694
0.865208
0.862143
0.862338
0.864025
0.862392
0.861561
0.863146
0.861668
0.866759
0.857657
0.861366
0.862812
0.865518
0.86349
0.860773
0.866484
0.86375
0.860775
0.862634
0.866169
0.864065
0.860305
0.86012
0.863463
0.862054
0.863897
0.864283
0.859002
0.862513
0.860741
0.861195
0.860604
0.86452
0.862094
0.862657
0.864052
0.863166
0.865059
0.866866
0.861902
0.862976
0.862585
0.863708
0.858927
0.861538
0.8627
0.860585
0.863
0.864708
0.861821
0.865983
0.860599
0.861421
0.860695
0.862116
0.862734
0.864564
0.864779
0.861365
0.859918
0.862579
0.865918
0.859045
0.863042
0.864406
0.862575
0.860287
0.865034
0.86499
0.858206
0.859614
0.862545
0.863075
0.860107
0.86345
0.863103
0.860432
0.861319
0.864675
0.862905
0.863666
0.865186
0.862452
0.862716
0.861716
0.863991
0.86409
0.862486
0.862863
0.860995
0.865748
0.865837
0.862655
0.867022
0.864251
0.86354
0.862234
0.859676
0.862536
0.863152
0.861799
0.863128
0.865767
0.864447
0.859516
0.861516
0.862597
0.863894
0.865423
0.865284
0.862066
0.861117
0.865099
0.864647
0.863496
0.861913
0.864143
0.860562
0.860835
0.863604
0.857881
0.859795
0.864977
0.861264
0.864847
0.865055
0.86822
0.867249
0.862196
0.861989
0.864488
0.861027
0.865617
0.860213
0.862028
0.861285
0.862885
0.859396
0.85929
0.863748
0.861524
0.861089
0.861996
0.863226
0.865326
0.864495
0.861843
0.865483
0.865007
0.863982
0.860695
0.866914
0.863102
0.86064
0.861311
0.860609
0.867476
0.86353
0.864147
0.862543
0.861451
0.863928
0.861877
0.862515
0.865964
0.864799
0.861201
0.861988
0.86121
0.864142
0.86389
0.863517
0.866378
0.86209
0.863805
0.86192
0.864673
0.863413
0.863711
0.864229
0.860692
0.85962
0.862849
0.865985
0.865714
0.862627
0.855639
0.860422
0.864231
0.861176
0.860378
0.864
0.864098
0.864681
0.864088
0.862097
0.863467
0.863448
0.861412
0.862164
0.863191
0.8615
0.862315
0.867607
0.860089
0.861984
0.863284
0.858609
0.863878
0.864324
0.862109
0.859377
0.865548
0.86257
0.860385
0.860745
0.86212
0.862274
0.859399
0.865151
0.86005
0.860405
0.860815
0.861915
0.86309
0.861602
0.86408
0.8656
0.8631
0.860054
0.864107
0.863487
0.858703
0.864626
0.865917
0.865003
0.860512
0.86223
0.863794
0.864284
0.858823
0.859479
0.86215
0.861631
0.86512
0.862074
0.865837
0.859079
0.862116
0.859977
0.865622
0.861444
0.863369
0.865779
0.864927
0.860795
0.862745
0.864382
0.861564
0.86321
0.860107
0.863956
0.860925
0.862829
0.863887
0.865126
0.860827
0.858282
0.861633
0.864118
0.863997
0.863492
0.863431
0.863519
0.862357
0.861411
0.864044
0.865805
0.864605
0.86343
0.864675
0.859418
0.858443
0.864956
0.862356
0.865005
0.865836
0.864957
0.863063
0.860015
0.86194
0.86273
0.86148
0.865101
0.864292
0.864467
0.859302
0.863269
0.860669
0.861036
0.864918
0.858836
0.860761
0.860825
0.86247
0.86049
0.859752
0.861326
0.863819
0.864862
0.858857
0.862744
0.864512
0.865152
0.862765
0.86311
0.861576
0.861901
0.865781
0.86264
0.865661
0.864284
0.866058
0.86255
0.864616
0.862077
0.862877
0.865116
0.865978
0.865079
0.861104
0.861744
0.861985
0.861904
0.862535
0.860167
0.867054
0.862181
0.862948
0.866102
0.86362
0.860716
0.862078
0.860976
0.863394
0.860545
0.86296
0.861002
0.86231
0.863654
0.865254
0.862842
0.858156
0.861011
0.864533
0.866199
0.864088
0.863209
0.866549
0.859312
0.860097
0.866365
0.861405
0.864885
0.85908
0.860964
0.862696
0.861609
0.864209
0.864341
0.861732
0.861183
0.861997
0.860767
0.863901
0.861909
0.864192
0.859255
0.86529
0.866557
0.863207
0.862997
0.86467
0.865007
0.864992
0.862651
0.866594
0.859905
0.86703
0.864459
0.859421
0.860835
0.863115
0.858122
0.864909
0.861368
0.863872
0.85998
0.857699
0.866711
0.860579
0.862653
0.86313
0.861932
0.864536
0.862975
0.861123
0.866125
0.870777
0.863115
0.863921
0.862179
0.859422
0.862592
0.864928
0.863772
0.861839
0.863309
0.863496
0.863861
0.86453
0.8653
0.862469
0.862311
0.865161
0.860373
0.863727
0.861432
0.863357
0.862869
0.862402
0.864712
0.859528
0.860172
0.863622
0.861683
0.862202
0.860543
0.860685
0.864991
0.862873
0.856084
0.862669
0.859882
0.863655
0.865686
0.864156
0.862293
0.861789
0.864267
0.86557
0.862815
0.861378
0.861476
0.864079
0.865813
0.862169
0.865202
0.863823
0.860088
0.859654
0.861616
0.862624
0.862631
0.864904
0.863266
0.859945
0.863063
0.864404
0.860189
0.864875
0.862078
0.860629
0.863091
0.864577
0.861273
0.862881
0.863385
0.861562
0.864898
0.860679
0.862754
0.862128
0.861662
0.86201
0.861523
0.8639
0.860069
0.863169
0.859924
0.858963
0.85958
0.863243
0.857473
0.864667
0.861189
0.862381
0.860537
0.86348
0.864966
0.865366
0.862057
0.865512
0.864668
0.864331
0.863719
0.863732
0.86195
0.860134
0.862886
0.86173
0.862551
0.862695
0.862069
0.861613
0.863869
0.86418
0.864257
0.861585
0.86549
0.862332
0.864364
0.864163
0.864742
0.862037
0.860151
0.863432
0.863003
0.864577
0.859251
0.860091
0.86304
0.867267
0.863354
0.864374
0.861046
0.861206
0.862189
0.861508
0.862595
0.863367
0.865536
0.864029
0.861669
0.865434
0.862809
0.864198
0.861854
0.865085
0.861179
0.861446
0.863018
0.864589
0.859216
0.86433
0.86339
0.861531
0.860525
0.865789
0.858749
0.864836
0.866091
0.861399
0.865559
0.86155
0.86412
0.863133
0.860335
0.859042
0.861877
0.862747
0.863408
0.86543
0.863852
0.86207
0.863893
0.864736
0.863712
0.864465
0.862969
0.861886
0.863465
0.862446
0.862145
0.864877
0.86334
0.861044
0.860386
0.865595
0.862776
0.860157
0.864205
0.864521
0.865747
0.864346
0.865754
0.863918
0.863665
0.863912
0.862678
0.865897
0.866841
0.859914
0.863313
0.865403
0.865207
0.86317
0.859035
0.866012
0.865454
0.864031
0.862214
0.858236
0.86486
0.863959
0.863663
0.863759
0.864632
0.862701
0.862307
0.864155
0.860498
0.863237
0.863709
0.862767
0.863248
0.866236
0.86383
0.862905
0.862135
0.865175
0.864551
0.862926
0.864095
0.862088
0.862325
0.865118
0.86704
0.865411
0.865646
0.862145
0.857635
0.862212
0.862842
0.862645
0.864338
0.860805
0.859934
0.866375
0.861633
0.861555
0.862572
0.864844
0.861554
0.865982
0.864768
0.860891
0.866052
0.871097
0.862792
0.860463
0.864004
0.865591
0.859273
0.863996
0.86459
0.862253
0.862577
0.862133
0.862955
0.861679
0.866544
0.863532
0.86032
0.861846
0.867795
0.865052
0.861642
0.860211
0.864
0.862184
0.861384
0.859607
0.863712
0.860861
0.865643
0.86327
0.863276
0.861888
0.86645
0.862699
0.86241
0.859411
0.863073
0.86287
0.863447
0.864502
0.86354
0.863847
0.861116
0.86633
0.861949
0.862662
0.862395
0.862372
0.865888
0.864608
0.859544
0.858654
0.863911
0.860372
0.864289
0.860597
0.864949
0.861945
0.865118
0.862994
0.863666
0.863743
0.862433
0.864299
0.86497
0.86154
0.861618
0.863314
0.862082
0.861952
0.86059
0.85946
0.866183
0.86372
0.861529
0.861725
0.864272
0.864242
0.863576
0.860668
0.864125
0.861794
0.865275
0.863471
0.863081
0.861637
0.865283
0.860968
0.861022
0.867544
0.862115
0.85981
0.866374
0.861949
0.862433
0.864512
0.862115
0.867439
0.860356
0.859681
0.865196
0.863183
0.863812
0.862687
0.862888
0.864519
0.86195
0.863099
0.862982
0.861896
0.862263
0.859788
0.86454
0.865389
0.867409
0.862002
0.861753
0.866049
0.86392
0.863972
0.859405
0.865375
0.860842
0.864367
0.860257
0.864073
0.862578
0.85962
0.862341
0.861698
0.865321
0.864221
0.861741
0.861032
0.858424
0.861632
0.864166
0.862371
0.861523
0.863063
0.861419
0.865677
0.861429
0.86057
0.863828
0.862942
0.860117
0.864194
0.864881
0.85926
0.864146
0.861869
0.863887
0.862231
0.862818
0.861291
0.861371
0.869099
0.863014
0.861761
0.859414
0.865848
0.859028
0.861249
0.863912
0.864381
0.861261
0.865994
0.861054
0.86233
0.862239
0.860797
0.863951
0.858625
0.866247
0.859548
0.8614
0.862001
0.865903
0.863662
0.861629
0.859724
0.86416
0.866084
0.864742
0.862586
0.865456
0.862303
0.865873
0.863059
0.864312
0.864799
0.862043
0.861125
0.86455
0.864481
0.861152
0.864155
0.866491
0.859973
0.863708
0.861746
0.863536
0.860893
0.86516
0.861164
0.861979
0.863406
0.861176
0.862248
0.861172
0.859957
0.866647
0.860185
0.862214
0.866002
0.861756
0.864409
0.865551
0.863309
0.858812
0.862366
0.867889
0.865541
0.864389
0.861344
0.860683
0.861234
0.864224
0.865547
0.864965
0.861597
0.863876
0.86415
0.861737
0.862014
0.863478
0.86072
0.862813
0.866111
0.862573
0.867099
0.866003
0.861555
0.860878
0.863227
0.864667
0.863439
0.865361
0.866057
0.864125
0.857851
0.863301
0.861324
0.86266
0.865078
0.863523
0.864176
0.861767
0.86311
0.861604
0.862437
0.860882
0.864711
0.861638
0.866303
0.86339
0.863649
0.863424
0.863226
0.866297
0.85967
0.859937
0.858955
0.864195
0.860321
0.866651
0.86773
0.862178
0.865425
0.860046
0.860025
0.862187
0.857805
0.860469
0.86058
0.863558
0.860568
0.861773
0.862149
0.861613
0.861403
0.861395
0.864176
0.866633
0.864066
0.863015
0.862837
0.857854
0.862799
0.861644
0.861632
0.860038
0.862036
0.862736
0.86364
0.865466
0.862621
0.86209
0.862576
0.863289
0.864881
0.865379
0.862673
0.863207
0.861612
0.860922
0.859942
0.867715
0.862616
0.862541
0.861604
0.863719
0.862925
0.859013
0.861632
0.861839
0.865394
0.867762
0.864016
0.863973
0.862228
0.859233
0.862747
0.861655
0.863601
0.863654
0.861769
0.862064
0.864002
0.861407
0.864005
0.860546
0.860081
0.862728
0.861016
0.862951
0.861662
0.860968
0.863925
0.864113
0.862731
0.863576
0.864825
0.861722
0.865757
0.861008
0.863531
0.865314
0.861074
0.866874
0.863776
0.862829
0.864736
0.861648
0.865076
0.861051
0.862799
0.860538
0.858356
0.866795
0.866638
0.865965
0.864152
0.863574
0.862857
0.86127
0.862726
0.858987
0.86652
0.862122
0.863676
0.859543
0.86211
0.86384
0.865611
0.86659
0.862949
0.861169
0.863191
0.862001
0.862083
0.862956
0.85856
0.864729
0.862083
0.868074
0.862619
0.858968
0.860984
0.865037
0.861351
0.863603
0.864102
0.859541
0.862084
0.861464
0.865199
0.8617
0.863382
0.866559
0.862647
0.862732
0.860611
0.86789
0.863882
0.864778
0.864886
0.861253
0.864034
0.86441
0.861981
0.86229
0.864891
0.864649
0.864664
0.862669
0.864284
0.861651
0.861818
0.863949
0.862932
0.865985
0.865293
0.862199
0.865528
0.862057
0.863579
0.865893
0.863501
0.86136
0.86286
0.865595
0.863048
0.857774
0.862151
0.865675
0.859895
0.864504
0.86087
0.863362
0.864981
0.863874
0.85908
0.862385
0.864918
0.862513
0.862845
0.864111
0.863248
0.863017
0.863599
0.868173
0.862853
0.862827
0.864151
0.864463
0.861723
0.86339
0.860241
0.863688
0.863945
0.864822
0.859238
0.867364
0.860812
0.865433
0.864226
0.860658
0.86701
0.866281
0.865611
0.863067
0.86075
0.864825
0.864541
0.860109
0.86316
0.860987
0.867083
0.862334
0.864768
0.862925
0.860963
0.859404
0.86128
0.858853
0.864428
0.862246
0.861598
0.858651
0.867708
0.860111
0.861907
0.862472
0.865097
0.862469
0.861052
0.861657
0.860297
0.863283
0.864776
0.864538
0.866722
0.865359
0.863983
0.860265
0.863149
0.859804
0.863913
0.863808
0.865659
0.86576
0.864563
0.861644
0.859858
0.861239
0.863464
0.859818
0.86502
0.864658
0.863595
0.8653
0.862061
0.862484
0.866134
0.857652
0.862916
0.866567
0.86366
0.86075
0.862355
0.861828
0.861876
0.860903
0.864427
0.864421
0.863654
0.860599
0.86627
0.860285
0.861204
0.861533
0.861092
0.864264
0.86019
0.864608
0.864519
0.861456
0.86239
0.862546
0.86462
0.864855
0.864275
0.863856
0.866835
0.861177
0.859769
0.861782
0.861267
0.859564
0.865026
0.862383
0.863936
0.865489
0.861905
0.866171
0.867972
0.862868
0.860651
0.867525
0.859744
0.864784
0.863295
0.863819
0.859892
0.861245
0.861273
0.864904
0.865007
0.864191
0.863924
0.866687
0.862806
0.862498
0.864407
0.86488
0.863364
0.862741
0.865592
0.862257
0.863643
0.86486
0.863382
0.860811
0.861915
0.862537
0.866286
0.863078
0.862008
0.862413
0.862083
0.863889
0.862477
0.863553
0.862687
0.865272
0.861716
0.864107
0.862812
0.863067
0.862119
0.860691
0.861546
0.858174
0.865777
0.867438
0.863178
0.859388
0.864527
0.864276
0.864354
0.863715
0.860216
0.862907
0.861491
0.863792
0.863801
0.861721
0.863892
0.862572
0.862741
0.864503
0.860401
0.863929
0.861374
0.863928
0.866396
0.861496
0.86238
0.86588
0.858392
0.862195
0.865119
0.861891
0.864998
0.863057
0.864664
0.8619
0.863282
0.8647
0.866048
0.861788
0.862458
0.87048
0.862984
0.864212
0.86615
0.861925
0.862354
0.860765
0.859195
0.861095
0.862786
0.86064
0.864669
0.863586
0.867573
0.862809
0.861797
0.865276
0.859148
0.862417
0.86184
0.861608
0.865068
0.860024
0.862009
0.863418
0.86248
0.864262
0.861116
0.866157
0.863602
0.865105
0.861871
0.863931
0.860321
0.864608
0.864002
0.864506
0.865052
0.861595
0.863932
0.863589
0.862502
0.863291
0.866057
0.862353
0.858744
0.862653
0.863027
0.862206
0.86238
0.863823
0.86644
0.86205
0.863845
0.862077
0.861693
0.862179
0.863926
0.862331
0.86199
0.8611
0.862037
0.862276
0.861037
0.863408
0.858247
0.864005
0.864791
0.860347
0.861931
0.863728
0.864256
0.865026
0.861521
0.86248
0.86586
0.864378
0.862823
0.861062
0.858649
0.859684
0.863687
0.865252
0.863868
0.864682
0.861747
0.863249
0.867308
0.863604
0.858605
0.85809
0.861844
0.86166
0.863074
0.865401
0.86543
0.862595
0.86311
0.860926
0.863342
0.860661
0.865074
0.862459
0.863631
0.86237
0.862895
0.864392
0.863383
0.862674
0.865072
0.866094
0.861368
0.866957
0.861161
0.863669
0.860818
0.864738
0.861908
0.864277
0.862789
0.863053
0.863437
0.863946
0.8593
0.857719
0.858096
0.862236
0.86308
0.861156
0.860973
0.861747
0.864743
0.859874
0.866265
0.864721
0.863467
0.863948
0.861073
0.86087
0.863843
0.864657
0.861111
0.861289
0.860373
0.862242
0.859046
0.864009
0.861327
0.863266
0.865487
0.861363
0.865269
0.862543
0.864613
0.863729
0.861534
0.86116
0.859047
0.866708
0.863899
0.863933
0.861386
0.861055
0.860916
0.86288
0.86427
0.86409
0.862965
0.860598
0.862905
0.862175
0.864207
0.865667
0.864673
0.863152
0.864354
0.863666
0.861659
0.863368
0.867547
0.859888
0.85939
0.863518
0.864605
0.85778
0.861379
0.863479
0.865573
0.862919
0.862083
0.862603
0.861786
0.863748
0.860462
0.864319
0.858866
0.862864
0.862207
0.864313
0.86135
0.859596
0.862107
0.862376
0.863565
0.860499
0.864438
0.863982
0.866301
0.863097
0.861443
0.862099
0.86113
0.863481
0.864345
0.866425
0.865552
0.860359
0.865124
0.862873
0.859421
0.862327
0.859746
0.861884
0.860547
0.861939
0.862353
0.864474
0.862957
0.860369
0.860418
0.860139
0.863145
0.863523
0.861457
0.865012
0.862789
0.86401
0.862579
0.866093
0.860702
0.862846
0.865924
0.86386
0.862081
0.860935
0.862352
0.864407
0.861691
0.862097
0.862646
0.863927
0.861714
0.8624
0.861224
0.86266
0.862992
0.858827
0.863872
0.860561
0.864336
0.861945
0.866402
0.863092
0.856368
0.86162
0.861465
0.865379
0.861456
0.864686
0.865144
0.861306
0.86382
0.863635
0.862411
0.859616
0.863716
0.861847
0.862001
0.862442
0.864099
0.862107
0.861067
0.860238
0.862076
0.863195
0.863436
0.866662
0.860974
0.86137
0.862779
0.861499
0.861894
0.862619
0.86176
0.862641
0.863806
0.8646
0.865172
0.862514
0.863899
0.86389
0.863192
0.861039
0.866235
0.861952
0.86428
0.862857
0.862167
0.861606
0.864627
0.864164
0.863484
0.861312
0.864951
0.860057
0.861561
0.862929
0.860099
0.862039
0.865863
0.860696
0.863517
0.862677
0.862086
0.860735
0.863032
0.861232
0.86574
0.866828
0.860605
0.862234
0.862999
0.86479
0.865198
0.864624
0.86409
0.864083
0.864381
0.862076
0.86192
0.862503
0.861334
0.863298
0.861347
0.860157
0.861158
0.863903
0.861414
0.863507
0.863331
0.861724
0.863579
0.860449
0.861313
0.861775
0.862789
0.865442
0.865237
0.863286
0.862898
0.862117
0.862198
0.860901
0.861989
0.859187
0.861425
0.862907
0.864061
0.862978
0.861371
0.86192
0.864354
0.863639
0.864503
0.862344
0.863388
0.862076
0.866269
0.862664
0.863305
0.860044
0.861836
0.86592
0.864171
0.865807
0.861768
0.862818
0.865744
0.86345
0.864577
0.861745
0.861825
0.862401
0.861666
0.86202
0.860161
0.863042
0.862045
0.86098
0.861754
0.861608
0.863263
0.865437
0.861369
0.865005
0.863848
0.865449
0.863521
0.864044
0.863285
0.866925
0.863548
0.858947
0.863175
0.863739
0.860868
0.863898
0.860893
0.863079
0.862606
0.863967
0.863758
0.865504
0.86165
0.86173
0.864995
0.863573
0.860937
0.867679
0.859966
0.864261
0.863839
0.862498
0.864512
0.868307
0.865246
0.863102
0.861936
0.865165
0.860574
0.862811
0.864503
0.863589
0.865015
0.862512
0.86192
0.86215
0.859856
0.863608
0.861325
0.859797
0.863098
0.863544
0.864082
0.864474
0.864786
0.864559
0.860279
0.861381
0.86053
0.86438
0.864234
0.862907
0.863977
0.861656
0.863303
0.863209
0.860841
0.860192
0.859737
0.863439
0.86286
0.864812
0.862738
0.858918
0.864111
0.865994
0.860997
0.862535
0.863808
0.857913
0.863754
0.862982
0.858206
0.863824
0.86554
0.862907
0.863546
0.86272
0.86115
0.860528
0.862717
0.861272
0.863623
0.86288
0.8622
0.863051
0.865021
0.8628
0.859214
0.861728
0.865934
0.862416
0.864191
0.863355
0.867474
0.861871
0.864183
0.869367
0.862103
0.865801
0.862898
0.861958
0.860571
0.860413
0.863848
0.859169
0.864146
0.868114
0.864385
0.860688
0.866253
0.865012
0.865737
0.869361
0.8582
0.866061
0.868504
0.859917
0.865555
0.864107
0.861208
0.863716
0.85919
0.859679
0.864181
0.85794
0.863557
0.864254
0.862536
0.865481
0.860991
0.864158
0.86341
0.864274
0.864797
0.863435
0.862483
0.866087
0.8634
0.863182
0.862862
0.864427
0.86304
0.864542
0.865494
0.864147
0.864474
0.860683
0.864392
0.86263
0.862687
0.86097
0.863582
0.866572
0.864257
0.859399
0.862879
0.863943
0.861177
0.861352
0.860418
0.862704
0.863431
0.862
0.865143
0.863066
0.863996
0.8639
0.864416
0.862828
0.861376
0.864204
0.86465
0.862707
0.863996
0.86362
0.861394
0.863679
0.865131
0.861907
0.862999
0.862239
0.86045
0.86468
0.866344
0.865207
0.860632
0.867571
0.86333
0.858893
0.864454
0.86415
0.859614
0.863559
0.862441
0.861871
0.862264
0.861773
0.861317
0.863362
0.86373
0.859981
0.864616
0.863526
0.860824
0.861245
0.864977
0.863578
0.864117
0.862204
0.865039
0.864915
0.864366
0.862451
0.860301
0.864258
0.862014
0.861453
0.863056
0.861178
0.864271
0.859142
0.863282
0.861176
0.862545
0.865204
0.862431
0.866988
0.866146
0.863121
0.861865
0.861855
0.862861
0.865663
0.864628
0.86122
0.862898
0.863768
0.861124
0.863584
0.864754
0.863906
0.866678
0.860648
0.864477
0.863126
0.864029
0.866744
0.863941
0.861745
0.864802
0.865547
0.862444
0.860874
0.862931
0.860782
0.862616
0.867025
0.860203
0.864493
0.861155
0.860911
0.860962
0.860574
0.861706
0.861923
0.861008
0.864681
0.86562
0.864787
0.860242
0.860849
0.863348
0.862692
0.863436
0.861533
0.863925
0.863772
0.863743
0.85984
0.860355
0.860961
0.863424
0.863146
0.864791
0.864131
0.863018
0.863204
0.862926
0.864789
0.859825
0.864192
0.860798
0.860883
0.862253
0.865314
0.863166
0.863322
0.867411
0.862213
0.863266
0.863297
0.862701
0.860984
0.867592
0.863798
0.862543
0.864635
0.861715
0.865469
0.860722
0.861699
0.85966
0.86335
0.864291
0.863716
0.868087
0.859726
0.861207
0.862281
0.863353
0.85934
0.862037
0.862767
0.863306
0.861992
0.863611
0.865396
0.860317
0.865772
0.861291
0.857474
0.860222
0.863549
0.864474
0.862868
0.863208
0.858225
0.858269
0.861823
0.863089
0.864185
0.860659
0.86136
0.861079
0.867373
0.866711
0.861444
0.861109
0.862824
0.861613
0.862696
0.863388
0.86561
0.86595
0.86135
0.862346
0.86344
0.865402
0.867343
0.863611
0.863321
0.860132
0.860744
0.861252
0.860869
0.862351
0.859624
0.865541
0.861611
0.861932
0.86383
0.863978
0.862021
0.865245
0.863013
0.861264
0.861361
0.862978
0.860686
0.860582
0.861821
0.866681
0.866068
0.864241
0.864184
0.860712
0.8641
0.863415
0.862621
0.86451
0.863477
0.863529
0.860097
0.862391
0.861727
0.861729
0.862141
0.862433
0.861761
0.860839
0.863977
0.863566
0.863088
0.862547
0.86106
0.864716
0.862455
0.863945
0.862489
0.863398
0.864847
0.86281
0.863362
0.863787
0.86604
0.860678
0.8658
0.865129
0.861636
0.867883
0.864219
0.862497
0.864117
0.862717
0.862101
0.862759
0.858687
0.862952
0.863096
0.860409
0.860862
0.859852
0.86351
0.866234
0.863259
0.866955
0.861695
0.860545
0.86135
0.864717
0.864929
0.864423
0.858314
0.860309
0.867136
0.865156
0.863961
0.865142
0.860914
0.863908
0.861494
0.863434
0.862737
0.862071
0.861433
0.858122
0.86257
0.859641
0.862071
0.865598
0.863327
0.864877
0.864848
0.862588
0.866784
0.864184
0.862814
0.864721
0.863714
0.861961
0.862358
0.863169
0.864414
0.860433
0.863143
0.862958
0.863595
0.864112
0.865568
0.862871
0.862914
0.862541
0.862202
0.860767
0.858912
0.863694
0.863085
0.859361
0.863386
0.862378
0.866124
0.864866
0.863308
0.862865
0.865224
0.864579
0.865331
0.865483
0.862954
0.862318
0.863966
0.865132
0.863238
0.865287
0.864197
0.860422
0.863182
0.864724
0.862474
0.861835
0.863677
0.860254
0.862872
0.860465
0.859896
0.858304
0.862971
0.861237
0.86561
0.863021
0.863493
0.863515
0.86215
0.862964
0.862145
0.864758
0.864015
0.860745
0.863242
0.857266
0.86174
0.861829
0.864033
0.863269
0.863768
0.863595
0.862902
0.861473
0.863632
0.865778
0.860036
0.86487
0.860315
0.860665
0.864947
0.863465
0.862571
0.858896
0.864417
0.860798
0.864159
0.863879
0.861206
0.858631
0.85946
0.860138
0.862195
0.865177
0.862685
0.859274
0.86445
0.865477
0.863613
0.863559
0.861074
0.862097
0.866203
0.865935
0.86247
0.861844
0.863745
0.861861
0.861031
0.862027
0.86282
0.861197
0.86247
0.863793
0.863447
0.863547
0.862535
0.861024
0.864221
0.863832
0.861722
0.866294
0.859893
0.864967
0.863255
0.86327
0.859308
0.863636
0.867449
0.867039
0.862172
0.86193
0.863025
0.86375
0.861437
0.863279
0.863878
0.864679
0.859585
0.860556
0.865229
0.86013
0.864525
0.863734
0.864966
0.862941
0.859931
0.861028
0.862559
0.85985
0.860961
0.861791
0.860778
0.86461
0.863962
0.862843
0.863229
0.864805
0.863926
0.869333
0.860396
0.861884
0.86537
0.86586
0.860682
0.856559
0.862763
0.859948
0.862902
0.866952
0.861541
0.863299
0.861606
0.860396
0.863737
0.863498
0.865315
0.862159
0.863081
0.865152
0.859138
0.864933
0.862901
0.859393
0.863721
0.862949
0.863411
0.860138
0.865086
0.863548
0.86395
0.86452
0.862816
0.863983
0.86536
0.861279
0.863011
0.864249
0.859721
0.862321
0.863594
0.862965
0.863309
0.862998
0.863269
0.862783
0.86305
0.864032
0.862402
0.8622
0.863882
0.858339
0.860815
0.860972
0.862992
0.861501
0.862073
0.863898
0.860762
0.86208
0.86672
0.865448
0.860731
0.861296
0.864597
0.862318
0.863872
0.861875
0.865343
0.866259
0.863991
0.860866
0.861254
0.860718
0.865302
0.862958
0.86178
0.864386
0.862543
0.866448
0.86492
0.860351
0.860565
0.865925
0.861935
0.861641
0.86573
0.861715
0.861271
0.860429
0.864937
0.860045
0.864262
0.861703
0.86729
0.861969
0.862664
0.863815
0.863811
0.860587
0.862515
0.858751
0.862602
0.863753
0.861654
0.863668
0.862461
0.860866
0.86117
0.863445
0.864738
0.86423
0.861332
0.864733
0.867237
0.861709
0.864048
0.861244
0.863519
0.864033
0.862429
0.865567
0.863432
0.863524
0.861639
0.863079
0.859921
0.861588
0.861586
0.863506
0.863598
0.864048
0.860469
0.864348
0.861849
0.863922
0.864704
0.861338
0.86225
0.862775
0.862667
0.864516
0.865266
0.863407
0.86368
0.86163
0.861435
0.86079
0.860838
0.864138
0.861581
0.863957
0.857265
0.865296
0.866201
0.859309
0.863908
0.86296
0.86007
0.863507
0.865886
0.86236
0.86242
0.86306
0.861928
0.865095
0.865662
0.863572
0.861069
0.862
0.864959
0.861237
0.8649
0.861828
0.861372
0.860405
0.867824
0.863749
0.864765
0.866981
0.860997
0.866285
0.866948
0.86409
0.866552
0.865152
0.863086
0.863658
0.860572
0.85877
0.865532
0.859434
0.862737
0.86419
0.862671
0.863295
0.861643
0.862403
0.86204
0.866306
0.8638
0.860116
0.859182
0.859792
0.863814
0.864272
0.861729
0.864345
0.864772
0.860779
0.858259
0.861264
0.865549
0.862604
0.859907
0.861645
0.864175
0.862628
0.861602
0.862712
0.863361
0.863456
0.862277
0.864399
0.862364
0.862998
0.862568
0.859733
0.857429
0.863634
0.86299
0.863894
0.862491
0.863168
0.860365
0.860817
0.864536
0.859779
0.863494
0.861653
0.865409
0.86271
0.856511
0.864523
0.86495
0.860901
0.862346
0.863624
0.863308
0.865171
0.861072
0.865494
0.864843
0.861743
0.86358
0.863816
0.861482
0.862202
0.864155
0.865229
0.862264
0.861999
0.861113
0.864258
0.861609
0.860704
0.864418
0.863742
0.861314
0.864149
0.864428
0.862903
0.862566
0.860255
0.859374
0.860111
0.862562
0.86461
0.864183
0.864468
0.861347
0.86116
0.859565
0.862974
0.863455
0.861451
0.861058
0.865109
0.859855
0.86191
0.863735
0.858197
0.865778
0.86069
0.863578
0.862521
0.866709
0.863265
0.8636
0.864344
0.865956
0.864701
0.863367
0.867061
0.865383
0.864203
0.864731
0.862762
0.86121
0.867054
0.862019
0.868889
0.865006
0.859895
0.861153
0.862852
0.860295
0.864567
0.865063
0.865077
0.86357
0.865252
0.863187
0.865155
0.864964
0.862554
0.8642
0.865439
0.863413
0.862742
0.862259
0.864341
0.862614
0.863347
0.861339
0.863137
0.862144
0.865869
0.864274
0.865893
0.86158
0.86151
0.866912
0.861277
0.863745
0.865128
0.865164
0.866725
0.8655
0.862044
0.864328
0.866796
0.863675
0.861132
0.8628
0.865356
0.862372
0.861918
0.862793
0.863903
0.8632
0.866863
0.864535
0.863344
0.860511
0.863367
0.86444
0.857138
0.86622
0.861393
0.861033
0.865407
0.862075
0.862035
0.865175
0.862452
0.866097
0.863741
0.862275
0.86043
0.864102
0.861215
0.863882
0.86377
0.861125
0.862938
0.862142
0.863117
0.861424
0.864154
0.858519
0.861343
0.863642
0.864821
0.86262
0.857887
0.863338
0.862021
0.860249
0.863607
0.862756
0.860138
0.864153
0.86499
0.861077
0.859774
0.867326
0.864734
0.866092
0.861456
0.86158
0.862589
0.864225
0.862843
0.859759
0.865962
0.859796
0.861931
0.865946
0.862408
0.866899
0.864777
0.863515
0.863868
0.861515
0.863118
0.85758
0.864617
0.863774
0.864579
0.863583
0.862638
0.862992
0.865549
0.86247
0.865711
0.864164
0.861497
0.861563
0.860711
0.863148
0.861727
0.86218
0.861911
0.860093
0.863993
0.86634
0.863472
0.862544
0.862722
0.864354
0.864581
0.85997
0.859751
0.863133
0.863806
0.86391
0.860477
0.863773
0.86415
0.862963
0.86251
0.863675
0.861117
0.861348
0.866429
0.860637
0.862443
0.864457
0.868125
0.862182
0.861175
0.862416
0.864751
0.861621
0.865309
0.865272
0.862945
0.85974
0.862625
0.861059
0.861385
0.861702
0.863029
0.860386
0.865424
0.863049
0.859783
0.8577
0.862852
0.861679
0.863656
0.864419
0.859912
0.862144
0.865603
0.862939
0.862266
0.862537
0.862408
0.863037
0.864
0.862732
0.860521
0.860707
0.862591
0.858233
0.860053
0.858571
0.859308
0.864446
0.863434
0.862659
0.862559
0.862244
0.860039
0.86326
0.863466
0.861915
0.864239
0.861977
0.862765
0.861923
0.860853
0.864776
0.864611
0.86141
0.861206
0.863494
0.860783
0.859723
0.860109
0.867625
0.862065
0.861486
0.861965
0.863093
0.860101
0.863495
0.862987
0.862276
0.860324
0.860748
0.861873
0.861457
0.862916
0.862933
0.867061
0.862504
0.863092
0.863057
0.864418
0.865554
0.86361
0.865653
0.865939
0.864309
0.864845
0.868201
0.8607
0.860209
0.864052
0.864205
0.860833
0.867816
0.85724
0.862156
0.865618
0.865163
0.863069
0.857847
0.862512
0.86475
0.863657
0.864475
0.86268
0.866716
0.86594
0.861865
0.862782
0.864215
0.865194
0.856441
0.866981
0.863497
0.863761
0.862605
0.862961
0.864896
0.861361
0.865084
0.861889
0.859852
0.865245
0.862121
0.862654
0.860094
0.861438
0.858289
0.859205
0.863215
0.861448
0.863608
0.866825
0.856011
0.861487
0.861897
0.861427
0.859303
0.863534
0.866143
0.865059
0.862774
0.866031
0.860692
0.860468
0.867301
0.86246
0.864415
0.863907
0.86624
0.863493
0.866994
0.866457
0.861244
0.865609
0.861048
0.863968
0.860262
0.862147
0.861892
0.861312
0.862244
0.858862
0.863084
0.866976
0.868996
0.865948
0.862333
0.865093
0.865952
0.862205
0.86109
0.865207
0.865104
0.865717
0.861135
0.86318
0.860422
0.862123
0.863406
0.862851
0.860765
0.85773
0.864008
0.861249
0.865129
0.860566
0.865283
0.860307
0.860351
0.861478
0.856316
0.864951
0.861027
0.864965
0.862998
0.860762
0.862253
0.859548
0.86502
0.860817
0.862876
0.864117
0.865258
0.863946
0.864775
0.864485
0.860923
0.860583
0.859311
0.861222
0.861637
0.866781
0.859124
0.867955
0.865324
0.865493
0.860177
0.863021
0.86491
0.862191
0.859489
0.864077
0.861482
0.86169
0.863513
0.862371
0.861545
0.862728
0.864213
0.863523
0.862254
0.860875
0.860752
0.86271
0.867934
0.86404
0.859622
0.863037
0.860815
0.863574
0.865558
0.862565
0.861992
0.863878
0.866089
0.864737
0.86478
0.858948
0.863427
0.865797
0.858455
0.864292
0.863762
0.86345
0.863171
0.866057
0.863986
0.863624
0.862016
0.858076
0.863451
0.86362
0.860029
0.863266
0.865008
0.863249
0.860508
0.859273
0.865326
0.860841
0.860955
0.864251
0.862334
0.861068
0.860379
0.863135
0.863628
0.864006
0.867148
0.8634
0.862708
0.864706
0.859974
0.865112
0.861177
0.861726
0.86084
0.861936
0.86111
0.865032
0.861584
0.864638
0.863821
0.865346
0.862653
0.86066
0.862823
0.861158
0.860165
0.864055
0.869709
0.861554
0.865102
0.863194
0.861024
0.863125
0.864366
0.862311
0.863547
0.863074
0.864193
0.85855
0.862121
0.863606
0.861863
0.86122
0.861482
0.862037
0.864252
0.863943
0.864779
0.862192
0.863503
0.859924
0.860677
0.864763
0.861633
0.86222
0.859352
0.861448
0.862638
0.86322
0.86199
0.865108
0.866488
0.862609
0.863255
0.864833
0.863262
0.861337
0.863971
0.861364
0.859248
0.860463
0.861286
0.865379
0.8603
0.861687
0.863444
0.862301
0.862159
0.86497
0.861737
0.864711
0.861188
0.865308
0.859264
0.86764
0.860574
0.865581
0.862072
0.863066
0.862801
0.861726
0.861904
0.864813
0.862396
0.861916
0.862606
0.866218
0.864735
0.864019
0.862968
0.860072
0.861268
0.868203
0.865922
0.865284
0.861459
0.868133
0.863612
0.864085
0.864402
0.861615
0.865665
0.863226
0.864407
0.86299
0.862545
0.862476
0.863411
0.86195
0.86043
0.863912
0.86232
0.858408
0.862571
0.861084
0.861473
0.864395
0.86155
0.865065
0.860739
0.863952
0.863392
0.866216
0.860877
0.863787
0.862296
0.860707
0.858981
0.860719
0.866076
0.8629
0.867138
0.861126
0.86236
0.861524
0.862485
0.862681
0.865977
0.861967
0.864321
0.86274
0.870443
0.862818
0.865947
0.863111
0.867124
0.863214
0.857813
0.866282
0.863654
0.860284
0.864835
0.85994
0.865185
0.861625
0.86458
0.862502
0.865446
0.864215
0.864089
0.861723
0.861641
0.863687
0.861812
0.860991
0.861079
0.863199
0.863367
0.86256
0.860651
0.862106
0.865616
0.858914
0.863983
0.861596
0.860025
0.866852
0.863796
0.863663
0.8645
0.858931
0.861803
0.863571
0.863537
0.861745
0.867152
0.86351
0.861449
0.86249
0.864473
0.867373
0.862333
0.861878
0.86866
0.861475
0.863192
0.860926
0.863745
0.867198
0.861334
0.864277
0.863981
0.866634
0.861066
0.862686
0.863274
0.864363
0.864046
0.862415
0.864122
0.863179
0.863614
0.862926
0.86201
0.862795
0.86298
0.864069
0.861928
0.865369
0.862447
0.860927
0.862265
0.857576
0.858605
0.860202
0.861729
0.862516
0.864867
0.86472
0.860512
0.864494
0.86537
0.86297
0.8616
0.861493
0.865772
0.862311
0.863065
0.859254
0.864634
0.857743
0.864354
0.863174
0.864673
0.866734
0.861771
0.860959
0.864618
0.862286
0.86294
0.861801
0.862291
0.861821
0.863357
0.860411
0.862204
0.861823
0.865549
0.862742
0.863272
0.865933
0.865436
0.86293
0.86159
0.865505
0.859105
0.862557
0.861129
0.862533
0.865659
0.864342
0.864314
0.866094
0.862298
0.861676
0.862898
0.861393
0.864107
0.86455
0.863179
0.86457
0.861447
0.865588
0.862211
0.864058
0.864291
0.862656
0.861451
0.864053
0.862642
0.867168
0.862685
0.865207
0.862182
0.863129
0.860516
0.860708
0.862201
0.861015
0.864008
0.864578
0.860914
0.861847
0.863884
0.861302
0.859047
0.858245
0.865962
0.861899
0.864414
0.86327
0.865237
0.862814
0.860171
0.862655
0.860913
0.861083
0.860587
0.8603
0.862175
0.860281
0.859687
0.860975
0.856369
0.865786
0.864001
0.865974
0.860595
0.862503
0.861782
0.86159
0.862598
0.861483
0.86257
0.864358
0.8602
0.862341
0.865667
0.858221
0.860891
0.864783
0.859342
0.863536
0.863566
0.863441
0.861689
0.861185
0.86367
0.863147
0.863124
0.862543
0.863551
0.863236
0.863473
0.860826
0.864376
0.865039
0.864824
0.861863
0.859648
0.863425
0.86131
0.863341
0.861098
0.86197
0.861232
0.862636
0.865667
0.862358
0.864306
0.86376
0.863958
0.860712
0.862778
0.862529
0.865544
0.862284
0.859232
0.864541
0.86477
0.865211
0.860271
0.862556
0.864339
0.862195
0.861033
0.861268
0.867218
0.862487
0.865295
0.863335
0.862008
0.861187
0.866861
0.865965
0.865367
0.863919
0.86323
0.865765
0.859356
0.861051
0.864534
0.864269
0.861367
0.864433
0.863777
0.861108
0.863495
0.863571
0.863912
0.863148
0.860478
0.864335
0.861849
0.864007
0.861758
0.863997
0.862834
0.86418
0.8616
0.863238
0.864653
0.862883
0.8635
0.85863
0.862676
0.859854
0.865497
0.864093
0.864616
0.86386
0.860562
0.862803
0.865622
0.861857
0.863022
0.864455
0.860715
0.863513
0.863976
0.864263
0.863066
0.859858
0.860846
0.866594
0.861259
0.863572
0.863817
0.861199
0.863129
0.86497
0.862853
0.866272
0.863363
0.862181
0.858231
0.865491
0.862052
0.858726
0.862875
0.862756
0.864352
0.863589
0.861768
0.863799
0.86366
0.864542
0.859506
0.861326
0.861361
0.861184
0.862598
0.861614
0.861345
0.85989
0.85977
0.859986
0.863555
0.861997
0.863929
0.864382
0.863578
0.862203
0.86482
0.863874
0.865774
0.861976
0.862567
0.861507
0.863755
0.864734
0.864569
0.865321
0.863012
0.861075
0.864883
0.863848
0.863085
0.864166
0.863941
0.863669
0.86373
0.860801
0.863747
0.858555
0.864369
0.861695
0.866096
0.863734
0.862873
0.86075
0.858279
0.864484
0.864427
0.862564
0.864028
0.860289
0.860216
0.86383
0.864795
0.864206
0.860975
0.861203
0.862884
0.858636
0.862171
0.863035
0.860873
0.859135
0.865349
0.864019
0.859963
0.859774
0.86142
0.85997
0.865523
0.864495
0.865092
0.861053
0.862899
0.865154
0.860363
0.865504
0.86792
0.866323
0.862274
0.862339
0.857137
0.865316
0.861713
0.862521
0.862695
0.866982
0.8631
0.858854
0.86113
0.860189
0.863473
0.864977
0.861429
0.863508
0.861358
0.864895
0.861653
0.864452
0.863817
0.864172
0.861347
0.864143
0.862541
0.863964
0.865431
0.86514
0.86606
0.860224
0.863725
0.864624
0.864251
0.861489
0.859743
0.860705
0.861428
0.862058
0.862194
0.860319
0.860546
0.862574
0.85995
0.864751
0.8594
0.860187
0.863383
0.861188
0.863757
0.861715
0.860584
0.863706
0.861542
0.860764
0.865902
0.866956
0.859737
0.860013
0.86202
0.86599
0.864731
0.862138
0.863126
0.861954
0.863581
0.859347
0.863474
0.861519
0.861471
0.861673
0.859011
0.86375
0.859791
0.864367
0.858578
0.861722
0.867119
0.863966
0.863095
0.861126
0.864267
0.86196
0.866849
0.860037
0.864272
0.85797
0.855477
0.864981
0.862745
0.860451
0.864792
0.864223
0.865529
0.859625
0.858989
0.862487
0.861511
0.859013
0.864593
0.861116
0.860133
0.861636
0.861972
0.861937
0.862585
0.863965
0.861085
0.863043
0.863182
0.865367
0.857907
0.85917
0.865038
0.865207
0.86617
0.863015
0.859836
0.862955
0.862804
0.861284
0.861896
0.865441
0.86531
0.859976
0.863763
0.864455
0.863897
0.862006
0.859617
0.866102
0.863265
0.864629
0.864443
0.863639
0.865041
0.86439
0.861163
0.85877
0.864621
0.863892
0.860823
0.866889
0.862203
0.862797
0.86192
0.862022
0.861597
0.864906
0.864282
0.863841
0.861975
0.861656
0.861394
0.861655
0.865993
0.863044
0.860899
0.861165
0.865616
0.857359
0.864056
0.860436
0.863755
0.863548
0.864054
0.862643
0.862775
0.862949
0.864861
0.863388
0.860082
0.865595
0.865247
0.86375
0.860956
0.862735
0.859987
0.858862
0.864356
0.860599
0.863999
0.863897
0.859572
0.862094
0.860841
0.861835
0.862878
0.860101
0.859427
0.862503
0.863614
0.861541
0.860337
0.859348
0.861059
0.861626
0.865138
0.858852
0.864224
0.860343
0.866017
0.866419
0.863703
0.864059
0.860557
0.85904
0.866527
0.862381
0.866283
0.86095
0.863013
0.860802
0.863526
0.862948
0.861631
0.861128
0.863901
0.862033
0.866939
0.863462
0.860796
0.859573
0.862929
0.86751
0.864632
0.861252
0.86485
0.864652
0.861932
0.865332
0.866612
0.865372
0.86487
0.86162
0.860316
0.85947
0.864467
0.864318
0.861442
0.863938
0.863396
0.86619
0.863772
0.862213
0.865627
0.861549
0.859659
0.863684
0.865253
0.864487
0.862552
0.860952
0.864805
0.861195
0.865191
0.861365
0.863295
0.861734
0.861398
0.861534
0.864719
0.86324
0.867145
0.862201
0.865874
0.86394
0.862293
0.866115
0.861751
0.863025
0.864011
0.86067
0.865148
0.868557
0.863142
0.865256
0.865414
0.863122
0.860903
0.863514
0.859525
0.861624
0.861884
0.863673
0.86183
0.863584
0.862499
0.863009
0.862334
0.862928
0.864808
0.86596
0.864315
0.866922
0.863941
0.858409
0.864237
0.861897
0.863046
0.860281
0.858741
0.862274
0.866713
0.863144
0.858084
0.863923
0.865794
0.864387
0.867634
0.862165
0.86224
0.863979
0.859827
0.859421
0.864203
0.864983
0.867216
0.864428
0.86593
0.862168
0.868752
0.860942
0.861945
0.866253
0.861972
0.862276
0.860315
0.862304
0.861859
0.864338
0.864889
0.860094
0.858108
0.862117
0.864235
0.864503
0.859153
0.865328
0.863488
0.861665
0.862366
0.867112
0.858971
0.861254
0.864377
0.865376
0.865816
0.862621
0.86317
0.862367
0.862795
0.863593
0.867435
0.862344
0.86212
0.86197
0.863725
0.864664
0.863032
0.859752
0.865327
0.864233
0.860322
0.8628
0.863194
0.86355
0.864825
0.86436
0.862446
0.863089
0.866652
0.863337
0.862612
0.861404
0.865957
0.865319
0.862349
0.864691
0.86596
0.863881
0.862882
0.860275
0.867061
0.86507
0.861686
0.864195
0.863855
0.862317
0.862329
0.858074
0.863825
0.863166
0.859389
0.864502
0.863405
0.863501
0.860473
0.858596
0.859806
0.861365
0.863764
0.862853
0.864055
0.864612
0.864613
0.863403
0.8633
0.864603
0.867822
0.869321
0.864319
0.86632
0.862351
0.860789
0.866085
0.865705
0.863308
0.861228
0.861803
0.860545
0.86466
0.863565
0.862595
0.862914
0.863881
0.863508
0.857482
0.861586
0.860215
0.860812
0.862859
0.86331
0.861049
0.862372
0.863294
0.864587
0.860148
0.85956
0.863273
0.862144
0.865218
0.860651
0.861701
0.862165
0.862769
0.85894
0.866071
0.865008
0.86263
0.860908
0.860162
0.864634
0.861445
0.862835
0.861813
0.861035
0.863832
0.860698
0.86177
0.865247
0.866809
0.864573
0.86508
0.858875
0.864963
0.864307
0.862756
0.865436
0.864209
0.861628
0.860073
0.861475
0.864952
0.860515
0.865376
0.860901
0.862282
0.85968
0.86046
0.860348
0.86548
0.860182
0.859729
0.860896
0.866689
0.866353
0.862309
0.860711
0.86211
0.864303
0.862117
0.865648
0.866628
0.864106
0.860155
0.861788
0.86691
0.863752
0.861801
0.859889
0.860161
0.864026
0.861213
0.859679
0.859751
0.863255
0.86429
0.864545
0.864888
0.862447
0.863283
0.868042
0.866769
0.859641
0.861461
0.865057
0.865559
0.861367
0.864883
0.863997
0.854616
0.863599
0.86406
0.864095
0.861813
0.8597
0.859174
0.861562
0.860731
0.863338
0.860041
0.862737
0.864929
0.862135
0.862575
0.863455
0.864913
0.86213
0.859624
0.862765
0.862238
0.858106
0.864579
0.864713
0.860618
0.863323
0.865289
0.866763
0.864308
0.861606
0.865215
0.862762
0.863108
0.864807
0.861606
0.861157
0.865137
0.863515
0.860288
0.869577
0.861455
0.868845
0.865911
0.863326
0.864526
0.861284
0.8626
0.862769
0.862721
0.864886
0.86002
0.8641
0.860028
0.863517
0.865483
0.864878
0.861768
0.859162
0.864993
0.863241
0.864444
0.864336
0.864351
0.859941
0.859916
0.865386
0.864227
0.863735
0.863811
0.862818
0.8644
0.864752
0.860701
0.861309
0.863253
0.863451
0.866111
0.861024
0.86119
0.862602
0.862855
0.86193
0.862758
0.863697
0.864988
0.861393
0.864028
0.863903
0.86346
0.857894
0.859226
0.861279
0.863758
0.862614
0.864778
0.863699
0.862729
0.865068
0.863911
0.866103
0.862644
0.864924
0.859545
0.862976
0.862609
0.86406
0.864314
0.862297
0.863471
0.86788
0.86278
0.86221
0.859822
0.86337
0.864246
0.863294
0.86214
0.859541
0.864222
0.861821
0.865961
0.864077
0.860423
0.862279
0.86212
0.863452
0.865171
0.861167
0.862828
0.861304
0.863867
0.865451
0.863003
0.862512
0.863059
0.863389
0.859454
0.860396
0.859818
0.863303
0.865482
0.860517
0.860351
0.861013
0.862496
0.865381
0.863842
0.861446
0.86249
0.863454
0.859095
0.86135
0.861398
0.861193
0.866615
0.866162
0.862668
0.86093
0.859707
0.864187
0.863248
0.862089
0.860583
0.86503
0.864473
0.862063
0.862313
0.862151
0.860928
0.857734
0.863017
0.86228
0.866196
0.860708
0.863636
0.863556
0.866856
0.860065
0.858994
0.861585
0.861625
0.859776
0.866053
0.860688
0.862717
0.864132
0.863397
0.864282
0.860531
0.86463
0.862322
0.865014
0.862612
0.868994
0.865925
0.861388
0.866308
0.862277
0.864775
0.865573
0.867164
0.862629
0.862486
0.861202
0.858223
0.863572
0.858766
0.866117
0.862604
0.863752
0.862932
0.862649
0.857677
0.862753
0.861601
0.861344
0.863389
0.861912
0.861256
0.8647
0.860401
0.863392
0.863772
0.865874
0.858993
0.862386
0.864152
0.863743
0.859446
0.862762
0.86051
0.86443
0.86137
0.860667
0.863326
0.868534
0.861113
0.86046
0.864133
0.863098
0.861427
0.862218
0.861826
0.860022
0.863522
0.857968
0.860739
0.864939
0.861347
0.865041
0.866574
0.863332
0.859556
0.862963
0.862335
0.861462
0.863751
0.860973
0.862708
0.862801
0.863717
0.863447
0.862311
0.861495
0.862209
0.865586
0.861118
0.863408
0.862476
0.861414
0.858849
0.863901
0.865194
0.861325
0.862216
0.86063
0.86075
0.866113
0.862288
0.864371
0.862974
0.864095
0.861839
0.862845
0.863057
0.863261
0.861691
0.86661
0.860741
0.86313
0.864839
0.860042
0.864312
0.861389
0.864387
0.862301
0.863616
0.865159
0.862122
0.860383
0.865056
0.862541
0.863643
0.860911
0.862219
0.861142
0.863634
0.860823
0.863367
0.863648
0.86331
0.860333
0.862762
0.864365
0.863962
0.860734
0.862777
0.86417
0.863011
0.864384
0.863106
0.862261
0.858519
0.860305
0.864163
0.864621
0.8636
0.864037
0.865726
0.863092
0.861518
0.863812
0.858025
0.864392
0.861384
0.862672
0.864625
0.864911
0.863335
0.863587
0.866818
0.861494
0.86293
0.868524
0.859877
0.867279
0.861896
0.864142
0.863302
0.861337
0.861816
0.86419
0.865831
0.866459
0.862349
0.863894
0.863426
0.865878
0.864738
0.861452
0.859365
0.863814
0.860672
0.859456
0.861849
0.863962
0.868429
0.86358
0.866026
0.865565
0.862164
0.864803
0.864831
0.862084
0.866213
0.857857
0.86319
0.86404
0.863969
0.861625
0.863037
0.864409
0.863884
0.864135
0.864171
0.863041
0.862739
0.863977
0.860626
0.862625
0.864203
0.861885
0.863736
0.86542
0.866963
0.860429
0.85749
0.866216
0.862233
0.861641
0.860702
0.864413
0.863487
0.861228
0.864221
0.859145
0.865042
0.864069
0.860183
0.868471
0.862623
0.862597
0.862811
0.863349
0.866717
0.864414
0.860348
0.864494
0.862389
0.859666
0.863061
0.862328
0.862696
0.861798
0.861969
0.86074
0.861516
0.862177
0.860979
0.865017
0.863603
0.86189
0.863485
0.864133
0.865881
0.861555
0.86166
0.861775
0.865555
0.862831
0.866321
0.86153
0.864334
0.7819
0.86401
0.863101
0.865027
0.859609
0.859832
0.858657
0.863103
0.863006
0.857957
0.862382
0.864381
0.863748
0.863276
0.862389
0.863655
0.858903
0.863791
0.863827
0.864342
0.865338
0.861153
0.864508
0.864335
0.863213
0.862293
0.858463
0.859062
0.863832
0.858068
0.861851
0.862027
0.865883
0.864101
0.859253
0.859833
0.863683
0.865346
0.862584
0.864516
0.866869
0.863161
0.864425
0.862552
0.863327
0.861632
0.862045
0.861998
0.862811
0.866018
0.863619
0.862502
0.862179
0.863665
0.863759
0.867482
0.859914
0.86021
0.862982
0.861621
0.861287
0.863764
0.867492
0.856386
0.865334
0.862865
0.865902
0.858842
0.862836
0.861431
0.863123
0.860966
0.862632
0.860472
0.864439
0.861552
0.86329
0.862401
0.861561
0.865226
0.860643
0.86418
0.863481
0.86261
0.862648
0.860809
0.862328
0.858681
0.864417
0.863906
0.86191
0.863439
0.861752
0.862783
0.85959
0.864487
0.861175
0.860889
0.861209
0.867297
0.862583
0.862538
0.863201
0.85934
0.85959
0.862524
0.865154
0.863646
0.863625
0.866742
0.865873
0.862228
0.864843
0.861979
0.86232
0.86199
0.861906
0.861837
0.860696
0.863568
0.863719
0.866789
0.866108
0.861845
0.860279
0.863595
0.865966
0.864237
0.864075
0.862061
0.863004
0.859904
0.865712
0.869182
0.866308
0.863939
0.860793
0.863282
0.864189
0.864889
0.859742
0.859576
0.861234
0.862356
0.863958
0.864395
0.860907
0.862464
0.865718
0.858276
0.862037
0.864079
0.864451
0.86232
0.862159
0.860033
0.866903
0.862744
0.864155
0.861306
0.8654
0.8674
0.862853
0.867346
0.864478
0.859878
0.865
0.861556
0.864882
0.864552
0.862508
0.86186
0.863605
0.861245
0.864402
0.86395
0.867338
0.865216
0.865338
0.862833
0.866692
0.861377
0.86201
0.866869
0.864166
0.862394
0.861953
0.857955
0.861134
0.862721
0.863833
0.862295
0.863175
0.862705
0.865171
0.862542
0.862047
0.86449
0.863722
0.860106
0.859107
0.864552
0.861297
0.862578
0.859641
0.861178
0.863575
0.864798
0.865366
0.862136
0.863201
0.866691
0.86357
0.862543
0.862554
0.861734
0.865973
0.860888
0.863554
0.861173
0.862274
0.865661
0.868207
0.866258
0.863753
0.862424
0.862111
0.862338
0.861656
0.862788
0.862189
0.860878
0.8642
0.863364
0.859099
0.867276
0.867001
0.864939
0.863138
0.86278
0.862769
0.863102
0.863318
0.864435
0.864226
0.86588
0.861801
0.863793
0.866985
0.86282
0.860261
0.861981
0.863092
0.865127
0.864286
0.863605
0.861906
0.864103
0.863402
0.863635
0.863982
0.866306
0.863397
0.863079
0.863634
0.861244
0.86263
0.863823
0.85973
0.863868
0.864699
0.865458
0.863773
0.861057
0.864356
0.860954
0.865837
0.865538
0.863047
0.860083
0.864616
0.861704
0.863005
0.86175
0.86054
0.864196
0.86467
0.864471
0.861861
0.865037
0.864307
0.861623
0.864028
0.862972
0.862564
0.866453
0.864584
0.861339
0.862035
0.865277
0.863642
0.868842
0.860509
0.862821
0.864703
0.860607
0.865119
0.862971
0.861251
0.8625
0.863557
0.858063
0.863741
0.862582
0.864254
0.862068
0.86616
0.864738
0.865678
0.863331
0.864087
0.863635
0.862325
0.858211
0.864903
0.866395
0.860249
0.860547
0.861705
0.864899
0.858856
0.862052
0.862802
0.861762
0.859892
0.865217
0.861383
0.863955
0.858355
0.863528
0.863235
0.862927
0.864002
0.864878
0.861892
0.864292
0.861609
0.862232
0.864393
0.860131
0.861965
0.86175
0.863472
0.861274
0.86235
0.86162
0.859287
0.86231
0.862283
0.86061
0.860099
0.861187
0.861301
0.867446
0.860564
0.863091
0.864885
0.861488
0.859279
0.865169
0.861814
0.862319
0.864032
0.861638
0.861089
0.865532
0.860887
0.861864
0.866942
0.86022
0.863431
0.864192
0.860962
0.861262
0.865697
0.862641
0.863583
0.86423
0.861835
0.862871
0.859151
0.864071
0.862129
0.863484
0.859578
0.864379
0.866247
0.857917
0.862432
0.864496
0.860778
0.865416
0.862086
0.860242
0.861723
0.863039
0.863333
0.862865
0.864439
0.862292
0.861021
0.861012
0.867775
0.862279
0.862101
0.860332
0.861981
0.863471
0.861178
0.861765
0.863268
0.860932
0.862974
0.859917
0.863509
0.86418
0.861839
0.862749
0.862134
0.861441
0.862551
0.864128
0.865164
0.861096
0.864544
0.861887
0.862215
0.864782
0.863438
0.862908
0.862858
0.864461
0.864071
0.866445
0.864545
0.86376
0.865482
0.864986
0.86559
0.862593
0.859914
0.861853
0.867961
0.863891
0.866476
0.867246
0.863706
0.867325
0.864661
0.86039
0.862173
0.861153
0.861349
0.859638
0.861471
0.862435
0.860783
0.859748
0.864569
0.864358
0.863173
0.860647
0.86569
0.861871
0.86608
0.857126
0.863821
0.86448
0.861076
0.862111
0.863755
0.863022
0.864105
0.858485
0.864904
0.860966
0.862202
0.863941
0.865072
0.865206
0.859251
0.86439
0.860591
0.864704
0.86345
0.8643
0.862797
0.864542
0.862956
0.86607
0.866395
0.85656
0.864111
0.862986
0.862877
0.861629
0.865495
0.864721
0.858929
0.862139
0.859352
0.86605
0.861045
0.86215
0.860735
0.863771
0.862043
0.85841
0.862312
0.860352
0.863259
0.861295
0.864476
0.862088
0.866469
0.865846
0.863007
0.863499
0.864449
0.860051
0.862092
0.864775
0.863158
0.86329
0.86335
0.866829
0.864454
0.861403
0.864777
0.864208
0.864915
0.864426
0.85887
0.863202
0.861839
0.863987
0.862587
0.863198
0.864117
0.866568
0.86439
0.85763
0.861896
0.863898
0.859182
0.86216
0.862214
0.863155
0.860181
0.865583
0.863776
0.863071
0.86546
0.863628
0.862145
0.86072
0.864856
0.863129
0.861683
0.861838
0.864146
0.865416
0.863589
0.862145
0.861545
0.860449
0.861204
0.862219
0.866222
0.86228
0.864117
0.863631
0.859611
0.86496
0.865979
0.8601
0.865274
0.863068
0.865147
0.863176
0.862631
0.864009
0.859278
0.863864
0.862743
0.857971
0.865302
0.862084
0.865819
0.861726
0.863983
0.861956
0.866123
0.863397
0.862234
0.863723
0.862492
0.861243
0.861619
0.863843
0.861169
0.865036
0.862385
0.861593
0.866381
0.862382
0.860922
0.860885
0.862536
0.861055
0.862017
0.863905
0.864216
0.860311
0.859153
0.864398
0.861677
0.862155
0.861288
0.864857
0.869344
0.86272
0.863825
0.863675
0.864243
0.860727
0.857635
0.864336
0.861618
0.863561
0.861136
0.862163
0.862447
0.866054
0.865172
0.863657
0.863819
0.863234
0.86377
0.861874
0.863277
0.859997
0.865472
0.861316
0.860841
0.861777
0.85846
0.867624
0.861628
0.86721
0.862068
0.861844
0.861413
0.863475
0.864798
0.863943
0.867391
0.86176
0.864471
0.859615
0.862183
0.862685
0.865088
0.865256
0.859937
0.85857
0.865974
0.862715
0.866028
0.863009
0.865768
0.858974
0.864975
0.861814
0.864195
0.859392
0.861668
0.861491
0.859494
0.863639
0.864755
0.861062
0.861565
0.858808
0.861195
0.863664
0.862383
0.863742
0.864077
0.863654
0.864596
0.863063
0.863683
0.863834
0.859022
0.860686
0.86353
0.8653
0.864365
0.867074
0.860622
0.864676
0.864832
0.861894
0.862763
0.863439
0.862168
0.863433
0.863522
0.862066
0.864496
0.859409
0.864491
0.863215
0.866483
0.864364
0.860638
0.861822
0.863762
0.865091
0.861571
0.862142
0.863919
0.859748
0.858795
0.864184
0.858522
0.862184
0.863621
0.865828
0.862231
0.861669
0.865241
0.86209
0.865294
0.862223
0.863723
0.861092
0.860021
0.860541
0.857922
0.865464
0.863009
0.861128
0.861562
0.862092
0.863255
0.86604
0.862795
0.862136
0.866265
0.861097
0.864357
0.859365
0.86068
0.860389
0.86428
0.865491
0.863079
0.860829
0.864526
0.864284
0.861804
0.862164
0.858779
0.863319
0.861441
0.864251
0.860812
0.863318
0.863169
0.863496
0.863011
0.85898
0.862923
0.864512
0.864181
0.858336
0.860756
0.866391
0.863903
0.866044
0.862297
0.8639
0.862445
0.8643
0.862168
0.866277
0.864506
0.861352
0.859957
0.860492
0.863905
0.862488
0.862063
0.862923
0.860161
0.86187
0.866983
0.863304
0.8613
0.865458
0.8648
0.861287
0.866359
0.860919
0.861353
0.865087
0.862683
0.861762
0.861183
0.863362
0.866092
0.862289
0.861735
0.866008
0.862069
0.862719
0.859884
0.860195
0.860337
0.86352
0.863196
0.863993
0.864868
0.862635
0.865126
0.863586
0.862109
0.85906
0.862561
0.86387
0.861323
0.861082
0.867153
0.862011
0.861875
0.859961
0.860291
0.864264
0.861751
0.862343
0.861117
0.861266
0.863406
0.86176
0.863123
0.857754
0.861136
0.862456
0.863638
0.862988
0.862581
0.862231
0.864166
0.8624
0.863745
0.86356
0.858153
0.859293
0.861751
0.86028
0.863759
0.86283
0.863697
0.86123
0.864609
0.866378
0.86648
0.862383
0.86188
0.863097
0.861652
0.864481
0.860264
0.864463
0.864843
0.863862
0.861144
0.865312
0.862416
0.8624
0.863498
0.867377
0.86259
0.859265
0.862129
0.865386
0.862411
0.863382
0.861238
0.862199
0.860372
0.865804
0.865155
0.863875
0.868216
0.864227
0.859236
0.864059
0.862102
0.861347
0.862781
0.862438
0.863922
0.861333
0.866204
0.860871
0.862629
0.86308
0.864739
0.864011
0.864628
0.862889
0.864395
0.863245
0.864461
0.862458
0.864753
0.865124
0.864072
0.86467
0.860534
0.863551
0.861018
0.863628
0.861161
0.863148
0.863231
0.862115
0.863899
0.863958
0.864436
0.864339
0.857772
0.86227
0.864818
0.861977
0.861165
0.861624
0.86659
0.863007
0.860914
0.865257
0.864155
0.865661
0.862998
0.865518
0.85855
0.862031
0.864385
0.862266
0.864352
0.865976
0.865506
0.860557
0.860766
0.863143
0.864936
0.865311
0.861696
0.86266
0.860578
0.862283
0.862643
0.861846
0.864553
0.863707
0.864018
0.864247
0.863617
0.861796
0.86686
0.863367
0.86537
0.861753
0.863679
0.866299
0.864366
0.861526
0.864873
0.86358
0.861091
0.861682
0.865981
0.864154
0.861965
0.862413
0.863542
0.86356
0.859348
0.861605
0.862238
0.863454
0.861749
0.857784
0.860911
0.867332
0.866347
0.863688
0.860133
0.864501
0.863111
0.863341
0.863036
0.865787
0.863044
0.859928
0.861729
0.860043
0.860167
0.862763
0.865532
0.862783
0.862289
0.860964
0.863351
0.864233
0.866495
0.8626
0.861477
0.858581
0.860427
0.864276
0.864287
0.862256
0.862956
0.863107
0.861708
0.862086
0.861886
0.862607
0.861537
0.862834
0.866424
0.865067
0.864632
0.858314
0.865352
0.862413
0.861162
0.856089
0.865193
0.859435
0.865869
0.862656
0.858835
0.864184
0.861777
0.861837
0.858152
0.861067
0.863955
0.862772
0.865012
0.864199
0.862412
0.862572
0.860079
0.863146
0.864318
0.85876
0.861442
0.861122
0.862295
0.863061
0.864422
0.866798
0.862899
0.863831
0.860412
0.864036
0.862782
0.86137
0.86422
0.861745
0.86394
0.862636
0.865604
0.860148
0.865041
0.861343
0.859075
0.863887
0.861159
0.859616
0.86021
0.858125
0.862344
0.858949
0.862905
0.864851
0.865534
0.862158
0.865144
0.862457
0.861911
0.863839
0.863458
0.86125
0.861366
0.864047
0.861737
0.863843
0.863793
0.859415
0.866793
0.861255
0.864409
0.86541
0.862211
0.864398
0.864236
0.863738
0.861355
0.865902
0.862196
0.864215
0.864968
0.864345
0.864233
0.864747
0.862843
