0.878746
0.869117
0.869648
0.87444
0.868325
0.874834
0.880491
0.877705
0.868056
0.868872
0.868445
0.874855
0.869523
0.874704
0.875429
0.873358
0.882897
0.885242
0.875164
0.8807
0.872957
0.884808
0.880564
0.880657
0.881194
0.869596
0.870553
0.881925
0.868139
0.883532
0.879784
0.873737
0.876598
0.878284
0.878233
0.870489
0.883897
0.88267
0.882619
0.870374
0.86948
0.871116
0.884844
0.880457
0.875057
0.869142
0.874483
0.870133
0.878254
0.875851
0.883145
0.869224
0.871133
0.879502
0.881044
0.869185
0.869679
0.882537
0.874192
0.882546
0.874167
0.86829
0.872001
0.874313
0.875711
0.879353
0.871988
0.87074
0.869732
0.87377
0.881984
0.869205
0.868704
0.881725
0.874133
0.87428
0.880648
0.881948
0.872387
0.881611
0.883975
0.86954
0.871681
0.881298
0.872248
0.879557
0.88244
0.880846
0.867111
0.882123
0.868339
0.867508
0.869583
0.867923
0.87163
0.873014
0.880189
0.874483
0.883491
0.881197
0.883492
0.872966
0.882522
0.866909
0.869185
0.880202
0.870451
0.882047
0.876286
0.867566
0.872148
0.871158
0.886865
0.870744
0.882976
0.879468
0.883962
0.869351
0.870775
0.879782
0.870993
0.866166
0.864443
0.869347
0.884156
0.879513
0.870402
0.879562
0.879847
0.869384
0.880748
0.87375
0.870845
0.88238
0.884118
0.868105
0.88057
0.882303
0.88203
0.882123
0.886575
0.882164
0.882537
0.870722
0.87275
0.880338
0.881118
0.875185
0.883374
0.875421
0.881967
0.881745
0.874233
0.875146
0.87135
0.881016
0.872875
0.871672
0.874486
0.869123
0.883356
0.883396
0.869329
0.876847
0.880526
0.87964
0.870545
0.867578
0.869178
0.876353
0.878386
0.872196
0.883726
0.883117
0.873508
0.869245
0.872325
0.881959
0.88004
0.873866
0.873403
0.875713
0.880544
0.879137
0.868548
0.87733
0.881242
0.878686
0.873017
0.881036
0.873037
0.866832
0.881337
0.884582
0.880649
0.875673
0.868461
0.880524
0.881006
0.88344
0.869491
0.882114
0.881875
0.876049
0.879933
0.880411
0.874199
0.869461
0.884137
0.881189
0.869549
0.880389
0.869231
0.881304
0.879274
0.874555
0.870273
0.87968
0.87462
0.871038
0.875185
0.870868
0.871571
0.873918
0.882301
0.870015
0.877949
0.882074
0.885595
0.886278
0.871828
0.869193
0.874363
0.868543
0.875135
0.86911
0.880163
0.883114
0.869592
0.871377
0.868928
0.884556
0.870572
0.867224
0.882772
0.87257
0.884001
0.886592
0.870354
0.882129
0.867282
0.869339
0.880892
0.882318
0.871121
0.866764
0.870098
0.868661
0.882726
0.880402
0.868788
0.881657
0.869511
0.87167
0.880479
0.868101
0.880836
0.874518
0.867356
0.879731
0.875998
0.874681
0.872328
0.867445
0.868166
0.868647
0.877956
0.873818
0.884279
0.872193
0.871558
0.880281
0.878873
0.879423
0.878083
0.878529
0.873654
0.866498
0.88186
0.880534
0.87424
0.881477
0.871665
0.868139
0.869963
0.869634
0.881426
0.874583
0.881304
0.875211
0.871621
0.877096
0.883398
0.88112
0.880269
0.869354
0.883123
0.870151
0.881419
0.86728
0.878849
0.883663
0.878334
0.880392
0.870377
0.870249
0.882478
0.870589
0.878265
0.872869
0.883924
0.882206
0.872856
0.88409
0.875259
0.870543
0.882524
0.882556
0.882065
0.881355
0.879784
0.882001
0.866855
0.873111
0.880524
0.883341
0.867473
0.879329
0.869192
0.881549
0.874271
0.883476
0.880032
0.883073
0.877565
0.879779
0.869896
0.867529
0.879029
0.87742
0.882952
0.867941
0.882053
0.879142
0.880789
0.880023
0.880426
0.877973
0.874701
0.867708
0.880867
0.864535
0.875305
0.879691
0.869865
0.867708
0.871327
0.883417
0.883115
0.876355
0.878192
0.882671
0.867884
0.87094
0.868346
0.87097
0.869634
0.881023
0.868626
0.879897
0.882181
0.871062
0.867928
0.872609
0.879669
0.873449
0.873658
0.881768
0.880928
0.874367
0.883682
0.874925
0.880658
0.879437
0.872321
0.874015
0.872535
0.881797
0.881943
0.874513
0.875666
0.867781
0.882142
0.884777
0.876977
0.868522
0.8814
0.88114
0.870637
0.868323
0.875307
0.878341
0.868299
0.866465
0.869695
0.879554
0.866638
0.86799
0.871101
0.883963
0.879402
0.866698
0.876212
0.883895
0.867172
0.882062
0.867975
0.875339
0.882726
0.872012
0.878249
0.879726
0.866259
0.866995
0.883381
0.883444
0.884993
0.869169
0.875161
0.880959
0.878811
0.880586
0.883432
0.884196
0.875365
0.872397
0.870584
0.884579
0.87026
0.873035
0.877629
0.882873
0.884617
0.868777
0.867711
0.878734
0.872189
0.882475
0.868877
0.867425
0.873596
0.869045
0.881795
0.874985
0.883371
0.86945
0.870781
0.869783
0.876005
0.867198
0.869102
0.87612
0.877854
0.875928
0.879599
0.881709
0.882869
0.870232
0.878302
0.878171
0.877462
0.876125
0.883255
0.880302
0.8658
0.869019
0.870535
0.885159
0.880022
0.873379
0.868269
0.87224
0.88292
0.872044
0.882622
0.874709
0.870334
0.8681
0.867016
0.881975
0.867931
0.881517
0.881935
0.883147
0.880387
0.872685
0.884852
0.880686
0.869382
0.879377
0.881463
0.877844
0.879613
0.873894
0.870285
0.868206
0.881108
0.879975
0.869985
0.868679
0.869479
0.883819
0.873537
0.876902
0.868917
0.881447
0.87794
0.878679
0.872318
0.875879
0.883339
0.875139
0.880865
0.879743
0.880393
0.872582
0.88025
0.883359
0.869885
0.882552
0.881367
0.867487
0.868974
0.870221
0.882328
0.867895
0.881015
0.876545
0.88355
0.879565
0.87127
0.870396
0.874058
0.871227
0.866895
0.879592
0.884007
0.873688
0.882018
0.873346
0.87544
0.871291
0.883453
0.8793
0.884185
0.879297
0.882714
0.868843
0.877281
0.883147
0.88221
0.882071
0.875387
0.868505
0.87149
0.868491
0.87223
0.869471
0.886169
0.871121
0.880388
0.873108
0.880769
0.872244
0.878945
0.871305
0.882386
0.877045
0.88173
0.872202
0.883678
0.882819
0.87451
0.880479
0.870495
0.867471
0.879638
0.866665
0.875052
0.882447
0.873096
0.882701
0.867258
0.870332
0.870574
0.868869
0.880103
0.870509
0.867989
0.869908
0.879452
0.869265
0.882871
0.877625
0.881615
0.874664
0.883477
0.86645
0.869831
0.884738
0.867574
0.873751
0.874719
0.882744
0.882159
0.879256
0.870948
0.880558
0.868797
0.875634
0.881527
0.883242
0.886427
0.869558
0.884389
0.875906
0.878941
0.882896
0.88251
0.870608
0.881131
0.880109
0.870101
0.869734
0.871199
0.868061
0.87886
0.869182
0.874486
0.868202
0.880517
0.885544
0.872722
0.884934
0.867497
0.881426
0.877005
0.873225
0.874736
0.873394
0.872039
0.884289
0.87382
0.883238
0.868802
0.879901
0.870043
0.869505
0.883076
0.867818
0.87019
0.884087
0.870809
0.882717
0.874292
0.879955
0.878087
0.874744
0.870376
0.870711
0.880378
0.87719
0.866543
0.870707
0.88424
0.87018
0.870044
0.878771
0.877248
0.883262
0.879174
0.878731
0.872093
0.870182
0.877774
0.870233
0.881592
0.878567
0.870889
0.86971
0.867702
0.869175
0.873024
0.878161
0.87424
0.873614
0.883758
0.88317
0.868185
0.881245
0.883461
0.868922
0.875679
0.867738
0.86813
0.879904
0.885352
0.879771
0.866849
0.875833
0.87124
0.881552
0.880878
0.875568
0.870767
0.870691
0.87087
0.874991
0.883507
0.878465
0.881955
0.875092
0.881518
0.873584
0.881902
0.870909
0.8839
0.876803
0.877685
0.879581
0.876094
0.878563
0.870182
0.881195
0.879509
0.881002
0.880484
0.881697
0.874181
0.867396
0.884101
0.881584
0.8749
0.874217
0.868875
0.881155
0.879001
0.881083
0.884609
0.870997
0.879127
0.879034
0.878675
0.875546
0.87397
0.880715
0.88151
0.878053
0.871439
0.881786
0.878626
0.881196
0.876577
0.868868
0.873487
0.873015
0.878979
0.882135
0.872452
0.884058
0.872968
0.87056
0.880118
0.879631
0.882752
0.868186
0.874988
0.883866
0.878229
0.87371
0.881133
0.881834
0.881578
0.87742
0.881646
0.866701
0.874702
0.868768
0.883435
0.871844
0.871622
0.883128
0.875213
0.875018
0.882122
0.876168
0.876039
0.87279
0.882342
0.871372
0.878998
0.883027
0.877301
0.870683
0.884291
0.869514
0.873006
0.868646
0.869721
0.871986
0.883883
0.866327
0.879244
0.869348
0.874474
0.877987
0.876348
0.87023
0.87958
0.872917
0.870858
0.872473
0.869574
0.883898
0.874111
0.88251
0.88069
0.872562
0.866296
0.880951
0.882107
0.884785
0.869435
0.878595
0.871476
0.86722
0.8823
0.873644
0.866294
0.88497
0.874662
0.882165
0.879352
0.880761
0.867204
0.882897
0.881107
0.878382
0.870176
0.873087
0.877292
0.868302
0.88181
0.878692
0.88221
0.87199
0.87547
0.881712
0.86876
0.883904
0.873911
0.868213
0.872362
0.867649
0.882086
0.877531
0.870734
0.869668
0.879861
0.868496
0.870336
0.870072
0.885426
0.87346
0.86953
0.884763
0.876366
0.882356
0.8843
0.880468
0.871103
0.876355
0.879626
0.869547
0.881333
0.873401
0.875676
0.876929
0.873958
0.874456
0.86725
0.874927
0.869648
0.871832
0.8807
0.881583
0.88373
0.871293
0.874331
0.884118
0.870557
0.882155
0.867036
0.872363
0.881715
0.883559
0.872569
0.875986
0.872307
0.870739
0.875842
0.872316
0.871023
0.881088
0.879543
0.868016
0.87051
0.871849
0.869418
0.880336
0.870384
0.874297
0.884453
0.866803
0.882121
0.882747
0.871831
0.868774
0.884231
0.879395
0.878957
0.869338
0.870308
0.877011
0.882219
0.878806
0.883342
0.883288
0.883496
0.872
0.881545
0.884467
0.872857
0.876995
0.883105
0.881701
0.871408
0.870552
0.875893
0.877012
0.870649
0.880065
0.869129
0.875995
0.872896
0.880922
0.884085
0.88393
0.880197
0.884561
0.868743
0.876117
0.88194
0.874296
0.881652
0.881955
0.87055
0.876365
0.883348
0.872806
0.880408
0.870111
0.878474
0.882304
0.872204
0.86876
0.870336
0.869841
0.88192
0.879637
0.881288
0.884312
0.876611
0.867608
0.880819
0.87925
0.871369
0.873872
0.882802
0.880683
0.874598
0.869093
0.881488
0.874999
0.87833
0.870433
0.867307
0.869642
0.881078
0.869319
0.8684
0.877213
0.88107
0.879439
0.879025
0.884498
0.870249
0.870236
0.868881
0.872755
0.880113
0.882166
0.870483
0.875034
0.875752
0.87441
0.869256
0.873485
0.883228
0.868357
0.870218
0.869232
0.879835
0.876573
0.882151
0.883683
0.873394
0.878776
0.879154
0.879681
0.869972
0.875208
0.882293
0.881209
0.87856
0.869318
0.872579
0.868816
0.881586
0.872423
0.870393
0.875363
0.883781
0.870262
0.875263
0.870802
0.869779
0.883773
0.879607
0.882476
0.869443
0.882621
0.869723
0.88154
0.871383
0.870325
0.86925
0.881975
0.867919
0.879086
0.866204
0.878664
0.881542
0.869387
0.87596
0.869231
0.872609
0.881246
0.882908
0.88311
0.872965
0.880571
0.882134
0.873995
0.874366
0.88075
0.8808
0.873068
0.880261
0.872673
0.878642
0.878881
0.870035
0.869484
0.881555
0.870161
0.86703
0.878624
0.883125
0.867526
0.865719
0.88109
0.88519
0.8756
0.868787
0.880041
0.877744
0.880851
0.866922
0.870623
0.884519
0.875519
0.874876
0.879297
0.871297
0.876824
0.872041
0.868503
0.869697
0.868404
0.872314
0.882397
0.879429
0.881606
0.870319
0.871165
0.871135
0.869189
0.879937
0.8822
0.88597
0.879008
0.869232
0.886041
0.869661
0.875653
0.881348
0.882996
0.866945
0.873479
0.870777
0.871662
0.872459
0.869519
0.871913
0.882915
0.881579
0.884721
0.874419
0.879062
0.872829
0.881842
0.878574
0.879976
0.878443
0.868551
0.879956
0.872592
0.866316
0.879697
0.880957
0.873766
0.879658
0.88166
0.871442
0.872356
0.877732
0.878849
0.871185
0.877022
0.870382
0.876593
0.868516
0.866564
0.879786
0.875859
0.873963
0.881229
0.881009
0.872699
0.879768
0.872671
0.869461
0.875474
0.881335
0.875764
0.879548
0.871082
0.871116
0.879714
0.882386
0.874673
0.871967
0.884299
0.878272
0.871105
0.8741
0.871861
0.875466
0.876328
0.869188
0.874693
0.872559
0.869781
0.86754
0.873061
0.879899
0.874979
0.871841
0.868854
0.884195
0.873651
0.882209
0.878669
0.873147
0.879342
0.878824
0.882254
0.884526
0.882348
0.878744
0.880286
0.87733
0.882337
0.885502
0.87131
0.882253
0.870772
0.879187
0.865579
0.880482
0.87465
0.880064
0.879976
0.877144
0.868996
0.876363
0.867964
0.883096
0.874356
0.867661
0.874372
0.875804
0.882967
0.870803
0.883123
0.868586
0.883913
0.877712
0.869768
0.868232
0.868351
0.879956
0.88306
0.872192
0.874917
0.881495
0.871471
0.879663
0.88215
0.874605
0.871759
0.871208
0.868626
0.881946
0.881629
0.870488
0.867598
0.877138
0.872092
0.874804
0.879613
0.867989
0.881433
0.881089
0.87876
0.875661
0.873468
0.867563
0.880733
0.880231
0.868788
0.879241
0.875038
0.873827
0.875348
0.875228
0.870428
0.868263
0.870521
0.874526
0.879912
0.875009
0.882576
0.866552
0.869892
0.871349
0.877212
0.869835
0.869238
0.868833
0.875811
0.87637
0.867236
0.876151
0.879156
0.884088
0.880971
0.879039
0.870434
0.871161
0.878356
0.879715
0.869445
0.87142
0.869052
0.87625
0.879723
0.868228
0.870894
0.868729
0.880188
0.885046
0.874856
0.882101
0.880193
0.884332
0.880748
0.874899
0.882912
0.879991
0.872727
0.86927
0.8756
0.867277
0.879096
0.882926
0.880347
0.882633
0.874844
0.869557
0.870204
0.871315
0.86909
0.875085
0.875442
0.879308
0.879077
0.879998
0.871598
0.880461
0.876258
0.880743
0.881377
0.874874
0.881784
0.869317
0.866575
0.875969
0.884781
0.874478
0.874031
0.87387
0.873745
0.873519
0.869162
0.869194
0.874424
0.877144
0.880115
0.870174
0.866725
0.874654
0.870594
0.87005
0.873893
0.870131
0.869308
0.878999
0.881798
0.869445
0.873666
0.872542
0.869874
0.880963
0.869805
0.872889
0.878379
0.870782
0.880379
0.875911
0.868448
0.872175
0.87255
0.884267
0.882853
0.868318
0.88281
0.880174
0.883263
0.868714
0.884452
0.870775
0.868601
0.874847
0.874379
0.872068
0.868022
0.88245
0.872106
0.88177
0.871811
0.875164
0.881179
0.880487
0.872569
0.871692
0.874234
0.870573
0.881919
0.869107
0.869491
0.874285
0.867037
0.880507
0.881697
0.871172
0.866822
0.883747
0.881696
0.867588
0.877946
0.878274
0.878027
0.881455
0.86768
0.882267
0.870171
0.874149
0.883289
0.868875
0.880159
0.884928
0.883723
0.882296
0.878402
0.868881
0.883717
0.877044
0.884224
0.875699
0.868646
0.880038
0.866794
0.868742
0.882912
0.878055
0.88008
0.878801
0.869988
0.868675
0.876231
0.869688
0.874302
0.881241
0.882434
0.878761
0.875365
0.881668
0.875643
0.870106
0.879771
0.870026
0.873184
0.87233
0.874874
0.872682
0.867832
0.872919
0.875208
0.872674
0.870233
0.869995
0.875125
0.868616
0.871115
0.871005
0.875003
0.866533
0.881505
0.880224
0.870367
0.869842
0.86829
0.880916
0.876485
0.877235
0.870419
0.870622
0.873516
0.882228
0.869979
0.882235
0.876191
0.876206
0.87992
0.879523
0.878872
0.88492
0.873793
0.871243
0.879024
0.878988
0.878181
0.882098
0.881131
0.87931
0.881178
0.885382
0.870104
0.882215
0.877238
0.864849
0.878311
0.883694
0.885787
0.871643
0.878335
0.868625
0.869781
0.879745
0.870089
0.867099
0.883028
0.884064
0.881806
0.867476
0.870026
0.881472
0.879372
0.870629
0.876398
0.880374
0.867442
0.871303
0.880171
0.880944
0.873962
0.881183
0.871137
0.869247
0.86957
0.875149
0.880183
0.870255
0.880335
0.86684
0.872115
0.882431
0.872112
0.871142
0.876322
0.878095
0.883825
0.868784
0.869389
0.878796
0.871201
0.872509
0.869079
0.881312
0.871372
0.874315
0.869038
0.881481
0.88219
0.878248
0.867132
0.866642
0.87363
0.881871
0.878965
0.879069
0.870943
0.868569
0.870535
0.871109
0.87321
0.876043
0.87218
0.870225
0.86909
0.868544
0.881441
0.871311
0.882796
0.882427
0.8803
0.88365
0.871234
0.882225
0.872698
0.875979
0.87096
0.872901
0.867892
0.874054
0.873334
0.885718
0.873314
0.886185
0.874692
0.873726
0.881525
0.871125
0.866008
0.88266
0.870479
0.869346
0.86833
0.879641
0.879926
0.880367
0.871937
0.881428
0.871744
0.883164
0.874555
0.882748
0.869355
0.87323
0.875343
0.877602
0.878173
0.868701
0.868709
0.882874
0.870776
0.881077
0.883583
0.87365
0.873457
0.872534
0.870336
0.868833
0.875961
0.883152
0.876336
0.878187
0.868599
0.874477
0.88169
0.87848
0.876331
0.878941
0.867757
0.871499
0.871792
0.871409
0.877097
0.873393
0.882673
0.881876
0.869711
0.870379
0.870885
0.868949
0.877109
0.881029
0.880681
0.874794
0.870889
0.868769
0.874721
0.87954
0.879414
0.873195
0.865994
0.883059
0.8707
0.87492
0.884573
0.881359
0.872818
0.875682
0.869675
0.878113
0.869686
0.873867
0.868242
0.88328
0.868373
0.873821
0.870658
0.882097
0.879014
0.873528
0.869568
0.883166
0.882911
0.879756
0.879745
0.87135
0.884425
0.871469
0.882719
0.88255
0.881362
0.876225
0.867158
0.871301
0.879103
0.868044
0.878814
0.868544
0.871449
0.871865
0.882923
0.881093
0.88026
0.881639
0.88106
0.881985
0.87452
0.881219
0.872239
0.869919
0.878596
0.879044
0.877743
0.869557
0.871005
0.868001
0.88255
0.867352
0.879249
0.868824
0.87013
0.88189
0.868397
0.882649
0.882694
0.882439
0.878979
0.870814
0.870373
0.872688
0.869483
0.883627
0.881814
0.880288
0.873965
0.883082
0.87091
0.872527
0.87033
0.872477
0.866139
0.87953
0.869548
0.868605
0.867241
0.868301
0.8692
0.881781
0.866221
0.881726
0.865571
0.877979
0.881816
0.8721
0.868396
0.868108
0.868333
0.881812
0.879468
0.881305
0.883161
0.881434
0.872922
0.883279
0.883954
0.865851
0.872354
0.885045
0.876039
0.870425
0.871505
0.869491
0.888742
0.88036
0.877182
0.879816
0.883423
0.873373
0.879745
0.87215
0.879546
0.878802
0.882587
0.879296
0.872695
0.866906
0.873517
0.870075
0.876959
0.868589
0.885565
0.879216
0.882424
0.883306
0.877928
0.882413
0.873856
0.881957
0.874472
0.878107
0.880175
0.872056
0.870963
0.869403
0.884925
0.8732
0.877366
0.871169
0.868126
0.881126
0.88082
0.876501
0.880353
0.868716
0.880533
0.88316
0.875508
0.868793
0.872147
0.868946
0.881243
0.878576
0.878302
0.875386
0.873764
0.868493
0.881472
0.882101
0.870316
0.874481
0.874752
0.88291
0.876708
0.88056
0.870017
0.868607
0.883941
0.884059
0.867616
0.884893
0.871884
0.875077
0.872168
0.880688
0.872873
0.880038
0.878741
0.882289
0.881903
0.884585
0.87486
0.880088
0.881278
0.882948
0.880323
0.881834
0.869187
0.871197
0.883547
0.876307
0.879436
0.882384
0.881197
0.881441
0.86893
0.879261
0.87247
0.875157
0.879771
0.881287
0.87119
0.881305
0.878946
0.86917
0.865288
0.87396
0.881916
0.878789
0.884046
0.875564
0.885338
0.872384
0.870135
0.884024
0.86927
0.873202
0.87489
0.873601
0.880279
0.878404
0.885301
0.873861
0.885126
0.880284
0.883898
0.866208
0.87938
0.883394
0.870544
0.881077
0.874357
0.877429
0.869546
0.875311
0.874276
0.874002
0.874134
0.869578
0.872041
0.878464
0.8796
0.870796
0.867771
0.870706
0.873765
0.881252
0.874037
0.87786
0.878782
0.870244
0.868965
0.8722
0.87059
0.879479
0.880177
0.873173
0.879708
0.87279
0.883532
0.883761
0.878141
0.873157
0.869323
0.88257
0.884039
0.882727
0.865488
0.874613
0.875692
0.871744
0.880637
0.875259
0.878185
0.879839
0.882208
0.875166
0.870355
0.8747
0.879944
0.882958
0.883009
0.875207
0.868468
0.870169
0.869453
0.87335
0.868209
0.867136
0.872985
0.874103
0.879694
0.88294
0.879113
0.881784
0.870116
0.880751
0.882046
0.87493
0.881804
0.881081
0.880448
0.882395
0.869617
0.879511
0.875752
0.878598
0.869246
0.880541
0.868897
0.87514
0.883
0.874082
0.879985
0.875717
0.872193
0.880675
0.868041
0.877792
0.868451
0.883802
0.868581
0.87749
0.875325
0.880731
0.87363
0.884574
0.870557
0.8795
0.883538
0.870107
0.866772
0.870616
0.876074
0.868708
0.874715
0.882712
0.871347
0.878697
0.884003
0.873946
0.879392
0.881333
0.881068
0.872411
0.870154
0.868631
0.868213
0.879191
0.875624
0.874003
0.872029
0.880239
0.878574
0.880752
0.869724
0.883185
0.878197
0.870434
0.868536
0.881455
0.872173
0.881405
0.872179
0.881497
0.870773
0.881213
0.872182
0.880627
0.880197
0.871591
0.877431
0.869879
0.883063
0.882431
0.884762
0.884874
0.882567
0.88312
0.879972
0.881735
0.872206
0.87242
0.867563
0.880273
0.872418
0.869596
0.876316
0.873196
0.86911
0.869954
0.870204
0.882084
0.866826
0.880943
0.868847
0.87002
0.869988
0.868848
0.883993
0.880448
0.875432
0.867519
0.880268
0.880052
0.878649
0.871662
0.882429
0.878637
0.874434
0.875557
0.882807
0.870592
0.882524
0.87054
0.880433
0.882544
0.87463
0.882136
0.878478
0.878337
0.874389
0.869585
0.871227
0.879919
0.875029
0.871042
0.882552
0.871908
0.874648
0.8701
0.87114
0.874447
0.881439
0.870736
0.868578
0.88347
0.878975
0.877315
0.868935
0.878165
0.872665
0.881702
0.883454
0.882546
0.867928
0.869417
0.870999
0.869779
0.871284
0.883733
0.871712
0.882856
0.873257
0.875314
0.881319
0.879812
0.86955
0.874065
0.882179
0.883705
0.879746
0.879535
0.879921
0.883071
0.869851
0.881981
0.884136
0.869565
0.881282
0.87704
0.881077
0.881958
0.878948
0.878915
0.874662
0.870382
0.869042
0.874334
0.869263
0.870495
0.882846
0.870885
0.869831
0.881131
0.872016
0.881842
0.86792
0.881746
0.867839
0.88294
0.867504
0.869943
0.87915
0.869095
0.883692
0.879409
0.879228
0.8786
0.870594
0.884363
0.873785
0.883485
0.877119
0.871813
0.872835
0.875162
0.882624
0.872878
0.870056
0.874673
0.87326
0.868849
0.87314
0.872374
0.879349
0.872327
0.882761
0.868043
0.883069
0.881365
0.882333
0.870581
0.885592
0.873679
0.881158
0.880837
0.867339
0.870893
0.876393
0.872824
0.867506
0.875364
0.869025
0.885298
0.867602
0.883079
0.880432
0.875131
0.881507
0.879614
0.873305
0.872107
0.87809
0.874031
0.874528
0.869842
0.882017
0.874846
0.880525
0.875583
0.880338
0.879355
0.868848
0.879666
0.884316
0.881297
0.873483
0.870427
0.870512
0.8786
0.873299
0.868717
0.878588
0.880415
0.87232
0.873861
0.880853
0.8826
0.881161
0.879217
0.878639
0.866414
0.869095
0.878934
0.881142
0.865789
0.870968
0.881794
0.875799
0.871253
0.883413
0.884877
0.880072
0.872392
0.883582
0.86681
0.870552
0.869527
0.868848
0.873109
0.88333
0.867574
0.874714
0.878748
0.872582
0.881456
0.880821
0.881589
0.871176
0.880286
0.869351
0.880643
0.88427
0.870965
0.883934
0.866816
0.881953
0.882782
0.88015
0.881509
0.881345
0.886584
0.884023
0.875926
0.875056
0.869569
0.881949
0.867992
0.868297
0.883083
0.869017
0.875937
0.876842
0.880308
0.882004
0.883598
0.866789
0.870086
0.883141
0.880049
0.867062
0.880878
0.882085
0.86643
0.873031
0.873429
0.869159
0.871336
0.87542
0.880465
0.881692
0.875466
0.87631
0.872617
0.879006
0.877887
0.872804
0.878042
0.873466
0.875701
0.882283
0.869443
0.873663
0.868708
0.872632
0.870627
0.881224
0.87766
0.881451
0.870946
0.867501
0.874959
0.879196
0.868903
0.883152
0.885067
0.877841
0.870199
0.874298
0.876678
0.88232
0.881846
0.869213
0.871858
0.882046
0.882029
0.869411
0.872781
0.868105
0.879426
0.878668
0.880999
0.873741
0.875173
0.870476
0.869597
0.875295
0.880689
0.883382
0.878576
0.87063
0.883192
0.872072
0.879033
0.875574
0.869825
0.879509
0.876805
0.874691
0.871797
0.873399
0.86902
0.876552
0.874559
0.883246
0.883269
0.868147
0.872446
0.884981
0.86951
0.869977
0.867561
0.869595
0.867102
0.881658
0.874609
0.880369
0.873241
0.88088
0.873544
0.86821
0.869174
0.879962
0.869847
0.876135
0.883452
0.873778
0.873226
0.874108
0.870385
0.884307
0.871419
0.876442
0.87323
0.880983
0.880814
0.882566
0.882021
0.875489
0.87162
0.884892
0.880045
0.874594
0.878953
0.881187
0.867342
0.875039
0.868481
0.868812
0.873397
0.883476
0.882454
0.879539
0.877949
0.87159
0.880734
0.869982
0.88132
0.867804
0.87248
0.880578
0.871543
0.881049
0.874748
0.870623
0.876175
0.875774
0.877304
0.882341
0.869083
0.869779
0.876879
0.879892
0.881776
0.881683
0.869426
0.87735
0.879515
0.870112
0.881845
0.869955
0.87226
0.869983
0.878892
0.880508
0.86979
0.873916
0.869011
0.885244
0.870036
0.881371
0.869793
0.876348
0.884631
0.873119
0.871378
0.881553
0.880816
0.864105
0.878915
0.874056
0.88183
0.884137
0.881993
0.866149
0.871947
0.872402
0.869759
0.881245
0.86846
0.878373
0.883418
0.866463
0.864938
0.87115
0.870517
0.881043
0.881369
0.871616
0.88198
0.880333
0.866759
0.871518
0.880797
0.873043
0.882885
0.881309
0.879999
0.869172
0.870032
0.86969
0.884788
0.881678
0.869176
0.881099
0.867163
0.873032
0.870392
0.870064
0.873393
0.873383
0.881517
0.883711
0.871547
0.875287
0.876519
0.88231
0.882566
0.877703
0.872745
0.869882
0.882384
0.882431
0.881651
0.869178
0.872358
0.881608
0.870795
0.871697
0.885495
0.878497
0.881111
0.870831
0.870937
0.867607
0.881677
0.873595
0.875694
0.86976
0.880237
0.88201
0.869201
0.874525
0.882986
0.865181
0.880195
0.876547
0.877658
0.879887
0.880971
0.884312
0.869459
0.874472
0.870105
0.876546
0.873477
0.867667
0.885921
0.880963
0.882173
0.869074
0.868089
0.885199
0.878728
0.868071
0.874015
0.876587
0.874972
0.86963
0.873277
0.869662
0.878805
0.886186
0.883604
0.869489
0.873731
0.878977
0.883289
0.866497
0.883673
0.867953
0.884176
0.876466
0.881335
0.880121
0.868221
0.87946
0.871704
0.867706
0.867991
0.88625
0.874114
0.880846
0.881648
0.882489
0.875361
0.873957
0.882532
0.874191
0.870927
0.883168
0.870395
0.878579
0.884997
0.869675
0.868958
0.876933
0.869638
0.872809
0.868754
0.883116
0.878558
0.881114
0.878225
0.871879
0.88047
0.875568
0.868215
0.874357
0.869647
0.867578
0.879627
0.8802
0.878626
0.882199
0.868642
0.881147
0.867165
0.878535
0.878791
0.869782
0.871209
0.879175
0.8838
0.869695
0.871197
0.883969
0.873102
0.880595
0.875256
0.86814
0.881971
0.881975
0.883351
0.884679
0.873071
0.870101
0.868185
0.868647
0.870855
0.880535
0.874363
0.882587
0.881444
0.877939
0.867058
0.869789
0.87575
0.882992
0.87025
0.869919
0.88253
0.873234
0.881142
0.867982
0.881526
0.87124
0.881737
0.880456
0.869933
0.88462
0.874675
0.885825
0.871667
0.874355
0.868546
0.874608
0.885087
0.876952
0.882018
0.87941
0.873793
0.881621
0.872905
0.868487
0.871157
0.871184
0.879575
0.878982
0.869688
0.873534
0.877821
0.884545
0.875308
0.881511
0.883831
0.866734
0.869261
0.884226
0.871539
0.881761
0.8855
0.870632
0.875527
0.869312
0.873064
0.878333
0.881621
0.874877
0.876758
0.879516
0.879571
0.883823
0.881858
0.882831
0.881131
0.881841
0.868434
0.877218
0.867789
0.871838
0.884367
0.879906
0.875264
0.878667
0.869979
0.875777
0.874039
0.881222
0.880333
0.883117
0.871137
0.884305
0.870108
0.870402
0.868379
0.87357
0.868245
0.874577
0.881923
0.878329
0.881104
0.878655
0.87117
0.87458
0.880019
0.867474
0.883927
0.875167
0.870822
0.880197
0.881408
0.874713
0.867742
0.871063
0.88068
0.871861
0.874007
0.88476
0.878954
0.882079
0.878472
0.876337
0.871319
0.883946
0.882226
0.874183
0.868881
0.882
0.883091
0.877289
0.88412
0.869504
0.876613
0.879985
0.885963
0.883031
0.872858
0.880636
0.873281
0.87943
0.877315
0.867893
0.874864
0.869603
0.872792
0.869626
0.879802
0.881814
0.874318
0.877845
0.883841
0.882923
0.879876
0.876033
0.870958
0.875153
0.876538
0.868209
0.883615
0.872834
0.869213
0.879711
0.874431
0.869577
0.867953
0.869993
0.88018
0.883543
0.871323
0.868696
0.878405
0.88069
0.882849
0.876893
0.872998
0.874084
0.882402
0.878257
0.870583
0.870152
0.881058
0.866471
0.879126
0.870554
0.872331
0.868757
0.870784
0.873679
0.879083
0.881177
0.869124
0.868172
0.882265
0.878768
0.874403
0.880349
0.870637
0.874905
0.882517
0.869356
0.885938
0.872773
0.872131
0.869011
0.883552
0.870969
0.874074
0.880857
0.881185
0.871749
0.867486
0.870106
0.881755
0.873493
0.874827
0.872823
0.875251
0.872107
0.872478
0.875333
0.882841
0.873281
0.871606
0.883705
0.870997
0.879833
0.868261
0.872903
0.882508
0.865986
0.868153
0.871415
0.875011
0.881445
0.873682
0.871486
0.871092
0.880165
0.884734
0.868928
0.871655
0.870524
0.875326
0.881426
0.881999
0.881311
0.882075
0.879136
0.873036
0.87271
0.878036
0.881882
0.869615
0.876324
0.870196
0.869524
0.872982
0.87007
0.872967
0.87554
0.883043
0.882945
0.868006
0.873039
0.87109
0.867841
0.868147
0.881389
0.874959
0.880812
0.879218
0.873758
0.868267
0.869729
0.874716
0.869546
0.868873
0.875433
0.879875
0.883511
0.871914
0.880056
0.872555
0.875089
0.869
0.881446
0.880227
0.871997
0.884803
0.880857
0.877845
0.879737
0.88487
0.879329
0.873271
0.87664
0.876577
0.881195
0.87562
0.879335
0.874607
0.876757
0.867746
0.875311
0.868058
0.884183
0.883838
0.870551
0.88427
0.872407
0.87033
0.872768
0.873639
0.880713
0.882143
0.870786
0.883823
0.875681
0.868516
0.88128
0.878052
0.869077
0.869897
0.869321
0.880044
0.878718
0.868942
0.871426
0.879801
0.885466
0.870637
0.8741
0.883388
0.874576
0.875543
0.880691
0.875443
0.884432
0.876273
0.874532
0.867137
0.884363
0.868414
0.882346
0.881877
0.882141
0.880803
0.868553
0.872851
0.883775
0.872425
0.875137
0.870822
0.870019
0.879327
0.880972
0.876789
0.875515
0.868444
0.883827
0.86965
0.867224
0.873669
0.881424
0.87345
0.867218
0.884734
0.87285
0.881673
0.871485
0.870318
0.882758
0.872172
0.869407
0.881559
0.870163
0.882684
0.881081
0.871234
0.873221
0.884075
0.879854
0.880758
0.867485
0.877753
0.871977
0.871908
0.881031
0.87018
0.880154
0.882128
0.87287
0.872511
0.869173
0.875153
0.874818
0.87854
0.880256
0.875281
0.878689
0.876201
0.879956
0.868241
0.874387
0.88356
0.869174
0.878851
0.881743
0.87066
0.868048
0.879177
0.878602
0.879939
0.882301
0.870827
0.882682
0.874059
0.872976
0.878486
0.865803
0.868842
0.880886
0.879214
0.879212
0.87883
0.870228
0.884301
0.873778
0.869148
0.882465
0.874129
0.869459
0.882845
0.868537
0.885877
0.870626
0.883419
0.868644
0.867629
0.876514
0.883862
0.873831
0.878226
0.870985
0.874693
0.873427
0.873631
0.882373
0.879704
0.869153
0.872952
0.882058
0.874201
0.870969
0.868758
0.88078
0.882534
0.86802
0.882331
0.867975
0.871852
0.879387
0.88199
0.878253
0.883792
0.875294
0.870265
0.883141
0.884313
0.867415
0.871041
0.882819
0.883837
0.875606
0.882955
0.882137
0.878608
0.87215
0.881571
0.884039
0.873086
0.871314
0.884572
0.879571
0.872511
0.882659
0.87141
0.88367
0.872016
0.883128
0.869963
0.874639
0.884356
0.87808
0.877948
0.8698
0.878382
0.870553
0.878544
0.882702
0.870209
0.880968
0.87986
0.871654
0.882887
0.870345
0.875993
0.882928
0.869209
0.874048
0.882288
0.877373
0.880993
0.880314
0.865576
0.873495
0.86787
0.880072
0.871953
0.883337
0.881481
0.873841
0.883799
0.8683
0.881546
0.872145
0.878769
0.86936
0.881529
0.871336
0.870386
0.881206
0.878678
0.880232
0.873404
0.869666
0.882875
0.873429
0.871839
0.877925
0.882891
0.881238
0.866175
0.874246
0.873058
0.870095
0.870431
0.873033
0.882328
0.875294
0.871908
0.871743
0.884121
0.874208
0.871227
0.884653
0.882276
0.878984
0.870769
0.875736
0.869027
0.867544
0.867424
0.867843
0.879676
0.880078
0.869405
0.879319
0.868189
0.871884
0.870209
0.867942
0.867813
0.883753
0.871695
0.87579
0.883328
0.879652
0.878466
0.881673
0.878614
0.867193
0.877142
0.884391
0.880835
0.879189
0.881646
0.870609
0.875901
0.872108
0.874117
0.873197
0.88325
0.872509
0.881361
0.875764
0.877945
0.882532
0.870149
0.882504
0.88055
0.868867
0.872816
0.868273
0.868005
0.882192
0.867103
0.881249
0.881643
0.868204
0.882594
0.882463
0.878604
0.876684
0.881825
0.868219
0.868733
0.874645
0.882596
0.869866
0.871514
0.870344
0.875596
0.883268
0.878566
0.870378
0.878608
0.870251
0.874973
0.879801
0.869104
0.878895
0.870637
0.867064
0.869468
0.8731
0.870187
0.873982
0.875334
0.879347
0.878869
0.869006
0.870677
0.877878
0.881552
0.875952
0.880139
0.871287
0.877886
0.883747
0.873516
0.88058
0.868364
0.869715
0.868468
0.867146
0.870111
0.882769
0.86919
0.869415
0.872172
0.881895
0.879112
0.881923
0.8735
0.869601
0.868059
0.867908
0.87947
0.872613
0.87493
0.871587
0.874108
0.881482
0.87099
0.880337
0.870633
0.875459
0.874303
0.869131
0.872158
0.868073
0.869312
0.868203
0.87696
0.883203
0.880449
0.869003
0.882441
0.870859
0.877137
0.880322
0.87222
0.871515
0.870865
0.880902
0.870259
0.870378
0.868244
0.881036
0.88014
0.882429
0.868166
0.873434
0.876683
0.8774
0.868989
0.868031
0.881126
0.88432
0.877876
0.872971
0.884855
0.883451
0.882928
0.875912
0.868271
0.882726
0.867626
0.884276
0.871862
0.871091
0.880934
0.868268
0.878699
0.881127
0.880334
0.881824
0.881656
0.884464
0.865347
0.868974
0.880757
0.875507
0.880844
0.873295
0.873566
0.879299
0.880992
0.881894
0.871491
0.874206
0.871727
0.882294
0.872272
0.875405
0.875638
0.868928
0.872998
0.88251
0.867215
0.879158
0.870434
0.881253
0.868616
0.870642
0.877839
0.8832
0.879584
0.880066
0.874029
0.88109
0.880734
0.884483
0.883486
0.883091
0.873459
0.882699
0.879901
0.881367
0.88217
0.873907
0.879307
0.869354
0.88062
0.87119
0.872636
0.871082
0.881928
0.881574
0.88411
0.869229
0.875238
0.876088
0.869174
0.881474
0.870781
0.869736
0.881963
0.870792
0.871931
0.870717
0.874245
0.88455
0.879135
0.879393
0.87238
0.886516
0.874731
0.874951
0.87789
0.867271
0.882436
0.868466
0.879287
0.873869
0.866624
0.869304
0.87152
0.87257
0.867544
0.869815
0.876852
0.882675
0.873152
0.880814
0.872465
0.872537
0.870532
0.869033
0.879331
0.875927
0.870066
0.879638
0.868732
0.882364
0.877552
0.875162
0.875621
0.875481
0.882655
0.869643
0.870609
0.872131
0.883362
0.875034
0.870617
0.880953
0.870776
0.871053
0.872019
0.880469
0.867565
0.877228
0.869713
0.865993
0.867772
0.885985
0.872939
0.869802
0.874419
0.879049
0.869054
0.870284
0.868103
0.881501
0.87644
0.86881
0.870951
0.884544
0.879564
0.868321
0.881138
0.879846
0.874232
0.87025
0.878435
0.879454
0.868696
0.882965
0.866082
0.885223
0.88189
0.881008
0.877788
0.875669
0.874693
0.875327
0.871427
0.872929
0.880169
0.873259
0.876626
0.871303
0.873619
0.875605
0.8807
0.869254
0.869006
0.872478
0.870895
0.881808
0.883853
0.880577
0.882676
0.884343
0.869006
0.874775
0.882145
0.882702
0.878671
0.881507
0.868406
0.881254
0.873781
0.880627
0.872334
0.868993
0.872236
0.879037
0.883919
0.87283
0.880837
0.869242
0.869786
0.881932
0.883525
0.881618
0.870517
0.866668
0.88015
0.877005
0.883703
0.884304
0.871431
0.869051
0.875491
0.870632
0.867822
0.869662
0.882259
0.872597
0.874862
0.880336
0.868408
0.882578
0.874597
0.868278
0.875487
0.868523
0.881181
0.873323
0.876018
0.869607
0.872216
0.867724
0.868747
0.877224
0.883065
0.873412
0.87973
0.883601
0.879098
0.88322
0.871221
0.884055
0.874585
0.880923
0.883401
0.870918
0.869757
0.879929
0.881413
0.878771
0.882554
0.881098
0.873888
0.88375
0.882493
0.879591
0.876891
0.882981
0.88531
0.881825
0.869009
0.88084
0.875746
0.878319
0.878023
0.880923
0.880654
0.881444
0.867319
0.882159
0.871019
0.883531
0.869952
0.876699
0.874041
0.882322
0.877693
0.868702
0.879722
0.874185
0.881913
0.880036
0.874411
0.881522
0.866776
0.878779
0.881149
0.870811
0.87017
0.882212
0.882868
0.873556
0.872759
0.868408
0.878303
0.882321
0.88121
0.870713
0.868548
0.875765
0.881832
0.876623
0.874084
0.874144
0.878248
0.881915
0.881035
0.868107
0.879201
0.875869
0.87746
0.874024
0.881593
0.88161
0.882975
0.875729
0.874713
0.878833
0.867133
0.868859
0.872913
0.876215
0.880464
0.871524
0.875388
0.870232
0.883
0.870822
0.872356
0.876968
0.869826
0.877704
0.871088
0.880682
0.870799
0.880536
0.870229
0.875354
0.875675
0.872931
0.872812
0.876367
0.871552
0.879553
0.868432
0.877307
0.871802
0.882321
0.881707
0.871986
0.880101
0.883288
0.872308
0.866571
0.88021
0.876248
0.883677
0.872028
0.879236
0.86956
0.873224
0.868231
0.883059
0.870955
0.868144
0.876178
0.880255
0.880546
0.871882
0.883466
0.874486
0.870264
0.871872
0.870783
0.869411
0.873479
0.884136
0.872034
0.879652
0.884132
0.876498
0.877045
0.88013
0.869985
0.885842
0.873223
0.879046
0.883047
0.880502
0.879754
0.868394
0.868112
0.873539
0.871774
0.876889
0.873431
0.880912
0.883194
0.881012
0.873796
0.874277
0.879662
0.883643
0.878582
0.868994
0.879921
0.884688
0.876803
0.877479
0.882511
0.881543
0.884601
0.87498
0.876942
0.871646
0.871847
0.873786
0.874116
0.868924
0.872262
0.881922
0.876107
0.866148
0.881153
0.872999
0.882747
0.874074
0.872948
0.874358
0.882641
0.878768
0.871173
0.873789
0.880983
0.882827
0.876769
0.869703
0.881248
0.884254
0.880193
0.87694
0.884122
0.874828
0.86872
0.870706
0.875499
0.869189
0.884452
0.880476
0.874383
0.880782
0.872797
0.86953
0.878534
0.866397
0.882752
0.866634
0.88029
0.869561
0.868068
0.874795
0.879694
0.883177
0.871843
0.883435
0.869521
0.882107
0.871186
0.870417
0.881967
0.869033
0.880027
0.874801
0.872423
0.878443
0.869221
0.884323
0.876343
0.870827
0.870952
0.871445
0.882775
0.878369
0.869354
0.881499
0.870532
0.87214
0.883248
0.870204
0.871563
0.871223
0.874928
0.871834
0.882854
0.87977
0.869365
0.883039
0.882434
0.868515
0.872321
0.86991
0.882859
0.882358
0.878441
0.868204
0.881366
0.874715
0.879033
0.867448
0.877845
0.879791
0.872839
0.882749
0.869752
0.881387
0.868764
0.87019
0.87835
0.86899
0.881628
0.883817
0.869048
0.879113
0.867687
0.8684
0.876954
0.869249
0.879732
0.868977
0.880861
0.883042
0.869447
0.875479
0.882224
0.87136
0.878843
0.875159
0.874528
0.883328
0.869355
0.870688
0.872993
0.879983
0.872536
0.881346
0.871909
0.874937
0.873858
0.88115
0.873222
0.873317
0.878716
0.868363
0.867023
0.866524
0.873581
0.885021
0.87073
0.884715
0.874673
0.88253
0.882849
0.867968
0.874111
0.882338
0.878099
0.873716
0.874759
0.872008
0.884675
0.874828
0.870686
0.883776
0.868879
0.880305
0.879405
0.881871
0.887789
0.879178
0.877558
0.875478
0.86952
0.875804
0.878597
0.873704
0.873688
0.882738
0.874476
0.873256
0.870987
0.875033
0.882744
0.876228
0.868945
0.882104
0.874408
0.882642
0.86982
0.874235
0.868919
0.870058
0.876068
0.878402
0.884326
0.867613
0.868672
0.880542
0.868414
0.870132
0.879914
0.875811
0.878079
0.873801
0.86864
0.875361
0.874206
0.873278
0.880048
0.880453
0.865698
0.866277
0.883576
0.874602
0.873213
0.87139
0.870925
0.883913
0.869672
0.874896
0.871462
0.868834
0.878711
0.870495
0.87569
0.879662
0.869831
0.86773
0.879538
0.872188
0.866513
0.880542
0.870042
0.880398
0.873716
0.883409
0.874163
0.873506
0.881833
0.869803
0.875534
0.880615
0.867619
0.879123
0.881763
0.883608
0.870234
0.883886
0.881173
0.86884
0.867126
0.884875
0.871454
0.87924
0.868889
0.872268
0.867149
0.87864
0.881882
0.882285
0.869735
0.868867
0.869908
0.883622
0.877395
0.876982
0.876959
0.879852
0.87316
0.874272
0.882787
0.878228
0.876236
0.871048
0.877451
0.883153
0.872013
0.883109
0.869785
0.869853
0.873049
0.882447
0.868711
0.876452
0.870471
0.879697
0.882303
0.881615
0.868725
0.87634
0.882716
0.870159
0.87273
0.87437
0.87736
0.883057
0.883226
0.879596
0.879328
0.883508
0.871833
0.874886
0.88353
0.867606
0.878571
0.881061
0.875295
0.878196
0.883729
0.871212
0.86955
0.878867
0.875184
0.882044
0.88434
0.883473
0.872675
0.882419
0.870704
0.880497
0.878373
0.873995
0.872189
0.883568
0.884408
0.870739
0.882166
0.870765
0.867452
0.875765
0.873491
0.871296
0.870936
0.869608
0.879884
0.87215
0.883964
0.872739
0.877794
0.878912
0.88401
0.870383
0.870927
0.869478
0.874806
0.878013
0.873035
0.867167
0.88054
0.885901
0.87339
0.882018
0.881993
0.868301
0.884419
0.883189
0.88364
0.868868
0.870164
0.876739
0.87484
0.869562
0.878736
0.872912
0.881472
0.87887
0.872385
0.871431
0.879239
0.881637
0.870418
0.868847
0.874746
0.8685
0.882776
0.873797
0.885378
0.874327
0.874177
0.883399
0.874272
0.881444
0.872182
0.868296
0.884685
0.869779
0.881391
0.870841
0.872859
0.86856
0.882025
0.870753
0.867932
0.883177
0.884327
0.880487
0.874231
0.875532
0.87604
0.880542
0.872323
0.869598
0.870483
0.883256
0.869808
0.874435
0.878352
0.882696
0.872729
0.883552
0.878804
0.868843
0.874725
0.869958
0.874119
0.868736
0.870041
0.881364
0.883187
0.873076
0.884233
0.873929
0.882294
0.870764
0.874179
0.870449
0.869504
0.869004
0.867653
0.879482
0.879399
0.880768
0.869825
0.879345
0.872385
0.872232
0.872454
0.880338
0.871783
0.877324
0.880576
0.883664
0.884829
0.881724
0.869442
0.885074
0.870043
0.878693
0.874431
0.87232
0.880775
0.884032
0.868176
0.87367
0.880711
0.884588
0.869288
0.88124
0.874202
0.872669
0.878673
0.881699
0.868547
0.86905
0.877135
0.879537
0.868281
0.871211
0.871999
0.873759
0.881774
0.882377
0.879036
0.869366
0.868799
0.876477
0.867146
0.869446
0.869193
0.879529
0.874094
0.880658
0.878143
0.86832
0.877258
0.869833
0.868298
0.874168
0.874976
0.879456
0.875157
0.882681
0.872337
0.870291
0.879288
0.870587
0.88127
0.881401
0.86827
0.883828
0.871373
0.884351
0.867742
0.881265
0.88173
0.874384
0.870804
0.881609
0.874945
0.869826
0.872499
0.880554
0.869977
0.882077
0.869098
0.869902
0.872784
0.868019
0.870974
0.881122
0.872106
0.868226
0.873616
0.867856
0.884626
0.879393
0.884491
0.873094
0.878624
0.88329
0.879954
0.884356
0.879955
0.881961
0.880608
0.882335
0.880657
0.868898
0.880287
0.884248
0.877597
0.870402
0.868149
0.879637
0.872133
0.881942
0.88194
0.873674
0.880411
0.872801
0.8705
0.882265
0.881666
0.870526
0.883603
0.882416
0.874164
0.878929
0.881228
0.881935
0.881458
0.880549
0.883655
0.881558
0.877233
0.880154
0.88185
0.884061
0.880813
0.87822
0.881523
0.874216
0.875902
0.870163
0.882309
0.865996
0.87493
0.868036
0.869965
0.880489
0.887516
0.872039
0.880871
0.874744
0.881069
0.880621
0.880042
0.872662
0.883915
0.882302
0.883503
0.875363
0.881096
0.870172
0.873724
0.870233
0.88076
0.875893
0.886215
0.865421
0.871376
0.882096
0.873152
0.869034
0.875915
0.879203
0.868285
0.873275
0.877455
0.870111
0.86909
0.882888
0.876883
0.876468
0.868811
0.877491
0.879178
0.883749
0.870975
0.873798
0.870024
0.882905
0.883301
0.878972
0.874063
0.867313
0.880473
0.872707
0.8801
0.868875
0.88062
0.88394
0.880394
0.873854
0.882091
0.880664
0.870576
0.876798
0.882186
0.871297
0.869107
0.875363
0.883773
0.869447
0.867512
0.874716
0.869243
0.870878
0.882091
0.879731
0.870562
0.871956
0.87074
0.882021
0.879324
0.884515
0.872632
0.876501
0.870283
0.88181
0.87559
0.881479
0.871119
0.874437
0.879989
0.882261
0.88221
0.869093
0.875831
0.875968
0.869914
0.875617
0.873751
0.880297
0.8793
0.882921
0.878906
0.879344
0.86909
0.872814
0.87044
0.868804
0.87615
0.882237
0.870928
0.881604
0.884728
0.869838
0.880641
0.880176
0.881196
0.869641
0.870113
0.876703
0.871917
0.873399
0.871785
0.886532
0.872026
0.878189
0.875947
0.870725
0.868813
0.885388
0.867417
0.870687
0.880557
0.883804
0.87218
0.878777
0.866781
0.883957
0.872694
0.874987
0.869919
0.877747
0.869059
0.870242
0.879204
0.874984
0.878372
0.877932
0.869739
0.870602
0.870777
0.874068
0.882056
0.868927
0.88034
0.870853
0.873174
0.878292
0.877574
0.875198
0.867061
0.876889
0.868544
0.874694
0.873165
0.866416
0.874107
0.882821
0.883376
0.885787
0.879164
0.8716
0.877507
0.883579
0.871409
0.877391
0.88354
0.881607
0.870204
0.882092
0.86826
0.876648
0.872968
0.869235
0.871381
0.883736
0.873226
0.872774
0.876312
0.870449
0.8741
0.876326
0.864337
0.869826
0.872321
0.879028
0.868306
0.88098
0.869814
0.872996
0.881082
0.879652
0.878359
0.884698
0.868857
0.870319
0.875006
0.874455
0.875379
0.87131
0.873362
0.875958
0.871011
0.870771
0.880364
0.883605
0.885107
0.87311
0.867435
0.882211
0.881507
0.868805
0.877918
0.878518
0.870115
0.882722
0.869226
0.877517
0.882562
0.871102
0.8828
0.885901
0.870426
0.871872
0.876559
0.881117
0.878256
0.867294
0.869563
0.870195
0.874191
0.881757
0.870513
0.883094
0.871025
0.880923
0.870979
0.870853
0.871005
0.88341
0.869958
0.868157
0.869177
0.883021
0.881735
0.872164
0.881917
0.877855
0.886804
0.86972
0.872982
0.872648
0.876433
0.873995
0.878129
0.868484
0.873085
0.882407
0.867365
0.870859
0.883489
0.872964
0.882189
0.885694
0.870865
0.874594
0.873346
0.880671
0.874619
0.873812
0.868385
0.869456
0.868664
0.872556
0.879024
0.881863
0.882259
0.874442
0.879794
0.877667
0.879409
0.883987
0.8789
0.881982
0.883224
0.881203
0.879611
0.867794
0.874748
0.878388
0.884799
0.879083
0.882993
0.871581
0.869845
0.881057
0.874222
0.872457
0.874536
0.875917
0.87306
0.882853
0.872404
0.88431
0.875716
0.868758
0.875674
0.879331
0.869546
0.868009
0.883601
0.868213
0.868498
0.873644
0.866852
0.872147
0.886877
0.867791
0.882245
0.871413
0.882434
0.880847
0.881392
0.870071
0.884069
0.870692
0.879162
0.87548
0.880358
0.873606
0.868186
0.881631
0.868582
0.873092
0.866847
0.884023
0.88141
0.874882
0.879856
0.870747
0.880394
0.879178
0.874487
0.882024
0.870138
0.881272
0.879837
0.871207
0.882027
0.873757
0.866756
0.872752
0.872297
0.882277
0.870099
0.880821
0.869525
0.8659
0.882354
0.874664
0.881701
0.869712
0.873642
0.877096
0.878325
0.883367
0.879454
0.881671
0.880238
0.880004
0.873977
0.881091
0.885117
0.880849
0.879222
0.883191
0.871942
0.86993
0.870156
0.869158
0.874357
0.872433
0.869147
0.883245
0.869351
0.874356
0.87992
0.873512
0.870361
0.876492
0.870809
0.868646
0.870448
0.874367
0.870033
0.876146
0.880842
0.883055
0.871309
0.8683
0.87027
0.871379
0.882316
0.879892
0.87416
0.881141
0.877373
0.869411
0.871208
0.881831
0.869956
0.872058
0.882325
0.874109
0.868009
0.868185
0.872235
0.88125
0.87204
0.873376
0.869966
0.870421
0.872755
0.874341
0.87501
0.885764
0.87383
0.885196
0.871018
0.87162
0.870732
0.874573
0.872978
0.868961
0.872275
0.873248
0.866705
0.867797
0.880955
0.879275
0.880173
0.877728
0.880379
0.879511
0.869965
0.875881
0.871468
0.874166
0.880392
0.874714
0.878711
0.88442
0.881917
0.875775
0.881659
0.883482
0.87955
0.878847
0.866972
0.884402
0.870055
0.87031
0.880373
0.875509
0.884773
0.882607
0.878987
0.876627
0.8795
0.875013
0.884409
0.875002
0.874046
0.879563
0.879246
0.884667
0.876283
0.870621
0.881184
0.879698
0.882351
0.869519
0.868614
0.881968
0.870153
0.870088
0.873477
0.880434
0.870078
0.875368
0.880337
0.881092
0.881728
0.880359
0.869319
0.873216
0.879428
0.883157
0.869083
0.879874
0.873362
0.881741
0.88124
0.872462
0.868625
0.875378
0.877838
0.88125
0.869206
0.878953
0.874735
0.883402
0.872859
0.868802
0.867722
0.866783
0.882489
0.868866
0.882328
0.878914
0.876905
0.869313
0.882554
0.871968
0.867487
0.880261
0.879254
0.870209
0.872285
0.871779
0.880458
0.879264
0.877701
0.877718
0.883925
0.876499
0.878238
0.873473
0.869067
0.881629
0.874589
0.86982
0.877194
0.883462
0.875111
0.881669
0.879839
0.880128
0.874913
0.872459
0.875512
0.86976
0.874525
0.883584
0.882859
0.880509
0.877985
0.873628
0.871356
0.880298
0.872875
0.88187
0.868249
0.884622
0.865368
0.883162
0.867956
0.869186
0.882905
0.878709
0.882624
0.88553
0.868562
0.881259
0.882054
0.877222
0.881236
0.882208
0.883098
0.869932
0.873542
0.877206
0.873685
0.875807
0.86905
0.875774
0.868899
0.8828
0.869229
0.885979
0.871375
0.880303
0.878171
0.872022
0.871479
0.880803
0.873074
0.86913
0.882558
0.868555
0.879974
0.882645
0.873369
0.882996
0.87998
0.880086
0.883933
0.871804
0.881983
0.882016
0.884845
0.879158
0.882273
0.877534
0.867047
0.876538
0.870545
0.883728
0.87162
0.885473
0.871616
0.885109
0.880562
0.884015
0.871287
0.880273
0.867959
0.87036
0.879607
0.879047
0.867347
0.875985
0.868518
0.885561
0.875676
0.87795
0.869849
0.883103
0.868201
0.877667
0.87544
0.867761
0.883901
0.874996
0.874714
0.882635
0.872379
0.87463
0.875387
0.872914
0.882387
0.867971
0.872811
0.868756
0.880257
0.879653
0.883042
0.88214
0.88074
0.868047
0.873351
0.874715
0.875557
0.869985
0.873148
0.878907
0.872168
0.879058
0.877278
0.872946
0.882909
0.868374
0.883446
0.880066
0.881149
0.87631
0.880833
0.8757
0.872962
0.88016
0.874284
0.874596
0.872732
0.866037
0.872986
0.867093
0.878617
0.883422
0.87509
0.874936
0.874073
0.883626
0.879256
0.872545
0.873522
0.882368
0.883126
0.875945
0.882263
0.871904
0.882544
0.884857
0.882575
0.879358
0.885812
0.879149
0.881612
0.872256
0.86637
0.871164
0.87307
0.86978
0.882024
0.873749
0.880734
0.871006
0.870873
0.880652
0.874504
0.875769
0.871433
0.878651
0.874457
0.882463
0.881672
0.868247
0.88297
0.870933
0.867219
0.883432
0.873607
0.871689
0.882158
0.870559
0.868385
0.868368
0.868388
0.878467
0.868753
0.879311
0.868517
0.873561
0.871188
0.871295
0.880888
0.88498
0.86672
0.88131
0.869065
0.871287
0.872692
0.882178
0.879135
0.87742
0.876428
0.873073
0.872388
0.88229
0.870837
0.883312
0.868716
0.883301
0.870108
0.870659
0.872469
0.869496
0.871233
0.883391
0.874953
0.869262
0.869996
0.877824
0.87041
0.881616
0.875786
0.875357
0.883081
0.880197
0.884383
0.869885
0.880952
0.873514
0.869065
0.880102
0.870605
0.873215
0.873528
0.878528
0.883274
0.879335
0.869243
0.88122
0.870064
0.87085
0.874514
0.870789
0.868545
0.867835
0.87939
0.882369
0.881634
0.868423
0.883349
0.869516
0.868048
0.880777
0.881339
0.868876
0.873946
0.879097
0.874203
0.874757
0.867727
0.880477
0.869346
0.882802
0.874432
0.874796
0.869087
0.87208
0.869166
0.869702
0.881563
0.875667
0.879118
0.874246
0.870006
0.872157
0.869727
0.879628
0.874773
0.87585
0.877611
0.873583
0.87315
0.870769
0.870157
0.874476
0.886937
0.868038
0.877422
0.8785
0.877068
0.879626
0.880214
0.872566
0.871386
0.881218
0.868831
0.880269
0.870376
0.874817
0.880823
0.883381
0.87018
0.869107
0.869467
0.875258
0.870356
0.879899
0.870743
0.880379
0.883938
0.874525
0.873036
0.877766
0.884642
0.873006
0.87955
0.883541
0.874655
0.882223
0.873066
0.88282
0.881017
0.869462
0.868984
0.871207
0.880658
0.873889
0.882246
0.871884
0.878027
0.869367
0.882482
0.878847
0.876195
0.883197
0.877702
0.881463
0.883711
0.884122
0.879549
0.877885
0.876903
0.874206
0.867772
0.883544
0.8669
0.877807
0.881624
0.880043
0.869747
0.874696
0.880551
0.869286
0.872664
0.875062
0.86914
0.881336
0.879662
0.881179
0.88466
0.876091
0.868919
0.880605
0.868109
0.881381
0.871345
0.878397
0.881641
0.870642
0.869213
0.881418
0.883663
0.874922
0.882661
0.875375
0.879165
0.865185
0.870035
0.885221
0.870592
0.880992
0.873631
0.878917
0.872328
0.878359
0.880576
0.87153
0.869204
0.880643
0.876633
0.875513
0.874131
0.883435
0.86752
0.872901
0.870472
0.874545
0.868037
0.882143
0.873945
0.875135
0.88163
0.870029
0.872084
0.874709
0.871559
0.882321
0.881814
0.878731
0.873869
0.869925
0.882049
0.870883
0.869473
0.868803
0.874717
0.884157
0.879575
0.882762
0.881902
0.880806
0.873417
0.873743
0.87887
0.867191
0.880986
0.885266
0.868981
0.883647
0.870715
0.88013
0.878661
0.879479
0.874156
0.881345
0.870166
0.879229
0.875239
0.87405
0.882196
0.869508
0.880105
0.868868
0.871137
0.874463
0.873948
0.880292
0.884027
0.873802
0.881396
0.868197
0.879098
0.882591
0.870928
0.870995
0.874972
0.881165
0.885457
0.869072
0.877943
0.869016
0.86958
0.882578
0.872932
0.882525
0.867866
0.867464
0.874882
0.882063
0.881234
0.876473
0.87198
0.880585
0.868748
0.879619
0.882209
0.880636
0.868258
0.874282
0.88092
0.873659
0.881931
0.872315
0.873172
0.87585
0.872497
0.866295
0.880267
0.870411
0.874916
0.866788
0.869949
0.879991
0.877099
0.871161
0.888551
0.873602
0.881339
0.866958
0.870177
0.866416
0.881431
0.871023
0.868681
0.885083
0.88561
0.867703
0.870809
0.882914
0.884434
0.872976
0.872628
0.880726
0.874644
0.870926
0.874861
0.877608
0.870014
0.882881
0.884089
0.870234
0.878804
0.882291
0.881986
0.870133
0.880047
0.88007
0.868663
0.869312
0.868859
0.882743
0.883783
0.87615
0.869265
0.881708
0.88304
0.881099
0.870838
0.86944
0.869955
0.886238
0.872061
0.869345
0.870345
0.880906
0.868059
0.879903
0.869124
0.869252
0.874362
0.881719
0.873205
0.879865
0.879978
0.879804
0.874583
0.870513
0.882443
0.870888
0.881273
0.886732
0.877238
0.88194
0.880486
0.870681
0.878188
0.880877
0.870364
0.867528
0.869026
0.879642
0.884364
0.879509
0.88436
0.873843
0.872032
0.874708
0.870082
0.868301
0.879863
0.868883
0.8797
0.881854
0.8822
0.877106
0.878328
0.875648
0.874727
0.869391
0.880312
0.869274
0.871784
0.875201
0.885441
0.872104
0.870823
0.870943
0.873222
0.875298
0.88017
0.883083
0.869477
0.869919
0.868853
0.871465
0.880214
0.884473
0.879102
0.881949
0.871129
0.871934
0.871106
0.874438
0.878068
0.875756
0.883301
0.870295
0.876458
0.880275
0.868861
0.871197
0.87725
0.880155
0.882492
0.88652
0.883371
0.874753
0.874224
0.875451
0.870136
0.881979
0.882194
0.882944
0.87085
0.870394
0.866166
0.875627
0.875207
0.870352
0.86752
0.875395
0.881938
0.86642
0.871927
0.875067
0.881892
0.872764
0.880859
0.869755
0.881209
0.882855
0.879946
0.881961
0.874137
0.883818
0.874004
0.884188
0.884362
0.882758
0.870902
0.876067
0.871587
0.882216
0.875789
0.882245
0.868833
0.883923
0.881727
0.872862
0.878969
0.879674
0.871916
0.874277
0.881227
0.88114
0.868384
0.866507
0.870115
0.870226
0.864947
0.872981
0.877833
0.875625
0.88352
0.867794
0.871013
0.8713
0.873888
0.880955
0.873171
0.881731
0.870758
0.867204
0.881024
0.871179
0.881473
0.885491
0.869134
0.868754
0.878664
0.872121
0.882657
0.880554
0.871769
0.884565
0.87365
0.867979
0.877905
0.882672
0.879798
0.879086
0.884056
0.875428
0.882391
0.879386
0.87115
0.883227
0.872129
0.880188
0.867449
0.881672
0.880529
0.866559
0.883672
0.878466
0.875008
0.880214
0.880922
0.869149
0.868554
0.881663
0.871134
0.881808
0.873571
0.876207
0.881503
0.877729
0.867102
0.875203
0.880273
0.879585
0.870438
0.878201
0.871329
0.8714
0.877447
0.868589
0.881081
0.869982
0.871504
0.879671
0.882193
0.87067
0.869626
0.868808
0.869717
0.874757
0.881885
0.881375
0.883166
0.883852
0.87382
0.88289
0.88331
0.879195
0.870939
0.885879
0.880924
0.878295
0.869156
0.881454
0.870306
0.879501
0.869714
0.86951
0.876894
0.872981
0.878977
0.867313
0.881845
0.878733
0.869255
0.871082
0.883606
0.872094
0.880413
0.870993
0.882206
0.870852
0.869766
0.868282
0.880774
0.86792
0.875646
0.878866
0.870828
0.87069
0.867732
0.872822
0.883438
0.869668
0.881818
0.871073
0.881103
0.879672
0.88055
0.882406
0.865119
0.875542
0.870677
0.872329
0.880993
0.883261
0.882936
0.868653
0.869766
0.87247
0.871285
0.870573
0.872757
0.880358
0.882291
0.8808
0.869509
0.873098
0.880061
0.881216
0.874674
0.870199
0.883458
0.883649
0.867606
0.873972
0.873984
0.868509
0.87392
0.882611
0.869903
0.876093
0.883744
0.866753
0.881195
0.872104
0.875592
0.867615
0.865636
0.869121
0.882078
0.871197
0.867018
0.868126
0.8796
0.880239
0.882627
0.8733
0.880127
0.874642
0.881728
0.87451
0.881009
0.869467
0.874067
0.867741
0.8755
0.879813
0.88221
0.873163
0.877008
0.882524
0.878799
0.880558
0.870702
0.875894
0.884942
0.869488
0.881436
0.868073
0.883045
0.882134
0.869835
0.873447
0.875231
0.873825
0.88124
0.867733
0.871723
0.8762
0.873904
0.882508
0.883129
0.882575
0.878985
0.880845
0.865648
0.866911
0.881483
0.869314
0.881311
0.87988
0.881971
0.874148
0.868153
0.881577
0.882513
0.879883
0.86989
0.86972
0.872658
0.879123
0.875236
0.88283
0.875126
0.883272
0.875916
0.87302
0.884873
0.881583
0.875475
0.881892
0.877478
0.87322
0.88393
0.871146
0.874931
0.872613
0.88091
0.868623
0.881939
0.871231
0.872326
0.869439
0.873275
0.881855
0.872739
0.876845
0.880954
0.869859
0.869019
0.874678
0.871096
0.883095
0.873804
0.882202
0.870283
0.881377
0.869766
0.881185
0.872358
0.873925
0.874565
0.869834
0.877977
0.880757
0.869964
0.874796
0.872448
0.886092
0.883606
0.88434
0.882446
0.878749
0.876318
0.878879
0.882127
0.874027
0.880719
0.871935
0.874621
0.869182
0.875592
0.875451
0.879222
0.867838
0.868934
0.874392
0.868663
0.88259
0.865306
0.881499
0.885111
0.880736
0.875983
0.885988
0.879536
0.873896
0.870828
0.881363
0.867581
0.875153
0.879654
0.879323
0.873032
0.874484
0.875327
0.87026
0.88077
0.88259
0.878538
0.884001
0.875697
0.870945
0.880501
0.870877
0.878483
0.880615
0.867899
0.874298
0.88183
0.867908
0.880283
0.868259
0.868902
0.873436
0.872786
0.875225
0.874662
0.870002
0.875471
0.883711
0.871309
0.875398
0.869984
0.867936
0.874169
0.881198
0.882603
0.881575
0.877355
0.872664
0.866583
0.879355
0.869006
0.869595
0.871664
0.874779
0.868981
0.872477
0.879802
0.867613
0.874031
0.872238
0.869875
0.868601
0.880215
0.875176
0.882003
0.882925
0.881905
0.869835
0.875676
0.883152
0.884058
0.87269
0.880935
0.880254
0.876231
0.869277
0.881781
0.882057
0.882016
0.869617
0.866372
0.880702
0.881332
0.883635
0.881064
0.869836
0.872099
0.882956
0.880992
0.866801
0.872194
0.878851
0.867271
0.873311
0.874318
0.874001
0.875841
0.875118
0.876518
0.881684
0.870086
0.879637
0.881224
0.871846
0.880003
0.875444
0.882449
0.873972
0.878889
0.868822
0.869186
0.870387
0.868042
0.883282
0.874268
0.870877
0.88311
0.87279
0.882548
0.872267
0.886379
0.879946
0.871005
0.878532
0.884795
0.86911
0.885351
0.87362
0.871047
0.870275
0.87997
0.881636
0.876906
0.869379
0.87922
0.877416
0.869972
0.882373
0.880358
0.881026
0.880633
0.88563
0.871031
0.871488
0.870787
0.881664
0.882935
0.870516
0.881154
0.866562
0.88069
0.874967
0.870081
0.884598
0.88129
0.878512
0.874176
0.879528
0.876334
0.872705
0.875457
0.873879
0.866558
0.881408
0.876262
0.871342
0.877876
0.88342
0.872097
0.874781
0.86858
0.883691
0.868322
0.877644
0.872303
0.875354
0.873938
0.87097
0.884207
0.870675
0.881539
0.874532
0.882662
0.871936
0.875269
0.874683
0.8823
0.875337
0.876257
0.867583
0.878314
0.883549
0.88134
0.873175
0.881472
0.874769
0.87079
0.874491
0.87711
0.870726
0.88117
0.866348
0.867209
0.869639
0.876471
0.88105
0.874853
0.871253
0.870076
0.876277
0.879833
0.874105
0.874368
0.869854
0.882783
0.868148
0.883641
0.883682
0.881087
0.879977
0.871229
0.883049
0.87369
0.86924
0.873879
0.882097
0.884526
0.867338
0.883775
0.875195
0.86922
0.869947
0.871391
0.878619
0.870113
0.879971
0.878242
0.875617
0.870947
0.876101
0.882549
0.880917
0.868506
0.879713
0.878386
0.881672
0.871225
0.880715
0.87891
0.881206
0.88199
0.875739
0.867966
0.86943
0.882334
0.871125
0.88262
0.882719
0.87111
0.87109
0.879942
0.871849
0.881289
0.883861
0.868214
0.867604
0.879237
0.872685
0.873849
0.870355
0.879792
0.869549
0.881364
0.873332
0.882807
0.878675
0.885045
0.881918
0.879065
0.87623
0.883049
0.87764
0.875184
0.883264
0.86735
0.874235
0.874931
0.871818
0.869809
0.871295
0.877626
0.870744
0.872556
0.873025
0.88065
0.873877
0.882432
0.872208
0.870361
0.88405
0.868
0.877733
0.880416
0.869962
0.876545
0.885046
0.881591
0.873467
0.870334
0.879978
0.883046
0.872793
0.882267
0.885074
0.872961
0.871101
0.869492
0.870175
0.867187
0.880051
0.881493
0.869462
0.881821
0.880603
0.880295
0.880582
0.884399
0.868487
0.870262
0.867249
0.872856
0.881914
0.88045
0.88264
0.881319
0.878234
0.874253
0.866432
0.876073
0.882201
0.868368
0.872014
0.877822
0.880864
0.872569
0.870791
0.875264
0.867376
0.867878
0.871041
0.883577
0.88405
0.87549
0.87048
0.872917
0.869508
0.866114
0.876156
0.883389
0.879516
0.874857
0.878955
0.875997
0.875389
0.882551
0.871414
0.868455
0.884711
0.869114
0.871541
0.870829
0.877865
0.877809
0.87606
0.869039
0.87491
0.880283
0.868093
0.881564
0.880364
0.870783
0.867029
0.872762
0.869459
0.880151
0.881286
0.871941
0.88351
0.875573
0.880739
0.8654
0.880009
0.868965
0.868026
0.873053
0.869434
0.873499
0.870995
0.880362
0.880978
0.874714
0.870606
0.873381
0.87293
0.879265
0.88112
0.882399
0.869144
0.87229
0.879434
0.879342
0.884671
0.881142
0.884458
0.875426
0.881994
0.8741
0.875241
0.882163
0.880248
0.880789
0.872657
0.883967
0.876409
0.885114
0.882442
0.869681
0.882383
0.885623
0.874643
0.873864
0.882714
0.868906
0.87917
0.871601
0.868634
0.879392
0.866783
0.867882
0.87639
0.881162
0.874803
0.880933
0.874244
0.878753
0.868863
0.869546
0.867102
0.875414
0.875918
0.869543
0.883515
0.88294
0.877026
0.866577
0.868854
0.885018
0.883194
0.879779
0.883725
0.879968
0.879897
0.873228
0.879058
0.872898
0.873264
0.871369
0.870809
0.875485
0.87144
0.871181
0.883926
0.872033
0.869987
0.881906
0.868698
0.882257
0.883203
0.874939
0.881172
0.877235
0.878288
0.870615
0.881546
0.876487
0.880614
0.878698
0.871059
0.869972
0.883932
0.874637
0.870146
0.880145
0.870435
0.881407
0.870916
0.869249
0.878793
0.872464
0.875085
0.883507
0.869969
0.868569
0.873394
0.880044
0.882507
0.869249
0.879927
0.872957
0.882326
0.869148
0.883166
0.869653
0.880713
0.87251
0.882002
0.873097
0.867479
0.882612
0.868016
0.881395
0.880088
0.879833
0.87897
0.879237
0.88076
0.878787
0.879762
0.875681
0.882733
0.870779
0.86813
0.884162
0.876434
0.886381
0.880756
0.872722
0.873237
0.876549
0.881836
0.880227
0.883678
0.876716
0.86729
0.881849
0.869431
0.871544
0.872182
0.873955
0.875162
0.873843
0.868311
0.869924
0.88398
0.872346
0.882577
0.870517
0.868715
0.881476
0.872891
0.881477
0.880443
0.869009
0.882374
0.882791
0.870486
0.87412
0.881849
0.872516
0.869562
0.884035
0.884181
0.884311
0.884061
0.879858
0.873329
0.873179
0.87119
0.882361
0.879987
0.88181
0.86899
0.87202
0.870441
0.881517
0.865871
0.870052
0.874719
0.882524
0.880198
0.873138
0.879677
0.8712
0.866992
0.866819
0.871284
0.882509
0.870322
0.869484
0.87384
0.880144
0.880382
0.882033
0.875494
0.883843
0.87297
0.869216
0.8811
0.879417
0.870474
0.882007
0.874012
0.885076
0.870518
0.871023
0.881708
0.879464
0.884393
0.881657
0.880252
0.875137
0.880312
0.883615
0.88167
0.874248
0.873186
0.879077
0.878866
0.883638
0.882572
0.872704
0.868335
0.879788
0.882534
0.870911
0.881764
0.87248
0.870343
0.883958
0.881195
0.876725
0.882771
0.880483
0.875641
0.870409
0.86881
0.877977
0.884146
0.880953
0.87225
0.882133
0.873814
0.883867
0.881877
0.87973
0.880314
0.880774
0.884026
0.866976
0.881587
0.878315
0.878377
0.870206
0.867321
0.869976
0.88491
0.867966
0.8843
0.873514
0.872648
0.883112
0.867838
0.883155
0.877826
0.877754
0.881229
0.878219
0.884385
0.88236
0.872784
0.879823
0.8665
0.870222
0.871833
0.88364
0.87044
0.882476
0.885583
0.871651
0.881935
0.868212
0.870821
0.868036
0.883374
0.880055
0.881725
0.881085
0.868755
0.881984
0.87488
0.882168
0.878855
0.8751
0.881466
0.871468
0.87042
0.874345
0.871084
0.872277
0.872083
0.871935
0.880465
0.882632
0.881774
0.881487
0.867501
0.8815
0.883431
0.867597
0.880773
0.874003
0.88412
0.874794
0.879763
0.877488
0.878613
0.881939
0.8691
0.882151
0.883589
0.868196
0.879955
0.879761
0.8793
0.8731
0.88347
0.882798
0.870356
0.868924
0.868258
0.881324
0.877477
0.871092
0.880912
0.867967
0.871858
0.881412
0.879664
0.868663
0.879789
0.869672
0.871377
0.879851
0.87569
0.878975
0.879677
0.884568
0.869589
0.881776
0.883482
0.882739
0.883767
0.874504
0.867593
0.879115
0.882345
0.867696
0.882243
0.880642
0.870004
0.876858
0.882432
0.869398
0.872757
0.872585
0.879414
0.883938
0.870241
0.882283
0.868664
0.868517
0.868497
0.878258
0.877126
0.87393
0.879946
0.879621
0.874551
0.871816
0.874103
0.87447
0.867918
0.870573
0.880169
0.865836
0.873524
0.881585
0.873313
0.881625
0.880678
0.881566
0.871829
0.874925
0.870954
0.884442
0.882998
0.874434
0.871408
0.881228
0.880603
0.882731
0.872105
0.882066
0.868241
0.871518
0.879325
0.875888
0.870237
0.885253
0.878576
0.882317
0.880387
0.883413
0.883618
0.869574
0.871186
0.881612
0.870535
0.873497
0.879774
0.881999
0.86804
0.86897
0.881855
0.88127
0.87492
0.872236
0.870904
0.877217
0.879409
0.874088
0.86909
0.873424
0.87968
0.881531
0.872677
0.882239
0.86954
0.884538
0.875453
0.880298
0.876586
0.874967
0.878946
0.880767
0.88464
0.869556
0.880492
0.869192
0.880828
0.883136
0.879005
0.870043
0.880508
0.874969
0.870355
0.880194
0.873782
0.879477
0.867919
0.884034
0.879726
0.879656
0.883096
0.882013
0.881618
0.87975
0.871658
0.880318
0.883109
0.875789
0.880094
0.877183
0.879526
0.88186
0.868694
0.874331
0.882714
0.883298
0.876193
0.868667
0.87236
0.880074
0.871756
0.872514
0.873926
0.865933
0.881931
0.88043
0.874824
0.873683
0.8796
0.870076
0.881759
0.875368
0.867326
0.869465
0.876863
0.876124
0.880096
0.882004
0.871744
0.870446
0.868771
0.879733
0.869956
0.880124
0.879923
0.88207
0.869091
0.870313
0.882871
0.867816
0.878999
0.869481
0.868764
0.87056
0.872128
0.87364
0.869477
0.876337
0.878826
0.884041
0.879943
0.867224
0.869362
0.880857
0.876425
0.873652
0.884172
0.873948
0.883624
0.878239
0.875711
0.870161
0.881393
0.866534
0.87865
0.883016
0.882372
0.873969
0.881903
0.875826
0.868049
0.881578
0.868209
0.871465
0.883037
0.86628
0.876617
0.875327
0.874957
0.877679
0.881251
0.87792
0.880619
0.878728
0.882513
0.881172
0.881064
0.882705
0.870804
0.871068
0.866122
0.871265
0.869448
0.873833
0.874303
0.881009
0.877217
0.879099
0.872255
0.885118
0.868224
0.881713
0.873775
0.881507
0.879924
0.883398
0.872189
0.878845
0.869093
0.882151
0.874172
0.868634
0.868235
0.867975
0.87036
0.882204
0.881203
0.882817
0.871511
0.86872
0.881923
0.867985
0.88259
0.871898
0.872542
0.885385
0.878634
0.88199
0.869987
0.877567
0.879527
0.873587
0.868198
0.87142
0.86692
0.874287
0.883351
0.877283
0.879552
0.881386
0.869031
0.86931
0.874766
0.874201
0.877774
0.881709
0.872396
0.880367
0.883108
0.870878
0.876101
0.868564
0.868514
0.87147
0.87434
0.871267
0.874946
0.875647
0.883131
0.885761
0.878338
0.868265
0.878697
0.886058
0.868156
0.873952
0.871218
0.86797
0.877032
0.882017
0.882844
0.882961
0.879313
0.875332
0.874715
0.881329
0.881539
0.873782
0.87247
0.871555
0.88368
0.86927
0.868751
0.871743
0.881205
0.88181
0.870472
0.87903
0.878583
0.879425
0.873274
0.875218
0.880974
0.869788
0.879664
0.870346
0.875949
0.867826
0.876979
0.881924
0.871989
0.886478
0.878942
0.869969
0.881722
0.877708
0.872956
0.881913
0.873771
0.879311
0.869346
0.882469
0.869134
0.881164
0.86836
0.880798
0.88223
0.871179
0.884107
0.872151
0.875028
0.881939
0.873624
0.882799
0.879917
0.867554
0.872817
0.870107
0.884167
0.880705
0.872831
0.86881
0.873163
0.869728
0.867894
0.880043
0.873124
0.869462
0.864918
0.877737
0.881939
0.880941
0.879771
0.880057
0.869586
0.869192
0.870376
0.869154
0.874515
0.875177
0.880013
0.87152
0.87072
0.873354
0.873708
0.869509
0.86946
0.883493
0.875238
0.884974
0.884575
0.876072
0.873862
0.882057
0.882701
0.868709
0.882867
0.880456
0.874165
0.885122
0.881332
0.868228
0.879988
0.87926
0.869808
0.869882
0.88014
0.868401
0.881145
0.879542
0.870189
0.871415
0.880398
0.872937
0.881322
0.875738
0.869962
0.879639
0.883677
0.869691
0.870089
0.87023
0.88105
0.882717
0.86889
0.875264
0.86869
0.880797
0.8757
0.868471
0.881624
0.883051
0.871467
0.868152
0.883813
0.877863
0.885051
0.874932
0.87096
0.88246
0.875336
0.874674
0.871707
0.881885
0.869601
0.881984
0.873358
0.880092
0.869082
0.868318
0.883827
0.882627
0.87894
0.872409
0.881787
0.876208
0.873594
0.882103
0.868624
0.872297
0.881293
0.880276
0.867143
0.871163
0.868607
0.870604
0.875419
0.88354
0.884318
0.871454
0.868895
0.880778
0.875496
0.882421
0.875108
0.871048
0.87416
0.870543
0.874174
0.876841
0.881717
0.870396
0.882531
0.882534
0.871053
0.880462
0.877187
0.873202
0.883801
0.882663
0.879022
0.873067
0.878522
0.869369
0.86992
0.873788
0.883017
0.872056
0.881145
0.878097
0.880623
0.878366
0.871313
0.87576
0.873825
0.873378
0.883165
0.87966
0.873612
0.871695
0.870043
0.878806
0.869762
0.869328
0.867969
0.879148
0.875101
0.868252
0.870656
0.883291
0.880744
0.882967
0.87776
0.869245
0.872013
0.880988
0.876482
0.876119
0.866668
0.875967
0.869783
0.881866
0.87423
0.880522
0.870122
0.877622
0.883224
0.868968
0.88211
0.872743
0.875268
0.879326
0.879167
0.875392
0.884244
0.871407
0.875895
0.884701
0.882886
0.88308
0.869529
0.877064
0.872259
0.868819
0.880394
0.883375
0.876339
0.880846
0.868653
0.86909
0.875073
0.87514
0.880997
0.871299
0.882438
0.870625
0.872624
0.874101
0.868626
0.881786
0.879043
0.879819
0.878668
0.868954
0.884062
0.879363
0.869037
0.869066
0.878497
0.871336
0.879196
0.878117
0.872219
0.878446
0.870131
0.881003
0.874751
0.882567
0.876439
0.871212
0.869158
0.876924
0.869282
0.884459
0.876571
0.880153
0.880883
0.871248
0.868138
0.869834
0.877485
0.887419
0.882642
0.87103
0.879138
0.870781
0.877853
0.869681
0.880175
0.884228
0.88197
0.874629
0.8841
0.870757
0.885911
0.868996
0.872874
0.866219
0.869609
0.865812
0.88463
0.871167
0.871893
0.870062
0.883215
0.870159
0.883793
0.870215
0.882484
0.878446
0.874511
0.866954
0.879947
0.881605
0.869111
0.869325
0.878974
0.880726
0.882346
0.869403
0.87097
0.880325
0.870297
0.878331
0.874058
0.883121
0.878995
0.878491
0.881502
0.866149
0.884034
0.86942
0.878049
0.880833
0.869636
0.875108
0.870422
0.874736
0.881197
0.880085
0.883346
0.880947
0.882356
0.87536
0.878867
0.881841
0.879685
0.873778
0.871646
0.877848
0.870432
0.872416
0.869173
0.879266
0.87705
0.870798
0.874356
0.878019
0.868092
0.883118
0.874086
0.874587
0.867172
0.868527
0.883369
0.884445
0.873276
0.868988
0.873186
0.881749
0.872443
0.870523
0.879725
0.869044
0.869594
0.870828
0.880165
0.880697
0.86939
0.869729
0.879537
0.884162
0.879963
0.870375
0.880372
0.88254
0.88268
0.870576
0.869435
0.881348
0.866253
0.871458
0.865841
0.882117
0.8697
0.879593
0.882405
0.882656
0.879819
0.868991
0.881348
0.882066
0.872287
0.879748
0.879164
0.882477
0.870608
0.879925
0.883695
0.869949
0.869813
0.868181
0.869828
0.880989
0.878924
0.868345
0.879331
0.869361
0.880251
0.867966
0.881363
0.876888
0.869127
0.885858
0.88182
0.873549
0.881398
0.875073
0.879945
0.86774
0.872844
0.869028
0.867676
0.872693
0.868613
0.871373
0.870836
0.880216
0.880495
0.881434
0.882941
0.884552
0.880809
0.87934
0.878219
0.874125
0.867389
0.866347
0.872469
0.868733
0.875811
0.869225
0.869436
0.874179
0.869453
0.878464
0.878399
0.883456
0.868341
0.868909
0.876922
0.872442
0.874244
0.883649
0.866913
0.869396
0.879112
0.879341
0.87249
0.878638
0.881751
0.869075
0.870325
0.884397
0.882907
0.883364
0.874038
0.882876
0.880643
0.868522
0.870797
0.879039
0.874776
0.883723
0.870279
0.878029
0.878941
0.8691
0.871579
0.869238
0.874595
0.881219
0.875869
0.868756
0.867155
0.87826
0.878005
0.875916
0.876356
0.882465
0.872608
0.875576
0.879794
0.880206
0.871081
0.877035
0.882031
0.879857
0.876696
0.880893
0.873753
0.873408
0.880349
0.871551
0.870832
0.876095
0.873879
0.87811
0.880042
0.874535
0.876747
0.88368
0.881937
0.877688
0.874062
0.882269
0.872084
0.877771
0.87872
0.866464
0.880029
0.871192
0.882978
0.875974
0.872579
0.873031
0.882213
0.873008
0.883956
0.880864
0.880616
0.874478
0.882484
0.880122
0.867081
0.884333
0.874055
0.881025
0.876365
0.865405
0.885368
0.871513
0.873205
0.876449
0.88599
0.878595
0.880993
0.868358
0.871598
0.882521
0.881157
0.882373
0.88152
0.877233
0.868907
0.871176
0.870767
0.867693
0.870074
0.873125
0.878161
0.883705
0.882357
0.876679
0.869466
0.869579
0.870183
0.880567
0.872701
0.875566
0.876665
0.870239
0.869629
0.87197
0.875203
0.882932
0.871767
0.879891
0.874543
0.873583
0.870271
0.881826
0.880845
0.882921
0.884165
0.880476
0.86792
0.868964
0.875544
0.880339
0.873422
0.875056
0.868892
0.881627
0.868909
0.867778
0.871574
0.868031
0.868685
0.872208
0.869486
0.879281
0.880065
0.873266
0.874429
0.882196
0.87095
0.883583
0.88011
0.874773
0.874802
0.882953
0.883749
0.873018
0.881628
0.867935
0.871406
0.871799
0.871458
0.883825
0.876334
0.879364
0.870015
0.875832
0.882627
0.879506
0.873726
0.865905
0.870171
0.87282
0.872922
0.882452
0.871886
0.86898
0.866906
0.881044
0.879862
0.871737
0.878185
0.870176
0.879907
0.871507
0.878241
0.873795
0.883669
0.873229
0.879273
0.879023
0.883031
0.883264
0.882728
0.87924
0.880302
0.872717
0.880865
0.877174
0.878809
0.884396
0.882798
0.877943
0.874241
0.871578
0.882524
0.881144
0.8685
0.88602
0.874892
0.872727
0.881813
0.869095
0.874057
0.877278
0.883213
0.874761
0.868731
0.877423
0.869271
0.871943
0.877152
0.873986
0.867564
0.883178
0.871158
0.869643
0.880095
0.879987
0.875553
0.882735
0.871089
0.873578
0.871212
0.878294
0.872928
0.881159
0.871187
0.876555
0.875873
0.868796
0.878205
0.880878
0.86724
0.875494
0.880739
0.877011
0.879606
0.866917
0.870536
0.870785
0.879879
0.869727
0.878574
0.882826
0.88287
0.883268
0.870603
0.867124
0.867933
0.869101
0.876967
0.882905
0.883715
0.870189
0.875647
0.885437
0.879634
0.867925
0.872068
0.879333
0.874723
0.878502
0.883274
0.877464
0.876345
0.873723
0.874653
0.869515
0.868072
0.873987
0.880901
0.874736
0.882729
0.875155
0.879562
0.870427
0.869366
0.87009
0.867759
0.880833
0.871124
0.86903
0.881214
0.875203
0.879673
0.870337
0.865913
0.881424
0.884234
0.881669
0.872438
0.882996
0.870034
0.873306
0.882301
0.880249
0.881205
0.872367
0.880664
0.868969
0.882716
0.884466
0.879867
0.881433
0.880277
0.879943
0.882044
0.875836
0.871735
0.883825
0.87949
0.882953
0.875359
0.880144
0.881118
0.88108
0.868913
0.87736
0.871951
0.875254
0.876189
0.875821
0.871155
0.87234
0.869629
0.882039
0.878551
0.87935
0.881088
0.87535
0.876359
0.886099
0.873795
0.869564
0.869138
0.874493
0.87977
0.874552
0.87636
0.866139
0.872439
0.865297
0.876224
0.865053
0.873966
0.883582
0.871099
0.867384
0.872193
0.86965
0.881347
0.873655
0.882539
0.871878
0.881043
0.870346
0.87339
0.869141
0.879042
0.872373
0.883703
0.872221
0.870544
0.870997
0.884355
0.883332
0.872116
0.874351
0.883313
0.870061
0.883749
0.876438
0.881083
0.883064
0.882516
0.882217
0.8684
0.87248
0.882659
0.871037
0.878572
0.868837
0.879247
0.880333
0.870756
0.866875
0.870166
0.870072
0.867723
0.878924
0.87372
0.86692
0.874574
0.879878
0.869582
0.867377
0.868138
0.881741
0.87247
0.876566
0.867963
0.882818
0.883764
0.868488
0.875741
0.88019
0.88291
0.874907
0.88013
0.885516
0.881967
0.884935
0.884242
0.8721
0.867906
0.879244
0.877188
0.875665
0.880205
0.87734
0.884312
0.879612
0.870779
0.869864
0.880157
0.88224
0.880797
0.86964
0.881311
0.878979
0.871823
0.867413
0.87104
0.879362
0.87019
0.868458
0.868929
0.882079
0.868896
0.875039
0.884131
0.882752
0.868212
0.880664
0.8712
0.885652
0.870058
0.870557
0.871488
0.870711
0.871596
0.869129
0.879687
0.880134
0.872139
0.871779
0.878735
0.869283
0.873232
0.879114
0.883217
0.88452
0.880717
0.883695
0.880457
0.881362
0.870443
0.868933
0.8733
0.881777
0.870978
0.869162
0.86801
0.882658
0.869397
0.88052
0.869932
0.878747
0.867965
0.875948
0.873511
0.879731
0.867691
0.882758
0.880267
0.871001
0.874182
0.868316
0.882928
0.882279
0.880663
0.871443
0.873
0.871198
0.867847
0.872188
0.869283
0.87457
0.886257
0.872694
0.880687
0.880738
0.870144
0.880905
0.870185
0.875621
0.875054
0.869554
0.873868
0.883023
0.880411
0.881632
0.869511
0.868979
0.870386
0.882941
0.866883
0.870394
0.882121
0.876552
0.88065
0.870579
0.872677
0.867902
0.874602
0.866595
0.877345
0.878027
0.872862
0.875259
0.869337
0.879331
0.877517
0.88284
0.881735
0.871019
0.879657
0.875221
0.873874
0.878223
0.880082
0.875041
0.882625
0.868279
0.881586
0.87582
0.877786
0.875188
0.869376
0.882827
0.871103
0.880589
0.869245
0.885399
0.877656
0.867818
0.869352
0.881074
0.880675
0.873572
0.867489
0.868583
0.885931
0.884242
0.878928
0.873536
0.8824
0.883014
0.883206
0.880907
0.87916
0.874541
0.88055
0.870797
0.882237
0.8694
0.875074
0.873339
0.868895
0.873819
0.869724
0.885649
0.871337
0.873721
0.876185
0.884039
0.871251
0.877807
0.881092
0.868458
0.879127
0.881143
0.871625
0.875038
0.874838
0.869371
0.88222
0.882959
0.865918
0.880605
0.869899
0.882244
0.881382
0.882973
0.868257
0.879219
0.872784
0.885164
0.870347
0.883074
0.885594
0.884365
0.875179
0.885038
0.884901
0.88316
0.86989
0.870251
0.880851
0.879073
0.866815
0.869936
0.878334
0.881909
0.869972
0.88018
0.873616
0.87527
0.86817
0.880153
0.874145
0.881851
0.871756
0.87905
0.867637
0.868288
0.880512
0.866722
0.868612
0.873647
0.870873
0.870548
0.884168
0.874967
0.867538
0.870408
0.879533
0.881806
0.880004
0.868204
0.866578
0.871167
0.870796
0.875039
0.880339
0.872403
0.870234
0.881179
0.879755
0.881314
0.873114
0.871023
0.881521
0.870252
0.870713
0.883567
0.874461
0.878628
0.87992
0.88012
0.879166
0.869764
0.879471
0.872303
0.872842
0.883345
0.881525
0.869435
0.868827
0.875026
0.882264
0.873449
0.879841
0.882743
0.868938
0.878922
0.884022
0.875711
0.878629
0.879382
0.869324
0.881614
0.876456
0.870369
0.877502
0.867379
0.867803
0.872337
0.866356
0.874906
0.866472
0.872527
0.870591
0.883955
0.881299
0.882367
0.885339
0.878799
0.883516
0.868516
0.884651
0.873554
0.868085
0.871647
0.875187
0.868105
0.873104
0.872172
0.877137
0.879655
0.871481
0.881866
0.877617
0.872406
0.883779
0.873195
0.882077
0.873351
0.873786
0.876177
0.868087
0.883439
0.881503
0.867394
0.8803
0.882673
0.884673
0.881617
0.873414
0.878863
0.883185
0.88264
0.883661
0.869104
0.873254
0.883991
0.871441
0.877965
0.880963
0.877746
0.88009
0.874426
0.874454
0.874103
0.872126
0.873669
0.883127
0.874436
0.870879
0.883405
0.883221
0.869005
0.884341
0.874077
0.876052
0.871025
0.879824
0.87137
0.867157
0.872675
0.869491
0.881928
0.883242
0.877088
0.882838
0.87998
0.881865
0.867457
0.87309
0.876834
0.874271
0.870492
0.872174
0.870912
0.870938
0.875077
0.869245
0.880091
0.871751
0.871958
0.876034
0.879731
0.874321
0.874045
0.869466
0.868779
0.88219
0.883297
0.882703
0.870463
0.874608
0.875904
0.882036
0.875178
0.871854
0.874247
0.879848
0.871722
0.866803
0.880282
0.869617
0.881649
0.869915
0.883654
0.872663
0.870339
0.881603
0.869573
0.870354
0.869268
0.876198
0.881114
0.881958
0.883299
0.883389
0.882348
0.872942
0.883738
0.873656
0.870233
0.874015
0.882403
0.879621
0.870454
0.883787
0.880241
0.876978
0.879604
0.874018
0.869863
0.874711
0.873655
0.883667
0.868749
0.867795
0.882049
0.870266
0.87596
0.869578
0.881252
0.87768
0.879642
0.880646
0.877741
0.882046
0.8813
0.870639
0.869732
0.874049
0.870084
0.880554
0.872435
0.874894
0.868213
0.875552
0.871597
0.883816
0.874239
0.880238
0.875178
0.867779
0.879739
0.883142
0.869806
0.879191
0.878977
0.880686
0.88322
0.869982
0.884061
0.867362
0.877425
0.874022
0.877154
0.881502
0.867111
0.882806
0.868982
0.871679
0.881895
0.879488
0.880191
0.874029
0.873306
0.873161
0.870536
0.8857
0.876437
0.871979
0.869623
0.874443
0.872465
0.870594
0.881864
0.883243
0.868524
0.8807
0.883839
0.881528
0.87527
0.875447
0.872297
0.875887
0.883193
0.876091
0.875426
0.870153
0.881386
0.874258
0.878414
0.872625
0.87061
0.883589
0.884307
0.869033
0.870166
0.874988
0.87447
0.87502
0.882942
0.88285
0.883361
0.878719
0.873687
0.875651
0.882145
0.876328
0.883854
0.87701
0.8802
0.879109
0.873902
0.869702
0.876809
0.880716
0.86763
0.882613
0.866929
0.869579
0.871532
0.876283
0.869491
0.869125
0.881698
0.882626
0.868171
0.870362
0.870775
0.877837
0.868754
0.869008
0.881757
0.873666
0.871429
0.872347
0.868691
0.879066
0.873937
0.877644
0.871721
0.88055
0.881502
0.874816
0.870747
0.876303
0.873984
0.869694
0.868191
0.880142
0.870036
0.878007
0.886309
0.882169
0.87971
0.869546
0.882254
0.878507
0.878828
0.878454
0.868776
0.865808
0.870764
0.868036
0.882111
0.880211
0.873013
0.869079
0.871103
0.880729
0.880968
0.875249
0.876648
0.877634
0.869403
0.871487
0.87368
0.879563
0.87128
0.867675
0.883675
0.880669
0.876016
0.882779
0.876204
0.871952
0.880873
0.868223
0.869477
0.878698
0.885076
0.885286
0.879432
0.868685
0.870009
0.882375
0.885367
0.881458
0.884508
0.874155
0.872647
0.871226
0.884234
0.870499
0.881904
0.886062
0.873108
0.872991
0.883648
0.881866
0.879298
0.877754
0.870646
0.878429
0.869143
0.872428
0.86819
0.884222
0.869069
0.878994
0.874115
0.868143
0.869291
0.881637
0.872204
0.881959
0.868192
0.870204
0.87895
0.87988
0.871766
0.869395
0.88235
0.882626
0.882155
0.868924
0.874084
0.882649
0.868795
0.883252
0.869507
0.867265
0.880507
0.867428
0.875069
0.88497
0.87075
0.87783
0.881843
0.86912
0.877333
0.879845
0.86874
0.880947
0.868814
0.873275
0.884354
0.875257
0.86897
0.875097
0.874824
0.881342
0.882209
0.876894
0.875914
0.879751
0.876134
0.870172
0.873591
0.875955
0.869319
0.872458
0.871131
0.869225
0.879691
0.870721
0.878923
0.870309
0.874182
0.868619
0.876399
0.882245
0.88219
0.881727
0.883303
0.880423
0.870761
0.882309
0.878481
0.866478
0.872373
0.875547
0.877509
0.869848
0.885262
0.881384
0.880858
0.870146
0.877511
0.880822
0.874939
0.871786
0.881962
0.869723
0.873495
0.869047
0.881887
0.876521
0.876558
0.867783
0.880886
0.867908
0.885285
0.871539
0.885076
0.881044
0.869276
0.871362
0.878068
0.869907
0.883433
0.881083
0.875437
0.868992
0.86962
0.872432
0.880644
0.878114
0.880053
0.87572
0.872057
0.884265
0.876338
0.871718
0.877977
0.8818
0.868887
0.870891
0.881812
0.868694
0.881135
0.883636
0.876904
0.883458
0.885239
0.880737
0.878543
0.881507
0.873314
0.874459
0.883814
0.877809
0.874481
0.87857
0.868845
0.882586
0.880811
0.880143
0.87141
0.880944
0.867967
0.870487
0.870126
0.88304
0.877323
0.879618
0.877386
0.870638
0.876706
0.871985
0.873764
0.870206
0.879194
0.878199
0.878897
0.882841
0.86914
0.879991
0.883962
0.878363
0.884507
0.885004
0.880207
0.872338
0.870935
0.873092
0.875341
0.87304
0.88144
0.880506
0.87948
0.882276
0.868214
0.867693
0.876176
0.879877
0.877304
0.881942
0.871141
0.883029
0.873965
0.873665
0.874176
0.87568
0.879045
0.881522
0.884565
0.872822
0.871191
0.870982
0.874612
0.882186
0.874772
0.881243
0.870267
0.883173
0.874629
0.87391
0.872372
0.874102
0.878503
0.882286
0.883328
0.881144
0.88096
0.882039
0.882447
0.881079
0.885287
0.876318
0.87487
0.875848
0.867885
0.879284
0.874896
0.872284
0.878202
0.882758
0.882049
0.881582
0.873901
0.879956
0.873206
0.871748
0.883299
0.869334
0.879164
0.872008
0.880115
0.882251
0.882559
0.87316
0.870264
0.872642
0.883298
0.873966
0.876802
0.87454
0.881342
0.879278
0.870247
0.867432
0.869378
0.880674
0.869605
0.867855
0.869616
0.869567
0.877158
0.883
0.870264
0.883138
0.871976
0.881727
0.871161
0.875
0.872282
0.868953
0.882283
0.866502
0.869092
0.880745
0.869664
0.87043
0.867341
0.87265
0.874124
0.875955
0.881621
0.882809
0.866087
0.873706
0.880525
0.879274
0.869552
0.868996
0.866123
0.867632
0.884477
0.874758
0.867883
0.879574
0.873786
0.872413
0.882016
0.882163
0.87405
0.868269
0.883296
0.874752
0.872712
0.868623
0.880657
0.882857
0.881808
0.87148
0.881396
0.877441
0.875262
0.87847
0.880785
0.882884
0.882565
0.880062
0.87936
0.86663
0.881214
0.88585
0.88202
0.868144
0.87463
0.870661
0.872676
0.882553
0.88183
0.878405
0.882992
0.880811
0.880214
0.880848
0.872566
0.876526
0.873028
0.883383
0.877803
0.867494
0.873866
0.874768
0.875042
0.870687
0.870789
0.883437
0.876941
0.880947
0.872907
0.88247
0.875594
0.880889
0.873949
0.871204
0.880821
0.86814
0.869832
0.868541
0.881797
0.868692
0.88086
0.872241
0.868865
0.877642
0.876389
0.872688
0.882577
0.883741
0.882771
0.8733
0.871241
0.875535
0.882637
0.872383
0.883463
0.880344
0.872348
0.869892
0.884316
0.869022
0.868986
0.86759
0.881366
0.884153
0.879941
0.880862
0.869971
0.881041
0.875135
0.878841
0.872538
0.873433
0.873351
0.884766
0.881596
0.883038
0.878202
0.877158
0.881696
0.875212
0.867126
0.873505
0.872761
0.873559
0.882954
0.877655
0.872489
0.871524
0.885412
0.869251
0.871159
0.871694
0.873407
0.86925
0.880103
0.875742
0.879504
0.875305
0.883263
0.878183
0.8754
0.88021
0.870411
0.883005
0.875266
0.881743
0.871825
0.869846
0.870718
0.874084
0.869212
0.874404
0.883528
0.874991
0.880325
0.86933
0.871951
0.86924
0.884471
0.869301
0.871642
0.88246
0.873599
0.875828
0.880276
0.88298
0.880799
0.869666
0.882492
0.871743
0.875868
0.8745
0.868557
0.881715
0.867596
0.875915
0.874232
0.869433
0.882395
0.875243
0.880209
0.881005
0.885889
0.872057
0.86802
0.881944
0.88089
0.869172
0.871517
0.867433
0.884556
0.870194
0.88208
0.881134
0.881484
0.881049
0.882247
0.882156
0.879531
0.868735
0.870208
0.883647
0.870213
0.871025
0.870824
0.878565
0.882628
0.883071
0.868829
0.867055
0.869525
0.881796
0.878865
0.884217
0.869872
0.872797
0.86808
0.869206
0.882339
0.880061
0.883335
0.882154
0.875096
0.874885
0.878777
0.884285
0.883425
0.872565
0.881594
0.869411
0.871386
0.881231
0.873073
0.880408
0.87332
0.869478
0.869333
0.872414
0.881174
0.881289
0.875154
0.869418
0.873054
0.86992
0.878298
0.881578
0.87952
0.883081
0.881585
0.881823
0.869909
0.883202
0.877547
0.880965
0.866725
0.869845
0.883711
0.870451
0.88089
0.874916
0.870306
0.872814
0.883324
0.883684
0.874237
0.869371
0.880937
0.876439
0.877308
0.870616
0.879801
0.883496
0.882978
0.868868
0.872323
0.875029
0.878014
0.882237
0.869903
0.869215
0.872456
0.879337
0.875304
0.878072
0.873504
0.868517
0.875797
0.880119
0.868541
0.874985
0.875358
0.875329
0.868874
0.879987
0.876134
0.882643
0.868715
0.879351
0.874605
0.881421
0.884159
0.87038
0.873493
0.87096
0.87209
0.881457
0.87133
0.878354
0.879674
0.879383
0.868311
0.869556
0.883298
0.883586
0.86833
0.871472
0.871293
0.874951
0.883074
0.875374
0.882205
0.867195
0.884289
0.879551
0.881608
0.880429
0.872459
0.883521
0.870458
0.873453
0.881182
0.874752
0.875109
0.873007
0.874335
0.871069
0.882394
0.86741
0.881588
0.877634
0.870355
0.884414
0.876695
0.869387
0.876698
0.86818
0.883452
0.877951
0.884101
0.869807
0.879123
0.867633
0.875725
0.877574
0.881192
0.879536
0.8739
0.86929
0.870538
0.877643
0.868922
0.869699
0.871328
0.87921
0.882405
0.8833
0.879887
0.867701
0.882859
0.881835
0.885442
0.870837
0.882538
0.869848
0.881779
0.88195
0.873234
0.87254
0.880591
0.870936
0.879717
0.867698
0.876792
0.881443
0.883783
0.881457
0.882057
0.869639
0.874243
0.882028
0.8659
0.881843
0.870368
0.880243
0.868956
0.872236
0.885176
0.885597
0.871608
0.882168
0.884344
0.880086
0.872511
0.869377
0.873427
0.882559
0.872178
0.870885
0.867095
0.883763
0.881046
0.874847
0.86986
0.880199
0.882623
0.870572
0.878657
0.871474
0.869097
0.868079
0.875098
0.869866
0.880126
0.871723
0.869085
0.875776
0.871176
0.867228
0.870166
0.87958
0.882589
0.882287
0.870647
0.868819
0.87134
0.881225
0.869942
0.87122
0.868352
0.870884
0.876279
0.88314
0.880674
0.875046
0.869186
0.877474
0.867664
0.882496
0.88335
0.872463
0.872878
0.877594
0.882028
0.872428
0.867944
0.880657
0.881693
0.879557
0.883665
0.883738
0.87099
0.882004
0.873576
0.880647
0.872291
0.869471
0.871946
0.872717
0.864286
0.87595
0.874091
0.884828
0.88235
0.86895
0.882241
0.880539
0.869518
0.875513
0.881506
0.881338
0.868227
0.870201
0.867791
0.877737
0.87902
0.868358
0.871956
0.883954
0.872987
0.883504
0.882557
0.870442
0.881922
0.869201
0.883691
0.869626
0.883249
0.872992
0.873242
0.875656
0.879767
0.867715
0.869053
0.883582
0.867246
0.869479
0.870265
0.884714
0.882911
0.872289
0.876942
0.882468
0.869854
0.869674
0.867032
0.88271
0.884271
0.880896
0.874464
0.874549
0.880013
0.866964
0.883187
0.883185
0.868433
0.88515
0.88365
0.869955
0.86842
0.86799
0.867028
0.875172
0.882055
0.868401
0.869357
0.878791
0.882208
0.873523
0.883487
0.880145
0.870625
0.868314
0.86888
0.866703
0.878854
0.873733
0.878275
0.874413
0.870555
0.882589
0.87786
0.874342
0.872892
0.869124
0.871474
0.882866
0.874792
0.880212
0.869615
0.884169
0.87504
0.873375
0.871098
0.879924
0.878481
0.869473
0.868924
0.879711
0.872757
0.8709
0.882143
0.881006
0.870653
0.883662
0.884142
0.881684
0.868861
0.867803
0.871567
0.880277
0.879582
0.879928
0.871152
0.878845
0.871741
0.877115
0.871565
0.882707
0.868695
0.868788
0.883737
0.866455
0.883689
0.873859
0.884213
0.869345
0.874976
0.881506
0.879797
0.871855
0.874583
0.879808
0.869946
0.869438
0.870958
0.868022
0.867787
0.872146
0.86885
0.875896
0.872933
0.869297
0.883237
0.880659
0.87258
0.869635
0.871523
0.878937
0.870423
0.878514
0.870568
0.876847
0.880786
0.868313
0.868939
0.880283
0.870805
0.873527
0.874188
0.874698
0.870977
0.876894
0.885335
0.875034
0.869992
0.88488
0.881021
0.881475
0.879454
0.88293
0.881255
0.880949
0.869124
0.876285
0.869058
0.875871
0.867465
0.87908
0.882139
0.868067
0.883135
0.880877
0.875833
0.866241
0.880361
0.873417
0.873286
0.875026
0.866175
0.88344
0.868195
0.881882
0.872799
0.869459
0.883061
0.866873
0.88082
0.882485
0.869394
0.877762
0.86851
0.881324
0.869686
0.872687
0.87107
0.87799
0.882726
0.881295
0.874396
0.867564
0.88151
0.877715
0.86663
0.86881
0.880828
0.870176
0.88189
0.876082
0.870688
0.869253
0.86824
0.871414
0.882371
0.874843
0.8816
0.873783
0.88047
0.879692
0.868287
0.879793
0.873909
0.875528
0.874917
0.877825
0.878956
0.873386
0.874488
0.874902
0.873701
0.870949
0.870464
0.878293
0.871483
0.875038
0.879681
0.871601
0.872341
0.875281
0.882474
0.872499
0.884142
0.8679
0.874996
0.870675
0.884098
0.884523
0.870672
0.869499
0.874807
0.881317
0.88239
0.87729
0.883213
0.883242
0.86929
0.881669
0.882485
0.867128
0.881356
0.881927
0.871571
0.874901
0.881276
0.873351
0.874805
0.88045
0.880394
0.874958
0.874984
0.875134
0.879038
0.873212
0.88366
0.873188
0.870127
0.869183
0.882684
0.87549
0.874148
0.86757
0.868407
0.868897
0.881589
0.873897
0.868537
0.87575
0.875547
0.88487
0.869414
0.870268
0.883598
0.883417
0.872557
0.875445
0.86985
0.88161
0.883555
0.878316
0.868049
0.882265
0.87451
0.871674
0.881146
0.868712
0.87974
0.874449
0.87112
0.883898
0.880212
0.877001
0.873631
0.872912
0.868794
0.873222
0.876728
0.869922
0.874469
0.870532
0.874778
0.869288
0.87191
0.879976
0.883305
0.871027
0.86955
0.870101
0.884226
0.879421
0.877916
0.882553
0.880021
0.882271
0.873362
0.875859
0.883373
0.873103
0.873467
0.8732
0.873484
0.869826
0.880416
0.880468
0.878113
0.873113
0.876927
0.868754
0.878367
0.872084
0.880961
0.880425
0.88086
0.87381
0.868423
0.869754
0.881636
0.883126
0.865586
0.881575
0.870191
0.877304
0.868041
0.882007
0.881706
0.879417
0.878832
0.869829
0.870148
0.886271
0.870647
0.87998
0.87999
0.873253
0.880223
0.86992
0.875047
0.882643
0.870874
0.87338
0.873816
0.87922
0.881536
0.869267
0.873785
0.880773
0.878722
0.871126
0.883405
0.87525
0.884062
0.867656
0.875444
0.872011
0.875521
0.879017
0.881929
0.874839
0.869544
0.884158
0.867461
0.87862
0.879365
0.875852
0.882483
0.870878
0.879694
0.875099
0.879877
0.881628
0.884468
0.876153
0.868395
0.884071
0.870776
0.86905
0.874563
0.87277
0.873671
0.879613
0.87792
0.872546
0.883563
0.874852
0.871903
0.883028
0.874448
0.865883
0.880448
0.868998
0.870941
0.880268
0.871324
0.872322
0.881938
0.87684
0.877836
0.881407
0.882009
0.869292
0.874826
0.871192
0.882584
0.877237
0.871665
0.883151
0.868827
0.874891
0.876792
0.881104
0.879299
0.87941
0.880099
0.868252
0.870159
0.872637
0.873712
0.88189
0.870104
0.873069
0.86822
0.867482
0.874875
0.875179
0.886946
0.869965
0.869104
0.870451
0.879858
0.883773
0.872994
0.880622
0.872318
0.879062
0.880038
0.875956
0.877821
0.873868
0.885026
0.869845
0.875491
0.872132
0.875002
0.876502
0.875582
0.870114
0.865529
0.868776
0.877502
0.872222
0.871
0.873436
0.873606
0.877309
0.875908
0.86644
0.872386
0.879912
0.887399
0.871239
0.867532
0.884507
0.870436
0.871625
0.874803
0.869879
0.868854
0.868
0.883212
0.875131
0.872085
0.884713
0.880682
0.871572
0.881534
0.875848
0.872606
0.883304
0.88314
0.880853
0.87996
0.880107
0.88136
0.883622
0.886896
0.875773
0.869827
0.877459
0.882579
0.877196
0.884045
0.877596
0.872837
0.88451
0.873769
0.868375
0.884253
0.868359
0.868265
0.869468
0.873841
0.880849
0.874035
0.881125
0.87869
0.876121
0.868505
0.874459
0.868027
0.87867
0.879956
0.884326
0.875772
0.872607
0.876287
0.882331
0.881653
0.874826
0.86801
0.874394
0.878188
0.873136
0.883609
0.884214
0.869491
0.873303
0.882988
0.866986
0.87138
0.87302
0.883816
0.867351
0.876996
0.869249
0.869992
0.880208
0.873474
0.882625
0.883744
0.885394
0.881533
0.881458
0.878205
0.871322
0.86875
0.869614
0.870527
0.874159
0.8798
0.878215
0.885249
0.866501
0.882687
0.876965
0.87591
0.869798
0.881339
0.87223
0.87232
0.868827
0.87549
0.874628
0.88093
0.874258
0.880437
0.871526
0.882238
0.88275
0.879834
0.883629
0.881604
0.879209
0.877567
0.881328
0.877819
0.873557
0.876829
0.868607
0.874142
0.874773
0.879265
0.876808
0.878224
0.882428
0.868034
0.884397
0.882041
0.881332
0.872564
0.870408
0.87919
0.870458
0.873112
0.87629
0.882618
0.869138
0.868568
0.881966
0.882407
0.882905
0.873545
0.873478
0.874194
0.880834
0.870219
0.87969
0.874042
0.880498
0.872458
0.874223
0.865995
0.879332
0.874626
0.872643
0.884285
0.870005
0.874365
0.867435
0.882509
0.872367
0.880796
0.868044
0.874134
0.869705
0.871376
0.866677
0.871926
0.879093
0.882019
0.879524
0.872653
0.877703
0.882685
0.867702
0.869651
0.869768
0.876104
0.882778
0.87809
0.873693
0.873376
0.878419
0.883042
0.885971
0.878993
0.874219
0.870605
0.875817
0.871319
0.881525
0.868527
0.883674
0.868892
0.873516
0.874819
0.883283
0.874665
0.881523
0.875146
0.882642
0.873932
0.871693
0.87382
0.87849
0.874734
0.882067
0.884322
0.872392
0.877045
0.871101
0.874472
0.869415
0.883801
0.874922
0.868973
0.874714
0.873894
0.884182
0.868853
0.87925
0.878949
0.874592
0.8828
0.883446
0.882529
0.869984
0.882087
0.873311
0.880086
0.872061
0.882453
0.871351
0.879459
0.879086
0.87299
0.877216
0.876737
0.884916
0.88306
0.879909
0.867214
0.872448
0.870719
0.869117
0.879121
0.873442
0.868919
0.869828
0.873531
0.873692
0.878001
0.870529
0.870624
0.8826
0.88041
0.875269
0.880224
