0.824662
0.896605
0.886147
0.902333
0.894207
0.893257
0.884596
0.893801
0.890919
0.892271
0.902893
0.896539
0.902879
0.899895
0.200327
0.895903
0.899437
0.895967
0.89611
0.894538
0.87816
0.89398
0.890836
0.900106
0.895047
0.899493
0.900807
0.890417
0.898538
0.900076
0.900291
0.894495
0.893979
0.893048
0.897454
0.889927
0.890881
0.896513
0.896457
0.892484
0.897654
0.898725
0.899666
0.880807
0.902799
0.893277
0.891604
0.898582
0.899328
0.900412
0.894771
0.897097
0.894163
0.899668
0.898289
0.0629609
0.897138
0.897944
0.889355
0.897263
0.0430673
0.893716
0.895184
0.896242
0.896822
0.840625
0.895901
0.898071
0.897146
0.900181
0.897461
0.864232
0.895676
0.89908
0.895729
0.9018
0.341947
0.895752
0.357635
0.886619
0.897221
0.898623
0.892854
0.893831
0.899476
0.893926
0.896211
0.899241
0.899552
0.868934
0.895468
0.891635
0.894758
0.895167
0.902413
0.88458
0.893536
0.89258
0.890885
0.903532
0.900206
0.898711
0.897179
0.163811
0.891141
0.894278
0.893179
0.894371
0.10478
0.894101
0.895605
0.900223
0.895767
0.82422
0.894817
0.892637
0.00606361
0.408608
0.896717
0.892423
0.273718
0.899953
0.892926
0.889473
0.860849
0.89753
0.896046
0.8978
0.896851
0.899173
0.891757
0.90035
0.901828
0.877603
0.887536
0.87646
0.792133
0.876947
0.897277
0.895088
0.895789
0.898378
0.895647
0.894327
0.89804
0.0736247
0.897063
0.895778
0.837609
0.888592
0.899428
0.885223
0.897225
0.895934
0.901738
0.834299
0.896796
0.894948
0.900972
0.880115
0.896875
0.874485
0.898211
0.614507
0.891861
0.895102
0.892318
0.899887
0.899268
0.894031
0.893444
0.884342
0.84271
0.121546
0.897403
0.894049
0.899293
0.898043
0.894614
0.90068
0.898702
0.903864
0.899642
0.900486
0.891452
0.897899
0.0144254
0.878545
0.894658
0.894477
0.892924
0.891254
0.901583
0.896312
0.897697
0.896565
0.888605
0.217321
0.894251
0.89234
0.283411
0.892022
0.897905
0.896506
0.890906
0.356489
0.900842
0.890258
0.898321
0.829349
0.897692
0.871787
0.90068
0.895249
0.885709
0.894328
0.897462
0.893002
0.899563
0.893137
0.904979
0.892439
0.896229
0.898023
0.0479882
0.897521
0.874527
0.897325
0.898107
0.89623
0.884072
0.899093
0.897492
0.900172
0.87235
0.894934
0.89347
0.897603
0.89285
0.898722
0.878661
0.899358
0.898605
0.898918
0.897105
0.896711
0.903532
0.887658
0.180981
0.896524
0.899513
0.895836
0.890637
0.854364
0.882961
0.892055
0.281001
0.891464
0.899022
0.893843
0.899094
0.893981
0.884785
0.0289386
0.897807
0.898715
0.89849
0.894419
0.259862
0.898624
0.897173
0.896552
0.894591
0.875022
0.8944
0.894038
0.896735
0.900118
0.897952
0.89366
0.900393
0.86975
0.898099
0.893547
0.895158
0.900451
0.90014
0.901736
0.896281
0.894407
0.899445
0.894914
0.898917
0.894235
0.899731
0.894677
0.896735
0.900581
0.484771
0.894556
0.898024
0.892145
0.894577
0.835603
0.89532
0.896758
0.0713069
0.893449
0.891128
0.897189
0.898135
0.901748
0.891776
0.895026
0.862942
0.879429
0.847463
0.897596
0.899733
0.890632
0.896602
0.900078
0.0282753
0.710868
0.900878
0.90056
0.866601
0.896173
0.900954
0.897544
0.896261
0.466278
0.895597
0.889504
0.895869
0.897525
0.898473
0.893448
0.000305294
0.900493
0.879577
0.89724
0.892962
0.895718
0.886787
0.870902
0.897345
0.894856
0.898804
0.901324
0.896171
0.900643
0.896296
0.903022
0.883733
0.900755
0.893916
0.892379
0.105145
0.000434068
0.895473
0.781539
0.894258
0.89926
0.89563
0.895851
0.897841
0.899861
0.896004
0.892627
0.865412
0.886454
0.893067
0.360728
0.88866
0.896796
0.894384
0.880425
0.898733
0.567955
0.898454
0.885009
0.734942
0.0318888
0.901148
0.898024
0.90184
0.458056
0.895088
0.90007
0.89583
0.899319
0.894913
1
0.899315
0.900654
0.896441
0.897522
0.893986
0.901301
0.894431
0.901451
0.896783
0.899076
0.900095
0.893688
0.264372
0.900363
0.896034
0.895273
0.896671
0.900598
0.896318
0.899366
0.896523
0.0374614
0.892582
0.893597
0.893033
0.897633
0.893447
0.864768
0.895336
0.898309
0.89844
0.414099
0.898567
0.898151
0.89388
0.893844
0.843475
0.88813
0.901002
0.895561
0.883016
0.89842
7.78458e-05
0.890354
0.892775
0.89449
0.902989
0.899429
0.887174
0.895784
0.899795
0.891746
0.89759
0.900638
0.894788
0.896153
0.903129
0.895488
0.895587
0.870874
0.896661
0.898495
0.895655
0.899974
0.895821
0.8993
0.897347
0.892577
0.897047
0.877909
0.900169
0.838301
0.898241
0.893609
0.158105
0.895678
0.895452
0.897114
0.898215
0.89119
0.893212
0.896184
0.896859
0.897768
0.868537
0.000222976
0.900582
0.900935
0.892596
0.895272
0.899923
0.895629
0.901645
0.897946
0.999999
0.896729
0.895734
0.8987
0.890496
0.900246
0.897378
0.896536
0.999264
0.893817
0.886666
0.250686
0.895338
0.901906
0.899533
0.88748
0.902519
0.896092
0.894653
0.898892
0.894277
0.31908
0.897809
0.897576
0.900363
0.893989
0.902263
0.8918
0.90063
0.900165
0.895073
0.898054
0.900115
0.89814
0.896894
0.896221
0.900554
0.894605
0.892398
0.895216
0.900425
0.893253
0.889772
0.900075
0.875198
0.897354
0.896851
0.901539
0.896796
0.892275
0.900893
0.895793
0.900194
0.900205
0.899212
0.898954
0.870514
0.894939
0.901843
0.891964
0.899419
0.899435
0.899686
0.874001
0.899369
0.897679
0.895801
0.505883
0.796348
0.0184233
0.891542
0.900639
0.893151
0.85743
0.896907
0.89289
0.892665
0.900172
0.896287
0.890984
0.899335
0.896482
0.894615
0.897401
0.891854
0.846698
0.888874
0.015689
0.899515
0.897403
0.899271
0.900169
0.896059
0.8943
0.89607
0.891797
0.896318
0.893148
0.893815
0.894336
0.901454
0.899748
0.892799
0.0550223
0.891354
0.900013
0.895059
0.901329
0.892162
0.894161
0.893355
0.891099
0.89626
0.897097
0.891656
0.898577
0.895808
0.898103
0.896308
0.900159
0.901862
0.900293
0.895728
0.898385
0.899139
0.888332
0.896551
0.89304
0.90036
0.892729
0.897817
0.898907
0.89352
0.89905
0.891309
0.899241
0.901006
0.899011
0.897327
0.203953
0.898246
0.445389
0.897261
0.900188
0.888142
0.891022
0.896492
0.898785
0.89191
0.894572
0.896268
0.894926
0.884742
0.897666
0.899845
0.89882
0.8941
0.0614871
0.896395
0.14111
0.86781
0.887799
0.903073
0.89677
0.897229
0.871387
0.89966
0.889047
0.894542
0.894634
0.896035
0.896743
0.895376
0.898337
0.898391
0.896522
0.752722
0.862898
0.896715
0.900526
0.900669
0.894262
0.896688
0.896785
0.901611
0.899103
0.898979
0.899163
0.899162
0.895545
0.894665
0.902066
0.897018
0.895846
0.892806
0.895415
0.897106
0.734624
0.894004
0.899875
0.895173
0.899202
0.897533
0.903748
0.893044
0.89817
0.173411
0.895735
0.895818
0.897521
0.892079
0.892545
0.901178
0.893555
0.893934
0.900959
0.898112
0.879675
0.896856
0.902298
0.869769
0.892797
0.899521
0.897456
0.897326
0.89578
0.0182216
0.901435
0.89433
0.894397
0.895428
0.897661
0.894537
0.894799
0.89793
0.893336
0.895235
0.898022
0.899907
0.897805
0.901608
0.185336
0.543056
0.893081
0.892948
0.864037
0.902209
0.897868
0.883619
0.89579
0.895171
0.901098
0.892781
0.897644
0.899622
0.891307
0.886859
0.892893
0.90112
0.895333
0.898566
0.160616
0.897608
0.897432
0.898686
0.891837
0.896944
0.895824
0.899534
0.647505
0.893577
0.899241
0.89382
0.895061
0.165357
0.899504
0.89785
0.0212522
0.898442
0.901552
0.858652
0.891386
0.896147
0.895164
0.876608
0.893615
0.890552
0.895776
0.807321
0.893514
0.900803
0.894768
0.896003
0.895887
0.800363
0.900091
0.896902
0.886993
0.89837
0.895909
0.89893
0.896702
0.902158
0.86977
0.899545
0.902171
0.882617
0.890974
0.895886
0.897616
0.898079
0.903265
0.357162
0.897117
0.895533
0.890696
0.892659
0.900705
0.89716
0.894717
0.897743
0.882931
0.896798
0.901889
0.90097
0.898028
0.898126
0.898166
0.852006
0.900966
0.89374
0.89608
0.896489
0.89367
0.890733
0.448252
0.895381
0.834699
0.877304
0.894218
0.000221022
0.888755
0.897342
0.899293
0.0512003
0.897139
0.0580777
0.897167
0.880642
0.900207
0.0634268
0.898821
0.858884
0.896991
0.901413
0.899138
0.898003
0.893696
0.89437
0.893303
0.892982
0.905497
0.90021
0.89178
0.890868
0.901845
0.99999
0.900487
0.864282
0.898675
0.899429
0.900447
0.898443
0.899497
0.901998
0.897937
4.09972e-05
0.895522
0.902238
0.896614
0.896686
0.899763
0.894379
0.0829629
0.895098
0.898372
0.894126
0.901957
0.892556
0.891195
0.894549
0.890577
0.889611
0.892479
0.894521
0.893024
0.893428
0.88496
0.898011
0.86565
0.901237
0.897741
0.895957
0.889673
0.899434
0.878923
0.898425
0.893634
0.892029
0.896147
0.895364
0.896224
0.896985
0.405327
0.893063
0.0344256
0.310003
0.900322
0.900711
0.899213
0.898418
0.897418
0.900236
0.23305
0.830058
0.892201
0.898261
0.899933
0.891789
0.900262
0.896118
0.90315
0.895762
0.894727
0.0138284
0.89678
0.890613
0.742747
0.899461
0.904265
0.901008
0.888503
0.914171
0.892653
0.647774
0.89761
0.899087
0.900476
0.897604
0.899101
0.896248
0.89355
0.892961
0.900062
0.89595
0.896252
0.894467
0.896713
0.897741
0.89649
0.895846
0.894681
0.894419
0.888561
0.901065
0.893532
0.327529
0.898835
0.898456
0.900939
0.896509
0.898816
0.901367
0.896003
0.895851
0.887405
0.897114
0.895789
0.896624
0.893459
0.895364
0.899037
0.897769
0.89494
0.891799
0.892075
0.226739
0.894408
0.898508
0.898447
0.901922
0.899397
0.894489
0.897351
0.893951
0.89775
0.897055
0.898758
0.89522
0.897139
0.901252
0.895381
0.896676
0.889743
0.888929
0.897148
0.893899
0.899505
0.899931
0.896634
0.90002
0.053937
0.897345
0.899523
0.891297
0.894594
0.897865
0.898633
0.861218
0.901044
0.900795
0.868088
0.766167
0.898999
0.894325
0.897621
0.896067
0.903173
0.896772
0.894339
0.897086
0.900673
0.00470145
0.894142
0.901461
0.89594
0.900735
0.893896
0.89159
0.897992
0.897107
0.895262
0.8973
0.893945
0.897879
0.900691
0.874679
0.898919
0.89332
0.902125
0.894585
0.897904
0.894304
0.893291
0.895162
0.894123
0.896639
0.899585
0.894415
0.1044
0.861132
0.898337
0.901406
0.891662
0.900783
0.896567
0.894246
0.901036
0.898559
0.897291
0.89544
0.896998
0.895182
0.898666
0.896058
0.247168
0.894199
0.902006
0.892872
0.889901
0.898218
0.897931
0.897129
0.903574
0.898196
0.899788
0.892168
0.897523
0.8938
0.901195
0.892792
0.896023
0.900531
0.896035
0.895849
0.890502
0.89592
0.896507
0.899531
0.895243
0.308552
0.899479
0.90371
0.421512
0.901793
0.901189
0.892554
0.896825
0.896768
0.902518
0.894794
0.89786
0.901137
0.899289
0.894964
0.892755
0.897487
0.892389
0.893192
0.896652
0.850105
0.897115
0.893059
0.89051
0.893938
0.896986
0.894222
0.790787
0.899566
0.898698
0.41486
0.900869
0.901195
0.898088
0.901132
0.892252
0.896592
0.891731
0.895901
0.896514
0.900612
0.898292
0.898397
0.899846
0.8953
0.900264
0.796567
0.895039
0.891991
0.895568
0.8981
0.893263
0.892641
0.775535
1
0.896874
0.888621
0.899471
0.897954
0.902439
0.675205
0.898887
0.900949
0.897506
0.900157
0.897214
0.893616
0.889315
0.896054
0.8956
0.0311129
0.891785
0.892132
0.895711
0.893993
0.895786
0.899423
0.897246
0.901881
0.895971
0.861302
0.899579
0.899004
0.899964
0.895356
0.238382
0.901639
0.816568
0.00950942
0.883884
0.898048
0.896877
0.895765
0.899145
0.887604
0.901598
0.888018
0.89872
0.897793
0.899746
0.889898
0.898422
0.889443
0.903211
0.894516
0.89946
0.899925
0.896524
0.893313
0.899483
0.899976
0.0939031
0.893101
0.889975
0.898186
0.900949
0.896204
0.89868
0.893316
0.896382
0.15086
0.898931
0.895214
0.897875
0.892439
0.892736
0.748363
0.900021
0.458645
0.898889
0.898378
0.896262
0.897734
0.345619
0.792952
0.892611
0.899983
0.897059
0.893235
0.899153
0.900807
0.886515
0.899545
0.89736
0.88809
0.892377
0.902938
0.897121
0.898828
0.893828
0.894945
0.861399
0.89441
0.898082
0.89244
0.876037
0.896575
0.900934
0.722577
0.182892
1
0.897826
0.896564
0.899959
0.893038
0.906113
0.885004
0.894061
0.897041
0.901417
0.883882
0.862905
0.898112
0.892107
0.899498
0.899558
0.0794535
0.900285
0.896548
0.901117
0.896377
0.891914
0.897107
0.901437
0.891537
0.895221
0.889814
0.893037
0.898715
0.892451
0.910067
0.892212
0.897758
0.898853
0.895272
0.899327
0.898054
0.901742
0.894341
0.897253
0.89288
0.88771
0.900766
0.8997
0.898176
0.897423
0.180031
0.895786
0.889945
0.901292
0.895021
0.900654
0.899354
0.895172
0.897229
0.898622
0.898646
0.898864
0.899619
0.898776
0.889809
0.898486
0.897914
0.898662
0.896465
0.679433
0.899748
0.895867
0.897052
0.893635
0.898039
0.892761
0.223807
0.900958
0.901246
0.901995
0.883151
0.899851
0.899394
0.887425
0.894664
0.893605
0.898669
0.900242
0.999987
0.895675
0.901258
0.900252
0.887189
0.898455
0.89707
0.893361
0.901456
0.901324
0.897949
0.896099
0.895215
0.900044
0.888045
0.898595
0.902725
0.900271
0.89637
0.537894
0.901064
0.119009
0.887976
0.891933
0.903068
0.895114
0.896057
0.90052
0.8241
0.897022
0.894716
0.895702
0.895877
0.894301
0.894171
0.896024
0.895104
0.897459
0.893306
0.902158
0.897966
0.898349
0.259413
0.900641
0.902435
0.896599
0.882156
0.900926
0.895548
0.896231
0.895541
0.878164
0.898608
0.900758
0.895786
0.138166
0.879293
0.900424
0.893362
0.893951
0.900013
0.894321
0.901021
0.901394
0.896677
0.830598
0.898938
0.893749
0.893817
0.899607
0.899786
0.89765
0.846188
0.892383
0.106929
0.891071
0.896162
0.893549
8.94414e-05
0.894426
0.888803
0.899811
0.894414
0.901288
0.893014
0.894956
0.895269
0.898696
0.894768
0.897168
0.900921
0.0397171
0.895772
0.897521
0.304302
0.130216
0.899787
0.893982
0.898018
0.898897
0.89863
0.902018
0.892465
0.894862
0.897765
0.819288
0.899028
0.895546
0.893373
0.890113
0.724159
0.894464
0.890393
0.896039
0.895296
0.000106809
0.854388
0.893795
0.747403
0.892315
0.0797177
0.89566
0.880228
0.881416
0.898722
0.895945
0.900434
0.899899
0.895181
0.89853
0.896441
0.897594
0.892984
0.902511
0.8978
0.895648
0.000138372
0.895989
0.72555
0.999997
0.897628
0.897335
0.899475
0.893941
0.896519
0.00448985
0.900465
0.898703
0.897483
0.894383
0.898532
0.896866
0.123458
0.898624
0.896327
0.90217
0.898148
0.893213
0.900557
0.894688
0.896138
0.901246
0.897154
0.903171
0.897833
0.898856
0.878055
0.875491
0.89792
0.874905
0.897668
0.898545
0.900729
0.89252
0.84247
0.899243
0.874906
0.895895
0.896869
0.163542
0.894924
0.899249
0.898417
0.90056
0.0814767
0.00468261
0.892244
0.892782
0.896627
0.89678
0.893692
0.896008
0.139439
0.87191
0.937564
0.89559
0.895479
0.89958
0.90247
0.900152
0.892936
0.890026
0.898374
0.896162
0.882326
0.892856
0.887065
1
0.897399
0.135154
0.901434
0.896188
0.898775
0.895948
0.892551
0.894953
0.899779
0.895863
0.194664
0.901224
0.899453
0.89529
0.898746
0.899298
0.895567
0.139558
0.898985
0.893654
0.896762
0.900665
0.893141
0.898175
0.901571
0.899466
0.902919
0.899874
0.898446
0.89478
0.90104
0.89781
0.893761
0.891576
0.89647
0.900268
0.900424
0.897042
0.901052
0.890643
0.867802
0.893683
0.900859
0.898251
0.896485
0.854557
0.893427
0.899037
0.893265
0.893808
0.85676
0.893688
0.898586
0.895805
0.901033
0.892831
0.893912
0.897288
0.899395
0.900081
0.896982
0.90026
0.898194
0.897473
0.893612
0.902863
0.901787
0.894944
0.889463
0.898232
0.894812
0.890614
0.89127
0.883069
0.901842
0.893544
0.89537
0.896026
0.897312
0.999552
0.895769
0.89901
0.901576
0.878832
0.899142
0.901234
0.894546
0.894428
0.892386
0.899985
0.531844
0.892455
0.902429
0.892773
0.896313
0.897395
0.89243
0.897685
0.899498
0.737814
0.897948
0.899954
0.899922
0.894068
0.892013
0.873476
0.897538
0.894549
0.901071
0.11524
0.898936
0.82841
0.899796
0.893826
0.897598
0.895516
0.894015
0.901403
0.897006
0.892776
0.2381
0.89824
0.900493
0.0370158
0.894674
0.893988
0.890934
0.25489
0.90027
0.893368
0.899543
0.896515
0.89756
0.899431
0.901364
0.000251263
0.897656
0.896893
0.889538
0.888175
0.795726
0.897932
0.895257
0.898979
0.885766
0.89719
0.901177
0.887272
0.901031
0.902004
0.877174
0.901416
0.899334
0.895346
0.89913
0.891489
0.899779
0.895737
0.895047
0.866915
0.901298
0.899536
0.899357
0.90114
0.891051
0.584382
0.893494
0.893207
0.894928
0.858282
0.885356
0.171437
0.89771
0.894961
0.845057
0.89721
0.895811
0.900573
0.901627
0.883009
0.149758
0.839296
0.0351467
0.881335
0.896526
0.893509
0.884527
0.899111
0.784848
0.895163
0.900605
0.894951
0.899963
0.897835
0.901396
0.89786
0.893313
0.896687
0.897055
0.448887
0.894609
0.890278
0.568657
0.900294
0.90061
0.900943
0.898392
0.896679
0.897435
0.892995
0.880265
0.891218
0.901897
0.904496
0.892649
0.880141
0.893135
0.899232
0.896575
0.896762
0.862185
0.899871
0.898859
0.760933
0.898663
0.903674
0.898136
0.891393
0.898866
0.894659
0.900763
0.899274
0.895908
0.897289
0.8931
0.891594
0.898089
0.894098
0.893333
0.895493
0.893627
0.896849
0.894596
0.898351
0.890635
0.853144
0.894901
0.893546
0.883317
0.346055
0.902374
0.895707
0.898955
0.000291637
0.899386
0.198404
0.897544
0.896304
0.891522
0.81477
0.893105
0.898373
0.0157107
0.89549
0.00562313
0.899451
0.900054
0.894705
0.886961
0.889849
0.893086
0.898173
0.897637
0.895465
0.894253
0.897485
0.897855
0.89813
0.894128
0.894576
0.000137075
0.89581
0.901611
0.897308
0.895592
0.882278
0.895946
0.892192
0.894025
0.89894
0.000124594
0.901589
0.900311
0.897593
0.860956
0.893283
0.896296
0.899402
0.897308
0.895376
0.899837
0.893589
0.897112
0.874585
0.896227
0.0744795
0.162024
0.897827
0.147067
0.895698
0.898507
0.894854
0.888701
0.788484
0.894805
0.900535
0.892466
0.899115
0.897384
0.896794
0.893387
0.897104
0.90231
0.899018
0.902442
0.901651
0.901293
0.876996
0.898301
0.898446
0.0330631
0.898284
0.89806
0.896836
0.829904
0.895604
0.899262
0.899202
0.901086
0.900426
0.899883
0.899997
0.895592
0.896091
0.896111
0.89479
0.893972
0.905937
0.897989
0.897677
0.894334
0.894371
0.890927
0.901369
0.902521
0.899836
0.893157
0.896132
0.899179
0.898658
0.903792
0.900141
0.901878
0.895355
0.895675
0.8951
0.896442
0.89995
0.00014171
0.895065
0.898664
0.898199
0.899516
0.897434
0.890267
0.897213
0.894991
0.903087
0.895445
0.891111
0.897383
0.893224
0.897312
0.895493
0.901702
0.898469
0.896737
0.895571
0.896845
0.90124
0.895655
0.896617
0.895367
0.897513
0.89379
0.897117
0.868623
0.893574
0.89276
0.897002
0.888606
0.893549
0.901682
0.893599
0.900278
0.895931
0.890839
0.899722
0.895651
0.893966
0.89422
0.897006
0.893386
0.902177
0.902284
0.894583
0.894987
0.897237
0.899351
0.893733
0.896319
0.217472
0.893671
0.895362
0.89939
0.892738
0.895044
0.899616
0.89333
0.897817
0.411358
0.901978
0.897001
0.89946
0.892592
0.895637
0.895199
0.882111
0.901211
0.895627
0.89432
0.897788
0.876022
0.899832
0.123757
0.894837
0.885245
0.900974
0.898038
0.902074
0.880375
0.898782
0.895226
0.892205
0.900585
0.901098
0.209657
0.899086
0.225648
0.902566
0.896509
0.898835
0.895013
0.89529
0.900396
0.899554
0.899657
0.847102
0.897306
0.0367458
0.644259
0.89748
0.900036
1
0.220693
0.896619
0.898087
0.892773
0.891013
0.893066
0.895297
0.899327
0.892971
0.890692
0.890187
0.881024
0.882173
0.901257
0.895727
0.90117
0.896367
0.898526
0.898045
0.895867
0.896874
0.893585
0.89988
0.90072
0.894817
0.8957
0.897376
0.894597
0.899504
0.582053
0.901681
0.898922
0.900275
0.897003
0.89879
0.894449
0.88731
0.88382
0.269894
0.905695
0.897671
0.897863
0.896077
0.902368
0.894777
0.894825
0.896758
0.898202
0.889272
0.899562
0.898201
0.891522
0.891017
0.896045
0.893567
0.000119723
0.898946
0.896953
0.891672
0.889828
0.898998
0.295769
0.896372
0.899237
0.893451
0.898483
0.894338
0.903565
0.898543
0.897693
0.883449
0.902171
0.89726
0.900215
0.890057
0.893141
0.894343
0.626333
0.893482
0.892457
0.895787
0.718922
0.867309
0.900519
0.891904
0.8954
0.897757
0.895646
0.874793
0.895821
0.898546
0.260024
0.892223
0.898833
0.866781
0.897583
0.416554
0.899882
0.871735
0.895151
0.899583
0.89381
0.872495
0.900497
0.894767
0.896884
0.892765
0.893502
0.897927
0.894188
0.896937
0.898523
0.898907
0.89786
0.89926
0.849442
0.893493
0.890942
0.895045
0.902053
0.896667
0.227292
0.788046
0.887092
0.898609
0.898055
0.895818
0.895714
0.893842
0.893559
0.902493
0.883852
0.892951
0.89483
0.847835
0.906367
0.234067
0.899536
0.855114
0.901539
0.231714
0.90084
0.897691
0.900416
0.897377
0.892598
0.894647
0.893768
0.897484
0.889197
0.892008
0.900989
0.901125
0.90036
0.896699
0.892633
0.896171
0.893584
0.859788
0.896237
0.891046
0.891813
0.897621
0.894296
0.893116
0.897605
0.895263
0.895602
0.89604
0.899128
0.634783
0.901873
0.89285
0.892057
0.893442
0.896217
0.891979
0.895533
0.88326
0.901464
0.894011
0.893786
0.87911
0.899096
0.900492
0.895854
0.894081
0.893546
0.896865
0.885537
0.89671
0.902077
0.898408
0.896933
0.89881
0.875864
0.889708
0.900429
0.870917
0.894542
0.898298
0.900533
0.014887
0.883819
0.889281
0.893014
0.894223
0.894759
0.895508
0.874257
0.889043
0.894164
0.893899
0.888614
0.900707
0.890286
0.898262
0.900195
0.896741
0.895463
0.894347
0.899267
0.893728
0.89598
0.901252
0.891389
0.348336
0.893523
0.88881
0.893804
0.898037
0.893035
0.902203
0.893749
0.888929
0.901102
0.879518
0.873876
0.895221
0.90045
0.900321
0.890879
0.899709
0.894394
0.890776
0.88719
0.895603
0.857415
0.900602
0.891587
0.865077
0.895463
0.89829
0.894184
0.899274
0.896141
0.895857
0.897505
0.896074
0.895392
0.891953
0.89657
0.900048
0.899385
0.860374
0.889774
0.893495
0.865337
0.894913
0.877414
0.895878
0.898225
0.868699
0.785898
0.889732
0.898735
0.89266
0.899744
0.897367
0.895438
0.0916772
0.898221
0.897929
0.892198
0.893346
0.893489
0.899315
0.901108
0.323554
0.896821
0.900667
0.898472
0.887389
0.895357
0.886928
0.901654
0.890613
0.898188
0.893797
0.894304
0.20837
0.898474
0.898517
0.896953
0.894237
0.893769
0.898712
0.89479
0.901425
0.89939
0.893279
0.901021
0.900231
0.000130303
0.897217
0.901123
0.894139
0.1154
0.893718
0.895931
0.898096
0.896742
0.900513
0.888083
0.894802
0.898254
0.902943
0.901221
0.879159
0.899103
0.901698
0.89626
0.899108
0.283509
0.892082
0.894872
0.892564
0.897904
0.898918
0.901473
0.897839
0.902265
0.894854
0.88147
0.895666
0.0478875
0.901103
0.899332
0.893712
0.895589
0.893538
0.897681
0.897048
0.721358
0.900331
0.894045
0.895485
0.899347
0.896638
0.893379
0.900729
0.895008
0.896396
0.900034
0.891575
0.397788
0.000252273
0.852087
0.891421
0.895091
0.887772
0.895173
0.902337
0.890559
0.90006
0.901189
0.896486
0.901293
0.88583
0.0306691
0.896861
0.897444
0.894774
0.897458
0.827935
0.900203
0.900067
0.899103
0.898992
0.889502
0.900091
0.897059
0.894586
0.895531
0.895775
0.898602
0.901129
0.897759
0.900664
0.893966
0.895727
0.856156
1
0.899057
0.893424
0.899673
0.899394
0.895504
0.892284
0.900205
0.884741
0.89253
0.899785
0.883439
0.895905
0.895637
0.897015
0.900114
0.894213
0.895594
0.899598
0.898798
0.893782
0.897361
0.885415
0.899384
0.894144
0.892498
0.910037
0.896203
0.891057
0.897263
0.89435
0.895084
0.899238
0.895438
0.896536
0.0430893
0.886236
0.898888
0.894809
0.901507
0.899118
0.897048
0.89178
0.899963
0.896815
0.900165
0.90026
0.891519
0.800807
0.896973
0.893639
0.890829
0.902387
0.889713
0.896405
0.284425
0.804732
0.897767
0.895214
0.891091
0.901023
0.901345
0.894254
0.897822
0.897385
0.899182
0.897624
0.899983
0.136842
0.885086
0.875234
0.896896
0.90202
0.89408
0.550488
0.896976
0.167495
0.895332
0.870452
0.317372
0.894831
0.900382
0.897467
0.89406
0.855295
0.900723
0.883589
0.897545
0.89494
0.897545
0.901859
0.89836
0.0317516
0.0850418
0.896083
0.734868
0.901916
0.897567
0.896941
0.902135
0.0630936
0.897916
0.893757
0.892858
0.895207
0.895854
0.892271
0.893124
0.895832
0.895591
0.893637
0.898268
0.900053
0.887019
0.898162
0.894276
0.89239
0.894631
0.900332
0.884272
0.894141
0.901403
0.856445
0.89779
0.903051
0.891606
0.884107
0.889483
0.723547
0.898293
0.900036
0.898272
0.883351
0.901684
0.900342
0.89588
0.896649
0.890597
0.90112
0.899307
0.897083
0.000322803
0.871046
0.565577
0.896888
0.89785
0.900003
0.895265
0.899885
0.901364
0.898059
1
0.898735
0.890781
0.896362
0.895394
0.900426
0.89328
0.899451
0.900414
0.898557
0.883191
0.900436
0.896457
0.899604
0.899094
0.896586
0.90202
0.90178
0.893924
0.32339
0.895325
0.877419
0.891836
0.896236
0.863539
0.900388
0.220716
0.89812
0.897301
0.868799
0.754701
0.900449
0.70778
0.899588
0.896975
0.897117
0.897419
0.895459
0.875811
0.89456
0.896438
0.896461
0.890922
0.900805
0.897808
0.898489
0.894777
0.900764
0.899154
0.89312
0.868757
0.897627
0.896633
0.84561
0.901361
0.873362
0.896626
0.173157
0.898592
0.89799
0.892953
0.898271
0.887857
0.894554
0.898554
0.898817
0.896039
0.901128
0.477529
0.896157
0.896492
0.891195
0.897705
0.895821
0.901144
0.899658
0.900194
0.887683
0.901538
0.0795739
0.89699
0.890442
0.900675
0.885588
0.901306
0.870633
0.895569
0.899547
0.895406
0.897381
0.895373
0.900043
0.893145
0.890947
0.883873
0.875005
0.889144
0.895408
0.901234
0.890008
0.891533
0.896533
0.897104
0.901158
0.894155
0.896612
0.894531
0.899435
0.890605
0.0102123
0.898305
0.897018
0.901271
0.894134
0.892044
0.898322
0.896951
0.902411
0.894009
0.891518
0.901379
0.896196
0.895361
0.896023
0.897252
0.900754
0.898714
0.895577
0.90149
0.895062
0.901271
0.900555
0.901028
0.894565
0.88537
0.887707
1
0.897497
0.901317
0.894807
0.899796
0.346962
0.89509
0.899979
0.903574
0.894463
0.894991
0.896124
0.742299
0.88828
0.89869
1
0.899951
0.175628
0.886314
0.891513
0.896745
0.896168
0.902268
0.581497
0.896636
0.892438
0.896613
0.894645
0.895747
0.897541
0.85447
0.891844
0.909435
0.90075
0.895986
0.897357
0.0913548
0.894578
0.897125
0.893296
0.903357
0.900359
0.376334
0.89981
0.271582
0.89411
0.896751
0.899463
0.893338
0.398442
0.891902
0.899784
0.877459
0.894348
0.894689
0.892858
0.894467
0.900468
0.900088
0.897177
0.898428
0.894736
0.90209
0.893631
0.898343
0.888591
0.905063
0.901198
0.900951
0.894479
0.900915
0.897806
0.891882
0.876937
0.892345
0.885748
0.895268
0.898393
0.893256
0.894383
0.897122
0.890579
0.895084
0.896528
0.89244
0.897869
0.891133
0.89289
0.897362
0.895781
0.902403
0.89885
0.900266
0.896018
0.901475
0.898224
0.899851
0.125539
0.896388
0.896579
0.895109
0.897282
0.891805
0.893137
0.898419
0.89417
0.885011
0.903207
0.709268
0.892611
0.893414
0.894689
0.897286
0.898513
0.894718
0.891917
0.900611
0.897024
0.474003
0.895926
0.899568
0.896782
0.893665
0.351023
0.898156
0.901164
0.899827
0.902234
0.89055
0.900178
0.898312
0.901206
0.896629
0.332004
0.899584
0.898034
0.900446
0.893439
0.255924
0.903221
0.901588
0.487628
0.895802
0.895507
0.900798
0.885104
0.892199
0.901484
0.896429
0.893768
0.892925
0.866206
0.896755
0.896996
0.894384
0.893035
0.895884
0.0924998
0.883859
0.894487
0.900297
0.89022
0.011988
0.900702
0.364525
0.894468
0.898527
0.895334
0.900914
0.897512
0.894876
0.901794
0.890296
0.895405
0.897593
0.901294
0.899397
0.893905
0.896742
0.861285
0.896834
0.89585
0.896236
0.892884
0.899279
0.896161
0.89875
0.897859
0.895929
0.89815
0.0299715
0.897741
0.897399
0.875073
0.89458
0.894436
0.889322
0.894019
0.894808
0.895683
0.901782
0.861193
0.895122
0.901476
0.899704
0.00886794
0.851288
0.900542
0.895506
0.897693
0.894436
0.537785
0.891164
0.893507
0.897843
0.89801
0.893971
0.897107
0.89673
0.894303
0.894823
0.89777
0.891523
0.899869
0.848814
0.898621
0.895107
0.895406
0.899237
0.894039
0.896725
0.891669
0.894888
0.901063
0.897435
0.773008
0.902263
0.892705
0.857893
0.877305
0.894478
0.899015
0.897096
0.892201
0.899452
0.896194
0.892122
0.897861
0.899629
0.355051
0.896144
0.899978
0.897801
0.900524
0.101415
0.899312
0.891123
0.900467
0.893299
0.891004
0.893725
0.90389
0.843144
0.895667
0.901663
0.900881
0.898847
0.901933
0.309631
0.880835
0.89749
0.896391
0.899009
0.891412
0.89535
0.899627
0.898599
0.8935
0.89602
0.828492
0.896821
0.895442
0.863578
0.901014
0.882234
0.889237
0.898944
0.898605
0.895075
0.900376
0.899554
0.895796
0.901653
0.899484
0.899065
0.897169
0.893754
0.874177
0.899966
0.898101
0.891891
0.900292
0.889142
0.896302
0.898629
0.89497
0.896862
0.901304
0.894339
0.899002
0.897828
0.212852
0.661668
0.899799
0.898566
0.890459
0.899474
0.896454
0.895252
0.900149
0.892601
0.898722
0.900214
0.895253
0.900734
0.894781
0.896445
0.0670816
0.941812
0.89748
0.895205
0.889285
0.0699872
0.883915
0.89694
0.895304
0.896446
0.0949044
0.896482
0.89858
0.898649
0.8972
0.229417
0.900269
0.8989
0.356036
0.902732
0.898722
0.811732
0.892895
0.894959
0.898829
0.902325
0.899586
0.897344
0.896962
0.891275
0.893463
0.894871
0.899151
0.898217
0.898174
0.898119
0.891574
0.900669
0.900588
8.12057e-05
0.895858
0.894991
0.895852
0.75099
0.895452
0.892638
0.901336
0.884338
0.895056
0.895673
0.900975
0.896417
0.8867
0.897015
0.900757
0.85895
0.8952
0.900229
0.392906
0.899502
0.903306
0.688969
0.890868
0.898474
0.341234
0.849047
0.893977
0.275454
0.890535
0.897442
0.889941
0.883482
0.900672
0.900846
0.901487
0.895436
0.896414
0.898638
0.893125
0.899269
0.900749
0.895026
0.893806
0.897239
0.891186
0.888448
0.890573
0.891565
0.898485
0.902668
0.898194
0.895878
0.890869
0.892781
0.901712
0.110082
0.89851
0.897068
0.890898
0.88947
0.246212
0.897718
0.896344
0.887247
0.898822
0.901924
0.898293
1
0.0084862
0.900589
0.896379
0.901115
0.900415
0.896322
0.886242
0.861037
0.899116
0.896654
0.804656
0.907413
0.896313
0.896978
0.896231
0.898998
0.895079
0.899048
0.896347
0.897458
0.901306
0.896373
0.900276
0.898734
0.896137
0.901215
0.899394
0.898887
0.894402
0.895738
0.892098
0.874443
0.898543
0.891912
0.894425
0.895387
0.894197
0.897043
0.890757
0.895725
0.894935
0.900153
0.895216
0.893788
0.899133
0.892979
0.195638
0.900872
0.900269
0.896319
0.897088
0.891505
0.900733
0.900241
0.856892
0.897791
0.895543
0.893644
0.895039
0.894847
0.898623
8.81301e-05
0.897001
0.899609
0.402089
0.794736
0.899659
0.902052
0.158318
0.901334
0.895049
0.89965
0.903073
0.895789
0.892813
0.897228
0.899478
0.898367
0.891687
0.879896
0.896174
0.897987
0.896073
0.894009
0.898197
0.89223
0.897194
0.897371
0.00356938
0.896663
0.892823
0.89116
0.897507
0.893444
0.895879
0.893161
0.89478
0.895802
0.890235
0.892096
0.895708
0.894091
0.89589
0.893766
0.776448
0.898754
0.244593
0.895042
0.696363
0.897204
0.901887
0.893779
0.887107
0.898876
0.901691
0.899991
0.894196
0.896306
0.901705
0.901316
0.895069
0.899861
0.89816
0.872926
0.896058
0.900272
0.901461
0.897138
0.894563
0.899522
0.890317
0.00665329
0.891201
0.894956
0.897476
0.124312
0.895687
0.902183
0.896011
0.898388
0.899469
0.894644
0.894166
0.899904
0.902881
0.899898
0.88965
0.898743
0.898562
0.897971
0.900849
0.897382
0.898289
0.899584
0.897698
0.897457
0.896168
0.896734
0.899175
0.897377
0.892431
0.88549
0.900654
0.894159
0.903754
0.900102
0.0109989
0.899082
0.878823
0.8971
0.900433
0.901726
0.894612
0.892498
0.89567
0.90017
0.891104
0.898416
0.891745
0.892412
0.894905
0.893723
0.901798
0.891722
0.878118
0.895644
0.894248
0.898867
0.894194
0.891277
0.898616
0.893059
0.895952
0.864015
0.89959
0.900578
0.893328
0.90024
0.884925
0.89999
0.901988
0.898829
0.893394
0.899656
0.895552
0.892226
0.89713
0.893408
0.249134
0.899862
0.892473
0.897909
0.897585
0.853216
0.901785
0.891295
0.899461
0.895102
0.89476
0.891869
0.894849
0.878909
0.897303
0.899482
0.897773
0.898204
0.895764
0.903066
0.895387
0.895063
0.890856
0.893946
0.901135
0.896731
0.891722
0.900935
0.901522
0.89959
0.896388
0.895101
0.894866
0.900743
0.897119
0.899793
0.893894
0.900884
0.89271
0.892363
0.893702
0.901824
0.212472
0.893436
0.901567
0.900014
0.893409
0.896032
0.89212
0.898387
0.896178
0.898843
0.841142
0.89856
0.877019
0.882585
0.902541
0.895756
0.895638
0.891419
0.901155
0.897686
0.890626
0.898473
0.895812
0.899917
0.784848
0.8987
0.247761
0.90133
0.888344
0.894354
0.903475
0.90181
0.888396
0.899747
0.898672
0.89614
0.897388
0.895891
0.892813
0.899739
0.897827
0.895183
0.899772
0.901351
0.900688
0.950108
0.897463
0.893013
0.893631
0.896404
0.894107
0.886104
0.889428
0.881688
0.900946
0.0213816
0.894833
0.89471
0.89912
0.898644
0.290752
0.866194
0.89071
0.899013
0.893019
0.900291
0.888607
0.898861
0.891632
0.899808
0.896551
0.900214
0.894988
0.898636
0.89223
0.89552
0.894706
0.898831
0.899424
0.226643
0.897134
0.895572
0.901596
0.898066
0.891793
0.898082
0.132587
0.901444
0.89734
0.89047
0.897728
0.898526
0.900305
0.899127
0.899385
0.901991
0.895444
0.89934
0.898879
0.895757
0.899543
0.896177
0.901075
0.896541
0.895169
0.895892
0.881724
0.892653
0.902479
0.898599
0.894961
0.894582
0.882735
0.893878
0.852674
0.320624
0.896033
0.255092
0.899639
0.875465
0.898056
0.891113
0.896191
0.895938
0.897112
0.105687
0.871761
0.872622
0.897719
0.607612
0.899584
0.897897
0.894534
0.89823
0.483143
0.896964
0.894162
0.898398
0.90076
0.893848
0.898329
0.899472
0.898767
0.89464
0.900487
0.831664
0.891511
0.899164
0.901713
0.356788
0.896019
0.894416
0.898501
0.896055
0.248768
0.900226
0.899215
0.894858
0.895282
0.897715
0.895979
0.899703
0.902114
0.897973
0.893181
0.899863
0.898693
0.893914
0.891813
0.894339
0.901122
0.899297
0.896542
0.900319
0.863504
0.894627
0.902639
0.900428
0.74436
0.900605
0.899573
0.89544
0.873959
0.89794
0.891661
0.441329
0.896776
0.897251
0.896804
0.890707
0.893547
0.894114
0.893073
0.895417
0.876208
0.294524
0.89348
0.899627
0.781587
0.895659
0.899088
0.895106
0.343024
0.892128
0.84582
0.89654
0.897803
0.897794
0.898545
0.900055
0.900716
0.895484
0.873196
0.900057
0.902175
0.897827
0.087202
0.897729
0.8997
0.898873
0.692483
0.896456
0.895441
0.896489
0.891297
0.896836
0.899317
0.898217
0.891053
0.89275
0.890214
0.903858
0.896516
0.900121
0.895251
0.898143
0.893656
0.898068
0.898897
0.897391
0.880226
0.890492
8.441e-05
0.895975
0.902256
0.257069
0.900488
0.895317
0.896438
0.895593
0.900141
0.901161
0.900907
0.906556
0.0779282
0.896101
0.84705
0.900139
0.899729
0.897073
0.881996
0.893175
0.89386
0.878653
0.892627
0.899742
0.886827
0.901128
0.900756
0.895863
0.017858
0.900327
0.861355
0.88869
0.896859
0.896001
0.810264
0.899051
0.896412
0.896398
0.898156
0.898292
0.873928
0.452997
0.89627
0.896181
0.899693
0.329584
0.90377
0.901285
0.89416
0.895636
0.893032
0.897627
0.893906
0.880016
0.868722
0.898465
0.893928
0.0424195
0.895247
0.897637
0.884501
0.897423
0.889302
0.897942
0.8996
0.898134
0.887334
0.897154
0.891352
0.900625
0.892568
0.897572
0.898976
0.892005
0.900902
0.90375
0.893287
0.894599
0.828771
0.893335
0.303698
0.0177673
0.898041
0.900363
0.89287
0.894867
0.901639
0.89369
0.821306
0.900902
0.896134
0.872189
0.895886
0.864444
0.895121
0.894232
0.900569
0.895794
0.891719
0.894583
0.889898
0.893969
0.885288
0.888302
0.896433
0.892868
0.883028
0.891416
0.899542
0.893211
0.89807
0.886823
0.355119
0.890534
0.893156
0.899612
0.897819
0.897622
0.895181
0.901238
0.899352
0.896643
0.895242
0.892325
0.439271
0.895589
0.891875
0.893141
0.898465
0.107659
0.852621
0.899458
0.900315
0.338519
0.900403
0.900579
0.896485
0.897129
0.896461
0.902472
0.892156
0.8978
0.227176
0.889441
0.89298
0.901435
0.894715
0.89515
0.839856
0.892378
0.890631
0.892925
0.137096
0.896388
0.89946
0.89968
0.898094
0.893287
0.900805
0.89561
0.896949
0.892809
0.889585
0.893633
0.900396
0.896739
0.858004
0.895838
0.901408
0.893777
0.895085
0.898054
0.893694
0.111922
0.899849
0.89988
0.898635
0.894599
0.897417
0.89565
0.89901
0.892259
0.894192
0.894641
0.892633
0.900402
0.90116
0.878982
0.887024
0.900617
0.902143
0.896738
0.898821
0.901049
0.896345
0.895539
0.413188
0.891508
0.901416
0.900025
0.873942
0.900253
0.891058
0.895892
0.894625
0.896344
0.892955
0.891221
0.899722
0.892477
0.892442
0.0136718
0.825747
0.895522
0.776275
0.891509
0.893954
0.894111
0.897457
0.895984
0.896129
0.896554
0.901727
0.893913
0.899568
0.897154
0.901114
0.87534
0.901681
0.898267
0.892267
0.766671
0.899425
0.876477
0.897404
0.895751
0.898456
0.897368
0.897422
0.900703
0.898411
0.901691
0.897881
0.899131
0.216157
0.899547
0.893984
0.90092
0.900865
0.897365
0.888971
0.898983
0.893085
0.901351
0.894774
0.894422
0.896075
0.896226
0.895859
0.898934
0.894877
0.898616
0.89738
0.89506
0.894345
0.897964
0.894351
0.892592
0.900555
0.898324
0.895341
0.898748
0.897294
0.897935
0.112815
0.901186
0.894152
0.89854
0.898903
0.460012
0.881753
0.888386
0.900017
0.80718
0.899725
0.8968
0.898098
0.893688
0.899
0.899643
0.89593
0.896798
0.888848
0.888948
0.000342248
0.899559
0.891696
0.895891
0.893597
0.902415
0.892256
0.900761
0.894883
0.902447
0.899921
0.89297
0.901321
0.894408
0.902628
0.893396
0.897771
0.899048
0.897751
0.898806
0.89232
0.895575
0.872127
0.898104
0.898987
0.892406
0.897379
0.889815
0.901073
0.0195541
0.89511
0.89876
0.900641
0.893058
0.897743
0.884223
0.898252
0.892903
0.898839
0.892233
0.894297
0.895367
0.895046
0.895959
0.896928
0.896659
0.362147
0.893949
0.0641794
0.396349
0.894849
0.889354
0.900341
0.895814
0.562512
0.899773
0.900657
0.900938
0.895416
0.8933
0.900255
0.899846
0.896431
0.90105
0.892294
0.897361
0.89239
0.9007
0.899129
0.0516181
0.897013
0.896045
0.898247
0.895625
0.899578
0.866818
0.896715
0.895286
0.89584
0.901345
0.898951
0.902002
0.898696
0.896688
0.902442
0.900521
0.899635
0.895918
0.896764
0.894128
0.324156
0.689291
0.895908
0.892736
0.893696
0.894932
0.898423
0.896152
0.896188
0.890098
0.897687
0.901362
0.896087
0.896311
0.893402
0.263019
0.891013
0.894366
0.900865
0.899251
0.890339
0.897974
0.896685
0.886643
0.893965
0.895751
0.895795
0.892797
0.894687
0.87681
0.904972
0.899474
0.852391
0.898906
0.892636
0.480225
0.899629
0.787774
0.896919
0.899423
0.894034
0.892857
0.900771
0.890692
0.901544
0.894892
0.891312
0.893646
0.366341
0.89673
0.89714
0.164794
0.880347
0.897639
0.899005
0.898121
0.899754
0.894406
0.897598
0.899667
0.897878
0.89684
0.898782
0.888515
0.889501
0.897948
0.894731
0.886902
0.9
0.901116
0.89956
0.893988
0.898753
0.896917
0.901757
0.295541
0.895986
0.896162
0.896919
0.889954
0.895315
0.898018
0.137352
0.896043
0.898254
0.896818
0.900635
0.89516
0.900001
0.896981
0.888896
0.894114
0.896722
0.840435
0.901067
0.89577
0.902703
0.895207
0.898344
0.354156
0.897376
0.902031
0.897832
0.895287
0.900181
0.898936
0.898902
0.900594
0.899072
0.890851
0.900419
0.892212
0.401558
0.899966
0.851417
0.861085
0.894653
0.901874
0.898384
0.902209
0.898587
0.891916
0.891457
0.890843
0.899193
0.895892
0.891345
0.901721
0.898429
0.898494
0.898759
0.0685235
0.881354
0.402642
0.856199
0.894782
0.894341
0.899729
0.89916
0.894792
0.896786
0.893998
0.547258
0.879817
0.899649
0.899135
0.901244
0.883635
0.90038
0.888286
0.899679
0.887566
0.897498
0.895953
0.891459
0.900783
0.892997
0.899169
0.832367
0.897372
0.893152
0.894193
0.90125
0.898822
0.878563
0.897247
0.832347
0.895442
0.890319
0.89324
0.895411
0.901043
0.89866
0.89821
0.897981
0.899879
0.90402
0.900738
0.894114
0.895122
0.897385
0.899683
0.891372
0.899859
0.894421
0.894848
0.898935
0.890724
0.474079
0.0526919
0.278381
0.896447
0.899082
0.887511
0.884657
0.891745
0.899598
0.897538
0.894261
0.895366
0.900885
0.894882
0.895313
0.900387
0.892144
0.901706
0.896552
0.898271
0.898172
0.221721
0.893166
0.899461
0.896519
0.897657
0.896503
0.899264
0.897056
0.895831
0.902172
0.89175
0.368149
0.899162
0.897334
0.900574
0.886207
0.893777
0.899612
0.899023
0.893564
0.896298
0.902719
0.895311
0.893866
0.895941
0.896372
0.895978
0.899958
0.89698
0.888547
0.898822
0.898583
0.893862
0.896468
0.898511
0.897986
0.896807
0.895427
0.895482
0.894918
0.89621
0.893042
0.897381
0.877661
0.899972
0.458142
0.892659
0.901157
0.898321
0.90066
0.89448
0.894853
0.89358
0.894281
0.894281
0.727932
0.894846
0.892537
0.814425
0.894306
0.865125
0.901964
0.893431
0.899834
0.89284
0.842567
0.900564
0.892047
0.897741
0.892119
0.900142
0.893479
0.897705
0.896437
0.897897
0.857843
0.875356
0.895385
0.901063
0.89616
0.89953
0.901838
0.89664
0.900749
0.898937
0.897732
0.87565
0.454164
0.897975
0.899132
0.89386
0.900194
0.898902
0.892757
0.894385
0.900227
0.896748
0.896378
0.824113
0.867676
0.872976
0.899356
0.898574
0.896126
0.898307
0.858984
0.90172
0.663197
0.89487
0.901604
0.897429
0.899005
0.900943
0.893444
0.683639
0.894816
0.898417
0.898629
0.891688
0.901368
0.897751
0.89531
0.894547
0.108735
0.900793
0.899179
0.899862
0.897918
0.895805
0.898216
0.898043
0.897936
0.894151
0.881161
0.901894
0.896502
0.900047
0.895153
0.885084
0.885573
0.892653
0.890946
0.894716
0.894247
0.893998
0.764135
0.894435
0.146155
0.90108
0.894075
0.901599
0.900131
0.88469
0.895649
0.880932
0.900777
0.895397
0.898706
0.897072
0.900342
0.895402
0.887275
0.892588
0.898333
0.000312725
0.12427
0.89752
0.90039
0.886457
0.890727
0.893601
0.889454
0.884873
0.846651
0.896439
0.840926
0.897586
0.898969
0.897737
0.885787
0.898563
0.863033
0.89535
0.901864
0.894607
0.888074
0.903389
0.898399
0.896514
0.897388
0.900012
0.899427
0.899441
0.895724
0.896052
0.901685
0.891621
0.90019
0.025304
0.895758
0.899334
0.896469
0.892768
0.0845523
0.889931
0.900514
0.89184
0.895859
0.845484
0.895136
0.172019
0.902678
0.900957
0.889681
0.898995
6.63562e-05
0.897767
0.892504
0.895895
0.897804
0.0619112
0.898049
0.88339
0.894915
0.896548
0.895956
0.901675
0.897233
0.89439
0.897479
0.901591
0.834077
0.894023
0.88409
0.894464
0.895345
0.898646
0.894985
0.795557
0.895412
0.897875
0.899764
0.899318
0.901757
0.121441
0.899193
0.90131
0.898395
0.878771
0.896264
0.890233
0.897628
0.899956
0.895731
0.0773903
0.8933
0.875891
0.898886
0.897052
0.893274
0.899804
0.894425
0.899486
0.898661
0.888532
0.897124
0.899293
0.895414
0.901842
0.898043
0.901122
0.895348
0.889134
0.44195
0.892495
0.894856
0.895233
0.901523
0.899978
0.900365
0.900655
0.874685
0.890669
0.897348
0.900533
0.895827
0.899749
0.890055
0.896904
0.890234
0.893122
0.899134
0.897012
0.895758
0.89904
0.898193
0.897732
0.899692
0.903871
0.896498
0.18655
0.118669
0.898819
0.894266
0.897245
0.900637
0.896645
0.900025
0.895663
0.896813
0.882798
0.86998
0.900213
0.899628
0.703001
0.901353
0.898892
0.894294
0.895581
0.898203
0.900125
0.896229
0.893521
0.892997
0.894263
0.891865
0.903028
0.897109
0.889245
0.894949
0.896087
0.897235
0.357794
0.863367
0.895728
0.897076
0.895224
0.893584
0.884004
0.900025
0.899
0.894252
0.299796
0.901685
0.082942
0.897193
0.865218
0.892929
0.895604
0.876102
0.894395
0.900483
0.898275
0.896732
0.492966
0.898667
0.899217
0.89677
0.896679
0.900662
0.900594
0.888199
0.895021
0.898018
0.899725
0.890374
0.897623
0.902994
0.896547
0.889005
0.898012
0.900691
0.897333
0.888754
0.89866
0.896825
0.901463
0.897974
0.90084
0.889394
0.899699
0.900879
0.893467
0.898033
0.90002
0.894233
0.897303
0.89827
0.893394
0.892541
0.893097
0.899824
0.9004
0.218867
0.895517
0.892567
0.895591
0.898743
0.899599
0.905214
0.902343
0.898402
0.895305
0.869497
0.897133
0.900298
0.901092
0.896039
0.893817
0.895704
0.893333
0.266785
0.897796
0.308684
0.892084
0.89011
0.893635
0.895947
0.897507
0.895225
0.898068
0.387585
0.89251
0.896583
0.890925
0.894848
0.897213
0.893743
0.880171
0.106999
0.895204
0.895263
0.895122
0.892599
0.898415
0.904717
0.895132
0.890759
0.902135
0.889827
0.896102
0.413998
0.897817
0.893901
0.898648
0.901254
0.896337
0.898963
0.895268
0.897093
0.896015
0.896154
0.89648
0.898695
0.899361
0.894318
0.892284
0.860121
0.90238
0.897893
0.89276
0.897727
0.89068
0.897441
0.891389
0.895605
0.898943
0.897831
0.901172
0.89885
0.89515
0.880751
0.897446
0.89997
0.90129
0.894179
0.900241
0.898783
0.903654
0.898157
0.900537
0.90258
0.0936355
0.901535
0.892537
0.902549
0.90172
0.281526
0.89752
0.89822
0.897692
0.897952
0.898267
0.896515
0.791862
0.899091
0.893417
0.141991
0.875372
0.859519
0.896738
0.898424
0.897343
0.824692
0.89901
0.897339
0.899592
0.900689
0.896202
0.897306
0.896046
0.889973
0.892567
0.898791
0.892291
0.893477
0.89977
0.8986
0.896154
0.895931
0.894676
0.876195
0.897083
0.897874
0.902024
0.899432
0.875206
0.461268
0.899818
0.802225
0.899578
0.166238
0.898839
0.89679
0.901112
0.895554
0.898103
0.882114
0.872983
0.423831
0.217661
0.892614
0.89771
0.900387
0.895851
0.893733
0.895722
0.894776
0.898506
0.898078
0.893994
0.897484
7.49602e-05
0.895149
0.900465
0.898668
0.897757
0.895957
0.895395
0.900265
0.896146
0.899356
0.891759
0.898305
0.897731
0.897272
0.894163
0.387926
0.8906
0.898368
0.894831
0.899034
0.900256
0.897264
0.191101
0.896433
0.838835
0.895287
0.894683
0.692222
0.891225
0.900232
0.98812
0.0558248
0.898125
0.88782
0.894561
0.940514
0.900743
0.900225
0.898033
0.740245
0.89216
0.898289
0.896458
0.768151
0.89339
0.888573
0.892292
0.886686
0.898394
0.896465
0.894398
0.894589
0.902671
0.899645
0.896169
0.87515
0.888171
0.897474
0.902705
0.89855
0.899506
0.894411
0.900191
0.410309
0.896704
0.0349027
0.902148
0.890109
0.898224
0.895559
0.900336
0.900724
0.847292
0.898067
0.891319
0.896396
0.876898
0.899579
0.894921
0.888756
0.896901
0.898019
0.870432
0.894914
0.901947
0.901194
0.900511
0.892286
0.894004
0.899491
0.900052
0.901715
0.895126
0.797962
0.899943
0.899337
0.899681
0.894003
0.889369
0.895023
0.897859
0.891785
0.893989
0.891573
0.895204
0.901513
0.900914
0.898267
0.210951
0.894279
0.9
0.896213
0.892733
0.900599
0.897938
1
0.823836
0.898854
0.896537
0.890201
0.899165
0.897809
0.894487
0.899251
0.878735
0.191649
0.894612
0.312453
0.887367
0.896436
0.8963
0.899278
0.900383
0.894093
0.895879
0.90204
0.90264
0.897213
0.901082
0.897575
0.897426
0.895307
0.898005
0.896762
0.897915
0.897134
0.901002
0.900503
0.907074
0.897512
0.896206
0.898325
0.895466
0.894275
0.852569
0.896372
0.89484
0.897707
0.901146
0.89494
0.896941
0.893677
0.902038
0.897185
0.896711
0.90072
0.899064
0.897153
0.897893
0.893319
0.24406
0.896762
0.896853
0.895137
0.896582
0.84321
0.894387
0.193345
0.900639
0.900303
0.0701351
0.87453
0.897948
0.899073
0.90038
0.904182
0.895472
0.899465
0.900842
0.898163
0.897654
0.891516
0.158243
0.896551
0.766027
0.893659
0.900839
0.892253
0.900089
0.896257
0.894489
0.901976
0.898539
0.897969
0.901565
0.902635
0.491527
0.899118
0.219606
0.899291
0.893948
0.901714
0.901949
0.899142
0.891796
0.89394
0.896524
0.499477
0.897374
0.897138
0.901855
0.89926
0.00360749
0.900704
0.896602
0.901075
0.854461
0.900722
0.897047
0.901328
0.893504
0.897931
0.896631
0.895269
0.895131
0.89749
0.895722
0.893475
0.894847
0.898901
0.897683
0.447171
0.862628
0.89557
0.891247
0.889137
0.898952
0.892173
0.898045
0.000308913
0.858279
0.895826
0.897064
0.899406
0.891261
0.894549
0.89809
0.898645
0.900452
0.892735
0.902074
0.851117
0.894029
0.899081
0.892399
0.901105
0.893214
0.0717479
0.877535
0.900216
0.415813
0.890839
0.894842
0.900205
0.896371
0.863988
0.89221
0.899005
0.895884
0.884311
0.898105
0.898304
0.900375
0.902835
0.895994
0.891843
0.908482
0.90177
0.176011
0.893399
0.898883
0.896529
0.900231
0.901415
0.899379
0.899459
0.864683
0.899372
0.900306
0.29835
0.895351
0.900226
0.897405
0.89442
0.879581
0.901
0.900336
0.897761
0.892758
0.898567
0.89972
0.89201
0.1729
0.900792
0.897439
0.893444
0.894914
0.900199
0.899937
0.898201
0.897697
0.882128
0.898207
0.899311
0.894515
0.890048
0.895717
0.897925
0.896458
0.873774
0.897377
0.889412
0.896551
0.893968
0.891596
0.901196
0.0642354
0.899185
0.894901
0.892431
0.895043
0.895576
0.829734
0.899197
0.901204
0.894228
0.896561
0.89867
0.90061
0.899211
0.291348
0.901192
0.893122
0.893881
0.896766
0.891948
0.900792
0.893197
0.899432
0.89189
0.897744
0.901367
0.898652
0.899267
0.887446
0.898162
0.867847
0.89824
0.899635
0.888785
0.889031
0.890934
0.045003
0.83242
0.891319
0.897344
0.892087
0.888223
0.895606
0.978159
0.899329
0.905
0.900936
0.876412
0.770829
0.897623
0.897579
0.895609
0.8985
0.894557
0.8958
0.896372
0.899071
0.894314
0.89879
0.894289
0.90098
0.89778
0.892755
0.899967
0.895556
0.897271
0.896437
0.900946
0.824015
0.898854
0.891627
0.901865
0.896752
0.898602
0.901127
0.89221
0.878785
0.895424
0.890918
0.79078
0.366687
0.87587
0.897366
0.897998
0.902158
0.896168
0.898537
0.899349
0.297714
0.897183
0.896741
0.890333
0.897014
0.897684
0.906267
0.902056
0.894043
0.897735
0.857508
0.897404
0.242787
0.894284
0.901553
0.108074
0.897288
0.898738
0.887289
0.895171
0.846069
0.902687
0.890416
0.901057
0.896369
0.896517
0.896662
0.899817
0.079211
0.89698
0.897981
0.295774
0.315296
0.86381
0.89947
0.895241
0.898133
0.901021
0.892768
0.892929
0.890952
0.897211
0.89725
0.900596
0.894827
0.894531
0.898291
0.83674
0.328122
0.882176
0.891852
0.898583
0.896726
0.891855
0.893635
0.89749
0.896625
0.0906068
0.897909
0.900266
0.895398
0.89726
0.901438
0.896332
0.894949
0.899706
0.890961
0.899169
0.898813
0.897722
0.894822
0.895747
0.898298
0.900447
0.895081
0.89982
0.899142
0.900513
0.898113
0.896615
0.898449
0.897028
0.892581
0.895608
0.900075
0.89762
0.897279
0.896738
0.900665
0.893047
0.893298
0.896122
0.8966
0.895536
0.872901
0.898337
0.895863
0.151233
0.900824
0.893233
0.896092
0.900458
0.897617
0.90053
0.888702
0.316332
0.88782
0.89817
0.894343
0.887409
0.900762
0.902088
0.898221
0.897732
0.901928
0.892315
0.900339
0.892823
0.898351
0.90151
0.898185
0.87052
0.89575
0.895819
0.893166
0.890553
0.897585
0.894303
0.894711
0.893973
0.894441
0.0110727
0.897894
0.896329
0.893054
0.901316
0.896965
0.18181
0.702522
0.897314
0.895866
0.898009
0.895742
0.896264
0.900675
0.896276
0.90099
0.170234
0.901946
0.900479
0.377863
0.830318
0.899005
0.893181
0.8979
0.900829
0.445604
0.897956
0.896672
0.895242
0.893828
0.895577
0.894462
0.896737
0.899517
0.897387
0.890788
0.89874
0.894785
0.897563
0.893183
0.900001
0.899325
0.898163
0.898363
0.901634
0.00408243
0.900329
0.158455
0.899789
0.893584
0.900775
0.898809
0.897987
0.884399
0.899458
0.899911
0.899464
0.894133
0.899153
0.899154
0.897306
0.899724
0.90228
0.891002
0.898824
0.888536
0.881532
0.8965
0.897059
0.897522
0.899043
0.884223
0.888251
0.897744
0.899564
0.899185
0.896629
0.892501
0.894508
0.896558
0.899674
0.8765
0.897134
0.894005
0.900279
0.89539
0.892161
0.897444
0.897058
0.90229
0.894243
0.90074
0.898408
0.892731
0.900629
0.89985
0.89475
0.149257
0.900091
0.665733
0.896505
0.137245
0.900652
0.89625
0.227478
0.898099
0.898394
0.897752
0.875099
0.898806
0.899239
0.895434
0.899682
0.897669
0.894635
0.897966
0.89541
0.897703
0.895321
0.891886
0.901887
0.897672
0.899521
0.898818
0.858235
0.899745
0.880343
0.217328
0.894248
0.901799
0.895655
0.895713
0.893329
0.896458
0.893445
0.89338
0.897664
0.271659
0.898062
0.899959
0.900235
0.898021
0.896463
0.871963
0.900656
0.866486
0.892323
0.00629173
0.899953
0.249271
0.897835
0.871639
0.901822
0.901877
0.900402
0.902556
0.88969
0.900158
0.900195
0.89421
0.897513
0.895646
0.894293
0.89328
0.89571
0.643197
0.88342
0.898258
0.896107
0.71896
0.89684
0.898008
0.897589
0.901167
0.893879
0.900619
0.897961
0.892547
0.900778
0.895377
0.893576
0.899579
0.891954
0.898757
0.895643
0.890531
0.893774
0.884832
0.899881
0.900826
0.150932
0.827301
0.893101
0.898067
0.767946
0.890117
0.891369
0.899799
0.901297
0.889965
0.890861
0.790731
0.902065
0.000248475
0.893935
0.895548
0.857668
0.870222
0.900678
0.8944
0.896316
0.895087
0.899551
0.899651
0.89958
0.897716
0.899986
0.891979
0.111939
0.897453
0.897519
0.0994841
0.788499
0.898178
0.900117
0.887708
0.902614
0.899333
0.901199
0.898162
0.8957
0.884527
0.892628
0.901349
0.900441
0.894674
0.900069
0.897082
0.898198
0.892086
0.899959
0.891329
0.899266
0.880062
0.877779
0.892392
0.894732
0.685187
0.894302
0.897128
0.890961
0.892434
0.890023
0.899858
0.897308
0.28107
0.902472
0.893842
0.854728
0.898318
0.897458
0.890889
0.8983
0.899902
0.896749
0.895387
0.895503
0.86547
0.887142
0.892499
0.90072
0.90041
0.900576
0.899914
0.900688
0.900886
0.899133
0.898095
0.879016
0.861666
0.90207
0.899248
0.9002
0.726659
0.887596
0.897486
0.900568
0.897023
0.900759
0.896134
0.90257
0.900538
0.980149
0.898567
0.899345
0.894357
0.374255
0.869159
0.895515
0.898721
0.896667
0.896929
0.90069
0.90017
0.894887
0.899664
0.891267
0.849779
0.892682
0.891326
0.897578
0.893646
0.899582
0.902587
0.89531
0.895063
0.641324
0.887497
0.892595
0.89958
0.82804
0.893162
0.897679
0.895908
0.897013
0.902282
0.895209
0.896326
0.899363
0.89482
0.899019
0.895618
0.771265
0.892566
0.897838
0.901694
0.896347
0.895436
0.899287
0.895861
0.89299
0.897623
0.896954
0.899753
0.896718
0.890957
0.899144
0.897551
0.896557
0.0756765
0.896255
0.882912
0.891404
0.902186
0.899119
0.896279
0.871447
0.891424
0.900197
0.9
0.901231
0.898793
0.899055
0.884855
0.89562
0.204549
0.900525
0.900315
0.893298
0.897914
0.877127
0.900454
0.89249
0.406278
0.892342
0.894218
0.901618
0.896307
0.900907
0.898039
0.842007
0.900255
0.8996
0.255763
0.897447
0.906889
0.897873
0.895599
0.900497
0.0520388
0.891134
0.882908
0.897052
0.898915
0.894979
0.205828
0.902174
0.896969
0.897025
0.902139
0.900759
0.898212
0.337528
0.578492
0.898637
0.895872
0.347926
1
0.890793
0.899743
0.894762
0.900321
0.872926
0.897762
0.893158
0.63018
0.89633
0.898084
0.896113
0.888907
0.900778
0.891249
0.896424
0.893286
0.867264
0.892217
0.895312
0.885935
0.892857
0.896627
0.89928
0.900845
0.89699
0.902941
0.889103
0.895153
0.899871
0.898705
0.902564
0.897115
0.901563
0.901796
0.630894
0.900617
0.897021
0.899169
0.896095
0.896382
0.893487
0.895648
0.896033
0.900687
0.899056
0.892982
0.892598
0.891744
0.907359
0.898014
0.413167
0.896418
0.897772
0.858532
0.901386
0.897684
0.898367
0.89778
0.898066
0.898428
0.899731
0.900907
0.864209
0.898818
0.897772
0.902079
0.894454
0.894171
0.0718957
0.895659
0.898897
0.901516
0.898162
0.895149
0.895982
0.890777
0.897592
0.893537
0.848981
0.899384
0.897191
0.898803
0.892229
0.901087
0.89858
0.900614
0.893745
0.895986
0.897182
0.895538
0.898008
0.864479
0.180203
0.887894
0.844177
0.89733
0.893873
0.896837
0.899203
0.898602
0.899288
0.0826187
0.893739
0.894843
0.890286
0.396464
0.890984
0.901165
0.898919
0.903325
0.895982
0.892108
0.88385
0.891921
0.894129
0.904066
0.819528
0.897735
0.889324
0.898479
0.901008
0.859951
0.899626
0.90121
0.89627
0.892727
0.895858
0.897161
0.879952
0.865955
0.814036
0.686432
0.8966
0.892811
0.901306
0.899021
0.893222
0.900076
0.899619
0.896861
0.896435
0.892777
0.896297
0.894107
0.897617
0.89524
1
0.000366456
0.892356
0.901317
0.888939
0.89125
0.8999
0.901808
0.895909
0.896132
0.761801
0.901206
0.901074
0.899275
0.895234
0.90327
0.893492
0.897645
0.900059
0.848025
0.89195
0.895397
0.87009
0.898745
1.29084e-05
0.897864
0.895237
0.887329
0.901122
0.895206
0.183903
0.899972
0.897848
0.899887
0.883345
0.896748
0.898023
0.145188
0.881932
0.899729
0.900633
0.891663
0.900774
0.895258
0.903913
0.895575
0.900145
0.893798
0.896258
0.889618
0.894454
0.889111
0.897757
0.895506
0.877674
0.839569
0.900929
1
0.895413
0.899699
0.89802
0.887626
0.902349
0.898355
0.892816
0.897427
0.844375
0.478024
0.893803
0.138505
0.897356
0.897051
0.899543
0.772659
0.891269
0.893722
0.900258
0.890855
0.895058
0.899789
0.880622
0.856463
0.886028
0.57127
0.894157
0.900136
0.892318
0.897076
0.806201
0.899515
0.827825
0.898384
0.884932
0.895414
0.900711
0.899454
0.898126
0.897616
0.898034
0.904246
0.900626
0.079729
0.894106
0.893395
0.00810252
0.899117
0.900401
0.89607
0.900349
0.89967
0.896328
0.895466
0.895185
0.900217
0.894728
0.897622
0.899373
0.894502
0.89705
0.89746
0.882951
0.897155
0.89596
0.8928
0.901863
0.900222
0.891701
0.892152
0.205937
0.897862
0.897555
0.894122
0.897588
0.80136
0.890664
0.894727
0.897112
0.902677
0.896936
0.900129
0.896045
0.893623
0.11483
0.898934
0.894757
0.896075
0.378621
0.893799
0.892381
0.221244
0.900895
0.896482
0.897506
0.893655
0.887181
0.89405
0.899704
0.901661
0.89728
0.897303
0.00105829
0.891125
0.895287
0.894409
0.89585
0.899762
0.898217
0.899398
0.90007
0.900938
0.895619
0.892496
0.899132
0.898098
0.892084
0.902057
0.892484
0.127899
0.900102
0.159718
0.897436
0.889708
0.902435
0.897481
0.901882
0.896143
0.892687
0.896526
0.888915
0.895919
0.90045
0.888519
0.898464
0.899666
0.894548
0.899412
0.895307
0.897153
0.897912
0.902055
0.894894
0.895081
0.896988
0.900034
0.879863
0.900501
0.896038
0.891543
0.893147
0.900088
0.894612
0.900767
0.696153
0.286525
0.893585
0.157741
0.900177
0.898112
0.897921
0.896424
0.865924
0.128104
0.903212
0.896011
0.900464
0.900122
0.892917
0.892692
0.89871
0.894692
0.876541
0.899957
0.895693
0.901534
0.895791
0.8911
0.896969
0.895943
0.898029
0.897105
0.889874
0.896443
0.896458
0.879964
0.897268
0.892864
0.894662
0.900926
0.894489
0.890212
0.898092
0.894878
0.63522
0.902924
0.90126
0.901997
0.8856
0.900138
0.750303
0.899773
0.898673
0.897966
0.888745
0.899691
0.893819
0.896927
0.902572
0.899738
0.250892
0.895676
0.270985
0.899546
0.898975
0.897533
0.893594
0.886407
0.901607
0.895274
0.793834
0.899705
0.8948
0.901962
0.902254
0.896408
0.89293
0.892304
0.874377
0.895305
0.89186
0.882566
0.899294
0.898253
0.896124
0.902728
0.899746
0.896824
0.905683
0.8914
0.895023
0.900529
0.895969
0.893426
0.661862
0.886599
0.88998
0.852079
0.890188
0.897449
0.899978
0.894388
0.897578
0.88645
0.899663
0.869419
0.900129
0.895744
0.899746
0.815628
0.0623685
0.892547
0.900476
0.898383
0.901912
0.900619
0.897377
0.897505
0.893857
0.902756
0.899379
0.90069
0.223541
0.891666
0.898245
0.875491
0.89957
0.897496
0.999808
0.897797
0.896359
0.885509
0.900484
0.901679
0.901918
0.88963
0.898353
0.900249
0.895134
0.895027
0.900093
0.897722
0.898579
0.900197
0.900657
0.893496
0.791075
0.900764
0.896117
0.89367
0.0509224
0.896518
0.892528
0.229168
0.899711
0.900497
0.900782
0.88304
0.895637
0.0269265
0.873773
0.893497
0.88871
0.901179
0.893924
0.89618
0.895472
0.898806
0.90153
0.894403
0.895568
0.901208
0.891133
0.900339
0.898345
0.895775
0.894996
0.900039
0.899471
0.89232
0.893487
0.896672
0.893408
0.442169
0.897397
0.112089
0.902776
0.894408
0.894862
0.893166
0.900142
0.898478
0.89591
0.892272
0.894592
0.900038
0.89827
0.892775
0.90186
0.763034
0.8998
0.886177
0.822599
0.898575
0.89755
0.887048
0.897091
0.896599
0.896956
0.894455
0.900441
0.897989
0.895623
0.900393
0.896977
0.457797
0.898581
0.899398
0.897346
0.896899
0.899029
0.896612
0.898735
0.896213
0.896861
0.894549
0.895755
0.897792
0.896584
0.901468
0.901603
0.897104
0.895237
0.787948
0.891378
0.86804
0.897805
0.902061
0.90138
0.890803
0.897156
0.898514
0.892082
0.900279
0.897317
0.895076
0.900537
0.175748
0.895746
0.879497
0.333633
0.894361
0.893891
0.895618
0.900876
0.895664
0.116038
0.864223
0.899788
0.167158
0.893115
0.892514
0.896042
0.897041
0.874587
0.883343
0.895207
0.89658
0.127679
0.905456
0.884993
0.899731
0.868935
0.900378
0.894042
0.894806
0.897323
0.874812
0.880477
0.893024
0.898281
0.896544
0.898404
0.893804
0.892355
0.892739
0.873431
0.899231
0.894511
0.896612
0.896709
0.899181
0.896526
0.89986
0.901137
0.886906
0.891295
0.895182
0.889128
0.02663
0.891237
0.897283
0.226267
0.894886
0.900365
0.895391
0.897145
0.896388
0.900216
0.895261
0.898708
0.179062
0.897964
0.880423
0.799783
0.881943
0.90083
0.622889
0.879484
0.895309
0.89825
0.90234
0.897127
0.0119489
0.895409
0.894997
0.899446
0.899715
0.901721
0.90133
0.872002
0.897325
0.891048
0.896399
0.900605
0.899408
0.892022
0.892642
0.903116
0.88811
0.892974
0.89815
0.895614
0.893082
0.894507
0.898431
0.896752
0.898786
0.402035
0.890722
0.895633
0.897672
0.895008
0.896355
0.891544
0.000267188
0.90158
0.899363
0.000133488
0.884961
0.899348
0.896538
0.902631
0.899735
0.897226
0.892144
0.896795
0.896149
0.880043
0.88274
0.897863
0.897164
0.882923
0.895531
0.894667
0.893886
0.89834
0.895191
0.893773
0.898477
0.892708
0.898322
0.901171
0.114369
0.899152
0.892936
0.901798
0.899279
0.887185
0.903756
0.894336
0.897141
0.896511
0.819749
0.894608
0.884399
0.412921
0.897675
0.90302
0.900433
0.90169
0.0242741
0.896346
0.89445
0.894067
0.900258
0.896699
0.896127
0.895882
0.899307
0.869232
0.896754
0.893543
0.89974
0.896207
0.894064
0.894144
0.892074
0.898776
0.896547
0.861417
0.897088
0.896637
0.00873173
0.894943
0.896683
0.899528
0.895459
0.897156
0.901419
0.89902
0.900393
0.899832
0.899441
0.901376
0.898893
0.889579
0.894106
0.901848
0.897399
0.000106364
0.894543
0.252064
0.0802693
0.898172
0.894438
0.895933
0.89117
0.900276
0.898223
0.890818
0.00529633
0.853586
0.896984
0.900168
0.896627
1
0.897531
0.897658
0.896963
0.90029
0.902117
0.8951
0.899558
0.820583
0.896962
0.897023
0.889051
0.897895
0.627837
0.898099
0.895986
0.897718
0.229063
0.895036
0.878651
0.898616
0.900829
0.898756
0.897866
0.89937
0.892124
0.901935
0.902083
0.8992
0.890837
0.901352
0.895974
0.89713
0.899581
0.899464
0.889534
0.895089
0.894654
0.896382
0.898424
0.899792
0.895507
0.893477
0.895973
0.893702
0.895689
0.900071
0.894094
0.0469842
0.849615
0.90189
0.899422
0.898733
0.897151
0.896124
0.899705
0.898453
0.080873
0.895063
0.899086
0.89958
0.901099
0.447968
0.896848
0.897992
0.90107
0.889104
0.895198
0.89709
0.894005
0.897139
0.892719
0.89087
0.89822
0.266804
0.897379
0.887719
0.897647
0.900363
0.894848
0.895652
0.462531
0.897593
0.889943
0.898472
0.899339
0.895516
0.895221
0.877864
0.897851
0.894879
0.897994
0.895685
0.0581628
0.900662
0.897875
0.902694
0.894075
0.868534
0.891152
0.894249
0.898907
0.894488
0.89979
0.903127
0.893263
0.890008
0.89809
0.900883
0.0952738
0.89353
0.895102
0.901495
0.89768
0.891534
0.901517
0.899257
0.893906
0.85944
0.894802
0.899848
0.898921
0.894898
0.901873
0.823996
0.900822
0.895141
0.888149
0.895086
0.889857
0.892845
0.896222
0.900291
0.897842
0.886376
0.560703
0.898966
0.898901
0.896574
0.899372
0.895882
0.894121
0.897716
0.898945
0.901233
0.898214
0.890789
0.898693
0.89751
0.900587
0.899066
0.896727
0.87273
0.892699
0.884363
0.896204
0.896984
7.54104e-05
0.892434
0.896848
0.900519
0.895078
0.902372
0.893958
0.894211
0.876743
0.897734
0.896613
0.898874
0.898863
0.901988
0.897048
0.70862
0.89405
0.890567
0.898731
0.867141
0.898768
0.893326
0.898666
0.899269
0.896807
0.152488
0.897893
0.900604
0.895416
0.885386
0.895466
0.89812
0.885496
0.8892
0.900383
0.898458
0.900537
0.893276
0.896439
0.900188
0.892159
0.898248
0.882777
0.89856
0.880657
0.901441
0.887065
0.895911
0.896525
0.896572
0.896734
0.894321
0.897319
0.89895
0.890838
0.89942
0.894918
0.891311
0.90167
0.889593
0.901699
0.901046
0.900304
0.890743
0.896301
0.899169
0.312892
0.893552
0.90093
0.894954
0.899095
0.901181
0.895161
0.894852
0.895367
0.898189
0.893868
0.894003
0.894941
0.900561
0.894776
0.900073
0.893288
0.894329
0.896309
0.898351
0.898117
0.872614
0.899445
0.898629
0.885816
0.899905
0.897615
0.896625
0.897167
0.894723
0.900699
0.888817
0.8933
0.894376
0.869658
0.898091
0.892855
0.893871
0.897772
0.899496
0.890226
0.901162
0.895696
0.190198
0.900132
0.90202
0.898817
0.899273
0.898143
0.748652
0.90277
0.902751
0.849655
0.901686
0.892191
0.89458
0.897481
0.896752
0.82189
0.900234
0.898157
0.898282
0.897339
0.898694
0.891498
0.90218
0.893557
0.901216
0.899521
0.897371
0.501542
0.896901
0.897653
0.900499
0.898525
0.897376
0.903282
0.904897
0.894683
0.889031
0.293732
0.893116
0.900768
0.898693
0.898546
0.894875
0.895379
0.899074
0.900306
0.895354
0.890818
0.88575
0.895593
0.89098
0.887163
0.0666548
0.896658
0.896295
0.886336
0.897577
0.895775
0.89117
0.898884
0.886709
0.893809
0.89539
0.893468
0.895882
0.893711
0.897034
0.900404
0.895444
0.899851
0.774157
0.899269
0.0676645
0.899383
0.900956
0.890863
0.898399
0.895604
0.902599
0.894639
0.891867
0.898651
0.900686
0.349848
0.89856
0.899385
0.898611
0.00480447
0.890791
0.869306
0.894448
0.900167
0.899151
0.902245
0.897044
0.901753
0.896206
0.985301
0.894274
0.900799
0.90132
0.895559
0.899273
0.835476
0.896172
0.88134
0.898701
0.894803
0.901282
0.898857
0.900078
0.0279473
0.89818
0.898904
0.897282
0.900433
0.896352
0.895861
0.902247
0.898005
0.895797
0.896257
0.901798
0.897804
0.893639
0.88789
0.898503
0.899577
0.812407
0.89815
0.89639
0.898966
0.89642
0.900294
0.89718
0.894158
0.822789
0.897957
0.901068
0.89411
0.900443
0.894527
0.902333
0.900156
0.898881
0.900463
0.895535
0.895202
0.0201062
0.892892
0.896829
0.900532
0.895113
0.891501
0.892943
0.898235
0.891759
0.896958
0.898477
0.387514
0.893986
0.895466
0.896269
0.895781
0.885847
0.897756
0.891582
0.88899
0.834996
0.893478
0.8973
0.896621
0.883579
0.898236
0.88169
0.901416
0.892812
0.878874
0.898869
0.890884
0.897445
0.898069
0.895944
0.8882
0.899712
0.898627
0.894476
0.895765
0.898702
0.900389
0.714631
0.896514
0.00335878
0.899727
0.89473
0.88595
0.900583
0.892286
0.87286
0.900043
0.887786
0.897211
0.900417
0.89499
0.887807
0.89625
0.892138
0.696261
0.899776
0.892721
0.896244
0.898101
0.8944
0.898407
0.901743
0.89778
0.897242
0.895225
0.89805
0.892763
0.89445
0.893928
0.899193
0.895065
0.866996
0.900073
0.89253
0.629908
0.899029
0.898901
0.894942
0.897478
0.893961
0.087298
0.898465
0.897754
0.895809
0.89816
0.896725
0.0236779
0.889949
0.266454
0.334349
0.898911
0.899955
0.898468
0.893195
0.894091
0.89807
0.0938788
0.901019
0.897024
0.899643
0.0107426
0.886898
0.0930914
0.900277
0.897937
0.898816
0.896099
0.899808
0.902055
0.871965
0.885904
0.894204
0.895908
0.896135
0.898502
0.898363
0.893921
0.897552
0.89695
0.899884
0.000117659
0.897892
0.89516
0.89697
0.900294
0.898399
0.898527
0.899932
0.896706
0.89379
0.895293
0.892157
0.896703
0.901723
0.88952
0.897657
0.900043
0.874218
0.899339
0.896699
0.892732
0.897358
0.615303
0.894561
0.88892
0.899484
0.141612
0.891762
0.894159
0.897311
0.902519
0.896669
0.896362
0.896819
0.899669
0.894674
0.898652
0.896158
0.89844
0.891337
0.897811
0.896836
0.892556
0.888588
0.280734
0.900777
0.891988
0.896631
0.897493
0.899457
0.897047
0.894411
0.391769
0.900841
0.893508
0.875927
0.851787
0.899628
0.892049
0.902005
0.897748
0.89387
0.008402
1
0.896149
0.893383
0.895931
0.897395
0.900786
0.902155
0.276156
0.331574
0.891427
0.956326
0.900609
0.900093
0.89581
0.897278
0.901566
0.893092
0.875744
0.783134
0.897353
0.900736
0.90166
0.898368
0.898809
0.897738
0.893511
0.897312
0.896943
0.894113
0.890555
0.897868
0.404281
0.894979
0.897894
0.892623
0.901438
0.901411
0.894173
0.897262
0.90021
0.901089
0.313764
0.899111
0.896993
0.900092
0.213331
0.897469
0.88539
0.901069
0.901571
0.900329
0.894882
0.897251
0.888647
0.897719
0.896624
0.845771
0.483905
0.896373
0.897626
0.35787
0.890702
0.817548
0.901842
0.899601
0.897506
0.892779
0.902003
0.885873
0.899046
0.105191
0.894849
0.463786
0.892013
0.896399
0.896109
0.898032
0.89765
0.895706
0.892441
0.890846
0.899118
0.898549
0.900845
0.895184
0.894408
0.895849
0.254059
0.899582
0.893551
0.787182
0.891945
0.893646
0.898781
0.898096
0.897637
0.89536
0.885591
0.865688
0.898397
0.890403
0.895481
0.901477
0.447091
0.902337
0.893007
0.897804
0.897959
0.897538
0.900559
0.076327
0.895645
0.898711
0.901297
0.89108
0.900148
1
0.16632
0.890989
0.889384
0.896284
0.116004
0.894581
0.887908
0.084289
0.898116
0.903587
0.894355
0.888368
0.890706
0.899228
0.883174
0.898045
0.90231
0.900936
0.888236
0.895636
0.900509
0.896743
0.897029
0.898958
0.120546
0.889429
0.89813
0.875249
0.90161
0.896771
0.901159
0.894854
0.898466
0.903096
0.895718
0.898976
0.000211972
0.016718
0.894214
0.865723
0.893953
0.901333
0.898103
0.899189
0.888251
0.898329
0.873726
0.900469
0.900688
0.897383
0.232073
0.891848
0.886049
0.901298
0.894352
0.898041
0.898965
0.900799
0.892581
0.898588
0.901235
0.891096
0.894204
0.893416
0.901617
0.894161
0.899807
0.897794
0.897123
0.901786
0.89573
0.892058
0.895909
0.897535
0.89502
0.896304
0.897272
0.901496
0.885324
0.893291
0.896901
0.893716
0.898752
0.898184
0.898721
0.897783
0.892446
0.0215385
0.895016
0.867779
0.897551
0.102296
0.901067
0.884857
0.657056
0.900516
0.895419
0.896844
0.337714
0.89253
0.896424
0.895922
0.892178
0.899659
0.893074
0.897661
0.896808
0.897737
0.901762
0.897382
0.898958
0.897063
0.895021
0.89765
0.906518
0.897318
0.900841
0.897568
0.896545
0.891593
0.897611
0.892644
0.999829
0.896699
0.109984
0.896156
0.890109
0.898383
0.902902
0.896246
0.838918
0.862684
0.896161
0.000266323
0.901975
0.898194
0.895057
0.902044
0.894683
0.000334301
0.898994
0.754123
0.900202
0.697935
0.893821
0.500088
0.896527
0.893136
0.895585
0.900659
0.89877
0.897016
0.898338
0.898177
0.896989
0.898315
0.892416
0.900703
0.89862
0.899583
0.897108
0.892576
0.897006
0.894579
0.897679
0.890892
0.899002
0.89687
0.894641
0.896692
0.859637
0.894496
0.896151
0.895617
0.895354
0.898879
0.89184
0.89531
0.897683
0.899879
0.90123
0.886366
0.899511
0.892206
0.897053
0.901342
0.900028
0.901185
0.89921
0.899542
0.897962
0.894446
0.458162
0.901304
0.898852
0.899452
0.89308
0.899614
0.893881
0.893644
0.895754
0.898543
0.899134
0.885718
0.891987
0.892269
0.897577
0.900224
0.486664
0.898568
0.89782
0.896385
0.900675
0.645696
0.894361
0.898222
0.900737
0.893985
0.900509
0.892268
0.894842
0.895598
0.898989
0.899217
0.42503
0.0172088
0.890675
0.896376
0.895984
0.899613
0.893628
0.899106
0.193383
0.868221
0.895441
0.899369
0.89353
0.892525
0.895848
0.892964
0.891925
0.180336
0.89354
0.897004
0.847273
0.900897
0.891657
0.748248
0.896277
0.899016
0.894571
0.897459
0.882925
0.897517
0.889756
0.895633
0.816274
0.896313
0.891024
0.894992
0.896255
0.80056
0.901138
0.901985
0.885376
0.89258
0.894987
0.893609
0.115804
0.89154
0.857347
0.894292
0.899519
0.765398
0.895581
0.898838
0.886848
0.8936
0.842275
0.900389
0.894176
0.895833
0.89628
0.892399
0.895082
0.895873
0.566846
0.896778
0.895174
0.897359
0.900683
0.89381
0.89728
0.897002
0.895194
0.902148
0.899772
0.899876
0.897168
0.90031
0.899986
0.887966
0.863444
0.900841
0.899044
0.896967
0.894886
0.898341
0.900305
0.890713
0.890554
0.9013
0.895482
0.892412
0.493803
0.899983
0.893491
0.891351
0.898654
0.893584
0.897733
0.896886
0.898473
0.900578
0.794879
0.900765
0.898169
0.895015
0.893456
0.761735
0.897217
0.893124
0.898856
0.804164
0.894103
0.900037
0.892955
0.90056
0.375996
0.904574
0.897136
0.894603
0.895907
0.895538
0.897173
0.895134
0.900551
0.898135
0.898758
0.887757
0.897425
0.898856
0.899731
0.895204
0.89545
0.895167
0.885241
0.895796
0.897949
0.897129
0.896193
0.896675
0.899583
0.898695
0.896826
0.893977
0.901467
0.892592
0.897929
0.896632
0.899646
0.000225313
0.893257
0.89327
0.898446
0.896742
0.897555
0.894367
0.900235
0.895122
0.89683
0.9015
0.897812
0.886297
0.899282
0.897591
0.901783
0.89342
0.83165
0.501761
0.890483
0.891124
0.894901
0.897121
0.896517
0.895352
0.895463
0.900242
0.898673
0.896926
0.9002
0.89359
0.892289
0.899928
0.900044
0.895738
0.893469
0.872749
0.901401
0.901907
0.89176
0.897456
0.88301
0.89939
0.899715
0.894048
0.891954
0.89333
0.90003
0.89323
0.897046
0.889645
0.896115
0.895982
0.901918
0.892445
0.897808
0.89184
0.612693
0.89399
0.895314
0.868882
0.899299
0.897883
0.88757
0.892918
0.892247
0.895567
0.898114
0.000130984
0.889739
0.890083
0.89577
0.894283
0.900636
0.894733
0.897387
0.197374
0.897772
0.894292
0.899922
0.898522
0.896173
0.898905
0.893615
0.893957
0.886485
0.816892
0.900543
0.898419
0.898293
0.898745
0.899055
0.890416
0.899065
0.900963
0.902924
0.901344
0.897045
0.896308
0.892078
0.891537
0.896591
0.892851
0.901471
0.899932
0.895221
0.899829
0.902574
0.0901466
0.783317
0.898307
0.893941
0.900434
0.897091
0.887201
0.895345
0.896606
0.893482
0.894902
0.894766
0.891706
0.892788
0.899322
0.897957
0.199096
0.898692
0.801727
0.0855198
0.898469
0.89881
0.897156
0.295773
0.798402
0.0124786
0.893401
0.89651
0.893275
0.88274
0.495293
0.897382
0.872995
0.897914
0.9012
0.43725
0.894268
0.891144
0.90021
0.901444
0.794236
0.856435
0.896368
0.89456
0.898461
0.896702
0.895745
0.892884
0.899607
0.901108
0.890485
0.901402
0.894231
0.890272
0.901735
0.899313
0.900548
0.896714
0.894301
0.895173
0.0103682
0.887591
0.890675
0.166541
0.900892
0.900505
0.895605
0.899566
0.897999
0.895017
0.0509631
0.902105
0.894922
0.900837
0.89851
0.89623
0.896052
0.854275
0.900582
0.889147
0.894657
0.890856
0.888361
0.897906
0.89757
0.886832
0.893277
0.896858
0.885383
0.820747
0.89256
0.891812
0.895608
0.894126
0.90125
0.899649
0.894626
0.885057
0.899742
0.90243
0.897059
0.897534
0.900119
0.893885
0.900566
0.89701
0.893657
0.89874
0.894218
0.000128734
0.899495
0.896246
0.899682
0.896341
0.897799
0.895498
0.868677
0.89949
0.895552
0.900275
0.90165
0.894121
0.897847
0.892005
0.892198
0.894926
0.326019
0.896783
0.832873
0.853063
0.899002
0.895161
0.878889
0.896148
0.901064
0.902161
0.893818
0.000418608
0.899094
0.901087
0.901402
0.899629
0.898518
0.899338
0.905997
0.892586
0.854248
0.900525
0.896306
0.902044
0.897469
0.899374
0.899194
0.895968
0.893026
0.892857
0.896209
0.901978
0.896352
0.897311
0.902933
0.894576
0.890535
0.894538
0.897716
0.896638
0.899808
0.867522
0.899158
0.89517
0.895268
0.900147
0.899818
0.900465
0.892611
0.814846
0.896264
0.900252
0.899782
0.892501
0.897306
0.900215
0.894599
0.894925
0.897699
0.877755
0.521478
0.899404
0.898235
0.000132597
0.90664
0.897978
0.893227
0.890006
0.896188
0.901459
0.896289
0.898693
0.895949
0.878092
9.45597e-05
0.896145
0.901161
0.901197
0.899267
0.899296
0.87951
0.900908
0.894652
0.901304
0.895589
0.895765
0.895709
0.89922
0.890197
0.893867
0.89817
0.895602
0.893186
0.899774
0.902344
0.891609
0.896535
0.89235
0.895347
0.900353
0.898667
0.901661
0.901139
0.893416
0.893024
0.891547
0.893653
0.893479
0.898217
0.90163
0.897876
0.9003
0.896617
0.897652
0.893638
0.822504
0.883938
0.900903
0.895048
0.894831
0.89055
0.895127
0.899148
0.899177
0.896386
0.896299
0.887684
0.213264
0.894977
0.874075
0.898069
0.89222
0.337703
0.889312
0.900016
0.873702
0.0497774
0.890235
0.879911
0.860923
0.900727
0.894339
0.895608
0.902326
0.899658
0.89031
0.90181
0.897316
0.412274
0.897488
0.898032
0.239814
0.000180241
0.898684
0.896964
0.894984
0.898759
0.896102
0.868419
0.900375
0.891038
0.147674
0.892728
0.894768
0.897345
0.878993
0.898121
0.898465
0.274886
0.891589
0.893652
0.588209
0.899962
0.898661
0.900968
0.899304
0.892968
0.89878
0.871771
0.898835
0.900089
0.892702
0.900246
0.896688
0.888345
0.900305
0.900017
0.897145
0.899552
0.887437
0.900044
0.896703
0.897097
0.891184
0.900079
0.887238
0.900856
0.901677
0.898918
0.896034
0.897384
0.898991
0.894205
0.89277
0.896511
0.917043
0.896558
0.895887
0.894629
0.899265
0.90247
0.696314
0.898071
0.896619
0.897708
0.895749
0.898577
0.893305
0.524306
0.901412
0.897944
0.90103
0.0524975
0.886647
0.894869
0.893943
0.900207
0.894811
0.891221
0.897255
0.89654
0.892742
0.89923
0.899859
0.897277
0.897428
0.897686
0.895669
0.887985
0.897039
0.897194
0.893444
0.895539
0.89961
0.895901
0.895177
0.898257
0.894723
0.902931
0.882993
0.0233131
0.000314848
0.900615
1
0.901679
0.898505
0.375135
0.898985
0.893508
0.897726
0.88054
0.895294
0.89666
0.896402
0.900925
0.89942
0.899108
0.542643
0.902593
0.900359
0.89815
0.896261
0.898291
0.193793
0.896128
0.0502565
0.88526
0.895483
0.899092
0.897971
0.014898
0.893718
0.898081
0.878624
0.882437
0.903611
0.890047
0.889803
0.902787
0.891289
0.897475
0.900481
0.87334
0.890803
0.89683
0.892896
0.899753
0.899102
0.897546
0.898188
0.881979
0.900306
0.86694
0.900675
0.900113
0.90346
0.897845
0.839001
0.38858
0.886086
0.889153
0.897946
0.896088
0.897718
0.430599
0.895197
0.891612
0.894927
0.898118
0.89006
0.901249
0.893839
0.897368
0.890912
0.895956
0.897341
0.902205
0.896786
0.895319
0.488809
0.899307
0.899119
0.89863
0.898893
0.889552
0.88573
0.852984
0.903104
0.894826
0.89754
0.880418
0.810315
0.89248
0.901763
0.895809
0.894626
0.89113
0.897049
0.897535
0.895312
0.898587
0.880683
0.876694
0.108827
0.895301
0.893713
0.892083
0.897913
0.899153
0.898788
0.894201
0.900158
0.900598
0.12657
0.899483
0.89528
0.867851
0.90332
0.887609
0.901594
0.893916
0.896396
0.90286
0.890016
0.901281
0.897304
0.906
0.895236
0.895942
0.896487
0.897848
0.89483
0.89684
0.0521687
0.864179
0.895233
0.896212
0.872247
0.89391
0.897421
0.900999
0.901584
0.902139
0.897078
0.892962
0.894912
0.896651
0.899604
0.898368
0.899102
0.892352
0.896826
0.875103
0.897304
0.900392
0.895865
0.900079
0.895516
0.894234
0.894438
0.00128142
0.893168
0.897465
0.896939
0.899481
0.897661
0.893037
0.711533
0.894241
0.899078
0.899202
0.386307
0.861045
0.138029
0.897578
0.900183
0.898236
0.899385
0.893637
0.891068
0.898462
0.518701
0.894704
0.895533
0.894807
0.894829
0.897093
0.897973
0.89725
0.898077
0.892793
0.896551
0.894815
0.876243
0.891444
0.900474
0.890473
0.173762
0.0697391
0.898995
0.896693
0.90392
0.889691
0.149468
0.895651
0.899066
0.888674
0.897497
0.891373
0.893306
0.8998
0.894111
0.895115
0.894656
0.896858
0.889736
0.85003
0.889423
0.896841
0.896824
0.896384
0.835576
0.895347
0.895249
0.891239
0.893093
0.068289
0.8942
0.901914
0.860955
0.862245
0.895504
0.896144
0.919798
0.891211
0.385317
0.868334
0.872163
0.896394
0.892145
0.901121
0.898046
0.898578
0.896096
0.894127
0.894074
0.895667
0.896884
0.899957
0.893713
0.889917
0.895649
0.897368
0.901732
0.868727
0.895186
0.889185
0.900323
0.820298
0.848366
0.89771
0.101486
0.887063
0.889235
0.859018
0.12602
0.89697
0.890112
0.833564
0.898275
0.90064
0.877756
0.894927
0.900046
0.328557
0.878618
0.543719
0.894761
0.896998
0.135271
0.892701
0.897867
0.721986
0.894999
0.879456
0.90207
0.892723
0.895042
1
0.889805
0.898226
0.901319
0.89797
0.900917
0.897855
0.898914
0.897705
0.896575
0.897975
0.809055
0.867396
0.856437
0.899473
0.893253
0.890635
0.89711
0.894606
0.852227
0.901674
0.889939
0.112976
0.893516
0.897841
0.0819496
0.896514
0.891499
0.0502274
0.899141
0.899941
0.892532
0.88923
0.893135
0.897109
0.897784
0.900855
0.89227
0.899394
0.900363
0.897652
0.893174
0.892131
0.894474
0.0193304
0.896471
0.897624
0.888934
0.000402112
0.893028
0.882853
0.893257
0.891603
0.891031
0.898773
0.894445
0.645537
0.887065
0.876844
0.897958
0.899924
0.900591
0.890171
0.899303
0.0281184
0.89925
0.891217
0.881589
0.894422
0.898777
0.897677
0.899677
0.880287
0.893956
0.893921
0.891219
0.899865
0.889721
0.897548
0.892106
0.899207
0.896404
0.895865
0.89645
0.899407
0.898229
0.899103
0.893367
0.345968
0.637857
0.897632
0.901829
0.89823
0.895839
0.895391
0.893291
0.898754
0.900802
0.202869
0.000385182
0.897284
0.897546
0.902635
0.303315
0.895676
0.898938
0.900564
0.891892
0.89522
0.895484
0.898241
0.899676
0.899491
0.881483
0.901664
0.899979
0.892977
0.885203
0.897969
0.888592
0.89646
0.897455
0.893239
0.875778
0.895584
0.903556
0.898593
0.89914
0.899366
0.89558
0.89499
0.900717
0.902783
0.893003
0.895566
0.899765
0.896918
0.889093
0.896836
0.899216
0.900128
0.89405
0.901864
0.89797
0.898383
0.898786
0.308213
0.869064
0.902749
0.899823
0.894517
0.891698
0.899695
0.807866
0.889989
0.896977
0.894609
0.885527
0.897353
0.898896
0.898761
0.895633
0.898127
0.899664
0.797398
0.895762
0.896843
0.893185
0.894121
0.89419
0.899252
0.901272
0.894531
0.900594
0.899352
0.898247
0.891319
0.896539
0.900555
0.471616
0.889278
0.899642
0.832759
0.177837
0.894016
0.894214
0.661107
0.894016
0.895136
0.898958
0.895681
0.893099
0.89534
0.864697
0.899697
0.901115
0.898406
0.871937
0.888772
0.89862
0.898392
0.892473
0.89566
0.89326
0.894655
0.896766
0.89593
0.895793
0.853712
0.893954
0.890173
0.897328
0.895118
0.901495
0.895399
0.883967
0.898269
0.89659
0.899583
0.901662
0.900141
0.886906
0.898222
0.892913
0.889816
0.902636
0.899352
0.874108
0.89785
0.893427
0.900163
0.899586
0.213046
0.897154
0.895544
0.900717
0.906687
0.893521
0.895966
0.512476
0.897545
0.821808
0.904377
0.900906
0.89974
0.895111
0.897578
0.895656
0.89922
0.893046
0.898266
0.899457
0.899739
0.887793
0.000342719
0.90078
0.90073
0.896056
0.900179
0.899728
0.899845
0.895998
0.896937
0.894968
0.894469
0.7926
0.894518
0.897308
0.898454
0.894717
0.885727
0.901517
0.890446
0.884905
0.0960564
0.898089
0.892612
0.881383
0.89386
0.899822
0.899149
0.90098
0.89688
0.896229
0.893406
0.900464
0.900971
0.900192
0.890833
0.902206
0.89416
0.895197
0.894752
0.14257
0.8968
0.894865
0.895316
0.900496
0.897185
0.893141
0.895646
0.892979
0.89293
0.899397
0.901461
0.89878
0.853197
0.900247
0.898737
0.898242
0.902612
0.00269737
0.900049
0.897674
0.896454
0.888456
0.893913
0.892349
0.89913
0.891849
0.897509
0.900931
0.897079
0.901197
0.900736
0.89636
0.898771
0.901526
0.899135
0.897412
0.900426
0.898394
0.00020359
0.900308
0.894226
0.897399
0.897875
0.898078
0.429232
0.00083932
0.893527
0.893579
0.893089
0.898279
0.890333
0.897526
0.896069
0.89846
0.892301
0.155978
0.892719
0.900651
0.899714
0.805398
0.897094
0.896141
0.896142
0.891252
0.00152182
0.900405
0.901854
0.894803
0.89701
0.832977
0.900065
0.886584
0.880914
0.250946
0.895461
0.900791
0.890403
0.899903
0.900473
0.894939
0.894168
0.896506
0.894213
0.897161
0.894094
0.897873
0.89563
0.89809
0.90032
0.875796
0.841259
0.887475
0.896165
0.900494
0.890372
0.846832
0.886734
0.894677
0.854972
0.890901
0.893837
0.884849
0.89476
0.844937
0.884304
0.895657
0.896319
0.896482
0.535413
0.900345
0.891213
0.894329
0.902758
0.897161
0.88188
0.89418
0.891933
0.894597
0.888971
0.897848
0.896394
0.895522
0.897429
0.900488
0.124501
0.897339
0.785183
0.898273
0.896344
0.39753
0.892621
0.885324
0.897181
0.900897
0.901554
0.90138
0.899505
0.899166
0.863436
0.898251
0.895795
0.901625
0.898872
0.900697
0.900436
0.896996
0.894247
0.900391
0.894712
0.902273
0.896037
0.344402
0.900132
0.900881
0.899632
0.901048
0.895032
0.898446
0.88399
0.871632
0.414713
0.894108
0.894666
0.898413
0.894707
0.89316
0.901519
0.899604
0.899679
0.906277
0.896827
0.895896
0.899861
0.896214
0.900539
0.896804
0.896869
0.900986
0.90047
0.894337
0.889783
0.898332
0.886841
0.903429
0.881811
0.902041
0.871329
0.899829
0.895715
0.895835
0.891574
0.897682
0.897342
0.895642
0.896886
0.896877
0.899855
0.265475
0.896145
0.892897
0.876413
0.897151
0.89533
0.898583
0.900483
0.892598
0.895606
0.900579
0.89476
0.898369
0.686138
0.900531
0.89594
0.892576
0.901534
0.891236
0.900176
0.88998
0.90008
0.8965
0.894529
0.899544
0.857907
0.890722
0.897377
0.89712
0.893092
0.896163
0.891117
0.895624
0.897181
0.895976
0.506983
0.899447
0.896982
0.894921
0.899939
0.900056
0.897025
0.15098
0.897125
0.897407
0.900261
0.896274
0.90356
0.898499
0.888403
0.894056
0.898851
0.894543
0.89269
0.894934
0.175949
0.902047
0.895119
0.903227
0.893324
0.892238
0.896594
0.895763
0.859921
0.901477
0.897592
0.897928
0.112995
0.899539
0.894598
0.894893
0.868798
0.892862
0.887976
0.893926
0.864741
0.889909
0.892734
0.745945
0.900563
0.0225962
0.163672
0.898577
0.893586
0.896935
0.900406
0.896775
0.882694
0.895956
0.895542
0.900638
0.892132
0.897171
0.901456
0.889144
0.898497
0.900931
0.897318
0.895848
0.876441
0.903038
0.900655
0.897839
0.900232
0.89162
0.896204
0.888838
0.898759
0.793544
0.814903
0.893792
0.747108
0.896418
0.889424
0.9007
0.898339
0.895534
0.895189
0.894398
0.843013
0.858998
0.901714
0.893343
0.895617
0.896065
0.897112
0.896729
0.897133
0.897105
0.892621
0.897698
0.883776
0.849107
0.896687
0.222721
0.89216
0.897984
0.94716
0.888765
0.878646
0.894626
0.898012
0.893913
0.898646
0.890816
0.895665
0.894488
0.900782
0.899015
0.864059
0.905772
0.885603
0.899768
0.901164
0.904613
0.899105
0.900198
0.0852409
0.893423
0.898145
0.899651
0.00859104
0.893439
0.889541
0.90171
0.898129
0.89727
0.896229
0.896911
0.901529
0.894011
0.828236
0.894164
0.894652
0.898635
0.895215
0.899522
0.891185
0.898724
0.0325515
0.900109
0.860149
0.899073
0.295444
0.893421
0.901987
0.896082
0.67261
0.89899
0.884682
0.901375
0.898592
0.894567
0.89238
0.895414
0.898861
0.894402
0.894915
0.892051
0.871692
0.896071
0.899672
0.896983
0.89358
0.899536
0.89608
0.883823
0.893932
0.0121162
0.903302
0.894524
0.900155
0.896225
0.898465
0.900562
0.89425
0.896903
0.896149
0.903016
0.892667
0.90092
0.89456
0.89763
0.889319
0.893539
0.877539
0.891768
0.895655
0.896147
0.882413
0.896809
0.82991
0.894729
0.895421
0.895447
0.89516
0.898562
0.895243
1
0.901987
0.898594
0.897607
0.90122
0.894541
0.893455
0.894234
0.896036
0.899821
0.901119
0.898253
0.896822
0.142716
0.900297
0.894193
0.895075
0.895413
0.876257
0.903037
0.130434
0.893869
0.896934
0.883479
0.900209
0.858438
0.898763
0.896048
0.798128
0.874319
0.899838
0.0635175
0.892725
0.905014
0.901153
0.8901
0.899033
0.896699
0.892998
0.892577
0.895772
0.879562
0.898766
0.902618
0.883
0.899056
0.894288
0.897399
0.902358
0.898042
0.899937
0.896031
0.89587
0.000187131
0.363462
0.898284
0.868711
0.899146
0.89812
0.899035
0.886935
0.901693
0.900761
0.900161
0.892159
0.895385
0.0173318
0.869958
0.0464011
0.894013
0.892454
0.900211
0.895967
0.897152
0.90139
0.898401
0.89522
0.890612
0.899373
0.896818
0.901818
0.895487
0.896235
0.0303169
0.89823
0.899703
0.89805
0.896687
0.128819
0.900325
0.895565
0.905061
0.899863
0.888442
0.894815
0.896532
0.89225
0.766231
0.899242
0.900156
0.897244
0.328582
0.891078
0.895428
0.900475
0.0639689
0.898964
0.196507
0.897394
0.900288
0.898573
0.901117
0.89526
0.900944
0.896302
0.901345
0.894215
0.899742
0.900609
0.892913
0.0150441
0.896338
0.852062
0.895729
0.891265
0.889213
0.893431
0.899171
0.799009
0.894612
0.90063
0.899144
0.898114
0.896387
0.900357
0.896184
0.899327
0.0257023
0.896804
0.850792
0.895673
0.0866978
0.89613
0.895746
0.895594
0.895669
0.902179
0.899514
0.881642
0.898593
0.899197
0.865626
0.898697
0.899127
0.900455
0.8831
0.895236
0.894328
0.895638
0.898333
0.900537
0.900145
0.894049
0.893145
0.894571
0.889733
0.901152
0.897751
0.896678
0.890053
0.896321
0.900148
0.872956
0.880387
0.897495
0.899039
0.249246
0.899826
0.898872
0.873977
0.893032
0.9001
0.898387
0.896971
0.898558
0.898928
0.896453
0.89465
0.896406
0.902287
0.899151
0.899824
0.900278
0.900788
0.893717
0.89919
0.898942
0.892281
0.749271
0.898142
0.898806
0.490622
0.896453
0.895044
0.899458
0.896297
0.902348
0.895727
0.896474
0.90099
0.900879
0.878017
0.767939
0.900812
0.893785
0.899152
0.747799
0.899825
0.895156
0.893426
0.897402
0.888692
0.896118
0.900865
0.833987
0.886484
0.896678
0.899983
0.901127
0.894649
0.901326
0.902037
0.898615
0.796013
0.900113
0.838071
0.89862
0.896419
0.89478
0.892054
0.901272
0.895723
0.895834
0.000232856
0.895152
0.897667
0.893521
0.891812
0.901036
0.899825
0.901176
0.897362
0.893841
0.901397
0.899629
0.136698
0.109556
0.873965
0.90056
0.897767
0.901629
0.897307
0.143922
0.894558
0.893677
0.884982
0.897873
0.894552
0.0232839
0.899233
0.901316
0.0562866
0.899845
0.899325
0.896007
0.899701
0.893499
0.899603
0.893794
0.897367
0.0352676
0.887604
0.900344
0.895108
0.0270943
0.89599
0.897091
0.898977
0.89769
0.897474
0.227707
0.863636
0.891954
0.898987
0.896771
0.89874
0.899663
0.903388
0.90015
0.892964
0.882759
0.897627
0.891027
0.89531
0.896604
0.898329
0.901478
0.897403
0.896068
0.903778
0.5016
0.899949
0.841948
0.897665
0.895966
0.901214
0.898319
0.889556
0.697692
0.902974
0.897141
0.900221
0.893071
0.901132
0.898993
0.384797
0.89431
0.897017
0.899425
0.893363
0.893843
0.887921
0.894337
0.890039
0.898944
0.892699
0.90131
0.883345
0.320876
0.898606
0.896313
0.895299
0.834882
0.904168
0.881626
0.89385
0.901365
0.890335
0.895358
0.894309
0.772795
0.8978
0.895482
0.900382
0.894723
0.901683
0.894964
0.898182
0.898177
0.89474
0.894959
0.900695
0.890649
0.00019896
0.895868
0.897379
0.899758
0.890305
0.897629
0.888731
0.896946
0.90059
0.6367
0.901502
0.897628
0.886129
0.897754
0.898739
0.892297
0.89839
0.888767
0.89841
0.902936
0.899148
0.894649
0.899535
0.888828
0.89701
0.893502
0.89652
0.899891
0.899063
0.900436
0.899438
0.898172
0.900471
0.88829
0.89536
0.887896
0.896744
0.895978
0.88279
0.898086
0.900248
0.887164
0.900493
0.866178
0.902951
0.900206
0.893801
0.896044
0.894779
0.899642
0.896739
0.895155
0.894928
0.898507
0.877646
0.900792
0.88746
0.896469
0.900034
0.898561
0.901426
0.900388
0.895649
0.895159
0.900676
0.898623
0.256409
0.898272
0.896014
0.896248
0.897046
0.898502
0.887796
0.899723
0.899769
0.903795
0.892892
0.853367
0.889608
0.88904
0.811055
0.892944
0.897686
0.897428
0.899344
0.897355
0.881608
0.89818
0.895675
0.879865
0.899284
0.894582
0.894875
0.898289
0.897414
0.893712
0.90211
0.894733
0.895336
0.900691
0.896199
0.897976
0.8972
0.0137413
0.896861
0.901185
0.89658
0.900089
0.823575
0.897838
0.906051
0.893431
0.901559
0.901252
0.894608
0.896751
0.897937
0.900261
0.898672
0.897487
0.896663
0.894575
0.89901
0.895738
0.867363
0.878569
0.891051
0.0941219
0.893947
0.896104
0.897322
0.850198
0.89863
0.900408
0.900263
0.897115
0.895129
0.821799
0.894086
0.901174
0.679983
0.89159
0.893687
0.247519
0.481794
0.898081
0.900913
0.897098
0.891879
0.902284
0.898449
0.42983
0.89699
0.896087
0.889384
0.898917
0.47715
0.891094
0.895901
0.901477
0.897498
0.901537
0.898027
0.893913
0.900512
0.085045
0.886362
0.898082
0.899204
0.900986
0.877353
0.898445
0.901981
0.879208
0.896542
0.897446
0.891866
0.902385
0.895909
0.842032
0.898684
0.898696
0.89875
0.902526
0.897715
0.864775
0.896105
0.900823
0.894173
0.900286
0.901471
0.26802
0.894112
0.893054
0.220518
0.898392
0.898857
0.899449
0.897429
0.890375
0.671177
0.829485
0.897912
0.900964
0.887003
0.89849
0.896902
0.896482
0.879629
0.894966
0.896315
0.890299
0.897066
0.89593
0.894496
0.897378
0.898399
0.892475
0.899876
0.886232
0.893905
0.698326
0.83226
0.899327
0.897263
0.897282
0.899502
0.895754
0.873931
0.885188
0.893947
0.894838
0.874505
0.89702
0.892815
0.000180283
0.894743
0.895208
0.89642
0.892965
0.890496
0.803607
0.887306
0.891284
0.892483
0.896349
0.894117
0.895466
0.899299
0.25714
0.890246
0.895826
0.896273
0.896704
0.888856
0.894006
0.0154013
0.891702
0.898106
0.898917
0.895621
0.89777
0.894433
0.900929
0.895865
0.900276
0.901513
0.0274376
0.893313
0.898794
0.895777
0.261701
0.89233
0.884545
0.899758
0.901628
0.892761
0.895408
0.895981
0.89992
0.894218
0.894508
0.900825
0.871087
0.898746
0.995591
0.897977
0.892574
0.896722
0.892727
0.90191
0.895263
0.895005
0.901252
0.90133
0.895531
0.896973
0.895459
0.87294
0.899982
0.893426
0.888363
0.893467
0.892307
0.828975
0.900318
0.898912
0.896231
0.897827
0.901364
0.894251
0.897889
0.894184
0.899303
0.901277
0.897976
0.896536
0.902105
0.893525
0.892383
0.891383
0.893437
0.898692
0.887719
0.896279
0.900587
0.890867
0.898991
0.899519
0.356958
0.900409
0.0146334
0.893279
0.000497803
0.900502
0.899229
0.898922
0.900112
0.899241
0.894217
0.896398
0.901269
0.897032
0.902135
0.892191
0.898484
0.898387
0.892551
0.897848
0.895024
0.898443
0.897645
0.898502
0.898714
0.900391
0.901564
0.895465
0.307492
0.893867
0.901628
0.900099
0.904612
0.899801
0.894444
0.900141
0.901269
0.883141
0.897111
0.900295
0.901039
0.890925
0.896711
0.900399
0.901562
0.898295
0.899844
0.900386
0.0786358
0.897216
0.0793346
0.823063
0.900601
0.787618
0.901508
0.896794
0.896241
0.894876
0.886469
0.88941
0.901002
0.825072
0.901007
0.897709
0.898918
0.894643
0.884759
0.897492
0.89477
0.895457
0.899347
0.896579
0.901334
0.900238
0.894674
0.895442
0.895711
0.899016
0.898887
0.898848
0.899546
0.893537
0.89489
0.894975
0.86766
0.89529
0.901428
0.897708
0.900402
0.896595
0.896186
0.900555
0.90143
0.893886
0.891982
0.893369
0.851321
0.894331
0.895861
0.890952
0.894897
0.897477
0.895891
0.134061
0.897218
0.900341
0.883684
0.899096
0.898054
0.827436
0.898491
0.897417
0.900015
0.89627
0.910558
0.895306
0.893221
0.89901
0.8993
0.89335
0.896392
0.895467
0.886042
0.899678
0.883734
0.893734
0.896969
0.898428
0.893163
0.894678
0.893602
0.895865
0.900888
0.900489
0.896004
0.899501
0.888763
0.894067
0.894709
0.896121
0.893997
0.899556
0.12354
0.88384
0.830596
0.899066
0.890921
0.893811
0.895916
1
0.897633
0.89956
0.0653123
0.897636
0.893054
0.860527
0.904871
0.900226
0.8923
0.577192
0.88957
0.840123
0.892614
0.896548
0.0950988
0.895356
0.895297
0.896347
0.897533
