0.821856
0.829207
0.835445
0.777337
0.820304
0.821987
0.831151
0.831993
0.827474
0.824384
0.817841
0.838994
0.833081
0.83886
0.813731
0.832138
0.813586
0.823449
0.841969
0.83777
0.821528
0.835703
0.83516
0.829667
0.835289
0.830601
0.82843
0.842334
0.816783
0.846579
0.831083
0.830716
0.834207
0.839302
0.837227
0.823141
0.829583
0.821949
0.830454
0.824795
0.829702
0.831506
0.835152
0.84721
0.815545
0.830051
0.841742
0.8169
0.835789
0.833857
0.825171
0.816186
0.822852
0.8119
0.797993
0.835549
0.832453
0.824654
0.836886
0.82421
0.830403
0.842467
0.834881
0.82361
0.818648
0.834353
0.82391
0.830444
0.828712
0.809553
0.822667
0.823734
0.840142
0.827292
0.841066
0.802333
0.824661
0.82279
0.821787
0.809749
0.831943
0.83703
0.839343
0.833084
0.831119
0.820417
0.840517
0.829793
0.83444
0.843451
0.840573
0.815433
0.830471
0.840322
0.830338
0.836768
0.828608
0.82185
0.815365
0.827531
0.823264
0.813861
0.827451
0.815725
0.836407
0.808025
0.819895
0.820876
0.828612
0.831214
0.826936
0.815823
0.83702
0.818604
0.828139
0.830922
0.833839
0.827732
0.818435
0.816618
0.835925
0.833319
0.809632
0.841536
0.820623
0.826105
0.814816
0.825675
0.834934
0.839405
0.834198
0.838746
0.746226
0.845921
0.826504
0.837979
0.828122
0.834504
0.814518
0.836439
0.837319
0.823381
0.835549
0.80756
0.841367
0.830681
0.828332
0.837371
0.831276
0.841851
0.830288
0.840763
0.811259
0.842474
0.820828
0.841272
0.835049
0.813177
0.816396
0.830801
0.820141
0.835347
0.829545
0.830851
0.836398
0.832706
0.819874
0.819728
0.80038
0.834673
0.82589
0.8335
0.827575
0.83533
0.823483
0.815337
0.839272
0.829397
0.843919
0.817268
0.837908
0.816138
0.839219
0.838221
0.813423
0.832751
0.836445
0.748568
0.824406
0.823639
0.830892
0.818476
0.840273
0.826066
0.831718
0.824406
0.821409
0.837
0.83014
0.826348
0.833597
0.838824
0.790719
0.838999
0.829504
0.836736
0.826786
0.834275
0.832037
0.831935
0.821869
0.84047
0.807124
0.813798
0.835991
0.823106
0.83884
0.838045
0.826098
0.836453
0.836438
0.82796
0.816774
0.816182
0.829628
0.816859
0.821882
0.834494
0.822078
0.811676
0.831751
0.836879
0.836847
0.834519
0.805496
0.818999
0.835027
0.841735
0.835438
0.825473
0.826207
0.820263
0.830853
0.837553
0.814526
0.837434
0.816686
0.798679
0.838097
0.827022
0.82893
0.832933
0.834797
0.840022
0.822069
0.83423
0.828435
0.830006
0.799717
0.82525
0.834957
0.82212
0.841268
0.822075
0.833796
0.814353
0.829238
0.837127
0.832528
0.821678
0.825388
0.831879
0.837954
0.805664
0.836668
0.832524
0.832028
0.843312
0.838069
0.821941
0.842011
0.82176
0.844569
0.816134
0.837163
0.835381
0.830121
0.825592
0.839244
0.827503
0.842011
0.830678
0.836706
0.813276
0.82698
0.836006
0.80454
0.825069
0.838225
0.833817
0.821049
0.836495
0.829444
0.829962
0.836466
0.759654
0.816569
0.823286
0.838718
0.8317
0.836236
0.833238
0.834241
0.839478
0.824955
0.83085
0.820349
0.821068
0.834255
0.83181
0.823972
0.833714
0.825624
0.827579
0.81068
0.828621
0.818496
0.81825
0.826861
0.832751
0.836759
0.832244
0.824106
0.837603
0.822782
0.823806
0.81039
0.839172
0.837956
0.829772
0.830236
0.828863
0.821423
0.825766
0.819502
0.824294
0.811846
0.835926
0.843285
0.834131
0.82821
0.837699
0.840188
0.831785
0.834188
0.826741
0.831728
0.826882
0.799227
0.831294
0.837683
0.835998
0.822025
0.823349
0.835214
0.788554
0.847152
0.838016
0.828729
0.825601
0.826786
0.823265
0.840891
0.834175
0.818283
0.823842
0.819147
0.823588
0.823693
0.820276
0.820264
0.835473
0.839261
0.825974
0.836
0.820434
0.834188
0.82837
0.826127
0.827519
0.816765
0.831453
0.824802
0.825992
0.815642
0.834676
0.840991
0.831176
0.814763
0.82646
0.839339
0.8229
0.846238
0.830931
0.832886
0.805743
0.828171
0.827532
0.839434
0.83014
0.827067
0.816908
0.81458
0.806391
0.826872
0.816377
0.823313
0.827781
0.824311
0.82627
0.836128
0.821077
0.825338
0.830814
0.829316
0.83037
0.814559
0.824628
0.81686
0.826642
0.812421
0.827028
0.832474
0.839443
0.83945
0.808438
0.825431
0.838374
0.834327
0.847939
0.830459
0.823896
0.836744
0.82311
0.822216
0.829767
0.831544
0.836604
0.839066
0.835576
0.837895
0.816312
0.800995
0.824641
0.831271
0.825756
0.80976
0.826992
0.814585
0.817509
0.841434
0.830987
0.824045
0.83548
0.835397
0.816426
0.814417
0.832325
0.838119
0.829539
0.805861
0.836548
0.835635
0.839567
0.829325
0.823152
0.83995
0.826133
0.829618
0.829306
0.832924
0.827634
0.83736
0.828619
0.847047
0.825043
0.815394
0.828358
0.819552
0.81703
0.831789
0.82067
0.835386
0.828411
0.815168
0.826236
0.828901
0.764071
0.833069
0.838116
0.837594
0.837636
0.827431
0.837999
0.803412
0.821284
0.831462
0.82501
0.829819
0.850859
0.841549
0.837383
0.821762
0.825557
0.833102
0.822457
0.840973
0.825965
0.820387
0.818924
0.832057
0.834019
0.823318
0.837093
0.804163
0.837
0.844129
0.82783
0.832248
0.819402
0.826982
0.827905
0.843754
0.825434
0.844091
0.842039
0.829059
0.830462
0.837072
0.839697
0.828973
0.822678
0.828988
0.828739
0.826701
0.838003
0.84196
0.822944
0.824252
0.836069
0.838875
0.839571
0.820449
0.836368
0.837023
0.837766
0.828041
0.820771
0.834274
0.826697
0.838639
0.831971
0.832766
0.819963
0.818246
0.836106
0.831104
0.839577
0.817632
0.825877
0.828924
0.821333
0.79964
0.825216
0.838613
0.828747
0.826453
0.826972
0.826616
0.84037
0.829804
0.836606
0.816586
0.839221
0.834232
0.822305
0.834836
0.8328
0.842003
0.829746
0.832537
0.840731
0.83526
0.831784
0.820519
0.829213
0.819548
0.822969
0.826086
0.843266
0.847589
0.821244
0.828003
0.842732
0.838088
0.831193
0.82493
0.80624
0.818999
0.842462
0.839883
0.843541
0.824132
0.822303
0.815749
0.849212
0.834582
0.835451
0.828523
0.824247
0.825795
0.830506
0.837963
0.834397
0.834396
0.838771
0.80977
0.830764
0.834538
0.840009
0.827046
0.826443
0.822423
0.830874
0.835371
0.834093
0.834593
0.824079
0.833092
0.82714
0.837846
0.824908
0.823075
0.83964
0.833725
0.833905
0.829086
0.835594
0.833603
0.812002
0.841814
0.829714
0.826646
0.812794
0.816807
0.821978
0.842988
0.842978
0.819504
0.834973
0.833847
0.82594
0.834813
0.790689
0.832502
0.827937
0.824192
0.831381
0.831454
0.821715
0.838217
0.82324
0.82969
0.826644
0.835766
0.809705
0.844043
0.797534
0.831301
0.844051
0.834947
0.821463
0.829857
0.828448
0.829553
0.810834
0.833133
0.842996
0.838916
0.820788
0.827004
0.811869
0.830223
0.837448
0.821303
0.808958
0.833351
0.837915
0.837691
0.817332
0.837118
0.821088
0.826005
0.833632
0.827877
0.836151
0.825903
0.836312
0.827988
0.833705
0.835693
0.840045
0.824119
0.838531
0.824084
0.823622
0.814084
0.83028
0.8323
0.821707
0.835565
0.82159
0.828713
0.820142
0.802992
0.825997
0.82693
0.831429
0.821098
0.816937
0.833691
0.828831
0.824527
0.822432
0.804508
0.826814
0.817624
0.830647
0.810779
0.830374
0.836036
0.841628
0.836649
0.832
0.827802
0.823202
0.822999
0.833761
0.822893
0.8313
0.828798
0.840021
0.810782
0.829225
0.840471
0.835547
0.82968
0.825904
0.831283
0.826757
0.835652
0.83465
0.843114
0.825681
0.825672
0.8335
0.802319
0.837918
0.832019
0.835352
0.836285
0.812505
0.830557
0.826093
0.835614
0.839961
0.822283
0.813197
0.836814
0.828075
0.816643
0.841392
0.825224
0.819462
0.825228
0.823619
0.822708
0.822278
0.84268
0.827791
0.821844
0.835304
0.843703
0.820748
0.827438
0.825281
0.83375
0.835927
0.842989
0.842066
0.82321
0.820186
0.814742
0.843391
0.827233
0.83122
0.820191
0.826856
0.820982
0.83662
0.829221
0.817741
0.827304
0.831055
0.831308
0.830034
0.821832
0.840581
0.840627
0.819386
0.821538
0.816918
0.825073
0.82977
0.83527
0.833432
0.816075
0.820279
0.838022
0.808011
0.807709
0.844824
0.819618
0.841099
0.8348
0.831722
0.835278
0.8169
0.812525
0.825173
0.833793
0.83211
0.819059
0.833943
0.822072
0.836532
0.825951
0.834864
0.837439
0.826131
0.821723
0.834544
0.810954
0.836439
0.820575
0.839441
0.839521
0.797527
0.840263
0.830415
0.826798
0.829054
0.822838
0.822937
0.805177
0.836794
0.833459
0.823213
0.832472
0.837711
0.824213
0.815077
0.822349
0.833573
0.809309
0.833118
0.83543
0.825011
0.837804
0.827838
0.820139
0.823487
0.825922
0.833182
0.835494
0.812537
0.824294
0.814633
0.809382
0.839539
0.807102
0.828013
0.822774
0.815573
0.833263
0.824509
0.821336
0.830971
0.843238
0.83907
0.803943
0.831548
0.830611
0.840473
0.835258
0.824682
0.838969
0.817377
0.837952
0.83615
0.829777
0.813546
0.810867
0.825694
0.839271
0.835559
0.796296
0.826898
0.823273
0.821893
0.83298
0.839923
0.831877
0.824477
0.822633
0.837575
0.825415
0.833642
0.813305
0.822664
0.825884
0.82588
0.842567
0.816882
0.837913
0.835118
0.834582
0.832098
0.818983
0.818533
0.828749
0.836646
0.830928
0.832471
0.825919
0.838891
0.831547
0.830918
0.817263
0.839697
0.815448
0.828356
0.816487
0.839328
0.833423
0.827471
0.814768
0.821031
0.82478
0.833162
0.821781
0.825899
0.827032
0.833189
0.8268
0.838507
0.827392
0.810947
0.831833
0.819094
0.835988
0.836946
0.831656
0.806706
0.837977
0.822082
0.831578
0.813811
0.827229
0.842471
0.821668
0.838519
0.815527
0.831757
0.832821
0.839891
0.821491
0.835424
0.82391
0.816287
0.825667
0.833413
0.827157
0.835345
0.831094
0.842574
0.834525
0.826955
0.826369
0.818025
0.818471
0.83914
0.83537
0.823785
0.82262
0.814025
0.814926
0.83158
0.826766
0.826891
0.83162
0.810837
0.830518
0.825438
0.830645
0.839393
0.82848
0.834093
0.829668
0.826379
0.813739
0.825527
0.842591
0.824622
0.827361
0.833377
0.831137
0.836326
0.832183
0.827351
0.827242
0.842734
0.807428
0.832292
0.825308
0.823732
0.813839
0.831215
0.777166
0.813562
0.845644
0.781131
0.828899
0.83901
0.839279
0.81002
0.845405
0.82517
0.830692
0.821964
0.840982
0.799079
0.831735
0.824768
0.841529
0.83552
0.82656
0.829938
0.831429
0.815065
0.826546
0.820683
0.831924
0.828188
0.839939
0.837838
0.842771
0.83158
0.834045
0.802748
0.841617
0.829389
0.829493
0.828278
0.829562
0.822552
0.821388
0.818285
0.827102
0.840144
0.819238
0.823931
0.844912
0.81757
0.821864
0.840383
0.833254
0.83007
0.825576
0.836224
0.836653
0.837111
0.839033
0.833039
0.824832
0.833226
0.81586
0.812296
0.835557
0.806735
0.828397
0.830318
0.850107
0.825869
0.820079
0.835441
0.836242
0.837732
0.824165
0.817026
0.82392
0.821871
0.843389
0.822164
0.831882
0.83088
0.832873
0.805425
0.814634
0.841728
0.835864
0.823654
0.83487
0.830051
0.819804
0.835387
0.812737
0.831758
0.819519
0.820934
0.838022
0.813661
0.806487
0.805329
0.824207
0.841127
0.830826
0.828732
0.830055
0.828985
0.829524
0.837957
0.831297
0.827846
0.824133
0.813376
0.831369
0.843585
0.833322
0.835551
0.837913
0.816565
0.812792
0.818558
0.825735
0.831501
0.820626
0.816588
0.835023
0.834202
0.828702
0.828623
0.819184
0.838625
0.836309
0.831607
0.829373
0.835272
0.834376
0.827403
0.839524
0.835252
0.824198
0.827431
0.813053
0.83146
0.820408
0.841476
0.815098
0.826532
0.822121
0.833484
0.822024
0.826112
0.837825
0.83094
0.827652
0.817183
0.82505
0.830266
0.833725
0.824843
0.818115
0.82649
0.833819
0.841518
0.840681
0.818265
0.823001
0.824579
0.838718
0.817389
0.821358
0.838228
0.831286
0.828356
0.835164
0.842985
0.834749
0.83445
0.834953
0.84231
0.820673
0.827713
0.812892
0.844009
0.829344
0.834338
0.822705
0.813653
0.825834
0.806721
0.80356
0.833514
0.825967
0.819448
0.838022
0.834754
0.831396
0.819975
0.834127
0.827307
0.840319
0.823868
0.812822
0.819921
0.83102
0.826643
0.821719
0.826
0.839736
0.838194
0.833563
0.822142
0.823014
0.833378
0.82317
0.816933
0.829463
0.817589
0.8074
0.830823
0.848136
0.840411
0.822523
0.82543
0.817262
0.823894
0.829689
0.828177
0.841267
0.831464
0.828727
0.826951
0.822185
0.822415
0.83134
0.83915
0.835631
0.820629
0.832412
0.834197
0.832748
0.826822
0.822769
0.839189
0.843715
0.839012
0.834675
0.836
0.829333
0.836133
0.826877
0.839881
0.81889
0.82443
0.828562
0.836373
0.83804
0.837473
0.833647
0.835808
0.836058
0.822715
0.841999
0.817224
0.834111
0.83335
0.835255
0.829816
0.839189
0.827398
0.8335
0.82092
0.828585
0.840528
0.787864
0.838041
0.828076
0.832433
0.827275
0.817669
0.832522
0.821982
0.834189
0.837328
0.84096
0.83973
0.839461
0.821225
0.83312
0.842554
0.822479
0.826986
0.835799
0.823335
0.82546
0.842328
0.845051
0.825558
0.839319
0.840728
0.833509
0.823453
0.831171
0.835672
0.831252
0.813174
0.821064
0.819917
0.825606
0.817144
0.824879
0.832877
0.829619
0.822225
0.832558
0.817652
0.828317
0.839111
0.831011
0.841037
0.842518
0.813346
0.839398
0.824793
0.824938
0.805339
0.837451
0.826747
0.835667
0.827976
0.831862
0.811222
0.827656
0.829788
0.834522
0.836223
0.827014
0.829096
0.827176
0.831363
0.83469
0.826562
0.822193
0.822691
0.838546
0.820385
0.837099
0.83114
0.833881
0.838541
0.826191
0.8308
0.80812
0.835681
0.82079
0.820268
0.844142
0.831353
0.829342
0.838042
0.832772
0.837774
0.83377
0.811126
0.833759
0.830931
0.840621
0.829777
0.813967
0.834868
0.826983
0.831671
0.831647
0.815537
0.826207
0.83083
0.826628
0.829794
0.81681
0.828351
0.828462
0.830299
0.829217
0.834088
0.829866
0.833066
0.826066
0.840118
0.837584
0.834247
0.832988
0.818581
0.828232
0.842337
0.824986
0.835899
0.821475
0.83697
0.821032
0.839668
0.835211
0.836336
0.833644
0.831364
0.830526
0.82385
0.834594
0.832073
0.831462
0.832137
0.840853
0.809042
0.83633
0.814989
0.841985
0.835443
0.832939
0.833913
0.817778
0.827703
0.842021
0.821105
0.847015
0.827992
0.830575
0.832654
0.827489
0.835498
0.833395
0.837191
0.833263
0.831982
0.819472
0.837793
0.841781
0.834221
0.834198
0.834401
0.832765
0.82514
0.815922
0.826263
0.795334
0.825359
0.806403
0.840403
0.808658
0.82501
0.837049
0.823617
0.842403
0.827492
0.832271
0.840862
0.823762
0.799815
0.837436
0.826293
0.802502
0.825918
0.841066
0.834746
0.831787
0.842023
0.839389
0.827868
0.82709
0.801723
0.809932
0.828559
0.834312
0.825903
0.828518
0.813467
0.829805
0.836898
0.807992
0.837234
0.838608
0.820519
0.834291
0.816153
0.838258
0.82874
0.825683
0.82392
0.824544
0.822843
0.816498
0.827038
0.834606
0.825711
0.828152
0.832795
0.828911
0.833589
0.839681
0.833352
0.822467
0.835279
0.845408
0.845217
0.826551
0.83048
0.831214
0.810386
0.839376
0.841374
0.83109
0.819847
0.840278
0.837471
0.833064
0.821862
0.842835
0.828048
0.83921
0.821508
0.839465
0.831297
0.835385
0.830889
0.822919
0.832901
0.812844
0.835075
0.825712
0.834504
0.822639
0.828087
0.820268
0.806265
0.815518
0.81394
0.820748
0.820304
0.838446
0.82097
0.834418
0.831311
0.843472
0.824164
0.829733
0.834197
0.841245
0.808463
0.828788
0.814348
0.826473
0.815838
0.835831
0.801115
0.832248
0.832182
0.840872
0.832179
0.821842
0.834118
0.826731
0.829013
0.817457
0.834246
0.830997
0.823079
0.837358
0.826738
0.828046
0.83063
0.830935
0.823702
0.800899
0.820983
0.820457
0.837864
0.826296
0.828779
0.825726
0.821579
0.837476
0.834489
0.822238
0.838513
0.831711
0.833219
0.830562
0.83674
0.82051
0.815811
0.81753
0.837146
0.835233
0.842356
0.824926
0.83075
0.843196
0.833669
0.833129
0.839834
0.826805
0.807034
0.845972
0.836716
0.838409
0.839454
0.826084
0.842334
0.805485
0.806859
0.831711
0.82792
0.823144
0.830115
0.827998
0.81643
0.82573
0.834271
0.842848
0.834106
0.828741
0.836707
0.796151
0.836547
0.831496
0.830915
0.841317
0.824432
0.835689
0.83037
0.825883
0.837803
0.836246
0.824017
0.820521
0.818689
0.828839
0.834541
0.83891
0.83648
0.826279
0.827907
0.834241
0.838965
0.830937
0.834648
0.811417
0.804457
0.84056
0.82603
0.832448
0.826234
0.835375
0.835648
0.83374
0.830254
0.829105
0.839672
0.833194
0.829025
0.846164
0.813647
0.837385
0.837153
0.829808
0.815938
0.828049
0.823797
0.838759
0.836321
0.844682
0.837673
0.835162
0.815217
0.831902
0.834214
0.829751
0.82556
0.826783
0.83362
0.819637
0.821467
0.834866
0.843256
0.83386
0.817189
0.820895
0.832792
0.808818
0.826092
0.838565
0.82445
0.831128
0.834909
0.839835
0.830748
0.839232
0.818917
0.837455
0.826498
0.832522
0.82988
0.828383
0.836682
0.838984
0.81951
0.824878
0.831205
0.817618
0.844268
0.836376
0.827075
0.83958
0.826787
0.830546
0.811447
0.80699
0.829603
0.825904
0.840079
0.829343
0.817478
0.831389
0.823321
0.831587
0.82925
0.840541
0.839544
0.834546
0.820968
0.839711
0.840187
0.831344
0.83642
0.823061
0.813176
0.837467
0.818901
0.830958
0.834006
0.809703
0.822113
0.842061
0.829731
0.826364
0.823977
0.83441
0.819242
0.83873
0.846056
0.823879
0.808682
0.835427
0.834586
0.833362
0.840942
0.835742
0.807595
0.83411
0.839008
0.825193
0.790804
0.822082
0.831421
0.837761
0.835827
0.829721
0.837516
0.837866
0.841356
0.822705
0.82381
0.809572
0.831865
0.826282
0.827175
0.831509
0.832694
0.812006
0.831689
0.820933
0.837484
0.836426
0.838292
0.823642
0.824701
0.813496
0.835724
0.827851
0.836269
0.815057
0.820511
0.82749
0.819515
0.828202
0.835953
0.828838
0.833548
0.825237
0.812057
0.845189
0.818563
0.835887
0.812257
0.815498
0.831978
0.818585
0.838209
0.817051
0.831591
0.831315
0.800446
0.808861
0.838509
0.830896
0.825238
0.831135
0.821072
0.826823
0.833561
0.82081
0.821499
0.822845
0.833495
0.81595
0.830036
0.837012
0.832786
0.820792
0.838432
0.820647
0.832554
0.82791
0.812142
0.828365
0.822117
0.827361
0.837302
0.83166
0.823562
0.843854
0.835826
0.840632
0.817868
0.832081
0.837437
0.825278
0.816009
0.838937
0.828413
0.834787
0.823724
0.817697
0.839079
0.819802
0.829741
0.833267
0.835797
0.83911
0.830007
0.821569
0.818473
0.835645
0.802803
0.819232
0.814187
0.834049
0.807706
0.835076
0.821712
0.829299
0.818502
0.836704
0.829345
0.837029
0.835627
0.828224
0.829322
0.83267
0.842241
0.83658
0.812681
0.825136
0.833979
0.82821
0.825786
0.839223
0.818577
0.81065
0.808604
0.832911
0.831931
0.815285
0.833337
0.83447
0.812386
0.82696
0.828888
0.837593
0.808356
0.843191
0.825951
0.838974
0.832056
0.816212
0.825757
0.81463
0.812237
0.818856
0.809172
0.815709
0.827114
0.840028
0.837479
0.834255
0.831696
0.830101
0.834315
0.825289
0.827171
0.840037
0.839199
0.83825
0.834296
0.820172
0.823041
0.836407
0.832369
0.811826
0.807456
0.835731
0.826437
0.831697
0.832678
0.828875
0.842975
0.828481
0.830339
0.835545
0.81869
0.832969
0.829081
0.775256
0.828291
0.819426
0.823887
0.82183
0.835904
0.833706
0.842295
0.82327
0.838811
0.832347
0.828741
0.846208
0.826446
0.832551
0.838675
0.829677
0.832031
0.837429
0.828556
0.839929
0.829772
0.81635
0.840098
0.823124
0.831482
0.82931
0.848103
0.826586
0.812702
0.820631
0.829216
0.83341
0.837125
0.831553
0.835817
0.815772
0.829072
0.826074
0.82156
0.823805
0.824435
0.834785
0.815081
0.812034
0.825751
0.825729
0.83473
0.816255
0.827944
0.840595
0.836734
0.830036
0.830891
0.843382
0.837036
0.847605
0.831298
0.834265
0.831668
0.813205
0.825413
0.8222
0.823577
0.826772
0.844796
0.835935
0.816638
0.818465
0.825703
0.82452
0.826328
0.832112
0.840114
0.83492
0.826982
0.837157
0.840534
0.840127
0.821422
0.827737
0.836785
0.834629
0.831334
0.811944
0.834759
0.831527
0.799685
0.823796
0.832414
0.823154
0.824098
0.830448
0.826647
0.82258
0.843929
0.828286
0.836441
0.823367
0.821188
0.834219
0.816608
0.817728
0.841944
0.832014
0.80506
0.830966
0.824035
0.826718
0.838809
0.83633
0.804155
0.824108
0.82042
0.844414
0.814876
0.811017
0.803934
0.827694
0.830207
0.835401
0.839101
0.849044
0.813793
0.830064
0.826533
0.828564
0.827397
0.831076
0.829139
0.828241
0.832056
0.838636
0.83009
0.822216
0.822213
0.835652
0.836212
0.824493
0.830759
0.832506
0.816754
0.822717
0.83066
0.831379
0.837838
0.837999
0.842345
0.829848
0.833105
0.823984
0.825102
0.813431
0.832176
0.827628
0.826591
0.822155
0.832722
0.831074
0.828908
0.826924
0.847049
0.82238
0.837187
0.841933
0.8266
0.825551
0.837054
0.827413
0.81682
0.828636
0.82725
0.821598
0.834521
0.808865
0.815272
0.816408
0.836438
0.832746
0.835674
0.788105
0.828133
0.837996
0.832121
0.838555
0.823822
0.818423
0.839962
0.819109
0.823104
0.830023
0.832136
0.828723
0.831226
0.824601
0.829452
0.836648
0.846531
0.842578
0.818907
0.828182
0.831046
0.83522
0.813084
0.822128
0.820089
0.804495
0.811729
0.829339
0.828153
0.828986
0.82974
0.838973
0.837626
0.83904
0.818508
0.814009
0.831297
0.825594
0.827723
0.818027
0.832773
0.833008
0.836371
0.837386
0.808548
0.829614
0.837052
0.82381
0.825681
0.811108
0.834227
0.833386
0.826169
0.832332
0.834898
0.823661
0.835031
0.844031
0.826316
0.842076
0.824442
0.8241
0.831955
0.829132
0.837061
0.830967
0.833507
0.826599
0.82113
0.830233
0.83948
0.816806
0.830029
0.820426
0.834976
0.825788
0.827769
0.826537
0.833987
0.837895
0.823321
0.832572
0.841333
0.823607
0.832324
0.828695
0.817392
0.821939
0.818732
0.817924
0.831654
0.827511
0.822519
0.820109
0.826328
0.840776
0.830969
0.838036
0.821066
0.829646
0.817322
0.830305
0.828528
0.819079
0.840079
0.804095
0.844771
0.829972
0.822391
0.830608
0.844667
0.828216
0.814343
0.826367
0.835215
0.830503
0.825284
0.82019
0.832334
0.823296
0.830351
0.834255
0.829895
0.828549
0.838076
0.815128
0.8426
0.83234
0.816842
0.835354
0.829131
0.827981
0.818074
0.826127
0.843812
0.841062
0.835593
0.800954
0.811695
0.837507
0.83458
0.827984
0.819861
0.81313
0.835311
0.834752
0.835973
0.837624
0.820068
0.835876
0.842866
0.827448
0.825743
0.821559
0.830578
0.820566
0.821379
0.841043
0.839436
0.827266
0.829389
0.834388
0.827918
0.824376
0.839714
0.83114
0.846238
0.828605
0.830286
0.837854
0.829891
0.831276
0.828453
0.826364
0.831547
0.830431
0.822139
0.833498
0.811418
0.836831
0.815436
0.827641
0.831438
0.841656
0.82858
0.826384
0.817088
0.83262
0.823681
0.831069
0.826031
0.838146
0.838601
0.833699
0.813944
0.838492
0.824518
0.825308
0.817112
0.830504
0.823726
0.839872
0.815509
0.831817
0.831864
0.842651
0.830221
0.838057
0.820405
0.838669
0.829723
0.827325
0.837738
0.810643
0.83588
0.832872
0.829289
0.825286
0.817066
0.835985
0.825386
0.823306
0.842156
0.838738
0.833161
0.824306
0.808216
0.819243
0.831443
0.83298
0.82558
0.824481
0.82876
0.841548
0.810729
0.818137
0.83203
0.82079
0.831788
0.812271
0.832607
0.827008
0.841322
0.829505
0.84379
0.82722
0.826433
0.828849
0.836961
0.801449
0.823959
0.830069
0.84988
0.80211
0.838583
0.829059
0.829109
0.828446
0.835232
0.836305
0.821038
0.843465
0.832161
0.826615
0.827288
0.821801
0.817815
0.80082
0.826543
0.829805
0.818939
0.824522
0.833195
0.820108
0.832835
0.836009
0.823262
0.834704
0.819322
0.822087
0.820107
0.815371
0.826445
0.78562
0.822909
0.84624
0.83305
0.812813
0.81665
0.829236
0.82783
0.836843
0.823625
0.81542
0.827879
0.8256
0.827277
0.828407
0.820262
0.829646
0.830083
0.826801
0.832668
0.828198
0.834965
0.828615
0.84484
0.831049
0.835122
0.83303
0.831453
0.842465
0.840777
0.834263
0.836448
0.830776
0.84666
0.82796
0.838723
0.83059
0.832314
0.831278
0.811766
0.831487
0.832852
0.834202
0.815967
0.826855
0.829234
0.824609
0.825623
0.83255
0.827744
0.842174
0.842288
0.826675
0.823689
0.834574
0.826061
0.821739
0.826501
0.834589
0.824114
0.834962
0.829965
0.830166
0.817426
0.818788
0.828186
0.827158
0.83023
0.839695
0.846965
0.823658
0.835882
0.830329
0.824106
0.81952
0.833256
0.828705
0.827112
0.834964
0.819982
0.834433
0.838003
0.828903
0.821304
0.837035
0.818689
0.830508
0.828009
0.794243
0.824984
0.815723
0.835429
0.81911
0.828062
0.830706
0.83674
0.820318
0.82415
0.827279
0.839119
0.831152
0.826015
0.822898
0.829866
0.82489
0.830957
0.827611
0.833584
0.83742
0.835761
0.837397
0.819488
0.83577
0.816242
0.839755
0.843621
0.829686
0.826895
0.836452
0.842527
0.825747
0.831911
0.834619
0.839952
0.833863
0.840078
0.836826
0.832122
0.834078
0.831084
0.836071
0.828848
0.842512
0.817753
0.825505
0.827063
0.82118
0.824125
0.832914
0.826923
0.823652
0.832257
0.839487
0.824826
0.836466
0.838551
0.828813
0.807182
0.826606
0.830663
0.838412
0.818204
0.832081
0.838399
0.821004
0.84688
0.820436
0.84304
0.836265
0.811613
0.827315
0.823867
0.822313
0.812916
0.822388
0.811261
0.841981
0.824055
0.825128
0.813351
0.833385
0.83509
0.82227
0.818767
0.825343
0.842728
0.832184
0.826562
0.825548
0.835462
0.838015
0.811835
0.835797
0.831396
0.827423
0.821167
0.81574
0.825209
0.799875
0.834624
0.834048
0.828769
0.836766
0.826714
0.82549
0.834765
0.819304
0.833559
0.820984
0.836491
0.835934
0.828453
0.82833
0.835034
0.829305
0.834644
0.814819
0.805178
0.837801
0.821894
0.825103
0.817492
0.837874
0.831235
0.837613
0.828098
0.829388
0.835951
0.831869
0.838951
0.826164
0.827632
0.818287
0.806158
0.832662
0.832624
0.828239
0.829861
0.817306
0.82631
0.812915
0.825956
0.837151
0.842337
0.828776
0.825827
0.813883
0.82356
0.828249
0.833089
0.834093
0.833674
0.836444
0.823189
0.835813
0.815114
0.834705
0.836914
0.829161
0.829762
0.82527
0.828751
0.838672
0.815076
0.831975
0.8322
0.826894
0.831246
0.809595
0.821816
0.844623
0.821793
0.829095
0.833978
0.830289
0.823664
0.798283
0.823906
0.823051
0.839875
0.828169
0.827787
0.826705
0.819261
0.83601
0.823351
0.827625
0.815686
0.840279
0.830388
0.817887
0.839588
0.837703
0.830141
0.835601
0.836765
0.822995
0.839623
0.830691
0.827707
0.824849
0.823626
0.83123
0.841888
0.826743
0.826208
0.823139
0.815715
0.817574
0.829469
0.825462
0.822005
0.836779
0.82904
0.840384
0.832008
0.819819
0.834227
0.841587
0.833685
0.821534
0.832916
0.813543
0.830622
0.834659
0.844168
0.829983
0.827041
0.79717
0.822673
0.815331
0.820964
0.813795
0.824161
0.825286
0.812289
0.832553
0.82902
0.837007
0.815643
0.82605
0.824923
0.833051
0.832123
0.819282
0.827591
0.813856
0.816396
0.794881
0.828497
0.833547
0.832492
0.834965
0.833676
0.832477
0.831183
0.834185
0.840222
0.833046
0.830594
0.825395
0.830486
0.830933
0.828219
0.830113
0.826824
0.832515
0.82833
0.832938
0.823989
0.826937
0.835722
0.836458
0.840019
0.832776
0.840936
0.83578
0.823583
0.84753
0.82751
0.843286
0.809828
0.811231
0.830152
0.829587
0.820507
0.821333
0.838779
0.837166
0.825811
0.835782
0.838322
0.824868
0.823728
0.835638
0.810866
0.81315
0.828187
0.828578
0.842554
0.816869
0.827256
0.82612
0.814469
0.809176
0.828268
0.841929
0.839524
0.830516
0.839675
0.829601
0.818257
0.829383
0.83553
0.838497
0.839318
0.824061
0.826327
0.827339
0.83093
0.82973
0.833737
0.83203
0.83942
0.814166
0.823689
0.827804
0.835911
0.825167
0.827563
0.822049
0.831153
0.825008
0.840643
0.835542
0.819341
0.830871
0.811504
0.822817
0.821578
0.825133
0.831252
0.833811
0.835059
0.828941
0.832143
0.831162
0.830597
0.799767
0.838492
0.824512
0.835806
0.830501
0.83371
0.833865
0.827506
0.830174
0.80724
0.832851
0.822666
0.823451
0.833707
0.826951
0.828029
0.830056
0.837772
0.827906
0.836249
0.832845
0.837005
0.827129
0.836358
0.81669
0.834285
0.833675
0.829621
0.825894
0.844426
0.820785
0.839695
0.839189
0.842194
0.832586
0.821421
0.835792
0.811733
0.834241
0.830351
0.825212
0.833379
0.828204
0.843646
0.823922
0.838513
0.837184
0.828838
0.837213
0.82489
0.838482
0.818017
0.818966
0.838994
0.823875
0.817848
0.822244
0.828357
0.815854
0.82721
0.821695
0.832033
0.83209
0.836507
0.801848
0.821407
0.835418
0.836729
0.83257
0.830959
0.816003
0.808609
0.822505
0.830071
0.77414
0.832301
0.830593
0.830084
0.829646
0.824452
0.829789
0.833066
0.826558
0.837565
0.827125
0.815906
0.838357
0.825901
0.818531
0.843226
0.81817
0.799327
0.822232
0.84336
0.823211
0.831451
0.828825
0.818857
0.823288
0.833803
0.827876
0.837201
0.824686
0.831943
0.825975
0.831298
0.836851
0.838966
0.834216
0.831783
0.834357
0.844922
0.795369
0.820231
0.813814
0.825711
0.803269
0.824506
0.828983
0.810044
0.797842
0.829897
0.824451
0.836187
0.827558
0.832975
0.829565
0.819103
0.829854
0.83162
0.826884
0.825918
0.823381
0.836655
0.849119
0.821456
0.833672
0.825842
0.838274
0.832708
0.825135
0.832696
0.815975
0.831341
0.823584
0.824302
0.825797
0.829024
0.81172
0.836267
0.816452
0.831315
0.811228
0.838087
0.823268
0.835133
0.833969
0.826584
0.830612
0.833635
0.843997
0.824938
0.834454
0.833055
0.82425
0.828667
0.826545
0.840838
0.837933
0.840152
0.827616
0.821117
0.799316
0.822222
0.831768
0.807222
0.817204
0.828015
0.832099
0.828681
0.837086
0.836467
0.831002
0.822664
0.828591
0.826757
0.830672
0.833249
0.810262
0.831085
0.840439
0.821361
0.825466
0.826194
0.825219
0.829565
0.830205
0.826997
0.824806
0.827735
0.828432
0.839088
0.837177
0.816195
0.844465
0.837717
0.828227
0.817901
0.818088
0.826213
0.818359
0.83536
0.812995
0.827356
0.836143
0.845806
0.835705
0.836581
0.837648
0.825892
0.823294
0.83819
0.828534
0.802958
0.833929
0.810367
0.829212
0.814609
0.80713
0.795126
0.815556
0.845329
0.832279
0.824107
0.83319
0.840518
0.820478
0.830066
0.820869
0.831604
0.806989
0.794601
0.845562
0.823564
0.810822
0.837017
0.83123
0.833013
0.820651
0.828896
0.83353
0.836191
0.835808
0.835615
0.813464
0.837924
0.830378
0.837131
0.834716
0.83299
0.839679
0.820374
0.842792
0.816496
0.834665
0.835123
0.832435
0.836094
0.826349
0.827392
0.839506
0.820198
0.837142
0.838026
0.83816
0.816546
0.831663
0.845649
0.81121
0.83444
0.806696
0.82676
0.839534
0.833994
0.837836
0.825737
0.818093
0.829271
0.82386
0.835593
0.830989
0.843113
0.839711
0.841523
0.83763
0.828553
0.837417
0.824811
0.836115
0.819536
0.812172
0.830124
0.811404
0.837608
0.821135
0.844985
0.830882
0.79416
0.819183
0.827285
0.835297
0.838538
0.832752
0.830404
0.82917
0.836015
0.836041
0.837069
0.831517
0.839386
0.824921
0.843695
0.828186
0.820019
0.830908
0.825119
0.830056
0.833798
0.805222
0.823619
0.81904
0.833508
0.821274
0.830522
0.80803
0.832578
0.827854
0.828161
0.831895
0.837341
0.818361
0.812421
0.828649
0.832331
0.816316
0.83224
0.828609
0.827003
0.831504
0.834533
0.817723
0.828452
0.841167
0.832197
0.837604
0.813617
0.834552
0.835457
0.814416
0.826759
0.836616
0.831744
0.844135
0.808047
0.840892
0.816756
0.830296
0.820133
0.83082
0.827838
0.823904
0.835747
0.815704
0.821251
0.804394
0.833131
0.833895
0.837589
0.845392
0.829916
0.818595
0.839216
0.82559
0.832514
0.822585
0.838247
0.833745
0.82632
0.826356
0.819425
0.833264
0.831782
0.832809
0.827295
0.836578
0.836993
0.810624
0.799211
0.831509
0.833818
0.83767
0.837814
0.840245
0.83659
0.833159
0.824973
0.829265
0.82277
0.836086
0.833509
0.815165
0.823499
0.807619
0.83483
0.830503
0.823233
0.825519
0.839739
0.838883
0.825542
0.840856
0.832914
0.829949
0.832917
0.822852
0.817191
0.843006
0.839307
0.832696
0.84189
0.814778
0.822173
0.82671
0.81421
0.833036
0.823047
0.834287
0.82974
0.818759
0.837868
0.83643
0.829819
0.828102
0.841375
0.830614
0.845057
0.847076
0.822696
0.842548
0.819242
0.828492
0.836256
0.823877
0.82743
0.821332
0.830139
0.810317
0.836436
0.827561
0.811706
0.843912
0.834629
0.84635
0.821343
0.831484
0.823075
0.819771
0.814697
0.836
0.820898
0.81944
0.838829
0.8363
0.821873
0.840322
0.841317
0.818948
0.808546
0.811829
0.831042
0.817324
0.843047
0.850999
0.823713
0.832427
0.829402
0.831798
0.838376
0.832609
0.813711
0.832691
0.837914
0.834795
0.833545
0.835437
0.838359
0.844725
0.836238
0.82155
0.816592
0.828456
0.828458
0.842621
0.830825
0.835866
0.789609
0.820087
0.836003
0.813216
0.832125
0.827487
0.837087
0.832499
0.836175
0.833249
0.83467
0.828062
0.831492
0.823044
0.815074
0.829329
0.841123
0.839956
0.828758
0.837814
0.836905
0.837426
0.836762
0.828852
0.82765
0.837428
0.827886
0.828327
0.816015
0.825481
0.834519
0.835478
0.828257
0.816148
0.826683
0.844669
0.833625
0.837641
0.834303
0.816532
0.823158
0.836206
0.829245
0.822315
0.824579
0.815699
0.834638
0.827808
0.812785
0.819024
0.83392
0.834099
0.830904
0.829126
0.831615
0.807353
0.835766
0.810767
0.819427
0.82844
0.843336
0.82029
0.820003
0.834503
0.826122
0.82381
0.817178
0.827415
0.830422
0.820569
0.83276
0.822078
0.840755
0.819711
0.835491
0.835845
0.826014
0.827202
0.835303
0.83789
0.828395
0.80767
0.823106
0.827788
0.833296
0.824793
0.836996
0.847347
0.831936
0.833854
0.834122
0.827578
0.838877
0.825801
0.833276
0.833398
0.829531
0.811305
0.830244
0.822685
0.829691
0.828204
0.823096
0.83257
0.829089
0.838063
0.828147
0.840534
0.830325
0.829862
0.836262
0.843453
0.81863
0.841344
0.84551
0.838528
0.828752
0.829002
0.833846
0.837057
0.812023
0.819729
0.832799
0.813351
0.828977
0.822631
0.835867
0.825308
0.831908
0.829613
0.840856
0.829986
0.834865
0.843243
0.817935
0.805309
0.833418
0.830975
0.840711
0.845603
0.827131
0.846106
0.837415
0.836
0.841437
0.830195
0.818355
0.840108
0.829538
0.836069
0.831544
0.842101
0.830957
0.839314
0.832594
0.831154
0.834506
0.824105
0.826375
0.820753
0.841733
0.820275
0.816349
0.839943
0.822826
0.83883
0.832593
0.829108
0.819248
0.831445
0.818848
0.832977
0.835993
0.835284
0.842835
0.831428
0.831102
0.840759
0.827637
0.819763
0.830985
0.83502
0.800586
0.827569
0.824688
0.826097
0.824398
0.827839
0.834912
0.835245
0.832737
0.820541
0.806748
0.835264
0.808423
0.826704
0.828075
0.814221
0.817701
0.815264
0.837461
0.821357
0.829296
0.831023
0.83611
0.831371
0.834997
0.823995
0.819939
0.830645
0.811543
0.833176
0.83614
0.828793
0.82593
0.818577
0.83701
0.823672
0.831382
0.843836
0.833734
0.829423
0.832484
0.834203
0.819098
0.811792
0.842383
0.825402
0.83245
0.835439
0.81433
0.822144
0.801337
0.827781
0.839417
0.83686
0.822601
0.815506
0.823201
0.832784
0.831263
0.832487
0.819789
0.836837
0.830647
0.833769
0.836058
0.831345
0.833897
0.820981
0.834322
0.834348
0.822389
0.826708
0.830127
0.834754
0.831753
0.820497
0.823944
0.828647
0.838295
0.832032
0.822592
0.839593
0.83498
0.816565
0.828268
0.819338
0.841141
0.833038
0.829714
0.817809
0.83532
0.825374
0.84192
0.835232
0.827149
0.830293
0.827244
0.833076
0.82876
0.835441
0.822837
0.842313
0.831891
0.823632
0.826423
0.83073
0.821737
0.807254
0.798821
0.832829
0.825296
0.826267
0.838179
0.830256
0.816874
0.838662
0.824259
0.82592
0.831984
0.823117
0.831674
0.827894
0.824107
0.821397
0.83484
0.835747
0.83417
0.810718
0.816567
0.829468
0.829922
0.832874
0.835826
0.838466
0.837242
0.838304
0.815837
0.844185
0.84137
0.815508
0.836106
0.82056
0.824851
0.833466
0.82496
0.837045
0.83686
0.834643
0.837076
0.833884
0.831352
0.845881
0.833521
0.817559
0.827272
0.823106
0.828711
0.828035
0.827641
0.837318
0.830923
0.82862
0.842337
0.83249
0.83751
0.816986
0.828097
0.833262
0.83813
0.819339
0.819894
0.842353
0.832246
0.809989
0.83138
0.838825
0.841863
0.830467
0.823911
0.805249
0.831846
0.826849
0.834859
0.837725
0.822943
0.824559
0.830113
0.808216
0.846391
0.819715
0.823495
0.83118
0.838852
0.801461
0.832347
0.826108
0.835691
0.827953
0.829039
0.820602
0.835147
0.834467
0.818422
0.827125
0.844139
0.829816
0.82993
0.839948
0.828024
0.818728
0.839159
0.81601
0.828231
0.837931
0.8263
0.834523
0.840216
0.829331
0.843473
0.836975
0.816122
0.817997
0.814407
0.824029
0.815737
0.823884
0.827747
0.828749
0.829654
0.837289
0.834026
0.829984
0.830061
0.811936
0.829509
0.841539
0.825265
0.830752
0.830274
0.820335
0.817281
0.837108
0.832687
0.827977
0.794602
0.809408
0.837082
0.835441
0.83188
0.824414
0.812222
0.826935
0.834006
0.833433
0.813125
0.827579
0.819542
0.834417
0.829635
0.827152
0.815989
0.835034
0.834737
0.83496
0.827229
0.817619
0.821327
0.836645
0.833021
0.827679
0.840092
0.827174
0.828711
0.82193
0.791978
0.835775
0.827041
0.824048
0.838508
0.816298
0.840637
0.83457
0.830724
0.831595
0.819967
0.8371
0.840485
0.832866
0.829966
0.83131
0.836415
0.816672
0.821494
0.829436
0.835256
0.824515
0.828961
0.821239
0.836704
0.829015
0.832535
0.837758
0.825321
0.843124
0.832397
0.839357
0.827143
0.838531
0.83072
0.838273
0.795921
0.826687
0.83205
0.824219
0.821455
0.825357
0.832043
0.836254
0.831793
0.834341
0.824529
0.820649
0.838387
0.820623
0.81035
0.839729
0.827439
0.826642
0.847894
0.831072
0.834912
0.817642
0.828392
0.827341
0.827486
0.828859
0.839312
0.82665
0.830918
0.847617
0.825051
0.838011
0.828634
0.835164
0.826528
0.83296
0.833205
0.825289
0.838992
0.83219
0.829104
0.832816
0.823665
0.800911
0.823776
0.830219
0.820474
0.826211
0.82965
0.826935
0.83318
0.829053
0.828795
0.816858
0.839126
0.827971
0.836575
0.828841
0.821992
0.834762
0.838206
0.829417
0.820386
0.830228
0.835459
0.832591
0.836687
0.839139
0.818214
0.822693
0.839117
0.832861
0.835542
0.839081
0.838844
0.832487
0.840321
0.838968
0.840546
0.828801
0.828399
0.834637
0.833971
0.834329
0.824267
0.834738
0.835469
0.825646
0.834185
0.825541
0.823553
0.835906
0.826774
0.808685
0.82613
0.842336
0.828904
0.827244
0.836011
0.795705
0.831123
0.837602
0.837997
0.838393
0.837207
0.834328
0.833348
0.834297
0.840492
0.836811
0.829252
0.834956
0.825507
0.827085
0.830439
0.831422
0.83654
0.836314
0.815691
0.828701
0.83769
0.828699
0.820489
0.838822
0.84033
0.823072
0.831009
0.82876
0.804462
0.832567
0.827584
0.834845
0.829833
0.824964
0.830519
0.812605
0.849719
0.835973
0.829537
0.834706
0.831853
0.844867
0.82742
0.811922
0.827487
0.824078
0.830342
0.833501
0.835906
0.821754
0.837901
0.825076
0.811945
0.827035
0.843415
0.818856
0.817696
0.832663
0.837863
0.832071
0.830553
0.835694
0.826132
0.8268
0.794347
0.834928
0.831226
0.825904
0.827735
0.837879
0.816373
0.837547
0.843245
0.839644
0.830738
0.802574
0.834533
0.824169
0.819218
0.831299
0.836415
0.827161
0.815805
0.825666
0.834809
0.831821
0.839488
0.819405
0.826359
0.834478
0.838042
0.826567
0.833348
0.83346
0.818874
0.821988
0.807042
0.845744
0.83205
0.84476
0.834817
0.824389
0.833992
0.829552
0.836888
0.839508
0.831468
0.831224
0.834508
0.831068
0.83295
0.824827
0.818874
0.831548
0.837383
0.820283
0.831857
0.830709
0.800304
0.828356
0.826089
0.828074
0.836349
0.833199
0.821043
0.82163
0.82883
0.805184
0.844256
0.833084
0.813906
0.833401
0.827624
0.827013
0.833472
0.829293
0.821764
0.839645
0.83209
0.83042
0.826443
0.834417
0.822423
0.83087
0.825949
0.831769
0.819777
0.83865
0.831954
0.808437
0.84292
0.821758
0.821648
0.834991
0.811674
0.811693
0.837349
0.813874
0.824998
0.822836
0.830029
0.817356
0.832198
0.841187
0.81835
0.831296
0.825369
0.811776
0.837484
0.836355
0.830931
0.822172
0.838352
0.828178
0.834377
0.833342
0.839619
0.83824
0.831916
0.813488
0.825868
0.838419
0.841911
0.827939
0.822766
0.823316
0.82689
0.839022
0.826028
0.802734
0.821806
0.815009
0.827891
0.829677
0.838296
0.831006
0.842344
0.833898
0.816429
0.825686
0.809824
0.837852
0.834268
0.828781
0.825297
0.833947
0.818629
0.835534
0.838425
0.829782
0.839507
0.825023
0.83028
0.827829
0.832417
0.84148
0.821043
0.835269
0.841246
0.835964
0.834377
0.830081
0.825561
0.833866
0.826421
0.825826
0.817485
0.831806
0.836211
0.821492
0.83505
0.828392
0.824323
0.813872
0.826618
0.822872
0.817685
0.846805
0.844098
0.800521
0.84312
0.829114
0.818509
0.837159
0.830138
0.830133
0.826997
0.826352
0.840788
0.799527
0.842211
0.826805
0.83255
0.808472
0.828057
0.832028
0.841389
0.823227
0.829813
0.830262
0.839241
0.825987
0.814571
0.834051
0.831491
0.840208
0.824452
0.827717
0.824601
0.830895
0.826625
0.832948
0.828271
0.831877
0.825187
0.822074
0.837298
0.841347
0.820793
0.836703
0.819391
0.826447
0.823965
0.818352
0.82625
0.826016
0.830638
0.81049
0.821836
0.805491
0.828594
0.829559
0.832244
0.838133
0.836151
0.823857
0.825933
0.826694
0.810814
0.823965
0.842099
0.829637
0.834577
0.823353
0.826346
0.829766
0.81951
0.826339
0.834311
0.823837
0.827571
0.828477
0.824177
0.830523
0.841009
0.831529
0.829224
0.803019
0.80277
0.834563
0.801329
0.832902
0.826563
0.836209
0.825016
0.832875
0.821952
0.824486
0.836975
0.829069
0.823714
0.80692
0.833079
0.828838
0.816808
0.83365
0.830149
0.822739
0.818071
0.831451
0.831005
0.832971
0.837698
0.832206
0.835396
0.829696
0.84185
0.83496
0.838987
0.841031
0.82716
0.835153
0.821874
0.837415
0.837032
0.82662
0.826005
0.820527
0.820185
0.83389
0.82708
0.821974
0.810842
0.830246
0.824282
0.804476
0.831377
0.832425
0.828577
0.82133
0.830415
0.831492
0.834209
0.826055
0.825103
0.80243
0.838648
0.820533
0.824957
0.834316
0.832307
0.827601
0.810831
0.815478
0.831263
0.826327
0.820973
0.831724
0.830973
0.831833
0.820127
0.834648
0.824375
0.816126
0.835232
0.845069
0.752716
0.832564
0.833339
0.825957
0.831591
0.828713
0.819593
0.832098
0.834191
0.834096
0.832388
0.816617
0.821378
0.825297
0.818388
0.808072
0.827993
0.834376
0.836779
0.839994
0.823201
0.828647
0.818767
0.811888
0.833643
0.831396
0.817084
0.834125
0.832343
0.822607
0.825579
0.832882
0.838912
0.820531
0.827824
0.836689
0.801967
0.843903
0.82128
0.836996
0.830573
0.842248
0.788267
0.823227
0.827858
0.834077
0.820207
0.814151
0.834288
0.830846
0.838666
0.824181
0.817017
0.83573
0.822294
0.829371
0.835538
0.836884
0.824321
0.823618
0.832054
0.831241
0.823263
0.832807
0.823574
0.830762
0.831499
0.819083
0.835675
0.819701
0.820344
0.829344
0.82825
0.819518
0.822065
0.81968
0.836141
0.824725
0.818686
0.83261
0.818069
0.81882
0.831118
0.81507
0.828027
0.842012
0.803783
0.832951
0.833859
0.842537
0.829328
0.837456
0.821694
0.82362
0.832004
0.835224
0.8278
0.833485
0.831406
0.82844
0.832735
0.822351
0.831503
0.837771
0.833849
0.840413
0.816636
0.818363
0.828174
0.834017
0.831004
0.824975
0.827871
0.830436
0.834511
0.829756
0.839298
0.845923
0.832858
0.815821
0.83007
0.833673
0.823946
0.83129
0.820387
0.817774
0.820534
0.83793
0.829759
0.836712
0.816501
0.826829
0.83982
0.839199
0.834569
0.838449
0.819878
0.833135
0.847146
0.815889
0.833887
0.831227
0.796879
0.819384
0.81462
0.843744
0.835415
0.834591
0.830819
0.816277
0.824485
0.836336
0.84491
0.823556
0.823463
0.820371
0.812539
0.83225
0.827058
0.814864
0.830732
0.824803
0.831909
0.823048
0.840915
0.838501
0.827714
0.831255
0.818867
0.837701
0.826535
0.814002
0.834606
0.83034
0.828886
0.823956
0.81452
0.820416
0.835313
0.821044
0.823423
0.825934
0.826153
0.833862
0.834824
0.833046
0.833754
0.827257
0.837575
0.848172
0.836152
0.826244
0.842614
0.832924
0.831252
0.830449
0.842736
0.83684
0.824829
0.817754
0.831698
0.836634
0.82561
0.830485
0.837089
0.834806
0.805123
0.792127
0.820549
0.831628
0.843387
0.841977
0.8296
0.834039
0.836981
0.808535
0.8251
0.831577
0.830218
0.833922
0.832107
0.825488
0.835375
0.814086
0.8347
0.837784
0.816717
0.823391
0.833936
0.830981
0.844958
0.833786
0.828502
0.835
0.821904
0.821532
0.828724
0.810713
0.838863
0.804242
0.831706
0.824738
0.833532
0.835584
0.835561
0.823197
0.844338
0.836405
0.82403
0.842023
0.831101
0.833074
0.834564
0.827846
0.809537
0.835246
0.837611
0.81087
0.829769
0.843191
0.823983
0.823759
0.838354
0.817328
0.827996
0.803139
0.828823
0.834949
0.826763
0.822625
0.828725
0.836137
0.834362
0.818939
0.831453
0.833888
0.828831
0.817336
0.825125
0.830575
0.827933
0.840265
0.818447
0.828196
0.822292
0.806232
0.794096
0.831794
0.835414
0.83446
0.826547
0.820625
0.829967
0.833384
0.819295
0.828104
0.833768
0.830617
0.819338
0.826897
0.829885
0.826697
0.828212
0.829607
0.808697
0.830334
0.830072
0.828418
0.818079
0.845486
0.808531
0.823251
0.803083
0.822101
0.834341
0.824708
0.835826
0.842466
0.834043
0.831658
0.805412
0.834427
0.834348
0.82393
0.842808
0.835391
0.82967
0.83108
0.829414
0.812986
0.822481
0.823198
0.824019
0.843898
0.82825
0.840617
0.837354
0.837127
0.836516
0.820199
0.809858
0.837266
0.833376
0.817479
0.812497
0.825661
0.832237
0.830327
0.83947
0.846006
0.829679
0.831012
0.817314
0.833231
0.82682
0.833881
0.83962
0.810628
0.826429
0.828185
0.829244
0.829643
0.814104
0.828671
0.833451
0.834457
0.831912
0.817967
0.83915
0.835419
0.82414
0.843111
0.828286
0.820954
0.823606
0.834969
0.822891
0.821357
0.830888
0.838069
0.825901
0.836412
0.831211
0.799123
0.828166
0.839471
0.817674
0.813664
0.822298
0.834798
0.801695
0.820841
0.830207
0.823212
0.828951
0.827326
0.835383
0.809709
0.82943
0.800433
0.823456
0.823858
0.796163
0.833878
0.834007
0.829677
0.829577
0.820915
0.824139
0.836182
0.833269
0.832266
0.82909
0.836469
0.838441
0.827139
0.835539
0.829379
0.836471
0.843688
0.829288
0.83465
0.822882
0.836615
0.835517
0.825212
0.832372
0.814078
0.829693
0.831165
0.827803
0.818109
0.822766
0.832535
0.834641
0.825038
0.832279
0.831169
0.803325
0.833366
0.833096
0.824106
0.815386
0.819709
0.830833
0.82542
0.842599
0.831222
0.823622
0.811621
0.836044
0.83121
0.829084
0.809345
0.837024
0.813217
0.825921
0.824722
0.810842
0.835337
0.809056
0.823798
0.837611
0.831512
0.828697
0.821202
0.840025
0.838495
0.827353
0.836353
0.822366
0.823138
0.837722
0.83147
0.828469
0.82772
0.832344
0.81396
0.83642
0.826989
0.828117
0.83547
0.837826
0.824628
0.832411
0.832777
0.826436
0.822403
0.826392
0.802082
0.838628
0.823215
0.830929
0.816891
0.835479
0.832339
0.832442
0.821207
0.82591
0.824786
0.841191
0.819915
0.834603
0.838978
0.833187
0.830832
0.824891
0.828083
0.827248
0.827164
0.814936
0.829185
0.813914
0.834416
0.816749
0.826506
0.824941
0.829493
0.831278
0.815743
0.843985
0.829882
0.830519
0.8251
0.828912
0.827451
0.833367
0.83849
0.8336
0.824439
0.820875
0.840335
0.825035
0.834891
0.80922
0.822547
0.825889
0.840909
0.830183
0.836853
0.832866
0.831742
0.832324
0.837285
0.826707
0.830184
0.812043
0.803311
0.838383
0.835552
0.837053
0.836482
0.834863
0.804189
0.813164
0.813896
0.846493
0.826317
0.824205
0.822313
0.82493
0.826633
0.839611
0.833448
0.819085
0.839077
0.832194
0.812211
0.833537
0.830292
0.824282
0.809905
0.820526
0.836881
0.822068
0.824968
0.839885
0.829445
0.834611
0.831157
0.831503
0.82148
0.834566
0.835875
0.831659
0.82022
0.84202
0.821613
0.832289
0.840657
0.832113
0.828486
0.821544
0.822712
0.82071
0.834285
0.832611
0.834034
0.82963
0.818808
0.825392
0.832601
0.825144
0.827092
0.818575
0.828767
0.82879
0.828102
0.830639
0.82658
0.824229
0.837072
0.831697
0.833153
0.806337
0.829319
0.8306
0.826176
0.829466
0.824182
0.812603
0.827749
0.829311
0.825643
0.823302
0.828526
0.832841
0.810743
0.833755
0.83956
0.833579
0.839071
0.819245
0.832015
0.826908
0.835241
0.82178
0.835339
0.828998
0.822959
0.827033
0.825136
0.810623
0.831658
0.818733
0.812275
0.822486
0.828076
0.839178
0.818998
0.833441
0.83317
0.832791
0.823108
0.832774
0.828267
0.834028
0.836968
0.819182
0.836515
0.831596
0.826527
0.825976
0.828779
0.823601
0.819653
0.827093
0.836267
0.824838
0.837822
0.820582
0.834266
0.803895
0.82134
0.834037
0.827406
0.823275
0.829779
0.832385
0.831296
0.842721
0.829264
0.834334
0.811977
0.828382
0.833728
0.829933
0.838935
0.83799
0.831935
0.835664
0.841592
0.82161
0.830194
0.818996
0.824674
0.841988
0.82725
0.829218
0.825144
0.829994
0.828842
0.831348
0.820515
0.834729
0.820541
0.832229
0.820657
0.835303
0.83639
0.821381
0.817955
0.820188
0.832889
0.826917
0.837432
0.833527
0.834152
0.83423
0.831153
0.816602
0.821611
0.82435
0.838827
0.831427
0.812733
0.829843
0.833086
0.820876
0.799847
0.815884
0.83891
0.831829
0.830764
0.843467
0.832176
0.833417
0.820535
0.81561
0.8307
0.820119
0.831706
0.83027
0.832215
0.83619
0.835915
0.828436
0.841274
0.813391
0.810823
0.836294
0.831458
0.823697
0.835996
0.831138
0.832309
0.815115
0.833405
0.830467
0.843113
0.838007
0.813571
0.840385
0.832726
0.837536
0.83535
0.816046
0.817155
0.806729
0.825756
0.835647
0.84144
0.823651
0.833081
0.829246
0.824378
0.831286
0.823853
0.817481
0.822917
0.816517
0.830019
0.820105
0.820795
0.840166
0.818
0.838465
0.836265
0.822239
0.828339
0.823658
0.834719
0.818016
0.828448
0.83725
0.840029
0.828927
0.825236
0.837592
0.811532
0.82903
0.835248
0.82669
0.837878
0.841262
0.84273
0.831755
0.821044
0.82668
0.816422
0.836323
0.843698
0.812106
0.838825
0.817191
0.829106
0.820637
0.823612
0.809777
0.835119
0.828972
0.830157
0.824641
0.825293
0.831743
0.825822
0.832967
0.835272
0.825097
0.838244
0.830397
0.826782
0.825321
0.849817
0.833154
0.836558
0.825693
0.830214
0.83859
0.824381
0.796072
0.818055
0.828439
0.824433
0.831839
0.831867
0.82709
0.816736
0.836327
0.838343
0.841333
0.805517
0.83647
0.814717
0.832094
0.820827
0.832012
0.830821
0.828353
0.821815
0.836311
0.832442
0.82322
0.840032
0.834596
0.833004
0.832906
0.812985
0.841544
0.824714
0.833223
0.836685
0.837244
0.831617
0.810848
0.843047
0.817101
0.827762
0.835254
0.823361
0.835248
0.83612
0.841742
0.825614
0.838517
0.831227
0.817449
0.824899
0.823662
0.833961
0.835206
0.827301
0.83005
0.843248
0.826677
0.83205
0.837368
0.831719
0.816771
0.807698
0.818916
0.820674
0.817054
0.837572
0.829696
0.831214
0.818965
0.835174
0.829801
0.830438
0.825093
0.819529
0.830135
0.836166
0.8217
0.836043
0.802016
0.829604
0.820455
0.81668
0.840787
0.826234
0.823399
0.829604
0.822555
0.812777
0.831182
0.827734
0.822943
0.829609
0.831937
0.831106
0.842736
0.83511
0.823667
0.821216
0.837098
0.835383
0.831598
0.839148
0.828658
0.83482
0.838285
0.833342
0.823648
0.833534
0.818187
0.831167
0.836655
0.834382
0.82544
0.829826
0.832749
0.830362
0.819082
0.829914
0.82803
0.828524
0.806476
0.820334
0.834459
0.84002
0.811476
0.826116
0.826282
0.831882
0.817004
0.836192
0.831281
0.82242
0.82967
0.841738
0.83916
0.812875
0.823962
0.833468
0.82747
0.836414
0.834865
0.823275
0.844957
0.81722
0.84126
0.834044
0.830957
0.827158
0.829436
0.832786
0.829036
0.822036
0.833711
0.83228
0.834953
0.819728
0.81876
0.838076
0.828119
0.834685
0.822921
0.803618
0.817468
0.831506
0.801979
0.837955
0.840924
0.833963
0.810659
0.827225
0.831488
0.832742
0.83054
0.82798
0.826958
0.835326
0.825186
0.821551
0.828885
0.810746
0.820796
0.792527
0.841777
0.828169
0.828858
0.839106
0.835189
0.829377
0.829756
0.823117
0.830971
0.822652
0.81031
0.813192
0.83893
0.820159
0.830708
0.840085
0.835312
0.829527
0.815438
0.821638
0.842898
0.830892
0.842257
0.822046
0.818877
0.844661
0.838891
0.832497
0.838798
0.831527
0.823426
0.834575
0.843318
0.835136
0.833003
0.838533
0.822491
0.824755
0.829043
0.840443
0.839978
0.844951
0.826816
0.837421
0.836451
0.840477
0.806552
0.834318
0.838457
0.819384
0.826661
0.819405
0.841498
0.824632
0.842833
0.836751
0.836719
0.838021
0.848914
0.837328
0.831859
0.824193
0.80366
0.824647
0.816632
0.81505
0.823322
0.832835
0.839186
0.817128
0.828487
0.83026
0.819663
0.8271
0.832167
0.845519
0.842947
0.820678
0.823075
0.83369
0.837151
0.832328
0.821803
0.838461
0.831717
0.846393
0.835656
0.829888
0.808735
0.803523
0.843504
0.81941
0.837948
0.83036
0.822334
0.812926
0.824082
0.839836
0.828188
0.834795
0.825501
0.817557
0.84144
0.824198
0.845741
0.831784
0.83225
0.832605
0.84246
0.834038
0.816481
0.836149
0.83772
0.837025
0.816235
0.816468
0.821786
0.833956
0.829094
0.833986
0.821144
0.821349
0.821472
0.821916
0.832889
0.841763
0.836179
0.829995
0.832233
0.830692
0.831809
0.829783
0.84265
0.829409
0.831652
0.820497
0.831655
0.829758
0.8316
0.834088
0.824945
0.827772
0.837528
0.842956
0.8281
0.825744
0.833484
0.83506
0.824283
0.83263
0.83458
0.808846
0.831841
0.82402
0.838244
0.820523
0.83551
0.825948
0.832316
0.832261
0.831232
0.838525
0.83663
0.837332
0.818417
0.821272
0.836697
0.831
0.836625
0.818192
0.826719
0.830585
0.835168
0.815926
0.818223
0.831242
0.837458
0.824684
0.843288
0.834036
0.830294
0.789573
0.821204
0.828205
0.829537
0.832753
0.82444
0.818681
0.844723
0.815345
0.823997
0.83376
0.841139
0.833077
0.828762
0.830216
0.823205
0.832827
0.825667
0.823759
0.827496
0.837418
0.832084
0.82997
0.831097
0.831351
0.824395
0.815826
0.804516
0.823339
0.826397
0.838153
0.821122
0.848664
0.825412
0.8377
0.84157
0.834114
0.830655
0.81536
0.835183
0.832308
0.83659
0.823567
0.83719
0.836833
0.838172
0.834203
0.803536
0.819703
0.830706
0.836047
0.829435
0.832844
0.834675
0.842874
0.836369
0.834762
0.833756
0.835873
0.829562
0.818752
0.827308
0.836203
0.818843
0.840664
0.834212
0.827807
0.836329
0.833009
0.837027
0.838677
0.830264
0.815688
0.834003
0.81242
0.823457
0.843218
0.819053
0.830789
0.838426
0.827835
0.828608
0.815968
0.828112
0.832712
0.829861
0.800641
0.837668
0.844559
0.833267
0.841164
0.82975
0.813244
0.823549
0.826324
0.828496
0.826074
0.826304
0.825015
0.831998
0.838508
0.832171
0.834072
0.826452
0.838703
0.835959
0.830601
0.826331
0.830727
0.803375
0.837922
0.824152
0.830663
0.835951
0.815778
0.840379
0.840237
0.827002
0.83447
0.831344
0.831043
0.836402
0.834499
0.838673
0.807564
0.837521
0.834744
0.833079
0.828881
0.832144
0.8308
0.838996
0.840156
0.828001
0.837319
0.839436
0.835328
0.839094
0.833238
0.834753
0.827918
0.831823
0.818414
0.845271
0.826425
0.828826
0.833083
0.836709
0.824959
0.820598
0.81888
0.836187
0.835906
0.83066
0.83147
0.81877
0.808479
0.819609
0.839391
0.840761
0.830042
0.788136
0.83267
0.830243
0.83548
0.820664
0.818699
0.805538
0.817686
0.822709
0.838113
0.827607
0.828509
0.819775
0.835002
0.821661
0.83177
0.84361
0.819064
0.840377
0.837498
0.830062
0.811538
0.831615
0.835287
0.834587
0.819369
0.826668
0.837073
0.810436
0.827234
0.821775
0.818049
0.829473
0.829272
0.824499
0.836368
0.827318
0.824684
0.838874
0.828632
0.84172
0.836484
0.798654
0.799819
0.832296
0.822905
0.836072
0.845691
0.833417
0.836854
0.792764
0.844104
0.834792
0.813222
0.833482
0.832594
0.82517
0.822569
0.826017
0.831765
0.824265
0.845344
0.830923
0.819219
0.834001
0.829367
0.829566
0.825209
0.834245
0.82083
0.819698
0.825421
0.824201
0.828534
0.824411
0.834663
0.843394
0.829719
0.832722
0.828039
0.831415
0.832402
0.816665
0.833505
0.831649
0.828878
0.824388
0.84221
0.839937
0.831007
0.823869
0.833197
0.823805
0.8341
0.817372
0.826945
0.809272
0.841038
0.835492
0.839286
0.83807
0.824629
0.821933
0.828719
0.813796
0.819374
0.829883
0.837481
0.823908
0.823392
0.83063
0.825656
0.842698
0.829552
0.814546
0.82489
0.833421
0.837284
0.813895
0.82931
0.81522
0.831479
0.825274
0.820573
0.832343
0.822557
0.812564
0.83713
0.832312
0.824686
0.817371
0.828363
0.827187
0.817888
0.835705
0.83131
0.823663
0.826963
0.834745
0.835158
0.834375
0.832325
0.840117
0.823633
0.82574
0.811634
0.841895
0.831597
0.824268
0.840051
0.830862
0.831999
0.836744
0.842454
0.83647
0.838043
0.827082
0.817341
0.831909
0.827225
0.830454
0.828644
0.829401
0.831959
0.830887
0.837848
0.822552
0.831598
0.820546
0.842246
0.808079
0.822256
0.821615
0.833487
0.83866
0.836741
0.82705
0.83606
0.832864
0.840241
0.825142
0.830181
0.837479
0.829367
0.830741
0.82939
0.838663
0.819548
0.828981
0.834952
0.831104
0.831727
0.839608
0.827565
0.838096
0.823629
0.825238
0.836138
0.829622
0.841713
0.828126
0.823489
0.836828
0.815551
0.82115
0.82664
0.820727
0.828561
0.824705
0.825925
0.828012
0.831896
0.833175
0.837575
0.841743
0.841787
0.831811
0.836538
0.832556
0.840176
0.833041
0.839271
0.839564
0.816142
0.83453
0.810846
0.834525
0.833833
0.834024
0.834145
0.833081
0.810477
0.824383
0.832447
0.818852
0.807622
0.822544
0.834208
0.817848
0.813548
0.819854
0.8243
0.831631
0.830385
0.825502
0.83524
0.816932
0.840464
0.827086
0.832938
0.818495
0.792855
0.814884
0.811019
0.830817
0.838951
0.828215
0.835241
0.829972
0.82702
0.825487
0.8411
0.821945
0.816763
0.834354
0.832531
0.822714
0.83871
0.836124
0.830047
0.827164
0.822529
0.832088
0.829147
0.823123
0.844196
0.829822
0.83072
0.797631
0.834191
0.830332
0.827123
0.833657
0.837212
0.828693
0.837875
0.832814
0.835673
0.824921
0.835075
0.828615
0.818542
0.824728
0.831908
0.835612
0.834211
0.789305
0.829292
0.827176
0.835448
0.839551
0.837019
0.82836
0.838725
0.835015
0.818373
0.821187
0.808833
0.813704
0.803823
0.82946
0.823753
0.832283
0.818237
0.834691
0.822882
0.82789
0.837077
0.830647
0.831004
0.830623
0.82102
0.834569
0.833663
0.830953
0.827087
0.831797
0.823569
0.796496
0.825568
0.825618
0.812317
0.824099
0.835068
0.831055
0.805207
0.836945
0.830304
0.831602
0.818179
0.821025
0.836501
0.833486
0.829507
0.833638
0.839249
0.833194
0.822611
0.832364
0.839486
0.835272
0.827642
0.822764
0.833655
0.834267
0.831867
0.823781
0.836842
0.836207
0.829591
0.829242
0.827114
0.836275
0.812038
0.83272
0.830199
0.826452
0.828341
0.819975
0.823196
0.826462
0.831952
0.827178
0.827694
0.837474
0.815021
0.821478
0.837114
0.837289
0.83289
0.821392
0.826253
0.837963
0.83976
0.835161
0.82973
0.83493
0.828958
0.828286
0.833039
0.813131
0.834118
0.830386
0.8356
0.807084
0.824441
0.834771
0.834748
0.829146
0.83477
0.836756
0.83275
0.843949
0.823705
0.837054
0.834466
0.831306
0.838493
0.828351
0.838597
0.83678
0.835937
0.814322
0.819249
0.788595
0.840236
0.823202
0.824149
0.835717
0.837061
0.842956
0.839721
0.826588
0.837761
0.82895
0.794185
0.8234
0.828033
0.814258
0.814023
0.831297
0.821631
0.824374
0.833014
0.842066
0.829879
0.839344
0.817993
0.831112
0.832793
0.831815
0.825125
0.827476
0.822756
0.817934
0.835133
0.838159
0.831766
0.822555
0.83256
0.825803
0.820345
0.837373
0.834665
0.828723
0.828473
0.825938
0.838692
0.835027
0.837544
0.814313
0.832719
0.830745
0.83961
0.823018
0.827924
0.798822
0.835667
0.839963
0.818095
0.815244
0.840739
0.833946
0.836423
0.832962
0.838172
0.827625
0.839597
0.825063
0.836203
0.823187
0.811716
0.824929
0.804596
0.836543
0.840278
0.831415
0.808091
0.814776
0.80872
0.843361
0.830836
0.81845
0.819884
0.824623
0.825618
0.826975
0.834661
0.836662
0.83909
0.832171
0.827896
0.836042
0.830154
0.825849
0.831794
0.835877
0.842565
0.830413
0.833265
0.832167
0.841633
0.829649
0.825174
0.832435
0.81079
0.827482
0.82713
0.819149
0.828058
0.824891
0.838085
0.834694
0.843431
0.82322
0.827618
0.837732
0.843259
0.827503
0.821236
0.811177
0.808368
0.825069
0.838171
0.819276
0.834481
0.833975
0.825833
0.830009
0.821005
0.828304
0.816453
0.831352
0.817122
0.825369
0.827504
0.825241
0.840633
0.831429
0.831453
0.819317
0.846116
0.807505
0.836803
0.828434
0.834257
0.819554
0.824626
0.825815
0.834807
0.840507
0.816221
0.831732
0.829533
0.845939
0.818666
0.826474
0.834009
0.840433
0.832848
0.812669
0.829996
0.831789
0.827408
0.831967
0.8235
0.81582
0.836606
0.830222
0.835189
0.817051
0.822504
0.831338
0.833142
0.827079
0.837727
0.824344
0.829945
0.817203
0.831151
0.838806
0.846093
0.823875
0.813411
0.813922
0.815517
0.811743
0.829597
0.843126
0.825963
0.821777
0.833612
0.829195
0.820625
0.835893
0.828583
0.833022
0.83006
0.829702
0.847794
0.839255
0.822569
0.824386
0.833567
0.826095
0.815248
0.823144
0.830274
0.814052
0.82292
0.823507
0.838172
0.820103
0.834199
0.818932
0.830885
0.816907
0.840512
0.842519
0.82908
0.839474
0.826848
0.836162
0.832597
0.82422
0.82958
0.845229
0.829308
0.836277
0.829327
0.822236
0.834379
0.841574
0.824436
0.830519
0.817087
0.832981
0.843214
0.82607
0.826809
0.820913
0.841386
0.842498
0.82688
0.831379
0.826768
0.831852
0.843026
0.838631
0.818642
0.825609
0.834397
0.833276
0.832012
0.827717
0.835914
0.832765
0.841467
0.826094
0.828608
0.826216
0.843083
0.826973
0.832774
0.828631
0.830222
0.819479
0.814601
0.839121
0.828631
0.827374
0.82863
0.825953
0.81389
0.825681
0.823433
0.84147
0.840016
0.827044
0.821705
0.806973
0.835362
0.834146
0.847
0.801521
0.820972
0.825884
0.840135
0.834767
0.831855
0.834613
0.832105
0.831866
0.826072
0.832094
0.834934
0.825535
0.831911
0.825781
0.834247
0.840214
0.821726
0.817072
0.834824
0.832653
0.813649
0.82764
0.824336
0.8337
0.820784
0.831413
0.829433
0.805641
0.829731
0.832834
0.822265
0.828612
0.829006
0.841917
0.819225
0.840802
0.832351
0.827822
0.824509
0.834366
0.824399
0.822834
0.837749
0.831238
0.827064
0.82704
0.829731
0.835644
0.83451
0.822384
0.833504
0.815583
0.824333
0.828278
0.823226
0.824767
0.832042
0.83825
0.836701
0.842823
0.824967
0.826766
0.83185
0.82
0.839985
0.838168
0.826974
0.838495
0.833517
0.820597
0.834098
0.834275
0.820287
0.812266
0.838695
0.836174
0.84154
0.826117
0.835796
0.835783
0.836064
0.830375
0.833021
0.822695
0.835323
0.810863
0.833236
0.81601
0.819887
0.827941
0.838132
0.81682
0.840676
0.833445
0.833065
0.837758
0.834065
0.826422
0.840172
0.826415
0.838325
0.82405
0.830699
0.826065
0.840664
0.835709
0.818863
0.822498
0.831424
0.830898
0.841044
0.826715
0.835681
0.829711
0.831317
0.828961
0.845685
0.822413
0.827724
0.829775
0.817196
0.831232
0.817403
0.80477
0.830708
0.827218
0.826682
0.83968
0.813987
0.806794
0.844313
0.826363
0.823891
0.827597
0.829354
0.828612
0.829065
0.817716
0.826165
0.818727
0.837776
0.8253
0.818805
0.828438
0.8295
0.835129
0.838392
0.838182
0.828961
0.830453
0.819581
0.836104
0.834036
0.841226
0.821027
0.838554
0.82855
0.831441
0.824381
0.838655
0.831103
0.789334
0.812976
0.836628
0.831425
0.844246
0.820004
0.82952
0.817277
0.818865
0.836896
0.834892
0.821561
0.827499
0.823854
0.82158
0.832765
0.836275
0.82898
0.83073
0.835551
0.836367
0.834996
0.845073
0.829518
0.811231
0.823768
0.840464
0.819224
0.822911
0.826587
0.825382
0.838384
0.826321
0.82809
0.839264
0.840935
0.816756
0.829863
0.826632
0.839811
0.825994
0.832841
0.836582
0.825728
0.830592
0.833739
0.82673
0.818093
0.82064
0.826162
0.834145
0.844503
0.811023
0.832764
0.829191
0.830809
0.842668
0.825879
0.821661
0.8317
0.821015
0.823317
0.826486
0.84089
0.8404
0.832112
0.823549
0.831675
0.843398
0.828638
0.828847
0.841767
0.836604
0.843195
0.823443
0.824506
0.82894
0.833533
0.822427
0.824103
0.822107
0.816498
0.834598
0.821074
0.844831
0.829127
0.834724
0.824296
0.835146
0.833371
0.836524
0.810233
0.828904
0.832118
0.822474
0.816143
0.828474
0.83387
0.828287
0.819004
0.829052
0.826965
0.820029
0.832443
0.833527
0.80615
0.824597
0.831145
0.83507
0.840078
0.82689
0.835609
0.828791
0.816581
0.832627
0.820868
0.828594
0.82411
0.817406
0.82139
0.823481
0.83178
0.829467
0.835079
0.810908
0.833248
0.829267
0.833056
0.829347
0.816827
0.815451
0.834596
0.803751
0.82013
0.821028
0.837872
0.804288
0.815645
0.831209
0.836431
0.840333
0.83416
0.830232
0.821897
0.81075
0.834346
0.823417
0.829981
0.816726
0.822601
0.831586
0.829174
0.838292
0.838516
0.824458
0.833671
0.826927
0.828143
0.818476
0.810684
0.831231
0.83274
0.836031
0.813091
0.828392
0.828755
0.822272
0.841505
0.82795
0.832424
0.83641
0.832839
0.832574
0.832937
0.826213
0.832783
0.827666
0.836658
0.830795
0.827423
0.828828
0.831142
0.84121
0.841332
0.814292
0.835258
0.834464
0.827387
0.818146
0.824311
0.830887
0.828698
0.833823
0.813972
0.795138
0.83098
0.836817
0.837182
0.841277
0.834787
0.802137
0.838108
0.831648
0.841566
0.840089
0.839927
0.83352
0.83477
0.839001
0.821233
0.824457
0.820768
0.816374
0.831829
0.837852
0.833255
0.80474
0.822097
0.805578
0.827517
0.836627
0.820509
0.832215
0.823371
0.830555
0.829304
0.838529
0.842374
0.816437
0.821874
0.83649
0.828011
0.831117
0.826582
0.83993
0.837721
0.837698
0.837727
0.839391
0.827076
0.830039
0.838523
0.822829
0.817021
0.83258
0.824325
0.829021
0.831758
0.820438
0.838481
0.836734
0.831952
0.833664
0.826957
0.821467
0.817223
0.841688
0.823158
0.828429
0.841907
0.844537
0.83067
0.822745
0.836723
0.823034
0.790042
0.8099
0.832536
0.831324
0.829205
0.826747
0.82812
0.820176
0.836002
0.845076
0.796555
0.836811
0.81634
0.844982
0.824572
0.835933
0.846231
0.827511
0.836063
0.825959
0.824301
0.822145
0.839129
0.833197
0.825558
0.83617
0.831646
0.846474
0.812741
0.832765
0.84068
0.827602
0.846629
0.825982
0.827479
0.828478
0.819346
0.832468
0.825587
0.835125
0.831143
0.829921
0.80828
0.834886
0.836398
0.833283
0.819215
0.833152
0.807977
0.832883
0.832598
0.844402
0.828665
0.832869
0.841434
0.836806
0.822909
0.838464
0.834458
0.824129
0.819572
0.82022
0.835694
0.814431
0.827571
0.824659
0.826131
0.813546
0.827775
0.816369
0.836652
0.834892
0.817543
0.834224
0.838359
0.817622
0.824753
0.838895
0.8414
0.831929
0.825634
0.827135
0.827806
0.822443
0.829344
0.830005
0.837126
0.829926
0.826748
0.832612
0.828774
0.822719
0.827063
0.830878
0.822673
0.821529
0.822111
0.829927
0.833259
0.836401
0.825249
0.83137
0.809419
0.831922
0.843762
0.83221
0.828264
0.820868
0.823539
0.823192
0.806664
0.837355
0.838904
0.820209
0.819063
0.835591
0.837921
0.825263
0.826455
0.826202
0.807471
0.842018
0.836238
0.842757
0.801842
0.827093
0.834287
0.822139
0.82879
0.833548
0.826969
0.831366
0.811629
0.843504
0.830592
0.83331
0.830517
0.827883
0.825281
0.824294
0.832375
0.828995
0.824694
0.831697
0.830075
0.822452
0.82198
0.820091
0.839265
0.810242
0.839064
0.836505
0.834527
0.838857
0.833004
0.819351
0.827101
0.841304
0.830061
0.843361
0.820861
0.813494
0.829428
0.836694
0.821101
0.824629
0.836778
0.834636
0.810924
0.822394
0.831185
0.837147
0.831656
0.816304
0.827802
0.822763
0.815396
0.828726
0.828095
0.828937
0.836228
0.80784
0.817843
0.821588
0.83609
0.834099
0.828765
0.82884
0.838116
0.825707
0.837548
0.833062
0.823526
0.838495
0.834767
0.824077
0.818865
0.837338
0.835884
0.814161
0.811574
0.831407
0.838446
0.819211
0.829273
0.833924
0.846286
0.845085
0.826637
0.842608
0.834214
0.818841
0.833169
0.831396
0.843442
0.820655
0.830995
0.827755
0.833419
0.840553
0.83195
0.84098
0.826406
0.828319
0.834257
0.823473
0.835075
0.820098
0.83908
0.830416
0.844223
0.819267
0.820324
0.829476
0.833264
0.827276
0.796446
0.817553
0.839561
0.836317
0.820148
0.822743
0.824626
0.832009
0.829333
0.836303
0.824422
0.829673
0.833322
0.84468
0.835829
0.822815
0.825396
0.824742
0.840372
0.829879
0.831499
0.839724
0.832867
0.824699
0.831985
0.828888
0.823291
0.833116
0.826657
0.821982
0.831789
0.825993
0.828268
0.826226
0.82544
0.815305
0.838058
0.835312
0.843842
0.824935
0.825299
0.811648
0.826688
0.832626
0.814082
0.834321
0.833088
0.793074
0.838007
0.81866
0.813049
0.834747
0.818628
0.822085
0.830773
0.818356
0.841527
0.84411
0.819813
0.82592
0.825459
0.838547
0.831666
0.835662
0.826021
0.838028
0.846011
0.822949
0.828894
0.826718
0.836246
0.806769
0.832421
0.834561
0.834421
0.836163
0.815807
0.830795
0.827946
0.840444
0.844555
0.827316
0.835829
0.839529
0.806992
0.831263
0.832354
0.841449
0.835774
0.827377
0.80693
0.816762
0.820025
0.821945
0.783535
0.8267
0.813869
0.830436
0.830219
0.814619
0.82731
0.834284
0.839525
0.835568
0.821927
0.825861
0.839057
0.821305
0.824529
0.834694
0.824967
0.82851
0.837932
0.834614
0.831281
0.836656
0.820435
0.842371
0.819571
0.835741
0.834527
0.839494
0.833697
0.832637
0.830231
0.82751
0.830071
0.830623
0.826083
0.836886
0.81111
0.810476
0.829536
0.806217
0.839389
0.834057
0.832119
0.82597
0.827152
0.83779
0.820499
0.820633
0.834601
0.814782
0.8378
0.823242
0.832107
0.835566
0.833353
0.839261
0.831801
0.822125
0.834217
0.821369
0.82555
0.825818
0.829052
0.83843
0.838687
0.833388
0.830322
0.837317
0.824379
0.819445
0.822719
0.829364
0.828294
0.8285
0.834643
0.833702
0.83604
0.79869
0.822844
0.844806
0.835727
0.835979
0.828097
0.833336
0.817417
0.841474
0.840134
0.809715
0.801012
0.819264
0.824972
0.819491
0.810961
0.836538
0.824543
0.826064
0.831042
0.830459
0.834429
0.827665
0.801438
0.825084
0.815726
0.836153
0.821286
0.826823
0.810211
0.826312
0.84234
0.826054
0.838396
0.834812
0.842592
0.826619
0.819551
0.834079
0.808611
0.824764
0.83122
0.818946
0.830928
0.836305
0.822688
0.828867
0.826163
0.822548
0.8209
0.829108
0.82468
0.828025
0.829362
0.821077
0.826638
0.82785
0.834844
0.840802
0.839523
0.835449
0.831251
0.819832
0.834493
0.820197
0.811503
0.843414
0.843683
0.825552
0.823218
0.836329
0.840934
0.825101
0.83287
0.822848
0.828779
0.82815
0.824567
0.829207
0.838657
0.835628
0.831414
0.839783
0.839631
0.821742
0.830003
0.821587
0.819627
0.828033
0.830976
0.823975
0.834487
0.823266
0.819529
0.833662
0.781504
0.83854
0.810804
0.834815
0.828198
0.824365
0.834381
0.82263
0.831022
0.817204
0.828206
0.828429
0.813903
0.827664
0.832334
0.811098
0.827753
0.822716
0.831814
0.83104
0.838064
0.827176
0.829096
0.833909
0.823262
0.830264
0.785076
0.824812
0.823413
0.832519
0.838953
0.833114
0.838309
0.827633
0.8273
0.821895
0.819732
0.837331
0.806891
0.822475
0.817916
0.834156
0.837672
0.824503
0.810208
0.829157
0.810501
0.833315
0.835081
0.828663
0.827957
0.838474
0.839103
0.829889
0.81842
0.829176
0.825799
0.807969
0.835667
0.839469
0.829287
0.818087
0.826504
0.826778
0.825222
0.808609
0.801364
0.83667
0.826249
0.820013
0.817419
0.842592
0.842513
0.82312
0.825597
0.821022
0.839671
0.825466
0.844866
0.815059
0.804512
0.835352
0.820912
0.828215
0.835007
0.809506
0.848184
0.834708
0.833936
0.828985
0.828333
0.808969
0.835557
0.832289
0.826998
0.825306
0.819618
0.829138
0.826197
0.836249
0.823454
0.830379
0.829529
0.836606
0.823487
0.832558
0.830196
0.835707
0.807958
0.838905
0.832225
0.829528
0.818753
0.831508
0.841361
0.827001
0.837144
0.817976
0.822832
0.833584
0.819393
0.81608
0.829954
0.822814
0.806889
0.817308
0.833371
0.829513
0.842193
0.838143
0.835851
0.83557
0.840799
0.82598
0.846609
0.829698
0.831433
0.826811
0.834062
0.82629
0.831245
0.835074
0.821723
0.823463
0.82754
0.817712
0.824753
0.831795
0.833166
0.807867
0.822816
0.834
0.842264
0.824097
0.829694
0.836286
0.834656
0.80612
0.825227
0.825914
0.82646
0.832194
0.829697
0.833633
0.841149
0.838025
0.836417
0.838916
0.82271
0.818141
0.795474
0.835541
0.823162
0.81139
0.839736
0.841254
0.837734
0.839213
0.835455
0.821474
0.833549
0.836235
0.823315
0.833893
0.837054
0.837145
0.843142
0.835143
0.838037
0.817773
0.826958
0.843736
0.837485
0.833167
0.842409
0.815765
0.825308
0.828793
0.833527
0.84066
0.817714
0.837421
0.828291
0.831507
0.836463
0.827479
0.831079
0.826007
0.835187
0.838619
0.838696
0.846982
0.838867
0.796103
0.829124
0.824515
0.838431
0.828357
0.825907
0.830322
0.827661
0.840643
0.8206
0.817275
0.829736
0.825814
0.835949
0.82749
0.836573
0.836804
0.822003
0.824306
0.835854
0.830704
0.832546
0.832197
0.830624
0.828196
0.825234
0.822656
0.83095
0.833557
0.806868
0.819967
0.835733
0.829426
0.820119
0.843773
0.818908
0.815905
0.838588
0.843667
0.848451
0.818438
0.814557
0.814935
0.833872
0.830429
0.838347
0.839089
0.832713
0.824658
0.830885
0.832848
0.828648
0.831346
0.829175
0.822049
0.834472
0.825615
0.802815
0.816837
0.834882
0.828761
0.823404
0.807285
0.839237
0.830322
0.835249
0.820776
0.814921
0.838179
0.834077
0.84106
0.808971
0.831989
0.823381
0.817256
0.811386
0.833496
0.839691
0.839543
0.834448
0.823892
0.834373
0.829847
0.816044
0.827893
0.824812
0.833447
0.826544
0.835084
0.834434
0.837859
0.821177
0.843025
0.829645
0.819334
0.826098
0.831197
0.837635
0.842104
0.836317
0.813247
0.846336
0.818038
0.834892
0.826121
0.825519
0.842088
0.830022
0.840256
0.821004
0.840831
0.839615
0.836971
0.828426
0.840595
0.830356
0.811301
0.807075
0.837014
0.820403
0.823717
0.829964
0.834461
0.834558
0.814593
0.816013
0.827684
0.834068
0.829535
0.827772
0.824623
0.818254
0.828964
0.83034
0.836949
0.821347
0.821978
0.804116
0.827562
0.827639
0.82484
0.836212
0.848227
0.825299
0.836085
0.838968
0.826332
0.841364
0.839664
0.835624
0.833989
0.843564
0.843723
0.829859
0.820739
0.83834
0.837373
0.832034
0.832727
0.832191
0.839668
0.837709
0.842862
0.822159
0.814563
0.8314
0.808171
0.815102
0.834831
0.84411
0.826181
0.824614
0.820478
0.8394
0.818572
0.831281
0.832691
0.838849
0.819286
0.821433
0.838599
0.821523
0.822659
0.829605
0.814388
0.829806
0.839629
0.834034
0.837709
0.820851
0.830478
0.815327
0.834443
0.827984
0.828788
0.836764
0.823323
0.831404
0.830251
0.82925
0.832606
0.828744
0.822791
0.833008
0.831642
0.838122
0.841108
0.825479
0.822828
0.817867
0.833693
0.830182
0.82801
0.806461
0.825647
0.824945
0.823156
0.810903
0.816926
0.824554
0.831329
0.835121
0.837912
0.825504
0.816254
0.825073
0.833493
0.841156
0.830514
0.806277
0.82853
0.818246
0.836655
0.838575
0.820479
0.827726
0.811541
0.824781
0.816043
0.828696
0.819331
0.828982
0.824769
0.82281
0.837909
0.842661
0.832854
0.841548
0.84216
0.841375
0.824841
0.820241
0.829648
0.825484
0.831047
0.835814
0.839579
0.835278
0.817667
0.838709
0.836627
0.831565
0.831898
0.831384
0.824928
0.83348
0.831337
0.825358
0.821117
0.832618
0.829435
0.832451
0.798038
0.812695
0.823032
0.825614
0.834041
0.842315
0.828261
0.828208
0.835096
0.834589
0.827856
0.821267
0.810758
0.831095
0.814215
0.817985
0.831469
0.845438
0.835773
0.818066
0.822602
0.823235
0.833159
0.844743
0.838705
0.820593
0.820912
0.836724
0.836372
0.820668
0.831223
0.826243
0.829901
0.819261
0.826439
0.842448
0.830054
0.814197
0.831767
0.832735
0.83894
0.81817
0.829092
0.833152
0.817421
0.812901
0.832736
0.820765
0.823628
0.835015
0.841093
0.822459
0.843147
0.828231
0.828675
0.823956
0.836763
0.832325
0.824976
0.824605
0.815775
0.805071
0.841552
0.825845
0.823827
0.830171
0.836736
0.818572
0.833098
0.843442
0.836895
0.821945
0.826891
0.819611
0.80105
0.818104
0.82682
0.832503
0.816981
0.8177
0.833854
0.832593
0.821218
0.829111
0.8328
0.818611
0.832862
0.794285
0.826138
0.824329
0.817778
0.832211
0.832467
0.833545
0.820156
0.827733
0.83554
0.833316
0.828505
0.825903
0.831064
0.830943
0.823425
0.821804
0.840372
0.827874
0.828918
0.833889
0.83335
0.824103
0.831972
0.827686
0.835634
0.824526
0.825915
0.83859
0.833059
0.82391
0.828411
0.813203
0.833141
0.815598
0.812822
0.83455
0.825805
0.808112
0.838377
0.839425
0.808146
0.825515
0.839281
0.829952
0.84118
0.827449
0.835887
0.845187
0.83649
0.821439
0.828661
0.819653
0.802248
0.840118
0.822449
0.838527
0.83519
0.831993
0.829857
0.812812
0.834207
0.833286
0.828917
0.836455
0.831706
0.830358
0.829632
0.822545
0.826097
0.826977
0.808258
0.806655
0.838257
0.826328
0.827059
0.830597
0.829568
0.833
0.839173
0.825454
0.829898
0.828935
0.830389
0.808991
0.838114
0.834945
0.842843
0.841061
0.831914
0.841019
0.803072
0.837207
0.842956
0.83077
0.818805
0.824551
0.832598
0.824265
0.829693
0.802377
0.837406
0.831201
0.816719
0.831866
0.843185
0.828521
0.829949
0.820777
0.83841
0.825022
0.827354
0.833177
0.828601
0.847995
0.828307
0.838955
0.842681
0.83269
0.832828
0.815224
0.81209
0.828124
0.814391
0.838267
0.837818
0.838927
0.839451
0.830809
0.819505
0.836846
0.818503
0.819794
0.817783
0.806098
0.834998
0.833989
0.839014
0.823083
0.835696
0.819823
0.835797
0.831032
0.840453
0.825794
0.828888
0.836976
0.829955
0.843299
0.787595
0.803209
0.827607
0.818669
0.821958
0.834085
0.826279
0.816348
0.818645
0.818453
0.838954
0.836597
0.828698
0.826361
0.820909
0.826976
0.834778
0.827807
0.83221
0.833077
0.834274
0.808994
0.841493
0.83248
0.825881
0.812876
0.833709
0.832617
0.835242
0.818195
0.838328
0.838662
0.830137
0.825132
0.82945
0.836104
0.819359
0.833933
0.827351
0.83303
0.834476
0.819839
0.824724
0.827108
0.827172
0.839143
0.826138
0.841322
0.825962
0.838685
0.838652
0.825555
0.821391
0.825847
0.818181
0.81576
0.833818
0.827135
0.828186
0.796567
0.815317
0.830931
0.839035
0.838224
0.828934
0.835109
0.822742
0.832997
0.825157
0.828959
0.833436
0.805928
0.817194
0.831958
0.818016
0.811584
0.824431
0.825961
0.831952
0.82022
0.832344
0.815908
0.829033
0.836794
0.835388
0.844175
0.826991
0.828194
0.810864
0.823981
0.835015
0.813245
0.803361
0.815848
0.833775
0.830549
0.802073
0.836058
0.839283
0.837678
0.826382
0.825327
0.826544
0.839179
0.829968
0.834916
0.820221
0.840346
0.817772
0.826166
0.834021
0.82437
0.83429
0.82219
0.814945
0.835793
0.809034
0.840114
0.824131
0.822343
0.828277
0.83833
0.836951
0.834888
0.821777
0.835656
0.819729
0.824852
0.82829
0.832368
0.794229
0.836309
0.832612
0.818164
0.813676
0.809691
0.827107
0.834409
0.836045
0.824882
0.835425
0.825807
0.841043
0.836311
0.829196
0.827703
0.84288
0.82391
0.834958
0.831714
0.837005
0.830361
0.833397
0.826478
0.830263
0.834527
0.823812
0.816803
0.836858
0.837268
0.825656
0.825142
0.825091
0.834038
0.821393
0.833114
0.82603
0.836201
0.831447
0.814666
0.838615
0.834645
0.823007
0.820876
0.826342
0.826533
0.831083
0.836402
0.830373
0.817085
0.828816
0.816886
0.824614
0.823429
0.826003
0.828205
0.826541
0.803318
0.83511
0.823939
0.840941
0.823516
0.836805
0.841964
0.836122
0.832775
0.838963
0.836829
0.821934
0.819
0.811446
0.828568
0.836556
0.830978
0.809585
0.816976
0.828786
0.827067
0.811423
0.829763
0.82933
0.837414
0.828707
0.819096
0.841043
0.829061
0.842847
0.815434
0.839204
0.838555
0.817378
0.831311
0.838312
0.825133
0.823499
0.818619
0.829484
0.816591
0.834587
0.821768
0.810928
0.822691
0.835504
0.838388
0.828974
0.814942
0.839618
0.829064
0.847893
0.818513
0.828506
0.836631
0.821252
0.829274
0.838107
0.837728
0.832664
0.822297
0.812994
0.827363
0.843022
0.824965
0.83839
0.82666
0.832758
0.779982
0.831801
0.811873
0.81389
0.822859
0.814275
0.82134
0.833729
0.817556
0.840632
0.81185
0.832672
0.831208
0.81449
0.828122
0.827364
0.817514
0.819139
0.833402
0.829789
0.835555
0.827518
0.839427
0.777516
0.835901
0.836499
0.830052
0.836817
0.832777
0.814828
0.836565
0.83524
0.842643
0.833613
0.833943
0.841201
0.82725
0.836012
0.821158
0.824414
0.817449
0.824365
0.823669
0.837827
0.821551
0.819027
0.826024
0.842584
0.834157
0.833714
0.825026
0.828769
0.826842
0.843918
0.823244
0.823569
0.834227
0.834157
0.818672
0.815458
0.81383
0.831241
0.833432
0.836938
0.821363
0.812284
0.832202
0.811771
0.833467
0.834942
0.843025
0.828772
0.844752
0.827202
0.827055
0.838089
0.827109
0.831933
0.82656
0.838591
0.814342
0.825753
0.80882
0.838999
0.823498
0.82301
0.829879
0.828631
0.836639
0.823827
0.837373
0.824727
0.826877
0.836143
0.825398
0.835332
0.833867
0.82557
0.825736
0.838062
0.83703
0.835339
0.834264
0.823561
0.822224
0.830416
0.824911
0.814616
0.840849
0.839597
0.825251
0.836659
0.838884
0.817387
0.824499
0.821406
0.82639
0.835821
0.825239
0.838345
0.830229
0.827828
0.813676
0.814066
0.834277
0.83569
0.829244
0.824131
0.826991
0.827126
0.833872
0.827753
0.808439
0.843508
0.820676
0.807676
0.832987
0.828902
0.830335
0.817259
0.831635
0.8173
0.838312
0.816009
0.829616
0.836718
0.815353
0.835668
0.826783
0.842012
0.822032
0.841812
0.825083
0.802183
0.831115
0.839531
0.827608
0.817378
0.810999
0.831075
0.822011
0.831476
0.842581
0.83097
0.824798
0.831409
0.8254
0.830881
0.826281
0.827139
0.828753
0.819077
0.833
0.835751
0.812339
0.825399
0.836995
0.83012
0.826115
0.834274
0.838
0.831473
0.834259
0.823731
0.832126
0.834583
0.830385
0.828774
0.831038
0.842904
0.81653
0.8279
0.83092
0.819787
0.812698
0.830678
0.839113
0.836853
0.827336
0.840538
0.833505
0.830497
0.824029
0.834369
0.828233
0.808768
0.831654
0.836334
0.839022
0.832149
0.839056
0.832871
0.828067
0.821982
0.821417
0.821436
0.837716
0.82769
0.832114
0.812111
0.830637
0.83477
0.833592
0.827139
0.833292
0.816201
0.811514
0.82584
0.838451
0.829731
0.833292
0.815243
0.808004
0.83531
0.842491
0.837246
0.837576
0.826459
0.810609
0.824866
0.816485
0.823295
0.828879
0.809818
0.839926
0.829429
0.799568
0.821869
0.792326
0.841659
0.845289
0.837582
0.837764
0.832156
0.824329
0.825923
0.82608
0.835757
0.8471
0.816157
0.843074
0.82686
0.832768
0.821522
0.836836
0.832403
0.823356
0.829756
0.812812
0.833788
0.845783
0.838397
0.825853
0.842558
0.828901
0.835542
0.825261
0.831272
0.816596
0.827922
0.827707
0.832274
0.819902
0.823215
0.832663
0.829883
0.84017
0.832475
0.838671
0.842039
0.819285
0.829369
0.830322
0.835456
0.817411
0.837366
0.833244
0.818235
0.814146
0.825219
0.819652
0.820773
0.834355
0.829199
0.830489
0.834808
0.83517
0.834686
0.830602
0.836459
0.81165
0.836099
0.836181
0.829385
0.823331
0.83451
0.820829
0.831947
0.826801
0.816202
0.822788
0.827077
0.819549
0.826191
0.82823
0.812324
0.814759
0.834808
0.798818
0.831985
0.832225
0.838122
0.841203
0.835127
0.833232
0.842239
0.806196
0.836808
0.829784
0.828768
0.820641
0.824719
0.821942
0.832849
0.824964
0.8359
0.83766
0.827395
0.843601
0.831017
0.813559
0.835078
0.839435
0.838084
0.83994
0.827571
0.826038
0.826979
0.830849
0.826717
0.832251
0.832159
0.821041
0.843472
0.841127
0.83014
0.822469
0.843912
0.828887
0.835229
0.837515
0.836725
0.839919
0.83208
0.831208
0.839926
0.82045
0.832507
0.821753
0.841754
0.83645
0.835781
0.830467
0.836967
0.831566
0.825922
0.830843
0.809699
0.841773
0.830555
0.830665
0.827602
0.8288
0.841336
0.837361
0.835066
0.843404
0.833371
0.843506
0.834812
0.828323
0.826428
0.829011
0.83734
0.844908
0.832709
0.81278
0.834227
0.823599
0.836352
0.822652
0.838643
0.825813
0.82352
0.826873
0.822649
0.829726
0.821359
0.825682
0.819397
0.846853
0.830238
0.833356
0.828235
0.826009
0.832669
0.820473
0.835668
0.837286
0.834945
0.844809
0.821625
0.835354
0.834204
0.833631
0.839857
0.834363
0.833277
0.833956
0.82585
0.823048
0.828661
0.820761
0.836172
0.816718
0.831623
0.842359
0.824604
0.839824
0.840614
0.820607
0.838899
0.835439
0.824702
0.841846
0.816585
0.831428
0.800515
0.83313
0.802494
0.83421
0.836392
0.832082
0.832764
0.832677
0.822975
0.840343
0.823617
0.842166
0.825779
0.779194
0.83854
0.832963
0.825769
0.8346
0.837806
0.816394
0.809059
0.815864
0.823327
0.810038
0.809328
0.828194
0.839665
0.834695
0.822932
0.838897
0.820262
0.827673
0.776678
0.82858
0.841282
0.814927
0.842368
0.839194
0.82206
0.840164
0.831995
0.834137
0.830776
0.82541
0.824951
0.832272
0.834722
0.820705
0.82242
0.838422
0.826178
0.824302
0.815604
0.830096
0.824645
0.829514
0.83649
0.832645
0.832215
0.83222
0.834103
0.826288
0.820959
0.838421
0.809398
0.830148
0.814714
0.835532
0.831386
0.811017
0.827578
0.834835
0.823293
0.824694
0.82835
0.836517
0.80548
0.832163
0.831291
0.830159
0.850186
0.840533
0.825017
0.82381
0.822512
0.827467
0.841566
0.832983
0.824727
0.813804
0.831772
0.836573
0.835541
0.838053
0.822726
0.83026
0.839852
0.828302
0.83249
0.833082
0.82139
0.836372
0.830406
0.843565
0.814633
0.827315
0.833156
0.810953
0.838193
0.834314
0.824523
0.827883
0.822411
0.823307
0.832886
0.832388
0.833043
0.838946
0.821716
0.838186
0.837948
0.834354
0.811845
0.818473
0.824854
0.834067
0.837449
0.823367
0.834494
0.834285
0.841446
0.841288
0.836083
0.830597
0.800723
0.82793
0.84248
0.831646
0.832239
0.822418
0.82292
0.822495
0.83354
0.823562
0.823467
0.820471
0.828853
0.824423
0.83359
0.84403
0.827141
0.804437
0.834848
0.819253
0.832808
0.831192
0.830875
0.810691
0.816482
0.828884
0.834172
0.826121
0.82133
0.840158
0.826848
0.810563
0.840073
0.813807
0.840699
0.832208
0.824715
0.840416
0.820492
0.832087
0.821115
0.834213
0.822009
0.834876
0.827437
0.834951
0.818135
0.816644
0.834045
0.832743
0.847257
0.83793
0.824201
0.831021
0.835893
0.815279
0.831256
0.826223
0.816494
0.820923
0.824833
0.79632
0.844002
0.836233
0.814793
0.83285
0.84065
0.837066
0.841353
0.834792
0.845232
0.807952
0.819028
0.835753
0.827909
0.836878
0.820626
0.798584
0.840513
0.832245
0.830008
0.832765
0.813406
0.827339
0.823121
0.832051
0.82936
0.839789
0.838703
0.84299
0.830593
0.82056
0.827078
0.83655
0.844671
0.844311
0.830129
0.835384
0.835361
0.830596
0.836346
0.842046
0.83736
0.826727
0.823024
0.827978
0.841837
0.8242
0.826259
0.819261
0.818462
0.825126
0.827721
0.827209
0.815549
0.821179
0.831653
0.830375
0.823126
0.831906
0.835243
0.829602
0.826597
0.828258
0.826458
0.829782
0.823066
0.830112
0.833739
0.826944
0.826754
0.824326
0.82402
0.832919
0.819811
0.82226
0.799173
0.829986
0.835958
0.822914
0.823539
0.835841
0.828743
0.827536
0.838452
0.832519
0.82407
0.827737
0.808685
0.82564
0.839896
0.830412
0.841552
0.82496
0.836449
0.820386
0.830509
0.83528
0.823933
0.835933
0.823622
0.821159
0.841669
0.834116
0.834229
0.829425
0.833078
0.821736
0.830939
0.829883
0.840968
0.803395
0.850409
0.82898
0.831682
0.827793
0.833482
0.817427
0.830525
0.814969
0.835884
0.82833
0.83983
0.833969
0.838742
0.830181
0.819686
0.818696
0.833469
0.840762
0.843344
0.831865
0.836981
0.835724
0.823915
0.815177
0.816746
0.830164
0.830476
0.835612
0.843211
0.806693
0.827363
0.83562
0.825398
0.826286
0.820348
0.83107
0.834334
0.849105
0.835422
0.824471
0.812078
0.83018
0.827979
0.842774
0.826752
0.825741
0.830397
0.83391
0.823883
0.835062
0.834877
0.811548
0.803917
0.82653
0.823544
0.842883
0.82115
0.810462
0.809794
0.815689
0.81085
0.829211
0.828015
0.826654
0.83804
0.841
0.833813
0.821172
0.840039
0.825089
0.823712
0.835394
0.828611
0.810458
0.841387
0.831436
0.833048
0.834588
0.81709
0.842334
0.83235
0.828027
0.840714
0.814932
0.819041
0.796327
0.811636
0.82159
0.82378
0.827845
0.836478
0.827957
0.830716
0.828929
0.832052
0.836988
0.83543
0.834341
0.819307
0.838921
0.835864
0.828617
0.83675
0.836411
0.835501
0.829695
0.833376
0.806821
0.817213
0.840223
0.830902
0.801004
0.83683
0.82875
0.830371
0.837903
0.799501
0.82222
0.826446
0.837865
0.823686
0.812077
0.824377
0.790199
0.83705
0.844554
0.830398
0.835206
0.817572
0.832357
0.80691
0.836126
0.832222
0.831955
0.826149
0.827047
0.820829
0.841209
0.83463
0.844354
0.834938
0.811161
0.818692
0.837629
0.814074
0.818534
0.825849
0.830711
0.832286
0.824373
0.828189
0.833872
0.84132
0.827948
0.834672
0.824496
0.824947
0.813727
0.836899
0.79544
0.838098
0.831426
0.83358
0.829229
0.813369
0.822041
0.820527
0.810564
0.834459
0.840386
0.843269
0.808822
0.821337
0.823163
0.803899
0.830001
0.821313
0.836424
0.82724
0.826837
0.827178
0.832197
0.830315
0.830073
0.833627
0.820588
0.817395
0.835582
0.833352
0.835391
0.820351
0.832301
0.827635
0.839944
0.822264
0.835998
0.817918
0.830041
0.836433
0.827084
0.838497
0.83643
0.815577
0.82307
0.839364
0.827113
0.838768
0.818862
0.842357
0.836491
0.838776
0.835043
0.831748
0.832149
0.826372
0.835078
0.828674
0.826413
0.835777
0.831996
0.837006
0.838619
0.836539
0.818441
0.82804
0.825291
0.834416
0.837286
0.843238
0.825051
0.826577
0.830327
0.832131
0.832925
0.82225
0.840064
0.834518
0.825953
0.82782
0.826679
0.814883
0.830745
0.821247
0.82833
0.788283
0.833388
0.836875
0.829404
0.824277
0.826666
0.830863
0.813597
0.836584
0.817031
0.798225
0.829143
0.834834
0.820877
0.820642
0.823243
0.841456
0.824493
0.838307
0.812052
0.839481
0.821703
0.827156
0.833455
0.839032
0.838799
0.833732
0.821409
0.833385
0.832618
0.841989
0.815632
0.831538
0.827209
0.833872
0.837557
0.829554
0.827941
0.815947
0.835576
0.825717
0.823169
0.823696
0.828945
0.839849
0.84415
0.837692
0.83109
0.826724
0.830932
0.829719
0.824246
0.830381
0.82092
0.828908
0.809629
0.836941
0.830638
0.830909
0.830194
0.839042
0.812113
0.831165
0.83799
0.828158
0.830455
0.827336
0.837167
0.840717
0.836001
0.836613
0.819762
0.828204
0.834724
0.831462
0.830237
0.832674
0.840942
0.796648
0.833876
0.811436
0.821942
0.828138
0.837515
0.831105
0.829696
0.832711
0.833801
0.832317
0.835547
0.835742
0.832551
0.839833
0.831623
0.808757
0.828104
0.830973
0.825392
0.845394
0.819058
0.81774
0.819074
0.83573
0.830439
0.826503
0.824181
0.842282
0.838788
0.829239
0.841375
0.833668
0.833746
0.821037
0.829668
0.833194
0.83871
0.828928
0.820532
0.841163
0.843321
0.828367
0.808155
0.834063
0.840643
0.815982
0.830783
0.801295
0.836314
0.798814
0.828573
0.83071
0.82846
0.825654
0.839095
0.827043
0.823607
0.8255
0.831707
0.840392
0.820972
0.812249
0.830202
0.839989
0.799699
0.837357
0.828132
0.830611
0.836488
0.830325
0.829973
0.835796
0.830578
0.825453
0.836069
0.815028
0.818152
0.825241
0.828526
0.80997
0.827793
0.829445
0.836325
0.825077
0.835622
0.833808
0.837647
0.82334
0.832594
0.833603
0.837683
0.814195
0.828012
0.82422
0.831493
0.836553
0.830615
0.825208
0.823862
0.824026
0.839962
0.823277
0.83287
0.82031
0.825378
0.829356
0.83724
0.834266
0.844196
0.805293
0.826272
0.822276
0.817878
0.830343
0.834432
0.823077
0.831355
0.838127
0.836352
0.832375
0.832302
0.833464
0.830034
0.841793
0.820922
0.833516
0.82811
0.835336
0.812196
0.834808
0.824106
0.817466
0.839759
0.835401
0.826273
0.826505
0.829751
0.825178
0.840989
0.828952
0.826256
0.829812
0.827348
0.831643
0.829743
0.818333
0.832002
0.836108
0.834147
0.837423
0.837966
0.825855
0.834784
0.828517
0.831537
0.827229
0.807006
0.826078
0.823139
0.837407
0.825865
0.842382
0.829837
0.823335
0.838033
0.83117
0.829979
0.834184
0.828844
0.83879
0.835608
0.815877
0.828749
0.825392
0.815853
0.841679
0.817276
0.83701
0.825371
0.835309
0.829584
0.833201
0.838794
0.832045
0.824805
0.822225
0.821398
0.82966
0.835883
0.826574
0.828482
0.823655
0.797678
0.812266
0.82572
0.839682
0.832918
0.826878
0.837413
0.834671
0.826364
0.822917
0.818709
0.842526
0.832031
0.812473
0.817174
0.825038
0.827923
0.831957
0.826625
0.817803
0.829516
0.829877
0.831471
0.833187
0.836033
0.821031
0.782718
0.823567
0.836119
0.803971
0.810034
0.837241
0.823612
0.825692
0.841982
0.826023
0.834523
0.831815
0.826432
0.832865
0.829466
0.825057
0.819888
0.835146
0.837234
0.841205
0.820018
0.807124
0.834222
0.813099
0.822855
0.827817
0.83542
0.827259
0.824709
0.826774
0.824814
0.833602
0.836727
0.81979
0.826007
0.8308
0.831774
0.824233
0.83805
0.835357
0.831449
0.824119
0.837966
0.811981
0.823529
0.834085
0.833815
0.835791
0.834784
0.830374
0.819185
0.841684
0.825859
0.830645
0.826069
0.831236
0.820599
0.839024
0.827325
0.827555
0.811232
0.822171
0.838911
0.819191
0.844035
0.826184
0.829301
0.839939
0.822231
0.80941
0.824961
0.837904
0.836311
0.832791
0.832178
0.825073
0.834336
0.825472
0.818775
0.82153
0.814006
0.822174
0.835252
0.832458
0.825189
0.827166
0.824674
0.8297
0.837982
0.82938
0.834512
0.834724
0.825764
0.822502
0.834921
0.82845
0.831423
0.787102
0.830238
0.827882
0.813814
0.831752
0.809597
0.822591
0.826649
0.837295
0.831397
0.81746
0.835148
0.8192
0.841772
0.830042
0.812214
0.834914
0.833421
0.826217
0.837432
0.818034
0.839759
0.819161
0.813507
0.822435
0.818449
0.828724
0.800089
0.832095
0.837644
0.823009
0.820822
0.825777
0.826793
0.824081
0.834046
0.825632
0.835297
0.837535
0.834775
0.826243
0.82286
0.831168
0.841921
0.839658
0.842508
0.833848
0.825437
0.826588
0.832023
0.836773
0.823444
0.835571
0.836884
0.82108
0.843567
0.807929
0.833264
0.841729
0.825103
0.842857
0.821478
0.834972
0.832757
0.831983
0.830225
0.833361
0.811787
0.827978
0.828628
0.764322
0.836189
0.841678
0.822547
0.824373
0.829768
0.83406
0.836291
0.823429
0.817508
0.827478
0.831426
0.824259
0.832242
0.789669
0.827239
0.824883
0.840546
0.827331
0.833244
0.833019
0.831538
0.829624
0.838924
0.835002
0.824067
0.83206
0.827477
0.812221
0.834228
0.832626
0.822974
0.820461
0.837388
0.837742
0.821738
0.834214
0.821206
0.838245
0.826423
0.825951
0.836938
0.842081
0.834726
0.827585
0.821989
0.833955
0.830107
0.835171
0.833739
0.839394
0.84277
0.830512
0.818546
0.836847
0.840528
0.847821
0.828718
0.82282
0.82124
0.812318
0.835693
0.835425
0.813697
0.840315
0.832163
0.81754
0.832616
0.828062
0.81504
0.828566
0.84137
0.825058
0.826598
0.84141
0.842529
0.820869
0.814506
0.831278
0.787213
0.841118
0.834751
0.824418
0.835861
0.808606
0.829008
0.818585
0.826813
0.818926
0.814206
0.839516
0.841619
0.830993
0.831864
0.824767
0.833888
0.818475
0.826633
0.82909
0.821718
0.831531
0.827047
0.827889
0.832276
0.813791
0.825933
0.834921
0.823824
0.829487
0.819011
0.835793
0.817853
0.817655
0.836534
0.831404
0.821735
0.820787
0.828385
0.837346
0.83316
0.829366
0.811054
0.818001
0.828699
0.822959
0.799747
0.837739
0.823361
0.829803
0.829828
0.829407
0.824099
0.84005
0.825461
0.839255
0.806668
0.825035
0.823751
0.838749
0.828333
0.836779
0.823586
0.8198
0.837237
0.839262
0.831754
0.839988
0.838335
0.835613
0.842881
0.833677
0.833307
0.811417
0.823388
0.835039
0.830388
0.82818
0.836647
0.830044
0.830622
0.831388
0.822473
0.834808
0.8136
0.841176
0.842459
0.828766
0.835258
0.838176
0.839367
0.838451
0.836026
0.822934
0.831744
0.814378
0.839874
0.83262
0.809618
0.825309
0.842011
0.804035
0.835035
0.836638
0.831138
0.823327
0.833782
0.836394
0.824254
0.825645
0.837257
0.826141
0.834607
0.831279
0.841999
0.831122
0.838653
0.827248
0.784686
0.841182
0.839791
0.838672
