0.789738
0.85063
0.849285
0.848263
0.679807
0.856066
0.850853
0.861254
0.852039
0.836682
0.857668
0.851245
0.848734
0.853907
0.853228
0.841322
0.856387
0.856107
0.856673
0.855934
0.852579
0.857926
0.833149
0.860547
0.854605
0.84838
0.860127
0.856928
0.858251
0.842515
0.858854
0.86031
0.852456
0.862464
0.857378
0.857781
0.855181
0.851415
0.860458
0.844385
0.862358
0.268307
0.856952
0.816046
0.852615
0.859657
0.858327
0.860742
0.853506
0.274903
0.841479
0.120988
0.859421
0.862434
0.859655
0.651123
0.850407
0.854682
0.856797
0.854403
0.847112
0.844408
0.837658
0.851665
0.852227
0.848729
0.859325
0.849452
0.845163
0.856841
0.856011
0.82963
0.846182
0.837347
0.857702
0.763802
0.85067
0.849686
0.853057
0.849317
0.861186
0.647816
0.848708
0.820596
0.857591
0.85313
0.858334
0.856975
0.848703
0.857068
0.859318
0.83638
0.851182
0.855965
0.837772
0.856626
0.851017
0.844932
0.838249
0.860367
0.851761
0.846787
0.851722
0.843934
0.853841
0.856743
0.820857
0.842348
0.854606
0.8607
0.850835
0.834889
0.851415
0.846333
0.824578
0.8462
0.852179
0.851082
0.854636
0.78292
0.852101
0.853596
0.859328
0.860317
0.843995
0.857765
0.858706
0.857316
0.854811
0.854184
0.862303
0.853581
0.827699
0.852416
0.814655
0.851361
0.856499
0.857703
0.000213729
0.851791
0.855162
0.839005
0.854212
0.488553
0.860196
0.78479
0.853264
0.270189
0.852697
0.850841
3.02059e-05
0.847712
0.858614
0.85505
0.776483
0.820744
0.852342
0.854678
0.248663
0.852039
0.853861
0.852397
0.853267
0.857244
0.850085
0.862609
0.835086
0.843773
0.856067
0.848672
0.835845
0.296123
0.822417
0.857352
0.852644
0.829551
0.856757
0.845667
0.861399
0.854278
0.835873
0.81284
0.842026
0.858469
0.850244
0.857548
0.760163
0.856445
0.855963
0.000108542
0.8581
0.840197
0.85467
0.839067
0.856469
0.47257
0.839918
0.841458
0.856206
0.860212
0.859479
0.759643
0.849588
0.823567
0.852282
0.857141
0.854459
0.858616
0.849771
0.850329
0.856274
0.85702
0.84847
0.859538
0.853109
0.802598
0.83861
0.850523
0.861076
0.857441
0.844479
0.844607
0.828271
0.855264
0.859956
0.851722
0.83783
0.862524
0.861112
0.857827
0.851493
0.857001
0.840806
0.839993
0.743838
0.749883
0.854577
0.846159
0.200232
0.846846
0.838525
0.187123
0.850118
0.852126
0.845608
0.860085
0.860487
0.854861
0.848245
0.850678
0.856415
0.75491
0.854515
0.859016
0.00234848
0.779061
0.848367
0.847457
0.862157
0.847087
0.856668
0.855517
0.859633
0.853857
0.858267
0.851317
0.843821
0.854036
0.829427
0.854109
0.854212
0.7342
0.851859
0.844778
0.549222
0.853024
0.857232
0.859632
0.855327
0.856099
0.854287
0.741891
0.852846
0.838246
0.282112
0.860407
0.862144
0.846573
0.848546
0.855302
0.846152
0.84053
0.849856
0.856144
0.839958
0.855686
0.85795
0.860666
0.859947
0.855799
0.856049
0.856432
0.854482
0.85511
0.858631
0.837001
0.843503
0.835046
0.853692
0.848516
0.859326
0.858355
0.823934
0.85376
0.762868
0.848478
0.851131
0.850482
0.847543
0.829259
0.852655
0.857257
0.862592
0.853925
0.857954
0.84937
0.860572
0.82913
0.850034
0.849261
0.843818
0.855851
0.851016
0.845808
0.855991
0.851326
0.846898
0.856744
0.857293
0.828073
0.0258988
0.859961
0.851049
0.857885
0.832712
0.849144
0.849709
0.852614
0.851507
0.856779
0.855143
0.860461
0.84951
2.49144e-05
0.854993
0.837998
0.83481
0.843658
0.855203
0.85504
0.848663
0.85698
0.856956
0.855379
0.857135
0.857154
0.851868
0.859606
0.830757
0.846279
0.85738
0.855822
0.856728
0.855441
0.857862
0.862848
0.829838
0.855487
0.858913
0.854884
0.856293
0.851654
0.852777
0.858456
0.85778
0.855817
0.855992
0.846039
0.845626
0.85618
0.860832
0.819143
0.846426
0.836529
0.853425
0.856176
0.83671
0.626961
0.141131
0.856736
0.857507
0.85342
0.854573
0.852159
0.858901
0.843587
0.830873
0.775782
0.850224
0.857489
0.846164
0.661453
0.736887
0.170094
0.849081
0.733853
0.852674
0.856559
0.852213
0.0601242
0.843897
0.156714
0.854572
0.856627
0.849254
0.853993
0.83114
0.00113673
0.842748
0.859438
0.845726
0.860106
0.8583
0.822536
0.858499
0.834691
0.857665
0.847038
0.856235
0.273974
0.853795
0.846076
0.857226
0.841075
0.842888
0.843576
0.86323
0.853258
0.846809
0.851875
0.855152
0.851635
0.855067
0.855881
0.857899
0.85861
0.856683
0.335946
0.849583
0.860771
0.85874
0.837172
0.85482
0.85559
0.854866
0.850298
0.843285
0.854937
0.846835
0.857654
0.860151
8.6865e-05
0.857381
0.623251
0.852144
0.86028
0.860592
0.851057
0.845326
0.852925
0.860487
0.808563
0.778079
0.855829
0.852233
0.480036
0.800269
0.854366
0.830861
0.85177
0.849473
0.810068
0.829669
0.862232
0.856616
0.858072
0.833132
0.850264
0.843654
0.857161
0.843259
0.85372
0.854234
0.857828
0.856378
0.82832
0.858714
0.855137
0.825155
0.861108
0.85685
0.856217
0.846927
0.856374
0.861292
0.859611
0.853364
0.859599
0.820517
0.803079
0.861111
0.8493
0.859739
0.850642
0.858517
0.819299
0.857078
0.671331
0.861843
0.853825
0.856608
0.772126
0.861624
0.858679
0.856049
0.857169
0.854572
0.845632
0.101276
0.854104
0.853093
0.830431
0.85585
0.851696
0.818925
0.859344
0.856023
0.85878
0.839735
0.852829
0.857644
0.86276
0.854135
0.84746
0.844475
0.85375
0.846451
0.851943
0.859266
0.208596
0.854127
0.8555
0.832606
0.850292
0.851909
0.856301
0.855991
0.838299
0.849587
0.856186
0.32816
0.853961
0.833798
0.861827
0.85709
0.851949
0.828035
0.855683
0.845665
0.854209
0.856204
0.857416
0.857248
0.857608
0.854443
0.857896
0.843033
0.838815
0.852195
0.85322
0.846597
0.85501
0.834867
0.0115366
0.803233
0.819889
0.857467
0.837165
0.838588
0.847153
0.860177
0.857942
0.84222
0.857647
0.84187
0.854412
0.846675
0.848079
0.820724
0.256767
0.847862
0.842017
0.0943828
0.856238
0.828765
0.8448
0.84244
0.840195
0.860272
0.847488
0.857983
0.85723
0.852546
0.861353
0.859586
0.856036
0.0160314
0.853146
0.85169
0.849482
0.85723
0.831598
0.850407
0.856986
0.807969
0.850157
0.852242
0.82581
0.830487
0.856742
0.848592
0.849433
0.857919
0.832025
0.849899
0.250359
0.859845
0.821364
0.842325
0.859427
0.697944
0.860514
0.858969
0.830174
0.855333
0.852836
0.85488
0.857979
0.848568
0.430682
0.854242
0.848942
0.859712
0.858336
0.860273
0.84469
0.856079
0.851128
0.826504
0.862526
0.857169
0.81495
0.850147
0.415574
0.855288
0.839388
0.854591
0.851595
0.854516
0.84601
0.85188
0.714541
0.851178
0.828212
0.793075
0.857853
0.861623
0.843437
0.551819
0.844552
0.833076
0.820557
0.847766
0.845415
0.857095
0.841283
0.839589
0.858464
0.85776
0.851972
0.000129949
0.832336
0.86102
0.860276
0.846167
0.854626
0.840489
0.848257
0.820733
0.851017
0.850659
0.850014
0.858445
0.840483
0.207793
0.852036
0.855303
0.852284
0.856351
0.85018
0.857574
0.859766
0.854874
0.851628
0.860484
0.792839
0.782328
0.842433
0.242104
0.859699
0.859446
0.853516
0.852632
0.860923
0.854422
0.747968
0.862762
0.851396
0.290693
0.82335
0.855963
0.814849
0.850625
0.852869
0.780756
0.854429
0.829423
0.850286
0.86058
0.852849
0.852423
0.850606
0.851732
0.852035
0.856217
0.245008
0.856131
0.858279
0.856801
0.846965
0.845282
0.834854
0.834199
0.858844
0.843714
0.858072
0.84988
0.849729
0.851267
0.855144
0.852633
0.832143
0.859384
0.857412
0.849935
0.730933
0.807525
0.803284
0.849285
0.848436
0.851436
0.848364
0.844189
0.384386
0.798161
0.853723
0.857234
0.862159
0.723823
0.852922
0.856877
0.857377
0.856531
0.859443
0.827466
0.857139
0.805286
0.82123
0.851695
0.814747
0.859278
0.859122
0.852835
0.855101
0.847762
0.143838
0.796831
0.860895
0.860052
0.859901
0.842955
0.856113
0.852772
0.839797
0.848294
0.836323
0.80399
0.856551
0.858712
0.8032
0.861251
0.85593
0.859758
0.849564
0.857078
0.780395
0.85699
0.859856
0.855513
0.854474
0.853824
0.832193
0.855506
0.854894
0.856407
0.837646
0.863078
0.847131
0.858256
0.85977
0.849689
0.83918
0.849693
0.849167
0.788556
0.849376
0.852103
0.853557
0.749998
0.860426
0.840423
0.841882
0.833518
0.670309
0.859047
0.85274
0.838326
0.847519
0.829466
0.858911
0.782842
0.857816
0.859846
0.854154
0.860549
0.855958
0.859644
0.844825
0.855138
0.839266
0.846202
0.839329
0.857405
0.854946
0.848905
0.842071
0.0997064
0.84694
0.72305
0.860642
0.857111
0.831605
0.852332
0.845809
0.85212
0.855622
0.850232
0.688759
0.855116
0.854099
0.860878
0.860828
0.836546
0.814012
0.852246
0.829178
0.838797
0.851339
0.84496
0.855353
0.856334
0.863271
0.859987
0.856299
0.833802
0.85775
0.490386
0.852157
0.856549
0.855383
0.852741
0.856683
0.848773
0.855623
0.842229
0.856228
0.0940923
0.856546
0.85328
0.857268
0.852822
0.856557
0.857417
0.855868
0.84028
0.821352
0.857185
0.837947
0.861192
0.856269
0.852942
0.848762
0.848579
0.836784
0.858989
0.433431
0.858956
0.859232
0.860287
0.83953
0.85664
0.860281
0.842388
0.858408
0.846028
0.857991
0.796836
0.84856
0.842847
0.858915
0.851393
0.854816
0.855441
0.781985
0.0134587
0.82657
0.790196
0.656127
0.85945
0.466671
0.85602
0.855496
0.852533
0.851206
0.844254
0.843861
0.820219
0.856567
0.852729
0.853556
0.850226
0.795175
0.852057
0.85795
0.837143
0.858259
0.855238
0.824325
0.85466
0.832096
0.000140409
0.844724
0.857863
0.850137
0.851805
0.851997
0.114827
0.854996
0.85785
0.854519
0.835229
0.85889
0.854377
0.854773
0.8548
0.854475
0.842485
0.855297
0.855149
0.85458
0.858145
0.858318
0.854677
0.858172
0.802213
0.85744
0.852991
0.781743
0.855328
0.853055
0.701759
0.846731
0.860141
0.854401
0.845398
0.850989
0.0623712
0.855176
0.852076
0.84444
0.857761
6.70315e-05
0.845007
0.857382
0.85521
0.857556
0.847523
0.858265
0.859019
0.854662
0.853335
0.854678
0.852134
0.859778
0.855845
0.859576
0.85665
0.846838
0.85
0.854993
0.857767
0.847529
0.720978
0.850894
0.855897
0.828738
0.857298
0.858822
0.85481
0.854398
0.858818
0.847858
0.851613
0.850201
0.858604
0.832734
0.840494
0.854375
0.857606
0.793021
0.850741
0.853674
0.829317
0.397753
0.852517
0.857309
0.656404
0.854856
0.85422
0.858773
0.146293
0.858857
0.852233
0.852827
0.856973
0.85257
0.800066
0.823165
0.858314
0.851778
0.847915
0.859548
0.85605
0.856571
0.855874
0.825004
0.85421
0.851263
0.84976
0.859521
0.858671
0.845402
0.8567
0.845874
0.750177
0.859331
0.00979174
0.853811
0.858659
0.845984
0.81953
0.84224
0.853494
0.857446
0.850052
0.855248
0.051121
0.85529
0.847287
0.860771
0.851211
0.853281
0.853031
0.827279
0.858867
0.856444
0.844577
0.851952
0.853233
0.799172
0.851852
0.852138
0.855577
0.861254
0.86186
0.793403
0.855851
0.841621
0.85993
0.857727
0.848338
0.860556
0.856615
0.846536
0.844969
0.845367
0.849553
0.844941
0.859415
0.858559
0.8518
0.733149
0.861562
0.843223
0.852775
0.859962
0.829437
0.855429
0.781244
0.85867
0.84629
0.859823
0.860118
0.853094
0.854772
0.800094
0.857516
0.842719
0.851654
0.856596
0.828853
0.854083
0.00013111
0.841382
0.851494
0.85752
0.857589
0.855915
0.856983
0.85414
0.857782
0.849933
0.852106
0.858967
0.857984
0.856174
0.834136
0.860615
0.859816
0.83485
0.846385
0.85649
0.83526
0.857273
0.853509
0.839856
0.826482
0.854133
0.852459
0.850315
0.857633
0.847121
0.860821
0.835041
0.8547
0.856977
0.859802
0.841279
0.859663
0.852206
0.850098
0.242639
0.829025
0.735633
0.847336
0.856584
0.853588
0.856708
0.841598
0.823347
0.855432
0.858582
0.842236
0.8224
0.846767
0.851532
0.000173365
0.859099
0.858176
0.856016
0.855859
0.855141
0.858269
0.853626
0.848312
0.851329
0.85258
0.733924
0.701184
0.776015
0.856945
0.858409
0.854874
0.854625
0.834992
0.849263
0.854358
0.854493
0.85497
0.847979
0.861162
0.822539
0.845618
0.658396
0.852463
0.857338
0.803526
0.851333
0.858197
0.856167
0.849568
0.849641
0.853548
0.858223
0.859702
0.857099
0.856415
0.848462
0.858667
0.840551
0.777245
0.865389
0.767761
0.855239
0.85569
0.782221
0.845618
0.843685
0.856693
0.855762
0.546455
0.856962
0.836237
0.830013
0.858072
0.81553
0.85452
0.860185
0.849616
0.861876
0.856572
0.858377
0.851271
0.853122
0.843266
0.850106
0.856105
0.853357
0.850172
0.860344
0.844564
0.854211
0.852011
0.851551
0.470652
0.857099
0.856793
0.857048
0.846265
0.856903
0.854982
0.85623
0.852634
0.856684
0.853479
0.841606
0.853429
0.426879
0.850989
0.857661
0.857712
0.852644
0.857802
0.845215
0.850682
0.855611
0.0523792
0.858218
0.861335
0.850676
0.855967
0.851296
0.853535
0.856796
0.855921
0.837971
0.854936
0.853709
0.861642
0.861264
0.844625
0.852899
0.846412
0.808173
0.793726
0.815329
0.854238
0.273551
0.474314
0.849448
0.855631
0.859397
0.833034
0.857879
0.862955
0.851331
0.852143
0.851576
0.854642
0.853062
0.843247
0.852929
0.0942296
0.844267
0.860591
0.845674
0.85065
0.848574
0.859005
0.798722
0.857888
0.856664
0.852214
0.858521
0.84214
0.860571
0.857148
0.863429
0.856634
0.852143
0.853609
0.846726
0.852401
0.850364
0.857421
0.855773
0.849304
0.858231
0.849654
0.839972
0.0612619
0.857438
0.861937
0.852203
0.851317
0.848617
0.850838
0.841043
0.848215
0.851281
0.854908
0.824914
0.839568
0.858181
0.854253
0.851977
0.801304
0.814381
0.829996
0.84136
0.854937
0.854734
0.851714
0.850905
0.857596
0.852725
0.851021
0.838941
0.820577
0.858318
0.847429
0.854839
0.859301
0.857317
0.695678
0.826302
0.841534
0.855634
0.85878
0.856181
0.113661
0.854359
0.846072
0.847172
0.861509
0.849672
0.000127003
0.834141
0.861294
0.854276
0.854877
0.852894
0.853444
0.66855
0.855504
0.854959
0.855165
0.855268
0.848637
0.854402
0.845936
0.805554
0.859089
0.854264
0.736312
0.83791
0.10291
0.859584
0.403628
0.857849
0.855965
0.347216
0.838751
0.840227
0.861348
0.854938
0.856335
0.855547
0.833367
0.854793
0.853911
0.862615
0.854043
0.847412
0.849054
0.859835
0.857315
0.845503
0.850964
0.855469
0.847087
0.858049
0.635073
0.836726
0.859161
0.850768
0.85246
0.860986
0.722908
0.858628
0.853904
0.858143
0.623088
0.852223
0.857621
0.858991
0.848823
0.270003
0.825347
0.822883
0.854878
0.822662
0.856593
0.813269
0.860933
0.853575
0.855692
0.856551
0.85675
0.858319
0.16543
0.830888
0.849484
0.856794
0.854004
0.85512
0.859352
0.85576
0.850923
0.856171
0.854147
0.812665
0.813252
0.159167
0.850022
0.853691
0.855214
0.863478
0.849222
0.852933
0.847456
0.845833
0.851738
0.856151
0.857784
0.849726
0.850706
0.856053
0.857006
0.850819
0.849772
0.710097
0.845804
0.852529
0.84778
0.848724
0.794791
0.051153
0.830598
0.852197
0.858194
0.274495
0.850627
0.851502
0.859775
0.862213
0.860917
0.861575
0.856245
0.85454
0.841243
0.850167
0.854306
0.848011
0.85016
0.847759
0.818902
0.831949
0.848737
0.85426
0.848972
0.83336
0.843673
0.855034
0.8436
0.851113
0.853437
0.847119
0.838141
0.849752
0.853856
0.855952
0.849664
0.853416
0.856032
0.848605
0.859992
0.860867
0.856467
0.793648
0.852494
0.854743
0.831466
2.14107e-05
0.776739
0.840873
0.841714
0.840404
0.849874
0.854414
0.852161
0.852106
0.808434
0.0404121
2.43935e-05
0.849183
0.853902
0.856638
0.856502
0.852695
0.853258
0.854775
0.845364
0.850368
0.766359
0.843548
0.852909
0.848918
0.84928
0.851185
0.851258
0.848674
0.849413
0.822301
0.85716
0.851517
0.859605
0.857596
0.8458
0.712516
0.83707
0.155523
0.82866
0.853273
0.789083
0.841665
0.843115
0.849883
0.845006
0.841443
0.853667
0.86288
0.000436958
0.0325435
0.855017
0.848393
0.846751
0.860423
0.857237
0.834618
0.8483
0.855028
0.85581
0.832781
0.857228
0.860186
0.858122
0.860408
6.55584e-05
0.846445
0.856263
0.858079
0.698508
0.853191
0.851571
0.848957
0.856207
0.791017
0.853741
0.855361
0.832402
0.842891
0.835371
0.859789
0.842045
0.852789
0.859082
0.844981
0.173395
0.767323
0.116258
0.854181
0.826257
0.849585
0.837192
0.856611
0.849713
0.850595
0.84687
0.856396
0.859928
0.854094
0.850828
0.854678
0.851659
0.860809
0.857462
0.856175
0.754932
0.851638
0.861866
0.862066
0.844993
0.853513
0.858208
0.85368
0.850883
0.859317
0.827143
0.843998
0.861896
0.85341
0.850011
0.825383
0.85069
0.852566
0.830723
0.847473
0.845753
0.852669
0.857184
0.852642
0.853829
0.854128
0.848433
0.85
0.863405
0.857878
0.847221
0.835591
0.195435
0.825401
0.859379
0.852992
0.855265
0.851897
0.849817
0.852182
0.858465
0.830021
0.856632
0.861961
0.859581
0.291939
0.856951
0.860727
0.855407
0.851785
0.855972
0.841829
0.854399
0.791609
0.853499
0.861357
0.856471
0.849696
0.85596
0.860464
0.858936
0.85689
0.857514
0.859232
0.853681
0.833722
0.85488
0.841846
0.854167
0.843329
0.852468
0.848774
0.831411
0.859107
0.857732
0.847656
0.852002
0.851813
0.859534
0.854896
0.851672
0.83144
0.82905
0.834222
0.857834
0.454616
0.855766
0.851181
0.831358
0.849698
0.845206
0.856975
0.84448
0.856922
0.852747
0.860936
0.770054
0.857894
0.855492
0.860842
0.840299
0.858313
0.856587
0.850502
0.85747
0.842536
0.855492
0.851809
0.84504
0.844904
0.858755
0.853035
0.854006
0.858784
0.853147
0.855308
0.841145
0.0112878
0.854878
0.863226
0.849067
0.709699
0.809513
0.853745
0.854606
0.859103
0.855955
0.851034
0.31892
0.240031
0.854906
0.851197
0.819494
0.77101
0.841101
0.760071
0.793208
0.856248
0.848656
0.030346
0.811884
0.85867
0.791867
0.854646
0.846992
0.844981
0.860611
0.842841
0.851726
0.057344
0.842348
0.378921
0.857471
0.850844
0.847186
0.858091
0.854538
0.847992
0.855021
0.851519
0.85753
0.85096
0.838843
0.839199
0.855089
0.859365
0.855717
0.751384
0.858992
0.857851
0.759776
0.853095
0.855223
0.855568
0.81982
0.852733
0.856039
0.852065
0.855764
0.845657
0.776113
0.812027
0.853071
0.856428
0.851648
0.853612
0.704034
0.852339
0.773759
0.846437
0.847748
0.852388
0.836226
0.833041
0.847864
0.858725
0.817174
0.836658
0.854564
0.847069
0.86179
0.858782
0.858632
0.853546
0.701636
0.849591
0.833308
0.862219
0.854551
0.849544
0.846963
0.234096
0.83227
0.861296
0.837482
0.859495
0.315221
0.85185
0.860773
0.855659
0.848064
0.853485
0.859749
0.834331
0.85831
0.852569
0.827795
0.859166
0.853764
0.855647
0.843015
0.859389
0.841638
0.850875
0.859806
0.853392
0.859888
0.850029
0.833861
0.847092
0.852083
0.82023
0.845246
0.858702
0.856569
0.861733
0.862126
0.848163
0.832235
0.778932
0.338837
0.000182764
0.847153
0.846399
0.835934
0.849093
0.659686
0.294317
0.851847
0.853583
0.855757
0.844712
0.832068
0.844223
0.85246
0.849776
0.352541
0.84913
0.000211553
0.845912
0.843934
0.85848
0.804443
0.826803
0.844169
0.861341
0.859477
0.765337
0.858816
0.000341842
0.84903
0.856636
0.856156
0.830444
0.849195
0.839454
0.853521
0.816796
0.857094
0.841181
0.784045
0.858564
0.852671
0.849044
0.858675
0.861774
0.856503
0.79139
0.85613
0.852918
0.854456
0.779829
0.80208
0.854762
0.84802
0.81265
0.846278
0.853016
0.844446
0.860062
0.847256
0.833581
0.857854
0.860062
0.837834
0.628744
0.827203
0.800128
0.861084
0.848978
0.837114
0.843747
0.827793
0.862027
0.857794
0.126072
0.822763
0.853555
0.847126
0.79656
0.328941
0.829187
0.840946
0.851174
0.801146
0.860664
0.844809
0.851615
0.830667
0.832568
0.401671
0.854545
0.855595
0.85194
0.856974
0.849791
0.836373
0.65639
0.858445
0.838093
0.824909
0.84636
0.825275
0.847531
0.849252
0.842919
0.858675
0.856948
0.845749
0.854445
0.8554
0.853547
0.858473
0.856028
0.859496
0.842961
0.861354
0.236088
0.848522
0.853142
0.849184
0.851798
0.861123
0.0100184
0.855953
0.840191
0.826648
0.842302
0.84983
0.856948
0.749681
0.858324
0.836852
0.850571
0.859939
0.843876
0.85001
0.858417
0.8437
0.86109
0.821623
0.860821
0.843371
0.839099
0.832658
0.807313
0.854136
0.860387
0.779823
0.843625
0.851644
0.854198
0.851704
0.852181
0.819021
0.848312
0.856681
0.85741
0.839517
0.853299
0.845418
0.855189
0.857859
0.844206
0.856015
0.857069
0.852012
0.847632
0.841063
0.827554
0.855596
0.851576
0.856882
0.851067
0.860468
0.855699
0.809318
0.858857
0.853575
0.861667
0.856373
0.845012
0.661369
0.000156139
0.0707219
0.860555
0.855571
0.852415
0.849844
0.861877
0.0653029
0.848791
0.85218
0.848733
0.832067
0.85435
0.860401
0.85627
0.85086
0.00883651
0.852842
0.85732
0.855856
0.859351
0.854277
0.846083
0.831898
0.849467
0.788145
0.84729
0.838184
0.827045
0.855519
0.814095
0.861329
0.854669
0.856435
0.859513
0.848476
0.861308
0.856425
0.856437
0.849262
0.122747
0.852199
0.139078
0.849468
0.822723
0.842938
0.838962
0.820786
0.853241
0.841202
0.848932
0.851343
0.816348
0.854137
0.552296
0.0644915
0.860762
0.859867
0.859906
0.833409
0.836227
0.858075
0.840424
0.8564
0.829415
0.846123
0.838373
0.853365
0.855563
0.860058
0.839515
0.859251
0.842767
0.839899
0.841892
0.854633
0.842919
0.815058
0.821051
0.848514
0.576438
0.857457
0.846425
0.849535
0.858058
0.854294
0.827256
0.857784
0.845923
0.841202
0.854547
0.0813072
0.839768
0.85766
0.85466
0.854547
0.689333
0.854639
0.856944
0.855285
0.820178
0.85266
0.842841
0.85826
0.788504
0.857068
0.845926
0.845752
0.857814
0.850378
0.853727
0.857604
0.816798
0.862125
0.859186
0.851918
0.851867
0.846976
0.8614
0.857721
0.853429
0.859421
0.843092
0.857188
0.857468
0.848168
0.147732
0.854804
0.85468
0.852251
0.782735
0.84407
0.852524
0.851581
0.85612
0.85688
0.859241
0.856783
0.853219
0.861404
0.849492
0.845074
0.847988
0.85864
0.788225
0.850814
0.754176
0.856944
0.854794
0.853971
0.852371
0.861021
0.858766
0.840346
0.858872
0.85423
0.849782
0.84951
0.860813
0.838572
0.858475
0.856217
0.856881
0.170697
0.85577
0.852331
0.836416
0.856388
0.851995
0.847831
0.377104
0.857013
0.853369
0.861962
0.851756
0.858056
0.855581
0.861231
0.854144
0.862537
0.860261
0.844467
0.829318
0.859327
0.85219
0.831946
0.854466
0.84655
0.788162
0.854628
0.855481
0.853273
0.80863
9.06397e-05
0.849346
0.836667
0.855973
0.853222
0.850787
0.841182
0.835811
0.800734
0.859048
0.859168
0.815943
0.836281
0.744672
0.858164
0.857859
0.849775
0.8577
0.854945
0.823077
0.842385
0.854096
0.859485
0.849921
0.862211
0.854297
0.859967
0.789869
0.753864
0.83525
0.855248
0.830006
0.0152549
0.861525
0.851579
0.844887
0.855429
0.854469
0.857066
0.850576
0.00945552
0.857946
0.845078
0.853322
0.690078
0.253436
0.842679
0.856493
0.418987
0.839531
0.85678
0.848607
0.8643
0.852162
0.857142
0.841043
0.855454
0.838621
0.852338
0.841484
0.00036317
0.85751
0.831358
0.858385
0.852389
0.859661
0.859167
0.855149
0.857992
0.841936
0.829083
0.0431891
0.853067
0.858044
0.191581
0.854634
0.828067
0.854773
0.849344
0.84513
0.842284
0.853062
0.860561
0.846883
0.857197
0.834808
0.855488
0.841373
0.859687
0.862333
0.844952
0.854912
0.851134
0.82742
0.86049
0.856683
0.781872
0.853966
0.000285798
0.855056
0.852351
0.858816
0.842712
0.859681
0.834771
0.855187
0.847453
0.825073
0.860539
0.854902
0.822818
0.859751
0.856283
0.857778
0.801895
0.361615
0.850543
0.852934
0.852787
0.856147
0.858848
0.81114
0.858694
0.832344
0.858894
0.00223266
0.811839
0.859101
0.817165
0.845933
0.838194
0.833854
0.843217
0.854868
0.853623
0.85475
0.853363
0.842986
0.849028
0.821581
0.853583
0.852789
0.851332
0.816696
0.795298
0.858049
0.854318
0.855878
0.858012
0.854369
0.858238
0.854207
0.858865
0.858319
0.832747
0.859172
0.853523
0.845371
0.856903
0.838522
0.860408
0.819091
0.856006
0.852955
0.852389
0.85279
0.843842
0.861631
0.85616
0.860439
0.861082
0.853753
0.839425
0.843377
0.854187
0.846043
0.853406
0.861942
0.857521
0.853984
0.830092
0.856651
0.839391
0.855774
0.850446
0.831146
0.850268
0.855725
0.770407
0.855707
0.857164
0.858862
0.83854
0.812929
0.856153
0.8409
0.857126
0.839314
0.855247
0.860261
0.854479
0.854511
0.854142
0.851263
0.844768
0.834873
0.820792
0.85948
0.851159
0.862455
0.8584
0.855019
0.853019
0.816925
0.854383
0.822794
0.833186
0.855934
0.854181
0.7058
0.687854
0.854229
0.807778
0.857758
0.84431
0.848891
0.855886
0.85141
0.845582
0.860028
0.836439
0.843578
0.843512
0.500075
0.852267
0.797613
0.853793
0.850824
0.853731
0.855505
0.839849
0.848125
0.858687
0.855609
0.859157
0.821793
0.847918
0.834963
0.8572
0.851723
0.859155
0.855099
0.856505
0.836512
0.767903
0.797695
0.854169
0.818843
0.855781
0.852712
0.330284
0.850781
0.857306
0.733756
0.859645
0.857565
0.85649
0.851777
0.853844
0.851529
0.854714
0.851275
0.852847
0.83998
0.821721
0.803773
0.859962
0.858316
0.852679
0.847695
0.845168
0.853444
0.000264336
0.853385
0.856924
0.860169
0.850722
0.857559
0.843619
0.856304
0.854548
0.857605
0.84723
0.8524
0.846014
0.860197
0.858929
0.860273
0.818419
0.850296
0.858861
0.850332
0.860024
0.857527
0.0114383
0.84803
0.859594
0.371501
0.861359
0.842908
0.85312
0.859554
0.856105
0.850526
0.852243
0.85103
0.855197
0.853398
0.84319
0.856165
0.849346
0.859525
0.854113
0.848048
0.838807
0.854596
0.851892
0.859274
0.851769
0.856338
0.850458
0.85727
0.850316
0.837608
0.846361
0.849426
0.856543
0.832656
0.846589
0.856006
0.855214
0.861262
0.853323
0.854747
0.86005
0.856601
0.855062
0.857763
0.848882
0.775374
0.860249
0.850872
0.846196
0.707233
0.843549
0.82041
0.843674
0.854936
0.854925
0.823093
0.858349
0.858354
0.855665
0.854759
0.847314
0.83404
0.857429
0.837965
0.836414
0.861703
0.0605111
0.00019702
0.853514
0.845898
0.852509
0.856811
0.854239
0.853084
0.851847
0.393356
0.850463
0.839363
0.857292
0.855398
0.851712
0.856337
0.183338
0.844817
0.845729
0.825043
0.86049
0.85698
0.855147
0.85611
0.845584
0.836915
0.855725
0.857911
0.848964
0.855314
0.853987
0.851443
0.848152
0.837145
0.852804
0.799867
0.854065
0.860215
0.857525
0.855145
0.825598
0.853556
0.852623
0.854891
0.856853
0.820586
0.852162
0.850114
0.854286
0.854985
0.857274
0.837576
0.856637
0.850038
0.847487
0.857589
0.0139378
0.850308
0.8611
0.862395
0.857684
0.86119
0.860857
0.82815
0.856189
0.828088
0.848967
0.850605
0.852234
0.859814
0.861534
0.848283
0.859676
0.830417
0.848097
0.856913
0.860385
0.854535
0.855329
0.857846
0.854309
0.573074
0.79988
0.840156
0.855408
0.838218
0.849678
0.827356
0.857857
0.860597
0.855043
0.85957
0.847463
0.850971
0.852495
0.853527
0.845048
0.771154
0.858967
0.856593
0.857667
0.81636
0.783174
0.858228
0.000252121
0.856637
0.833235
0.849242
0.850518
0.838965
0.859914
0.851222
0.853701
0.857471
0.835538
0.85823
0.856798
0.856498
0.855915
0.85463
0.808803
0.857314
0.000207346
0.856461
0.85643
0.84798
0.861167
0.856739
0.834021
0.85616
0.847529
0.857726
0.83363
0.801747
0.856466
0.839796
0.855054
0.857991
0.849255
0.85663
0.853511
0.853578
0.853053
0.859121
0.859391
0.856587
0.854661
0.859562
0.860375
0.811363
0.833057
0.833203
0.854539
0.850405
0.85346
0.851925
0.850115
0.848048
0.851811
0.859137
0.861561
0.85629
0.824807
0.524055
0.86219
0.834031
0.858566
0.854855
0.783935
0.851152
0.843471
0.856152
0.841972
0.82838
0.856614
0.849384
0.853023
0.857092
0.84701
0.751862
0.840865
0.854212
0.851985
0.857792
0.829924
0.85054
0.859104
6.88914e-05
0.84932
0.823642
0.860937
0.856061
0.850435
0.853942
0.849086
0.845432
0.851293
0.860883
0.853903
0.850846
0.853778
0.802815
0.829703
0.859427
0.846671
0.851113
0.847861
0.857791
0.851259
0.835379
0.86283
0.807657
0.837751
0.859139
0.860716
0.471772
0.822491
0.857602
0.85306
0.127345
0.854748
0.839794
0.854875
0.858642
0.853752
0.850769
0.855762
0.857626
0.858678
0.861325
0.861683
0.856766
0.85032
0.848308
0.845586
0.840874
0.829047
0.853252
0.856917
0.852332
0.856228
0.857775
0.745249
0.84514
0.848064
0.0589058
0.857565
0.757277
0.853845
0.853535
0.861723
0.850379
0.789675
0.839668
0.854764
0.861133
0.847231
0.789935
0.700858
0.850842
0.854722
0.858811
0.857295
0.84791
0.852252
0.794296
0.851729
0.859501
0.850762
0.856991
0.845126
0.849813
0.814086
0.854709
0.858537
0.845331
0.854586
0.853068
0.833056
0.841994
0.515014
0.860658
0.829356
0.861605
0.8566
0.854316
0.852537
0.853865
0.858473
0.855681
0.855486
0.849385
0.857182
0.859559
0.84091
0.856318
0.849389
0.787225
0.858745
0.852882
0.848985
0.856815
0.852421
0.857832
0.849135
0.856238
0.853762
0.858197
0.848565
0.85192
0.857324
0.556889
0.839698
0.839718
0.85358
0.857235
0.857901
0.842832
0.854421
0.852426
0.859576
0.851273
0.852525
0.845333
0.859715
0.859263
0.701752
0.855974
0.836469
0.0946329
0.851999
0.850523
0.854425
0.860012
0.190929
0.850188
0.855478
0.845766
0.858537
0.850108
0.84654
0.846929
0.860231
0.851369
0.839601
0.832065
0.848544
0.858765
0.840139
0.8571
0.849431
0.851362
0.854708
0.861344
0.859772
0.854538
0.860574
0.860627
0.847561
0.852068
0.582552
0.818531
0.854554
0.832384
0.859397
0.85998
0.174479
0.84778
0.846482
0.836155
0.856519
0.852189
0.852542
0.852654
0.854655
0.860349
0.854124
0.852057
0.844175
0.726793
0.847856
0.325393
0.708435
0.853694
0.0415648
0.687424
0.852482
0.851139
0.853979
0.861103
0.85677
0.858384
0.859923
0.837426
0.858315
0.854387
0.862831
0.852213
0.850912
0.851912
0.857644
0.859029
0.84989
0.787163
0.858244
0.788984
0.855022
0.857393
0.855827
0.850053
0.860095
0.849184
0.854526
0.844448
0.855446
0.841817
0.853492
0.861605
0.851317
0.853396
0.84159
0.833474
0.179406
0.855677
0.015965
0.827887
0.859282
0.859759
0.713837
0.855816
0.858928
0.855874
0.85978
0.131541
0.840206
0.857961
0.832065
0.851121
0.825663
0.769163
0.853382
0.853783
0.852131
0.858433
0.855307
0.843679
0.852327
0.854664
0.818286
0.851762
0.842417
0.829451
0.841039
0.762875
0.238763
0.846841
0.858603
0.85875
0.856237
0.845066
0.856986
0.836394
0.425557
0.860795
0.854686
0.855804
0.375895
0.858051
0.85047
0.854101
0.836237
0.858362
0.852048
0.858906
0.823966
0.855974
0.840156
0.853873
0.849438
0.858418
0.836107
0.857624
0.834974
0.854826
0.853626
0.848201
0.614595
0.851833
0.842303
0.85266
0.852482
0.853862
0.840028
0.853603
0.852618
0.848317
0.856755
0.0914631
0.852818
0.859854
0.861596
0.850727
0.853744
0.844583
0.85385
0.853908
0.856174
0.834043
0.86032
0.842802
0.850322
0.84815
0.844778
0.851238
0.0832386
0.808154
0.844729
0.389909
0.837135
0.846263
0.830528
0.850217
0.857201
0.860371
0.831822
0.849372
0.858713
0.847597
0.859325
0.859205
0.855795
0.85515
0.844288
0.858056
0.854633
0.852889
0.83712
0.0974226
0.859109
0.847742
0.110493
0.844841
0.85876
0.842681
0.854109
0.856087
0.847179
0.844162
0.834657
0.860613
0.851845
0.84714
0.852379
0.850437
0.854586
0.851916
0.84809
0.856275
0.860038
0.855581
0.824493
0.854927
0.158724
0.852776
0.848309
0.852089
0.151024
0.84492
0.411423
0.794383
0.851814
0.835246
0.841198
0.82057
0.843316
0.851333
0.850366
0.853059
0.853055
0.845512
0.85133
0.844685
0.819641
0.856072
0.861211
0.855803
0.81374
0.861054
0.857538
0.852834
0.856137
0.847743
0.856857
0.862028
0.860218
0.857558
0.859286
0.856354
0.847474
0.856743
0.849519
0.854373
0.855756
0.857846
0.850726
0.855224
0.851253
0.857336
0.841999
0.494837
0.797628
0.845953
0.847067
0.854398
0.812757
0.853854
0.856828
0.849102
0.858947
0.851093
0.854716
0.0330466
0.857405
0.856956
0.854903
0.844504
0.849107
0.732562
0.859187
0.859336
0.381341
0.849921
0.818096
0.841414
0.856928
0.851947
0.837281
0.851697
0.852698
0.849312
0.855016
0.822548
0.855202
0.821996
0.855795
0.853661
0.861764
0.853724
0.857778
0.85674
0.848965
0.125218
0.855141
0.848484
0.846198
0.834145
0.860117
0.858888
0.852138
0.857118
0.858659
0.847051
0.669365
0.857487
0.763445
0.854517
0.811108
0.857533
0.8571
0.855434
0.859303
0.853557
0.850869
0.839656
0.841909
0.858292
0.850342
0.644719
0.853798
0.85562
0.85328
0.770508
0.859983
0.849209
0.724731
0.856946
0.854775
0.849423
0.849011
0.85801
0.847961
0.848705
0.849723
0.854493
0.843994
0.843125
0.856539
0.811557
0.851594
0.840671
0.856194
0.843924
0.855801
0.845713
0.852452
0.836404
0.852005
0.853525
0.858647
0.862346
0.860955
0.841615
0.855886
0.831332
0.161484
0.842599
0.855179
0.85196
0.780975
0.85653
0.806935
0.851931
0.851717
0.836751
0.862819
0.829752
0.856835
0.846897
0.854499
0.838894
0.859748
0.852723
0.3518
0.85346
0.854025
0.856173
0.768187
0.852834
0.857504
0.855645
0.857778
0.85783
0.836864
0.857065
0.856448
0.850802
0.84603
0.836815
0.856176
0.843124
0.84871
0.834809
0.784215
0.846045
0.810851
0.850513
0.828923
0.845638
0.843544
0.839542
0.856567
0.84848
0.85272
0.850047
0.851022
0.858826
0.856153
0.85036
0.840922
0.851182
0.858364
0.853915
0.853917
0.64557
0.152529
0.794198
0.847607
0.85813
0.839204
0.854835
0.857947
0.853111
0.861614
0.834316
0.852304
0.594777
0.853828
0.840104
0.844281
0.841577
0.852332
0.859425
0.857427
0.855111
0.207335
0.854411
0.848004
0.82674
0.856162
0.850742
0.797939
0.850862
0.0527665
0.850076
0.854613
0.847166
0.861946
0.857348
0.85095
0.832928
0.804652
0.347762
0.853053
6.73118e-05
0.818528
0.838935
0.855639
0.85696
0.84668
0.858595
0.853102
0.856486
0.222932
0.823315
0.825322
0.848759
0.848086
0.856661
0.86232
0.857657
0.859359
0.830439
0.852466
0.853971
0.852897
0.862741
0.0594754
0.836016
0.830114
0.816884
0.8312
0.854898
0.812706
0.85728
0.784985
0.853817
0.762811
0.687772
0.85822
0.854048
0.831871
0.853019
0.824307
0.851248
0.833049
0.85714
0.852935
0.860362
0.817067
0.804288
0.195005
0.855205
0.855429
0.854158
0.839338
0.861403
0.853796
0.854942
0.856364
0.824154
0.29932
0.856461
0.834932
0.846774
0.857696
0.857537
0.845029
0.857465
0.861075
0.843197
0.85597
0.858665
0.852501
0.852081
0.861591
0.816486
0.857005
0.840026
0.817513
0.855338
0.857134
0.852731
0.855271
0.848262
0.84521
0.852663
0.854756
0.855472
0.859482
0.859671
0.860679
0.846972
0.858103
0.858146
0.287116
0.856385
0.858072
0.852737
0.855054
0.854418
0.852825
0.856325
0.852947
0.8584
0.846354
0.856195
0.299055
0.855426
0.834987
0.856552
0.853359
0.856271
0.855787
0.854119
0.85766
0.35525
0.832148
0.841676
0.843425
0.846263
0.84997
0.848442
0.854196
0.851537
0.850565
0.802949
0.820962
0.84706
0.851975
0.854952
0.856254
0.852728
0.862424
0.854329
0.859092
0.855555
0.835022
0.861241
0.855953
0.848267
0.765091
0.856083
0.859458
0.861032
0.857669
0.830267
0.846413
0.856144
0.859897
0.826545
0.849798
0.855314
0.854301
0.850017
0.860415
0.854831
0.857824
0.858199
0.855496
0.856589
0.852242
0.852221
0.815892
0.820795
0.860451
0.855851
0.84786
0.813791
0.718812
0.853218
0.832921
0.849049
0.770482
0.848198
0.403747
0.853989
0.854712
0.231516
0.850006
0.850621
0.847838
0.847904
0.849158
0.829459
0.857171
0.856183
0.855698
0.859879
0.859393
0.845396
0.0759913
0.847757
0.851711
0.210262
0.853985
0.850721
0.857425
0.844738
0.847451
0.859019
0.857275
0.727035
0.829445
0.852791
0.852711
0.846226
0.846327
0.851788
0.841713
0.858028
0.857792
0.849437
0.824683
0.847225
0.826677
0.856883
0.857878
0.7989
0.857319
0.857839
0.830301
0.862281
0.837317
0.840224
0.854425
0.854948
0.852911
0.829267
0.85923
0.859361
0.817969
0.852042
0.85316
0.839298
0.855783
0.860507
0.836831
0.833103
0.849356
0.839346
0.84907
0.85391
0.775595
0.858156
0.848815
0.845278
0.859596
0.855295
0.859476
0.856707
0.853923
0.857203
0.845587
0.857205
0.847971
0.854422
0.824498
0.835722
0.85873
0.853728
0.851354
0.847391
0.858891
0.855575
0.853407
0.835608
0.000553457
0.852583
0.825341
0.805829
0.838685
0.813299
0.860882
0.801768
0.648879
0.481575
0.844057
0.852775
0.856466
0.000116856
0.845701
0.827683
0.856764
0.848548
0.858289
0.858227
0.855846
0.837071
0.853733
0.854419
0.849349
0.855215
0.814434
0.860325
0.838068
0.857056
0.861395
0.839059
0.828004
0.847807
0.852286
0.854561
0.862184
0.858119
0.853993
0.105417
0.853449
0.859316
0.853128
0.0517177
0.843165
0.851659
0.819415
0.85654
0.860925
0.852712
0.857615
0.854413
0.849208
0.845866
0.849214
0.853586
0.856629
0.852783
0.780816
0.854822
0.850652
0.842769
0.132808
0.854937
0.850605
0.856011
0.849886
0.859289
0.856194
0.85545
0.843084
0.825049
0.847461
0.857909
0.846072
0.851016
0.843428
0.858864
0.85684
0.845766
0.841136
0.856079
0.856924
0.755518
0.852441
0.837399
0.852666
0.839265
0.852607
0.849175
0.843783
0.83126
0.852284
0.840885
0.858501
0.777206
0.856517
0.856741
0.850957
0.857652
0.857638
0.859442
0.860571
0.853631
0.836409
0.85886
0.859502
0.85149
0.854592
0.815629
0.860358
0.858426
0.854565
0.855193
0.858004
0.859423
0.850867
0.853345
0.851279
0.816215
0.857288
0.854941
0.859656
0.295585
0.83759
0.851519
0.862019
0.821985
0.845013
0.607445
0.847564
0.853161
0.847451
0.859408
0.855992
0.816579
0.83982
0.848457
0.85274
0.857927
0.858062
0.85325
0.795412
0.851854
0.846319
0.854707
0.855259
0.854851
0.853744
0.853116
0.852141
0.834898
0.847514
0.849789
0.860798
0.823727
0.855805
0.858949
0.850464
0.855767
0.850623
0.857926
0.857158
0.837156
0.854625
0.8498
0.856251
0.831943
0.852726
0.847783
0.852954
0.846452
0.848069
0.8606
0.848379
0.827146
0.860094
0.845438
0.758963
0.855385
0.832572
0.854081
0.857637
0.859744
0.850088
0.855405
0.856517
0.85173
0.860816
0.796767
0.856521
0.242542
0.443351
0.856414
0.837641
0.854393
0.85615
0.855235
0.856216
0.857531
0.807047
0.859399
0.8602
0.84927
0.85933
0.850158
0.841907
0.859946
0.845976
0.84945
0.850075
0.861197
0.849005
0.855458
0.85858
0.850269
0.860055
0.837747
0.848415
0.844727
0.791818
0.844749
0.853735
0.856612
0.853385
0.853621
0.860023
0.839952
0.85109
0.853968
0.858368
0.854825
0.852203
0.789655
0.855062
0.855326
0.84454
0.854545
0.86302
0.838143
0.859066
0.844631
0.847803
0.851664
0.859875
0.757034
0.851016
0.81634
0.849797
0.859648
0.849635
0.838105
0.861756
0.858161
0.854697
0.8501
0.855721
0.848479
0.825886
0.854071
0.709792
0.809859
0.732157
0.853976
0.848415
0.834255
0.843803
0.859023
0.852033
0.862462
0.855169
0.831758
0.858475
0.857771
0.85966
0.854524
0.851787
0.851407
0.850665
0.845856
0.797257
0.856301
0.85547
0.566704
0.837865
0.852729
0.854715
0.839988
0.846084
0.844087
0.0938849
0.845556
0.833706
0.853811
0.85505
0.847901
0.839568
0.853316
0.851879
0.856116
0.839799
0.849815
0.853485
0.850353
0.842318
0.861874
0.85376
0.852398
0.857129
0.810228
0.854013
0.849819
0.848417
0.864345
0.854653
0.000167491
0.859976
0.849431
0.856528
0.858337
0.832187
0.852302
0.859059
0.858604
0.85453
0.852361
0.845463
0.776829
0.854187
0.857462
0.853499
0.856854
0.811718
0.844752
0.854582
0.850038
0.826997
0.857105
0.860007
0.846996
0.862414
0.832783
0.851969
0.853532
0.828892
0.848086
0.842815
0.3385
0.860333
0.789871
0.859644
0.862159
0.822614
0.840101
0.845131
0.854688
0.848822
0.787224
0.822214
0.848021
0.852055
0.750306
0.857489
0.856204
0.371063
0.848358
0.858507
0.849729
0.857598
0.860968
0.856511
0.855321
0.838046
0.850072
0.850702
0.855234
0.847694
0.85412
0.853451
0.860619
0.492598
0.85798
0.85457
0.846241
0.856326
0.851224
0.844835
0.803875
0.790677
0.85933
0.859507
0.11714
0.848782
0.846947
0.856098
0.857161
0.858935
0.846935
0.849156
0.855903
0.859896
0.850976
0.848199
0.28278
0.86259
0.812792
0.856755
0.854832
0.851469
0.820125
0.842897
0.854198
0.845346
0.856666
0.83522
0.0521085
0.854562
0.783048
0.848644
0.857474
0.837234
0.854401
0.854882
0.858568
0.858845
0.835361
0.815082
0.850172
0.849175
0.848368
0.859565
0.853973
0.841554
0.860136
0.85163
0.843952
0.776772
0.85759
0.854021
0.827787
0.858523
0.86018
0.854003
0.850464
0.84802
0.859195
0.858218
0.856443
0.858925
0.851237
0.850464
0.863573
0.858327
0.857738
0.854295
0.857845
0.850243
0.152358
0.860785
0.841993
0.358894
0.850966
0.852214
0.850716
0.857056
0.856155
0.802957
0.566581
0.842633
0.839435
0.6917
0.834532
0.835632
0.852769
0.855986
0.346864
0.853437
0.843883
0.850566
0.849937
0.855003
0.845175
0.84992
0.852969
0.808475
0.80132
0.837498
0.840261
0.85586
0.00589997
0.851955
0.85789
0.855019
0.858207
0.810538
0.836817
0.845557
0.857367
0.812771
0.84396
0.857948
0.851651
0.861076
0.755179
0.830353
0.815806
0.861191
0.830886
0.856213
0.850986
0.845395
0.844
0.856024
0.836782
0.85903
0.809568
0.856092
0.860067
0.000199351
0.85209
0.85827
0.855786
0.859391
0.853082
0.491179
0.852087
0.854457
0.834055
0.85317
0.856234
0.850877
0.856197
0.856004
0.854805
0.831226
0.857947
0.856928
0.851833
0.851578
0.84166
0.854847
0.842728
0.851846
0.856966
0.858418
0.850456
0.856502
0.80035
0.840357
0.860103
0.854802
0.839217
0.850483
0.831559
0.856135
0.851896
0.751538
0.388707
0.860751
0.795234
0.830818
0.855837
0.824936
0.855086
0.301456
0.8576
0.813933
0.861966
0.848809
0.852393
0.852512
0.856436
0.861697
0.861476
0.155925
0.827249
0.850074
0.856893
0.811467
0.852699
0.849153
0.855078
0.764436
0.834889
0.786367
0.861872
0.856132
0.834673
0.856525
0.84702
0.855336
0.851679
0.852297
0.855524
0.86048
0.853078
0.857086
0.852994
0.643256
0.862015
0.857096
0.858851
0.797378
0.494479
0.841121
0.850858
0.856122
0.0168873
0.721388
0.849794
0.850675
0.852859
0.844587
0.836916
0.828538
0.805608
0.848022
0.846062
0.849037
0.845016
0.830766
0.859741
0.196188
0.83546
0.862057
0.858358
0.844219
0.860483
0.851987
0.1647
0.851262
0.823453
0.846519
0.858811
0.852754
0.851461
0.856537
0.857946
0.844356
0.858495
0.833652
0.856474
0.854522
0.856958
0.855232
0.846347
0.854051
0.856779
0.850997
0.837575
0.858043
0.848653
0.85856
0.798043
0.857262
0.851736
0.8358
0.856288
0.85416
0.821645
0.85213
0.719456
0.850384
0.862552
0.859108
0.850171
0.849476
7.3903e-05
0.860094
0.843113
0.836657
0.853003
0.857152
0.862745
0.852643
0.849521
0.8504
0.858445
0.847348
0.855024
0.855186
0.858213
0.849034
0.823051
0.85602
0.840154
0.848655
0.852966
0.834636
0.846604
0.845315
0.847758
0.858528
0.850032
0.860606
0.861651
0.853491
0.860092
0.851423
0.837448
1.26323e-05
0.855768
0.860283
0.855574
0.853406
0.850325
0.862243
0.857158
0.859841
0.855323
0.855351
0.852445
0.849835
0.831697
0.854398
0.851887
0.855098
0.73136
0.85537
0.817659
0.853064
0.854755
0.854991
0.849852
0.5526
0.852397
0.837069
0.833602
0.836613
0.847171
0.853835
0.843766
0.861837
0.859094
0.858712
0.827421
0.0462662
0.842369
0.850128
0.843913
0.856315
0.845396
0.846962
0.852706
0.815716
0.849086
0.853737
0.797756
0.857075
0.859949
0.854549
0.85748
0.850209
0.862561
0.848911
0.854865
0.807387
0.696533
0.863102
0.845618
0.847152
0.852308
0.849252
0.85253
0.855161
0.857722
0.856417
0.859883
0.850511
0.50661
0.851452
0.85701
0.860111
0.761186
0.856058
0.860882
0.854331
0.846055
0.857927
0.85699
0.853452
0.843957
0.852202
0.856883
0.857899
0.853968
0.860563
0.860854
0.848127
0.742035
0.81922
0.807475
0.842367
0.853535
0.853863
0.854825
0.862381
0.858438
0.858581
0.818324
0.858909
0.86074
0.851217
0.853355
0.848699
0.846736
0.857503
0.000141992
0.58255
0.840956
0.859423
0.862688
0.860029
0.856634
0.856677
0.857989
0.855358
0.836424
0.853155
0.857914
0.854894
0.817074
0.855233
0.847397
0.83515
0.859812
0.856425
0.845496
0.858105
0.0122291
0.856545
0.85316
0.852669
0.849095
0.859882
0.823001
0.702028
0.851727
0.859334
0.859855
0.855056
0.859777
0.852657
0.683597
0.858699
0.854294
0.862002
0.840085
0.854164
0.857603
0.848253
0.827929
0.835486
0.793431
0.85433
0.851527
0.860194
0.850438
0.844584
0.851965
0.845616
0.849752
0.843496
0.836688
0.860148
0.111857
0.793442
0.855958
0.849323
0.847011
0.847736
0.8586
0.133367
0.848028
0.858795
0.852868
0.847741
0.126736
0.85214
0.850238
0.853854
0.82636
0.858355
0.853376
0.85558
0.837767
0.833302
0.837762
0.856583
0.855763
0.850956
0.82045
0.856541
0.662387
0.859702
0.8566
0.852955
0.703666
0.849495
0.857094
0.860286
0.840039
0.854781
0.852985
0.848821
0.809022
0.854231
0.853417
0.84637
0.845908
0.851353
0.85285
0.860083
0.845134
0.850327
0.855353
0.856581
0.860572
0.856385
0.824041
0.830018
0.85481
0.855384
0.856631
0.845015
0.857495
0.844594
0.837245
0.852341
0.852224
0.858702
0.856619
0.854605
0.855214
0.845929
0.859262
0.859359
0.853036
0.859669
0.842875
0.839993
0.747445
0.855529
0.859655
0.855851
0.849159
0.843727
0.852562
0.81928
0.860878
0.854791
0.847168
0.859902
0.856172
0.0142085
0.841863
0.852942
0.860183
0.856708
0.849178
0.855788
0.856148
0.0776523
0.857415
0.856
0.857472
0.856303
0.796967
0.854167
0.854451
0.856746
0.846142
0.835281
0.858491
0.861241
0.818211
0.855284
0.842921
0.853252
0.803926
0.858885
0.860278
0.86174
0.849822
0.00200951
0.841135
0.854614
0.852909
0.481682
0.860732
0.853283
0.847996
0.859053
0.861347
0.831682
0.0829054
0.853524
0.85495
0.855861
0.85544
0.853238
0.856569
0.854706
0.849409
0.853821
0.807475
0.847585
0.833284
0.840556
0.851923
0.853573
0.846292
0.858421
0.785491
0.853284
0.834542
0.839825
0.845629
0.844222
0.853627
0.863981
0.854663
0.018428
0.851884
0.860571
0.800759
0.855842
0.850519
0.332255
0.859792
0.853945
0.860031
0.848232
0.849539
0.853733
0.84398
0.85767
0.857807
0.862317
0.860869
0.831988
0.833433
0.844221
0.859703
0.841107
0.843061
0.819762
0.846699
0.859026
0.85587
0.856432
0.861595
0.83586
0.856124
0.0484614
0.859669
0.856135
0.85874
0.861778
0.857377
0.849524
0.842526
0.851075
0.852704
0.535378
0.849493
0.853158
0.826008
0.861086
0.857811
0.853185
0.863409
0.855509
0.858947
0.789834
0.829307
0.852433
0.854269
0.245424
0.853548
0.84128
0.849008
0.853001
0.858301
0.843639
0.856914
0.852816
0.8558
0.854958
0.859814
0.489995
0.847877
0.856438
0.855646
0.8576
0.860115
0.854355
0.85414
0.860326
0.854637
0.856041
0.485522
0.849206
0.846091
0.859292
0.85276
0.856382
0.856396
0.850799
0.85043
0.779987
0.83842
0.857769
0.858728
0.851315
0.851248
0.855905
0.861365
0.86136
0.851693
0.849344
0.854721
0.848717
0.845536
0.854582
0.856577
0.847712
0.857976
0.844225
0.816679
0.850269
0.835719
0.775676
0.856164
0.852957
0.839565
0.857337
0.796739
0.853276
0.85621
0.822291
0.848929
0.845474
0.844346
0.849179
0.846968
0.614775
0.0943197
0.847346
0.840814
0.798946
0.857752
0.823752
0.855332
0.648377
0.847453
0.834254
0.858345
0.851931
0.855121
0.85683
0.836427
0.856974
0.861714
0.83291
0.853647
0.854956
0.85545
0.857817
0.855676
0.847482
0.858888
0.818437
0.848717
0.849279
0.845449
0.848421
0.851875
0.858277
0.847872
0.855724
0.8541
0.856176
0.857429
0.838311
0.853179
0.834205
0.852094
0.808351
0.856587
0.854516
0.852093
0.85381
0.857124
0.855167
0.846049
0.837768
0.860123
0.855441
0.86192
0.854324
0.852001
0.832874
0.845859
0.855944
0.772062
0.831544
0.857651
0.816823
0.849723
0.84448
0.859489
0.858311
0.852852
0.848467
0.845225
0.802311
0.852447
0.840668
0.858075
0.851421
0.850561
0.852221
0.843339
0.857288
0.856283
0.857513
0.834325
0.861079
0.859785
0.821444
0.85254
0.837907
0.102363
0.851617
0.858125
0.5072
0.854497
0.857966
0.858335
0.856424
0.848643
0.857705
0.858388
0.853741
0.857502
0.845928
0.800077
0.850463
0.854025
0.846856
0.852668
0.84581
0.860881
0.850076
0.850451
0.844931
0.852988
0.851381
0.856298
0.857161
0.854283
0.849754
0.702879
0.858649
0.837829
0.839352
0.853996
0.83465
0.85281
0.855549
0.857726
0.835423
0.858524
0.853565
0.855711
0.857185
0.850956
0.859643
0.834577
0.849542
0.855679
0.856386
0.847655
0.854081
0.856807
0.839919
0.852112
0.860142
0.861505
0.844595
0.848063
0.844448
0.86071
0.859755
0.847292
0.849949
0.713094
0.849884
0.835303
0.85691
0.844272
0.852369
0.853309
0.857551
0.860268
0.84647
5.84151e-05
0.839342
0.857471
0.863579
0.854013
0.860237
0.0338674
0.82411
0.835985
0.857544
0.850814
0.84682
0.850283
0.848287
0.85814
0.854589
0.86077
0.846174
0.848206
0.834362
0.8523
0.850261
0.808208
0.846185
0.852756
0.845591
0.847402
0.856832
0.854257
0.854378
0.854708
0.852747
0.846561
0.857785
0.85286
0.717563
0.854019
0.856425
0.83532
0.859007
0.854699
0.848722
0.823858
0.861271
0.854601
0.858065
0.849045
0.854406
0.853465
0.774855
0.848826
0.831998
0.849758
0.852522
0.852916
0.855536
0.854969
0.856863
0.528494
0.845219
0.857878
0.852337
0.853882
0.854357
0.839428
0.859276
0.856231
0.855425
0.859783
0.854404
0.597593
0.857526
0.852554
0.194534
0.855739
0.847856
0.83892
0.855297
0.84744
0.859864
0.831831
0.856997
0.849771
0.859839
0.843914
0.85925
0.84124
0.856091
0.684271
0.861046
0.847202
0.846149
0.856415
0.816917
0.0680414
0.817089
0.858763
0.860482
0.851232
0.833937
0.857124
0.835936
0.850515
0.855138
0.852885
0.858331
0.862477
0.844684
0.851796
0.852653
0.851269
0.859878
0.858063
0.855954
0.852544
0.851338
0.856873
0.833809
0.858977
0.855367
0.826784
0.852188
0.774638
0.854335
0.853756
0.860567
0.8576
0.8473
0.849941
0.842667
0.850374
0.848106
0.849113
0.858847
0.857495
0.833495
0.858264
0.853446
0.837748
0.847564
0.839686
0.861468
0.84234
0.855106
0.853018
0.851491
0.856577
0.857727
0.860672
0.854648
0.847348
0.854408
0.854072
0.847755
0.780804
0.860496
0.858943
0.841022
0.849517
0.861106
0.857572
0.857639
0.860157
0.860948
0.853353
0.811751
0.848119
0.855983
0.861281
0.808655
0.842791
0.707538
0.859372
0.853346
0.858997
0.858056
0.846674
0.822212
0.823267
0.837965
0.840695
0.855987
0.862966
0.858023
0.84992
0.850259
0.849188
0.844575
0.128798
0.701598
0.838816
0.847356
0.859097
0.859806
0.855638
0.852674
0.854309
0.851814
0.856627
0.859168
0.861896
0.859076
0.854715
0.850362
0.734265
0.817983
0.861836
0.856596
0.843713
0.812298
0.860191
0.840379
0.858466
0.816513
0.842111
0.847689
0.466042
0.781808
0.861386
0.846643
0.854323
0.858075
0.859625
0.85319
0.830705
0.852311
0.854651
0.826106
0.851485
0.850667
0.860777
0.852044
0.854382
0.838297
0.855628
0.169285
0.855715
0.854469
0.833401
0.849122
0.848303
0.851911
0.861216
0.855646
0.851948
0.725902
0.843052
0.844997
0.861717
0.853055
0.835689
0.857151
0.851527
0.849336
0.829148
0.859339
0.855908
0.798574
0.839254
0.83898
0.856778
0.847805
0.847789
0.85264
0.858044
0.854174
0.860703
0.85816
0.857382
0.843385
0.85711
0.850524
0.85921
0.845968
0.853503
0.855217
0.849759
0.852415
0.858459
0.858918
0.848633
0.843219
0.851043
0.843704
0.819036
0.857652
0.852716
0.293965
0.771928
0.857363
0.825627
0.860487
0.858769
0.858072
0.860213
0.859162
0.852841
0.859866
0.847373
0.856838
0.854155
0.854627
0.847978
0.853322
0.825415
0.831428
0.857855
0.367058
0.81067
0.857837
6.52037e-05
0.854116
0.848081
0.859295
0.856275
0.860012
0.85817
0.851338
0.852286
0.840897
0.793336
0.832663
0.57762
0.854508
0.793261
0.843324
0.833395
0.860463
0.85874
0.859294
0.839912
0.852242
0.859025
0.851774
0.844811
0.856546
0.803666
0.85744
0.82348
0.846822
0.808922
0.857134
0.846051
0.0474644
0.854862
0.851483
0.844277
0.166175
0.818236
0.856536
0.854863
0.854733
0.860042
0.797712
0.840667
0.848708
0.000483562
0.855502
0.842464
0.835797
0.859534
0.854194
0.842409
0.846611
0.858388
0.859608
0.85253
0.856639
0.86014
0.85167
0.859205
0.855255
0.853439
0.846084
0.85571
0.852694
0.852927
0.858512
0.861779
0.862113
0.853433
0.858627
0.855636
0.850618
0.850432
0.858155
0.860034
0.850303
0.819524
0.849281
0.854606
0.755796
0.83057
0.85853
0.846716
0.850927
0.848299
0.861309
0.860328
0.85369
0.849929
0.852698
0.857526
0.854339
0.857111
0.856907
0.852182
0.831405
0.853034
0.814709
0.856261
0.85664
0.849801
0.85435
0.840032
0.861342
0.856116
0.853744
0.803828
0.840762
0.850266
0.157279
0.831767
0.860501
0.853901
0.855942
0.849289
0.823901
0.84762
0.860043
0.844705
0.848398
0.848636
0.850902
0.857456
0.834128
0.853246
0.85674
0.854318
0.845218
0.859556
0.844612
0.549803
0.855289
0.841158
0.682459
0.820116
0.818562
0.696566
0.840045
0.838774
0.0705581
0.78433
0.852475
0.859673
0.0745241
0.84849
0.849316
0.841161
0.788275
0.731484
0.852987
0.859055
0.107306
0.856427
0.853184
0.856366
0.857673
0.856577
0.854422
0.859966
0.857529
0.860014
0.856464
0.0587608
0.854753
0.860897
0.853638
0.85606
0.851455
0.851517
0.857369
0.841556
0.38689
0.840016
0.827512
0.849931
0.858852
0.822584
0.856369
0.844967
0.850764
0.853602
0.0112771
0.857505
0.856352
0.859389
0.829813
0.856915
0.846599
0.85587
0.859093
0.862234
0.195851
0.789001
0.853724
0.849107
0.852457
0.846355
0.837118
0.857426
0.852801
0.85124
0.856707
0.847254
0.855125
0.858483
0.861412
0.852631
0.820619
0.863426
0.860856
0.84946
0.770469
0.838696
0.853262
0.855668
0.85789
0.849945
0.849212
0.859624
0.800842
0.852413
0.838721
0.856372
0.852005
0.856226
0.857357
0.854922
0.855947
0.85412
0.850502
0.853422
0.855372
0.852511
0.860504
0.854153
0.854189
0.860809
0.852925
0.819715
0.857036
0.805935
0.837162
0.813073
0.480031
0.853122
0.856439
0.836068
0.85676
0.85901
0.200511
0.841636
0.854097
0.848775
0.848947
0.854755
0.858336
0.8238
0.479282
0.84824
0.860342
0.8621
0.853107
0.847572
0.849828
0.843557
0.859831
0.845277
0.858355
0.860573
0.15525
0.722363
0.85903
0.850411
0.859089
0.284626
0.862041
0.751923
0.844427
0.844028
0.837838
0.85664
0.84273
0.858987
0.849964
0.857341
0.860624
0.859185
0.827393
0.855192
0.85313
0.852818
0.833508
0.844025
0.841487
0.85474
0.851079
0.855901
0.859213
0.861509
0.854408
0.859254
0.853225
0.86159
0.860675
0.855385
0.85683
0.850605
0.857634
0.858025
0.852452
0.855472
0.854649
0.857876
0.86
0.81658
0.86035
0.854132
0.849785
0.849932
0.830469
0.848076
0.716934
0.835658
0.777924
0.854133
0.854811
0.841205
0.84753
0.799869
0.832672
0.85814
0.858033
0.762976
0.848966
0.851423
0.856811
0.861138
0.858233
0.578621
0.857393
0.857767
0.847505
0.857658
0.856
0.858598
0.856432
0.858343
0.858913
0.803282
0.858092
0.852118
0.843662
0.861121
0.850921
0.845604
0.860521
0.859212
0.836199
0.000148308
0.852829
0.841525
0.133162
0.859739
0.825225
0.851324
0.855343
0.853766
0.840148
0.861327
0.855927
0.852736
0.848264
0.856714
0.856984
0.854467
0.854303
0.852827
0.842402
0.853379
0.847152
0.848818
0.853484
0.85836
0.778482
0.855951
0.851361
0.851747
0.858216
0.860745
0.853116
0.859771
0.854048
0.853671
0.797931
0.245048
2.57571e-05
0.832715
0.858693
0.796499
0.856252
0.847555
0.850771
0.839904
0.847299
0.842796
0.845674
0.846921
0.857831
0.854879
0.000128099
0.851066
0.858907
0.856722
0.831329
0.851627
0.859105
0.85034
0.846054
0.860179
0.853875
0.856622
0.858912
0.794144
0.8354
0.851693
0.00766948
0.859913
0.856785
0.846951
0.862001
0.860249
0.858095
0.856955
0.853156
0.851473
0.854031
0.857118
0.271172
0.854578
0.274768
0.828958
0.85692
0.802981
0.856387
0.851005
0.805989
0.850898
0.85325
0.849656
0.853559
0.849143
0.856616
0.856826
0.849834
0.851665
0.856919
0.856204
0.854698
0.116932
0.857866
0.837763
0.844795
0.855323
0.694389
0.842662
0.7481
0.858839
0.854404
0.855728
0.844202
0.858125
0.849267
0.856823
0.848983
0.814531
0.00830313
0.854046
0.853467
0.856739
0.845673
0.857465
0.83716
0.858079
0.844501
0.858394
0.860783
0.843217
0.848114
0.862185
0.787889
0.845216
0.853688
0.850475
0.856881
0.752616
0.849458
0.806118
0.852323
0.858412
0.85341
0.844565
0.83081
0.857491
0.857268
0.85822
0.848745
0.844862
0.848825
0.852157
0.856726
0.853622
0.855679
0.86019
0.841814
0.857898
0.856925
0.860589
0.842385
0.851839
0.838093
0.830249
0.860037
0.850226
0.298464
0.854725
0.805323
0.848332
0.812314
0.842664
0.7994
0.000954878
0.854819
0.855177
0.850566
0.814304
0.861954
0.8516
0.844286
0.855967
0.855321
0.00433096
0.829543
0.854533
0.850597
0.857485
0.856528
0.856182
0.84188
0.84506
0.842098
0.858686
0.859886
0.851441
0.836413
0.861909
0.833645
0.858548
0.851178
0.852942
0.861624
0.835755
0.855722
0.847993
0.839296
0.790391
0.809844
0.857927
0.847274
0.859074
0.821049
0.858956
0.772283
0.808784
0.830831
0.372296
0.855785
0.853863
0.854931
0.633009
0.856291
0.860008
0.835848
0.854774
0.857742
0.807361
0.854162
0.846485
0.856131
0.847721
0.721488
0.843126
0.859578
0.85676
0.835665
0.8571
0.000134164
0.857045
0.849092
0.862437
0.84
0.850616
0.851267
0.848618
0.778351
0.813068
0.857295
0.168257
0.722286
0.855428
0.840015
0.702727
0.849426
0.834808
0.858002
0.859517
0.843315
0.825915
0.854468
0.852696
0.842162
0.850151
0.862587
0.854315
0.860074
0.858447
0.856529
0.388223
0.856705
0.856961
0.854524
0.76798
0.854206
0.832756
0.859081
0.825195
0.858227
0.848395
0.857292
0.860791
0.847
0.860765
0.846072
0.859733
0.828362
0.856684
0.276746
0.486548
0.851493
0.846711
0.852786
0.749191
0.660438
0.855583
0.859967
0.855593
0.716015
0.85421
0.831982
0.829466
0.846305
0.794421
0.859659
0.826066
0.8548
0.856505
0.857588
0.8456
0.795354
0.852781
0.855328
0.850194
0.0404996
0.853741
0.851917
0.856804
0.799516
0.838188
0.844415
0.841149
0.851624
0.861216
0.843862
0.847258
0.858122
0.850384
0.854455
0.156323
0.849918
0.805183
0.858059
0.759194
0.853311
0.857238
0.807948
0.857226
0.858221
0.859385
0.855889
0.847511
0.854563
0.844482
0.846114
0.855058
0.832768
0.856753
0.850021
0.85098
0.852059
0.852041
0.850037
0.845108
0.851552
0.107777
0.841677
0.75104
0.855129
0.856734
0.852258
0.85551
0.858912
0.852325
0.858218
0.78459
0.861838
0.848539
0.846541
0.854051
0.838604
0.857459
0.841994
0.858527
0.84631
0.856553
0.862941
0.85824
0.823422
0.85731
0.839311
0.854408
0.396237
0.0585603
0.859536
0.853848
0.850014
0.853544
0.851315
0.845545
0.847757
0.851969
0.857632
0.850909
0.854825
0.855363
0.862649
0.852779
0.857365
0.838736
0.858121
0.838958
0.842348
0.792834
0.820284
0.852633
0.822034
0.85425
0.843869
0.859631
0.851895
0.856958
0.855937
0.856629
0.854488
0.851923
0.157551
0.851974
0.714526
0.856808
0.856482
0.854917
0.854638
0.852529
0.417641
0.773231
0.854186
0.859527
0.845831
0.826517
0.853817
0.852495
0.85114
0.849948
0.857933
0.630527
0.846199
0.853164
0.098562
0.856643
0.831445
0.858407
0.857535
0.683559
0.829953
0.175346
0.834531
0.829665
0.849532
0.834519
0.855475
0.848334
0.852098
0.841425
0.855562
0.849254
0.858619
0.857545
0.851887
0.859464
0.859266
0.853392
0.229577
0.819805
0.849279
0.852744
0.849381
0.848846
0.852283
0.852911
0.806383
0.852663
0.844965
0.858215
0.854842
0.856496
0.833839
0.413502
0.860443
0.837594
0.843921
0.807256
0.854963
0.853116
0.788491
0.230966
0.844774
0.848661
0.855036
0.83598
0.853254
0.8597
0.857241
0.857713
0.849923
0.847971
0.857541
0.85137
0.815929
0.817172
0.840598
0.174014
0.85596
0.744495
0.856163
0.857682
0.841454
0.860141
0.857088
0.860287
0.309145
0.820761
0.854861
0.849712
0.840303
0.840168
0.855175
0.850053
0.849811
0.856562
0.849818
0.854433
0.845718
0.814248
0.858698
0.843859
0.850169
0.731439
0.842359
0.0439905
0.845383
0.860523
0.856843
0.759471
0.856596
0.819779
0.843385
0.862344
0.851287
0.84599
0.85418
0.835361
0.723374
0.857594
0.855142
0.853503
0.861027
0.853253
0.853492
0.856089
0.856874
0.858292
0.844174
0.862911
0.853787
0.843143
0.841162
0.860483
0.856594
0.616341
9.43184e-05
0.857078
0.634103
0.811557
0.858519
0.858825
0.853789
0.0234242
0.547515
0.858767
0.85603
0.848835
0.859409
0.850594
0.85768
0.861766
0.859855
0.861046
0.855811
0.848505
0.852468
0.856619
0.857917
0.771416
0.85195
0.856673
0.858241
0.851173
0.856958
0.849866
0.851935
0.85525
0.859526
0.798778
0.854466
0.857535
0.839472
0.859222
0.862909
0.858406
0.78729
0.856563
0.774048
0.851337
0.855109
0.851742
0.851172
0.000116463
0.847083
0.832814
0.854767
0.8564
0.861947
0.819396
0.842041
0.856948
0.794998
0.858605
0.839033
0.845272
0.854991
0.830846
0.854771
1.65289e-06
0.84695
0.852129
0.834473
0.231378
0.855634
0.854077
0.856879
0.775826
0.862775
0.816469
0.858816
0.856652
0.853331
0.74981
0.858229
0.853969
0.844502
0.762245
0.855514
0.859136
0.732517
0.824319
0.251543
0.851512
0.857504
0.0871462
0.853932
0.847288
0.0226895
0.705455
0.859379
0.761096
0.850812
0.127345
0.851993
0.851913
0.837862
0.827577
0.86108
0.846016
0.775939
0.858511
0.848199
0.84873
0.85777
0.620932
0.857515
0.854019
0.859899
0.846553
0.858589
0.535788
0.841971
0.840597
0.85124
0.86019
0.840566
0.852903
0.857591
0.861622
0.858168
0.84015
0.858442
0.852317
0.852409
0.834733
0.859328
0.844736
0.856235
0.849096
0.747552
0.853761
0.858214
0.854241
0.860413
0.844058
0.838104
0.850677
0.852931
0.850221
0.856003
0.851632
0.860687
0.861999
0.857946
0.847253
0.836641
0.845501
0.857901
0.846554
0.809029
3.68404e-05
0.861447
0.859556
0.855557
0.857046
0.85604
0.10941
0.842592
0.853474
0.856366
0.85635
0.85886
0.854532
0.846512
0.844488
0.854185
0.858842
0.0984201
0.828891
0.856778
0.0618354
0.859856
0.851123
0.839919
0.853845
0.855888
0.778257
0.836384
0.851414
0.851801
0.85621
0.82398
0.85657
0.844808
0.00106716
0.857862
0.856138
0.819321
0.859517
0.858833
0.829223
0.852578
0.860321
0.859811
0.857
0.85178
0.778471
0.855581
0.184563
0.859854
0.861487
0.856361
0.847977
0.861109
0.859482
0.85784
0.857433
0.832598
0.825095
0.85439
0.858015
0.85801
0.85418
0.846325
0.828406
0.855063
0.841179
0.857377
0.853937
0.854424
0.854259
0.853462
0.580081
0.846063
0.847098
0.813527
0.853019
0.168697
0.850763
0.859948
0.860234
0.848839
0.522536
0.856085
0.857408
0.0359692
0.0243143
0.859615
0.764392
0.855152
0.834242
0.849995
0.855215
0.852914
0.858866
0.851178
0.851549
0.841301
0.793054
0.836531
0.859015
0.858718
0.8581
0.832556
0.862496
0.857629
0.854519
0.85677
0.839704
0.834603
0.85306
0.846698
0.853073
0.857996
0.851414
0.855238
0.858943
0.845628
0.738987
0.858755
0.846765
0.857824
0.843913
0.848826
0.846594
0.857585
0.855342
0.854883
0.859527
0.85767
0.854228
0.858809
0.85599
0.841969
0.239082
0.674918
0.845649
0.854976
0.855963
0.85154
0.845822
0.85593
0.857927
0.827369
0.860683
0.83699
0.255192
0.857175
0.858167
0.539774
0.852379
0.860128
0.850465
0.857481
0.854473
0.818924
0.851101
0.855451
0.852091
0.176645
0.857249
0.856675
0.846751
0.851904
0.845596
0.83803
0.845543
0.858826
0.800659
0.852739
0.845262
0.859247
0.839094
0.858552
0.83278
0.861305
0.849098
0.8479
0.832396
0.857132
0.476066
0.860611
0.844369
0.852518
0.854555
0.68425
0.661157
0.833197
0.0713496
0.857589
0.84858
0.846491
0.845114
0.859054
0.860816
0.824325
0.856651
0.849639
0.850682
0.863568
0.858091
0.858958
0.858793
0.853981
0.830565
0.017076
0.839708
0.854677
0.858677
0.85763
0.00591062
0.829387
0.84822
0.840867
0.851151
0.85944
0.0288171
0.854149
0.854983
0.857588
0.847905
0.861109
0.806808
0.855647
0.856363
0.848746
0.861199
0.851173
0.849377
0.82271
0.0324578
0.847013
0.847331
0.160208
0.842757
0.816937
0.85663
0.829681
0.855068
0.85198
0.859586
0.853442
0.858895
0.831379
0.828305
0.848035
0.846816
0.849704
0.862712
0.73753
0.848674
0.846948
0.861035
0.855297
0.85883
0.833825
0.851927
0.851981
0.856243
0.856454
0.860106
0.856364
0.850999
0.857324
0.838762
0.840938
0.816375
0.856477
0.853762
0.846666
0.850072
0.855846
0.847064
0.85876
0.834668
0.855532
0.852377
0.853164
0.838371
0.854749
0.112977
0.0698803
0.860268
0.832551
0.856219
0.825039
0.844567
0.850393
0.793652
0.852266
0.855715
0.848612
0.852026
0.853681
0.859939
0.854507
0.858052
0.847674
0.852323
0.816231
0.855774
0.856247
0.810414
0.854178
0.812969
0.854936
0.85858
0.852998
0.856481
0.850901
0.849201
0.856895
0.826725
0.652984
0.857956
0.859203
0.831956
0.860071
0.809294
0.861367
0.862671
0.303215
0.814785
0.862687
0.83209
0.841211
0.854692
0.855347
0.849739
0.8503
0.853772
0.859567
0.834686
0.8536
0.862149
0.0242755
0.848604
0.848313
0.853433
0.833817
0.847926
0.859395
0.842376
0.836386
0.857648
0.857826
0.859825
0.835318
0.85099
0.859011
0.85783
0.854091
0.837529
0.775541
0.85285
0.854406
0.855545
0.841932
0.84448
0.838524
0.857723
0.84772
0.854679
0.858609
0.850111
0.726022
0.860719
0.765914
0.845213
0.855171
0.85553
0.859628
0.857921
0.854877
0.84597
0.85752
0.855464
0.854765
0.8607
0.843517
0.856595
0.860413
0.838444
0.853884
0.727487
0.852925
0.841793
0.855558
0.850295
0.845792
0.387207
0.833785
0.840112
0.845654
0.856707
0.83345
0.852682
0.858506
0.256625
0.858309
0.814938
0.836552
0.85283
0.854839
0.858303
0.848514
0.847223
0.846099
0.851927
0.856137
0.850454
0.855815
0.84855
0.513414
0.859524
0.846755
0.501644
0.86003
0.851602
0.85677
0.857742
0.852663
0.853062
0.862699
0.851032
0.841723
0.860582
0.840125
0.855325
0.8279
0.852945
0.848782
0.854268
0.846405
0.838816
0.823307
0.858287
0.858416
0.86045
0.842034
0.520122
0.844539
0.851568
0.843429
0.857821
0.857115
0.808636
0.852138
0.848487
0.858871
0.85998
0.859113
0.856828
0.808596
0.856813
0.846598
0.824012
0.810103
0.853914
0.857982
0.854294
0.862287
0.774908
0.848951
0.85867
0.851151
0.849905
0.841109
0.858417
0.846943
0.85256
0.853526
0.781189
0.844785
0.848041
0.568669
0.771308
0.850872
0.82693
0.841397
0.847138
0.835764
0.823921
0.860727
0.855074
0.860451
0.852843
0.0504617
0.853495
0.833185
0.85389
0.795163
0.821841
0.858476
0.834329
0.845539
0.857532
0.861373
0.847824
0.851787
0.844724
0.848648
0.861029
0.831655
0.822827
0.851628
0.860515
0.160397
0.857546
0.855827
0.846559
0.843144
0.862678
0.856904
0.855431
3.29489e-05
0.858331
0.856568
0.8529
0.85936
0.0628888
0.849776
0.853373
0.85226
0.798264
0.241763
0.860316
0.857561
0.857182
0.849679
0.8618
0.000112101
0.826762
0.850799
0.848066
0.856507
0.856908
0.500046
0.045903
0.787338
0.839856
0.838385
0.841413
0.791456
0.853402
0.856224
0.861214
0.855801
0.823426
0.82934
0.829463
0.853745
0.841463
0.855627
0.844699
0.849332
0.848263
0.85496
0.856782
0.840443
0.857944
0.860392
0.860271
0.855965
0.840903
0.854733
0.859332
0.342654
0.805838
0.814541
0.842881
0.851412
0.818223
0.854498
0.828929
0.855982
0.859233
0.852345
0.85952
0.858978
0.827699
0.839024
0.862333
0.856263
0.857973
0.858825
0.843872
0.849602
0.845788
0.848596
0.849225
0.846369
0.828426
0.859276
0.813097
0.850597
0.855432
0.86164
0.85921
0.853805
0.00971027
0.858135
0.850409
0.855757
0.838918
0.807313
0.85712
0.861465
0.844336
0.742462
0.852426
0.856298
0.859378
0.777947
0.73028
0.855683
0.858219
0.859243
0.85109
0.861307
0.855303
0.859693
0.849575
0.852737
0.856484
0.860793
0.85289
0.851893
0.847189
0.698367
0.856485
0.83179
0.855933
0.842916
0.860949
0.853412
0.853136
0.332902
0.853482
0.849794
0.821976
0.820815
0.85125
0.859467
0.845607
0.844503
0.847584
0.854359
0.820781
0.857614
0.839026
0.857796
0.847234
0.266766
0.857223
0.849595
0.843648
0.86049
0.853703
0.857142
0.850135
0.816305
0.814551
0.850218
0.088172
0.814033
0.855296
0.85713
0.788957
0.85465
0.853246
0.230484
0.331263
0.840036
0.000150193
0.84186
0.810766
0.862506
0.381298
0.814165
0.841665
0.84171
0.856571
0.789587
0.850476
1.91941e-05
0.855125
0.84826
0.852895
0.853767
0.85943
0.843571
0.859857
0.853096
0.859287
0.860893
0.836498
0.0725886
0.829308
0.784578
0.811699
0.857123
0.842811
0.830033
0.819944
0.850628
0.860092
0.858899
0.852545
0.857328
0.854855
0.852345
0.800375
0.858917
0.835865
0.856247
0.861579
0.859155
0.859147
0.853041
0.85913
0.858149
0.853246
0.855224
0.860532
0.852331
0.844568
0.856466
0.854694
0.843034
0.860412
0.846224
0.853937
0.859286
0.844447
0.855125
0.837591
0.854097
0.856567
0.847323
0.85061
0.857447
0.850668
0.852933
0.851328
0.855338
0.860343
0.859542
0.786843
0.850604
0.792649
0.854386
0.819918
0.859869
0.859689
0.856365
0.825948
0.858823
0.858427
0.842885
0.857309
0.854589
0.855757
0.85406
0.857639
0.861875
0.771199
0.853436
0.851303
0.830149
0.849892
0.545238
0.846186
0.837395
0.859393
0.749851
0.847489
0.847456
0.847768
0.857544
0.846382
0.851404
0.856132
0.829653
0.83805
0.85379
0.849461
0.858307
0.860751
0.845013
0.849728
0.855706
0.86195
0.846884
0.847864
0.857792
0.856791
0.854719
0.860468
0.847553
0.846205
0.859131
0.852914
0.858235
0.844624
0.000105756
0.857052
0.851994
0.847281
0.854445
0.859416
0.848482
0.855226
0.859132
0.854141
0.695411
0.856398
0.157802
0.853285
0.853907
0.849909
0.845545
0.863238
0.855591
0.857479
0.824568
0.854317
0.847722
0.855694
0.860939
0.850032
0.855307
0.861482
0.842718
0.853189
0.84504
0.859698
0.856804
0.860586
0.847603
0.856321
0.856207
0.85688
0.843054
0.853488
0.853875
0.852614
0.84388
0.861464
0.854506
0.857256
0.716691
0.777686
0.849789
0.0315572
0.84261
0.854625
0.848175
0.849743
0.853597
0.855781
0.328433
0.858113
0.850863
0.834237
0.859123
0.850691
0.853672
0.365999
0.86122
0.853478
0.855663
0.124416
0.283311
0.853627
0.852222
0.848162
0.85445
0.854808
0.845004
0.85028
0.843141
0.847995
0.82929
0.85102
0.853717
0.82946
0.833956
0.858393
0.862084
0.851795
0.846594
0.852316
0.831576
0.849047
0.856362
0.846963
0.845866
0.857053
0.845702
0.835428
0.857052
0.842538
0.855454
0.849215
0.85908
0.857888
0.842271
0.861183
0.855441
0.851419
0.849811
0.850976
0.859341
0.849958
0.852161
0.0160007
0.821105
0.83994
0.841926
0.850463
0.857672
0.854207
0.854097
0.856751
0.849945
0.841503
0.847378
0.857171
0.85758
0.860073
0.835665
0.851445
0.849224
0.859094
0.147653
0.800214
0.128514
0.807704
0.858046
0.855584
0.856978
0.588531
0.856199
0.219915
0.832631
0.852776
0.795116
0.850883
0.84596
0.797515
0.85551
0.844662
0.855426
0.10779
0.857237
0.836506
0.856301
0.847011
0.859873
0.855365
0.861202
0.0810064
0.859973
0.848489
0.849777
0.857603
0.84711
0.851618
0.84216
0.858045
0.848017
0.842789
0.838999
0.858203
0.857447
0.859953
0.827947
0.844417
0.846556
0.348889
0.851733
0.754673
0.837927
0.852528
0.859226
0.863014
0.860159
0.850534
0.847727
0.848983
0.856872
0.845335
0.844444
0.862041
0.843398
0.857571
0.847559
0.836133
0.851874
0.826198
0.853402
0.861375
0.85942
0.847798
0.852123
0.838721
0.851287
0.854658
0.852197
0.850889
0.853681
0.000316462
0.859568
0.855908
0.836007
0.823366
0.854905
0.844645
0.840128
0.844568
0.85766
0.850404
0.853829
0.851792
0.793169
0.836723
0.858484
0.857291
0.858613
0.852635
0.850181
0.811447
0.854971
0.860997
0.836948
0.85721
0.853624
0.85953
0.856998
0.829525
0.863633
0.846004
0.842232
0.852797
0.844634
0.850713
0.859871
0.857115
0.860688
0.85535
0.854934
0.860638
0.850898
0.846073
0.818303
0.847531
0.797804
0.852662
0.857139
0.856401
0.852684
0.84391
0.860757
0.83679
0.802951
0.167533
0.856073
0.840604
0.827611
0.848956
0.858692
0.843871
0.852052
0.836545
0.853145
0.841206
0.858208
0.858663
0.850655
0.848442
0.850448
0.833912
0.855286
0.854432
0.85845
0.366096
0.855374
0.852166
0.859128
0.857593
0.747961
0.851816
0.834191
0.856001
0.803891
0.856122
0.818063
0.859919
0.85892
0.856187
0.828164
0.84868
0.852712
0.846444
0.844438
0.818844
0.844545
0.848927
0.845196
0.857882
0.835609
0.852319
0.835938
0.853185
0.853436
0.85651
0.838796
0.017607
0.859482
0.839782
0.85775
0.84657
0.852048
0.847046
0.178134
0.846997
0.852626
0.859059
0.815609
0.853358
0.85115
0.857263
0.833419
0.859107
0.861917
0.861261
0.854024
0.861714
0.847579
0.809504
0.859806
0.861167
0.851676
0.848265
0.826209
0.858124
0.856833
0.847076
0.842232
0.855257
0.860801
0.364834
0.8541
0.841555
0.843311
0.852904
0.846827
0.857022
0.857311
0.836328
0.0709865
0.841782
0.838709
0.852142
0.854575
0.85874
0.860233
0.854407
0.853976
0.852884
0.854768
0.848643
0.85804
0.857688
0.848535
0.85089
0.854367
0.849719
0.855249
0.859475
0.852955
0.855469
0.856816
0.855457
0.858734
0.855033
0.8558
0.848492
0.798404
0.659597
0.83795
0.859311
0.857756
0.809913
0.858079
0.829027
0.855694
0.856879
0.837947
0.852984
0.852094
0.853257
0.853395
0.860446
0.85054
0.858828
0.843346
0.815821
0.855122
0.137893
0.853861
0.857359
0.857228
0.841931
0.85958
0.85834
0.848566
0.849412
0.858185
0.842956
0.86146
0.855012
0.858976
0.848758
0.815616
0.823577
0.859835
0.855936
0.851698
0.856015
0.409502
0.837858
0.855406
0.856447
0.85036
0.0498939
0.85983
0.860148
0.856219
0.836668
0.848473
0.852289
0.85493
0.848552
0.842502
0.851274
0.751464
0.856651
0.856043
0.823893
0.858351
0.86128
0.857964
0.729714
0.854478
0.861697
0.843981
0.858123
0.854038
0.838567
0.802203
0.859734
0.796205
0.846064
0.84006
0.859045
0.73609
0.858149
0.846099
0.85328
0.860728
0.860791
0.852484
0.856705
0.861031
0.86359
0.821913
0.852259
0.847443
0.850989
0.858853
0.851895
0.860883
0.861082
0.855197
0.853402
0.855852
0.859301
0.842618
0.857897
0.854703
0.855352
0.854599
0.837575
0.78308
0.853743
0.844208
0.850049
0.85786
0.858232
0.852237
0.853132
0.8556
0.838532
0.033066
0.848839
0.808056
0.853976
0.840933
0.857631
0.84715
0.850724
0.811014
0.852524
0.85186
0.839788
0.84042
0.853192
0.8572
0.856628
0.841398
0.849828
0.805054
0.855908
0.857416
0.859096
0.853842
0.852712
0.839568
0.848097
0.255127
0.855199
0.851191
0.813631
0.861115
0.839903
0.856194
0.847916
0.859407
0.853375
0.856845
0.814331
0.839984
0.832852
0.85496
0.851158
0.856534
0.157906
0.848259
0.841149
0.854378
0.851367
0.859792
0.86165
0.857452
0.836609
0.834841
0.836298
0.577295
0.825217
0.853239
0.854883
0.860375
0.85219
0.855619
0.839696
0.850879
0.839587
0.850944
0.608863
0.852513
0.858223
0.854953
0.849232
0.841864
0.843177
0.851262
0.854861
0.842042
0.851491
0.860641
0.863694
0.85732
0.860491
0.85512
0.837682
0.758416
0.8588
0.853644
0.854004
0.8527
0.812605
0.851584
0.855905
0.847135
0.841445
0.856649
0.85854
0.696644
0.853464
0.859366
0.8583
0.777735
0.846017
0.856014
0.861652
0.843388
0.856664
0.852532
0.859142
0.851519
0.856488
0.844876
0.845353
0.850496
0.857551
0.85954
0.855465
0.852517
0.858384
0.854331
0.860555
0.675481
0.857285
0.841984
0.852801
0.84398
0.860991
0.823224
0.85847
0.798105
0.852633
0.134331
0.856958
0.861312
0.855636
0.796986
0.856119
0.813947
0.855903
0.855002
0.485136
0.856682
0.82772
0.463018
0.849097
0.0834089
0.856449
0.832191
0.857179
0.856813
0.852815
0.827932
0.84086
0.855132
0.856388
0.845606
0.835402
0.858999
0.853215
0.855784
0.845282
0.85362
0.85739
0.85147
0.855322
0.645463
0.8564
0.841271
0.857207
0.855547
0.857813
0.8561
0.8589
0.858393
0.847495
0.853293
0.857602
0.859623
0.852838
0.842086
0.837611
0.391708
0.841408
0.861065
0.852416
0.843912
0.796597
0.737018
0.858503
0.845697
0.851891
0.854469
0.859357
0.84939
0.846498
0.141849
0.851109
0.832621
0.859061
0.851224
0.849869
0.854603
0.853017
0.856272
0.825774
0.852827
0.855368
0.858446
0.787737
0.647797
0.857751
0.827137
0.859538
0.843795
0.857075
0.854357
0.852926
0.852849
0.476063
0.854992
0.861491
0.8073
0.846575
0.859398
0.859493
0.857845
0.857693
0.860646
0.855086
0.835696
0.859403
0.164513
0.850428
0.857822
0.000538151
0.851369
0.86056
0.766072
0.857666
0.841699
0.848674
0.845902
0.85783
0.85043
0.842725
0.840046
0.858837
0.838133
0.853763
0.860659
0.826447
0.852507
0.856249
0.855389
0.858638
0.858957
0.852563
0.85945
0.858189
0.862528
0.826746
0.839955
0.85918
0.855511
0.814946
0.859358
0.862171
0.855487
0.848116
0.834912
0.856243
0.833303
0.850327
0.852023
0.855066
0.857863
0.84813
0.843894
0.0262966
0.858494
0.826451
0.854796
0.836033
0.857619
0.837721
0.855723
0.736604
0.859634
0.859133
0.851951
0.855352
0.855902
0.856598
0.856319
0.848009
0.857495
0.852167
0.856156
0.811525
0.855459
0.842408
0.863171
0.0753745
0.106165
0.850102
0.853467
0.852573
0.546923
0.862457
0.845237
0.856172
0.768223
0.857561
0.850466
0.847439
0.859654
0.859623
0.846296
0.848995
0.854934
0.108174
0.857702
0.85998
0.851535
0.788647
0.857967
0.859916
0.853651
0.680174
0.78808
0.850264
0.862187
0.860208
0.855539
0.855475
0.85189
0.848976
0.860549
0.859254
0.852939
0.84437
0.855975
0.859327
0.858151
0.854025
0.841857
0.850231
0.861674
0.163908
0.843895
0.324337
0.76926
0.856096
0.858415
0.856752
0.857979
0.843418
0.845729
0.859022
0.857912
0.861012
0.852194
0.000341172
0.855005
0.856224
0.857299
0.854981
0.857754
0.846674
0.86152
0.85354
0.861381
0.843351
0.836899
0.855362
0.853579
0.86038
0.844667
0.827711
0.829875
0.857401
0.853381
0.811859
0.850064
0.855194
0.845148
0.846247
0.838048
0.849601
0.847498
0.854006
0.853544
0.858545
0.856339
0.846804
0.856001
0.852925
0.830328
0.859387
0.850872
0.859993
0.857881
0.86168
0.85612
0.861927
0.85969
0.853986
0.857806
0.854754
0.843269
0.859909
0.838744
0.288868
0.845428
0.859717
0.854335
0.80861
0.847972
0.862821
0.853657
0.853741
0.858381
0.856059
0.853078
0.862145
0.851027
0.846537
0.856425
0.838104
0.851391
0.851794
0.860174
0.846596
0.849819
0.859402
0.744047
0.000371108
0.794295
0.856823
0.805375
0.85408
0.860999
0.852646
0.858919
0.844177
0.855997
0.861297
0.862794
0.852837
0.775524
0.856866
0.849775
0.8472
0.850679
0.859464
0.859422
0.860138
0.860279
0.845394
0.848931
0.860172
0.852669
0.859796
0.810992
0.861436
0.859961
0.847873
0.852065
0.844522
0.854146
0.849667
0.847428
0.84312
0.848462
0.856303
0.856642
0.824829
0.85364
0.847592
0.862515
0.830745
0.812929
0.846268
0.85813
0.855078
0.780996
0.853875
0.851256
0.855098
0.839854
0.852436
0.475658
0.806811
0.840401
0.845075
0.856069
0.834361
0.844008
0.833122
0.851411
0.836662
0.856281
0.855912
0.852699
0.859068
0.828721
0.853303
0.858449
0.83422
0.858546
0.850898
0.85731
0.855563
0.858147
0.842219
0.819723
0.847441
0.839839
0.711174
0.853207
0.852696
0.858653
0.857415
0.754781
0.857348
0.85959
0.848305
0.821851
0.856149
0.10169
0.853087
0.0666465
0.855894
0.852485
0.855187
0.856071
0.848821
0.836365
0.862026
0.85448
0.85417
7.95496e-05
0.845349
0.857483
0.83294
0.851952
0.862336
0.850683
0.853939
0.856837
0.856201
0.84919
0.117013
0.839609
0.500264
0.826568
0.858037
0.849469
0.857764
0.855188
0.848066
0.153878
0.857016
0.797127
0.832899
0.194038
0.859343
0.584725
0.827048
0.847428
0.77087
0.8582
0.859116
0.853545
0.859766
0.851215
0.850499
0.855212
0.855538
0.832385
0.856422
0.85685
0.854125
0.849997
0.857799
0.779816
0.828256
0.835112
0.854307
0.852665
0.859812
0.858338
0.857732
0.854677
0.854443
0.845896
0.851247
0.856616
0.857245
0.856021
0.856191
0.860139
0.84563
0.84508
0.853795
6.54091e-05
0.856168
0.856031
0.862596
0.860049
0.848808
0.85163
0.832699
0.852322
0.840378
0.00747901
0.853047
0.853509
0.847787
0.850447
0.742962
0.85204
0.836686
0.856197
0.847177
0.843384
0.833223
0.854597
0.793134
0.853044
0.858517
0.832613
0.855817
0.798519
0.85635
0.858508
0.852169
0.857207
0.856057
0.836434
0.773555
0.845451
0.848458
0.860225
0.849083
0.852199
0.853317
0.856555
0.857982
0.853707
0.854437
0.856364
0.827666
0.860128
0.860089
0.853098
0.859971
0.846123
0.852307
0.844923
0.84767
0.85455
0.855987
0.823837
0.855731
0.83265
0.86229
0.854786
0.855182
0.841038
0.853154
0.746102
0.833639
0.831061
0.82643
0.845559
0.855536
0.839934
0.856854
0.849329
0.806254
0.817254
0.851337
0.853809
0.833105
0.857824
0.836478
0.82705
0.851901
0.852337
0.854732
0.854022
0.854951
0.048339
0.853057
0.853475
0.85702
0.846828
0.853719
0.734942
0.014208
0.841118
0.85422
0.860155
0.848201
0.858781
0.862138
0.85106
0.84979
0.823306
0.807758
0.8377
0.855912
0.852089
0.847052
0.855523
0.858212
0.853758
0.0116063
0.855728
0.860233
0.856553
0.840121
0.85278
0.716371
0.0365337
0.853665
0.861536
0.848825
0.849584
0.853117
0.837144
0.844026
0.850992
0.852551
0.853444
0.818844
0.856332
0.858842
0.856925
0.857679
0.859666
0.856688
0.834257
0.846127
0.854008
0.845855
0.854827
0.817066
0.855541
0.795174
0.79957
0.843478
0.854415
0.856299
0.851443
0.841846
0.842524
0.836465
0.162416
0.861836
0.840148
0.857754
0.856918
0.857274
0.803339
0.836072
0.825269
0.850146
0.859905
0.85264
0.811192
0.861476
0.82069
0.833678
0.856002
0.0821142
0.712751
0.845808
0.851324
0.834611
0.842411
0.850215
0.842815
0.84674
0.852634
0.82023
0.855944
0.815373
0.845217
0.854549
0.856302
0.856766
0.855562
0.853596
0.85472
0.853087
0.85238
0.859187
0.853335
0.861127
0.856352
0.848966
0.851716
0.847769
0.858
0.843389
0.845683
0.852023
0.85423
0.161595
0.857687
0.826093
0.797103
0.852632
0.853766
0.0800262
0.842686
0.854873
0.811921
0.858463
0.000357312
0.840368
0.858037
0.856372
0.859257
0.858541
0.854204
0.839041
0.815641
0.827113
0.842117
0.844278
0.842852
0.840444
0.857313
0.854027
0.858316
0.859537
0.861381
0.85753
0.842234
0.248872
0.857884
0.827683
0.854104
0.857259
0.847202
0.84676
0.858724
0.845405
0.288743
0.856332
0.851985
0.850594
0.825675
0.83766
0.848891
0.857248
0.859095
0.855367
0.811341
0.855698
0.851923
0.849537
0.84185
0.856442
0.848416
0.798634
0.839051
0.853823
0.846123
0.825239
0.835283
0.858971
0.858269
0.854479
0.8455
0.857458
0.854128
0.860469
0.852379
0.555904
0.850626
0.85088
0.861039
0.857047
0.857937
0.772349
0.856524
0.860236
0.834737
0.845168
0.85535
0.861712
0.84887
0.84429
0.804401
0.81025
0.832837
0.464091
0.856538
0.794045
0.853432
0.850463
0.845106
0.856529
0.855173
0.852568
0.858629
0.802918
0.857139
0.853677
0.842933
0.856821
0.83013
0.860838
0.861604
0.852053
0.848498
0.835283
0.853396
0.0393737
0.854248
0.822814
0.849508
0.829212
0.856626
0.853756
0.86
0.8575
0.827919
0.844764
0.857548
0.857716
0.853841
0.85939
0.859813
0.835909
0.84191
0.857353
0.84179
0.852314
0.854389
0.854942
0.856904
0.858977
0.859615
0.856656
0.829394
0.833165
0.858763
0.857266
0.854389
0.856142
0.8582
0.831363
0.85049
0.848518
0.782375
0.824312
0.84065
0.856457
0.852755
0.853528
0.853073
0.852097
0.855224
0.860595
0.851231
0.86057
0.841748
0.846599
0.851739
0.855941
0.856865
0.843609
0.827105
0.857663
0.841706
0.851408
0.854464
0.84081
0.844053
0.854496
0.853605
0.842998
0.83846
0.844582
0.860944
0.858049
0.836665
0.859033
0.854268
0.861425
0.859778
0.847026
0.858359
0.826547
0.794201
0.857097
0.86149
0.850453
0.855124
0.858497
0.830872
0.856632
0.847009
0.859882
0.85915
0.862767
0.846126
0.847285
0.856208
0.808235
0.856811
0.85622
0.858182
0.862187
0.849668
0.0070511
0.806976
0.862778
0.832978
0.732959
0.851615
0.856775
0.836332
0.829939
0.851642
0.83851
0.848008
0.855543
0.85291
0.858669
0.8598
0.850829
0.858196
0.856156
0.857374
0.854036
0.847515
0.837835
0.844476
0.800123
0.858695
0.856284
0.854506
0.827125
0.850139
0.854244
0.793797
0.850095
0.858227
0.833963
0.846767
0.844627
0.852945
0.823753
0.853322
0.351059
0.507392
0.828048
0.859463
0.850577
0.850621
0.841591
0.801888
0.752524
0.863902
0.853656
0.744084
0.836502
0.857244
0.844212
0.852121
0.0491491
0.860622
0.857005
0.840316
0.856715
0.854842
0.788864
0.855214
0.858849
0.857752
0.858761
0.857081
0.857298
0.837258
0.821721
0.851588
0.856289
0.791689
0.849739
0.851955
0.845357
0.860634
0.860423
0.848615
0.851017
0.84049
0.856481
0.850003
0.859538
0.840833
0.845875
0.111588
0.563718
0.857475
0.772684
0.858715
0.847015
0.853944
0.853818
0.795653
0.853064
0.853611
0.859087
0.850335
0.449023
0.856602
0.853698
0.857302
0.818035
0.856913
0.8544
0.862769
0.405489
0.859741
0.849825
0.856648
0.852703
0.842271
0.85487
0.85964
0.859569
0.854871
0.860768
0.854353
0.834307
0.856091
0.85557
0.848977
0.851532
0.850526
0.856429
0.842803
0.826588
0.826955
0.847713
0.851369
0.832391
0.848634
0.857575
0.858113
0.854886
0.844784
0.86349
0.8519
0.856457
0.849511
0.852988
0.850958
0.853781
0.850148
0.815653
0.214694
0.854065
0.860284
0.854394
0.859003
0.8236
0.837499
0.812296
0.859354
0.860957
0.848336
0.730168
0.846848
0.155575
0.85047
0.857729
0.862393
0.855795
0.851117
0.857075
0.859603
0.850351
0.853135
0.855358
0.85925
0.857283
0.855743
0.815513
0.841261
0.855109
0.844236
0.856288
0.857446
0.856826
0.829149
0.740712
0.858103
0.856877
0.852774
0.827974
0.855224
0.831658
0.851028
0.846121
0.857232
0.854652
0.857328
0.852695
0.851182
0.853013
0.84106
0.731751
0.820554
0.853283
0.845502
0.85468
0.795838
0.853442
0.84803
0.832905
0.859572
0.855302
0.854804
0.860395
0.815534
0.848846
0.838582
0.858624
0.659908
0.852734
0.860721
0.0221725
0.851705
0.850031
0.80956
0.842907
0.837978
0.849058
0.858031
0.845777
0.839425
0.857351
0.856211
0.856532
0.849521
0.854565
0.852388
0.840824
0.861182
0.850243
0.861517
0.861486
0.849667
0.844978
0.85485
0.85816
0.841548
0.858104
0.0168771
0.852823
0.856074
0.833075
0.831599
0.855714
0.847337
0.85007
0.852863
0.844383
0.849574
0.85626
0.854814
0.85723
0.838591
0.860319
0.84755
0.844587
0.850386
0.857106
0.857437
0.856209
0.861962
0.853504
0.844328
0.860878
0.829596
0.836612
0.792274
0.858101
0.835747
0.26875
0.853303
0.853736
0.84807
0.858806
0.632423
0.856518
0.861942
0.861671
0.825751
0.854729
0.84639
0.860137
0.856066
0.831264
0.842227
0.856514
0.856725
0.856699
0.857901
0.845034
0.854909
0.857193
0.855758
0.810348
0.855269
0.799494
0.850941
0.855793
0.84524
0.856611
0.856299
0.856896
0.84696
0.847507
0.848677
0.803549
0.841981
0.851787
0.856844
0.851213
0.857287
0.851293
0.859504
0.849069
0.847693
0.854558
0.82087
0.857671
0.859587
0.852979
0.845552
0.848821
0.526762
0.850525
0.840619
0.848668
0.787324
0.855378
0.851916
0.781387
0.851499
0.833305
0.856558
0.842735
0.818682
0.859336
0.82477
0.260688
0.845771
0.849401
0.852687
0.842798
0.812994
0.859758
0.848996
0.844931
0.854242
0.859576
0.856315
0.852996
0.856704
0.848364
0.76728
0.801974
0.859784
0.861426
0.857141
0.763325
0.0247478
0.838554
0.855342
0.855759
0.852313
0.858629
0.855796
0.65309
0.0853894
0.854769
0.833847
0.854405
0.842993
0.826837
0.854025
0.817453
0.846675
0.860407
0.855999
0.842055
0.446542
0.847494
0.857483
0.84132
0.860285
0.85839
0.828891
0.817241
0.859978
0.859147
0.847075
0.85702
0.842008
0.847023
0.771979
0.844562
0.851934
0.853767
0.840349
0.215365
0.828336
0.799701
0.836873
0.806174
0.851125
0.841786
0.851954
0.854602
0.856022
0.855807
0.725915
0.806676
0.847181
0.854499
0.859664
0.85561
0.846536
0.856458
0.847541
0.829717
0.84344
0.854561
0.851935
0.858945
0.854839
0.000151776
0.854851
0.855914
0.00718532
0.850771
0.847188
0.825
0.862209
0.858837
0.853057
0.220198
0.857554
0.85487
0.857705
0.843795
0.858281
0.855423
0.852578
0.855402
0.72336
0.85574
0.834359
0.850879
0.84537
0.850307
0.856981
0.828774
0.81606
0.853959
0.846981
0.853003
0.85218
0.847107
0.859932
0.857101
0.850173
0.853007
0.855337
0.849087
0.853119
0.855689
0.859402
0.859299
0.854489
0.846699
0.177219
0.854429
0.853878
0.829216
0.86009
0.843545
0.848683
0.850063
0.842504
0.84663
0.854408
0.700704
0.852066
0.809513
0.850626
0.849196
0.856332
0.858476
0.820658
0.860935
0.858947
0.843725
0.851045
0.859638
0.849343
0.851329
0.851361
0.859208
0.850556
0.857137
0.856032
0.842866
0.848446
0.853644
0.728932
0.133314
0.853599
0.847136
0.820766
0.862229
0.856366
0.858726
0.855428
0.852661
0.83626
0.851388
0.857341
0.856258
0.843938
0.85607
0.860584
0.847525
0.859631
0.846085
0.856136
0.851485
0.853487
0.855379
0.857791
0.823322
0.834566
0.858467
0.855172
0.857235
0.855896
0.856042
0.8588
0.860967
0.844889
0.833702
0.85824
0.853041
0.000245603
0.858106
0.846967
0.852975
0.851388
0.839683
0.769321
0.859424
0.850097
0.853118
0.258295
0.853284
0.833152
0.732751
0.850811
0.859201
0.814
0.195349
0.813741
0.857756
0.84047
0.859151
0.848831
0.849211
0.857072
0.858237
0.855536
0.18499
0.84683
0.854748
0.853479
0.848625
0.819247
0.84184
0.839054
0.850215
0.860835
0.849293
0.857635
0.857879
0.832613
0.840893
0.846714
0.0335541
0.856075
0.86299
0.861789
0.856382
0.827785
0.852026
0.857154
0.860666
0.821704
0.843971
0.847126
0.853358
0.841089
0.850922
0.857898
0.851722
0.846598
0.856954
0.82262
0.844541
0.810146
0.858828
0.861179
0.858141
0.843045
0.819667
0.857751
0.850567
0.857848
0.857879
0.859174
0.859222
0.856294
0.849433
0.857452
0.855924
0.855904
0.862092
0.856869
0.830778
0.857723
0.849985
0.744081
0.859487
0.859597
0.848275
0.857345
0.861209
0.860465
0.855213
0.861427
0.856516
0.841577
0.851642
0.848446
0.860488
0.846519
0.639689
0.853618
0.86137
0.857145
0.855084
0.857221
0.857008
0.856194
0.852178
0.854278
0.00396403
0.8547
0.852477
0.851816
0.854851
0.85441
0.860115
0.833473
0.854776
0.852384
0.851111
0.855498
0.856872
0.853497
0.618102
0.855411
0.846668
0.837435
0.850838
0.830165
0.674863
0.000244495
0.85587
0.851691
0.84868
0.858156
0.850981
0.831132
0.861237
0.85663
0.839765
0.858229
0.858821
0.852802
0.854143
0.855156
0.83366
0.808151
0.841667
0.822078
0.85608
0.182737
0.845277
0.843222
0.838512
0.835102
0.855081
0.0517871
0.861299
0.835888
0.854272
0.851912
0.567651
0.842343
0.844555
0.842649
0.849956
0.841958
0.832997
0.859779
0.850895
0.857436
0.862145
0.851848
0.859031
0.837143
0.85548
0.851978
0.857583
0.849068
0.852317
0.858047
0.853995
0.855325
0.851088
0.852694
0.851119
0.858485
0.840047
0.859226
0.861025
0.852998
0.841846
0.858399
0.780217
0.844408
0.854619
0.854939
0.851188
0.855196
0.736037
0.829867
0.812834
0.859788
0.819148
0.855791
0.84703
0.329035
0.82641
0.82222
0.850245
0.852151
0.857574
0.859122
0.830358
0.855453
0.765076
0.781581
0.858616
0.805261
0.848655
0.85916
0.855316
0.852302
0.850414
0.847024
0.855914
0.86065
0.810869
0.824629
0.826196
0.85872
0.852797
0.843276
0.835097
0.820944
0.857306
0.859675
0.858246
0.852556
0.849219
0.851983
0.798976
0.564747
0.860534
0.841617
0.848261
0.848517
0.856275
0.000548275
0.856081
0.845226
0.859221
0.824107
0.861527
0.844615
0.855751
0.858398
0.856921
0.850193
0.856703
0.850034
0.8481
0.853311
0.843896
0.856155
0.855378
0.854309
0.817513
0.859939
0.854227
0.857039
0.854263
0.845778
0.813096
0.85542
0.85032
0.857329
0.853638
0.856091
4.129e-06
0.856971
0.816728
0.843619
0.856838
0.852496
0.848842
0.855395
0.854666
0.857928
0.836081
0.822408
0.848748
0.838193
0.177157
0.849842
0.861764
0.85429
0.85272
0.825064
0.845175
0.846146
0.831665
0.00022247
0.859467
0.837982
0.850272
0.857949
0.854306
0.860152
0.857105
0.857789
0.858457
0.824755
0.843713
0.849608
0.851998
0.785297
0.846421
0.856524
0.851574
0.855815
0.849819
0.168763
0.844994
0.857579
0.824165
0.849086
0.835419
0.831672
0.859506
0.85941
0.857636
0.830753
0.10179
0.857462
0.853693
0.853305
0.840462
0.855469
0.85926
0.858633
0.276093
0.852552
0.851797
0.851498
0.858601
0.839197
0.819631
0.342902
0.861553
0.853233
0.848699
0.853965
0.845385
0.847845
0.85336
0.855714
0.853978
0.0117638
0.844063
0.858074
0.557527
0.75192
0.852451
0.853808
0.846988
0.857601
0.863283
0.858408
0.848067
0.85734
0.838479
0.852913
0.858222
0.862378
0.791292
0.85121
0.852961
0.812017
0.836763
0.796619
0.862114
0.826486
0.831762
0.842755
0.851445
0.846342
0.861664
0.85687
0.85291
0.85543
0.841109
0.852834
0.85094
0.854811
0.382235
0.838204
0.853046
0.855976
0.839449
0.843511
0.732292
0.863357
0.853428
0.853521
0.857323
0.853052
0.853264
0.844781
0.854465
0.734749
0.859039
0.817165
0.766723
0.858466
0.275813
0.850075
0.851202
0.855279
0.849806
0.853449
0.756434
0.85903
0.847707
0.248355
0.83735
0.85078
0.850602
0.858485
0.858269
0.841516
0.80541
0.179462
0.846638
0.850591
0.634785
0.725042
0.84842
0.848898
0.811774
0.846639
0.846904
0.85476
0.85954
0.857044
0.854365
0.848954
0.852176
0.861281
0.858598
0.859374
0.857297
0.850525
0.85576
0.856055
0.851697
0.861395
0.856181
0.765902
0.831252
0.843376
0.853196
0.807329
0.850583
0.772251
0.856467
0.817864
0.862119
0.846917
0.845456
0.842687
0.861681
0.848217
0.852886
0.854081
0.852588
0.858204
0.8566
0.858708
0.85268
0.852629
0.861511
0.859901
0.855986
0.0713207
0.794681
0.854747
0.773608
0.850284
0.862878
0.849694
0.853473
0.851538
0.368966
0.854671
0.853659
0.116219
0.842852
0.851882
0.837653
0.854582
0.85449
0.837463
0.828567
0.841463
0.841516
0.846878
0.859552
0.861744
0.85181
0.853447
0.847727
0.852837
0.839251
0.842934
0.857508
0.857491
0.838889
0.84231
0.854955
0.857972
0.846483
0.836452
0.853601
0.841679
0.858224
0.860935
0.845192
0.816629
0.85699
0.843787
0.854879
0.842847
0.854273
0.857479
0.851795
0.794112
0.183384
0.85319
0.852389
0.856975
0.855915
0.817223
0.794702
0.859211
0.846147
0.847076
0.85973
0.187121
0.85466
0.860968
0.847892
0.840339
0.85085
0.848967
0.843008
0.837742
0.859614
0.865276
0.799993
0.804765
0.844658
0.859023
0.84435
0.861546
0.861869
0.857706
0.854934
0.857439
0.856415
0.856035
0.843766
0.838366
0.817773
0.858762
0.848054
0.864087
0.856086
0.851143
0.856645
0.816641
0.859796
0.855952
0.860411
0.861396
0.841167
0.856496
0.858024
0.759403
0.851635
0.840646
0.85254
0.840944
0.858049
0.841046
0.854644
0.858903
0.855527
0.838786
0.834637
0.851794
0.836724
0.843365
0.858143
0.832655
0.857422
0.81917
0.855631
0.849528
0.785398
0.801188
0.84328
0.850306
0.838947
0.854125
0.850258
0.0310908
0.849925
0.845865
0.838843
0.859327
0.861613
0.848318
0.851784
0.849256
0.854364
0.858273
3.94241e-05
0.854281
0.850146
0.857841
0.849478
0.81168
0.858934
0.857288
0.858737
0.859939
0.819987
0.857248
0.813692
0.849151
0.831574
0.846119
0.828247
0.827033
0.856796
0.847204
0.85317
0.849378
0.82799
0.858155
0.848932
0.808335
0.851886
0.84598
0.00693298
0.850775
0.842065
0.856033
0.849213
0.8539
0.836014
0.859091
0.861521
0.836427
0.000124108
0.862695
0.859751
0.857818
0.853886
0.857716
0.770362
0.859896
0.837227
0.83531
0.853221
0.820771
0.852387
