0.823547
0.831157
0.837094
0.818339
0.824967
0.826699
0.832038
0.832845
0.827441
0.826756
0.818737
0.841025
0.834193
0.840846
0.827905
0.833314
0.822403
0.824089
0.857615
0.846437
0.827123
0.837376
0.835251
0.828119
0.836507
0.831224
0.828597
0.849531
0.823395
0.855469
0.832597
0.8304
0.836349
0.836763
0.838518
0.824108
0.830117
0.826267
0.829624
0.832243
0.829952
0.831306
0.83531
0.849195
0.822159
0.830599
0.844831
0.821053
0.83784
0.833645
0.826423
0.823407
0.827703
0.817118
0.81979
0.838178
0.831337
0.825395
0.843295
0.82342
0.830496
0.84768
0.843921
0.82511
0.822805
0.834939
0.823463
0.830422
0.829152
0.822846
0.825712
0.825822
0.839334
0.827956
0.841615
0.816528
0.827891
0.827787
0.820944
0.817667
0.832961
0.841473
0.8451
0.832708
0.831404
0.828005
0.844492
0.829775
0.835642
0.864996
0.844266
0.821938
0.834005
0.849401
0.830193
0.836056
0.828337
0.826202
0.822488
0.826476
0.824025
0.822188
0.826446
0.818962
0.836237
0.815632
0.824513
0.823583
0.828235
0.830889
0.826538
0.820205
0.84004
0.821774
0.828244
0.830836
0.834228
0.827665
0.821918
0.822114
0.836035
0.833018
0.816295
0.846232
0.822631
0.828957
0.822386
0.825311
0.838094
0.843303
0.833223
0.850451
0.819188
0.858396
0.824993
0.84083
0.828002
0.835445
0.815314
0.835712
0.837898
0.824706
0.841192
0.819682
0.847507
0.831422
0.827552
0.837342
0.831467
0.851166
0.830469
0.841026
0.813863
0.849055
0.825506
0.849059
0.836902
0.815492
0.823967
0.831173
0.827331
0.836759
0.829573
0.829925
0.836485
0.833856
0.820356
0.819695
0.821217
0.836679
0.827578
0.834261
0.828493
0.843658
0.828903
0.82253
0.852931
0.829593
0.849249
0.822497
0.836891
0.82147
0.849996
0.846701
0.818338
0.833274
0.83665
0.821431
0.824644
0.824168
0.83147
0.821951
0.841704
0.826308
0.831728
0.824732
0.82275
0.837146
0.829807
0.827485
0.833326
0.839444
0.817134
0.839091
0.830758
0.843991
0.826777
0.835233
0.830592
0.832206
0.821877
0.841755
0.821195
0.819792
0.837131
0.826896
0.840141
0.847107
0.828142
0.836439
0.835836
0.827987
0.827593
0.817556
0.829426
0.817294
0.821624
0.835756
0.823848
0.823431
0.831798
0.852983
0.838571
0.849152
0.819202
0.821575
0.834962
0.852663
0.835374
0.824999
0.826447
0.824379
0.83165
0.837137
0.823132
0.847819
0.820107
0.815536
0.838431
0.826996
0.828973
0.833136
0.835785
0.840847
0.82725
0.83603
0.828439
0.835491
0.818952
0.825716
0.835478
0.825146
0.84202
0.824211
0.835288
0.821899
0.829337
0.839339
0.832706
0.822602
0.828935
0.832031
0.839515
0.815863
0.836531
0.832904
0.832173
0.841306
0.83935
0.823086
0.841224
0.826958
0.857823
0.822327
0.835946
0.837386
0.830897
0.826702
0.838341
0.828219
0.854777
0.830714
0.837528
0.820707
0.827502
0.836402
0.816085
0.825288
0.84719
0.833889
0.824158
0.836372
0.829512
0.831841
0.848124
0.812926
0.822397
0.823707
0.839628
0.831537
0.83597
0.833074
0.834462
0.844444
0.828234
0.830862
0.826711
0.823728
0.834239
0.833362
0.824657
0.833847
0.825166
0.826804
0.824017
0.828197
0.821825
0.820793
0.828019
0.833244
0.840066
0.832265
0.82626
0.839546
0.828304
0.825538
0.819048
0.845439
0.839046
0.829504
0.830777
0.829092
0.824806
0.826423
0.821966
0.8263
0.81681
0.836214
0.84541
0.838628
0.828229
0.838451
0.846046
0.8322
0.834368
0.82665
0.832958
0.827031
0.81833
0.831331
0.838743
0.834812
0.824322
0.823038
0.837219
0.815579
0.857117
0.837061
0.82876
0.825403
0.826783
0.825372
0.847266
0.834529
0.824103
0.82582
0.823764
0.823985
0.823043
0.821916
0.824573
0.837675
0.838952
0.826121
0.837376
0.823703
0.834555
0.829608
0.827946
0.827463
0.823391
0.830459
0.825141
0.825621
0.819018
0.837669
0.847754
0.829982
0.820141
0.826106
0.842537
0.825265
0.852777
0.830854
0.832787
0.818981
0.82846
0.827115
0.862841
0.830185
0.827372
0.819227
0.819801
0.820089
0.829873
0.826455
0.823636
0.828627
0.82678
0.828541
0.837254
0.824103
0.826525
0.83087
0.829651
0.829999
0.817569
0.824826
0.822455
0.826696
0.824174
0.827207
0.832686
0.845274
0.844163
0.820458
0.828857
0.840432
0.835267
0.852782
0.83095
0.825915
0.838232
0.824621
0.828207
0.830185
0.831443
0.840595
0.840752
0.836337
0.840412
0.82167
0.827958
0.825329
0.831282
0.826001
0.819093
0.827001
0.825806
0.822637
0.839286
0.831209
0.824643
0.834393
0.833737
0.821369
0.820068
0.832771
0.849375
0.830532
0.823143
0.837169
0.834137
0.839157
0.829435
0.823466
0.853127
0.82621
0.829855
0.829204
0.838522
0.82795
0.839793
0.828614
0.863546
0.827007
0.823938
0.828542
0.823289
0.821592
0.832086
0.826049
0.836627
0.828416
0.81856
0.826907
0.829652
0.822051
0.833292
0.842502
0.836002
0.839933
0.829129
0.843953
0.81409
0.821141
0.831752
0.825293
0.829969
0.856421
0.852834
0.842738
0.822033
0.82594
0.833562
0.825136
0.854811
0.829604
0.825541
0.824073
0.832876
0.833997
0.825705
0.841318
0.818441
0.842149
0.851395
0.827044
0.836077
0.821785
0.82612
0.82769
0.846019
0.826689
0.856404
0.8454
0.829627
0.830382
0.836066
0.853083
0.829884
0.824907
0.829805
0.828297
0.826705
0.842102
0.845012
0.827864
0.825549
0.838464
0.845955
0.840693
0.821928
0.840682
0.835829
0.839056
0.830072
0.824277
0.834525
0.826955
0.841749
0.831287
0.832673
0.821382
0.820667
0.836408
0.831103
0.842489
0.818611
0.827622
0.831746
0.823125
0.819133
0.825846
0.840444
0.828516
0.825779
0.828148
0.827842
0.844405
0.829481
0.837765
0.820473
0.844071
0.835402
0.823102
0.838117
0.833217
0.844404
0.829792
0.832745
0.842232
0.835366
0.831877
0.820781
0.830782
0.824674
0.8234
0.827269
0.848347
0.854124
0.828501
0.830483
0.843907
0.838372
0.831111
0.825333
0.817421
0.819648
0.850493
0.843518
0.847159
0.826104
0.820876
0.820201
0.85525
0.83578
0.841619
0.82909
0.825214
0.826512
0.831262
0.844226
0.835131
0.834873
0.842132
0.825632
0.831819
0.835113
0.846533
0.828106
0.828153
0.824403
0.831016
0.835738
0.841373
0.834267
0.827562
0.832924
0.826552
0.849986
0.824246
0.824712
0.846829
0.833827
0.833875
0.828851
0.835939
0.835122
0.819056
0.844995
0.82994
0.82654
0.821066
0.825208
0.826466
0.851694
0.849093
0.825601
0.834552
0.837198
0.826977
0.836126
0.817711
0.832478
0.828756
0.826873
0.831389
0.831574
0.82247
0.845956
0.823949
0.82965
0.828682
0.84001
0.8208
0.848924
0.818302
0.831297
0.859593
0.834975
0.824334
0.829734
0.829058
0.82862
0.824043
0.839951
0.852636
0.845184
0.823942
0.826801
0.819248
0.830357
0.83939
0.821266
0.82073
0.833318
0.840357
0.838203
0.822936
0.840293
0.82329
0.82657
0.835332
0.828633
0.835844
0.825989
0.838132
0.828318
0.835526
0.835077
0.840276
0.824357
0.838896
0.824324
0.826817
0.827242
0.831321
0.834817
0.824531
0.836445
0.822573
0.828735
0.821427
0.820415
0.826974
0.824859
0.832286
0.82176
0.818406
0.833678
0.829982
0.825152
0.819994
0.817409
0.828896
0.817999
0.829996
0.816502
0.830417
0.84074
0.847038
0.835724
0.837556
0.827307
0.824197
0.827648
0.835766
0.823255
0.830608
0.828744
0.845396
0.821635
0.830472
0.843909
0.837618
0.828784
0.82588
0.832609
0.828796
0.835655
0.836031
0.849666
0.825905
0.827307
0.834403
0.820804
0.847439
0.831948
0.836125
0.836238
0.816723
0.831414
0.82811
0.836017
0.843989
0.823574
0.817442
0.837084
0.827736
0.819404
0.844184
0.823897
0.821218
0.825042
0.8237
0.824837
0.823795
0.852121
0.82788
0.821653
0.835651
0.844537
0.825655
0.827939
0.82937
0.833936
0.836692
0.855343
0.846649
0.826389
0.825076
0.823254
0.843563
0.82732
0.831492
0.82302
0.827376
0.823535
0.836436
0.828751
0.824019
0.824528
0.831388
0.831188
0.830465
0.820064
0.842714
0.844604
0.817933
0.823291
0.820492
0.825074
0.830166
0.834564
0.833589
0.824091
0.82454
0.838899
0.816327
0.819009
0.852983
0.824765
0.845052
0.834949
0.831663
0.835805
0.820507
0.814075
0.827811
0.835585
0.834443
0.818533
0.833243
0.823657
0.836549
0.826559
0.835928
0.843893
0.828886
0.82403
0.840884
0.818144
0.835227
0.822527
0.841038
0.843956
0.817941
0.839874
0.82995
0.828025
0.829035
0.825774
0.823501
0.818014
0.839561
0.832497
0.826432
0.833077
0.84644
0.823171
0.821205
0.822607
0.833562
0.822132
0.834197
0.836642
0.827197
0.846815
0.829619
0.823911
0.828632
0.826516
0.833192
0.840599
0.82534
0.825487
0.815679
0.820099
0.841327
0.816502
0.827948
0.824569
0.8184
0.834144
0.823971
0.821262
0.832788
0.846176
0.844424
0.814842
0.832058
0.829881
0.841745
0.843838
0.827584
0.840745
0.823577
0.839707
0.849152
0.831776
0.818916
0.822227
0.825782
0.839469
0.835585
0.817173
0.826903
0.824372
0.823079
0.834468
0.84513
0.833389
0.826309
0.823072
0.838372
0.825698
0.836051
0.820364
0.82859
0.825928
0.826225
0.852232
0.820758
0.838015
0.837964
0.83618
0.830725
0.823627
0.822027
0.828802
0.838042
0.831585
0.833796
0.825117
0.838428
0.831606
0.830671
0.820335
0.842968
0.822638
0.827545
0.820267
0.839311
0.833498
0.831086
0.820828
0.82427
0.82449
0.834202
0.824596
0.825748
0.827623
0.833166
0.828976
0.839234
0.827565
0.820392
0.831645
0.821966
0.842266
0.839032
0.831799
0.81857
0.839323
0.825347
0.831575
0.819668
0.828888
0.845309
0.823311
0.84733
0.817872
0.832266
0.832921
0.846202
0.823887
0.834949
0.824936
0.821984
0.824103
0.83469
0.827197
0.840959
0.831245
0.861921
0.834359
0.828109
0.827999
0.819555
0.823559
0.846088
0.835319
0.8221
0.825747
0.82535
0.820975
0.831495
0.831308
0.82753
0.834508
0.822119
0.830859
0.827967
0.83211
0.839673
0.828627
0.835316
0.828452
0.826037
0.822385
0.825012
0.852715
0.825956
0.82932
0.833291
0.831223
0.839746
0.833089
0.828305
0.828317
0.848508
0.818703
0.83366
0.827777
0.824734
0.82507
0.8313
0.813728
0.829657
0.847925
0.817326
0.825829
0.843868
0.841399
0.820677
0.8755
0.825768
0.832636
0.822728
0.846527
0.813157
0.831144
0.824881
0.844223
0.838306
0.827489
0.831323
0.83157
0.821417
0.826945
0.825488
0.831707
0.825364
0.838695
0.837856
0.848056
0.8318
0.836324
0.820471
0.841543
0.828473
0.830247
0.828114
0.829482
0.827111
0.825131
0.821991
0.827095
0.841995
0.823712
0.826126
0.85171
0.823899
0.825197
0.849836
0.833452
0.831175
0.825827
0.836369
0.845234
0.834988
0.841133
0.83233
0.825802
0.834251
0.823747
0.821332
0.835677
0.820308
0.828088
0.83116
0.864843
0.82585
0.823817
0.835834
0.840425
0.842482
0.8272
0.819731
0.825635
0.82631
0.849937
0.826516
0.831342
0.831229
0.833767
0.816907
0.818105
0.849434
0.838971
0.825747
0.834807
0.830649
0.821913
0.841767
0.816057
0.832284
0.820975
0.828167
0.838094
0.820261
0.816445
0.818715
0.824181
0.842638
0.830858
0.831325
0.8301
0.832687
0.8295
0.840423
0.831269
0.828515
0.8241
0.816473
0.830917
0.846297
0.833312
0.835474
0.837746
0.820689
0.818402
0.818127
0.827486
0.831588
0.822319
0.816759
0.835207
0.834803
0.829132
0.828622
0.826088
0.839516
0.836139
0.831912
0.830069
0.848068
0.834065
0.828859
0.853917
0.836957
0.824625
0.828938
0.820429
0.831244
0.824021
0.839962
0.819449
0.826199
0.823724
0.832624
0.823315
0.828133
0.839992
0.830899
0.827653
0.819791
0.823097
0.830527
0.83436
0.824326
0.819519
0.827097
0.834556
0.843354
0.851525
0.821203
0.827829
0.827328
0.840927
0.82414
0.8238
0.839268
0.831869
0.829036
0.8354
0.845837
0.834508
0.837461
0.834682
0.843998
0.822124
0.828874
0.819233
0.842488
0.828878
0.840457
0.825839
0.820085
0.825299
0.822164
0.819312
0.833561
0.826012
0.819754
0.838527
0.838111
0.831135
0.824119
0.83421
0.828216
0.83952
0.824458
0.817754
0.822263
0.831051
0.826788
0.824581
0.82614
0.843286
0.839294
0.833756
0.829146
0.825598
0.834356
0.82362
0.823293
0.829854
0.820988
0.818334
0.83131
0.864907
0.841744
0.824981
0.82403
0.823177
0.824399
0.834675
0.827604
0.840446
0.831655
0.828618
0.827837
0.827256
0.822536
0.831246
0.837696
0.836523
0.823011
0.844232
0.83537
0.832241
0.8275
0.825075
0.840296
0.845039
0.849265
0.834493
0.839686
0.829511
0.836566
0.826686
0.844459
0.818544
0.82527
0.829528
0.837749
0.843375
0.842945
0.836068
0.836247
0.838056
0.824047
0.852182
0.817097
0.836371
0.833473
0.838156
0.82921
0.839659
0.827633
0.83513
0.821666
0.827665
0.841955
0.820063
0.851323
0.827839
0.83225
0.828668
0.82047
0.832228
0.823745
0.83422
0.838138
0.848495
0.845705
0.843515
0.822514
0.833084
0.842517
0.822897
0.831212
0.835754
0.824161
0.825513
0.848255
0.85019
0.824979
0.838615
0.844751
0.839542
0.825058
0.831154
0.83569
0.831434
0.827913
0.820673
0.825353
0.825751
0.828281
0.825361
0.831632
0.83144
0.823012
0.833385
0.817606
0.828484
0.844356
0.831077
0.847319
0.844505
0.815843
0.84388
0.829842
0.826066
0.816727
0.837422
0.827816
0.837089
0.827793
0.832016
0.819977
0.827936
0.829499
0.832937
0.837436
0.826476
0.829857
0.829742
0.831533
0.83484
0.82765
0.823247
0.82627
0.837544
0.816753
0.837994
0.830819
0.834316
0.839221
0.826704
0.830694
0.814261
0.837319
0.826704
0.820811
0.851084
0.831415
0.830259
0.844239
0.832071
0.838982
0.834205
0.820879
0.839167
0.830141
0.845615
0.830631
0.822458
0.835525
0.825476
0.832623
0.831557
0.824005
0.826782
0.829887
0.827337
0.8322
0.825231
0.828456
0.830133
0.830618
0.830188
0.834598
0.831086
0.832555
0.827072
0.841183
0.836045
0.835331
0.834098
0.822353
0.82858
0.845844
0.822891
0.835718
0.824638
0.837907
0.819994
0.84064
0.835359
0.837035
0.83356
0.831773
0.830516
0.825523
0.835343
0.831785
0.831891
0.832142
0.842121
0.820288
0.843968
0.818859
0.84426
0.837156
0.836392
0.83455
0.821073
0.82929
0.852143
0.819481
0.850473
0.828296
0.830808
0.831875
0.829146
0.836328
0.833071
0.838136
0.833518
0.835786
0.824216
0.841847
0.844511
0.835746
0.834287
0.83429
0.832348
0.828119
0.820358
0.829821
0.81869
0.826445
0.812543
0.869563
0.818061
0.824975
0.844671
0.822946
0.844518
0.82819
0.832817
0.863747
0.82679
0.821008
0.839082
0.826348
0.814413
0.826073
0.840843
0.838239
0.83951
0.845815
0.845039
0.828296
0.827013
0.819783
0.823196
0.832222
0.834344
0.826351
0.829104
0.818866
0.829672
0.84324
0.817945
0.839486
0.842459
0.822355
0.835159
0.823287
0.839487
0.828998
0.82599
0.824829
0.824878
0.822672
0.825236
0.828566
0.834512
0.826506
0.828295
0.83299
0.828573
0.833108
0.854255
0.833974
0.825475
0.835905
0.842677
0.858336
0.826744
0.830745
0.832277
0.820535
0.840796
0.847839
0.831861
0.822633
0.842709
0.83997
0.833104
0.823301
0.843373
0.828055
0.842872
0.82488
0.845929
0.831293
0.83952
0.830706
0.825034
0.832901
0.82106
0.840875
0.826292
0.835665
0.823561
0.828057
0.822801
0.81907
0.823677
0.821457
0.82174
0.82171
0.846101
0.82318
0.838495
0.831313
0.851901
0.824572
0.830217
0.832636
0.845114
0.811698
0.829716
0.814583
0.827903
0.817028
0.835831
0.819929
0.83229
0.832054
0.841192
0.832875
0.822291
0.834014
0.828795
0.828416
0.819699
0.834233
0.830735
0.823323
0.840436
0.826785
0.828181
0.830378
0.83167
0.825349
0.817471
0.825307
0.822802
0.8365
0.825524
0.829217
0.825757
0.824612
0.852045
0.834735
0.823853
0.843285
0.831975
0.833464
0.830756
0.837301
0.821862
0.82277
0.819495
0.837118
0.838258
0.844759
0.824981
0.830781
0.853315
0.83465
0.83317
0.849535
0.827879
0.818258
0.851674
0.839019
0.837651
0.842186
0.826601
0.853173
0.822075
0.820828
0.831556
0.827303
0.8255
0.82954
0.828467
0.820566
0.82593
0.834247
0.846141
0.838885
0.830861
0.836875
0.822323
0.836735
0.834555
0.830907
0.856961
0.823948
0.841902
0.830026
0.825977
0.842859
0.836644
0.829049
0.823564
0.824017
0.828807
0.842415
0.842901
0.844712
0.82657
0.828647
0.835897
0.842699
0.830919
0.834606
0.822145
0.819568
0.845785
0.827106
0.833527
0.826268
0.835793
0.835783
0.835415
0.830207
0.828823
0.842956
0.833524
0.82924
0.849975
0.821873
0.83775
0.836413
0.828833
0.817469
0.830116
0.826132
0.844045
0.835485
0.861122
0.83817
0.835466
0.820428
0.83315
0.834356
0.829265
0.826761
0.828954
0.833329
0.824411
0.823495
0.835141
0.846308
0.835196
0.814139
0.823566
0.833293
0.82081
0.825781
0.841839
0.823203
0.831654
0.835959
0.853426
0.830542
0.846025
0.825688
0.839678
0.826466
0.832436
0.829867
0.82889
0.83714
0.86087
0.819839
0.82534
0.831228
0.826541
0.845111
0.838681
0.827396
0.836656
0.827247
0.830793
0.819355
0.822253
0.832412
0.82597
0.842644
0.830297
0.81917
0.831522
0.824893
0.832516
0.830982
0.842135
0.842207
0.836503
0.821965
0.843406
0.843483
0.831234
0.836804
0.82536
0.823013
0.849345
0.822425
0.835972
0.834145
0.819414
0.824035
0.842573
0.829714
0.826839
0.825142
0.835991
0.821339
0.845487
0.849105
0.824886
0.820273
0.845813
0.834516
0.834351
0.846174
0.838865
0.824888
0.837003
0.845828
0.825541
0.814528
0.821997
0.83121
0.839799
0.84126
0.830277
0.851421
0.836711
0.8413
0.822391
0.826413
0.817881
0.832582
0.825807
0.826946
0.832306
0.833075
0.818149
0.832487
0.822504
0.839553
0.836617
0.846169
0.82511
0.82787
0.820223
0.835937
0.82848
0.847727
0.818478
0.822336
0.828331
0.821627
0.832047
0.838154
0.828764
0.833231
0.825528
0.819892
0.857308
0.821836
0.845277
0.820181
0.825998
0.832111
0.822037
0.840557
0.823922
0.83242
0.831373
0.816173
0.819767
0.838929
0.830729
0.825687
0.831384
0.820798
0.826141
0.833283
0.826381
0.823889
0.824634
0.835635
0.821339
0.829853
0.841049
0.832663
0.820531
0.841935
0.82344
0.833171
0.82829
0.816417
0.829235
0.825609
0.828119
0.838765
0.831645
0.823662
0.867113
0.83551
0.851547
0.823604
0.831477
0.838178
0.826462
0.824654
0.839209
0.827798
0.836221
0.82216
0.824057
0.837534
0.818376
0.8299
0.840303
0.83553
0.845879
0.830152
0.824967
0.819678
0.836354
0.819298
0.824263
0.819883
0.833768
0.820218
0.835262
0.825632
0.831806
0.819752
0.839703
0.829519
0.837315
0.837154
0.828044
0.829704
0.834649
0.842466
0.84172
0.825372
0.826213
0.83592
0.827513
0.826054
0.839976
0.825443
0.820608
0.814855
0.833404
0.832594
0.818867
0.833427
0.83937
0.819591
0.826912
0.828178
0.844687
0.822416
0.842108
0.825738
0.845326
0.832632
0.818648
0.827401
0.819413
0.818762
0.820721
0.821139
0.822281
0.827339
0.838854
0.8365
0.833203
0.831143
0.834502
0.835804
0.827621
0.82704
0.840327
0.839215
0.838463
0.834171
0.821464
0.823672
0.84034
0.832869
0.825666
0.817023
0.838156
0.826414
0.831515
0.837104
0.830707
0.840543
0.828428
0.830193
0.839885
0.826247
0.833345
0.832403
0.813174
0.828004
0.817188
0.825615
0.826668
0.836862
0.838706
0.843987
0.823318
0.83952
0.833372
0.829129
0.871492
0.825205
0.832745
0.840386
0.830748
0.832195
0.843384
0.828462
0.843669
0.828082
0.8196
0.853219
0.824834
0.831619
0.829855
0.861123
0.826493
0.823549
0.823924
0.831038
0.833517
0.847206
0.832789
0.839939
0.826471
0.830143
0.826672
0.826224
0.823932
0.824189
0.834777
0.824622
0.814764
0.824681
0.825422
0.83944
0.825831
0.827848
0.849665
0.837942
0.830262
0.83086
0.852588
0.849214
0.856495
0.83144
0.835773
0.831283
0.819833
0.825081
0.824635
0.826981
0.828898
0.858339
0.837055
0.820137
0.822025
0.830551
0.825486
0.826385
0.831807
0.840191
0.841693
0.828748
0.839928
0.848016
0.840488
0.822126
0.828453
0.841388
0.83578
0.831271
0.822176
0.835012
0.83156
0.822593
0.826727
0.832421
0.825646
0.826949
0.830339
0.825924
0.824266
0.849475
0.828852
0.838621
0.825506
0.82252
0.834007
0.818679
0.82038
0.847519
0.83234
0.820166
0.830313
0.824169
0.827865
0.841172
0.838848
0.821309
0.825229
0.822151
0.8604
0.82566
0.818041
0.819021
0.828647
0.830213
0.837212
0.849921
0.866645
0.820508
0.829905
0.82647
0.828772
0.82816
0.83178
0.829337
0.828112
0.832258
0.838898
0.830302
0.824089
0.827402
0.836484
0.837183
0.831554
0.834826
0.834039
0.819748
0.819581
0.830314
0.831952
0.839615
0.839319
0.853163
0.82941
0.832984
0.823994
0.825043
0.821725
0.832891
0.828939
0.82817
0.823704
0.83273
0.830928
0.828786
0.82955
0.858082
0.822838
0.837457
0.846742
0.827116
0.825528
0.849197
0.829515
0.816981
0.8278
0.827032
0.826495
0.835195
0.814377
0.818109
0.819178
0.841418
0.832608
0.836533
0.817122
0.828119
0.836915
0.833537
0.838369
0.828638
0.822667
0.837193
0.823618
0.826669
0.830011
0.837619
0.8291
0.831171
0.827579
0.830091
0.837334
0.846902
0.849178
0.823239
0.828998
0.831033
0.83555
0.817953
0.82271
0.821309
0.825985
0.817896
0.830023
0.829018
0.829351
0.830502
0.849177
0.841287
0.851647
0.819287
0.818992
0.831069
0.828425
0.8299
0.823601
0.831726
0.832638
0.836311
0.838408
0.818984
0.829711
0.840931
0.823836
0.82834
0.819056
0.83428
0.833092
0.827685
0.831723
0.836789
0.824703
0.842446
0.848125
0.829526
0.844981
0.824373
0.823794
0.831887
0.829256
0.837121
0.830849
0.836594
0.826623
0.822245
0.83033
0.838886
0.823041
0.831124
0.821913
0.834947
0.825589
0.827724
0.826874
0.837732
0.847267
0.822098
0.833885
0.84198
0.823118
0.832438
0.828374
0.823124
0.823831
0.825826
0.819943
0.831402
0.827486
0.823655
0.8213
0.825842
0.849899
0.830842
0.84264
0.819879
0.829336
0.823451
0.83288
0.827385
0.819614
0.843474
0.820703
0.851431
0.829393
0.824136
0.83025
0.857519
0.828469
0.821222
0.829798
0.839159
0.830534
0.824662
0.824686
0.832637
0.823293
0.831158
0.834894
0.829897
0.828056
0.842934
0.82173
0.849851
0.832538
0.819781
0.835449
0.829115
0.82704
0.820939
0.827015
0.848248
0.844471
0.83804
0.822739
0.816633
0.843945
0.83443
0.829691
0.821109
0.8279
0.835418
0.836565
0.836637
0.844032
0.823211
0.836901
0.844019
0.827929
0.825706
0.826638
0.830602
0.824466
0.825508
0.845342
0.84156
0.829917
0.829366
0.834451
0.82889
0.825431
0.842036
0.830601
0.85313
0.829609
0.83092
0.843676
0.829749
0.831284
0.828912
0.828152
0.83095
0.829658
0.822839
0.833616
0.822806
0.837543
0.820724
0.828284
0.832261
0.848929
0.829235
0.827176
0.818601
0.83251
0.823108
0.830834
0.827111
0.840124
0.850038
0.83335
0.824825
0.848683
0.824302
0.825382
0.820948
0.830715
0.828051
0.839551
0.815507
0.831483
0.83208
0.848503
0.830272
0.839839
0.825744
0.839814
0.829855
0.827994
0.842839
0.81658
0.838729
0.832847
0.827465
0.828119
0.82035
0.835969
0.826416
0.826922
0.849048
0.83902
0.833209
0.825716
0.820813
0.822919
0.831441
0.833554
0.825479
0.82354
0.828863
0.849318
0.818635
0.821282
0.83188
0.824059
0.831762
0.819969
0.833451
0.828646
0.843112
0.829824
0.865825
0.828692
0.827777
0.828432
0.841234
0.82008
0.825389
0.830725
0.854721
0.819333
0.838478
0.829082
0.829073
0.830091
0.837427
0.836718
0.826284
0.847381
0.831049
0.827066
0.827065
0.825947
0.825006
0.820407
0.827893
0.830332
0.824686
0.826149
0.844993
0.823632
0.831722
0.839732
0.82192
0.833953
0.82383
0.825489
0.825165
0.817791
0.828175
0.816285
0.824419
0.859605
0.836263
0.82091
0.817271
0.83053
0.82933
0.836111
0.822822
0.824121
0.827836
0.825777
0.829741
0.827512
0.822264
0.829979
0.830105
0.828147
0.832606
0.828672
0.834989
0.828148
0.849569
0.829929
0.834558
0.83366
0.831398
0.841051
0.840707
0.834131
0.837266
0.8316
0.85981
0.828059
0.84278
0.831068
0.834184
0.831499
0.817422
0.837077
0.832807
0.835168
0.823266
0.823178
0.829228
0.827785
0.826547
0.835516
0.827674
0.846992
0.843798
0.828764
0.830487
0.834025
0.826845
0.825175
0.827615
0.838537
0.825633
0.835208
0.829731
0.830236
0.82356
0.819432
0.828563
0.827241
0.829969
0.840706
0.853213
0.8243
0.835337
0.830179
0.826757
0.822184
0.832832
0.828978
0.826899
0.834623
0.822097
0.834322
0.837214
0.830369
0.821891
0.837846
0.826213
0.830837
0.828082
0.821021
0.826055
0.827179
0.836431
0.822033
0.827112
0.830372
0.83921
0.821526
0.825925
0.829839
0.840726
0.831013
0.82971
0.825297
0.829879
0.826321
0.833095
0.828964
0.832195
0.843965
0.835666
0.842377
0.819207
0.83624
0.820624
0.842985
0.864581
0.829676
0.827442
0.834452
0.858807
0.82739
0.831896
0.835823
0.846261
0.835227
0.841403
0.837392
0.832137
0.834455
0.831485
0.841117
0.828993
0.843422
0.823126
0.825317
0.830269
0.82378
0.82384
0.832955
0.826262
0.825694
0.832272
0.851063
0.823833
0.835788
0.837137
0.829605
0.816951
0.827117
0.830981
0.839872
0.821052
0.831724
0.841604
0.822519
0.856841
0.823514
0.851057
0.842386
0.816753
0.827763
0.82389
0.825309
0.823642
0.826448
0.81891
0.847681
0.825077
0.828286
0.821933
0.8332
0.835004
0.825846
0.819322
0.826511
0.843312
0.832583
0.826566
0.826989
0.836045
0.838089
0.82021
0.839131
0.831571
0.829297
0.823989
0.82407
0.827838
0.816223
0.835127
0.834626
0.828892
0.836733
0.827001
0.828507
0.836816
0.820372
0.832651
0.82304
0.84274
0.838309
0.828686
0.825715
0.83659
0.828974
0.834142
0.819694
0.820886
0.83872
0.823562
0.825739
0.820434
0.841814
0.830769
0.837761
0.828282
0.829325
0.837507
0.832609
0.855732
0.824834
0.828864
0.822252
0.818486
0.832371
0.834877
0.828185
0.828283
0.82204
0.827731
0.819627
0.826607
0.835922
0.850733
0.829073
0.825988
0.820368
0.824005
0.829544
0.832818
0.834852
0.834077
0.835516
0.823774
0.838841
0.819486
0.834541
0.842182
0.830073
0.829683
0.824767
0.828764
0.842595
0.823506
0.832043
0.832235
0.827466
0.83137
0.822999
0.820536
0.847355
0.822626
0.828931
0.833445
0.830554
0.826401
0.821777
0.826178
0.823888
0.83851
0.829052
0.827788
0.828725
0.819766
0.835812
0.823638
0.827786
0.824785
0.849121
0.830456
0.817782
0.839616
0.837455
0.830279
0.846066
0.835754
0.821281
0.843085
0.831883
0.827816
0.826452
0.823233
0.831642
0.849233
0.826456
0.829522
0.830103
0.823072
0.820871
0.831652
0.825399
0.821921
0.836836
0.829607
0.84049
0.832485
0.825753
0.834432
0.847984
0.837784
0.825625
0.83288
0.822977
0.830502
0.834357
0.864745
0.830042
0.829026
0.816472
0.825726
0.823996
0.821824
0.820609
0.823484
0.825481
0.824493
0.833065
0.828889
0.840383
0.816615
0.827301
0.826783
0.833408
0.832218
0.816444
0.832436
0.822082
0.823601
0.817374
0.82855
0.835243
0.830521
0.836129
0.833459
0.832642
0.832188
0.834123
0.844123
0.833116
0.830387
0.827986
0.831325
0.830264
0.828335
0.831238
0.827297
0.833391
0.829495
0.833655
0.826717
0.827303
0.836183
0.837223
0.843744
0.8333
0.842431
0.835508
0.826593
0.853772
0.827867
0.842984
0.821789
0.822367
0.829742
0.829807
0.82234
0.825728
0.838316
0.839433
0.825609
0.835535
0.837504
0.823949
0.825308
0.835539
0.821232
0.819936
0.830279
0.829441
0.844393
0.8224
0.828844
0.826937
0.821346
0.824366
0.828429
0.843453
0.839281
0.830948
0.842829
0.82963
0.820527
0.831699
0.835663
0.842267
0.837655
0.824499
0.826991
0.829527
0.83078
0.829662
0.83353
0.831857
0.839679
0.821763
0.823233
0.829022
0.842062
0.825802
0.827624
0.823375
0.831214
0.827156
0.842878
0.837968
0.824101
0.832237
0.823506
0.826845
0.825368
0.825896
0.831207
0.833564
0.835912
0.830037
0.833193
0.830854
0.830386
0.819918
0.842481
0.825143
0.836127
0.831965
0.833594
0.833834
0.827586
0.830097
0.82183
0.833357
0.824654
0.829864
0.845819
0.828565
0.828117
0.8299
0.839449
0.830172
0.837297
0.832419
0.84129
0.827187
0.836848
0.820515
0.835255
0.835204
0.829615
0.825407
0.854666
0.82045
0.837086
0.843902
0.851891
0.836494
0.823447
0.837256
0.821608
0.834153
0.830434
0.826125
0.833122
0.827333
0.852022
0.826395
0.846421
0.841712
0.828465
0.837486
0.825082
0.841884
0.822757
0.821836
0.840551
0.821493
0.822032
0.826474
0.828631
0.824889
0.825988
0.822178
0.832204
0.831918
0.8382
0.822918
0.823989
0.835135
0.839297
0.831816
0.831201
0.820913
0.815741
0.826413
0.830498
0.822
0.832572
0.830533
0.831281
0.829441
0.825896
0.830589
0.832612
0.829568
0.840915
0.827171
0.820596
0.83985
0.825832
0.821596
0.862495
0.821779
0.813629
0.823377
0.843899
0.827833
0.833816
0.828936
0.825219
0.824653
0.835139
0.828436
0.841427
0.826303
0.832436
0.825621
0.830526
0.836953
0.841822
0.841965
0.831875
0.834584
0.845087
0.821502
0.822311
0.821495
0.82422
0.819032
0.825301
0.8292
0.820861
0.820482
0.829943
0.824691
0.83908
0.828174
0.833004
0.830163
0.82359
0.829081
0.836304
0.827613
0.826234
0.822124
0.836801
0.850804
0.823657
0.833683
0.825973
0.848853
0.832666
0.825974
0.83265
0.819658
0.831034
0.823561
0.824499
0.82561
0.829135
0.815611
0.845779
0.818009
0.830909
0.817416
0.838583
0.823404
0.835006
0.834557
0.826491
0.830612
0.832867
0.848754
0.824428
0.834216
0.833816
0.824753
0.828692
0.82643
0.850352
0.838395
0.844268
0.828059
0.821777
0.813869
0.826687
0.83303
0.817378
0.828284
0.828768
0.831825
0.830313
0.839681
0.837361
0.831201
0.825216
0.828804
0.8272
0.833238
0.832483
0.819242
0.831251
0.839637
0.822286
0.825773
0.826093
0.825227
0.829431
0.829891
0.828186
0.824821
0.828573
0.829689
0.841947
0.846963
0.825794
0.849555
0.839809
0.828341
0.81929
0.823988
0.827362
0.824829
0.837003
0.819394
0.827909
0.839406
0.874017
0.838656
0.836331
0.843482
0.826094
0.822533
0.843425
0.830461
0.820586
0.834099
0.817473
0.829374
0.818224
0.818099
0.818582
0.824718
0.848057
0.831875
0.824941
0.83302
0.839489
0.821855
0.829491
0.824442
0.831438
0.821239
0.811517
0.851519
0.823201
0.823348
0.847683
0.832578
0.833119
0.824272
0.829172
0.833519
0.837259
0.83641
0.835469
0.818778
0.844177
0.830392
0.845117
0.834743
0.832629
0.844868
0.821921
0.841633
0.822399
0.834038
0.83716
0.833175
0.836262
0.829263
0.827584
0.844273
0.81888
0.835851
0.836607
0.839684
0.819412
0.831497
0.864583
0.8165
0.835034
0.819824
0.828254
0.851702
0.834642
0.835663
0.825342
0.822062
0.829649
0.82813
0.836458
0.831209
0.85593
0.842135
0.848776
0.839855
0.828897
0.838207
0.827423
0.836992
0.826496
0.820525
0.830893
0.819285
0.840613
0.823615
0.857882
0.831221
0.818627
0.826036
0.827266
0.836839
0.841283
0.833627
0.830449
0.8287
0.843646
0.840214
0.83969
0.831546
0.847146
0.82493
0.844377
0.82748
0.825072
0.83182
0.82738
0.831296
0.833302
0.821821
0.824516
0.821444
0.836759
0.820711
0.830557
0.826533
0.833113
0.82873
0.827932
0.832373
0.841595
0.821856
0.816812
0.830421
0.832384
0.821162
0.83162
0.828599
0.827066
0.83127
0.834575
0.824746
0.828749
0.848704
0.832461
0.838786
0.819573
0.842625
0.835469
0.819225
0.827478
0.839333
0.834685
0.849782
0.825039
0.84534
0.825953
0.830544
0.819234
0.831274
0.82809
0.823902
0.839707
0.81746
0.826156
0.813843
0.832993
0.83215
0.839891
0.853334
0.827566
0.822958
0.838744
0.828652
0.833298
0.826179
0.838003
0.833825
0.830147
0.826098
0.819301
0.832923
0.831767
0.832702
0.825143
0.842142
0.845449
0.817705
0.810162
0.833803
0.834375
0.844871
0.841374
0.840415
0.838352
0.833053
0.826876
0.829619
0.821776
0.836695
0.834043
0.823403
0.823838
0.81849
0.835525
0.830018
0.823727
0.825552
0.841987
0.842327
0.827094
0.845404
0.832862
0.829113
0.832904
0.824505
0.818022
0.844157
0.846301
0.832929
0.846049
0.82628
0.823594
0.827239
0.820705
0.835979
0.823851
0.833843
0.82988
0.820651
0.839139
0.840767
0.829988
0.828745
0.847356
0.830852
0.849995
0.855422
0.824224
0.853951
0.823996
0.828881
0.836578
0.824478
0.827402
0.821147
0.830434
0.818647
0.838967
0.827349
0.819943
0.844928
0.83578
0.858463
0.82771
0.831599
0.823465
0.823311
0.817419
0.836191
0.820411
0.819071
0.847858
0.835357
0.821433
0.842547
0.842522
0.822724
0.813637
0.823753
0.831169
0.817649
0.848605
0.851759
0.825254
0.833392
0.829871
0.831767
0.839358
0.832443
0.817699
0.833122
0.837858
0.836016
0.840864
0.835836
0.837054
0.844089
0.838271
0.820704
0.817599
0.828746
0.828034
0.841744
0.831399
0.835725
0.816564
0.824717
0.840147
0.820451
0.831862
0.828059
0.836381
0.838457
0.842136
0.833242
0.834665
0.830008
0.831407
0.828517
0.824563
0.828824
0.848222
0.848663
0.832263
0.839169
0.843943
0.842968
0.839801
0.828747
0.828758
0.83765
0.827814
0.828371
0.820436
0.825283
0.834516
0.834697
0.828202
0.82495
0.826679
0.858302
0.83374
0.836039
0.83585
0.823333
0.826813
0.839707
0.829447
0.823285
0.825868
0.821795
0.83954
0.829492
0.820151
0.819028
0.834199
0.834072
0.831389
0.829293
0.832866
0.820856
0.83614
0.81653
0.824418
0.830698
0.844429
0.822058
0.821603
0.834866
0.825433
0.827157
0.819316
0.827037
0.830454
0.82703
0.833014
0.824195
0.84748
0.825936
0.836311
0.835363
0.826457
0.827842
0.835868
0.838427
0.828603
0.826841
0.825214
0.827922
0.833536
0.825803
0.842095
0.865319
0.835236
0.833847
0.8345
0.827663
0.84485
0.826166
0.833478
0.834987
0.82833
0.819649
0.830765
0.826475
0.829305
0.828267
0.821635
0.833746
0.828402
0.843558
0.828748
0.842474
0.833199
0.829916
0.836398
0.843933
0.821901
0.851204
0.859353
0.842817
0.828696
0.829115
0.833756
0.837682
0.821845
0.820629
0.832277
0.817883
0.828975
0.82318
0.838095
0.824664
0.832069
0.829925
0.844026
0.831891
0.836423
0.842567
0.822749
0.815799
0.836033
0.830779
0.842372
0.848899
0.827316
0.844228
0.836809
0.837073
0.842238
0.832402
0.821299
0.844528
0.82943
0.839313
0.832091
0.843237
0.833568
0.843748
0.83316
0.831188
0.835205
0.823822
0.829162
0.822167
0.853987
0.82278
0.821334
0.840692
0.822907
0.84127
0.832415
0.831746
0.821878
0.831627
0.81979
0.834342
0.836644
0.836305
0.847314
0.831384
0.831838
0.848691
0.828303
0.821677
0.832193
0.835585
0.815153
0.825541
0.823818
0.826689
0.828472
0.829252
0.835009
0.83365
0.832179
0.823892
0.818608
0.835758
0.816596
0.827836
0.829196
0.820373
0.821384
0.825439
0.837433
0.821843
0.830676
0.831467
0.83889
0.831368
0.83491
0.82957
0.821384
0.830535
0.822812
0.833672
0.835919
0.82722
0.824144
0.82107
0.849056
0.82532
0.831286
0.852891
0.833838
0.828719
0.832282
0.833786
0.818226
0.818833
0.850187
0.827186
0.832614
0.835797
0.816891
0.82376
0.822642
0.828817
0.840649
0.83678
0.820231
0.818343
0.823335
0.83423
0.832673
0.833371
0.820902
0.835906
0.831164
0.835074
0.840167
0.83185
0.835523
0.824103
0.835685
0.834589
0.821991
0.828534
0.830953
0.834944
0.831352
0.822488
0.82697
0.828726
0.839129
0.832104
0.825395
0.839602
0.833604
0.820646
0.828333
0.823131
0.841682
0.832439
0.83125
0.823181
0.836036
0.824959
0.857209
0.835624
0.826983
0.830283
0.828594
0.833203
0.829251
0.839429
0.822038
0.844811
0.834427
0.822995
0.827412
0.830739
0.82748
0.824195
0.815666
0.839191
0.827128
0.826525
0.836414
0.830292
0.821713
0.839913
0.825932
0.825954
0.831976
0.822025
0.832936
0.827629
0.824917
0.820981
0.835134
0.83569
0.834196
0.820669
0.823578
0.829926
0.829787
0.83378
0.839039
0.839445
0.840466
0.847438
0.821136
0.849888
0.84213
0.818089
0.835994
0.823396
0.825591
0.833181
0.824962
0.841175
0.838256
0.835548
0.837227
0.834477
0.831319
0.854478
0.833482
0.822962
0.828663
0.821259
0.827585
0.828391
0.827249
0.838046
0.83183
0.828555
0.841884
0.83682
0.838925
0.818087
0.828057
0.834541
0.839491
0.817557
0.824714
0.843767
0.834075
0.819655
0.831585
0.840103
0.842677
0.836733
0.825693
0.818481
0.833185
0.826875
0.835656
0.844926
0.824005
0.831952
0.835719
0.816019
0.850936
0.824232
0.824858
0.830744
0.83854
0.814262
0.832195
0.826742
0.836625
0.829738
0.829933
0.823455
0.836191
0.835317
0.824845
0.827359
0.849313
0.827988
0.830987
0.845688
0.827962
0.818405
0.839036
0.82272
0.828581
0.84238
0.825769
0.834557
0.846588
0.829699
0.842603
0.840874
0.81933
0.820586
0.819518
0.824021
0.820572
0.824195
0.828701
0.828695
0.829552
0.842294
0.835122
0.829615
0.831273
0.823984
0.830774
0.841493
0.825477
0.831449
0.829549
0.824329
0.817145
0.843871
0.832604
0.827862
0.818732
0.823664
0.838891
0.839726
0.831603
0.824514
0.82428
0.827287
0.841063
0.833154
0.819308
0.828447
0.827922
0.849345
0.829971
0.826735
0.824145
0.83897
0.834754
0.837955
0.827583
0.817498
0.820297
0.843287
0.833495
0.826586
0.850415
0.827201
0.828589
0.825481
0.820142
0.838647
0.828262
0.828149
0.842289
0.822555
0.842297
0.835381
0.830516
0.831703
0.825012
0.836318
0.845835
0.836748
0.830212
0.831481
0.839679
0.816372
0.823586
0.830094
0.835417
0.828949
0.828723
0.825074
0.837587
0.829391
0.83242
0.838491
0.826772
0.848357
0.832405
0.837609
0.827881
0.839862
0.830744
0.841243
0.824914
0.826718
0.831502
0.825078
0.82679
0.826394
0.832038
0.84034
0.833311
0.836079
0.825078
0.82047
0.840881
0.823024
0.82153
0.841795
0.828439
0.826332
0.863493
0.831178
0.842955
0.825216
0.828176
0.827086
0.8287
0.829038
0.855938
0.826962
0.829989
0.854947
0.825927
0.838681
0.830407
0.834603
0.830333
0.83226
0.833734
0.826921
0.841799
0.832111
0.829127
0.832823
0.824701
0.818791
0.824391
0.830356
0.823018
0.82639
0.829346
0.829648
0.833508
0.829725
0.82811
0.822606
0.839987
0.827953
0.841979
0.829234
0.824367
0.83484
0.84589
0.830012
0.826423
0.830026
0.836089
0.832216
0.838867
0.84066
0.822213
0.822349
0.845975
0.831887
0.836199
0.837913
0.846996
0.832579
0.849652
0.838893
0.842678
0.828715
0.828907
0.834872
0.838679
0.839267
0.82525
0.834029
0.837717
0.824839
0.834481
0.826386
0.826689
0.836265
0.826452
0.821377
0.828522
0.85931
0.835114
0.826894
0.836352
0.812426
0.831823
0.837862
0.838007
0.840007
0.843026
0.834185
0.833268
0.852821
0.839501
0.840543
0.829129
0.836663
0.826845
0.827236
0.829555
0.831369
0.837667
0.836282
0.825891
0.831088
0.846624
0.828657
0.824119
0.838117
0.846879
0.822315
0.83173
0.829808
0.821204
0.833366
0.8276
0.834648
0.829374
0.825024
0.830561
0.823232
0.864395
0.835882
0.829379
0.837318
0.831797
0.846881
0.830461
0.815018
0.827884
0.824128
0.830341
0.833578
0.838534
0.820552
0.838721
0.82506
0.816285
0.826138
0.853435
0.820502
0.826313
0.833004
0.838361
0.831865
0.830546
0.835933
0.82636
0.826821
0.812878
0.835319
0.832035
0.826633
0.82795
0.837543
0.821212
0.838288
0.848313
0.841256
0.83075
0.814867
0.836214
0.825417
0.819465
0.832534
0.839542
0.827258
0.822274
0.828194
0.83585
0.831805
0.840092
0.821931
0.827522
0.834475
0.838965
0.826326
0.83281
0.832422
0.818869
0.822913
0.823868
0.863776
0.831953
0.853333
0.835641
0.824966
0.833788
0.830462
0.84925
0.840097
0.831927
0.830397
0.850333
0.831498
0.843443
0.829985
0.82236
0.831426
0.85426
0.821416
0.832051
0.834122
0.816364
0.828294
0.826031
0.828181
0.837898
0.8333
0.823235
0.824304
0.829083
0.821821
0.851943
0.83375
0.822613
0.837469
0.828009
0.826744
0.833619
0.829451
0.822822
0.842628
0.833365
0.830452
0.828333
0.834366
0.82459
0.831176
0.825845
0.831733
0.823808
0.843377
0.832862
0.817219
0.844819
0.824539
0.824006
0.83404
0.814985
0.818174
0.840836
0.820659
0.823744
0.82611
0.830816
0.822404
0.832217
0.846186
0.818908
0.831765
0.826632
0.818745
0.84483
0.836604
0.831068
0.829036
0.839755
0.828726
0.839737
0.833466
0.854587
0.838105
0.833277
0.820883
0.827166
0.836518
0.849245
0.827026
0.824662
0.824071
0.828738
0.840016
0.827238
0.818999
0.821312
0.823277
0.83088
0.830424
0.858769
0.830979
0.841542
0.835527
0.817451
0.825669
0.816958
0.841119
0.837794
0.829268
0.827394
0.836459
0.823866
0.835981
0.842195
0.83022
0.839021
0.829725
0.831573
0.828178
0.835549
0.840878
0.823855
0.837379
0.849264
0.838103
0.834254
0.830094
0.827918
0.838031
0.82725
0.828297
0.823515
0.832098
0.848144
0.822843
0.836076
0.829063
0.825832
0.823622
0.826697
0.827616
0.827174
0.850976
0.848992
0.820342
0.847068
0.828838
0.827986
0.837201
0.830541
0.830258
0.826245
0.825959
0.839273
0.818691
0.85858
0.827558
0.832576
0.822728
0.827759
0.83144
0.857876
0.823613
0.829809
0.830623
0.843643
0.823756
0.823305
0.833562
0.831404
0.841589
0.823925
0.828359
0.82509
0.831465
0.826396
0.832983
0.827637
0.831863
0.826247
0.820907
0.844011
0.860236
0.820843
0.838471
0.819741
0.826542
0.823051
0.825852
0.828591
0.826567
0.830285
0.820964
0.826416
0.817
0.828985
0.829424
0.832173
0.841817
0.8369
0.826406
0.826755
0.826834
0.820629
0.824414
0.842708
0.828867
0.834101
0.82796
0.826076
0.829943
0.821199
0.825881
0.835524
0.826155
0.827889
0.826379
0.825545
0.830513
0.854547
0.841371
0.829407
0.822378
0.822416
0.835353
0.819347
0.832942
0.826214
0.838039
0.826297
0.833089
0.823234
0.827247
0.83774
0.830402
0.826543
0.822837
0.836983
0.828901
0.81629
0.8455
0.830151
0.822754
0.821292
0.838688
0.833065
0.833335
0.837894
0.832828
0.835528
0.829683
0.848807
0.833772
0.838788
0.854327
0.828105
0.835203
0.823853
0.837424
0.83828
0.827385
0.827283
0.822296
0.823396
0.833846
0.829316
0.823542
0.816978
0.831025
0.827556
0.818345
0.831379
0.832243
0.828886
0.822412
0.830658
0.833444
0.834172
0.82625
0.824394
0.826467
0.842514
0.821793
0.826105
0.834412
0.831846
0.827152
0.822124
0.819367
0.832197
0.825316
0.82501
0.83156
0.833007
0.831936
0.824288
0.834619
0.825478
0.822073
0.837659
0.876163
0.818399
0.832307
0.834854
0.825441
0.831587
0.829842
0.824814
0.831058
0.834162
0.834358
0.833627
0.820647
0.824198
0.825953
0.821928
0.820161
0.828963
0.833069
0.840006
0.839611
0.827114
0.830572
0.819629
0.822835
0.833855
0.831607
0.822111
0.834148
0.832204
0.824108
0.825279
0.832286
0.842247
0.821978
0.82843
0.841312
0.819654
0.842681
0.828235
0.842913
0.830733
0.853611
0.815188
0.824791
0.831339
0.834242
0.824149
0.820554
0.834548
0.830239
0.838688
0.826032
0.820313
0.839999
0.825734
0.82953
0.835151
0.84087
0.82801
0.82325
0.832295
0.834527
0.82337
0.831503
0.823626
0.830583
0.831268
0.819006
0.839122
0.822356
0.826354
0.828747
0.828452
0.823438
0.822612
0.819377
0.835537
0.824675
0.822716
0.833296
0.82221
0.819873
0.830967
0.821889
0.828081
0.848811
0.817394
0.833105
0.834013
0.844153
0.8297
0.840659
0.823345
0.824962
0.831925
0.834983
0.827455
0.834073
0.831403
0.827771
0.833355
0.823931
0.831491
0.841412
0.845834
0.84117
0.820269
0.818741
0.829257
0.833136
0.831201
0.82588
0.826442
0.830428
0.836008
0.830233
0.840937
0.862083
0.833755
0.821222
0.830232
0.833977
0.824979
0.830996
0.822632
0.82034
0.821103
0.841353
0.829761
0.838945
0.823574
0.826871
0.85036
0.840717
0.836916
0.870032
0.821121
0.833097
0.852851
0.81592
0.833887
0.831901
0.819611
0.82062
0.822068
0.850696
0.834821
0.836171
0.830808
0.823424
0.824966
0.835188
0.850274
0.823313
0.826752
0.824112
0.8214
0.834745
0.827531
0.81841
0.832778
0.826441
0.832029
0.824834
0.841232
0.845797
0.828774
0.831317
0.822039
0.842322
0.826956
0.819476
0.834618
0.835902
0.829845
0.827189
0.818294
0.824699
0.837232
0.822465
0.824939
0.825481
0.831112
0.833846
0.837759
0.833012
0.838028
0.827378
0.841171
0.847476
0.847208
0.827751
0.843514
0.83297
0.831195
0.832333
0.853977
0.836908
0.825058
0.819916
0.832207
0.838396
0.828395
0.830413
0.842277
0.84002
0.816671
0.817844
0.822327
0.831589
0.865767
0.840415
0.829405
0.835796
0.841351
0.818401
0.825793
0.833661
0.833393
0.835892
0.832424
0.826016
0.835856
0.813977
0.834815
0.837827
0.818629
0.824613
0.838317
0.830913
0.856974
0.833648
0.828624
0.835207
0.824756
0.824054
0.828818
0.815541
0.838745
0.819833
0.833276
0.825014
0.833348
0.835726
0.837145
0.827541
0.851755
0.840489
0.823384
0.849358
0.830962
0.833828
0.834813
0.827991
0.818495
0.837386
0.843275
0.81807
0.829682
0.847413
0.825878
0.823569
0.839072
0.819737
0.82808
0.819519
0.831547
0.834805
0.824777
0.823112
0.829161
0.837486
0.840244
0.821798
0.835985
0.833891
0.828525
0.824758
0.825138
0.83122
0.82791
0.851097
0.823614
0.829053
0.824692
0.819818
0.815219
0.831718
0.834086
0.834928
0.827811
0.824997
0.827765
0.834148
0.817873
0.828079
0.834829
0.8299
0.82088
0.82648
0.829713
0.826531
0.827773
0.829573
0.824393
0.8351
0.830388
0.82801
0.824147
0.85127
0.822492
0.822168
0.818448
0.822465
0.834281
0.828542
0.837624
0.851407
0.834032
0.83175
0.815704
0.834433
0.835648
0.824038
0.845075
0.841281
0.829961
0.831237
0.830636
0.823514
0.825626
0.824806
0.82839
0.846949
0.830568
0.845695
0.836706
0.837263
0.838976
0.821376
0.818205
0.837337
0.833958
0.821197
0.820035
0.826445
0.832298
0.830497
0.841586
0.854829
0.828583
0.830781
0.824988
0.833164
0.826609
0.833843
0.854804
0.821307
0.827462
0.829699
0.829495
0.83008
0.818891
0.828896
0.834896
0.834396
0.833137
0.819065
0.844566
0.840054
0.824068
0.851173
0.827961
0.822542
0.824226
0.836434
0.82802
0.822642
0.831171
0.845912
0.827288
0.836906
0.831278
0.823994
0.828174
0.840774
0.82209
0.822635
0.824684
0.833856
0.813503
0.819399
0.8302
0.830822
0.830552
0.830765
0.835375
0.821794
0.829479
0.823694
0.825845
0.825528
0.817861
0.8405
0.834158
0.830459
0.830568
0.823561
0.825249
0.836004
0.834169
0.831998
0.829136
0.841379
0.846536
0.827568
0.836045
0.829547
0.838975
0.847886
0.829767
0.837892
0.823053
0.838229
0.837138
0.825466
0.832676
0.817028
0.83049
0.831649
0.828052
0.823166
0.822582
0.833529
0.838399
0.826375
0.831404
0.831296
0.81921
0.834774
0.833964
0.824544
0.824605
0.82232
0.830864
0.825156
0.844318
0.831245
0.82348
0.816626
0.836156
0.831036
0.829096
0.825506
0.840978
0.819039
0.825243
0.828003
0.818036
0.834124
0.819591
0.823523
0.837667
0.834263
0.828746
0.824725
0.840918
0.848448
0.829687
0.84114
0.824582
0.824599
0.839281
0.831376
0.82931
0.828496
0.832135
0.820627
0.837007
0.827188
0.82986
0.834848
0.836598
0.82469
0.832104
0.832808
0.824912
0.822927
0.828879
0.819792
0.839077
0.830628
0.830798
0.829064
0.834457
0.834432
0.83199
0.824062
0.825872
0.827937
0.850848
0.824074
0.835539
0.848585
0.83325
0.831273
0.827608
0.82808
0.82776
0.827327
0.819835
0.827689
0.829114
0.838975
0.823064
0.827639
0.826504
0.829332
0.832612
0.820454
0.848192
0.831042
0.830503
0.824279
0.82889
0.828275
0.834957
0.838268
0.83483
0.82569
0.823013
0.845913
0.825508
0.834452
0.816826
0.824861
0.825775
0.84555
0.830412
0.836803
0.833423
0.831894
0.831749
0.839149
0.826836
0.833872
0.819391
0.817893
0.851259
0.837026
0.836331
0.840243
0.833928
0.814713
0.819628
0.825221
0.851335
0.830472
0.824553
0.826237
0.824957
0.826626
0.839255
0.832827
0.820948
0.839301
0.832676
0.819433
0.833981
0.831991
0.827664
0.817093
0.823483
0.838847
0.823029
0.825191
0.844765
0.829321
0.841281
0.831295
0.831393
0.825849
0.834693
0.838443
0.834965
0.822157
0.862036
0.821349
0.832214
0.842935
0.834611
0.828482
0.82192
0.824631
0.82398
0.834495
0.834581
0.833896
0.829066
0.821844
0.829933
0.833275
0.823955
0.82696
0.819122
0.829114
0.82905
0.828448
0.830963
0.82666
0.825095
0.841919
0.833811
0.834194
0.819165
0.829493
0.830867
0.827493
0.829828
0.828124
0.827158
0.827756
0.831526
0.826622
0.826319
0.82868
0.832377
0.823558
0.833508
0.843991
0.831828
0.842294
0.825129
0.832048
0.82776
0.835143
0.824369
0.836044
0.828517
0.823347
0.827039
0.827004
0.822493
0.831208
0.823244
0.817375
0.821607
0.827575
0.83944
0.822237
0.83319
0.83372
0.832689
0.824994
0.833188
0.828644
0.833062
0.837442
0.822207
0.845619
0.833398
0.826564
0.82823
0.828723
0.823742
0.820074
0.827227
0.835903
0.825329
0.836183
0.822796
0.836903
0.816398
0.82255
0.83356
0.827085
0.827015
0.833385
0.832231
0.831655
0.870371
0.829246
0.836023
0.816957
0.828406
0.83542
0.83011
0.847596
0.838797
0.83228
0.835678
0.843024
0.821337
0.83014
0.819279
0.82552
0.847921
0.831449
0.829749
0.823393
0.829656
0.828857
0.832373
0.825541
0.83487
0.826008
0.831973
0.82466
0.834437
0.848439
0.81983
0.825521
0.821149
0.831948
0.82921
0.856829
0.834061
0.833972
0.836795
0.831991
0.822619
0.827944
0.824173
0.843831
0.834341
0.826264
0.829845
0.834009
0.818841
0.81836
0.816722
0.844414
0.831215
0.831208
0.851251
0.832269
0.833314
0.822095
0.819629
0.830615
0.822043
0.833096
0.829798
0.831815
0.83439
0.836765
0.828719
0.842229
0.817706
0.820243
0.837394
0.831393
0.823323
0.835957
0.830976
0.832815
0.825963
0.833136
0.842244
0.850825
0.850484
0.817773
0.843725
0.833073
0.838556
0.84154
0.818804
0.822907
0.819516
0.826
0.83793
0.849851
0.82217
0.83824
0.829111
0.827107
0.831566
0.828481
0.820978
0.824652
0.816927
0.830021
0.823968
0.822282
0.841067
0.815657
0.847033
0.848076
0.824533
0.828153
0.825993
0.834836
0.820383
0.828813
0.838921
0.840008
0.828037
0.82671
0.838159
0.821753
0.830149
0.835294
0.827392
0.837379
0.850439
0.848213
0.831542
0.822863
0.827417
0.815299
0.842953
0.851695
0.822782
0.840358
0.823502
0.829015
0.827249
0.828091
0.819339
0.835122
0.828951
0.829872
0.82424
0.826455
0.832923
0.824615
0.833793
0.83512
0.825329
0.841686
0.830981
0.826064
0.823992
0.853179
0.834046
0.835819
0.825791
0.83131
0.84094
0.823572
0.822002
0.823557
0.828972
0.826591
0.831835
0.831866
0.828185
0.825695
0.837288
0.838543
0.840707
0.811482
0.836447
0.821614
0.832013
0.823637
0.832432
0.831424
0.827884
0.825437
0.837916
0.838585
0.826517
0.850303
0.835202
0.835379
0.833088
0.820405
0.844713
0.827386
0.835115
0.849448
0.838478
0.830509
0.818259
0.853116
0.823885
0.827662
0.835263
0.827567
0.838161
0.835504
0.842994
0.825221
0.844355
0.833058
0.820924
0.826885
0.824256
0.834333
0.83657
0.827372
0.830591
0.845478
0.826786
0.832615
0.840018
0.83197
0.82092
0.816345
0.82399
0.822406
0.820383
0.8396
0.829119
0.835377
0.824929
0.835537
0.829735
0.830978
0.827596
0.823323
0.829382
0.846178
0.823235
0.835694
0.820429
0.829601
0.822402
0.825237
0.837696
0.825217
0.822721
0.829077
0.825978
0.819746
0.830949
0.827317
0.823348
0.829602
0.831316
0.831984
0.8465
0.835088
0.827732
0.823313
0.844483
0.835517
0.832033
0.837951
0.831245
0.834567
0.852615
0.833225
0.822989
0.834475
0.822812
0.831309
0.84348
0.834767
0.825762
0.83164
0.832825
0.83024
0.821057
0.830086
0.827723
0.828027
0.820113
0.827315
0.834999
0.85493
0.818901
0.826093
0.826072
0.833078
0.817403
0.83624
0.831277
0.82673
0.829991
0.843792
0.849041
0.820503
0.825736
0.833382
0.827197
0.836773
0.834754
0.822836
0.853826
0.821746
0.842999
0.837801
0.832679
0.827404
0.827505
0.833521
0.829037
0.825446
0.836989
0.832757
0.837886
0.822105
0.820885
0.848084
0.828366
0.834498
0.823243
0.817884
0.822385
0.831299
0.81812
0.847137
0.840657
0.833931
0.816619
0.827253
0.831262
0.833565
0.830541
0.828812
0.826963
0.837158
0.826376
0.822091
0.828482
0.820249
0.822575
0.817403
0.850924
0.829442
0.828811
0.842598
0.835836
0.830266
0.829693
0.824718
0.832657
0.824262
0.816366
0.818342
0.837363
0.82425
0.832039
0.841306
0.835727
0.829144
0.818641
0.822197
0.845583
0.830948
0.843887
0.825259
0.825695
0.853705
0.841554
0.832121
0.845148
0.832395
0.823122
0.835386
0.846698
0.84018
0.832985
0.845786
0.822325
0.821715
0.829054
0.839658
0.848454
0.843397
0.826919
0.846869
0.836217
0.848615
0.819526
0.834507
0.84634
0.826277
0.826594
0.822483
0.844914
0.826881
0.843799
0.858852
0.839506
0.840582
0.873141
0.857168
0.831836
0.823994
0.818721
0.828391
0.823025
0.818876
0.823777
0.832367
0.846923
0.816878
0.827824
0.830217
0.822948
0.827171
0.831042
0.856346
0.861287
0.82209
0.826356
0.833647
0.83747
0.836078
0.824468
0.838401
0.833827
0.855054
0.83474
0.833372
0.818052
0.820206
0.864667
0.820702
0.839223
0.830425
0.823913
0.817965
0.823684
0.842193
0.829133
0.836659
0.825546
0.825507
0.846841
0.827975
0.859599
0.832242
0.832271
0.83036
0.847528
0.834372
0.821596
0.840759
0.841465
0.845515
0.821821
0.818386
0.820776
0.834141
0.830044
0.833792
0.822484
0.82255
0.823018
0.823151
0.836823
0.847702
0.835835
0.829754
0.832215
0.831636
0.831978
0.830191
0.848067
0.830118
0.831692
0.822213
0.831567
0.829704
0.831165
0.836033
0.824958
0.827451
0.839248
0.847033
0.828155
0.826193
0.834161
0.835189
0.828319
0.832578
0.83629
0.823383
0.834028
0.82827
0.84228
0.821445
0.837249
0.826195
0.832422
0.832222
0.833022
0.842292
0.836811
0.839768
0.824969
0.821471
0.838435
0.831064
0.841499
0.822848
0.826692
0.830354
0.836165
0.819254
0.82017
0.832145
0.839701
0.824615
0.847004
0.833727
0.830281
0.81401
0.825144
0.829058
0.828904
0.832469
0.825278
0.823793
0.850893
0.819208
0.82705
0.833746
0.844381
0.8331
0.830869
0.830239
0.822616
0.832826
0.828409
0.824015
0.827565
0.840707
0.831674
0.830017
0.830512
0.831274
0.824657
0.827719
0.819641
0.824187
0.827236
0.838635
0.823316
0.877023
0.827135
0.841331
0.843832
0.834937
0.830536
0.818268
0.837046
0.83083
0.835255
0.824044
0.854684
0.840507
0.837308
0.835252
0.816622
0.825742
0.831346
0.838596
0.830429
0.83292
0.834449
0.842972
0.836662
0.834873
0.835887
0.841399
0.82942
0.821792
0.82898
0.836203
0.82042
0.847269
0.835585
0.828919
0.845304
0.833418
0.838495
0.839438
0.831908
0.819463
0.834349
0.821139
0.826396
0.847452
0.82089
0.830808
0.839942
0.828818
0.828216
0.81641
0.828199
0.832625
0.829512
0.817039
0.838044
0.852008
0.833266
0.846252
0.829466
0.822119
0.825156
0.82549
0.828436
0.826843
0.826873
0.824997
0.836335
0.838579
0.83213
0.834061
0.826784
0.858545
0.83439
0.830605
0.826495
0.830934
0.815847
0.837642
0.825521
0.831361
0.834957
0.823055
0.84474
0.845753
0.827026
0.838729
0.834332
0.831143
0.840811
0.835119
0.842978
0.818304
0.84012
0.836548
0.833554
0.828803
0.832696
0.830763
0.844705
0.84374
0.82784
0.840552
0.843356
0.833626
0.839883
0.833552
0.834925
0.828093
0.835642
0.821164
0.856047
0.827179
0.830485
0.83291
0.83862
0.826967
0.82219
0.820339
0.838273
0.835638
0.830369
0.83199
0.822096
0.816138
0.823536
0.839943
0.841808
0.830849
0.820749
0.831513
0.833116
0.84091
0.823029
0.818971
0.815126
0.82571
0.823171
0.838668
0.827542
0.829392
0.827324
0.835007
0.821367
0.833755
0.856615
0.82256
0.840602
0.837992
0.829644
0.815306
0.831805
0.834616
0.835827
0.826378
0.827744
0.838014
0.817467
0.82844
0.823182
0.820088
0.829653
0.830023
0.824604
0.837473
0.827295
0.825227
0.839082
0.830736
0.871051
0.838497
0.817175
0.81845
0.832792
0.823106
0.835795
0.847925
0.83442
0.837379
0.816705
0.847416
0.834864
0.819847
0.834478
0.833151
0.824468
0.825748
0.826655
0.831489
0.824513
0.854407
0.831306
0.822943
0.833396
0.829507
0.829693
0.825273
0.840752
0.82318
0.822462
0.825915
0.824341
0.829454
0.823661
0.834451
0.846226
0.829162
0.832801
0.830855
0.83279
0.833811
0.819615
0.833672
0.832013
0.828071
0.823927
0.840441
0.846049
0.831847
0.820656
0.833074
0.825368
0.83415
0.824497
0.826896
0.823618
0.850254
0.837397
0.848307
0.839496
0.825803
0.826902
0.828697
0.820712
0.817464
0.829801
0.859466
0.822725
0.825144
0.830582
0.825967
0.844202
0.832043
0.820918
0.826815
0.835715
0.837035
0.81939
0.829363
0.821163
0.831837
0.826947
0.823592
0.832322
0.824596
0.821143
0.839629
0.831264
0.827343
0.822121
0.826963
0.826705
0.819529
0.836577
0.831795
0.823556
0.827383
0.835082
0.836282
0.835295
0.832775
0.841391
0.823381
0.825453
0.818847
0.842562
0.832626
0.824821
0.862965
0.831523
0.832037
0.838713
0.849727
0.837498
0.839263
0.825032
0.823166
0.831978
0.827357
0.831632
0.828722
0.830936
0.831829
0.8345
0.83806
0.823245
0.831949
0.82252
0.84783
0.822502
0.824671
0.820576
0.834121
0.850563
0.837964
0.827066
0.839347
0.836399
0.846051
0.826427
0.830255
0.841822
0.829635
0.830743
0.830301
0.840727
0.824828
0.828839
0.838491
0.831542
0.83163
0.84148
0.828061
0.844664
0.823534
0.826816
0.840046
0.829628
0.870821
0.831701
0.822482
0.839695
0.817707
0.823172
0.82785
0.821629
0.830291
0.825063
0.825984
0.82966
0.831886
0.833192
0.842494
0.84299
0.845127
0.83244
0.844489
0.83629
0.841404
0.832861
0.860762
0.844032
0.823526
0.840282
0.816439
0.83725
0.834949
0.840992
0.835016
0.832532
0.816196
0.826964
0.83687
0.824347
0.818048
0.826345
0.840676
0.821686
0.818824
0.81849
0.824808
0.833442
0.831061
0.823327
0.834731
0.823772
0.842222
0.827648
0.833336
0.81933
0.81332
0.823924
0.821799
0.831241
0.840675
0.828862
0.835187
0.83025
0.826944
0.827
0.846326
0.824649
0.819875
0.83508
0.832521
0.824178
0.841809
0.836028
0.830884
0.828336
0.822937
0.833897
0.82909
0.825147
0.847983
0.829799
0.831927
0.821379
0.834961
0.829496
0.828422
0.833674
0.837964
0.828668
0.85126
0.832898
0.834879
0.826469
0.835137
0.828603
0.821525
0.824037
0.8321
0.835641
0.834295
0.810794
0.829199
0.828783
0.835501
0.850393
0.840465
0.829371
0.844253
0.835467
0.820655
0.823612
0.821735
0.819186
0.817386
0.828733
0.823141
0.832244
0.822682
0.834767
0.823017
0.827577
0.83799
0.831606
0.831175
0.829439
0.82241
0.834644
0.845371
0.831919
0.82779
0.831735
0.82537
0.824782
0.828765
0.825774
0.816674
0.828934
0.833792
0.831241
0.814539
0.836897
0.830064
0.831801
0.819818
0.821156
0.843349
0.837038
0.829598
0.835675
0.839638
0.834324
0.826202
0.833172
0.8477
0.836703
0.828023
0.822314
0.835553
0.833789
0.832296
0.823684
0.838845
0.836691
0.829941
0.829422
0.827179
0.839416
0.814092
0.832674
0.83018
0.826527
0.826147
0.821036
0.822781
0.826121
0.832352
0.83022
0.827598
0.838469
0.820379
0.821655
0.83851
0.84487
0.832809
0.824878
0.826218
0.841121
0.863419
0.836142
0.829987
0.837681
0.828984
0.828286
0.834949
0.820834
0.834068
0.830445
0.845923
0.814067
0.824925
0.834872
0.834793
0.829764
0.835311
0.843484
0.832636
0.843333
0.826637
0.837611
0.835422
0.831306
0.849662
0.830505
0.841307
0.839458
0.834255
0.820786
0.822138
0.818086
0.842254
0.823557
0.824031
0.8354
0.837213
0.88105
0.840316
0.826636
0.838887
0.82898
0.823267
0.823414
0.828907
0.825507
0.821656
0.831674
0.82005
0.824295
0.83257
0.878053
0.830406
0.839439
0.82234
0.831836
0.833541
0.831472
0.825096
0.826635
0.822846
0.823164
0.836894
0.839502
0.831658
0.823643
0.83252
0.825895
0.829946
0.856246
0.833629
0.829552
0.829571
0.827279
0.838995
0.837157
0.843285
0.822153
0.834025
0.832158
0.848713
0.822536
0.828175
0.815575
0.840488
0.840365
0.820187
0.823749
0.846597
0.836406
0.836812
0.833362
0.842686
0.827495
0.840896
0.823865
0.837697
0.825109
0.819186
0.826636
0.816145
0.837989
0.846263
0.831281
0.819314
0.816308
0.819405
0.867825
0.830815
0.820139
0.822734
0.824378
0.825753
0.82827
0.838536
0.837332
0.839673
0.83286
0.826714
0.836077
0.829718
0.826411
0.831186
0.836161
0.84375
0.830054
0.833711
0.833105
0.843713
0.829691
0.823147
0.833192
0.822235
0.827011
0.827394
0.821085
0.828068
0.825091
0.839647
0.835029
0.843778
0.824358
0.826372
0.842501
0.850918
0.828918
0.821796
0.818649
0.820082
0.825424
0.838517
0.823709
0.833827
0.834721
0.828833
0.830014
0.821746
0.837131
0.816854
0.831351
0.820615
0.829043
0.827987
0.827772
0.838381
0.832093
0.833003
0.82417
0.877078
0.824358
0.838157
0.827187
0.83456
0.823892
0.825874
0.82709
0.83519
0.849219
0.820666
0.831554
0.829527
0.848659
0.82105
0.827102
0.844999
0.840635
0.832991
0.821722
0.830054
0.831815
0.826303
0.834706
0.82665
0.821055
0.839789
0.830133
0.835391
0.827022
0.825408
0.831335
0.834135
0.828324
0.839673
0.825239
0.83128
0.824933
0.831292
0.843682
0.872266
0.82401
0.824115
0.819781
0.823566
0.823105
0.831596
0.843649
0.825628
0.822081
0.833922
0.828894
0.821431
0.838594
0.828446
0.836335
0.831126
0.830755
0.848635
0.842885
0.824114
0.82523
0.834664
0.827553
0.820493
0.824567
0.830362
0.820146
0.823785
0.824523
0.841916
0.825779
0.834375
0.819836
0.830842
0.819956
0.847396
0.852705
0.830335
0.840085
0.826846
0.836104
0.833651
0.825113
0.829902
0.85227
0.830334
0.842985
0.828666
0.824201
0.835919
0.8431
0.825381
0.830962
0.821048
0.832655
0.851134
0.825771
0.827634
0.822882
0.843996
0.857932
0.827308
0.831681
0.827534
0.832063
0.872841
0.840679
0.818559
0.825635
0.834484
0.83392
0.831054
0.827477
0.843655
0.832908
0.843395
0.826486
0.828487
0.829089
0.84743
0.827308
0.832761
0.82927
0.830767
0.821935
0.81859
0.837768
0.829438
0.827679
0.82875
0.825352
0.819331
0.828965
0.824925
0.847391
0.842288
0.828738
0.825522
0.817966
0.834583
0.833197
0.857518
0.813499
0.820013
0.825638
0.847101
0.835514
0.832462
0.835172
0.838761
0.834684
0.825343
0.832706
0.83409
0.828457
0.831999
0.826381
0.836648
0.844001
0.826583
0.819251
0.836352
0.832549
0.822018
0.828602
0.824299
0.834847
0.821936
0.832426
0.829669
0.820232
0.828801
0.832677
0.82553
0.828018
0.829503
0.896203
0.823115
0.849335
0.841063
0.827785
0.824819
0.835243
0.826952
0.82362
0.863779
0.830713
0.829412
0.827349
0.833123
0.836631
0.834257
0.825423
0.833558
0.823781
0.825002
0.828503
0.823691
0.823775
0.837104
0.841174
0.836836
0.84636
0.824999
0.826606
0.830581
0.822806
0.848312
0.843367
0.82781
0.843701
0.834534
0.823806
0.8341
0.834452
0.820572
0.822737
0.849887
0.83749
0.84645
0.825148
0.83584
0.839354
0.83589
0.830319
0.833952
0.825135
0.835219
0.817189
0.834934
0.817569
0.822511
0.827724
0.843761
0.821415
0.843863
0.83651
0.833108
0.846459
0.834597
0.826442
0.844711
0.826359
0.841632
0.824623
0.830694
0.826669
0.844846
0.83577
0.821438
0.824813
0.830965
0.831185
0.851936
0.827405
0.839692
0.829847
0.83113
0.83001
0.861727
0.825709
0.829662
0.830991
0.818399
0.831233
0.825198
0.817262
0.832049
0.827066
0.827065
0.850072
0.819714
0.822917
0.850699
0.827687
0.825387
0.827436
0.829083
0.828602
0.828881
0.820697
0.827624
0.820227
0.838007
0.825133
0.821542
0.82874
0.829175
0.836771
0.837073
0.845705
0.829249
0.830285
0.820895
0.835921
0.833716
0.84329
0.823977
0.86126
0.829601
0.831061
0.824464
0.84223
0.831226
0.812753
0.819247
0.837442
0.832428
0.845712
0.822005
0.830068
0.82353
0.82154
0.840984
0.835193
0.823617
0.827822
0.829329
0.822038
0.836323
0.837632
0.830746
0.829632
0.834962
0.838248
0.838074
0.854409
0.82956
0.820153
0.825493
0.840305
0.821949
0.82525
0.827727
0.828854
0.848198
0.826391
0.827961
0.847115
0.844657
0.825871
0.829746
0.830398
0.848374
0.82573
0.833217
0.836598
0.828603
0.830542
0.834773
0.827802
0.824665
0.822751
0.826031
0.833643
0.860415
0.819187
0.832768
0.830252
0.830263
0.853969
0.826731
0.823309
0.833458
0.825057
0.822515
0.826126
0.839011
0.840267
0.831162
0.8236
0.832238
0.846351
0.82816
0.829048
0.853518
0.842426
0.844359
0.825808
0.826004
0.828504
0.833342
0.824902
0.825355
0.825582
0.824915
0.834531
0.823146
0.848404
0.831959
0.838275
0.823861
0.83467
0.834452
0.836934
0.819545
0.828907
0.832382
0.827879
0.818242
0.830216
0.837046
0.828474
0.822255
0.829203
0.826939
0.825167
0.832431
0.833644
0.818379
0.825978
0.830981
0.835114
0.84851
0.827804
0.839528
0.829053
0.818854
0.833243
0.820243
0.829302
0.824856
0.826027
0.822558
0.82536
0.831567
0.82959
0.838442
0.819095
0.834331
0.829591
0.836642
0.828803
0.827104
0.820914
0.836539
0.820583
0.824236
0.823894
0.845203
0.824659
0.823516
0.831037
0.83625
0.845535
0.832986
0.830131
0.819729
0.82413
0.833927
0.825851
0.82971
0.823122
0.826663
0.832371
0.829174
0.841706
0.83848
0.823549
0.83383
0.826866
0.828082
0.82148
0.820817
0.831971
0.832962
0.836136
0.819092
0.8286
0.8287
0.825914
0.839624
0.829226
0.832239
0.837522
0.832297
0.833313
0.833693
0.826327
0.832624
0.826754
0.836507
0.830793
0.82953
0.828738
0.831289
0.842801
0.855341
0.821111
0.838244
0.83781
0.827087
0.819557
0.826497
0.830995
0.828727
0.836715
0.821386
0.815469
0.831829
0.836539
0.838471
0.848261
0.834514
0.815537
0.838873
0.832219
0.842117
0.846405
0.847008
0.833241
0.835343
0.850927
0.822621
0.822084
0.822035
0.823198
0.831571
0.855342
0.83299
0.819132
0.823515
0.817376
0.828541
0.838364
0.823105
0.833054
0.825075
0.830237
0.826657
0.839395
0.84873
0.819348
0.823207
0.83849
0.828567
0.83321
0.827654
0.847486
0.839203
0.83899
0.840968
0.838911
0.827813
0.830033
0.856717
0.828208
0.821469
0.83271
0.826588
0.830235
0.831961
0.822364
0.838624
0.839856
0.831642
0.833764
0.826495
0.822244
0.822788
0.847665
0.823891
0.828619
0.843758
0.850627
0.830702
0.82432
0.8354
0.826487
0.822773
0.817836
0.832899
0.831062
0.829518
0.825732
0.831552
0.825144
0.841281
0.846417
0.820068
0.835436
0.82181
0.851566
0.824773
0.84145
0.848378
0.8278
0.837826
0.825371
0.824715
0.830001
0.837669
0.832826
0.827564
0.836399
0.83173
0.857651
0.817577
0.834389
0.850724
0.827553
0.856546
0.828494
0.827839
0.828323
0.825918
0.832471
0.825686
0.836896
0.831652
0.829866
0.816659
0.833655
0.835344
0.833446
0.821436
0.834512
0.821034
0.833795
0.833704
0.84688
0.831568
0.83629
0.847349
0.837281
0.823216
0.839958
0.836683
0.824348
0.824198
0.823036
0.848677
0.818822
0.827843
0.824894
0.826688
0.814346
0.827966
0.823284
0.836452
0.835943
0.824916
0.834025
0.840824
0.822122
0.825157
0.838337
0.84431
0.832435
0.825711
0.829557
0.829662
0.823712
0.830803
0.829588
0.833964
0.829914
0.827445
0.833119
0.828809
0.831815
0.826532
0.830798
0.82427
0.822881
0.823299
0.829957
0.83312
0.836617
0.825611
0.83176
0.821413
0.831044
0.841118
0.831093
0.828861
0.824072
0.822933
0.82314
0.82728
0.836182
0.838457
0.824131
0.816941
0.835615
0.837945
0.823328
0.827696
0.826328
0.820827
0.842409
0.836562
0.840853
0.819391
0.825113
0.834367
0.820241
0.828696
0.83352
0.826148
0.831243
0.822968
0.857333
0.830568
0.833207
0.830605
0.827972
0.831814
0.826178
0.835496
0.829147
0.827787
0.831387
0.830374
0.823104
0.823405
0.822971
0.840133
0.816329
0.842241
0.836134
0.834353
0.848809
0.833095
0.82058
0.828242
0.84175
0.829882
0.844799
0.824039
0.823713
0.830527
0.838045
0.82308
0.825774
0.836111
0.834833
0.819936
0.822373
0.831016
0.839589
0.833344
0.825417
0.828712
0.822844
0.818743
0.829304
0.827734
0.828912
0.838316
0.817595
0.823958
0.823111
0.836125
0.837081
0.828626
0.827628
0.838556
0.829106
0.837144
0.832747
0.824538
0.838134
0.835763
0.827389
0.823604
0.837331
0.836024
0.821925
0.818452
0.832072
0.840786
0.822107
0.829395
0.835036
0.848147
0.844628
0.825948
0.848062
0.834622
0.825091
0.834178
0.832962
0.846888
0.821549
0.83115
0.827743
0.833418
0.839508
0.831381
0.844498
0.82901
0.829154
0.845888
0.826892
0.834315
0.824324
0.83936
0.833119
0.849853
0.819437
0.823903
0.830629
0.833926
0.827573
0.811173
0.822821
0.83958
0.837866
0.824508
0.822537
0.824643
0.833239
0.829439
0.83929
0.824775
0.829673
0.833399
0.842813
0.83613
0.824308
0.824561
0.824504
0.848999
0.829785
0.831582
0.844335
0.839195
0.825148
0.832054
0.82707
0.824193
0.839511
0.826313
0.824503
0.830301
0.825732
0.829764
0.826586
0.82755
0.823462
0.840528
0.835256
0.854702
0.826185
0.824428
0.816254
0.827325
0.832929
0.820553
0.835012
0.832143
0.815268
0.837861
0.823223
0.820003
0.834747
0.82331
0.822999
0.833365
0.821336
0.843802
0.872062
0.822745
0.826186
0.826007
0.8403
0.831453
0.833976
0.826518
0.857418
0.844172
0.821988
0.828859
0.831153
0.840491
0.81364
0.833368
0.835123
0.835903
0.838865
0.826178
0.83074
0.827668
0.838575
0.842726
0.82812
0.840966
0.84439
0.824069
0.832587
0.8333
0.84552
0.839776
0.829495
0.816744
0.822063
0.822119
0.824266
0.814018
0.82691
0.819067
0.830507
0.830279
0.816367
0.828794
0.83416
0.846839
0.839944
0.824926
0.826039
0.842981
0.823198
0.825979
0.836166
0.827901
0.828171
0.849367
0.838966
0.83194
0.836268
0.821818
0.843127
0.821037
0.840841
0.833807
0.841976
0.833638
0.834392
0.831292
0.826236
0.830099
0.830644
0.827983
0.850514
0.822964
0.818651
0.829768
0.818599
0.838821
0.835851
0.832791
0.826843
0.827048
0.837577
0.821762
0.823381
0.833628
0.822466
0.844116
0.828023
0.831803
0.835245
0.837065
0.85032
0.833232
0.823012
0.835301
0.824373
0.827114
0.827
0.82904
0.857839
0.853462
0.83362
0.829961
0.838915
0.825296
0.823557
0.82816
0.828601
0.828762
0.82867
0.833846
0.833555
0.83895
0.816085
0.823192
0.853877
0.838133
0.83629
0.828285
0.835788
0.819866
0.855423
0.849229
0.81456
0.818128
0.824371
0.82446
0.819129
0.823474
0.83629
0.823148
0.825703
0.831264
0.830393
0.837083
0.827178
0.823868
0.827069
0.820426
0.836306
0.824151
0.82583
0.819279
0.826383
0.847915
0.826068
0.842894
0.839493
0.848126
0.82628
0.824138
0.834674
0.82413
0.824471
0.830979
0.818485
0.83108
0.840138
0.824032
0.830759
0.8252
0.827677
0.818217
0.829426
0.824436
0.828478
0.8302
0.822769
0.825867
0.827808
0.835233
0.846135
0.838661
0.843686
0.830691
0.825464
0.843664
0.82406
0.81882
0.847858
0.849342
0.825551
0.823716
0.838172
0.842456
0.826707
0.832924
0.822994
0.82858
0.828227
0.825632
0.82934
0.845293
0.837684
0.831374
0.84163
0.846158
0.823009
0.830342
0.824213
0.824744
0.830435
0.831065
0.830744
0.834107
0.828383
0.821723
0.833815
0.819463
0.838841
0.82212
0.835851
0.828735
0.826042
0.834624
0.824532
0.836292
0.821277
0.83004
0.828441
0.817175
0.82699
0.832391
0.819806
0.827769
0.823749
0.831845
0.831007
0.839546
0.827643
0.829001
0.835158
0.824947
0.830335
0.822488
0.824855
0.826252
0.834662
0.846725
0.833066
0.857699
0.827679
0.827299
0.825388
0.820251
0.840468
0.817215
0.823887
0.822893
0.84828
0.838553
0.826717
0.821363
0.828787
0.813631
0.833862
0.834937
0.828975
0.828227
0.842548
0.842661
0.829877
0.818956
0.828986
0.826112
0.815732
0.832925
0.842478
0.829821
0.82694
0.826626
0.825526
0.826919
0.818545
0.819438
0.838154
0.827218
0.82295
0.824679
0.855278
0.851993
0.825496
0.827944
0.822415
0.840933
0.826154
0.860705
0.821814
0.821688
0.834634
0.822364
0.828249
0.833996
0.819677
0.849559
0.834466
0.833663
0.828676
0.828065
0.81413
0.839223
0.832518
0.827008
0.825675
0.820827
0.829489
0.829704
0.851411
0.822217
0.830902
0.829963
0.834308
0.824244
0.833024
0.8309
0.834892
0.818745
0.840115
0.832079
0.829912
0.821174
0.832489
0.856669
0.826461
0.837532
0.823917
0.826912
0.833827
0.819889
0.817965
0.831061
0.823462
0.822525
0.823785
0.83398
0.828554
0.846688
0.842441
0.839523
0.836716
0.841574
0.824699
0.858157
0.830011
0.832989
0.827333
0.834039
0.826529
0.830948
0.834945
0.821336
0.825048
0.827686
0.82007
0.824942
0.831748
0.83249
0.815929
0.823191
0.835296
0.84992
0.823486
0.829106
0.839358
0.836757
0.815834
0.825905
0.826412
0.826487
0.834828
0.829463
0.83488
0.854367
0.839235
0.83586
0.838995
0.82363
0.819857
0.81334
0.848657
0.825753
0.819845
0.848661
0.841651
0.838142
0.843197
0.836088
0.820481
0.83457
0.84263
0.824421
0.833758
0.836353
0.837989
0.854955
0.834745
0.840718
0.819939
0.827187
0.845349
0.838572
0.833215
0.842487
0.818487
0.825244
0.829019
0.834516
0.842545
0.818825
0.840701
0.8283
0.831943
0.83812
0.827471
0.831023
0.827331
0.835147
0.840749
0.840683
0.86741
0.84573
0.823107
0.828925
0.825756
0.838747
0.829558
0.82373
0.829984
0.82563
0.845819
0.821119
0.822485
0.82984
0.825273
0.835932
0.829887
0.835308
0.845893
0.829735
0.826622
0.837028
0.830225
0.832961
0.832873
0.830767
0.828281
0.824665
0.825611
0.830558
0.836378
0.817227
0.824422
0.835871
0.829853
0.824941
0.846224
0.825792
0.820799
0.842081
0.850921
0.85372
0.825394
0.815415
0.824005
0.835699
0.830067
0.844706
0.840908
0.837295
0.826257
0.830885
0.832672
0.828936
0.833911
0.829554
0.824283
0.835562
0.825525
0.818452
0.822857
0.837254
0.828752
0.82321
0.818967
0.844266
0.830017
0.839035
0.824543
0.821081
0.837586
0.836397
0.850477
0.817576
0.83451
0.823861
0.821962
0.819211
0.834761
0.841163
0.883917
0.836142
0.826067
0.83455
0.830703
0.825895
0.830767
0.827773
0.836381
0.829542
0.835416
0.836413
0.837186
0.823164
0.847513
0.830108
0.822848
0.827391
0.830876
0.838266
0.845517
0.83507
0.815751
0.865069
0.824789
0.834793
0.826354
0.827106
0.850479
0.830697
0.843052
0.823168
0.840142
0.841545
0.839085
0.827951
0.840572
0.830254
0.823983
0.821284
0.839093
0.820496
0.823952
0.829791
0.836001
0.841922
0.822046
0.819167
0.8277
0.833938
0.82953
0.829406
0.82596
0.825022
0.828332
0.829866
0.836914
0.824322
0.827149
0.818892
0.827633
0.827604
0.82767
0.835928
0.860683
0.826765
0.836154
0.850376
0.826351
0.842827
0.842874
0.83536
0.833849
0.848989
0.847129
0.831319
0.820956
0.838943
0.855902
0.831797
0.83308
0.833482
0.842018
0.845399
0.850549
0.824318
0.823586
0.831328
0.820952
0.818756
0.836355
0.852148
0.826682
0.826962
0.822801
0.845633
0.821297
0.831563
0.832772
0.841944
0.822506
0.824925
0.840678
0.826407
0.823245
0.829554
0.822817
0.831744
0.852359
0.834176
0.838087
0.823884
0.834768
0.818449
0.835849
0.827471
0.82888
0.836918
0.825815
0.833121
0.831335
0.82917
0.832485
0.827681
0.822431
0.83353
0.831971
0.840086
0.855995
0.826067
0.827174
0.824579
0.853157
0.830846
0.831437
0.828061
0.82649
0.826574
0.825765
0.825904
0.822497
0.824743
0.833408
0.834102
0.838547
0.825941
0.820687
0.825401
0.834052
0.843036
0.832692
0.815328
0.826807
0.820768
0.836716
0.84115
0.820796
0.827627
0.822436
0.828201
0.82097
0.829187
0.821951
0.83017
0.826876
0.823012
0.843464
0.846603
0.833007
0.84436
0.850691
0.847495
0.825294
0.821958
0.829468
0.826776
0.831159
0.837927
0.845405
0.835329
0.818509
0.841094
0.84006
0.836823
0.833952
0.831927
0.827856
0.833131
0.831159
0.82538
0.821341
0.833163
0.829452
0.832192
0.816756
0.827743
0.824994
0.824922
0.83398
0.846716
0.828267
0.828362
0.838497
0.833319
0.827632
0.823598
0.822676
0.831693
0.82065
0.82089
0.835742
0.845561
0.840296
0.829431
0.822277
0.823536
0.83428
0.845257
0.837957
0.823651
0.826713
0.848519
0.836179
0.824091
0.831372
0.829607
0.829886
0.819171
0.826091
0.845972
0.829874
0.819601
0.833283
0.833225
0.838756
0.818818
0.831339
0.835362
0.826105
0.816915
0.83272
0.830164
0.823655
0.839591
0.843904
0.823417
0.852425
0.82856
0.828666
0.822912
0.837448
0.832787
0.825339
0.824295
0.824926
0.823798
0.848262
0.826831
0.824686
0.830762
0.837262
0.819846
0.833408
0.856749
0.837412
0.826888
0.827179
0.822264
0.814702
0.819012
0.825376
0.832296
0.817434
0.819426
0.834653
0.834205
0.824252
0.828944
0.832855
0.821246
0.832947
0.818524
0.826089
0.825176
0.820179
0.832155
0.835037
0.836108
0.824238
0.828693
0.837079
0.833704
0.832003
0.826263
0.831395
0.831608
0.821662
0.826024
0.847567
0.827885
0.82825
0.833396
0.833059
0.824852
0.831545
0.826999
0.840039
0.828604
0.825971
0.842436
0.836124
0.823844
0.829025
0.81992
0.833863
0.820716
0.821154
0.834355
0.827345
0.819463
0.841553
0.841655
0.818286
0.826044
0.841824
0.829778
0.842778
0.82665
0.8417
0.850967
0.838555
0.820928
0.827922
0.823165
0.819575
0.841366
0.824438
0.846807
0.83561
0.830862
0.829548
0.821092
0.837054
0.832956
0.828908
0.835959
0.831735
0.835975
0.829728
0.824456
0.825776
0.826737
0.819829
0.81711
0.838279
0.826431
0.826722
0.829757
0.830611
0.834688
0.845045
0.826339
0.831078
0.82901
0.830315
0.81251
0.840254
0.837063
0.846667
0.845294
0.831939
0.859739
0.815183
0.843776
0.846595
0.830748
0.818868
0.824117
0.832236
0.825001
0.831023
0.822001
0.846873
0.831442
0.817686
0.832177
0.856976
0.828509
0.830257
0.823495
0.839425
0.825117
0.827299
0.834412
0.828389
0.856813
0.828349
0.845621
0.842641
0.833606
0.832501
0.820915
0.819837
0.828341
0.820547
0.848064
0.835788
0.837331
0.84009
0.830282
0.823444
0.843755
0.826693
0.82654
0.821675
0.821596
0.835904
0.835343
0.839918
0.825085
0.836646
0.821399
0.83632
0.833224
0.845001
0.825755
0.828898
0.837327
0.830263
0.847713
0.819183
0.815574
0.827791
0.82308
0.821257
0.835123
0.828567
0.823005
0.818722
0.826035
0.841947
0.839433
0.832158
0.826287
0.822501
0.829935
0.834036
0.828877
0.832618
0.833247
0.840653
0.820906
0.839737
0.833758
0.827402
0.821994
0.834089
0.833634
0.836422
0.820583
0.838564
0.839033
0.830477
0.824994
0.828325
0.838641
0.820834
0.834543
0.826436
0.833117
0.834854
0.820833
0.823566
0.827501
0.826989
0.854873
0.82756
0.844974
0.825877
0.838745
0.858639
0.825878
0.825284
0.825552
0.826954
0.820061
0.835838
0.827388
0.82825
0.823201
0.818914
0.830637
0.855393
0.839738
0.829168
0.839258
0.826136
0.832851
0.826991
0.82938
0.83339
0.822638
0.818784
0.832762
0.822786
0.821428
0.825827
0.827721
0.83245
0.825861
0.832176
0.818105
0.830631
0.837311
0.837852
0.851252
0.828688
0.828239
0.817604
0.826428
0.835906
0.81964
0.815135
0.819928
0.833766
0.830422
0.819339
0.844746
0.845203
0.841956
0.82705
0.824941
0.827284
0.842926
0.833827
0.841042
0.822339
0.843918
0.821786
0.826366
0.834693
0.827111
0.834102
0.822974
0.823796
0.840243
0.821703
0.844967
0.824704
0.825154
0.829785
0.83764
0.837079
0.835348
0.82332
0.836003
0.820835
0.830044
0.827926
0.831662
0.817658
0.836195
0.833368
0.821181
0.820206
0.822032
0.825791
0.835752
0.83826
0.825383
0.836285
0.826334
0.842271
0.836939
0.829712
0.828426
0.856604
0.823102
0.839848
0.831596
0.837681
0.83039
0.834413
0.825941
0.831247
0.835105
0.825296
0.821699
0.838913
0.844088
0.82544
0.825613
0.824621
0.837144
0.823178
0.837938
0.822544
0.838477
0.83164
0.818881
0.841582
0.834492
0.828643
0.822459
0.825777
0.827831
0.831337
0.840914
0.830891
0.823788
0.829438
0.820275
0.824996
0.825878
0.827649
0.829394
0.82787
0.812625
0.83593
0.825472
0.84274
0.823794
0.838926
0.83843
0.83603
0.833039
0.838675
0.837812
0.826912
0.826884
0.821465
0.828619
0.840099
0.831021
0.817688
0.818339
0.828675
0.831131
0.816017
0.831627
0.829178
0.8515
0.829485
0.820658
0.84693
0.8286
0.853454
0.820033
0.841194
0.839848
0.821171
0.831315
0.843484
0.825501
0.823176
0.821573
0.829386
0.824831
0.835689
0.822208
0.82348
0.82386
0.835753
0.845518
0.829488
0.82273
0.840248
0.82966
0.869697
0.819117
0.827047
0.836194
0.823516
0.82991
0.8412
0.8401
0.83137
0.826317
0.819797
0.827971
0.84941
0.825146
0.857786
0.826213
0.832723
0.816988
0.831912
0.822184
0.823825
0.824264
0.818625
0.82374
0.833941
0.820794
0.843704
0.823174
0.838877
0.830648
0.825829
0.828129
0.828696
0.823869
0.820514
0.833997
0.830978
0.834732
0.827308
0.840459
0.817008
0.837507
0.842223
0.830036
0.843218
0.831773
0.816636
0.840012
0.835851
0.852907
0.833627
0.833504
0.848526
0.829377
0.83628
0.825307
0.824414
0.818784
0.824245
0.823314
0.851417
0.822115
0.821212
0.825318
0.848217
0.83383
0.851676
0.824655
0.828767
0.826944
0.848382
0.824551
0.82395
0.834599
0.834512
0.823687
0.820332
0.820713
0.831564
0.834776
0.837858
0.823334
0.821924
0.832219
0.824719
0.832932
0.835318
0.843939
0.828733
0.851872
0.827012
0.828695
0.841829
0.82755
0.832774
0.826657
0.844475
0.819781
0.825732
0.816681
0.842333
0.828117
0.822895
0.831245
0.829666
0.838371
0.825298
0.841465
0.825178
0.826641
0.83626
0.824892
0.838562
0.837777
0.826293
0.826063
0.847756
0.838009
0.834377
0.833942
0.82518
0.823068
0.830383
0.825866
0.82141
0.848644
0.847177
0.826476
0.834692
0.84282
0.822012
0.825946
0.82385
0.826229
0.836102
0.825213
0.848452
0.830335
0.829566
0.820707
0.818244
0.834217
0.83559
0.828817
0.822731
0.829296
0.82711
0.834679
0.828295
0.822611
0.848315
0.821779
0.817216
0.832859
0.829056
0.830061
0.824626
0.831774
0.824529
0.841787
0.821585
0.829277
0.835881
0.821412
0.835344
0.826747
0.853064
0.821907
0.857155
0.826712
0.817557
0.831779
0.847095
0.82759
0.821351
0.820742
0.83137
0.821551
0.831331
0.84666
0.831297
0.824736
0.831465
0.826309
0.831038
0.827603
0.828084
0.828029
0.819996
0.832957
0.838134
0.818487
0.82537
0.838347
0.829788
0.82755
0.834128
0.842311
0.831452
0.834707
0.824623
0.832205
0.834572
0.830101
0.829876
0.830661
0.850206
0.826601
0.828844
0.830688
0.822726
0.82295
0.831129
0.838175
0.83948
0.827793
0.841026
0.835995
0.830729
0.826242
0.833998
0.82888
0.817949
0.833595
0.837491
0.838597
0.837458
0.841268
0.832073
0.828211
0.827022
0.822894
0.822467
0.837509
0.827541
0.832937
0.821884
0.830639
0.83837
0.833417
0.826763
0.833504
0.819605
0.815636
0.826987
0.842071
0.829619
0.833254
0.820221
0.813626
0.834782
0.846598
0.840151
0.846229
0.825169
0.823378
0.829196
0.828128
0.827277
0.830972
0.821629
0.857708
0.828794
0.819
0.822632
0.82207
0.842947
0.852548
0.845769
0.838031
0.830967
0.825565
0.82618
0.828061
0.835551
0.852543
0.821449
0.848213
0.831253
0.835118
0.821803
0.837344
0.832731
0.827303
0.829148
0.818722
0.834788
0.855848
0.838921
0.8301
0.84329
0.828226
0.835379
0.826473
0.845045
0.823045
0.828002
0.827724
0.833649
0.819185
0.826689
0.831593
0.829434
0.84942
0.834423
0.839151
0.848078
0.822986
0.830261
0.8308
0.836577
0.823855
0.841126
0.838036
0.824849
0.821235
0.827453
0.825496
0.831252
0.833805
0.829356
0.830848
0.834183
0.834435
0.834761
0.8313
0.835575
0.82097
0.840924
0.835706
0.831414
0.828176
0.837444
0.824685
0.831589
0.826669
0.818619
0.822863
0.827142
0.822077
0.826957
0.827424
0.824142
0.822534
0.834782
0.815163
0.832216
0.832364
0.839902
0.844658
0.848555
0.832663
0.845884
0.817881
0.837109
0.83097
0.828833
0.821936
0.827194
0.825145
0.832916
0.826736
0.836481
0.840406
0.82857
0.848012
0.828846
0.825186
0.835505
0.839917
0.836111
0.851641
0.827354
0.828174
0.828897
0.831069
0.826959
0.832698
0.832912
0.820212
0.852491
0.83972
0.832217
0.8232
0.858967
0.828731
0.835967
0.838516
0.837381
0.84401
0.832189
0.830047
0.839328
0.823404
0.83269
0.824836
0.850894
0.845814
0.836622
0.829441
0.840803
0.831271
0.825655
0.831906
0.825026
0.851066
0.830814
0.83089
0.828744
0.827701
0.853705
0.8383
0.835072
0.865627
0.83348
0.853861
0.835067
0.828319
0.827048
0.8291
0.837641
0.856258
0.833582
0.817891
0.840257
0.825629
0.834804
0.823613
0.844468
0.82586
0.824972
0.827348
0.824905
0.829829
0.824814
0.826183
0.820224
0.849791
0.830235
0.83482
0.828595
0.827241
0.832997
0.822936
0.840398
0.838924
0.835486
0.856885
0.818912
0.839938
0.833905
0.833268
0.846411
0.834123
0.833017
0.834881
0.826118
0.823145
0.831937
0.824861
0.837147
0.822185
0.831447
0.845791
0.824338
0.840686
0.841547
0.824123
0.839951
0.835416
0.827403
0.842624
0.819085
0.832407
0.817448
0.832862
0.823226
0.834837
0.839409
0.832126
0.832851
0.832578
0.823768
0.861108
0.829648
0.842891
0.825335
0.825777
0.838043
0.834598
0.825819
0.835784
0.840937
0.823082
0.822588
0.826996
0.823924
0.814777
0.820387
0.82785
0.847336
0.838635
0.825441
0.845272
0.822093
0.827778
0.815998
0.829091
0.843155
0.823712
0.845493
0.837718
0.826442
0.843151
0.831981
0.833797
0.831047
0.826041
0.824916
0.832288
0.834979
0.826696
0.828043
0.840545
0.826575
0.826739
0.820205
0.830301
0.825742
0.830102
0.837421
0.832854
0.831922
0.831251
0.835361
0.826755
0.823603
0.8382
0.821244
0.83085
0.817662
0.835584
0.833605
0.819741
0.829053
0.835926
0.82547
0.82387
0.828957
0.8369
0.818646
0.831968
0.830744
0.829842
0.853532
0.84498
0.826942
0.825577
0.825303
0.827846
0.850842
0.837188
0.826721
0.818969
0.831425
0.836527
0.836623
0.838387
0.825406
0.829947
0.840072
0.828666
0.832186
0.833315
0.823828
0.83861
0.831003
0.852452
0.819898
0.827095
0.833273
0.814864
0.838826
0.833261
0.825085
0.830598
0.826916
0.825775
0.833923
0.832593
0.833522
0.84065
0.82249
0.846693
0.842327
0.840698
0.819121
0.824413
0.825607
0.835732
0.844746
0.827988
0.834662
0.834762
0.84616
0.838949
0.836014
0.830627
0.817778
0.82784
0.84242
0.831578
0.833801
0.826226
0.824943
0.82906
0.839255
0.826944
0.824595
0.82502
0.829073
0.824891
0.833153
0.845799
0.826997
0.818045
0.834493
0.824312
0.831603
0.832796
0.831102
0.821743
0.817133
0.8291
0.834662
0.831134
0.820319
0.83903
0.828002
0.819277
0.839813
0.818233
0.841373
0.839307
0.824606
0.841505
0.821656
0.835451
0.824706
0.834015
0.822935
0.836905
0.825546
0.834964
0.824765
0.826981
0.833863
0.832084
0.87324
0.839811
0.827738
0.831093
0.835283
0.820171
0.831742
0.827204
0.821732
0.82615
0.826837
0.818457
0.840788
0.839444
0.823879
0.831562
0.84086
0.836891
0.844622
0.835746
0.857763
0.820521
0.824423
0.840937
0.828767
0.845328
0.822604
0.821667
0.851547
0.834169
0.829021
0.833276
0.823159
0.826482
0.827988
0.831862
0.829361
0.852145
0.838103
0.849155
0.830239
0.819809
0.828778
0.836791
0.850024
0.858102
0.830085
0.835423
0.836951
0.837667
0.836893
0.841878
0.84084
0.831224
0.82599
0.828027
0.854357
0.827252
0.827721
0.823054
0.819326
0.82631
0.828414
0.827563
0.820913
0.822849
0.832954
0.82759
0.825152
0.833112
0.83526
0.829365
0.826367
0.828301
0.826649
0.830997
0.822802
0.830218
0.83356
0.827121
0.828115
0.824992
0.822721
0.833479
0.823064
0.82338
0.815406
0.831587
0.835907
0.824191
0.825372
0.834307
0.827494
0.827616
0.84379
0.833049
0.824803
0.828526
0.82152
0.825529
0.839444
0.829512
0.846322
0.826496
0.847877
0.821412
0.83136
0.841373
0.824403
0.835453
0.82562
0.820672
0.853131
0.835083
0.834384
0.829594
0.833572
0.82293
0.830968
0.83166
0.845027
0.812842
0.856471
0.828825
0.840176
0.827662
0.834305
0.820101
0.830571
0.820142
0.835852
0.829234
0.844052
0.833805
0.839951
0.830146
0.81926
0.819726
0.833169
0.840409
0.85378
0.832512
0.841552
0.842993
0.82749
0.82359
0.818026
0.830354
0.838193
0.843782
0.851954
0.82359
0.827911
0.837748
0.825065
0.827477
0.826075
0.831752
0.834582
0.85203
0.838867
0.824394
0.816657
0.830202
0.827696
0.84746
0.827683
0.825826
0.83055
0.838674
0.823091
0.8351
0.835261
0.819877
0.815904
0.827061
0.826637
0.856254
0.823281
0.822444
0.821699
0.820991
0.822288
0.829591
0.828155
0.824921
0.83694
0.838566
0.834277
0.821989
0.84294
0.826442
0.823567
0.837504
0.829244
0.822428
0.844389
0.83662
0.832933
0.835396
0.819715
0.846009
0.831783
0.828034
0.85283
0.823644
0.822711
0.816637
0.823506
0.82213
0.823915
0.827847
0.840207
0.827621
0.831095
0.82897
0.832024
0.837713
0.836142
0.834134
0.82631
0.853309
0.837497
0.829519
0.836838
0.835744
0.837891
0.831297
0.833495
0.818878
0.823426
0.84175
0.831003
0.816459
0.836743
0.831783
0.830989
0.847909
0.820228
0.824176
0.825734
0.841842
0.825386
0.823379
0.823432
0.818048
0.83936
0.853561
0.830184
0.836519
0.822577
0.83221
0.81724
0.839138
0.831648
0.833145
0.826122
0.828095
0.822791
0.839394
0.835728
0.846295
0.835572
0.820282
0.830444
0.842623
0.821137
0.819683
0.830853
0.832914
0.831879
0.82727
0.828424
0.833662
0.841556
0.827638
0.837741
0.825218
0.824606
0.821719
0.843476
0.813782
0.838069
0.831087
0.833837
0.829264
0.822688
0.823768
0.82207
0.819447
0.835854
0.853038
0.846699
0.822089
0.824553
0.82561
0.81651
0.830549
0.822086
0.836416
0.827919
0.825573
0.82747
0.832243
0.830497
0.830253
0.833612
0.822663
0.825474
0.835947
0.833273
0.835723
0.820539
0.832033
0.828683
0.840911
0.823314
0.837654
0.821025
0.830881
0.840704
0.827228
0.838277
0.835936
0.822369
0.822539
0.840283
0.827624
0.840018
0.81851
0.843631
0.836695
0.848825
0.840454
0.830835
0.832977
0.826978
0.835355
0.828846
0.827107
0.835642
0.831988
0.838093
0.839225
0.835407
0.820456
0.82789
0.829318
0.835068
0.83803
0.844764
0.827748
0.825866
0.830397
0.831933
0.833865
0.828472
0.845239
0.835443
0.827179
0.828594
0.8277
0.82415
0.832811
0.823717
0.8294
0.813927
0.83166
0.839128
0.829483
0.825412
0.826913
0.831232
0.816963
0.8405
0.821603
0.822193
0.828535
0.834806
0.8229
0.824493
0.823678
0.854017
0.829798
0.839348
0.819663
0.839201
0.822577
0.825764
0.835971
0.839061
0.838479
0.834954
0.825155
0.833446
0.838685
0.842983
0.818988
0.830484
0.827273
0.834697
0.837513
0.830377
0.827893
0.820091
0.835422
0.82572
0.823141
0.824649
0.830378
0.840416
0.848168
0.838969
0.831128
0.827881
0.830931
0.829746
0.821935
0.830408
0.822538
0.828264
0.823318
0.838976
0.830498
0.834419
0.83015
0.836928
0.817893
0.831167
0.844073
0.82809
0.832379
0.827883
0.844297
0.854813
0.839579
0.837939
0.82141
0.827208
0.835302
0.831637
0.832355
0.833384
0.842917
0.819438
0.83371
0.817811
0.824615
0.828338
0.840744
0.833223
0.830211
0.834073
0.833912
0.832666
0.833957
0.838428
0.834515
0.843005
0.831465
0.821277
0.8292
0.830722
0.828254
0.85167
0.825754
0.819527
0.818885
0.843006
0.830441
0.826113
0.826871
0.850692
0.840194
0.829247
0.848431
0.835199
0.83388
0.82358
0.830603
0.833354
0.83941
0.829766
0.825223
0.853445
0.847002
0.828761
0.822686
0.833992
0.841034
0.823566
0.831071
0.821122
0.836594
0.81991
0.829396
0.830708
0.829003
0.825316
0.843476
0.828501
0.824909
0.825809
0.831668
0.842052
0.821438
0.824505
0.831054
0.841161
0.818438
0.83862
0.828583
0.83062
0.83645
0.830782
0.830022
0.835173
0.831218
0.826326
0.833232
0.826755
0.819635
0.826017
0.830541
0.819808
0.82606
0.830336
0.840871
0.82632
0.842826
0.836033
0.843254
0.82572
0.83254
0.833955
0.837668
0.822894
0.828247
0.827388
0.831403
0.83753
0.829933
0.828299
0.824265
0.825317
0.837883
0.825168
0.832877
0.822921
0.826251
0.828927
0.839371
0.833531
0.84697
0.817972
0.827971
0.826718
0.822097
0.830498
0.834348
0.826155
0.83087
0.840518
0.835228
0.831324
0.832487
0.832975
0.830472
0.85963
0.823729
0.837818
0.828056
0.838072
0.818477
0.834808
0.825544
0.820986
0.84994
0.834808
0.827462
0.826653
0.833598
0.824197
0.841203
0.828555
0.826065
0.82928
0.82819
0.830997
0.829744
0.822582
0.835999
0.836349
0.837063
0.837364
0.843007
0.826186
0.835639
0.830715
0.833711
0.827054
0.822953
0.826303
0.826409
0.837257
0.827356
0.847731
0.829626
0.82367
0.839229
0.832018
0.830467
0.834433
0.830616
0.841499
0.840554
0.814739
0.829943
0.827313
0.822777
0.846325
0.820469
0.842179
0.82367
0.839951
0.831032
0.833229
0.844637
0.832532
0.824731
0.822399
0.827589
0.829828
0.836983
0.82904
0.829032
0.822795
0.818444
0.819282
0.827457
0.844541
0.83416
0.826042
0.840551
0.834326
0.827704
0.824529
0.821646
0.845992
0.832072
0.817148
0.821117
0.825135
0.8291
0.834758
0.8276
0.820824
0.8296
0.829807
0.831725
0.8339
0.835402
0.826271
0.815602
0.828772
0.836701
0.818565
0.816547
0.849065
0.824942
0.825189
0.841654
0.826573
0.837126
0.832305
0.826549
0.833125
0.832726
0.826065
0.818934
0.836345
0.839312
0.84315
0.824182
0.816997
0.834115
0.827566
0.823365
0.828562
0.835779
0.827362
0.827347
0.829061
0.827664
0.834567
0.842015
0.824131
0.825552
0.831172
0.831782
0.824498
0.854206
0.842614
0.832348
0.825371
0.837292
0.818985
0.824622
0.834163
0.833295
0.837982
0.836316
0.829693
0.820507
0.845201
0.826779
0.830508
0.827603
0.828341
0.821825
0.849988
0.827176
0.827276
0.819378
0.823289
0.840717
0.827179
0.849894
0.825487
0.828905
0.839489
0.823253
0.818693
0.824611
0.84384
0.836423
0.832236
0.832899
0.825826
0.834215
0.825968
0.818817
0.820759
0.825198
0.820977
0.83528
0.8311
0.827899
0.827575
0.827817
0.830686
0.840002
0.829514
0.83585
0.834752
0.827925
0.825737
0.835354
0.828539
0.830776
0.824445
0.830189
0.829561
0.820224
0.834561
0.823636
0.823415
0.82656
0.837257
0.833056
0.820282
0.834967
0.823479
0.84342
0.83273
0.818618
0.834899
0.832538
0.825954
0.841446
0.828126
0.84299
0.820855
0.821854
0.822442
0.824375
0.829276
0.824179
0.833259
0.841581
0.824392
0.822919
0.828968
0.826761
0.828652
0.834855
0.828672
0.836299
0.841656
0.844511
0.826305
0.822109
0.836979
0.856
0.84404
0.846859
0.833831
0.825564
0.826831
0.831728
0.840878
0.822616
0.835532
0.837491
0.8254
0.847758
0.818099
0.837007
0.843815
0.827896
0.853222
0.823091
0.836534
0.833291
0.835114
0.830124
0.833465
0.817912
0.828946
0.828259
0.815497
0.836232
0.84762
0.826698
0.823877
0.828966
0.836016
0.84475
0.822216
0.819973
0.827649
0.831365
0.825525
0.832443
0.819957
0.827016
0.828941
0.847052
0.825313
0.833126
0.833095
0.831403
0.829608
0.84175
0.834326
0.824866
0.832557
0.82816
0.82363
0.834194
0.831776
0.825608
0.821306
0.848598
0.83748
0.821997
0.837879
0.821986
0.841079
0.82807
0.825948
0.838805
0.844621
0.838155
0.827343
0.825775
0.834297
0.830069
0.8396
0.834252
0.845887
0.857241
0.830438
0.820982
0.837164
0.843944
0.853835
0.828498
0.824137
0.824298
0.821212
0.83586
0.836106
0.818831
0.84762
0.832112
0.823416
0.833019
0.829805
0.819479
0.828743
0.847194
0.826603
0.829483
0.844329
0.846734
0.821466
0.8236
0.8312
0.825885
0.849551
0.834406
0.824982
0.83618
0.824179
0.830107
0.823319
0.827492
0.821262
0.81797
0.839313
0.848449
0.830881
0.833049
0.825799
0.836841
0.825247
0.826239
0.828882
0.827973
0.832832
0.828662
0.82786
0.832686
0.821928
0.825742
0.835919
0.828134
0.828113
0.820417
0.835833
0.822117
0.820343
0.842734
0.831001
0.824313
0.823673
0.828141
0.839403
0.83564
0.829287
0.823597
0.824186
0.830107
0.823062
0.817727
0.837867
0.824011
0.829314
0.830098
0.830862
0.825787
0.84494
0.827746
0.840975
0.818112
0.827618
0.824255
0.840444
0.830995
0.837851
0.824525
0.824322
0.83722
0.852244
0.831756
0.844398
0.839601
0.841004
0.846731
0.833913
0.836394
0.820459
0.828121
0.835082
0.830329
0.829356
0.836673
0.830269
0.830625
0.831203
0.821575
0.839838
0.822686
0.843641
0.847102
0.829322
0.835495
0.839749
0.840558
0.83918
0.836004
0.824744
0.832114
0.81424
0.843402
0.832931
0.816139
0.826156
0.844552
0.81161
0.83437
0.83999
0.831051
0.822886
0.834823
0.851596
0.827117
0.825399
0.836142
0.830947
0.834335
0.831665
0.842288
0.831965
0.838558
0.829062
0.816615
0.84309
0.843681
0.83988
