0.848067
0.824794
0.828113
0.843056
0.835619
0.833052
0.832719
0.836836
0.83811
0.834644
0.829595
0.831141
0.831981
0.850389
0.835195
0.818607
0.823698
0.835098
0.818735
0.834739
0.863768
0.820338
0.827645
0.834083
0.832546
0.832631
0.831508
0.827117
0.842413
0.834167
0.823958
0.826276
0.838497
0.83551
0.827754
0.819388
0.844388
0.82914
0.835295
0.819893
0.829386
0.824269
0.830047
0.814497
0.867587
0.854865
0.81697
0.823066
0.828964
0.847274
0.832607
0.834921
0.823321
0.836454
0.822139
0.831493
0.82097
0.819534
0.819229
0.842442
0.824294
0.838945
0.844875
0.822009
0.850844
0.832062
0.82871
0.836002
0.83965
0.82039
0.820205
0.84914
0.841642
0.83167
0.825762
0.836672
0.828982
0.822783
0.850743
0.839568
0.827311
0.83486
0.831944
0.825628
0.849582
0.839785
0.835779
0.823986
0.8366
0.836888
0.852801
0.825567
0.845683
0.834942
0.841702
0.835257
0.851893
0.831801
0.832826
0.816526
0.819948
0.820858
0.832516
0.839876
0.820052
0.860384
0.84149
0.811368
0.843752
0.819306
0.836994
0.822961
0.828231
0.834583
0.827162
0.823609
0.84728
0.827706
0.827307
0.839928
0.825465
0.839914
0.828092
0.836935
0.833171
0.833146
0.827323
0.848252
0.82828
0.874492
0.838547
0.849995
0.834201
0.822729
0.810445
0.845169
0.835282
0.824349
0.857208
0.825162
0.841477
0.843613
0.835952
0.828555
0.853081
0.833297
0.848022
0.828893
0.834965
0.826759
0.843363
0.820729
0.846485
0.825932
0.825565
0.830369
0.831604
0.833148
0.826371
0.822857
0.827689
0.826351
0.823546
0.824139
0.825358
0.834611
0.825143
0.838333
0.821915
0.817094
0.832291
0.818994
0.835391
0.83165
0.827698
0.835559
0.816777
0.837243
0.823647
0.809891
0.832119
0.838079
0.836739
0.827228
0.820488
0.819247
0.835265
0.834538
0.830517
0.828774
0.832996
0.840437
0.82569
0.830714
0.824429
0.828496
0.816332
0.821643
0.845003
0.829417
0.830203
0.819798
0.835124
0.829758
0.82309
0.812481
0.824553
0.841415
0.829497
0.837666
0.819854
0.831874
0.83077
0.831481
0.837641
0.839926
0.831824
0.837992
0.837744
0.83004
0.845858
0.825981
0.809739
0.832154
0.83366
0.826393
0.840295
0.838382
0.830551
0.820182
0.818571
0.822576
0.823764
0.825133
0.836363
0.843656
0.827274
0.837732
0.834528
0.82494
0.837818
0.834416
0.842706
0.836154
0.825762
0.835778
0.815047
0.819416
0.824141
0.821849
0.835639
0.844429
0.83063
0.840052
0.828774
0.822162
0.818467
0.827353
0.844931
0.830015
0.829848
0.82728
0.827705
0.842266
0.854211
0.831547
0.827154
0.837165
0.826043
0.833551
0.838676
0.83287
0.835323
0.822141
0.825342
0.836591
0.826379
0.841675
0.816405
0.825255
0.8426
0.84747
0.822886
0.825936
0.839536
0.847448
0.827685
0.821328
0.846702
0.821386
0.839329
0.83705
0.877815
0.832302
0.82468
0.830292
0.829673
0.832354
0.826946
0.841995
0.820504
0.84489
0.84017
0.845066
0.846223
0.835056
0.821071
0.831953
0.829125
0.83633
0.835155
0.833282
0.831486
0.845363
0.830755
0.826464
0.821397
0.821342
0.828216
0.83957
0.835926
0.84298
0.837583
0.829848
0.816707
0.82146
0.826875
0.824173
0.862378
0.843163
0.840172
0.824193
0.841673
0.830896
0.837117
0.83361
0.829044
0.838074
0.854804
0.828542
0.827349
0.846227
0.819121
0.822569
0.825233
0.82713
0.840131
0.821607
0.833914
0.834919
0.819792
0.838776
0.822811
0.829865
0.832925
0.823354
0.830506
0.827294
0.823106
0.830167
0.821178
0.828516
0.824841
0.846665
0.824214
0.831989
0.835145
0.831278
0.848831
0.822518
0.847079
0.827059
0.827353
0.837644
0.8353
0.828251
0.840931
0.82079
0.824671
0.827852
0.822587
0.815009
0.814504
0.835383
0.817746
0.836711
0.829748
0.832238
0.836127
0.838604
0.830798
0.825618
0.82243
0.846431
0.826092
0.821717
0.843916
0.831763
0.819048
0.851009
0.828247
0.841601
0.847937
0.82206
0.841608
0.841781
0.826102
0.828392
0.81675
0.851344
0.844059
0.832692
0.822135
0.849977
0.823921
0.846347
0.833912
0.835576
0.824399
0.849956
0.824732
0.839139
0.829008
0.824767
0.838718
0.833254
0.837143
0.837529
0.826814
0.823504
0.816856
0.815567
0.835595
0.826768
0.832839
0.828365
0.828733
0.834965
0.821046
0.831669
0.825797
0.825077
0.830741
0.834326
0.823733
0.815146
0.828742
0.814769
0.830273
0.830855
0.83439
0.828295
0.823881
0.837502
0.813454
0.834835
0.824058
0.824874
0.848766
0.831159
0.824826
0.826747
0.817099
0.840005
0.825045
0.830167
0.836099
0.820925
0.814689
0.820197
0.829825
0.823111
0.859949
0.818638
0.831638
0.83992
0.81908
0.822325
0.827479
0.833814
0.827567
0.845477
0.835663
0.831504
0.837215
0.83099
0.823853
0.839009
0.850653
0.830525
0.834539
0.832214
0.841977
0.837049
0.832127
0.84084
0.858437
0.829444
0.815011
0.836613
0.837647
0.826122
0.83302
0.83165
0.820575
0.827866
0.833508
0.840302
0.828546
0.846828
0.839076
0.827306
0.824074
0.842147
0.837193
0.832353
0.827742
0.830988
0.83094
0.823563
0.825308
0.823417
0.840139
0.837102
0.842284
0.83618
0.823122
0.85758
0.825758
0.826776
0.838962
0.814111
0.821305
0.829546
0.835395
0.826582
0.820342
0.84568
0.840094
0.83064
0.833169
0.821379
0.843545
0.831741
0.814476
0.849163
0.81911
0.82284
0.832492
0.840621
0.816958
0.844995
0.830815
0.826854
0.843703
0.828474
0.828328
0.835931
0.838186
0.820717
0.823535
0.831021
0.828373
0.829319
0.829882
0.825959
0.830179
0.831529
0.823313
0.822251
0.818625
0.821491
0.832151
0.827321
0.834459
0.836528
0.844183
0.824365
0.83862
0.849569
0.827156
0.828273
0.820671
0.843592
0.836401
0.833083
0.82055
0.827414
0.828707
0.824251
0.824251
0.821621
0.827012
0.817288
0.823257
0.822033
0.818288
0.838569
0.823924
0.838187
0.824399
0.832092
0.831342
0.812063
0.829926
0.822604
0.829789
0.831746
0.836204
0.821295
0.826675
0.817429
0.819888
0.82589
0.83853
0.825927
0.826923
0.818946
0.820787
0.838981
0.831339
0.83031
0.833537
0.813091
0.825827
0.82988
0.845508
0.817975
0.822624
0.820644
0.825406
0.826611
0.839752
0.847451
0.836343
0.822659
0.825391
0.821591
0.816817
0.838824
0.848715
0.82098
0.821066
0.827959
0.837641
0.831887
0.821981
0.823985
0.818379
0.834013
0.829656
0.828893
0.830303
0.830793
0.826491
0.819392
0.83725
0.825563
0.832005
0.82912
0.82462
0.829152
0.835768
0.855777
0.827252
0.813258
0.830011
0.857299
0.836291
0.827494
0.844345
0.817614
0.846391
0.841607
0.821013
0.838528
0.820588
0.824652
0.830751
0.84054
0.827601
0.824187
0.820752
0.832026
0.838123
0.825741
0.81539
0.839208
0.828023
0.827991
0.822213
0.829058
0.835903
0.827563
0.828524
0.829278
0.839585
0.831281
0.827313
0.828006
0.834718
0.840598
0.837721
0.827674
0.82934
0.848411
0.818607
0.833116
0.841384
0.832211
0.830383
0.813051
0.852211
0.841692
0.825878
0.821204
0.833322
0.819154
0.841297
0.835086
0.819174
0.819203
0.824803
0.842277
0.818316
0.83482
0.842779
0.837905
0.830875
0.835677
0.823587
0.829728
0.836666
0.827194
0.872748
0.822241
0.830561
0.82752
0.822521
0.833873
0.829593
0.821839
0.835073
0.822894
0.838779
0.852053
0.819892
0.834722
0.827648
0.839911
0.821723
0.839309
0.828704
0.835561
0.839028
0.837212
0.825329
0.82892
0.841911
0.83542
0.824602
0.839095
0.847876
0.838635
0.83048
0.843885
0.842325
0.833903
0.845136
0.845993
0.823803
0.835747
0.83408
0.823414
0.828394
0.834811
0.818347
0.828583
0.844079
0.8299
0.845611
0.824473
0.826951
0.837815
0.856971
0.824732
0.836205
0.840634
0.82567
0.834486
0.835458
0.826213
0.824049
0.830878
0.832333
0.828699
0.84728
0.827522
0.818624
0.826
0.821443
0.837933
0.811841
0.834506
0.825478
0.835
0.819074
0.834035
0.818832
0.821183
0.839122
0.83993
0.828832
0.846395
0.855088
0.847371
0.834111
0.818892
0.826209
0.842825
0.814023
0.8232
0.833192
0.854951
0.834286
0.836497
0.82931
0.813749
0.841373
0.836048
0.827233
0.824077
0.834759
0.824787
0.833884
0.822615
0.824998
0.81768
0.832179
0.825122
0.818651
0.836008
0.841149
0.839873
0.829377
0.828749
0.819886
0.830759
0.82632
0.831208
0.837923
0.827126
0.824113
0.840886
0.837556
0.823605
0.824734
0.840383
0.825343
0.829623
0.826333
0.819017
0.843112
0.834989
0.82936
0.840519
0.811009
0.831734
0.822271
0.829986
0.817549
0.834483
0.822864
0.83318
0.838044
0.839954
0.823115
0.853032
0.840317
0.824256
0.839835
0.852762
0.82931
0.830299
0.838433
0.819854
0.846004
0.823145
0.833179
0.814503
0.834915
0.83236
0.830486
0.820748
0.836245
0.826922
0.837028
0.824548
0.818692
0.842617
0.833724
0.837136
0.832658
0.828335
0.829795
0.831192
0.837207
0.829856
0.836989
0.842116
0.828164
0.827077
0.824292
0.845935
0.831054
0.832537
0.826587
0.835128
0.82243
0.827418
0.822999
0.846526
0.833949
0.833649
0.832306
0.833011
0.8259
0.841853
0.827261
0.816914
0.819839
0.82133
0.826155
0.82819
0.832933
0.82676
0.829782
0.864241
0.826241
0.842603
0.825038
0.834199
0.841511
0.821335
0.837751
0.832874
0.824277
0.835619
0.826698
0.851471
0.826348
0.846702
0.820227
0.819456
0.841259
0.839768
0.833866
0.843417
0.81342
0.823384
0.840521
0.830042
0.834081
0.825064
0.837505
0.835877
0.828855
0.822641
0.822587
0.835348
0.808765
0.827334
0.830556
0.849802
0.851991
0.820164
0.82388
0.820322
0.820526
0.835762
0.839822
0.83107
0.833792
0.827941
0.838333
0.823677
0.832531
0.829596
0.835215
0.822743
0.81343
0.832905
0.831072
0.81891
0.823723
0.832987
0.845187
0.826983
0.824232
0.8179
0.839201
0.83735
0.815589
0.834754
0.834684
0.821082
0.827543
0.83239
0.825271
0.837393
0.828749
0.835287
0.83107
0.83508
0.832365
0.859587
0.830318
0.849079
0.830065
0.838127
0.832153
0.84243
0.834189
0.816575
0.831022
0.829661
0.836087
0.815297
0.818412
0.835025
0.835429
0.825595
0.833343
0.827218
0.817735
0.833583
0.832794
0.830059
0.825531
0.849309
0.840363
0.811032
0.829895
0.821581
0.830115
0.83223
0.827461
0.820599
0.825357
0.838278
0.839006
0.829544
0.835229
0.836795
0.830077
0.834925
0.832417
0.827136
0.837613
0.825635
0.839168
0.832898
0.818206
0.830143
0.826051
0.825217
0.834756
0.830247
0.833074
0.825693
0.8237
0.834784
0.834927
0.820602
0.825539
0.830529
0.841538
0.84186
0.838138
0.840619
0.822813
0.82102
0.839148
0.821921
0.831393
0.820924
0.836431
0.818595
0.833382
0.811232
0.826284
0.817198
0.831284
0.832232
0.819387
0.83519
0.843839
0.843839
0.824841
0.826131
0.827634
0.827228
0.843912
0.825552
0.815501
0.821453
0.83366
0.84044
0.823279
0.817847
0.824225
0.830616
0.819966
0.827744
0.819654
0.820692
0.828278
0.821306
0.833542
0.824997
0.828896
0.825426
0.840993
0.828432
0.821507
0.838166
0.829717
0.828432
0.824438
0.827301
0.825165
0.833487
0.833589
0.833902
0.837806
0.831508
0.830289
0.825644
0.822078
0.835226
0.839697
0.832238
0.829326
0.836178
0.825587
0.830884
0.826082
0.835215
0.82876
0.829657
0.831054
0.831695
0.82879
0.81765
0.819575
0.823262
0.836819
0.843435
0.830746
0.820024
0.81911
0.843144
0.822901
0.829928
0.829006
0.846325
0.825322
0.826418
0.83672
0.823451
0.851745
0.858747
0.837797
0.833498
0.8231
0.864826
0.833197
0.826672
0.814169
0.822059
0.839427
0.848999
0.82379
0.825114
0.82048
0.825011
0.8135
0.823576
0.827846
0.82288
0.844759
0.832024
0.847383
0.837353
0.831888
0.815497
0.821704
0.822121
0.843758
0.826727
0.833507
0.823158
0.853264
0.843188
0.855333
0.823554
0.840076
0.824496
0.829325
0.837988
0.834693
0.827041
0.830757
0.839007
0.83459
0.835081
0.823386
0.829669
0.819835
0.828832
0.824399
0.825263
0.82544
0.826737
0.821335
0.823558
0.817054
0.836721
0.835594
0.838509
0.838065
0.831193
0.827332
0.830249
0.829198
0.834079
0.817449
0.839596
0.827135
0.818903
0.828509
0.839763
0.828232
0.826681
0.825942
0.836177
0.833695
0.823925
0.839321
0.818193
0.834227
0.829261
0.840157
0.825344
0.819175
0.821194
0.845163
0.818785
0.825213
0.82129
0.846861
0.832506
0.843103
0.824875
0.838095
0.827337
0.846373
0.835766
0.833806
0.82381
0.830847
0.815047
0.832245
0.836618
0.82449
0.830189
0.833031
0.815951
0.822331
0.834032
0.825008
0.831402
0.827625
0.833803
0.841057
0.847619
0.830214
0.833272
0.837523
0.823963
0.838829
0.870972
0.831472
0.836077
0.83563
0.837496
0.816225
0.827628
0.823557
0.825343
0.833109
0.843607
0.831704
0.846455
0.830336
0.822687
0.82029
0.838053
0.831518
0.837744
0.825126
0.837141
0.828254
0.840367
0.834151
0.833999
0.834642
0.809516
0.844639
0.831111
0.812771
0.848322
0.825976
0.826859
0.82006
0.827833
0.810936
0.829609
0.837271
0.826648
0.835175
0.84459
0.837572
0.832386
0.8216
0.850455
0.82463
0.84654
0.828457
0.820956
0.831573
0.829173
0.822614
0.822308
0.836575
0.815535
0.831406
0.827292
0.818636
0.831952
0.834052
0.830677
0.833452
0.836393
0.830309
0.836675
0.828539
0.832374
0.825777
0.825035
0.841843
0.845137
0.828256
0.832047
0.822009
0.827648
0.841853
0.823914
0.82495
0.818194
0.829427
0.824643
0.837075
0.814372
0.824365
0.819478
0.823888
0.829536
0.827261
0.81477
0.829646
0.839613
0.827546
0.830059
0.817071
0.825603
0.830653
0.834294
0.838307
0.832477
0.83245
0.833246
0.843988
0.822761
0.825105
0.834165
0.822015
0.825051
0.840233
0.835392
0.850301
0.843419
0.833079
0.826318
0.818213
0.835039
0.83127
0.828917
0.819924
0.833293
0.826253
0.82931
0.833246
0.837857
0.824748
0.838836
0.823885
0.830322
0.825706
0.826388
0.843586
0.818953
0.830234
0.827353
0.826419
0.832467
0.836355
0.837466
0.815763
0.823639
0.830897
0.820221
0.836825
0.821582
0.823308
0.840926
0.839769
0.851126
0.82898
0.819103
0.836296
0.831857
0.853888
0.833798
0.825008
0.833729
0.829144
0.829664
0.841601
0.832101
0.847383
0.823723
0.833096
0.829673
0.839833
0.835917
0.82245
0.847696
0.822617
0.833066
0.8239
0.827025
0.827821
0.833605
0.820278
0.834574
0.829797
0.852419
0.84691
0.840595
0.809813
0.829248
0.824729
0.846853
0.835737
0.815891
0.830016
0.826248
0.82992
0.835473
0.82424
0.833908
0.823274
0.830905
0.836048
0.835439
0.835623
0.83545
0.837146
0.839052
0.826052
0.82082
0.828669
0.821707
0.822926
0.835294
0.837688
0.834925
0.825327
0.829938
0.844139
0.826733
0.83049
0.834236
0.833976
0.821719
0.826742
0.825809
0.831161
0.825679
0.852782
0.831524
0.821154
0.825737
0.822433
0.840669
0.824961
0.841784
0.822972
0.84259
0.830589
0.836735
0.838762
0.818001
0.826534
0.841272
0.821693
0.83547
0.815043
0.831565
0.82799
0.843011
0.84705
0.825629
0.824256
0.835938
0.840241
0.820619
0.843123
0.831494
0.827488
0.826323
0.845733
0.823603
0.842692
0.822258
0.823668
0.831261
0.824666
0.832883
0.843833
0.824448
0.835936
0.827452
0.824514
0.834323
0.823533
0.831722
0.82176
0.826108
0.852453
0.828474
0.827433
0.823345
0.826286
0.83865
0.820195
0.821961
0.844394
0.83119
0.824848
0.832733
0.833814
0.828114
0.835747
0.838303
0.826398
0.824829
0.83546
0.829108
0.839787
0.839428
0.83906
0.813462
0.847723
0.84628
0.825293
0.821834
0.833233
0.846345
0.832999
0.837688
0.840711
0.823508
0.821767
0.821793
0.837456
0.839515
0.823115
0.815168
0.830919
0.8353
0.835721
0.823018
0.831677
0.824589
0.833451
0.822463
0.821078
0.835586
0.824823
0.825999
0.817781
0.834172
0.828517
0.836872
0.822498
0.83323
0.843299
0.826934
0.829527
0.834946
0.822335
0.828637
0.827811
0.839298
0.829754
0.832029
0.822529
0.852245
0.826095
0.82388
0.838156
0.827222
0.843305
0.831049
0.826718
0.828047
0.834718
0.826822
0.834145
0.824463
0.829786
0.825094
0.830556
0.820401
0.825773
0.82424
0.834135
0.831645
0.83603
0.826953
0.824524
0.825937
0.828207
0.81854
0.830147
0.8263
0.843903
0.828873
0.830367
0.818634
0.822299
0.841423
0.83411
0.834628
0.81974
0.844353
0.836361
0.827621
0.847655
0.840037
0.85888
0.815861
0.849829
0.834529
0.826086
0.821329
0.833274
0.829637
0.838762
0.84054
0.832207
0.815891
0.821851
0.828841
0.824456
0.826542
0.82698
0.825288
0.83813
0.81986
0.822386
0.825099
0.822188
0.830898
0.835197
0.839735
0.822139
0.821946
0.826146
0.833341
0.847587
0.828992
0.834432
0.836919
0.841649
0.830227
0.831941
0.837478
0.825265
0.832714
0.841345
0.827902
0.852497
0.816826
0.819435
0.838629
0.820217
0.817607
0.837432
0.818503
0.817699
0.83136
0.835136
0.836385
0.837194
0.826319
0.828728
0.828704
0.82477
0.829548
0.835368
0.810468
0.817223
0.825795
0.832444
0.845448
0.832602
0.841021
0.839597
0.835809
0.823343
0.815642
0.828882
0.854413
0.833678
0.827735
0.839578
0.83235
0.83627
0.821898
0.824706
0.826188
0.837498
0.818316
0.824596
0.83925
0.839833
0.829002
0.830561
0.825811
0.821942
0.84087
0.837238
0.812887
0.818818
0.825231
0.835656
0.821695
0.840578
0.834356
0.838373
0.849067
0.831482
0.830864
0.829131
0.839673
0.836789
0.847004
0.83162
0.840618
0.846162
0.823818
0.826436
0.842485
0.821121
0.821729
0.861714
0.828629
0.843592
0.83535
0.811064
0.83038
0.826206
0.822803
0.828683
0.842974
0.838729
0.830758
0.831231
0.835745
0.829454
0.843157
0.82335
0.82372
0.837852
0.833986
0.834485
0.841079
0.827037
0.831294
0.825817
0.834173
0.848894
0.83272
0.841068
0.817208
0.833927
0.82787
0.840335
0.832431
0.827661
0.820765
0.834734
0.846691
0.840579
0.818822
0.830991
0.831534
0.83131
0.837551
0.853194
0.826259
0.833439
0.838706
0.82727
0.83628
0.854638
0.832198
0.819269
0.8387
0.820876
0.844249
0.824614
0.829767
0.826086
0.815385
0.836755
0.845989
0.81664
0.814303
0.829886
0.833302
0.837929
0.824584
0.830569
0.837437
0.832417
0.838231
0.846372
0.818917
0.827222
0.826671
0.838561
0.814773
0.825012
0.822759
0.825647
0.847001
0.832131
0.828593
0.832421
0.837458
0.821002
0.838174
0.844893
0.836577
0.827186
0.829952
0.856345
0.813078
0.824509
0.831267
0.827303
0.836284
0.833528
0.837954
0.820721
0.82397
0.835062
0.832882
0.831058
0.820307
0.827668
0.840315
0.83298
0.820955
0.837464
0.832965
0.837451
0.83085
0.844199
0.840886
0.863755
0.826549
0.829313
0.827353
0.834023
0.832427
0.833854
0.847663
0.830298
0.82389
0.827948
0.818336
0.829796
0.833322
0.822291
0.822534
0.821577
0.856235
0.822201
0.83621
0.834932
0.812147
0.824831
0.834322
0.844158
0.815874
0.83084
0.830924
0.816566
0.821025
0.839211
0.843996
0.827224
0.83628
0.838221
0.838677
0.818953
0.820376
0.827796
0.829004
0.816293
0.82472
0.836564
0.854573
0.822535
0.818925
0.827348
0.816236
0.834334
0.832695
0.829084
0.824579
0.823708
0.831283
0.832573
0.824446
0.843628
0.833898
0.834224
0.831129
0.858647
0.822781
0.819878
0.851733
0.852734
0.820994
0.832338
0.82465
0.836356
0.832164
0.82611
0.830968
0.821661
0.82837
0.822667
0.822399
0.829624
0.825931
0.851331
0.81748
0.824477
0.837364
0.826497
0.819018
0.831057
0.820417
0.825709
0.838813
0.818076
0.817102
0.830528
0.824741
0.828003
0.830958
0.826342
0.832831
0.826808
0.820338
0.82714
0.842824
0.819105
0.83207
0.831666
0.826587
0.820435
0.838587
0.841359
0.81449
0.850669
0.829145
0.838805
0.834455
0.810368
0.837223
0.82471
0.832498
0.832697
0.823714
0.822157
0.821412
0.819739
0.823233
0.837389
0.819432
0.830703
0.836763
0.820666
0.824835
0.826559
0.824628
0.820088
0.842168
0.851474
0.827152
0.838688
0.819016
0.836633
0.827963
0.830704
0.843576
0.830076
0.819538
0.835537
0.826331
0.836975
0.84124
0.827857
0.823774
0.811762
0.823467
0.822562
0.813585
0.841717
0.833096
0.826661
0.833071
0.821715
0.830062
0.830463
0.820453
0.841745
0.839798
0.832124
0.835534
0.824277
0.830108
0.834918
0.828243
0.832169
0.839595
0.833891
0.835871
0.80991
0.836733
0.833456
0.819566
0.817418
0.843052
0.81311
0.843568
0.841028
0.853643
0.82815
0.827363
0.829262
0.832116
0.84335
0.83129
0.849578
0.817234
0.827964
0.825754
0.817214
0.829287
0.834507
0.832099
0.829277
0.826418
0.844291
0.838973
0.82026
0.837577
0.823162
0.832943
0.823682
0.83499
0.834432
0.83656
0.821829
0.819634
0.825619
0.809372
0.832326
0.819308
0.84507
0.829553
0.83442
0.837011
0.833421
0.8292
0.825249
0.822306
0.845053
0.827499
0.821637
0.839531
0.833114
0.829734
0.835188
0.834979
0.84118
0.835997
0.831892
0.840651
0.827715
0.833899
0.827926
0.833247
0.813692
0.851961
0.829944
0.833528
0.832379
0.831377
0.82634
0.835482
0.830693
0.838587
0.818996
0.829492
0.829932
0.826169
0.836454
0.827987
0.841269
0.821891
0.842606
0.844173
0.826268
0.82718
0.831335
0.823862
0.825774
0.825355
0.832885
0.837285
0.82982
0.839762
0.829035
0.846453
0.827698
0.828406
0.824188
0.827502
0.818545
0.834333
0.829187
0.830986
0.822225
0.81072
0.823682
0.844344
0.82952
0.849298
0.826436
0.815094
0.819112
0.829611
0.820896
0.824454
0.833987
0.819004
0.838104
0.846097
0.828943
0.854909
0.828958
0.815017
0.840844
0.844796
0.821067
0.823753
0.838554
0.848256
0.842309
0.830355
0.846213
0.825886
0.845825
0.829387
0.832823
0.821731
0.823059
0.825516
0.829927
0.836278
0.826295
0.857054
0.857684
0.821006
0.845335
0.826075
0.829644
0.824857
0.812011
0.836772
0.823873
0.830441
0.829145
0.816593
0.8403
0.824326
0.833352
0.829219
0.820444
0.83019
0.819496
0.827995
0.815112
0.824918
0.81625
0.830167
0.8355
0.816118
0.83786
0.8308
0.838471
0.826253
0.836608
0.832094
0.827767
0.820927
0.820694
0.830811
0.824446
0.820449
0.83246
0.835399
0.825152
0.865085
0.8321
0.822389
0.841823
0.836132
0.814238
0.827652
0.827041
0.822356
0.827601
0.826076
0.831253
0.82411
0.831466
0.825851
0.83481
0.824885
0.83985
0.830546
0.826514
0.829478
0.823939
0.83469
0.853741
0.84021
0.865885
0.821018
0.849356
0.836888
0.839329
0.830901
0.818748
0.841424
0.838972
0.834385
0.816612
0.839711
0.843322
0.828515
0.830156
0.818283
0.82363
0.81762
0.846041
0.845177
0.842925
0.840458
0.823834
0.827964
0.842171
0.830258
0.851406
0.82908
0.823032
0.839471
0.812843
0.813771
0.82654
0.843177
0.82431
0.822611
0.838045
0.83485
0.843718
0.83413
0.82699
0.827778
0.829514
0.83068
0.828258
0.814513
0.829572
0.84291
0.836206
0.832971
0.834437
0.831668
0.826271
0.833341
0.831511
0.8258
0.845117
0.824956
0.826029
0.843394
0.832538
0.838644
0.826759
0.835496
0.830956
0.82429
0.826428
0.830979
0.845549
0.835515
0.825972
0.845522
0.830642
0.828422
0.830518
0.854802
0.822797
0.821875
0.819277
0.830417
0.830041
0.84726
0.819427
0.827757
0.831105
0.829822
0.81271
0.837866
0.824107
0.831521
0.838168
0.83111
0.829154
0.834147
0.840442
0.824342
0.825473
0.81754
0.824437
0.852677
0.841244
0.825646
0.848522
0.841105
0.831654
0.833799
0.862965
0.840467
0.839714
0.827256
0.84191
0.838591
0.823671
0.821274
0.831103
0.830507
0.835845
0.819748
0.824021
0.829036
0.83354
0.827085
0.822508
0.840416
0.829689
0.826391
0.838836
0.836398
0.82965
0.832902
0.831415
0.824219
0.827505
0.812756
0.865007
0.828483
0.812732
0.851219
0.848835
0.82873
0.821157
0.814251
0.825487
0.84106
0.834461
0.824676
0.837803
0.829232
0.811159
0.835171
0.830865
0.820481
0.828898
0.85705
0.852002
0.833676
0.841118
0.810152
0.830419
0.834092
0.823048
0.837926
0.833592
0.821534
0.842706
0.834494
0.829733
0.832578
0.85243
0.837895
0.841153
0.828296
0.823196
0.822986
0.837514
0.834405
0.818713
0.820435
0.836711
0.83362
0.828539
0.824235
0.821777
0.838231
0.83594
0.820669
0.828522
0.829328
0.852056
0.832777
0.81902
0.833466
0.838171
0.816429
0.825276
0.836383
0.842685
0.83999
0.839783
0.834974
0.830628
0.822415
0.839104
0.819312
0.822258
0.838043
0.828951
0.81823
0.833423
0.826364
0.823184
0.837769
0.832355
0.823903
0.830303
0.835164
0.838655
0.836709
0.827285
0.839066
0.830543
0.828393
0.842265
0.82978
0.825302
0.842714
0.822157
0.84163
0.82133
0.82402
0.830738
0.836233
0.827006
0.831016
0.830176
0.829779
0.824496
0.814351
0.818739
0.832221
0.851728
0.833203
0.836777
0.822968
0.826945
0.82156
0.818147
0.838655
0.824862
0.826356
0.835957
0.836974
0.825565
0.843624
0.836786
0.825312
0.836691
0.826694
0.839798
0.838083
0.834446
0.837636
0.833298
0.816238
0.823749
0.829728
0.841328
0.835209
0.833658
0.837346
0.834389
0.837091
0.840533
0.856058
0.83338
0.856303
0.83115
0.829868
0.825974
0.826014
0.824966
0.83034
0.816715
0.829186
0.841285
0.830144
0.833936
0.827563
0.826696
0.821787
0.830023
0.837679
0.828515
0.829583
0.828089
0.853409
0.825106
0.824249
0.827043
0.832856
0.816466
0.825666
0.826619
0.810592
0.815313
0.836706
0.844631
0.813672
0.814487
0.819539
0.824984
0.821636
0.825837
0.834854
0.822341
0.833278
0.82721
0.826596
0.828524
0.824124
0.821132
0.826523
0.834573
0.822922
0.831047
0.821146
0.822565
0.835948
0.834614
0.822459
0.828599
0.833789
0.824238
0.833991
0.835784
0.837474
0.816106
0.832361
0.821044
0.820225
0.822215
0.824159
0.837385
0.814829
0.831793
0.818994
0.833272
0.828626
0.819211
0.831564
0.822719
0.842383
0.8208
0.824803
0.830288
0.83918
0.823903
0.835452
0.844966
0.831425
0.818841
0.821811
0.830555
0.815002
0.852431
0.838865
0.814481
0.821764
0.825555
0.83764
0.817726
0.826084
0.828064
0.821071
0.831228
0.858548
0.834642
0.834518
0.851352
0.838659
0.819815
0.830931
0.8309
0.833669
0.829809
0.830035
0.826263
0.856681
0.853943
0.818619
0.816236
0.83066
0.838817
0.829183
0.822312
0.848369
0.827223
0.834143
0.828168
0.82632
0.830719
0.847561
0.826397
0.821442
0.827266
0.84264
0.835883
0.841307
0.840428
0.830033
0.835937
0.839071
0.832524
0.833109
0.835544
0.832673
0.830595
0.830386
0.832289
0.818973
0.853101
0.835347
0.83343
0.840653
0.842224
0.824574
0.856858
0.832023
0.838745
0.824094
0.836049
0.839818
0.835505
0.825816
0.837468
0.82209
0.821562
0.831492
0.824052
0.829031
0.836945
0.844487
0.843481
0.814737
0.844648
0.818018
0.814221
0.830595
0.837689
0.833333
0.828862
0.831786
0.8298
0.844377
0.825515
0.856137
0.849147
0.844953
0.838863
0.837022
0.829135
0.836315
0.811976
0.834336
0.814902
0.849761
0.82019
0.827572
0.830182
0.841555
0.845019
0.847226
0.825831
0.823833
0.829186
0.825854
0.830012
0.833161
0.840037
0.821694
0.825706
0.842286
0.82738
0.824762
0.847535
0.832626
0.846158
0.829682
0.833357
0.829647
0.825826
0.83446
0.816118
0.827767
0.81284
0.841991
0.825119
0.82112
0.821667
0.832011
0.82351
0.837959
0.827196
0.824426
0.82177
0.838735
0.84072
0.848005
0.831546
0.838646
0.831591
0.819122
0.822161
0.816355
0.854348
0.834848
0.834321
0.830936
0.831841
0.8292
0.823882
0.830994
0.823646
0.825087
0.821635
0.832915
0.836178
0.821765
0.823153
0.841966
0.829075
0.828452
0.844485
0.828203
0.844396
0.825892
0.824028
0.828066
0.854861
0.834173
0.833889
0.833464
0.830106
0.825048
0.845248
0.807314
0.823537
0.842643
0.827553
0.837548
0.83678
0.815736
0.821786
0.843125
0.848806
0.838677
0.81783
0.837787
0.830193
0.840372
0.824156
0.831777
0.827862
0.831764
0.841333
0.823291
0.838586
0.814512
0.844006
0.836266
0.826216
0.831948
0.837766
0.834456
0.837144
0.844959
0.824674
0.832523
0.848119
0.838327
0.829271
0.829516
0.847413
0.832621
0.829583
0.835996
0.826108
0.847986
0.83162
0.823168
0.82879
0.846745
0.838771
0.82379
0.827448
0.819853
0.827597
0.841531
0.83444
0.829082
0.82986
0.825357
0.81957
0.823854
0.849287
0.820282
0.827184
0.831796
0.821385
0.825974
0.837891
0.835909
0.825653
0.848138
0.818982
0.83678
0.837229
0.822724
0.823786
0.838483
0.835838
0.831636
0.821024
0.841594
0.831152
0.834123
0.83065
0.82677
0.81994
0.826667
0.831698
0.829741
0.832403
0.839131
0.827431
0.831824
0.849179
0.815571
0.813588
0.823826
0.84002
0.827859
0.837392
0.820095
0.827129
0.822777
0.835755
0.819111
0.836293
0.822837
0.832456
0.832291
0.832148
0.821667
0.842526
0.82625
0.82583
0.823292
0.835646
0.821872
0.814929
0.828327
0.823352
0.837549
0.825352
0.849974
0.841343
0.830932
0.830104
0.830128
0.820772
0.834419
0.823275
0.820418
0.82425
0.83578
0.862007
0.833309
0.838401
0.829925
0.826231
0.847564
0.827839
0.853313
0.827804
0.844421
0.823169
0.829218
0.848335
0.824873
0.837229
0.834866
0.841571
0.827481
0.833223
0.833239
0.816339
0.831172
0.828863
0.828651
0.826109
0.834788
0.831348
0.825325
0.839818
0.835274
0.817145
0.82638
0.829346
0.831002
0.828984
0.834696
0.828573
0.855588
0.822079
0.833069
0.845768
0.832507
0.835063
0.851431
0.821077
0.836365
0.823812
0.829779
0.819291
0.826648
0.82482
0.83718
0.834389
0.825071
0.837358
0.829167
0.823564
0.834472
0.829527
0.829971
0.823149
0.824708
0.822863
0.830542
0.830071
0.822331
0.8466
0.818397
0.833002
0.82812
0.839262
0.823424
0.827713
0.822791
0.832495
0.819145
0.81808
0.832427
0.822163
0.830135
0.820468
0.830077
0.852196
0.827292
0.841023
0.833741
0.840406
0.850925
0.82876
0.835837
0.826929
0.840365
0.836778
0.824477
0.847494
0.831572
0.827295
0.846125
0.822676
0.823285
0.834745
0.828288
0.833765
0.827557
0.827331
0.812808
0.837877
0.823677
0.827621
0.835542
0.822628
0.817147
0.830866
0.819582
0.82786
0.841659
0.832898
0.818312
0.823358
0.829361
0.814221
0.83737
0.847125
0.841476
0.82903
0.824789
0.831796
0.824707
0.832335
0.827969
0.834146
0.842251
0.816307
0.820864
0.828614
0.831287
0.828419
0.833737
0.82372
0.830189
0.833711
0.839877
0.841836
0.827798
0.826998
0.834338
0.833781
0.828859
0.844029
0.826674
0.854738
0.844355
0.81858
0.829144
0.825506
0.829194
0.837874
0.832672
0.824902
0.85322
0.827788
0.83201
0.837028
0.815979
0.858619
0.845382
0.833273
0.821089
0.822602
0.84337
0.825848
0.839377
0.830751
0.830471
0.832791
0.81816
0.823846
0.83868
0.846566
0.83601
0.823288
0.826472
0.819576
0.836962
0.843181
0.829504
0.826364
0.847787
0.848167
0.837994
0.829092
0.840003
0.817868
0.817966
0.836453
0.842076
0.834005
0.816058
0.829247
0.832646
0.84843
0.832936
0.840095
0.82076
0.844201
0.821937
0.827568
0.839714
0.825822
0.835468
0.828308
0.822407
0.833487
0.835288
0.827699
0.835353
0.820922
0.833276
0.842582
0.840681
0.82131
0.819812
0.83277
0.831653
0.822433
0.845511
0.835791
0.826492
0.833797
0.840375
0.825261
0.826216
0.813526
0.847887
0.822601
0.824189
0.845897
0.822689
0.825964
0.815888
0.831208
0.821845
0.835124
0.827386
0.831886
0.823858
0.829148
0.84841
0.817443
0.842806
0.82605
0.822221
0.825114
0.834961
0.844109
0.83674
0.839367
0.83009
0.8299
0.847684
0.818925
0.830148
0.81886
0.823595
0.840015
0.820178
0.829714
0.828288
0.822802
0.845005
0.818305
0.840588
0.82789
0.838726
0.822756
0.834159
0.828627
0.8227
0.836955
0.828302
0.827736
0.828958
0.846226
0.829261
0.840769
0.835768
0.835536
0.838202
0.825168
0.837953
0.82621
0.842406
0.818769
0.824513
0.853048
0.82135
0.844818
0.824253
0.828004
0.829723
0.823312
0.825354
0.842864
0.827554
0.824805
0.845085
0.823011
0.827393
0.855419
0.818031
0.833929
0.826578
0.833299
0.832013
0.82971
0.82255
0.828243
0.822286
0.816597
0.820622
0.831581
0.825472
0.831845
0.844962
0.826975
0.820823
0.834248
0.826853
0.815104
0.828126
0.83415
0.820372
0.833794
0.835523
0.823876
0.821055
0.828238
0.830023
0.833432
0.827949
0.82828
0.827619
0.837437
0.841774
0.823175
0.849279
0.841114
0.827076
0.818443
0.849462
0.84051
0.82107
0.822202
0.827347
0.819891
0.826362
0.841194
0.850004
0.835248
0.819782
0.840786
0.826093
0.833062
0.823419
0.831267
0.828315
0.835731
0.818218
0.848796
0.827577
0.841252
0.820511
0.833575
0.83827
0.83887
0.832432
0.833115
0.825773
0.812776
0.829787
0.844367
0.839078
0.861914
0.838123
0.838569
0.84166
0.819998
0.823839
0.845073
0.842589
0.839802
0.836174
0.820309
0.836217
0.83337
0.837886
0.823453
0.821701
0.844164
0.825491
0.826952
0.808878
0.838776
0.840797
0.814545
0.823815
0.852784
0.830909
0.816317
0.827068
0.829513
0.827393
0.82563
0.839794
0.818609
0.829158
0.835693
0.813089
0.831706
0.814102
0.827763
0.825975
0.845302
0.828763
0.808778
0.821138
0.834632
0.827751
0.828386
0.832499
0.825768
0.831194
0.836131
0.837298
0.830743
0.844113
0.838124
0.818682
0.838424
0.824803
0.821473
0.822913
0.833667
0.825719
0.829214
0.827841
0.827085
0.834451
0.828571
0.852908
0.832751
0.826577
0.835542
0.821751
0.836408
0.827092
0.818152
0.824431
0.833338
0.823879
0.836209
0.818984
0.827571
0.844749
0.823787
0.834798
0.820406
0.820693
0.830301
0.835359
0.830266
0.819028
0.821275
0.833081
0.83707
0.838344
0.835539
0.83751
0.831254
0.83802
0.835285
0.849311
0.834864
0.823341
0.825721
0.846815
0.827843
0.824466
0.842397
0.826256
0.840452
0.834169
0.813117
0.850402
0.831727
0.82713
0.810603
0.837772
0.815062
0.831355
0.812248
0.827064
0.827037
0.833263
0.830758
0.820871
0.813586
0.838776
0.829933
0.844299
0.819528
0.830729
0.832056
0.830716
0.823787
0.8329
0.828813
0.827966
0.817158
0.843426
0.838319
0.82067
0.816298
0.831012
0.830352
0.818631
0.827411
0.834299
0.82241
0.8308
0.823851
0.837892
0.827252
0.814852
0.81768
0.830822
0.824385
0.827554
0.830768
0.823804
0.81902
0.840347
0.823656
0.845023
0.826507
0.839103
0.832836
0.820859
0.824561
0.812658
0.834403
0.840924
0.828965
0.823791
0.828854
0.834185
0.849154
0.825566
0.826844
0.836152
0.817151
0.839373
0.818514
0.837419
0.849933
0.81034
0.819181
0.834453
0.843603
0.828872
0.832738
0.830467
0.823646
0.843384
0.844223
0.846588
0.835482
0.827184
0.831851
0.840066
0.827324
0.834829
0.823459
0.824534
0.825639
0.825832
0.833859
0.82387
0.840064
0.826041
0.846019
0.82709
0.821918
0.831207
0.828672
0.821799
0.833006
0.841452
0.841446
0.834316
0.815842
0.82649
0.833248
0.836563
0.837296
0.834095
0.826854
0.82132
0.834735
0.836764
0.827265
0.832783
0.817795
0.859028
0.825087
0.841026
0.820554
0.816142
0.827279
0.848723
0.833249
0.829856
0.81346
0.833538
0.831287
0.834422
0.832273
0.830698
0.839838
0.837577
0.822515
0.840009
0.836394
0.820087
0.836214
0.840062
0.841592
0.828798
0.828472
0.829617
0.819941
0.82564
0.826458
0.822266
0.81654
0.830073
0.821193
0.838038
0.834847
0.833699
0.820351
0.833113
0.83585
0.837911
0.824986
0.856139
0.815989
0.84497
0.818825
0.832053
0.845361
0.853266
0.839186
0.829535
0.830682
0.838682
0.825473
0.825847
0.81993
0.83193
0.827993
0.852129
0.830108
0.833469
0.831993
0.831416
0.82403
0.829574
0.842852
0.814974
0.840698
0.830726
0.836132
0.84661
0.830158
0.833049
0.834328
0.815937
0.839758
0.821817
0.817459
0.847799
0.829569
0.827704
0.830506
0.83437
0.830464
0.832963
0.821497
0.828672
0.829077
0.826003
0.824075
0.821212
0.855636
0.826909
0.810702
0.849157
0.825361
0.837864
0.828466
0.817827
0.824774
0.839344
0.837389
0.831131
0.848991
0.831002
0.838865
0.825242
0.836291
0.833231
0.817267
0.823574
0.822773
0.837666
0.830894
0.82935
0.849617
0.832277
0.835422
0.833581
0.822787
0.826836
0.857089
0.810686
0.834563
0.834357
0.829647
0.838412
0.829164
0.833885
0.827237
0.826017
0.832132
0.825676
0.82824
0.855266
0.828522
0.835433
0.815592
0.825157
0.836255
0.850842
0.824007
0.829978
0.82163
0.831359
0.830428
0.843384
0.829492
0.832871
0.812939
0.853067
0.824907
0.820031
0.84642
0.834672
0.828873
0.828995
0.815918
0.854663
0.824146
0.817511
0.838971
0.848445
0.848525
0.844023
0.833322
0.818622
0.823728
0.81664
0.829692
0.811932
0.826801
0.831915
0.828034
0.853453
0.823751
0.819357
0.832723
0.829615
0.826185
0.854904
0.828942
0.830874
0.836637
0.864946
0.835884
0.833272
0.825073
0.836953
0.827391
0.825859
0.813649
0.816571
0.821857
0.833158
0.827425
0.820164
0.827505
0.827307
0.823715
0.832761
0.849822
0.842905
0.834875
0.832859
0.835307
0.830586
0.828711
0.831793
0.831495
0.828327
0.81652
0.841547
0.830739
0.822302
0.823095
0.823704
0.826377
0.827511
0.828986
0.826689
0.815952
0.849808
0.827767
0.82333
0.827894
0.832707
0.825669
0.832113
0.83302
0.832217
0.858299
0.829459
0.828951
0.822835
0.846165
0.836311
0.851126
0.836217
0.821477
0.82653
0.82077
0.827042
0.824498
0.832363
0.825445
0.832049
0.827966
0.83122
0.832642
0.83224
0.829823
0.830066
0.831552
0.8479
0.840304
0.833507
0.823954
0.845311
0.836104
0.809274
0.827253
0.822467
0.818007
0.829163
0.830603
0.826585
0.819792
0.826167
0.839499
0.834644
0.834178
0.837309
0.830212
0.813409
0.834262
0.839019
0.839084
0.837131
0.832918
0.842972
0.822783
0.836079
0.830004
0.839448
0.832722
0.84289
0.845123
0.832434
0.819791
0.831508
0.843843
0.829301
0.837702
0.834986
0.827313
0.841016
0.843633
0.828502
0.823864
0.83498
0.835358
0.826419
0.828007
0.831197
0.822708
0.828712
0.840534
0.835291
0.814294
0.82971
0.82412
0.826478
0.821184
0.824477
0.842117
0.829665
0.846746
0.823502
0.822765
0.834185
0.82354
0.820754
0.827962
0.836751
0.834151
0.831914
0.824653
0.817671
0.835206
0.826204
0.832003
0.832178
0.818325
0.821961
0.827923
0.831785
0.837915
0.837621
0.822438
0.829917
0.83906
0.830337
0.816833
0.835443
0.824053
0.842997
0.834604
0.819152
0.835665
0.836301
0.832775
0.839685
0.832156
0.827467
0.842072
0.849733
0.837467
0.841146
0.82626
0.812481
0.835708
0.849076
0.827042
0.834641
0.827968
0.829005
0.843605
0.822914
0.8217
0.837644
0.814751
0.838156
0.82742
0.82592
0.830646
0.837897
0.827584
0.823339
0.830762
0.840335
0.831683
0.824537
0.819319
0.823978
0.833042
0.817335
0.847956
0.831998
0.813887
0.822609
0.839765
0.821543
0.832567
0.837352
0.8215
0.821461
0.841639
0.838776
0.822043
0.824996
0.834631
0.815885
0.841985
0.827357
0.820487
0.840294
0.820127
0.82325
0.836241
0.829096
0.823809
0.828068
0.837485
0.837563
0.831958
0.831116
0.839457
0.819966
0.831583
0.842304
0.823498
0.834042
0.837794
0.841618
0.829233
0.834234
0.835913
0.839171
0.821585
0.842448
0.832455
0.837928
0.85056
0.841184
0.824684
0.827647
0.839116
0.832677
0.82214
0.834843
0.866109
0.824438
0.851121
0.823331
0.827349
0.81691
0.835529
0.839561
0.823933
0.835414
0.827582
0.824948
0.823397
0.830057
0.819541
0.832695
0.825227
0.835564
0.835656
0.828674
0.825623
0.824899
0.846775
0.828536
0.847279
0.819041
0.820361
0.835112
0.827424
0.831597
0.838788
0.814865
0.82817
0.831777
0.833948
0.815368
0.834899
0.822851
0.830996
0.82902
0.832163
0.822342
0.823495
0.832996
0.826716
0.836852
0.817618
0.82433
0.830873
0.849839
0.83681
0.829357
0.813475
0.811631
0.824108
0.82364
0.837898
0.830186
0.827566
0.822061
0.821171
0.820975
0.835173
0.834262
0.832637
0.815951
0.814889
0.838715
0.815434
0.829142
0.835467
0.845121
0.817614
0.841303
0.817172
0.820241
0.82111
0.839025
0.83237
0.830177
0.847039
0.823533
0.83244
0.82022
0.82903
0.83968
0.820281
0.839101
0.823551
0.843202
0.831932
0.824504
0.829066
0.822146
0.830977
0.827745
0.837774
0.843844
0.835528
0.810892
0.843247
0.838854
0.83225
0.860909
0.836366
0.831254
0.826438
0.845682
0.822015
0.839483
0.856087
0.83261
0.824101
0.826807
0.817502
0.847817
0.831226
0.835351
0.827287
0.82039
0.835278
0.820491
0.827828
0.828744
0.832756
0.815148
0.824749
0.828954
0.82287
0.839469
0.816499
0.829738
0.830923
0.819229
0.833585
0.841237
0.83016
0.828603
0.841775
0.81517
0.840298
0.823983
0.843893
0.851696
0.818463
0.83268
0.829941
0.832492
0.857861
0.826728
0.820375
0.823661
0.82543
0.821675
0.819522
0.829937
0.828732
0.821614
0.830026
0.840749
0.8252
0.834362
0.830615
0.817905
0.838013
0.828134
0.8383
0.829631
0.828672
0.825829
0.830029
0.829428
0.817839
0.832108
0.829652
0.831099
0.832695
0.835571
0.814785
0.824284
0.86748
0.830113
0.843966
0.829615
0.812689
0.82299
0.826743
0.822745
0.826169
0.823347
0.839039
0.843119
0.821466
0.839606
0.820888
0.844044
0.846974
0.843197
0.827264
0.816968
0.83779
0.832517
0.841368
0.822343
0.824643
0.837462
0.832597
0.834099
0.830612
0.835583
0.826385
0.842294
0.823045
0.831158
0.827475
0.831727
0.86603
0.829438
0.817606
0.83527
0.820909
0.829601
0.839068
0.824887
0.835022
0.826089
0.819111
0.849025
0.825177
0.815331
0.825549
0.837684
0.837557
0.826302
0.833145
0.820883
0.824743
0.820937
0.832685
0.8429
0.84441
0.822406
0.834082
0.871605
0.825798
0.833446
0.820246
0.833533
0.823603
0.82433
0.828903
0.831758
0.834754
0.821091
0.837233
0.835358
0.823309
0.823905
0.847618
0.832564
0.828281
0.837626
0.819615
0.826361
0.825365
0.82636
0.821966
0.827842
0.823665
0.817822
0.831351
0.826104
0.817223
0.825026
0.834141
0.824683
0.819984
0.818375
0.834983
0.839743
0.830609
0.841926
0.835642
0.839165
0.825551
0.821311
0.831539
0.819936
0.829265
0.828911
0.827593
0.824049
0.8224
0.824384
0.826236
0.817576
0.814516
0.818885
0.829037
0.826913
0.832814
0.817484
0.821278
0.820285
0.832901
0.833659
0.829463
0.821131
0.823264
0.82637
0.823376
0.824058
0.827405
0.830799
0.826614
0.826455
0.822203
0.842629
0.832327
0.830687
0.843778
0.827494
0.824216
0.827929
0.819247
0.82299
0.833343
0.831628
0.813005
0.821214
0.81403
0.825747
0.842141
0.825008
0.825319
0.830733
0.840358
0.819224
0.834299
0.837151
0.824405
0.833125
0.844473
0.847146
0.834395
0.822097
0.835755
0.821225
0.817947
0.831855
0.827079
0.825124
0.827453
0.833033
0.831143
0.831794
0.827014
0.839242
0.835031
0.83204
0.819342
0.83296
0.84299
0.82062
0.82454
0.812745
0.822759
0.839374
0.829355
0.826087
0.828752
0.817173
0.836279
0.830758
0.837269
0.836389
0.827594
0.843209
0.834681
0.836397
0.825275
0.836166
0.831403
0.837641
0.837835
0.841595
0.821188
0.847105
0.836271
0.839716
0.837257
0.841822
0.821747
0.849563
0.842169
0.834724
0.819389
0.842872
0.825938
0.836677
0.823179
0.819478
0.833932
0.83237
0.843175
0.826448
0.825257
0.841982
0.817456
0.839286
0.849704
0.838129
0.840522
0.826414
0.818572
0.838606
0.848709
0.83826
0.834238
0.824886
0.831933
0.827239
0.827501
0.840128
0.820072
0.817959
0.820068
0.830366
0.829829
0.837625
0.830508
0.825497
0.825721
0.836072
0.821928
0.818697
0.82425
0.838194
0.841734
0.817804
0.830681
0.82562
0.862198
0.826119
0.838853
0.820935
0.830439
0.832227
0.839676
0.819592
0.821033
0.829681
0.831139
0.836089
0.831962
0.832664
0.820548
0.83642
0.820681
0.83316
0.833954
0.827428
0.82959
0.825042
0.835259
0.823902
0.830421
0.853688
0.82739
0.836607
0.833639
0.825398
0.828599
0.825234
0.830132
0.837915
0.851049
0.833078
0.832432
0.836307
0.830601
0.836404
0.826493
0.835947
0.827672
0.852023
0.828499
0.839538
0.850624
0.83886
0.825621
0.827692
0.816103
0.825339
0.821983
0.829819
0.825393
0.852445
0.829924
0.830614
0.837584
0.815899
0.834046
0.819283
0.83836
0.831272
0.833676
0.834925
0.82416
0.83327
0.818443
0.845519
0.834091
0.822326
0.826779
0.82539
0.840025
0.813723
0.832206
0.843094
0.837473
0.831169
0.830952
0.830306
0.83858
0.830375
0.832666
0.83526
0.832732
0.839473
0.847037
0.841599
0.82544
0.819365
0.838336
0.826277
0.836701
0.828763
0.823926
0.852015
0.827302
0.817772
0.82873
0.837491
0.837367
0.836371
0.828202
0.829575
0.840695
0.826664
0.84223
0.827335
0.838968
0.817927
0.832381
0.823267
0.836496
0.826497
0.825738
0.824891
0.850056
0.8276
0.83038
0.839473
0.826369
0.825286
0.833462
0.823856
0.81682
0.825022
0.829332
0.838856
0.835546
0.818381
0.833104
0.823111
0.812623
0.831076
0.821066
0.830341
0.8257
0.832184
0.825936
0.835351
0.832914
0.826353
0.818914
0.812688
0.841749
0.829569
0.823438
0.834145
0.835822
0.831918
0.831229
0.81735
0.839928
0.831755
0.856863
0.824804
0.847452
0.833728
0.839172
0.827825
0.832033
0.828766
0.835413
0.834532
0.824001
0.844529
0.833735
0.822272
0.828395
0.847794
0.845146
0.820827
0.843111
0.824933
0.831138
0.805209
0.844053
0.823601
0.838342
0.84982
0.827251
0.823578
0.840356
0.838616
0.837016
0.826578
0.836987
0.824455
0.814708
0.856791
0.81997
0.820388
0.83018
0.822783
0.820644
0.819282
0.850693
0.814517
0.83092
0.848743
0.837643
0.841658
0.830405
0.843998
0.818583
0.82101
0.838102
0.827425
0.830334
0.828117
0.824075
0.831749
0.834487
0.837728
0.838111
0.831989
0.820542
0.819592
0.826404
0.845445
0.82885
0.831553
0.837777
0.827367
0.839057
0.836955
0.825139
0.817167
0.84237
0.829229
0.85292
0.85287
0.832658
0.839482
0.831639
0.821698
0.819993
0.833678
0.830913
0.849396
0.815485
0.8441
0.828369
0.837261
0.833414
0.827934
0.836739
0.825469
0.828858
0.81259
0.828216
0.824375
0.83377
0.833435
0.832629
0.823289
0.822147
0.827273
0.821218
0.824791
0.840748
0.817882
0.840788
0.821876
0.841087
0.832892
0.82025
0.833615
0.824991
0.829171
0.838054
0.822701
0.822782
0.833103
0.834589
0.823424
0.833384
0.837614
0.820566
0.820924
0.84166
0.839001
0.81997
0.817976
0.825875
0.818152
0.832797
0.831208
0.827774
0.821408
0.86146
0.844774
0.842921
0.83014
0.837412
0.839554
0.826998
0.833724
0.837006
0.820921
0.832447
0.848097
0.816383
0.831301
0.836129
0.837404
0.828038
0.825592
0.820493
0.828752
0.831365
0.833263
0.833479
0.825728
0.83026
0.809028
0.820489
0.82847
0.835514
0.83116
0.829443
0.829062
0.840675
0.838315
0.826735
0.830637
0.818711
0.849215
0.827566
0.823367
0.822856
0.835157
0.829429
0.82941
0.847092
0.814304
0.815855
0.822639
0.829069
0.827342
0.821068
0.845332
0.825034
0.828784
0.848706
0.827317
0.836631
0.826071
0.819993
0.825095
0.846804
0.846534
0.829957
0.835657
0.823218
0.838623
0.839143
0.817595
0.853618
0.824262
0.826885
0.821797
0.822851
0.822603
0.841502
0.832621
0.825688
0.820781
0.835813
0.832081
0.824045
0.829206
0.82325
0.822801
0.824078
0.850229
0.831724
0.844694
0.81952
0.832876
0.845293
0.833905
0.83921
0.823687
0.838386
0.822071
0.833472
0.834549
0.826315
0.843505
0.818196
0.831315
0.822028
0.828594
0.833092
0.830503
0.83881
0.85528
0.833448
0.828539
0.8304
0.848232
0.828668
0.826173
0.847764
0.818522
0.81761
0.826206
0.826521
0.830686
0.831731
0.831146
0.824705
0.805128
0.866766
0.83835
0.827819
0.82473
0.83829
0.838443
0.82302
0.846942
0.830892
0.838721
0.81941
0.823987
0.83163
0.817258
0.827525
0.821041
0.819563
0.836672
0.823919
0.826447
0.823832
0.827054
0.834202
0.824537
0.843202
0.82385
0.829996
0.839505
0.827961
0.849071
0.826653
0.835033
0.826069
0.832567
0.827392
0.823501
0.830921
0.817011
0.843964
0.81858
0.823783
0.840351
0.832966
0.820925
0.830521
0.833384
0.82959
0.849865
0.826011
0.827247
0.821452
0.829987
0.83537
0.825045
0.843805
0.829937
0.825919
0.829328
0.831492
0.83632
0.820093
0.819027
0.83421
0.832791
0.829632
0.847939
0.835583
0.829632
0.831642
0.822872
0.822622
0.824831
0.852459
0.840732
0.829037
0.828193
0.824943
0.822499
0.831057
0.827852
0.829638
0.843783
0.84018
0.850713
0.833162
0.838122
0.831865
0.846128
0.820001
0.820104
0.843581
0.827411
0.826971
0.839578
0.835013
0.824811
0.851438
0.832615
0.839591
0.83955
0.829759
0.836709
0.832201
0.825726
0.827315
0.831573
0.829317
0.832446
0.841931
0.837143
0.825505
0.820155
0.829227
0.823033
0.830668
0.835298
0.839207
0.835528
0.840286
0.830543
0.820124
0.835126
0.832713
0.822072
0.816687
0.829332
0.832558
0.821193
0.837068
0.827816
0.839646
0.837165
0.848761
0.82325
0.833837
0.835805
0.83723
0.819777
0.817016
0.823701
0.82514
0.825501
0.838322
0.83372
0.839168
0.812568
0.816033
0.82919
0.845594
0.822505
0.821639
0.821355
0.823206
0.848164
0.828345
0.839881
0.825232
0.83143
0.827488
0.852136
0.841024
0.834025
0.830628
0.824117
0.827902
0.834437
0.836031
0.826698
0.849188
0.814825
0.828412
0.833833
0.828524
0.825438
0.814127
0.829022
0.827675
0.835509
0.829381
0.826379
0.828662
0.820932
0.818516
0.82086
0.828984
0.826206
0.84489
0.836692
0.832973
0.843385
0.823722
0.830503
0.832529
0.818018
0.833377
0.848709
0.829256
0.847643
0.842503
0.827272
0.829066
0.821373
0.837437
0.838205
0.826706
0.83976
0.853058
0.825597
0.824634
0.827444
0.836846
0.822609
0.826598
0.834913
0.82696
0.813562
0.839379
0.826014
0.836291
0.851432
0.826935
0.8257
0.822087
0.837194
0.827817
0.825009
0.822717
0.832708
0.834144
0.822144
0.831495
0.831771
0.827471
0.817737
0.836227
0.82626
0.825885
0.833068
0.830832
0.820522
0.826849
0.840321
0.818488
0.827349
0.833876
0.822161
0.836696
0.835032
0.842692
0.815976
0.831083
0.831101
0.834062
0.831578
0.838465
0.84076
0.828879
0.823623
0.824725
0.809574
0.83345
0.816992
0.824482
0.840022
0.823973
0.840379
0.822114
0.83265
0.82717
0.830938
0.844413
0.825679
0.832234
0.835457
0.828653
0.844559
0.842386
0.839314
0.826053
0.823699
0.826917
0.842337
0.828215
0.841319
0.840287
0.841849
0.825184
0.833823
0.832677
0.829188
0.831729
0.826952
0.829538
0.823173
0.847765
0.82786
0.825247
0.831292
0.846293
0.831913
0.822867
0.828898
0.853506
0.838353
0.829355
0.813089
0.838644
0.831418
0.833178
0.838038
0.842842
0.813691
0.832649
0.822192
0.815158
0.8289
0.836603
0.83225
0.829221
0.826902
0.825106
0.841377
0.813887
0.819475
0.819732
0.810621
0.845006
0.834766
0.828682
0.818662
0.822812
0.830596
0.82319
0.829518
0.83869
0.811818
0.821398
0.832395
0.827761
0.830665
0.834328
0.844218
0.857347
0.822629
0.836418
0.8294
0.828763
0.825422
0.816796
0.825773
0.828984
0.830156
0.843395
0.83391
0.82916
0.832399
0.826035
0.814974
0.831064
0.838644
0.841299
0.824325
0.826167
0.833518
0.851883
0.845616
0.832422
0.81655
0.827708
0.821834
0.819634
0.829706
0.84165
0.819004
0.859975
0.839267
0.837979
0.828586
0.842884
0.845255
0.825478
0.834197
0.835923
0.83143
0.816232
0.828548
0.849317
0.831922
0.831954
0.83042
0.82645
0.827789
0.828902
0.83138
0.838136
0.839171
0.823756
0.823083
0.826029
0.836478
0.821867
0.826834
0.833111
0.835886
0.820973
0.83569
0.835497
0.845478
0.830699
0.824146
0.832686
0.831405
0.817205
0.827263
0.819633
0.831228
0.833158
0.826473
0.837098
0.839199
0.822646
0.835229
0.818844
0.832436
0.828579
0.828027
0.828781
0.843616
0.824854
0.825695
0.821186
0.815375
0.825309
0.844515
0.821144
0.834961
0.818404
0.827872
0.831793
0.839124
0.833125
0.822621
0.831994
0.846513
0.81403
0.822157
0.834344
0.833811
0.825501
0.836779
0.839719
0.836892
0.83574
0.851771
0.839803
0.821661
0.830205
0.827931
0.835132
0.829497
0.822097
0.832463
0.835605
0.854579
0.835112
0.837895
0.824906
0.826684
0.833891
0.842741
0.82321
0.824587
0.829583
0.830526
0.824149
0.843367
0.845509
0.850746
0.82548
0.847255
0.8254
0.841485
0.820758
0.824919
0.821377
0.844522
0.823222
0.833059
0.834356
0.848464
0.829688
0.822543
0.828036
0.827589
0.82582
0.818439
0.847417
0.841173
0.84921
0.828826
0.846623
0.825668
0.826724
0.844174
0.83492
0.825497
0.835902
0.816708
0.819924
0.821852
0.836282
0.838706
0.818844
0.826993
0.835526
0.826978
0.837026
0.813621
0.842443
0.839237
0.832403
0.828129
0.818887
0.82608
0.823967
0.837812
0.828764
0.828353
0.817254
0.8237
0.83327
0.832748
0.848384
0.857753
0.8238
0.826162
0.845877
0.821685
0.833723
0.825622
0.827046
0.820032
0.823484
0.827783
0.826022
0.837538
0.828149
0.83357
0.835053
0.839074
0.830774
0.828748
0.822167
0.82174
0.819174
0.829985
0.826253
0.830517
0.836632
0.820997
0.828212
0.828983
0.845226
0.82623
0.841279
0.826045
0.83028
0.825874
0.83563
0.829158
0.818192
0.823601
0.820095
0.856928
0.830989
0.820747
0.82551
0.823889
0.848272
0.832804
0.824918
0.830495
0.822369
0.818137
0.831897
0.824628
0.832995
0.832008
0.827105
0.819806
0.832304
0.815163
0.835064
0.848995
0.841791
0.840638
0.831336
0.840769
0.821615
0.8369
0.829867
0.840641
0.828114
0.82956
0.830999
0.842888
0.852969
0.839624
0.833201
0.839854
0.846758
0.828805
0.841487
0.824536
0.820477
0.828542
0.821032
0.827125
0.826639
0.831128
0.829736
0.839443
0.844645
0.847653
0.837575
0.841638
0.824432
0.831405
0.827537
0.826513
0.814759
0.825665
0.838568
0.823522
0.827804
0.825902
0.831657
0.83632
0.816723
0.824657
0.841879
0.834072
0.828219
0.836328
0.839401
0.829765
0.846403
0.827969
0.840214
0.834513
0.837637
0.816952
0.856417
0.826805
0.836983
0.812183
0.841813
0.834418
0.820817
0.823993
0.824606
0.830189
0.82111
0.835919
0.840681
0.839329
0.822415
0.838967
0.839609
0.836739
0.844226
0.833474
0.82824
0.833834
0.826622
0.824332
0.836683
0.838543
0.821581
0.83447
0.833079
0.836032
0.817431
0.823556
0.818397
0.81646
0.82296
0.831672
0.822515
0.826769
0.826096
0.833755
0.826578
0.825998
0.867607
0.808357
0.82656
0.811465
0.832684
0.82843
0.836833
0.822909
0.853386
0.833003
0.820681
0.83114
0.836951
0.830783
0.824444
0.821031
0.843044
0.838566
0.836158
0.849316
0.837478
0.841245
0.847004
0.832121
0.841383
0.842857
0.83744
0.829461
0.839291
0.822529
0.81946
0.829456
0.83624
0.823771
0.826238
0.837216
0.814563
0.836698
0.825317
0.839503
0.835833
0.843484
0.836086
0.828565
0.825851
0.840224
0.833216
0.831782
0.827808
0.82873
0.818583
0.828281
0.836043
0.818169
0.848629
0.84255
0.833436
0.838303
0.821427
0.82669
0.832023
0.83771
0.831972
0.843068
0.835005
0.832481
0.816708
0.830139
0.831817
0.839681
0.828692
0.828964
0.846406
0.826952
0.839985
0.826978
0.817941
0.830688
0.823185
0.820884
0.837914
0.832082
0.827346
0.82609
0.820337
0.826376
0.831759
0.828012
0.819383
0.833551
0.826505
0.819595
0.817231
0.829195
0.825255
0.820499
0.839065
0.825444
0.826153
0.830646
0.824215
0.819869
0.825433
0.834642
0.826173
0.819004
0.831955
0.829857
0.819379
0.837189
0.836499
0.824763
0.826224
0.834263
0.819689
0.848181
0.824497
0.82775
0.831985
0.818589
0.823666
0.830427
0.821476
0.828261
0.825423
0.833312
0.82495
0.831298
0.837055
0.826644
0.820136
0.824245
0.844559
0.828193
0.828332
0.839307
0.82874
0.816689
0.838468
0.831159
0.824396
0.834812
0.825709
0.836362
0.825646
0.824035
0.822905
0.840764
0.84665
0.83183
0.842527
0.817972
0.836284
0.813278
0.840936
0.82223
0.843812
0.840469
0.836801
0.811828
0.851489
0.837078
0.824198
0.822025
0.834021
0.814024
0.832018
0.827002
0.829663
0.828702
0.826507
0.83963
0.825807
0.810843
0.829196
0.837564
0.828024
0.83077
0.842945
0.825541
0.837392
0.829812
0.832415
0.838121
0.837451
0.845413
0.815155
0.826062
0.832218
0.831808
0.84817
0.834953
0.826769
0.828958
0.827067
0.828068
0.834692
0.839198
0.839905
0.83499
0.835614
0.841722
0.831801
0.83823
0.827773
0.83722
0.832859
0.833836
0.831839
0.832912
0.824866
0.835335
0.814353
0.821737
0.820635
0.839719
0.829991
0.826267
0.819829
0.816311
0.8364
0.836143
0.832058
0.836436
0.828182
0.828786
0.81711
0.82937
0.836679
0.8195
0.82791
0.829141
0.82488
0.819931
0.836384
0.82376
0.823168
0.815608
0.829007
0.817481
0.837361
0.831343
0.819823
0.83749
0.826856
0.830548
0.84757
0.831301
0.826918
0.830629
0.828204
0.818579
0.858912
0.840656
0.841219
0.822275
0.827121
0.818987
0.831118
0.827412
0.837769
0.83741
0.82438
0.828243
0.826524
0.837015
0.820687
0.840229
0.836838
0.836898
0.822346
0.827231
0.821858
0.818181
0.823864
0.827998
0.822083
0.849903
0.822233
0.826883
0.845243
0.834399
0.839496
0.824593
0.832501
0.834854
0.837221
0.809252
0.814785
0.821422
0.841257
0.814266
0.836414
0.825941
0.823526
0.821004
0.849972
0.821821
0.831838
0.825597
0.832141
0.851404
0.818789
0.823139
0.818242
0.826044
0.814779
0.820976
0.835151
0.850539
0.823115
0.83003
0.832483
0.833419
0.822665
0.822578
0.834789
0.824469
0.824479
0.805546
0.827445
0.82797
0.832249
0.83316
0.82375
0.837545
0.838953
0.822087
0.82372
0.82873
0.824562
0.827753
0.83859
0.825427
0.833381
0.834861
0.844684
0.83145
0.836079
0.846774
0.827659
0.825548
0.828631
0.837523
0.835285
0.826012
0.831246
0.840885
0.834671
0.855832
0.830287
0.819772
0.837464
0.832034
0.828753
0.831168
0.834262
0.830586
0.828859
0.820768
0.825235
0.829388
0.827883
0.821688
0.822885
0.821152
0.814394
0.829143
0.825307
0.833
0.848331
0.828044
0.844066
0.844433
0.822842
0.818864
0.831693
0.845232
0.844661
0.833609
0.830418
0.826375
0.836643
0.827846
0.832576
0.821079
0.843711
0.846549
0.834856
0.830716
0.845557
0.818837
0.832866
0.815469
0.834329
0.824709
0.83338
0.842213
0.820055
0.824508
0.820557
0.819963
0.819635
0.819989
0.833619
0.831868
0.826228
0.828603
0.835325
0.816163
0.828595
0.817345
0.831881
0.82951
0.830981
0.836027
0.843834
0.842714
0.826194
0.820445
0.829811
0.818677
0.819445
0.848781
0.824482
0.833983
0.835954
0.832448
0.818475
0.826233
0.837346
0.824111
0.826455
0.844396
0.839605
0.830047
0.827031
0.827117
0.833815
0.823923
0.83758
0.82601
0.825974
0.826222
0.8302
0.81735
0.823633
0.822819
0.833909
0.840375
0.813457
0.817664
0.819439
0.821261
0.829467
0.830961
0.843219
0.828394
0.834203
0.819341
0.818159
0.856842
0.832097
0.820354
0.843175
0.832693
0.830731
0.836941
0.83643
0.824045
0.819177
0.831903
0.837516
0.842003
0.827013
0.83337
0.845709
0.824741
0.832534
0.835609
0.824737
0.838676
0.847813
0.834965
0.826816
0.837347
0.835881
0.82562
0.832517
0.840627
0.833562
0.82555
0.826277
0.848113
0.819164
0.82351
0.831552
0.841216
0.816906
0.830254
0.832734
0.843057
0.833264
0.82852
0.824554
0.816484
0.820482
0.82836
0.832744
0.832387
0.833812
0.818454
0.834005
0.821632
0.823785
0.828445
0.834854
0.82439
0.846656
0.828553
0.836379
0.832147
0.845999
0.829024
0.850545
0.823843
0.827849
0.821487
0.827183
0.853559
0.826152
0.835831
0.844511
0.82432
0.813804
0.836873
0.819272
0.846821
0.829432
0.853903
0.8324
0.832363
0.820763
0.819147
0.837208
0.826726
0.828295
0.812129
0.828484
0.840944
0.856364
0.821143
0.827533
0.823687
0.830509
0.827889
0.843511
0.827152
0.829619
0.836501
0.826986
0.815236
0.83419
0.851791
0.83278
0.819937
0.839812
0.825179
0.834859
0.823281
0.839536
0.829274
0.827074
0.823044
0.847944
0.836135
0.821429
0.820802
0.830263
0.842145
0.844693
0.824362
0.829445
0.843434
0.838088
0.831864
0.807581
0.828779
0.82318
0.822861
0.832219
0.830419
0.830965
0.822168
0.817186
0.821752
0.818582
0.831133
0.826439
0.823129
0.821522
0.823348
0.843459
0.818716
0.821391
0.851632
0.822336
0.831045
0.828779
0.835398
0.835429
0.82581
0.844023
0.824677
0.838959
0.817555
0.829662
0.82819
0.82241
0.835102
0.83343
0.836928
0.844354
0.823085
0.827248
0.83577
0.83835
0.819646
0.837509
0.835738
0.839946
0.822931
0.821951
0.831864
0.841958
0.827537
0.823298
0.826403
0.837913
0.826658
0.816831
0.820244
0.822241
0.825968
0.834291
0.829309
0.831695
0.841154
0.844729
0.812616
0.830597
0.841381
0.832987
0.83545
0.81956
0.835985
0.836603
0.830379
0.823047
0.828797
0.821898
0.826951
0.820398
0.845564
0.821159
0.837461
0.837301
0.84244
0.820919
0.839216
0.83328
0.83485
0.825816
0.846599
0.818906
0.829329
0.829745
0.838367
0.842007
0.820781
0.853509
0.831165
0.82402
0.828218
0.823525
0.833071
0.837712
0.818203
0.821965
0.829251
0.817868
0.833385
0.836276
0.830316
0.812886
0.826933
0.832611
0.831499
0.834967
0.837401
0.815047
0.822026
0.832127
0.815709
0.826192
0.836478
0.820627
0.820981
0.82375
0.832966
0.825662
0.841455
0.817066
0.829036
0.835075
0.827616
0.824113
0.843172
0.832249
0.815473
0.824525
0.851114
0.852155
0.828416
0.828114
0.822474
0.828068
0.83559
0.826305
0.827593
0.830133
0.83261
0.835457
0.837349
0.820259
0.81532
0.821097
0.835761
0.824584
0.825852
0.824252
0.840639
0.843344
0.833193
0.842132
0.835761
0.833231
0.826942
0.815314
0.823626
0.844434
0.83192
0.836331
0.837957
0.824513
0.831084
0.837033
0.840798
0.818753
0.833363
0.837044
0.835622
0.828318
0.815689
0.843329
0.839313
0.835536
0.832151
0.834829
0.811085
0.838483
0.824983
0.8403
0.840099
0.830678
0.829153
0.829861
0.82803
0.827657
0.837333
0.827509
0.827098
0.831402
0.834349
0.832099
0.824525
0.826177
0.829334
0.829986
0.833418
0.81813
0.840942
0.848403
0.820449
0.822186
0.829736
0.830111
0.840131
0.840358
0.824524
0.843446
0.828244
0.830205
0.82226
0.830669
0.83467
0.837538
0.81845
0.845963
0.826732
0.820648
0.834578
0.862868
0.814739
0.847689
0.821905
0.813629
0.840333
0.828812
0.844504
0.819654
0.841815
0.82696
0.839601
0.854398
0.837068
0.832253
0.820897
0.842828
0.818717
0.823425
0.838653
0.833117
0.841495
0.825234
0.830796
0.840649
0.825208
0.83082
0.828082
0.829618
0.834253
0.858925
0.834162
0.822242
0.830571
0.832132
0.834397
0.821166
0.850913
0.842225
0.832935
0.836608
0.829537
0.826159
0.824312
0.836398
0.831046
0.822205
0.82589
0.837152
0.828213
0.840031
0.819124
0.818119
0.83751
0.829795
0.821337
0.834154
0.818261
0.828501
0.839202
0.831414
0.836061
0.826691
0.824694
0.821329
0.834201
0.815235
0.819972
0.828336
0.838841
0.826705
0.828902
0.826441
0.82335
0.84094
0.827982
0.817413
0.815784
0.833381
0.829792
0.858168
0.831383
0.815711
0.828901
0.83766
0.83037
0.833988
0.832743
0.833399
0.830006
0.822468
0.82229
0.838135
0.835172
0.818628
0.840854
0.817494
0.8297
0.83877
0.836026
0.826885
0.842078
0.82704
0.83472
0.838711
0.831868
0.832939
0.832499
0.82241
0.823524
0.818832
0.849153
0.841705
0.833277
0.826604
0.827289
0.825998
0.823187
0.839376
0.848054
0.829168
0.825591
0.831589
0.834091
0.826254
0.811579
0.832914
0.846774
0.85272
0.834588
0.834784
0.833609
0.831542
0.840157
0.845999
0.820395
0.835132
0.838876
0.827686
0.838356
0.830874
0.824373
0.837087
0.82866
0.823413
0.828245
0.824288
0.83435
0.825098
0.821938
0.825946
0.837325
0.821617
0.826311
0.820935
0.816938
0.820026
0.835422
0.834142
0.841097
0.842217
0.833047
0.815658
0.826213
0.836642
0.841253
0.842176
0.843237
0.83165
0.818795
0.81994
0.829781
0.834802
0.826581
0.831577
0.825576
0.839616
0.827719
0.849721
0.829231
0.829695
0.820544
0.832569
0.8524
0.837344
0.835501
0.830108
0.824796
0.821743
0.82498
0.818706
0.839398
0.812803
0.82319
0.83894
0.830628
0.843779
0.822418
0.819375
0.818614
0.837203
0.839152
0.822754
0.826985
0.84108
0.830667
0.826088
0.832099
0.841204
0.828808
0.835394
0.833287
0.83816
0.831377
0.836306
0.822127
0.834738
0.825969
0.835796
0.836082
0.820977
0.824461
0.835644
0.849019
0.824103
0.826327
0.836441
0.820901
0.825291
0.83634
0.828443
0.826762
0.81806
0.816197
0.828059
0.826146
0.825115
0.844509
0.827292
0.829263
0.820267
0.837999
0.817102
0.827547
0.814163
0.839117
0.820853
0.837432
0.831807
0.822069
0.812672
0.825153
0.830497
0.824609
0.825995
0.851559
0.828651
0.842666
0.824519
0.818498
0.832854
0.843081
0.818871
0.845801
0.843642
0.837212
0.828078
0.818637
0.823885
0.851795
0.862015
0.826018
0.830046
0.827539
0.817579
0.8281
0.848782
0.840778
0.831196
0.831778
0.812014
0.827262
0.85402
0.840788
0.828057
0.833748
0.832842
0.852177
0.821711
0.828926
0.836261
0.824195
0.845039
0.825407
0.852539
0.82432
0.833095
0.825292
0.823353
0.813233
0.821795
0.831867
0.815879
0.8378
0.827563
0.83625
0.839823
0.831008
0.832271
0.839632
0.830328
0.850692
0.822834
0.839144
0.832321
0.819885
0.822754
0.822569
0.823817
0.836778
0.851498
0.838243
0.827587
0.847892
0.828142
0.833086
0.836931
0.822049
0.831618
0.818804
0.821933
0.818033
0.830888
0.835444
0.841685
0.831172
0.833405
0.829602
0.821405
0.839168
0.822546
0.823388
0.827204
0.832287
0.824435
0.838991
0.828
0.835896
0.835794
0.841644
0.83654
0.833777
0.832739
0.820209
0.818631
0.826479
0.831648
0.835846
0.842486
0.823794
0.846804
0.827059
0.839194
0.822828
0.82462
0.817215
0.842589
0.836827
0.820534
0.825495
0.828664
0.831443
0.828732
0.829936
0.829976
0.824402
0.862252
0.836142
0.834937
0.836121
0.853589
0.830844
0.8197
0.814224
0.819078
0.824867
0.829106
0.826766
0.819156
0.829941
0.833205
0.821742
0.851948
0.818779
0.828076
0.823734
0.831114
0.831572
0.83504
0.842681
0.831849
0.828808
0.821244
0.824687
0.83807
0.829231
0.829588
0.826666
0.820262
0.826818
0.827933
0.840174
0.825981
0.843128
0.817789
0.830986
0.830215
0.824892
0.841607
0.84188
0.846306
0.830558
0.808118
0.840184
0.838539
0.822358
0.838869
0.833581
0.826598
0.823692
0.8172
0.829189
0.820832
0.840235
0.822576
0.836289
0.826101
0.835916
0.825135
0.839473
0.845281
0.825889
0.832171
0.833669
0.823789
0.830164
0.837233
0.81041
0.816262
0.82311
0.814237
0.825988
0.838345
0.820536
0.818035
0.825974
0.835899
0.828664
0.825312
0.826133
0.821379
0.835063
0.835334
0.837695
0.831483
0.846986
0.827805
0.83036
0.828181
0.827944
0.828282
0.82852
0.8505
0.827321
0.824264
0.821755
0.823735
0.835613
0.842426
0.832027
0.829384
0.826207
0.832477
0.826888
0.824859
0.844606
0.83243
0.847738
0.835237
0.829595
0.812194
0.827631
0.827807
0.853753
0.828608
0.838761
0.840909
0.833479
0.827452
0.811924
0.810687
0.835819
0.833626
0.824251
0.832698
0.827517
0.839652
0.845821
0.830257
0.824572
0.832017
0.827757
0.832618
0.818358
0.837786
0.831728
0.8316
0.833473
0.819589
0.821995
0.850075
0.817907
0.829146
0.8278
0.848272
0.840162
0.834317
0.826093
0.825617
0.833457
0.817909
0.81973
0.839242
0.84041
0.829478
0.833242
0.825404
0.837914
0.8318
0.825592
0.838201
0.826054
0.827103
0.842743
0.837947
0.821939
0.848923
0.831733
0.821462
0.839038
0.835801
0.829272
0.843655
0.831929
0.829502
0.814092
0.816138
0.831545
0.823119
0.840071
0.833768
0.826959
0.827986
0.834029
0.837331
0.821272
0.839528
0.849949
0.826868
0.823781
0.831165
0.82002
0.821179
0.836214
0.822736
0.832892
0.845147
0.834113
0.831897
0.818002
0.839981
0.831088
0.835114
0.829107
0.839345
0.81583
0.821763
0.82929
0.832768
0.82458
0.822695
0.850165
0.823224
0.818905
0.830185
0.820645
0.834271
0.82414
0.826475
0.829988
0.824353
0.842782
0.860943
0.844363
0.820347
0.840349
0.831699
0.842277
0.836939
0.828641
0.839853
0.826613
0.839018
0.824412
0.833666
0.844907
0.833432
0.816348
0.822623
0.835551
0.836525
0.824594
0.834062
0.830566
0.828507
0.841654
0.830562
0.836012
0.832836
0.834938
0.844468
0.831823
0.841388
0.812837
0.845889
0.853987
0.83236
0.826766
0.824935
0.825861
0.836385
0.826351
0.82677
0.828668
0.834219
0.824281
0.814686
0.837553
0.827417
0.829478
0.84569
0.84299
0.83196
0.844336
0.825214
0.829133
0.824426
0.839355
0.832852
0.818099
0.828986
0.826161
0.837838
0.832235
0.827039
0.834409
0.831232
0.821248
0.827411
0.833961
0.827894
0.81089
0.816224
0.819667
0.840751
0.840115
0.826037
0.823786
0.82849
0.830281
0.822719
0.826791
0.832552
0.820965
0.840529
0.834559
0.827202
0.819197
0.850832
0.827719
0.827012
0.817488
0.833284
0.829773
0.841225
0.821345
0.82704
0.84369
0.839991
0.814083
0.847504
0.825119
0.838756
0.829341
0.827894
0.824854
0.841479
0.820637
0.834839
0.82278
0.836155
0.813374
0.841042
0.841047
0.832926
0.831709
0.829346
0.824389
0.825656
0.83321
0.830655
0.830482
0.835345
0.821211
0.8431
0.820161
0.838389
0.814044
0.816447
0.846739
0.82293
0.831914
0.830628
0.855914
0.821646
0.850787
0.828055
0.826923
0.831308
0.833931
0.830276
0.837319
0.832041
0.827331
0.833768
0.839925
0.835366
0.832729
0.817002
0.837602
0.83262
0.82596
0.823991
0.83941
0.824863
0.836351
0.825302
0.830415
0.819903
0.829682
0.834556
0.819349
0.8261
0.837719
0.848984
0.830978
0.85137
0.815633
0.823501
0.840107
0.81503
0.841519
0.824484
0.818947
0.830048
0.827959
0.834434
0.820998
0.818841
0.834663
0.827387
0.830641
0.838102
0.824909
0.835328
0.837665
0.820441
0.817103
0.830956
0.834255
0.831511
0.834871
0.813239
0.83176
0.838401
0.833355
0.831069
0.829806
0.82857
0.832681
0.832853
0.847883
0.824279
0.822793
0.821268
0.836145
0.825208
0.844545
0.824334
0.831954
0.820841
0.827185
0.831191
0.831507
0.819753
0.82633
0.841456
0.823838
0.847886
0.821771
0.824388
0.823857
0.841937
0.814731
0.830672
0.832526
0.821056
0.850996
0.845318
0.818897
0.835939
0.833147
0.82445
0.828334
0.833964
0.827849
0.822836
0.830711
0.833603
0.837695
0.822507
0.847717
0.823454
0.821695
0.831529
0.829658
0.83137
0.844673
0.825119
0.823497
0.829832
0.832764
0.828466
0.832009
0.83225
0.815648
0.822867
0.82693
0.822495
0.836308
0.832936
0.828454
0.822889
0.833341
0.823859
0.830904
0.827899
0.832298
0.82577
0.834356
0.849966
0.819873
0.819358
0.854467
0.829935
0.820216
0.832617
0.825518
0.822857
0.832818
0.817239
0.827833
0.823849
0.823921
0.827644
0.843274
0.833916
0.838106
0.820903
0.851978
0.840374
0.850133
0.847596
0.816161
0.8325
0.843374
0.826214
0.837954
0.834296
0.83703
0.842546
0.821462
0.847521
0.822404
0.820155
0.823815
0.834794
0.828163
0.833472
0.823936
0.829841
0.822582
0.825666
0.849619
0.829772
0.828026
0.8243
0.828148
0.816532
0.824468
0.833808
0.842378
0.830016
0.823688
0.846127
0.825898
0.827298
0.827461
0.834788
0.819027
0.841454
0.821621
0.830044
0.830441
0.833206
0.832229
0.828752
0.834971
0.836294
0.833146
0.816157
0.830962
0.830403
0.834121
0.823348
0.844613
0.824915
0.838801
0.828693
0.830445
0.836229
0.821572
0.822255
0.82163
0.837715
0.834295
0.836093
0.824127
0.84297
0.828953
0.85783
0.836996
0.830066
0.840566
0.831314
0.83553
0.831275
0.833757
0.849934
0.835745
0.835857
0.824436
0.847555
0.827624
0.810202
0.825003
0.832146
0.81543
0.837424
0.832067
0.823455
0.828395
0.8298
0.831552
0.813405
0.829695
0.823531
0.820086
0.858551
0.821892
0.829682
0.859615
0.823716
0.835115
0.84861
0.833897
0.828491
0.850648
0.825215
0.826174
0.842043
0.837912
0.825297
0.81588
0.826457
0.851821
0.823812
0.83412
0.826414
0.819069
0.842401
0.821126
0.84418
0.834891
0.829171
0.840805
0.840202
0.822243
0.830144
0.836171
0.823368
0.828311
0.840103
0.832227
0.833855
0.827314
0.825604
0.812065
0.812996
0.817835
0.835978
0.829146
0.846567
0.838351
0.828065
0.834888
0.833525
0.820867
0.858443
0.835445
0.815829
0.817411
0.823086
0.829812
0.826008
0.83297
0.83295
0.832005
0.842872
0.828147
0.830741
0.81118
0.839572
0.826634
0.826235
0.825157
0.836975
0.825801
0.832248
0.831216
0.832541
0.825001
0.837235
0.8356
0.80872
0.814962
0.841498
0.837332
0.825337
0.828257
0.840392
0.835976
0.833614
0.844189
0.833548
0.833664
0.831765
0.828878
0.817122
0.849471
0.821203
0.832169
0.841459
0.828268
0.845011
0.824744
0.834088
0.824972
0.839442
0.831015
0.814324
0.821527
0.827068
0.833408
0.835987
0.834549
0.832492
0.838439
0.823323
0.846169
0.826862
0.831429
0.839323
0.847576
0.834958
0.830893
0.83734
0.823973
0.82527
0.82979
0.823337
0.821431
0.81865
0.823679
0.824452
0.867121
0.819982
0.841166
0.824772
0.822046
0.843567
0.846464
0.820835
0.834122
0.829339
0.820299
0.843624
0.819601
0.831195
0.832606
0.828704
0.851202
0.825577
0.820851
0.819124
0.840259
0.848746
0.821642
0.844421
0.836151
0.839847
0.828132
0.837699
0.839608
0.835117
0.831507
0.824742
0.829777
0.834874
0.827249
0.845228
0.829103
0.826136
0.835694
0.824466
0.830113
0.839321
0.818253
0.847339
0.829644
0.838685
0.82216
0.84483
0.827349
0.835818
0.846256
0.826553
0.827029
0.825121
0.819788
0.824344
0.845087
0.83253
0.833851
0.833467
0.828944
0.816051
0.826828
0.817161
0.843515
0.829152
0.837968
0.828013
0.854708
0.837509
0.85565
0.837999
0.830055
0.833135
0.833398
0.814607
0.838274
0.829495
0.815136
0.819058
0.815249
0.82735
0.825235
0.822974
0.822193
0.824778
0.827018
0.819461
0.816687
0.826184
0.818152
0.842612
0.831481
0.821822
0.825457
0.848121
0.830599
0.831583
0.834744
0.843614
0.836453
0.837828
0.843404
0.829753
0.8247
0.843408
0.830296
0.831777
0.840353
0.814126
0.856708
0.815735
0.846677
0.832453
0.833359
0.826598
0.824033
0.819177
0.826733
0.833081
0.829013
0.81726
0.825201
0.828972
0.822459
0.84209
0.844165
0.831466
0.84352
0.839876
0.83889
0.827354
0.831472
0.824489
0.81867
0.829645
0.831103
0.834673
0.833449
0.830163
0.834639
0.835012
0.842146
0.830836
0.83797
0.818102
0.815763
0.83912
0.819169
0.837112
0.830958
0.823994
0.825699
0.816948
0.825586
0.831998
0.829218
0.825411
0.825373
0.828077
0.824584
0.824103
0.836179
0.832086
0.833054
0.843041
0.820056
0.833442
0.821486
0.821877
0.835091
0.825723
0.819067
0.828539
0.816809
0.840796
0.824311
0.82384
0.817794
0.816801
0.821226
0.840375
0.847302
0.830955
0.813848
0.814597
0.829225
0.824545
0.821187
0.821435
0.831434
0.834721
0.836582
0.839523
0.8318
0.832656
0.827125
0.841811
0.833367
0.839395
0.819864
0.82034
0.854148
0.832112
0.817652
0.829733
0.827586
0.825153
0.819756
0.81817
0.818999
0.837322
0.830583
0.833154
0.823009
0.838172
0.833967
0.831066
0.824652
0.832995
0.840112
0.835406
0.83236
0.813093
0.8357
0.821043
0.833527
0.832051
0.860487
0.828477
0.829466
0.826369
0.834745
0.843725
0.828034
0.829714
0.822261
0.822789
0.8317
0.818552
0.828001
0.829194
0.83616
0.846334
0.826613
0.844059
0.826289
0.825667
0.825509
0.852123
0.853345
0.830096
0.82792
0.829754
0.826821
0.822463
0.835584
0.827323
0.830775
0.837275
0.833488
0.823495
0.82913
0.833289
0.835221
0.832892
0.824534
0.835694
0.830952
0.839163
0.833943
0.834397
0.826258
0.834451
0.844299
0.829919
0.822398
0.840737
0.835822
0.837085
0.828248
0.814364
0.833992
0.832364
0.820182
0.833616
0.829589
0.821179
0.833026
0.824868
0.821265
0.841602
0.834655
0.833719
0.819387
0.837518
0.840695
0.822798
0.82578
0.821251
0.813546
0.826862
0.833536
0.834348
0.826916
0.814664
0.829945
0.835331
0.827279
0.822354
0.811567
0.843722
0.822127
0.827138
0.843469
0.825437
0.837533
0.826666
0.821879
0.823922
0.819098
0.828298
0.820339
0.82413
0.828339
0.827717
0.828894
0.825601
0.825417
0.845217
0.831445
0.831864
0.820658
0.826463
0.834804
0.81942
0.82757
0.81159
0.827542
0.818802
0.831998
0.827075
0.83273
0.831026
0.828106
0.822061
0.830171
0.819471
0.828185
0.825794
0.826133
0.825113
0.832006
0.849736
0.819662
0.822355
0.82294
0.829406
0.824156
0.826274
0.827278
0.829849
0.83103
0.837149
0.837165
0.825204
0.824537
0.822597
0.83372
0.825482
0.817044
0.831104
0.841819
0.828955
0.826841
0.843673
0.831437
0.841012
0.83471
0.811172
0.822016
0.820418
0.839079
0.840939
0.824825
0.837626
0.828388
0.831333
0.810882
0.830223
0.83235
0.824801
0.83552
0.819341
0.827631
0.82751
0.829223
0.849811
0.826889
0.831848
0.827221
0.83628
0.846799
0.846686
0.827072
0.815584
0.831228
0.837378
0.835229
0.828365
0.834962
0.82819
0.82998
0.842063
0.833512
0.833165
0.814765
0.829702
0.824767
0.834434
0.826364
0.815911
0.84152
0.847819
0.848803
0.827132
0.818833
0.817439
0.824394
0.832213
0.820522
0.839494
0.830231
0.845272
0.83724
0.827623
0.823376
0.827978
0.839649
0.835625
0.823326
0.824324
0.823465
0.833788
0.848036
0.829546
0.821043
0.833503
0.825914
0.842458
0.835925
0.826771
0.838845
0.832742
0.833309
0.842653
0.833091
0.830129
0.823108
0.831675
0.820836
0.820668
0.830637
0.828806
0.824647
0.831293
0.841764
0.832221
0.840665
0.836667
0.830272
0.851466
0.82701
0.820408
0.851617
0.819886
0.821391
0.841203
0.828513
0.821659
0.850111
0.83158
0.818557
0.837782
0.829302
0.844616
0.833199
0.830342
0.830293
0.843959
0.826486
0.829794
0.832055
0.823732
0.842424
0.846749
0.820517
0.83003
0.84775
0.825597
0.842361
0.840828
0.8385
0.826817
0.831012
0.81731
0.821018
0.835404
0.823622
0.843532
0.836513
0.835381
0.817378
0.830408
0.846149
0.814533
0.816351
0.836207
0.82557
0.832107
0.825871
0.83038
0.856775
0.822778
0.821682
0.835711
0.816069
0.839384
0.815871
0.816869
0.831215
0.81738
0.827846
0.81748
0.823573
0.841169
0.834941
0.831106
0.850494
0.830608
0.823296
0.817868
0.838903
0.827499
0.834512
0.83539
0.839045
0.844729
0.826402
0.849239
0.821018
0.817327
0.830006
0.828689
0.842404
0.851576
0.827608
0.818435
0.830002
0.82973
0.83655
0.835222
0.825243
0.822219
0.815561
0.826969
0.816777
0.823939
0.836714
0.831099
0.825799
0.825929
0.837824
0.825711
0.82793
0.837049
0.849452
0.848646
0.827173
0.834815
0.841966
0.849467
0.83324
0.835832
0.829074
0.814139
0.84179
0.832678
0.814732
0.832679
0.834959
0.838015
0.823455
0.837649
0.812766
0.822745
0.829432
0.826642
0.84531
0.825459
0.837898
0.827221
0.836641
0.853042
0.82457
0.809129
0.833932
0.818193
0.826038
0.821241
0.816043
0.858369
0.83853
0.829099
0.826349
0.83311
0.830819
0.843481
0.830569
0.838202
0.859503
0.819408
0.816805
0.827898
0.828486
0.834744
0.827512
0.819317
0.82582
0.827439
0.829888
0.8253
0.848352
0.848376
0.828634
0.822013
0.844786
0.832057
0.835403
0.828218
0.833705
0.825558
0.817668
0.828317
0.840101
0.832903
0.841207
0.822619
0.827427
0.83382
0.822256
0.843146
0.844075
0.822047
0.832848
0.831181
0.851261
0.832014
0.822495
0.831864
0.832913
0.818982
0.818242
0.821309
0.828137
0.834868
0.856185
0.822459
0.837976
0.822368
0.822602
0.832329
0.830342
0.833226
0.823973
0.822655
0.833174
0.82261
0.815744
0.822174
0.823544
0.831223
0.840574
0.849044
0.81892
0.818385
0.834933
0.826089
0.831364
0.825908
0.822529
0.830375
0.818944
0.840642
0.833327
0.843732
0.843431
0.831343
0.818415
0.846387
0.816812
0.82443
0.824982
0.840934
0.838031
0.835703
0.82972
0.818881
0.823538
0.835748
0.839368
0.82786
0.831739
0.839154
0.83071
0.82571
0.827591
0.860005
0.840252
0.85783
0.825951
0.836277
0.834438
0.827437
0.824788
0.827796
0.828556
0.836835
0.828834
0.832689
0.826783
0.840269
0.826094
0.825399
0.836904
0.826908
0.828402
0.835915
0.827731
0.819973
0.824188
0.838823
0.837227
0.824922
0.844548
0.84328
0.841996
0.828929
0.842973
0.815245
0.844272
0.829243
0.822333
0.856667
0.825437
0.841727
0.826487
0.836286
0.8383
0.831843
0.824489
0.822354
0.843097
0.828103
0.83596
0.827464
0.833801
0.825199
0.829186
0.825674
0.826173
0.833062
0.828808
0.826334
0.8248
0.821728
0.826815
0.834613
0.813731
0.815026
0.821024
0.847318
0.839364
0.835036
0.823425
0.810985
0.813053
0.834527
0.825568
0.826554
0.835864
0.818496
0.829434
0.826121
0.835006
0.831474
0.826638
0.826317
0.820442
0.836713
0.827483
0.852127
0.840106
0.813857
0.829744
0.819823
0.838507
0.843131
0.822786
0.847226
0.821601
0.83324
0.839748
0.851423
0.828825
0.838391
0.832396
0.840231
0.829413
0.82942
0.829024
0.840417
0.827354
0.830199
0.825575
0.838367
0.82441
0.839302
0.829191
0.828143
0.807327
0.833807
0.83052
0.8305
0.836098
0.833351
0.832343
0.835662
0.836792
0.82732
0.832246
0.828002
0.833545
0.833863
0.827264
0.839275
0.825627
0.826983
0.838213
0.817022
0.818755
0.839761
0.8332
0.822001
0.854326
0.833985
0.827916
0.829986
0.832624
0.812272
0.834602
0.839802
0.826491
0.831453
0.834771
0.823426
0.830911
0.827931
0.827434
0.826322
0.843993
0.845822
0.830392
0.851361
0.830968
0.834395
0.818922
0.837646
0.819841
0.853541
0.817436
0.830306
0.840801
0.829755
0.820464
0.820394
0.825748
0.812986
0.859206
0.831675
0.822029
0.820199
0.832899
0.838729
0.814263
0.810353
0.840927
0.82467
0.837425
0.831222
0.833798
0.829438
0.832464
0.831447
0.836553
0.83155
0.81842
0.846597
0.821663
0.842653
0.825991
0.830564
0.827792
0.82806
0.814699
0.835874
0.830299
0.84011
0.827861
0.826646
0.819955
0.838818
0.835941
0.847081
0.839741
0.844144
0.831882
0.817807
0.834602
0.826171
0.832492
0.831946
0.823347
0.828103
0.846353
0.8178
0.839863
0.814994
0.838924
0.826847
0.827294
0.838861
0.85577
0.824961
0.851925
0.822431
0.832052
0.832228
0.853579
0.828343
0.823678
0.824978
0.838754
0.81714
0.815831
0.830908
0.842409
0.829772
0.851257
0.819257
0.840521
0.813651
0.826276
0.826584
0.823513
0.834692
0.852749
0.825285
0.831933
0.825901
0.843064
0.81523
0.818113
0.835503
0.842436
0.830596
0.825697
0.826357
0.826735
0.837742
0.820104
0.81787
0.824653
0.835209
0.833686
0.849505
0.822768
0.823923
0.84387
0.832172
0.831079
0.823072
0.834782
0.832714
0.828671
0.84272
0.827582
0.833369
0.833312
0.823095
0.820978
0.839834
0.832312
0.837335
0.833236
0.833587
0.820399
0.813468
0.838891
0.844019
0.823101
0.8325
0.830605
0.85053
0.832554
0.820918
0.843587
0.857378
0.834805
0.814974
0.838437
0.822045
0.828321
0.825751
0.827541
0.825893
0.847958
0.826569
0.849353
0.825935
0.821893
0.829833
0.823396
0.836458
0.837485
0.826042
0.862616
0.843324
0.830002
0.836123
0.844885
0.826243
0.831083
0.835877
0.841408
0.829851
0.816227
0.837271
0.837358
0.843026
0.826415
0.819738
0.838362
0.823566
0.836138
0.820724
0.84128
0.846175
0.825179
0.827628
0.825705
0.838394
0.82686
0.827858
0.828046
0.831541
0.81887
0.83894
0.834774
0.822265
0.829407
0.842155
0.836553
0.83564
0.843969
0.816393
0.832292
0.827015
0.841218
0.833764
0.824634
0.837357
0.841411
0.82903
0.818236
0.828316
0.830128
0.842125
0.859527
0.826031
0.82632
0.834452
0.832589
0.820158
0.833305
0.820188
0.83109
0.843594
0.85876
0.816221
0.827915
0.821417
0.828439
0.83412
0.825216
0.825905
0.821298
0.818981
0.822081
0.827552
0.832512
0.835013
0.827276
0.835203
0.823484
0.837788
0.84004
0.821465
0.81166
0.820523
0.842397
0.843588
0.838669
0.832928
0.841965
0.818143
0.850399
0.825695
0.846899
0.828718
0.828401
0.821163
0.829293
0.82363
0.835592
0.832817
0.84481
0.819639
0.82863
0.82472
0.843817
0.810233
0.819733
0.843634
0.837199
0.828869
0.829948
0.837027
0.840665
0.824297
0.828832
0.822783
0.831041
0.829045
0.826171
0.843379
0.828792
0.833749
0.816547
0.823045
0.840648
0.832307
0.821951
0.836058
0.847206
0.827378
0.817627
0.825604
0.834912
0.82667
0.819693
0.834088
0.833957
0.829219
0.832218
0.837684
0.820879
0.82302
0.839727
0.818953
0.828414
0.824679
0.843976
0.841234
0.822114
0.84091
0.836624
0.827733
0.845336
0.837935
0.826166
0.828115
0.839649
0.836461
0.826844
0.824097
0.824537
0.846502
0.813813
0.825119
0.819768
0.829413
0.841382
0.822903
0.834442
0.825795
0.833689
0.827453
0.830023
0.83639
0.830043
0.842825
0.832192
0.838719
0.832923
0.834413
0.833339
0.86339
0.843636
0.823131
0.834736
0.812388
0.83383
0.83977
0.836451
0.820269
0.829485
0.825377
0.823202
0.840307
0.830441
0.845534
0.821881
0.841016
0.850691
0.826486
0.843161
0.81655
0.815773
0.826007
0.827286
0.834143
0.825455
0.837011
0.825121
0.832266
0.820027
0.824835
0.834715
0.828286
0.830873
0.818736
0.821769
0.842485
0.823635
0.827002
0.837648
0.84635
0.843669
0.834097
0.824934
0.834912
0.819527
0.8198
0.832974
0.823068
0.806487
0.826986
0.84059
0.830246
0.837003
0.832265
0.845396
0.830516
0.834906
0.814261
0.835601
0.817876
0.814089
0.838182
0.837977
0.845259
0.826134
0.814547
0.836484
0.814701
0.827331
0.813644
0.834668
0.826861
0.836671
0.83524
0.818618
0.837941
0.821919
0.828135
0.827229
0.817557
0.832156
0.814328
0.823582
0.826226
0.833083
0.804364
0.819374
0.832925
0.818375
0.832952
0.821173
0.825415
0.829285
0.832193
0.825934
0.853805
0.834083
0.832391
0.821401
0.823038
0.838145
0.838991
0.833328
0.82472
0.828667
0.815256
0.841085
0.821382
0.815645
0.835383
0.820698
0.833918
0.8368
0.83808
0.831045
0.863491
0.858154
0.82862
0.833361
0.821835
0.830617
0.830968
0.832702
0.841588
0.834835
0.825241
0.837377
0.824624
0.8267
0.836011
0.816167
0.839526
0.834418
0.83674
0.813034
0.838375
0.83874
0.838379
0.838373
0.827911
0.830567
0.84345
0.835995
0.835318
0.816995
0.830441
0.834093
0.822898
0.835077
0.819543
0.829811
0.835193
0.830242
0.83227
0.816741
0.829718
0.821155
0.820881
0.84014
0.846122
0.848349
0.836014
0.844644
0.835973
0.830533
0.849111
0.824702
0.843238
0.831217
0.840911
0.850128
0.825895
0.82923
0.824397
0.828394
0.837947
0.838072
0.822434
0.838226
0.808924
0.830932
0.840596
0.818702
0.824881
0.825056
0.819313
0.820372
0.83298
0.832648
0.829812
0.820074
0.828245
0.829403
0.829091
0.828282
0.831454
0.826807
0.829185
0.843327
0.821895
0.828655
0.849538
0.822555
0.824881
0.816156
0.81627
0.821708
0.842721
0.837176
0.825893
0.831346
0.837524
0.834716
0.816496
0.842224
0.833975
0.817882
0.817835
0.830054
0.839057
0.838276
0.836478
0.83317
0.838422
0.822609
0.816629
0.833132
0.819651
0.817287
0.84217
0.835324
0.849312
0.842397
0.827445
0.82753
0.827527
0.840162
0.82938
0.864985
0.821532
0.826714
0.84269
0.828438
0.837143
0.839428
0.838643
0.828648
0.814824
0.83483
0.821905
0.824752
0.819215
0.82973
0.834926
0.825221
0.829283
0.839155
0.845006
0.820096
0.825339
0.826094
0.824666
0.826548
0.820045
0.831223
0.818749
0.838438
0.833252
0.82584
0.816661
0.829013
0.839297
0.827008
0.833726
0.829752
0.822121
0.835473
0.842278
0.829921
0.82822
0.832589
0.844949
0.846962
0.842658
0.838623
0.844016
0.837983
0.842391
0.842056
0.822951
0.836671
0.824113
0.826485
0.827291
0.828468
0.826534
0.831736
0.850528
0.832955
0.829878
0.824205
0.823329
0.825752
0.839025
0.825876
0.835338
0.843475
0.824663
0.831069
0.814672
0.83115
0.833251
0.842949
0.834485
0.827029
0.816199
0.835185
0.831892
0.837753
0.822741
0.824079
0.829456
0.821024
0.835211
0.825348
0.833458
0.835305
0.837498
0.826108
0.822818
0.834675
0.827913
0.846372
0.837482
0.835264
0.831453
0.826226
0.821995
0.828726
0.832047
0.819395
0.852354
0.815672
0.824456
0.829112
0.818232
0.82272
0.821654
0.827102
0.827022
0.850837
0.825627
0.82449
0.831907
0.834344
0.850903
0.817909
0.837938
0.840717
0.832109
0.830053
0.827593
0.834833
0.805498
0.824016
0.829058
0.829186
0.843823
0.831087
0.82935
0.827358
0.830588
0.835632
0.823635
0.818769
0.842307
0.822693
0.816235
0.82797
0.816494
0.839492
0.833317
0.829148
0.818116
0.826442
0.833544
0.829655
0.830236
0.826677
0.823846
0.827101
0.82682
0.817645
0.834293
0.833963
0.834282
0.823848
0.832857
0.841832
0.825142
0.825264
0.829082
0.834908
0.830597
0.825932
0.823151
0.832824
0.833321
0.833176
0.833777
0.827894
0.837306
0.847886
0.821482
0.835259
0.826678
0.823852
0.840926
0.826075
0.823704
0.822109
0.829353
0.844413
0.824994
0.820005
0.83159
0.848239
0.82975
0.830233
0.82018
0.850045
0.829456
0.837165
0.847517
0.834582
0.831577
0.833701
0.844883
0.84403
0.843502
0.833517
0.836118
0.817917
0.828905
0.816633
0.830342
0.832601
0.82838
0.822511
0.825798
0.820013
0.825033
0.840253
0.838455
0.828397
0.83481
0.830635
0.854993
0.838071
0.843916
0.844241
0.823477
0.828083
0.831037
0.84478
0.852225
0.822286
0.815205
0.823006
0.82381
0.814512
0.820946
0.832361
0.834614
0.836667
0.82046
0.83619
0.827146
0.813288
0.837745
0.835906
0.823256
0.829445
0.825462
0.833172
0.823848
0.829475
0.829922
0.823941
0.830702
0.829485
0.845027
0.837804
0.835075
0.831889
0.823084
0.828866
0.841606
0.849257
0.821755
0.836829
0.819446
0.830371
0.828744
0.818917
0.828367
0.829911
0.841148
0.827412
0.837979
0.82364
0.836812
0.826861
0.81377
0.828543
0.828794
0.820321
0.815569
0.830802
0.830586
0.829066
0.830835
0.844818
0.81816
0.822105
0.856005
0.822546
0.820508
0.853139
0.825076
0.830969
0.848965
0.828925
0.85715
0.837805
0.844716
0.805782
0.83486
0.823989
0.835278
0.828181
0.839542
0.8111
0.833913
0.816302
0.833407
0.821755
0.824368
0.816599
0.831747
0.832261
0.831339
0.830296
0.830159
0.868873
0.844811
0.823106
0.849248
0.844209
0.826417
0.812721
0.819218
0.834733
0.819472
0.833375
0.827905
0.82078
0.846014
0.83465
0.839312
0.822583
0.824124
0.839672
0.841788
0.836375
0.840281
0.82391
0.830842
0.833298
0.830573
0.842352
0.827654
0.827545
0.836287
0.831572
0.82767
0.823862
0.843065
0.817597
0.82821
0.832978
0.827847
0.836236
0.818763
0.844465
0.822995
0.833323
0.817273
0.826422
0.822156
0.829363
0.833556
0.841961
0.821573
0.845126
0.837472
0.826129
0.841007
0.827124
0.822776
0.840833
0.826214
0.831531
0.831236
0.824877
0.859514
0.834917
0.823156
0.838287
0.822499
0.825411
0.836935
0.820945
0.846019
0.843611
0.832718
0.835108
0.849036
0.817941
0.838557
0.83729
0.824155
0.83186
0.829945
0.834293
0.824376
0.826198
0.822774
0.84324
0.825814
0.834044
0.82461
0.824156
0.83164
0.832221
0.824503
0.814144
0.833201
0.8336
0.849568
0.819361
0.834648
0.822866
0.82487
0.837691
0.828033
0.830385
0.833551
0.844466
0.835636
0.822941
0.825912
0.844731
0.832204
0.851793
0.842894
0.82571
0.817499
0.820768
0.822117
0.824579
0.827852
0.815244
0.8415
0.826376
0.82026
0.850783
0.831108
0.835411
0.841337
0.833367
0.81867
0.824289
0.830496
0.829163
0.827535
0.81402
0.830042
0.815294
0.851016
0.826128
0.814198
0.828249
0.831297
0.817985
0.844605
0.826074
0.820831
0.816684
0.823916
0.815006
0.832333
0.836328
0.834403
0.845276
0.817394
0.834718
0.823535
0.828341
0.830178
0.845388
0.830499
0.830269
0.828188
0.829584
0.82508
0.817648
0.815029
0.821649
0.850292
0.825321
0.836764
0.827899
0.831965
0.828733
0.840527
0.836233
0.820684
0.831619
0.821708
0.818929
0.826852
0.833485
0.815014
0.820121
0.825789
0.818365
0.849928
0.820492
0.839011
0.827709
0.830054
0.816533
0.829227
0.823308
0.845135
0.820107
0.825343
0.83124
0.838523
0.82879
0.837065
0.822591
0.816745
0.839671
0.833559
0.828495
0.842875
0.839492
0.824884
0.836331
0.822064
0.8259
0.839626
0.834117
0.825449
0.83918
0.828291
0.837583
0.83584
0.847084
0.818463
0.828315
0.814524
0.830697
0.834168
0.860077
0.823555
0.835461
0.829429
0.827147
0.84696
0.838229
0.8488
0.82944
0.835661
0.847065
0.860551
0.816716
0.830714
0.836319
0.828434
0.828586
0.82439
0.826567
0.838291
0.826658
0.826006
0.8223
0.830875
0.844391
0.822167
0.844962
0.831718
0.827622
0.818698
0.835286
0.839853
0.816705
0.824026
0.827038
0.827015
0.843504
0.844221
0.843373
0.837926
0.820155
0.83332
0.823344
0.828769
0.83873
0.824283
0.823081
0.836924
0.850032
0.821506
0.834982
0.844651
0.822822
0.831054
0.836046
0.856341
0.843333
0.833905
0.827028
0.839534
0.820746
0.831822
0.817516
0.827312
0.81103
0.828906
0.828686
0.831019
0.819816
0.828736
0.82241
0.826989
0.847345
0.824675
0.828563
0.839489
0.846147
0.843447
0.823592
0.813962
0.823275
0.838123
0.818164
0.825607
0.825621
0.822077
0.830828
0.815444
0.833546
0.829816
0.824908
0.841483
0.831538
0.823504
0.818515
0.836201
0.837587
0.821537
0.826959
0.827718
0.833841
0.819647
0.836405
0.863221
0.838727
0.830491
0.818293
0.833077
0.837237
0.822804
0.830947
0.832917
0.816587
0.823398
0.830298
0.829124
0.83539
0.827151
0.815728
0.827096
0.830607
0.808967
0.825243
0.826586
0.834237
0.841339
0.832963
0.859732
0.827332
0.853558
0.841612
0.822637
0.820511
0.827164
0.819669
0.827217
0.839199
0.832542
0.832399
0.815566
0.837389
0.818133
0.824742
0.831269
0.824686
0.825591
0.814547
0.829228
0.833522
0.829835
0.82575
0.833455
0.820056
0.838085
0.828197
0.848678
0.819083
0.830228
0.838342
0.82978
0.818754
0.813665
0.81922
0.820065
0.839262
0.839442
0.843535
0.829212
0.822651
0.831286
0.844184
0.82743
0.824109
0.829032
0.814488
0.818017
0.831377
0.824127
0.839577
0.829569
0.853619
0.816218
0.821329
0.82612
0.853172
0.832012
0.826928
0.839823
0.821446
0.830315
0.812951
0.83318
0.823047
0.835533
0.837428
0.825793
0.835027
0.82297
0.817244
0.829596
0.845781
0.846794
0.827854
0.830506
0.824788
0.815328
0.826378
0.823771
0.814111
0.817399
0.859343
0.827245
0.827418
0.827166
0.854765
0.83571
0.825424
0.827473
0.825129
0.821297
0.832271
0.819528
0.839555
0.82799
0.830466
0.827985
0.826986
0.829266
0.833697
0.82974
0.840485
0.836162
0.821791
0.837152
0.830432
0.844664
0.824935
0.826662
0.837103
0.835867
0.815242
0.818048
0.841747
0.83999
0.814206
0.842512
0.830627
0.845309
0.830715
0.82654
0.839033
0.838584
0.82782
0.834736
0.815207
0.852577
0.827267
0.831877
0.828924
0.829549
0.821813
0.825863
0.830666
0.825377
0.827061
0.829826
0.829348
0.846678
0.822433
0.830338
0.824328
0.83893
0.843042
0.827236
0.837175
0.827126
0.854995
0.829959
0.857445
0.827679
0.828276
0.831391
0.84887
0.821277
0.828728
0.847041
0.828261
0.827076
0.843258
0.827621
0.822129
0.83455
0.848682
0.826071
0.837426
0.841931
0.825765
0.856703
0.848991
0.837859
0.832559
0.847158
0.833681
0.829
0.83058
0.819902
0.831687
0.818991
0.846905
0.832289
0.824618
0.841697
0.84286
0.818307
0.817623
0.825079
0.845423
0.827616
0.824128
0.825553
0.840718
0.821959
0.831145
0.818527
0.82107
0.81653
0.841997
0.819804
0.830129
0.824901
0.833431
0.824852
0.832157
0.826188
0.836364
0.817387
0.830292
0.829857
0.829083
0.820145
0.847414
0.835049
0.820545
0.824141
0.842264
0.827831
0.830612
0.841323
0.843296
0.812198
0.841204
0.83049
0.841661
0.839597
0.822479
0.83701
0.826884
0.846697
0.834363
0.835768
0.830599
0.831828
0.837862
0.821521
0.828128
0.831971
0.839546
0.829594
0.823056
0.848284
0.843518
0.813571
0.814339
0.827806
0.839346
0.829586
0.825595
0.828911
0.813803
0.827171
0.835301
0.828396
0.826395
0.829672
0.837411
0.842795
0.839132
0.827738
0.838274
0.837836
0.820868
0.813958
0.830607
0.83081
0.831009
0.830011
0.826689
0.828102
0.83568
0.827243
0.824651
0.820791
0.825199
0.835332
0.824401
0.826441
0.833013
0.821611
0.831918
0.823808
0.818659
0.823023
0.834937
0.854043
0.834427
0.847544
0.826092
0.823532
0.820624
0.836131
0.8187
0.831288
0.836391
0.829026
0.826431
0.839951
0.83728
0.823606
0.832546
0.834279
0.828613
0.820536
0.827145
0.8387
0.833737
0.833477
0.815317
0.840297
0.835165
0.824652
0.843163
0.843633
0.825418
0.825233
0.818309
0.830778
0.827669
0.825854
0.832968
0.821723
0.813434
0.82989
0.826871
0.822898
0.825873
0.824338
0.836121
0.821229
0.816734
0.82706
0.831977
0.823075
0.837956
0.84238
0.817916
0.835626
0.83246
0.835106
0.812162
0.827406
0.832684
0.819829
0.822491
0.833041
0.836839
0.82019
0.832593
0.839709
0.82446
0.827943
0.812601
0.81893
0.843001
0.837046
0.834907
0.82688
0.829145
0.836761
0.852694
0.838327
0.835403
0.830303
0.824326
0.833458
0.822847
0.839227
0.829488
0.818091
0.827508
0.845173
0.824571
0.830979
0.825987
0.822793
0.822886
0.844826
0.834516
0.845032
0.816506
