0.850146
0.850515
0.849135
0.848223
0.837309
0.873569
0.854157
0.860877
0.851165
0.845815
0.874109
0.851466
0.8494
0.855903
0.855097
0.846236
0.858183
0.858538
0.860115
0.855933
0.85463
0.861422
0.849535
0.860604
0.848777
0.846677
0.864142
0.853799
0.864235
0.844676
0.879426
0.856196
0.854484
0.867359
0.868456
0.87535
0.856353
0.856669
0.870639
0.845031
0.861525
0.842835
0.860846
0.842168
0.852598
0.871308
0.862991
0.872427
0.854639
0.842391
0.843241
0.85462
0.858074
0.871986
0.8615
0.843654
0.844059
0.858524
0.860039
0.851726
0.846681
0.844661
0.84064
0.863613
0.852237
0.848567
0.870328
0.849508
0.845412
0.860341
0.865865
0.842611
0.84771
0.842759
0.861607
0.853158
0.850795
0.849255
0.853517
0.848367
0.863453
0.833359
0.849707
0.838709
0.863311
0.843206
0.864853
0.856795
0.850771
0.856269
0.865815
0.839598
0.851186
0.859896
0.841185
0.869009
0.850038
0.851925
0.847426
0.868894
0.851619
0.850042
0.851752
0.844867
0.855909
0.853843
0.839852
0.84805
0.868205
0.866111
0.850794
0.841807
0.85215
0.846244
0.836742
0.848731
0.860702
0.849619
0.855953
0.847776
0.852186
0.865974
0.86953
0.86308
0.847249
0.858554
0.875934
0.855853
0.85744
0.85131
0.872118
0.854911
0.838948
0.852822
0.846804
0.851717
0.86866
0.878734
0.852131
0.85148
0.859046
0.847395
0.85422
0.844768
0.873464
0.838228
0.854284
0.849607
0.85085
0.8483
0.840942
0.850729
0.86546
0.854002
0.841809
0.829237
0.853195
0.854791
0.850025
0.852034
0.860344
0.859442
0.85297
0.856694
0.84958
0.874598
0.845107
0.842717
0.856063
0.84862
0.847173
0.850473
0.842749
0.863845
0.852156
0.834855
0.855086
0.845386
0.86665
0.853626
0.84058
0.838013
0.843981
0.861129
0.85066
0.861587
0.853071
0.84855
0.855976
0.851466
0.872818
0.842331
0.854883
0.845214
0.856311
0.84197
0.848083
0.846634
0.844807
0.858783
0.864523
0.848855
0.849416
0.841536
0.853087
0.857925
0.854566
0.859036
0.849822
0.853902
0.855166
0.855987
0.848343
0.862633
0.859622
0.844139
0.841186
0.850829
0.861307
0.85761
0.849991
0.846508
0.847272
0.855288
0.863468
0.859368
0.842419
0.865999
0.862705
0.857878
0.850981
0.858318
0.844844
0.843005
0.850295
0.848757
0.853675
0.846971
0.860199
0.842725
0.848814
0.852779
0.850421
0.852159
0.846579
0.86124
0.860848
0.8642
0.847233
0.853188
0.866293
0.845706
0.854522
0.85791
0.854657
0.846928
0.848142
0.847554
0.861349
0.848965
0.861386
0.855662
0.860656
0.854416
0.872242
0.852855
0.846665
0.84812
0.844996
0.85963
0.855859
0.855633
0.85188
0.847729
0.844702
0.846946
0.869742
0.856952
0.85726
0.859544
0.855012
0.83912
0.852826
0.835272
0.845504
0.872218
0.859025
0.846026
0.848277
0.864808
0.847075
0.847596
0.850072
0.855754
0.849102
0.851752
0.860208
0.85998
0.862676
0.844267
0.855619
0.858405
0.853051
0.85867
0.859366
0.844153
0.846482
0.840401
0.852711
0.849484
0.858318
0.861693
0.847672
0.84701
0.844048
0.848488
0.849871
0.851217
0.848359
0.84675
0.853515
0.857738
0.869612
0.865081
0.863179
0.849365
0.862573
0.846637
0.847457
0.851413
0.84336
0.858216
0.849465
0.846785
0.851524
0.850389
0.845264
0.856748
0.87104
0.847389
0.849738
0.868158
0.853305
0.867327
0.842074
0.850555
0.849642
0.852754
0.851809
0.865063
0.860895
0.863529
0.848986
0.844364
0.856411
0.843938
0.841049
0.848395
0.85508
0.865331
0.852214
0.859682
0.860879
0.855182
0.849948
0.856698
0.851421
0.868164
0.838765
0.850311
0.857307
0.86413
0.85804
0.85546
0.866048
0.863139
0.831142
0.857195
0.855301
0.858705
0.855739
0.851441
0.852532
0.856841
0.867541
0.851465
0.869139
0.844671
0.847268
0.86652
0.861643
0.841544
0.853182
0.848169
0.853436
0.862237
0.844103
0.83498
0.845283
0.860481
0.869049
0.868207
0.847865
0.851361
0.860765
0.847216
0.846111
0.849218
0.850331
0.873064
0.846316
0.846455
0.841131
0.849219
0.849604
0.847287
0.853387
0.867021
0.852484
0.835984
0.846347
0.855353
0.854971
0.856227
0.850922
0.859338
0.84366
0.847962
0.842034
0.872369
0.845338
0.86902
0.858547
0.835198
0.860097
0.847228
0.85814
0.846035
0.865248
0.847513
0.859524
0.846223
0.860908
0.838501
0.848767
0.844308
0.872316
0.856504
0.845599
0.852061
0.865644
0.84796
0.85632
0.856282
0.855875
0.854406
0.855866
0.854948
0.849979
0.859334
0.860406
0.843233
0.856057
0.854546
0.854965
0.850963
0.850442
0.860933
0.848246
0.863464
0.868791
0.844196
0.854448
0.844644
0.852479
0.86233
0.856944
0.851829
0.843642
0.854295
0.869968
0.846265
0.848536
0.845871
0.854684
0.845364
0.846421
0.855213
0.843214
0.852047
0.84913
0.855273
0.841625
0.863098
0.878409
0.85954
0.841422
0.849147
0.848296
0.866792
0.846306
0.85807
0.853906
0.853126
0.863539
0.841189
0.871648
0.853793
0.844769
0.863123
0.855748
0.856639
0.846527
0.85695
0.870367
0.860559
0.84771
0.859284
0.848505
0.839541
0.866409
0.84947
0.862747
0.852458
0.858895
0.843965
0.859494
0.84602
0.860629
0.856361
0.859122
0.833528
0.865346
0.860481
0.844023
0.858438
0.855289
0.846954
0.837867
0.847854
0.853555
0.847571
0.857273
0.859553
0.845203
0.855272
0.859549
0.865423
0.84351
0.852985
0.87127
0.877188
0.859121
0.847799
0.842997
0.853155
0.847551
0.868367
0.885558
0.843004
0.855747
0.855634
0.833757
0.850759
0.851158
0.864267
0.859297
0.845246
0.850827
0.858853
0.847197
0.853898
0.84633
0.866054
0.859041
0.849263
0.842745
0.859472
0.846889
0.857232
0.855111
0.85854
0.854056
0.849149
0.861302
0.862375
0.846626
0.847047
0.852033
0.85335
0.849234
0.854294
0.839101
0.847395
0.849194
0.843763
0.859444
0.852871
0.842177
0.85588
0.873952
0.858034
0.843899
0.858461
0.848755
0.854845
0.847424
0.846909
0.847058
0.848012
0.849156
0.847054
0.847855
0.862886
0.836035
0.848918
0.848615
0.846095
0.86594
0.852356
0.870029
0.860387
0.852628
0.856159
0.854049
0.857131
0.84846
0.853267
0.853612
0.851499
0.84977
0.841667
0.850364
0.883627
0.840824
0.848971
0.849022
0.845232
0.849592
0.856053
0.848642
0.851585
0.862192
0.842901
0.85448
0.858984
0.859386
0.837039
0.839994
0.867664
0.834829
0.858202
0.862343
0.841407
0.855647
0.853617
0.853922
0.870091
0.847552
0.843327
0.855294
0.847513
0.865181
0.858622
0.871291
0.844745
0.862153
0.85137
0.844196
0.867498
0.857729
0.844243
0.847818
0.842061
0.856894
0.843477
0.85065
0.852207
0.854343
0.848387
0.854795
0.85171
0.853766
0.845666
0.837692
0.860518
0.872324
0.842415
0.833179
0.852283
0.841791
0.846866
0.848265
0.846863
0.868074
0.846536
0.849868
0.860465
0.861958
0.852854
0.84047
0.853482
0.858945
0.861441
0.846815
0.859421
0.842344
0.848469
0.844959
0.849523
0.847262
0.846314
0.864559
0.848789
0.845047
0.850421
0.852543
0.854654
0.856537
0.847503
0.862352
0.860458
0.856335
0.85199
0.866002
0.849715
0.846764
0.849172
0.852854
0.866698
0.8586
0.851817
0.854609
0.870459
0.85276
0.840696
0.869884
0.851361
0.850353
0.83852
0.859644
0.851806
0.850536
0.845192
0.851817
0.844512
0.844117
0.845874
0.865465
0.853439
0.851643
0.850618
0.850608
0.853664
0.858121
0.839577
0.854079
0.865682
0.862348
0.845095
0.845903
0.845511
0.841415
0.866428
0.844949
0.862393
0.850855
0.852634
0.851738
0.856445
0.852557
0.842694
0.870087
0.858874
0.848845
0.841386
0.838953
0.849566
0.848061
0.850151
0.851401
0.850128
0.845613
0.852546
0.841371
0.852836
0.859939
0.862473
0.843163
0.853056
0.856264
0.871975
0.852249
0.863363
0.842902
0.859688
0.842361
0.840671
0.851432
0.84792
0.858292
0.862993
0.853072
0.856282
0.847022
0.841917
0.843511
0.863214
0.875538
0.859162
0.843558
0.859215
0.85175
0.843116
0.849372
0.839841
0.839007
0.856616
0.850842
0.848076
0.858693
0.890361
0.867988
0.849089
0.861011
0.840546
0.880577
0.864085
0.852286
0.853797
0.854153
0.841705
0.866703
0.856109
0.853713
0.852138
0.861068
0.846498
0.859431
0.860157
0.849756
0.846297
0.847989
0.851677
0.841814
0.848894
0.852276
0.854117
0.838107
0.858776
0.851621
0.842433
0.841184
0.831503
0.868368
0.862581
0.838122
0.847872
0.839103
0.862897
0.844874
0.842196
0.865129
0.854426
0.875452
0.858183
0.87298
0.850802
0.864693
0.84321
0.847146
0.842084
0.85871
0.854763
0.847406
0.843443
0.852186
0.847305
0.843293
0.859013
0.852264
0.84279
0.852712
0.845853
0.855469
0.857527
0.850086
0.843418
0.856493
0.852292
0.873209
0.881434
0.837694
0.836165
0.85209
0.838934
0.846508
0.85492
0.849766
0.855432
0.857391
0.869971
0.860221
0.864785
0.84384
0.856992
0.848795
0.852914
0.858303
0.869149
0.852879
0.854909
0.846913
0.855393
0.844856
0.85632
0.848256
0.855027
0.855417
0.852808
0.854165
0.864447
0.857684
0.867838
0.841735
0.845877
0.85663
0.842183
0.869816
0.857404
0.853185
0.850325
0.852853
0.848142
0.857209
0.829282
0.864452
0.867968
0.870802
0.843372
0.860825
0.858368
0.845121
0.861815
0.846292
0.859638
0.849208
0.848753
0.845282
0.876114
0.851932
0.855681
0.853985
0.842243
0.849756
0.840283
0.849385
0.840233
0.856999
0.845135
0.856886
0.864006
0.853835
0.845635
0.848334
0.845946
0.8416
0.865587
0.853457
0.853897
0.848769
0.839106
0.857314
0.857825
0.8379
0.867331
0.856108
0.839137
0.854771
0.843657
0.840106
0.847418
0.858535
0.852663
0.851748
0.85336
0.856308
0.865047
0.866661
0.857147
0.841779
0.864209
0.86349
0.86175
0.865998
0.855652
0.845931
0.854676
0.869115
0.854746
0.861038
0.857888
0.854773
0.858723
0.839791
0.867098
0.851488
0.838243
0.854395
0.853693
0.834331
0.847238
0.882547
0.854388
0.845842
0.849304
0.844553
0.857034
0.852025
0.845306
0.855383
0.842104
0.850698
0.875844
0.857904
0.866671
0.85238
0.856195
0.861508
0.850613
0.85441
0.857673
0.852052
0.863696
0.852427
0.862415
0.868704
0.847921
0.854757
0.855978
0.877345
0.849776
0.834422
0.849554
0.869996
0.83474
0.863356
0.866971
0.856764
0.857853
0.85834
0.847107
0.851244
0.850685
0.869251
0.846608
0.843744
0.859431
0.86692
0.838319
0.85054
0.853302
0.847209
0.850114
0.853677
0.857341
0.83663
0.854398
0.859242
0.845707
0.851935
0.850834
0.852403
0.85553
0.858008
0.851395
0.836541
0.847322
0.863936
0.854138
0.846836
0.874794
0.858135
0.86876
0.855895
0.842378
0.851722
0.851082
0.850888
0.864437
0.858714
0.847796
0.846322
0.848139
0.844349
0.864918
0.844644
0.853805
0.867876
0.848788
0.845079
0.842937
0.854359
0.857502
0.84961
0.859007
0.828138
0.855257
0.849212
0.844531
0.852152
0.852904
0.853246
0.832053
0.854484
0.859642
0.844829
0.849228
0.858484
0.846709
0.855958
0.852466
0.855559
0.863191
0.866461
0.843121
0.858211
0.844454
0.852622
0.848418
0.85221
0.866689
0.858376
0.847867
0.844698
0.84994
0.855312
0.850459
0.875331
0.861831
0.851936
0.855454
0.871247
0.846124
0.852737
0.876016
0.84238
0.861106
0.837529
0.858462
0.843673
0.856786
0.865892
0.862773
0.854853
0.839416
0.860876
0.847059
0.851004
0.856604
0.842196
0.851098
0.838448
0.842586
0.852477
0.857783
0.86513
0.861305
0.864717
0.857584
0.864467
0.849964
0.852109
0.87565
0.86329
0.856193
0.841768
0.871687
0.863438
0.840576
0.846194
0.851744
0.842648
0.855683
0.847978
0.844135
0.838023
0.85129
0.851872
0.850362
0.86139
0.847751
0.862139
0.845994
0.863295
0.85466
0.850059
0.84922
0.860512
0.853525
0.849999
0.846899
0.843982
0.854357
0.846919
0.856505
0.852698
0.868688
0.847807
0.844132
0.857356
0.863709
0.844695
0.850395
0.846509
0.853178
0.841622
0.870901
0.859016
0.866541
0.862422
0.874911
0.877978
0.8527
0.849575
0.851043
0.852541
0.838541
0.843777
0.852899
0.858028
0.868095
0.854387
0.854114
0.841951
0.849436
0.854442
0.855533
0.855194
0.850384
0.865852
0.844493
0.846922
0.848123
0.846564
0.850522
0.834785
0.853404
0.873335
0.858014
0.849886
0.850489
0.854597
0.860045
0.860624
0.861802
0.858847
0.849258
0.862109
0.845899
0.846891
0.861308
0.839383
0.855306
0.859369
0.852934
0.845848
0.853213
0.863829
0.855404
0.853289
0.854959
0.845234
0.841666
0.859616
0.850297
0.854527
0.871752
0.849201
0.872173
0.853766
0.861053
0.85103
0.864226
0.843154
0.850021
0.854001
0.85486
0.852969
0.866323
0.851097
0.854211
0.863088
0.852082
0.842514
0.86383
0.857785
0.859008
0.847906
0.861176
0.854259
0.85753
0.853559
0.869578
0.856076
0.842413
0.853902
0.857127
0.843342
0.857612
0.85774
0.853124
0.858932
0.845213
0.849786
0.857213
0.84459
0.857279
0.889549
0.850518
0.854011
0.85242
0.85401
0.858513
0.854222
0.847849
0.857773
0.857514
0.865619
0.869689
0.845143
0.852466
0.84551
0.844463
0.852957
0.854826
0.857427
0.85365
0.846623
0.84943
0.862894
0.863513
0.841697
0.852374
0.867938
0.850324
0.852459
0.851454
0.853385
0.854559
0.847057
0.857397
0.84593
0.844099
0.858902
0.845988
0.851662
0.84851
0.876161
0.850175
0.873566
0.859495
0.852343
0.863453
0.844286
0.866401
0.858703
0.863031
0.857548
0.852118
0.853459
0.849989
0.85416
0.850371
0.864958
0.856255
0.85196
0.85695
0.849003
0.849898
0.847994
0.85837
0.873657
0.854388
0.856254
0.845356
0.850942
0.850666
0.848883
0.858175
0.854459
0.834932
0.845379
0.860456
0.853128
0.854666
0.852662
0.849381
0.839528
0.845666
0.855363
0.855587
0.852569
0.851163
0.861485
0.851952
0.853067
0.84675
0.842989
0.842394
0.847187
0.872308
0.864446
0.866333
0.841607
0.848129
0.842967
0.855362
0.874388
0.855937
0.843596
0.85528
0.846037
0.844981
0.872303
0.846675
0.855529
0.846417
0.862587
0.854288
0.850381
0.849407
0.846061
0.846484
0.857144
0.860481
0.854806
0.862868
0.850739
0.854453
0.847825
0.838662
0.864117
0.855512
0.847501
0.842391
0.853577
0.85544
0.85461
0.866208
0.846127
0.848921
0.840822
0.843052
0.858792
0.854786
0.857799
0.861873
0.838706
0.855096
0.858739
0.859949
0.869598
0.848784
0.849446
0.861596
0.86983
0.846536
0.850405
0.858226
0.847602
0.847251
0.844898
0.844473
0.885519
0.854157
0.852357
0.860235
0.836372
0.859101
0.856176
0.858708
0.841648
0.853683
0.860669
0.849303
0.848894
0.846188
0.849724
0.839965
0.854794
0.844367
0.855871
0.849039
0.871797
0.853295
0.859611
0.857778
0.85657
0.858409
0.84558
0.835726
0.848908
0.856431
0.854566
0.856713
0.864229
0.859406
0.850835
0.857351
0.849173
0.843287
0.851237
0.84318
0.846079
0.850626
0.854846
0.862323
0.848169
0.854661
0.849768
0.847288
0.85216
0.85628
0.865786
0.852048
0.851664
0.859319
0.863717
0.852969
0.850018
0.840358
0.846362
0.853064
0.850471
0.848922
0.846165
0.85137
0.846895
0.84997
0.860094
0.854299
0.850583
0.846496
0.858815
0.861818
0.87045
0.860976
0.855875
0.853615
0.847183
0.85088
0.854707
0.846794
0.855364
0.845982
0.847966
0.845585
0.849329
0.853696
0.852572
0.846853
0.852909
0.869361
0.84954
0.851197
0.853986
0.847383
0.854649
0.849994
0.855389
0.852014
0.849508
0.853214
0.864405
0.848442
0.863998
0.859572
0.861005
0.84545
0.85065
0.855897
0.850619
0.841968
0.848635
0.845086
0.847301
0.847149
0.851326
0.847194
0.851578
0.853093
0.847701
0.852436
0.844946
0.84894
0.856737
0.857625
0.863815
0.853328
0.854835
0.856138
0.847389
0.850454
0.840819
0.84629
0.853193
0.848906
0.849384
0.843475
0.85112
0.850566
0.848873
0.840824
0.860359
0.85146
0.865722
0.857603
0.846788
0.84244
0.840283
0.837332
0.835512
0.847273
0.83464
0.844383
0.841581
0.851048
0.847754
0.845732
0.853914
0.859257
0.837164
0.8526
0.85497
0.84715
0.843617
0.851141
0.860966
0.843031
0.848286
0.85672
0.856063
0.837622
0.861715
0.862054
0.856959
0.857168
0.84897
0.845486
0.856263
0.858762
0.846303
0.853444
0.851244
0.847633
0.8562
0.842785
0.859623
0.850791
0.842163
0.848736
0.853667
0.866363
0.840083
0.852877
0.869204
0.844033
0.842326
0.839907
0.84632
0.863864
0.840188
0.84967
0.843268
0.857462
0.849521
0.853206
0.848221
0.859183
0.864098
0.856442
0.851757
0.854993
0.852142
0.874333
0.856105
0.852706
0.84535
0.852328
0.86423
0.866187
0.847842
0.853923
0.869679
0.852797
0.851228
0.859793
0.840583
0.843972
0.866969
0.852891
0.853582
0.851666
0.85092
0.856428
0.852391
0.843756
0.844868
0.861754
0.863951
0.854053
0.853865
0.854679
0.849773
0.849746
0.872881
0.857396
0.848726
0.845685
0.847428
0.839673
0.859589
0.845973
0.849769
0.853932
0.848907
0.85144
0.852595
0.834292
0.857416
0.867547
0.870327
0.844047
0.860385
0.862199
0.856931
0.853197
0.854305
0.8424
0.852915
0.844769
0.853475
0.856952
0.863782
0.851798
0.866668
0.866382
0.863431
0.856269
0.858794
0.862203
0.853566
0.834463
0.858537
0.846932
0.854161
0.843663
0.852386
0.849042
0.843896
0.862242
0.857925
0.84812
0.858629
0.844789
0.862686
0.851083
0.851957
0.839798
0.847123
0.842998
0.865791
0.845341
0.860874
0.855734
0.844506
0.850036
0.852549
0.851868
0.849577
0.859847
0.852195
0.863458
0.843222
0.858815
0.855553
0.859714
0.84726
0.874206
0.857918
0.85068
0.858787
0.847049
0.860081
0.851619
0.848649
0.846663
0.855475
0.853192
0.854058
0.870631
0.860993
0.854986
0.848147
0.855295
0.858624
0.871903
0.849823
0.839143
0.836956
0.857038
0.854439
0.863358
0.856349
0.851037
0.843342
0.854895
0.851836
0.85124
0.84796
0.840428
0.839913
0.846008
0.846767
0.856898
0.849313
0.845961
0.842089
0.859172
0.835649
0.855413
0.847235
0.847163
0.863451
0.844147
0.851191
0.849601
0.844801
0.844618
0.870031
0.849939
0.849176
0.857428
0.851748
0.848591
0.849202
0.8505
0.855463
0.851175
0.839844
0.843398
0.853732
0.87238
0.849153
0.848501
0.862059
0.86361
0.834946
0.856922
0.855254
0.848234
0.844856
0.854736
0.857628
0.8554
0.853569
0.849162
0.849521
0.837309
0.851705
0.861687
0.850511
0.855034
0.842525
0.853285
0.84198
0.845109
0.851919
0.853422
0.839119
0.845696
0.847698
0.860208
0.832908
0.848185
0.857129
0.847077
0.868102
0.859276
0.871127
0.85438
0.843246
0.84943
0.845177
0.858285
0.857004
0.848722
0.847399
0.851236
0.837467
0.85674
0.842924
0.864932
0.846504
0.852126
0.872511
0.853314
0.845168
0.853348
0.859893
0.836523
0.862803
0.855631
0.837441
0.861302
0.863986
0.858591
0.843743
0.876434
0.841165
0.851159
0.863526
0.854104
0.860748
0.849894
0.8435
0.847151
0.85171
0.845948
0.846404
0.859942
0.856873
0.873432
0.869618
0.847746
0.842225
0.851353
0.843368
0.84271
0.847921
0.846342
0.847763
0.848753
0.84129
0.851919
0.855851
0.854095
0.856967
0.846182
0.844339
0.845162
0.854983
0.851281
0.851754
0.849832
0.841879
0.846103
0.848034
0.860381
0.845209
0.838347
0.848535
0.860895
0.862117
0.850663
0.869808
0.849984
0.850336
0.859188
0.85691
0.839267
0.85189
0.83986
0.853171
0.842802
0.859759
0.849288
0.838651
0.868746
0.851325
0.849218
0.858153
0.861272
0.857514
0.849012
0.855693
0.853798
0.856172
0.841654
0.842081
0.854647
0.848025
0.847888
0.843945
0.853293
0.845577
0.868721
0.84764
0.840726
0.862549
0.871584
0.845164
0.845743
0.84846
0.846584
0.859396
0.84876
0.851239
0.845818
0.835423
0.864326
0.869179
0.850317
0.854082
0.850728
0.849364
0.845234
0.850808
0.848226
0.841298
0.85119
0.85161
0.864109
0.847056
0.84399
0.84629
0.843519
0.845943
0.854967
0.869582
0.850373
0.857298
0.848535
0.841235
0.842097
0.860803
0.843509
0.847274
0.846359
0.838619
0.847809
0.849773
0.844045
0.871927
0.861152
0.845076
0.854272
0.855297
0.854793
0.86439
0.860799
0.860146
0.846007
0.858487
0.849201
0.847799
0.853081
0.851082
0.852885
0.8653
0.847098
0.847112
0.844609
0.836955
0.847418
0.851127
0.867761
0.838882
0.860255
0.844875
0.850229
0.862113
0.849546
0.852386
0.858797
0.848548
0.867137
0.836008
0.865737
0.844384
0.839336
0.850808
0.837509
0.845064
0.868313
0.846889
0.851297
0.858282
0.854196
0.851628
0.85384
0.839745
0.848331
0.855465
0.85672
0.842334
0.857098
0.84868
0.857981
0.858205
0.848658
0.856384
0.864175
0.852209
0.851337
0.84937
0.837826
0.856774
0.852178
0.860211
0.851115
0.865961
0.858798
0.837848
0.867038
0.854216
0.870813
0.853943
0.847301
0.848081
0.844911
0.83816
0.86187
0.855987
0.852146
0.849327
0.868698
0.851383
0.848655
0.853595
0.847385
0.84145
0.855125
0.857058
0.862455
0.850636
0.853803
0.843436
0.861297
0.853591
0.864107
0.854182
0.848954
0.842572
0.84738
0.840637
0.847269
0.844893
0.843052
0.855388
0.843472
0.884206
0.863252
0.862406
0.860503
0.848869
0.871502
0.858309
0.858014
0.849054
0.851962
0.852403
0.849047
0.849619
0.843461
0.850954
0.846562
0.83501
0.85605
0.847313
0.853885
0.852901
0.843383
0.864836
0.850406
0.851042
0.873312
0.866387
0.861753
0.846622
0.841186
0.860098
0.842208
0.85523
0.839324
0.84824
0.842659
0.853634
0.858575
0.861548
0.844217
0.85776
0.841763
0.843394
0.83737
0.858842
0.840585
0.838793
0.84129
0.847906
0.83982
0.859994
0.846845
0.849005
0.861521
0.851684
0.839267
0.859667
0.846396
0.844734
0.855389
0.833279
0.844575
0.871051
0.851133
0.854742
0.845896
0.862584
0.866227
0.856478
0.844772
0.853295
0.845348
0.857713
0.847767
0.857188
0.850213
0.843602
0.864175
0.849978
0.85362
0.85478
0.841263
0.871731
0.861338
0.859331
0.851863
0.847141
0.870092
0.85789
0.853522
0.861534
0.847087
0.860261
0.858393
0.851971
0.858537
0.854904
0.854975
0.845142
0.837738
0.84755
0.852661
0.854553
0.849584
0.866064
0.883699
0.864535
0.853584
0.868962
0.849495
0.847507
0.846485
0.868136
0.848193
0.854997
0.843434
0.855007
0.859992
0.856272
0.854192
0.869965
0.865967
0.850032
0.853863
0.858302
0.851506
0.848578
0.856027
0.843832
0.857992
0.851255
0.853738
0.847291
0.870716
0.853057
0.84828
0.858622
0.850479
0.853373
0.860415
0.859871
0.853785
0.865422
0.851336
0.85659
0.859086
0.868063
0.861759
0.865883
0.860603
0.844184
0.841286
0.861319
0.853471
0.840846
0.853993
0.846395
0.843437
0.848255
0.85694
0.860598
0.843138
0.842247
0.848383
0.842307
0.859608
0.856004
0.850066
0.846889
0.845099
0.84577
0.863674
0.866726
0.847236
0.841832
0.848109
0.869494
0.86102
0.849813
0.859386
0.853015
0.841398
0.84776
0.853378
0.865279
0.850046
0.86804
0.85787
0.863933
0.83825
0.849236
0.844244
0.859211
0.839965
0.843444
0.863741
0.851745
0.84836
0.854193
0.854607
0.857947
0.851242
0.844205
0.859673
0.84559
0.852972
0.842832
0.850908
0.84428
0.842956
0.842665
0.844475
0.858808
0.846219
0.866786
0.852034
0.863419
0.844862
0.857506
0.85377
0.844707
0.849876
0.8458
0.857652
0.839076
0.86507
0.853565
0.867182
0.859381
0.852931
0.859047
0.846302
0.839173
0.851387
0.853805
0.85525
0.848032
0.851918
0.837325
0.858717
0.84964
0.841059
0.847193
0.853022
0.871343
0.850701
0.872303
0.842036
0.859395
0.841663
0.860913
0.857264
0.844946
0.854288
0.865428
0.853359
0.864551
0.855384
0.837273
0.85567
0.843591
0.856999
0.851212
0.84427
0.848908
0.865708
0.843157
0.85507
0.850731
0.839633
0.868119
0.856747
0.846123
0.870749
0.86183
0.85895
0.846095
0.85359
0.849487
0.852689
0.853648
0.856309
0.866226
0.842186
0.86922
0.842588
0.852856
0.838257
0.839921
0.867175
0.831903
0.847172
0.845176
0.841433
0.852369
0.843968
0.856517
0.849109
0.853924
0.843934
0.849098
0.852413
0.845395
0.854832
0.852815
0.848342
0.847075
0.862047
0.853698
0.856299
0.862081
0.854811
0.862316
0.853737
0.864638
0.856286
0.852266
0.86373
0.854544
0.846953
0.859314
0.841711
0.860347
0.84949
0.861013
0.853867
0.852513
0.853948
0.845978
0.873516
0.858865
0.862251
0.869161
0.853921
0.846
0.849223
0.853877
0.846114
0.852508
0.866462
0.867094
0.854287
0.841033
0.861926
0.842453
0.847675
0.849762
0.846971
0.850881
0.859335
0.829343
0.85602
0.863671
0.875798
0.842695
0.834493
0.859492
0.843968
0.868114
0.843513
0.861026
0.853666
0.854562
0.854581
0.863063
0.852186
0.844209
0.84294
0.84354
0.87782
0.851462
0.878687
0.856397
0.855009
0.844963
0.834225
0.861231
0.841118
0.846312
0.849689
0.856838
0.844888
0.849938
0.853437
0.844085
0.864479
0.847339
0.84841
0.854893
0.851222
0.84708
0.86807
0.844203
0.843972
0.852529
0.843322
0.849896
0.848842
0.843504
0.850755
0.853147
0.849626
0.847729
0.847769
0.860331
0.858069
0.862611
0.842485
0.849193
0.846218
0.857105
0.851484
0.865121
0.854995
0.858929
0.849817
0.849244
0.842666
0.851083
0.839946
0.856667
0.847732
0.843761
0.85274
0.861219
0.843262
0.859899
0.857283
0.855862
0.850667
0.854204
0.854937
0.860187
0.851687
0.855589
0.844205
0.841289
0.83989
0.864142
0.86138
0.853763
0.847404
0.842754
0.853979
0.848028
0.855164
0.860638
0.870281
0.851042
0.867627
0.848793
0.857475
0.855674
0.860703
0.845839
0.853262
0.849968
0.868576
0.858454
0.863112
0.843641
0.851328
0.860444
0.851013
0.857603
0.864038
0.841761
0.850036
0.860521
0.844279
0.864308
0.842952
0.848473
0.870914
0.851904
0.850709
0.852462
0.852103
0.85639
0.86888
0.849983
0.855002
0.844495
0.865965
0.854013
0.84895
0.847939
0.862656
0.851717
0.867735
0.851707
0.859228
0.850198
0.858042
0.855242
0.843065
0.844396
0.848595
0.857378
0.842116
0.850271
0.85808
0.854035
0.86652
0.846492
0.855395
0.865984
0.856163
0.851169
0.859151
0.847542
0.83609
0.859842
0.850993
0.846038
0.851332
0.843498
0.84146
0.844324
0.864181
0.856162
0.840895
0.857751
0.864596
0.866054
0.85462
0.847524
0.8319
0.865018
0.84245
0.84399
0.882616
0.849307
0.853497
0.853215
0.846443
0.85543
0.867002
0.857484
0.852586
0.851402
0.84437
0.85032
0.842691
0.857986
0.859239
0.852218
0.866811
0.860593
0.844624
0.848548
0.841909
0.863182
0.859247
0.853263
0.856814
0.848889
0.840979
0.85482
0.868097
0.849377
0.857439
0.854776
0.851355
0.847819
0.847366
0.856904
0.838465
0.855078
0.873501
0.860817
0.858868
0.851049
0.855948
0.853234
0.854994
0.865607
0.845907
0.852065
0.84888
0.855296
0.854747
0.857208
0.843608
0.860272
0.851755
0.847529
0.861202
0.853842
0.85064
0.86135
0.859989
0.857304
0.863589
0.864254
0.84251
0.847254
0.84366
0.848951
0.850491
0.851921
0.881839
0.864452
0.848616
0.866307
0.840627
0.847773
0.855285
0.859922
0.855303
0.860613
0.861095
0.856185
0.839464
0.847777
0.850501
0.860802
0.844164
0.849387
0.844189
0.864758
0.864492
0.857947
0.856715
0.853531
0.851136
0.85491
0.854035
0.852424
0.844809
0.866172
0.857707
0.856529
0.834792
0.848473
0.859944
0.835888
0.859878
0.841594
0.848777
0.852361
0.842376
0.86253
0.849912
0.854065
0.862288
0.851618
0.864143
0.856552
0.871849
0.855069
0.855326
0.849538
0.858222
0.845782
0.857089
0.857079
0.84892
0.872362
0.856563
0.8416
0.859867
0.847495
0.863148
0.840742
0.847792
0.851676
0.844403
0.858343
0.869343
0.849012
0.856057
0.853023
0.855096
0.854824
0.878864
0.861265
0.858928
0.858851
0.860086
0.855129
0.849902
0.845208
0.843002
0.854932
0.850592
0.854848
0.850712
0.85024
0.850068
0.851736
0.864451
0.872077
0.857983
0.83929
0.838279
0.85903
0.846681
0.8643
0.851514
0.842278
0.850594
0.848163
0.855575
0.847042
0.842591
0.856905
0.848906
0.852469
0.861457
0.848178
0.850751
0.845367
0.854363
0.857426
0.87427
0.84696
0.850424
0.863376
0.8385
0.849011
0.84886
0.876861
0.867105
0.85024
0.856833
0.847534
0.84531
0.851792
0.860477
0.853662
0.851221
0.853931
0.849175
0.8389
0.884261
0.844177
0.853132
0.847783
0.853537
0.852281
0.844904
0.864137
0.844062
0.839988
0.86065
0.860469
0.852816
0.840638
0.854753
0.851899
0.850524
0.854655
0.843869
0.864132
0.862946
0.853496
0.852633
0.855301
0.859056
0.873068
0.873875
0.864481
0.863208
0.850467
0.847678
0.853524
0.841035
0.846363
0.853888
0.862523
0.856251
0.865188
0.844914
0.840947
0.848083
0.849297
0.849863
0.862258
0.839092
0.854372
0.853718
0.855148
0.849143
0.837356
0.844352
0.8638
0.879544
0.847231
0.84435
0.849039
0.850751
0.856041
0.866938
0.861346
0.847745
0.844947
0.848722
0.856323
0.857975
0.852193
0.856429
0.845035
0.849933
0.846383
0.859364
0.848473
0.84616
0.856278
0.851567
0.843074
0.843977
0.842001
0.861727
0.85056
0.86309
0.847709
0.8562
0.853254
0.860636
0.881291
0.857238
0.854948
0.849745
0.858737
0.863663
0.844663
0.857376
0.851208
0.840235
0.865603
0.852666
0.850168
0.858193
0.856027
0.871106
0.848332
0.856129
0.856723
0.858143
0.846201
0.851339
0.859514
0.838131
0.849305
0.844709
0.856949
0.855861
0.856764
0.84958
0.863224
0.85591
0.865093
0.85546
0.853601
0.84512
0.872351
0.85578
0.839293
0.85086
0.840392
0.843522
0.850589
0.85035
0.855328
0.879584
0.844987
0.849963
0.856348
0.846479
0.860281
0.850528
0.847286
0.849951
0.870592
0.848861
0.844268
0.838239
0.850503
0.859974
0.840826
0.858373
0.849174
0.852922
0.857162
0.860343
0.861715
0.856324
0.861842
0.861037
0.847327
0.851789
0.844445
0.846687
0.857729
0.845168
0.861913
0.861067
0.842183
0.847247
0.844041
0.851902
0.860192
0.852307
0.854071
0.851417
0.85513
0.863613
0.854123
0.852445
0.842682
0.848911
0.854407
0.847247
0.840565
0.853651
0.842039
0.841583
0.861298
0.849375
0.853616
0.859386
0.866251
0.861921
0.865288
0.848994
0.854447
0.857489
0.863599
0.853507
0.85085
0.848241
0.85718
0.857083
0.850131
0.847952
0.859968
0.840359
0.85495
0.855603
0.864554
0.851583
0.866712
0.850745
0.868998
0.84698
0.857601
0.850512
0.860432
0.862281
0.852185
0.853381
0.852773
0.843266
0.847105
0.858602
0.848491
0.835027
0.866128
0.866579
0.833822
0.856252
0.863175
0.856446
0.86567
0.84767
0.848201
0.863565
0.846781
0.845083
0.842412
0.843735
0.853331
0.852967
0.855955
0.860036
0.863847
0.844701
0.852
0.869303
0.830355
0.851969
0.8532
0.840025
0.845293
0.846026
0.852491
0.84765
0.858543
0.865711
0.857831
0.858441
0.854992
0.847481
0.841018
0.864364
0.862172
0.862114
0.847629
0.8503
0.852558
0.85409
0.83961
0.852182
0.864159
0.869446
0.846305
0.872248
0.842101
0.853437
0.84916
0.862253
0.842026
0.849436
0.835719
0.858038
0.853835
0.848076
0.844575
0.8529
0.847485
0.852877
0.854435
0.855552
0.84799
0.853229
0.851878
0.851313
0.865327
0.840326
0.845851
0.859814
0.871382
0.849219
0.857794
0.84722
0.857202
0.854598
0.856642
0.844015
0.85574
0.842121
0.85027
0.848678
0.847425
0.851126
0.849101
0.843609
0.847674
0.84031
0.845951
0.846237
0.844165
0.849812
0.873942
0.865351
0.837435
0.851644
0.857375
0.847728
0.869906
0.860744
0.856205
0.856323
0.84914
0.857857
0.855696
0.85668
0.840063
0.852332
0.850151
0.846576
0.846734
0.847962
0.857585
0.850938
0.854906
0.854727
0.849035
0.848482
0.844998
0.867301
0.851903
0.850054
0.855286
0.850868
0.855765
0.8527
0.849721
0.851281
0.860059
0.862666
0.846401
0.854964
0.844935
0.85255
0.849541
0.853157
0.838607
0.850461
0.841058
0.848623
0.850241
0.845714
0.842579
0.83419
0.846119
0.852989
0.849732
0.853051
0.853293
0.845766
0.852737
0.843989
0.838503
0.854732
0.871502
0.857238
0.853555
0.869273
0.86653
0.863059
0.860147
0.847584
0.860849
0.857008
0.867416
0.86414
0.856898
0.863859
0.847606
0.863796
0.849585
0.860485
0.867681
0.874009
0.852376
0.859729
0.851629
0.858153
0.846408
0.83964
0.840272
0.845825
0.84703
0.855216
0.850503
0.854985
0.873189
0.850364
0.871301
0.851822
0.855209
0.84875
0.852546
0.858854
0.856271
0.84622
0.848561
0.84736
0.864004
0.857285
0.845461
0.850092
0.832931
0.844868
0.855381
0.849996
0.83995
0.851354
0.852615
0.851386
0.853852
0.845664
0.854622
0.843313
0.863189
0.85529
0.862206
0.86266
0.863012
0.859148
0.849024
0.835991
0.855147
0.846497
0.84605
0.843022
0.853975
0.869225
0.851773
0.862667
0.860882
0.846818
0.848778
0.858906
0.844563
0.854409
0.841958
0.864128
0.857452
0.856343
0.859711
0.855122
0.851028
0.839911
0.850275
0.890333
0.847057
0.851416
0.853164
0.856931
0.854798
0.84823
0.866874
0.848997
0.848706
0.860049
0.85479
0.850238
0.851298
0.862747
0.847742
0.848812
0.851849
0.851941
0.845894
0.842952
0.854792
0.841025
0.852204
0.84888
0.856661
0.845292
0.857639
0.843423
0.851085
0.843065
0.854208
0.852118
0.868659
0.863165
0.857026
0.846477
0.85916
0.848592
0.849618
0.84485
0.855442
0.857291
0.835158
0.858324
0.850544
0.851391
0.852176
0.840341
0.86462
0.844329
0.876402
0.847345
0.850947
0.852871
0.859396
0.852306
0.853553
0.856469
0.856337
0.858847
0.838109
0.856833
0.848512
0.857663
0.868013
0.862177
0.844524
0.847548
0.856543
0.850577
0.847865
0.844642
0.863964
0.844014
0.849372
0.841928
0.85481
0.847323
0.84122
0.851035
0.844739
0.854475
0.846127
0.847717
0.868344
0.851854
0.85277
0.849112
0.849189
0.872216
0.857262
0.850315
0.844592
0.850788
0.867457
0.857539
0.852902
0.842716
0.836377
0.840453
0.84777
0.862352
0.8463
0.854347
0.859751
0.852277
0.863085
0.845899
0.851686
0.849528
0.857195
0.845475
0.845476
0.846514
0.853553
0.867726
0.867018
0.863225
0.852542
0.856443
0.847782
0.846476
0.873506
0.851155
0.847383
0.851034
0.845425
0.849763
0.855377
0.846798
0.874199
0.866752
0.85173
0.842368
0.841329
0.851082
0.85452
0.85418
0.843057
0.845434
0.864709
0.85551
0.846493
0.861187
0.853719
0.865541
0.853211
0.846063
0.842598
0.848594
0.848952
0.846523
0.863227
0.861388
0.865741
0.837099
0.852548
0.857126
0.851204
0.861806
0.84294
0.841159
0.842792
0.853477
0.839753
0.863879
0.843122
0.857123
0.847857
0.853726
0.836267
0.851668
0.863885
0.856589
0.843663
0.848202
0.845734
0.851224
0.841113
0.862262
0.864272
0.861462
0.839993
0.843027
0.851612
0.855418
0.848581
0.860641
0.843438
0.863547
0.857558
0.855958
0.86423
0.841999
0.851477
0.858559
0.836771
0.84724
0.857346
0.856297
0.846343
0.868638
0.860124
0.845879
0.856392
0.872562
0.853366
0.85308
0.875166
0.849259
0.867764
0.845143
0.848237
0.855868
0.85674
0.853337
0.855292
0.849732
0.845172
0.85333
0.858564
0.855956
0.857282
0.857081
0.872837
0.847921
0.861278
0.864713
0.850155
0.856623
0.875722
0.847385
0.857022
0.856402
0.85273
0.845259
0.854613
0.858367
0.846436
0.856714
0.839894
0.857273
0.841107
0.858212
0.854913
0.849299
0.86069
0.85721
0.865148
0.855237
0.840505
0.845928
0.844625
0.848947
0.851242
0.847744
0.855044
0.852177
0.851342
0.851043
0.836454
0.856263
0.852702
0.855362
0.858446
0.858063
0.865029
0.862892
0.859357
0.858239
0.842149
0.868447
0.856834
0.850406
0.829425
0.855534
0.864928
0.870299
0.85839
0.851182
0.845249
0.858041
0.870518
0.847661
0.850025
0.856166
0.854828
0.853827
0.873268
0.851196
0.874548
0.860044
0.861752
0.856479
0.854523
0.852992
0.842879
0.848417
0.873118
0.859893
0.848217
0.837192
0.845948
0.854061
0.842261
0.848577
0.840064
0.848545
0.837996
0.856968
0.859402
0.831076
0.849834
0.850606
0.847831
0.848003
0.849006
0.836452
0.868928
0.86183
0.854219
0.867711
0.862522
0.845716
0.84682
0.847872
0.852275
0.849477
0.854025
0.851388
0.858347
0.846342
0.8469
0.86991
0.854933
0.841885
0.838762
0.852519
0.851748
0.845977
0.848938
0.852398
0.846993
0.860233
0.867821
0.850472
0.846401
0.8471
0.854355
0.860154
0.858242
0.843595
0.855714
0.864695
0.83756
0.857322
0.84186
0.847607
0.855058
0.853766
0.853336
0.845944
0.860057
0.857992
0.840292
0.852061
0.853471
0.837784
0.855707
0.860754
0.84846
0.843774
0.849665
0.843323
0.84826
0.851046
0.845544
0.86012
0.850743
0.84827
0.871115
0.861779
0.869592
0.862693
0.846976
0.865774
0.845536
0.860194
0.849712
0.859087
0.834935
0.847396
0.853495
0.855848
0.850089
0.84729
0.867253
0.86022
0.846519
0.847757
0.84684
0.857476
0.843455
0.846429
0.841195
0.845615
0.860797
0.83686
0.849236
0.85238
0.847771
0.86489
0.865794
0.839997
0.846163
0.847532
0.877738
0.847818
0.866434
0.84859
0.856842
0.84702
0.854158
0.856124
0.849716
0.855096
0.834673
0.867533
0.844726
0.866041
0.862684
0.842431
0.84224
0.850226
0.852711
0.856224
0.86121
0.854252
0.854691
0.851533
0.854352
0.85722
0.855298
0.846489
0.848896
0.85279
0.8429
0.856546
0.85722
0.853189
0.864887
0.855748
0.849422
0.849221
0.849493
0.848765
0.858419
0.850053
0.847259
0.856208
0.850627
0.846545
0.841485
0.858341
0.85532
0.856501
0.852232
0.86521
0.874451
0.855537
0.845826
0.842808
0.849307
0.858341
0.848852
0.851831
0.84935
0.88145
0.859496
0.848451
0.84614
0.858396
0.863458
0.842343
0.851662
0.837062
0.852766
0.839944
0.853566
0.848701
0.843782
0.850045
0.851353
0.845582
0.864897
0.847888
0.860539
0.861646
0.851703
0.859979
0.874023
0.856023
0.864529
0.847186
0.837065
0.859098
0.860164
0.852081
0.856318
0.845463
0.859967
0.860247
0.863331
0.854556
0.857318
0.84771
0.853205
0.85667
0.851253
0.84882
0.857869
0.854847
0.859097
0.852683
0.845587
0.851271
0.86485
0.841172
0.845008
0.856339
0.848404
0.850584
0.849264
0.863987
0.842587
0.843689
0.846724
0.851121
0.85198
0.849043
0.860187
0.856546
0.850412
0.853548
0.847155
0.858155
0.857744
0.855791
0.858687
0.860386
0.851562
0.845312
0.846213
0.85286
0.872031
0.846591
0.856509
0.869912
0.847688
0.856234
0.850533
0.864745
0.858524
0.845593
0.845021
0.84916
0.858816
0.841452
0.858386
0.84469
0.856471
0.844689
0.849849
0.859398
0.849818
0.844573
0.856292
0.845812
0.833968
0.854964
0.83679
0.854444
0.863966
0.870317
0.850566
0.857061
0.856294
0.851812
0.881411
0.839586
0.857575
0.849123
0.84437
0.858604
0.846094
0.847622
0.85638
0.854439
0.849461
0.862367
0.843325
0.850639
0.872845
0.850446
0.857976
0.85003
0.85156
0.865454
0.846065
0.849395
0.850743
0.856251
0.84806
0.86559
0.86187
0.850151
0.874098
0.84399
0.848276
0.848349
0.835113
0.846563
0.854182
0.861193
0.855554
0.86044
0.868765
0.845628
0.857684
0.860205
0.858004
0.860927
0.852252
0.844717
0.866706
0.856086
0.846834
0.867313
0.863212
0.843429
0.859819
0.847066
0.847404
0.857741
0.867284
0.846351
0.851662
0.843055
0.849208
0.862493
0.849427
0.840641
0.868119
0.873669
0.854858
0.852944
0.855539
0.848234
0.83911
0.854155
0.845219
0.838157
0.84409
0.855384
0.847969
0.850062
0.847271
0.865482
0.851145
0.860852
0.863002
0.841926
0.863994
0.858763
0.848024
0.851584
0.852968
0.854025
0.850432
0.844618
0.840975
0.856843
0.855976
0.847694
0.842665
0.853799
0.854562
0.842803
0.846081
0.847067
0.840166
0.851647
0.843172
0.853144
0.856079
0.849397
0.845745
0.853607
0.852683
0.861427
0.848766
0.850012
0.858819
0.851065
0.839557
0.858853
0.853206
0.852473
0.864507
0.841563
0.850012
0.850015
0.845945
0.85795
0.854836
0.844556
0.856051
0.848645
0.857838
0.859038
0.84652
0.851671
0.858836
0.860522
0.855514
0.852628
0.846933
0.835955
0.855863
0.858436
0.853359
0.856884
0.840729
0.843425
0.860322
0.850225
0.837224
0.855903
0.85819
0.847252
0.860038
0.842078
0.847238
0.867139
0.840572
0.850184
0.849373
0.840799
0.86228
0.850455
0.867088
0.85911
0.839518
0.84412
0.844738
0.857569
0.848809
0.845091
0.842296
0.849459
0.85206
0.842832
0.859261
0.857489
0.854431
0.850096
0.867015
0.849754
0.859298
0.873237
0.855289
0.850997
0.83666
0.848956
0.850645
0.857646
0.846829
0.855917
0.856213
0.867309
0.848774
0.867009
0.855486
0.844788
0.864579
0.851159
0.845029
0.836029
0.839157
0.885041
0.874355
0.841245
0.854832
0.844589
0.864006
0.85729
0.873109
0.84755
0.848633
0.847381
0.870989
0.850529
0.847441
0.8493
0.865407
0.839535
0.86551
0.856808
0.85304
0.845879
0.851102
0.854997
0.848576
0.857989
0.845506
0.853292
0.850158
0.8334
0.850101
0.870698
0.843022
0.853889
0.855146
0.871714
0.858564
0.840008
0.847593
0.85223
0.849396
0.853158
0.867909
0.856449
0.844149
0.866346
0.851944
0.847338
0.841026
0.876151
0.854048
0.8371
0.859751
0.861521
0.854082
0.850594
0.848017
0.868891
0.858978
0.855773
0.859546
0.849844
0.849523
0.866246
0.867141
0.879959
0.85497
0.859727
0.850145
0.844431
0.865031
0.84474
0.852487
0.850601
0.852273
0.849992
0.867734
0.858621
0.846879
0.854246
0.847278
0.845359
0.842773
0.839827
0.843243
0.855113
0.866474
0.851872
0.853248
0.852422
0.850129
0.847425
0.855224
0.848205
0.851095
0.854926
0.835209
0.839907
0.844348
0.849243
0.853755
0.849959
0.859494
0.867387
0.855547
0.860275
0.853348
0.843135
0.84609
0.856989
0.841366
0.845367
0.873016
0.85448
0.865174
0.836553
0.841693
0.848785
0.867201
0.843129
0.864752
0.851082
0.846903
0.843515
0.855003
0.845024
0.864529
0.835028
0.855047
0.866328
0.835272
0.85276
0.878146
0.864836
0.859236
0.852779
0.851068
0.851473
0.855938
0.837956
0.844134
0.86795
0.850329
0.85747
0.858214
0.86272
0.843994
0.860052
0.858977
0.851728
0.851135
0.846168
0.855125
0.845575
0.850032
0.85714
0.867011
0.85162
0.863668
0.834741
0.841254
0.862674
0.866044
0.848148
0.850511
0.835861
0.863012
0.851927
0.84703
0.857964
0.864736
0.845876
0.838064
0.857526
0.842634
0.862232
0.851269
0.855342
0.841067
0.864687
0.850065
0.860507
0.856091
0.851673
0.862783
0.861958
0.838074
0.850791
0.850397
0.856948
0.846182
0.85276
0.847074
0.857743
0.841249
0.847317
0.843211
0.868495
0.860154
0.841962
0.864452
0.849348
0.859117
0.849299
0.856498
0.856995
0.857782
0.855349
0.872808
0.852938
0.839969
0.859552
0.859115
0.867057
0.836166
0.851421
0.84939
0.852759
0.855809
0.853537
0.842079
0.850391
0.851955
0.852887
0.84398
0.848954
0.835666
0.833249
0.851666
0.847386
0.849964
0.844739
0.839311
0.859577
0.841673
0.846431
0.861397
0.864813
0.844779
0.871892
0.855909
0.86043
0.851266
0.841842
0.851511
0.858012
0.851283
0.851052
0.861692
0.858074
0.840263
0.869689
0.844622
0.857672
0.85824
0.859601
0.860124
0.845296
0.85632
0.86053
0.850791
0.842619
0.888663
0.84872
0.860602
0.835418
0.857004
0.849883
0.846146
0.8574
0.854373
0.847432
0.852262
0.849548
0.85041
0.878628
0.862967
0.849514
0.847764
0.841388
0.867374
0.844393
0.847442
0.852795
0.860523
0.865755
0.849077
0.850452
0.850634
0.864267
0.848108
0.854313
0.854486
0.861342
0.849262
0.838391
0.858796
0.839051
0.848142
0.853502
0.841902
0.84757
0.848984
0.848367
0.864753
0.849894
0.871735
0.857731
0.851855
0.860261
0.852606
0.844392
0.85202
0.86798
0.87203
0.862221
0.854253
0.851455
0.876045
0.857405
0.874209
0.854862
0.873933
0.849816
0.851529
0.844898
0.852526
0.852002
0.868247
0.846854
0.844972
0.848319
0.861143
0.8535
0.854868
0.851011
0.843855
0.851914
0.854902
0.835724
0.844179
0.848962
0.857461
0.844385
0.864612
0.858534
0.863615
0.844381
0.850074
0.847945
0.849995
0.845617
0.855088
0.846122
0.847143
0.852705
0.844698
0.848866
0.853513
0.83522
0.868452
0.864467
0.85641
0.860769
0.84843
0.861134
0.846507
0.866697
0.849473
0.841338
0.868772
0.84518
0.848362
0.853597
0.853708
0.852206
0.855814
0.865817
0.856817
0.853211
0.850851
0.829613
0.851563
0.860503
0.861166
0.83433
0.858982
0.860343
0.854806
0.849589
0.860099
0.881573
0.85697
0.847019
0.848834
0.864801
0.858769
0.85395
0.870701
0.862602
0.850007
0.834726
0.842715
0.843956
0.845834
0.859886
0.848176
0.856177
0.857643
0.871782
0.865144
0.840045
0.873172
0.861215
0.851971
0.85328
0.849081
0.844157
0.857697
0.831606
0.840527
0.840564
0.861613
0.862367
0.876411
0.862695
0.850477
0.86235
0.854638
0.848236
0.854404
0.868349
0.862296
0.840859
0.856217
0.849632
0.848189
0.872826
0.858794
0.847712
0.861575
0.848353
0.857309
0.853079
0.851173
0.849211
0.872554
0.832552
0.846938
0.84812
0.859298
0.869594
0.858053
0.877122
0.852851
0.840821
0.871529
0.857955
0.856287
0.841751
0.852891
0.867296
0.85178
0.840164
0.84393
0.841911
0.855034
0.844301
0.859559
0.851068
0.846228
0.847584
0.847889
0.850048
0.844359
0.843425
0.868929
0.846929
0.848115
0.855821
0.850115
0.851981
0.847658
0.85755
0.849363
0.847063
0.861077
0.859734
0.847165
0.855778
0.853522
0.850167
0.860171
0.841072
0.870464
0.852752
0.855593
0.847598
0.837699
0.838769
0.858282
0.856058
0.850424
0.849957
0.858771
0.850089
0.859109
0.861229
0.855986
0.844259
0.850902
0.85498
0.859303
0.843059
0.861197
0.852914
0.847757
0.842263
0.854286
0.850697
0.846389
0.849524
0.853361
0.860096
0.870664
0.846533
0.849946
0.859993
0.870334
0.871621
0.862258
0.84017
0.838952
0.847943
0.857426
0.858274
0.845014
0.857099
0.847052
0.838628
0.862445
0.851782
0.867519
0.856903
0.857664
0.857073
0.847002
0.843977
0.869947
0.854991
0.85634
0.85048
0.845499
0.843667
0.85711
0.865083
0.853886
0.849829
0.845149
0.852188
0.838287
0.850132
0.859957
0.847364
0.870565
0.847346
0.857044
0.84108
0.85278
0.86331
0.856755
0.849209
0.85772
0.855342
0.850323
0.859618
0.854066
0.860131
0.865366
0.841991
0.859414
0.855059
0.861748
0.84614
0.843186
0.85552
0.862521
0.840168
0.857993
0.847835
0.854353
0.849951
0.859317
0.858295
0.872895
0.850732
0.84575
0.844864
0.854846
0.854793
0.85268
0.873998
0.859716
0.852432
0.869326
0.872478
0.850688
0.84042
0.853638
0.867833
0.855177
0.855554
0.854359
0.866895
0.85216
0.848946
0.853321
0.836536
0.848113
0.839869
0.844207
0.851946
0.856236
0.849183
0.861148
0.846194
0.856413
0.839831
0.850543
0.843605
0.845347
0.858837
0.862402
0.85567
0.846778
0.851967
0.877445
0.852247
0.855175
0.850139
0.849271
0.870807
0.855261
0.868186
0.848701
0.851104
0.85355
0.844713
0.859131
0.863831
0.854553
0.867848
0.84491
0.839073
0.852161
0.858887
0.841742
0.84784
0.835465
0.848109
0.862838
0.883151
0.86059
0.86368
0.849054
0.855117
0.845455
0.871521
0.859577
0.858535
0.872913
0.870932
0.853334
0.843525
0.848702
0.852847
0.845248
0.850101
0.853364
0.837257
0.861718
0.85942
0.854289
0.874579
0.851712
0.860051
0.845572
0.84323
0.859051
0.854699
0.850002
0.854516
0.848291
0.849274
0.857107
0.861904
0.842421
0.855829
0.852268
0.861856
0.8588
0.858473
0.84479
0.847561
0.855641
0.849017
0.860485
0.86144
0.854207
0.854304
0.865169
0.853223
0.860417
0.84879
0.849223
0.849734
0.861794
0.853736
0.860556
0.855252
0.850687
0.851032
0.852065
0.842623
0.859464
0.855348
0.850857
0.851734
0.856768
0.873026
0.86322
0.854647
0.85063
0.85584
0.850804
0.851237
0.855788
0.856659
0.847204
0.859554
0.850611
0.840806
0.850051
0.844542
0.840372
0.860136
0.852924
0.83991
0.858885
0.835774
0.860813
0.86528
0.845873
0.849124
0.845766
0.852554
0.849125
0.844219
0.848886
0.844451
0.848661
0.845475
0.843514
0.853311
0.840427
0.843541
0.840248
0.846793
0.844989
0.862048
0.852082
0.855078
0.856512
0.852345
0.861631
0.85367
0.845018
0.853793
0.865866
0.855675
0.863781
0.857966
0.847431
0.85804
0.84212
0.847195
0.850197
0.848546
0.845978
0.85187
0.865003
0.847847
0.856798
0.853974
0.856156
0.857147
0.847119
0.863259
0.839924
0.853922
0.843068
0.861419
0.852751
0.856704
0.856778
0.861001
0.85516
0.849014
0.843682
0.868974
0.858434
0.875766
0.854229
0.851869
0.83465
0.845995
0.85595
0.850672
0.839481
0.858372
0.838342
0.849742
0.844015
0.860496
0.869977
0.853515
0.850238
0.847233
0.836385
0.856958
0.843874
0.856648
0.85116
0.851401
0.85209
0.846547
0.8598
0.8584
0.858568
0.840813
0.873957
0.869968
0.843405
0.853767
0.84086
0.848892
0.8553
0.861052
0.850118
0.852769
0.856066
0.863553
0.857326
0.84737
0.884984
0.861337
0.855501
0.863359
0.845507
0.841384
0.853568
0.854113
0.846513
0.856681
0.84635
0.861935
0.856538
0.850011
0.849019
0.856461
0.852509
0.859096
0.864786
0.856532
0.849954
0.840283
0.861895
0.854254
0.852718
0.856826
0.841465
0.853685
0.855813
0.869653
0.838777
0.862409
0.85322
0.86113
0.880764
0.849572
0.863626
0.846627
0.850084
0.858478
0.869337
0.84663
0.854189
0.857033
0.845768
0.852132
0.874653
0.863138
0.844461
0.850392
0.844297
0.863684
0.868826
0.847278
0.852103
0.843678
0.849863
0.843622
0.859604
0.844257
0.850675
0.858143
0.858979
0.864417
0.846938
0.845997
0.849575
0.860217
0.868685
0.856107
0.868516
0.848816
0.842922
0.846294
0.860971
0.850945
0.848743
0.851166
0.848162
0.861933
0.853104
0.871535
0.845653
0.847695
0.84372
0.85183
0.850004
0.839681
0.851378
0.853692
0.846007
0.847023
0.858726
0.865627
0.8563
0.853366
0.852487
0.847495
0.859369
0.852321
0.849561
0.846636
0.863602
0.843522
0.87022
0.856139
0.849192
0.840706
0.857634
0.854737
0.862894
0.848208
0.853448
0.850629
0.837696
0.851778
0.83676
0.849764
0.852409
0.849569
0.854061
0.85578
0.864472
0.839917
0.845166
0.86152
0.853444
0.854762
0.848538
0.844043
0.858719
0.855751
0.857819
0.874542
0.862226
0.843522
0.859665
0.853024
0.844081
0.855016
0.847391
0.844678
0.85223
0.847613
0.867414
0.842346
0.860066
0.848079
0.870437
0.844352
0.847505
0.843815
0.856307
0.843045
0.863021
0.844663
0.846076
0.860345
0.845776
0.836179
0.847796
0.866852
0.860645
0.851661
0.842898
0.863004
0.845914
0.851376
0.856688
0.855309
0.857415
0.870714
0.846323
0.852077
0.8528
0.851821
0.863807
0.86339
0.856014
0.854831
0.851333
0.861609
0.843293
0.869521
0.85634
0.846278
0.852353
0.84098
0.854314
0.853872
0.867903
0.864286
0.848226
0.851819
0.842023
0.85265
0.847975
0.848303
0.865238
0.857145
0.83947
0.863844
0.855447
0.844389
0.846347
0.841385
0.858822
0.846119
0.855805
0.849899
0.851367
0.861324
0.868322
0.860843
0.851235
0.846024
0.853175
0.854183
0.847751
0.847891
0.865115
0.861412
0.847269
0.848462
0.87001
0.862598
0.8577
0.860619
0.889154
0.854743
0.843162
0.849677
0.857546
0.87378
0.832465
0.851819
0.840429
0.8656
0.853349
0.86081
0.865886
0.845892
0.845836
0.84468
0.85294
0.842673
0.858076
0.862908
0.862436
0.848506
0.850401
0.849352
0.844305
0.845767
0.837772
0.843822
0.84752
0.879008
0.862883
0.854069
0.850679
0.860215
0.849579
0.872459
0.867897
0.860156
0.875807
0.863808
0.84996
0.846745
0.847598
0.861641
0.854899
0.843841
0.846416
0.864429
0.85196
0.862755
0.845538
0.852058
0.850624
0.850853
0.83667
0.860513
0.849516
0.854258
0.857898
0.862374
0.878624
0.839556
0.853043
0.853882
0.845697
0.851269
0.852523
0.878301
0.852804
0.854355
0.842345
0.856737
0.844047
0.858887
0.856667
0.840193
0.849227
0.848635
0.851842
0.86293
0.853048
0.853076
0.848541
0.845556
0.84717
0.865313
0.853026
0.848746
0.855432
0.849377
0.847406
0.847768
0.862876
0.853488
0.843019
0.838613
0.852802
0.864211
0.847218
0.847634
0.853729
0.858894
0.855225
0.86935
0.862778
0.863665
0.844858
0.867244
0.851662
0.859223
0.847927
0.863621
0.853292
0.849516
0.852231
0.869257
0.866165
0.84857
0.846883
0.851083
0.846479
0.844852
0.863408
0.856766
0.851463
0.846721
0.861256
0.838315
0.868328
0.860854
0.883051
0.863998
0.861149
0.851876
0.863817
0.848252
0.856449
0.848062
0.85387
0.847766
0.853995
0.839543
0.841034
0.863257
0.847178
0.840592
0.855896
0.844939
0.85422
0.84815
0.8645
0.844298
0.865479
0.858072
0.852532
0.852385
0.841329
0.841727
0.839468
0.847333
0.870303
0.833343
0.844748
0.838489
0.877607
0.858397
0.857587
0.848403
0.853689
0.862301
0.850905
0.847947
0.865019
0.845502
0.860874
0.849147
0.850099
0.842897
0.858353
0.8436
0.845206
0.859272
0.853741
0.851037
0.841643
0.840335
0.858565
0.857023
0.854735
0.861145
0.843471
0.840592
0.848241
0.839858
0.85801
0.849043
0.837725
0.865707
0.870126
0.847901
0.846602
0.858288
0.871715
0.851952
0.859178
0.860692
0.851948
0.862372
0.853479
0.850371
0.84672
0.857968
0.854896
0.852917
0.872819
0.867349
0.859429
0.852455
0.865769
0.856263
0.849732
0.850492
0.870136
0.867101
0.853856
0.833321
0.848689
0.863779
0.843458
0.846867
0.861689
0.846621
0.851006
0.848353
0.857681
0.865454
0.854553
0.849453
0.852462
0.862935
0.860613
0.854759
0.860594
0.852643
0.838151
0.854729
0.846979
0.860095
0.854715
0.849564
0.851252
0.84478
0.872725
0.857175
0.853463
0.848821
0.85006
0.849787
0.843671
0.841656
0.857043
0.853732
0.861819
0.850511
0.837025
0.850225
0.86014
0.844685
0.848149
0.84891
0.857481
0.862702
0.839675
0.851764
0.874239
0.845855
0.843731
0.858517
0.847133
0.842498
0.853091
0.843759
0.846883
0.844203
0.850801
0.851334
0.841952
0.842797
0.850816
0.838596
0.853115
0.876173
0.84316
0.854128
0.849622
0.846339
0.836388
0.853576
0.845685
0.859778
0.847763
0.860908
0.853611
0.855961
0.861254
0.855232
0.853435
0.868219
0.85426
0.861273
0.870351
0.840987
0.856258
0.866678
0.857547
0.859614
0.849422
0.849133
0.861828
0.843946
0.834786
0.841092
0.841645
0.849931
0.861424
0.836202
0.858975
0.845042
0.851336
0.865764
0.84751
0.861023
0.85891
0.863506
0.839541
0.856975
0.848157
0.853056
0.860307
0.862601
0.84744
0.853332
0.862351
0.848215
0.85312
0.851545
0.8466
0.857728
0.856126
0.851212
0.86151
0.842454
0.859336
0.861134
0.868564
0.844891
0.843231
0.864089
0.873248
0.849947
0.843334
0.84249
0.857137
0.85956
0.86401
0.849234
0.853296
0.86145
0.848786
0.852623
0.846276
0.856768
0.852319
0.856304
0.856936
0.854831
0.859596
0.857899
0.852682
0.84533
0.855953
0.853347
0.882569
0.858334
0.85408
0.860136
0.854752
0.839004
0.854674
0.851245
0.849032
0.842807
0.851438
0.853557
0.853415
0.843472
0.858988
0.860657
0.844065
0.846978
0.857567
0.848205
0.84939
0.854757
0.868589
0.854014
0.851288
0.851461
0.871921
0.861228
0.855462
0.847763
0.850028
0.846163
0.858079
0.845276
0.868698
0.879396
0.856385
0.847509
0.858061
0.854691
0.867553
0.853149
0.872348
0.843387
0.852276
0.843429
0.847796
0.8566
0.846569
0.85629
0.849356
0.852861
0.865862
0.866806
0.842604
0.856709
0.852798
0.855349
0.8396
0.846055
0.841016
0.854514
0.851141
0.85624
0.864639
0.859517
0.857662
0.872343
0.845388
0.871406
0.860759
0.857854
0.847891
0.850733
0.858257
0.851412
0.852665
0.856018
0.856317
0.86392
0.869223
0.842653
0.858326
0.857942
0.848932
0.852149
0.847548
0.847287
0.842752
0.841635
0.857573
0.855564
0.855334
0.847217
0.846285
0.844195
0.847065
0.858207
0.855336
0.850299
0.849977
0.850467
0.858453
0.866283
0.865287
0.857101
0.864079
0.861045
0.848129
0.861511
0.854097
0.86338
0.845966
0.882039
0.853463
0.844626
0.857676
0.852334
0.846342
0.866407
0.850752
0.845652
0.86361
0.869094
0.851694
0.844183
0.852511
0.844017
0.848466
0.861014
0.837249
0.851141
0.855582
0.854507
0.844425
0.867066
0.859742
0.852914
0.847696
0.876949
0.858105
0.856024
0.855113
0.852008
0.85284
0.853594
0.854528
0.852962
0.853369
0.858902
0.847343
0.853606
0.852145
0.851715
0.861805
0.875937
0.854645
0.877244
0.855248
0.855957
0.844853
0.833842
0.846845
0.842241
0.86228
0.844258
0.857805
0.849909
0.850866
0.844419
0.85077
0.849433
0.8469
0.847585
0.860934
0.854115
0.840539
0.851099
0.866047
0.848466
0.842143
0.849592
0.860556
0.851648
0.846424
0.859509
0.859852
0.851232
0.86503
0.839198
0.840193
0.852267
0.843177
0.870807
0.861021
0.847603
0.856189
0.8626
0.855994
0.856907
0.853097
0.851844
0.864962
0.865111
0.849042
0.856085
0.85116
0.842382
0.857543
0.843848
0.872753
0.854592
0.84243
0.850422
0.854896
0.853593
0.853885
0.850858
0.872389
0.851425
0.849662
0.851693
0.849264
0.855998
0.859067
0.849868
0.856189
0.847559
0.845133
0.858888
0.839373
0.842549
0.849876
0.866948
0.846942
0.859094
0.852477
0.862586
0.849284
0.861127
0.850477
0.841803
0.853082
0.855542
0.849861
0.857684
0.844973
0.85751
0.841704
0.859221
0.84972
0.866717
0.867471
0.846866
0.847883
0.862289
0.844037
0.846085
0.855895
0.850016
0.856556
0.843362
0.847832
0.832945
0.852224
0.860712
0.853108
0.853727
0.842142
0.858203
0.859756
0.861984
0.848181
0.843566
0.849223
0.854975
0.856395
0.852145
0.856782
0.854681
0.847871
0.866247
0.855664
0.874041
0.85188
0.851399
0.845322
0.842154
0.859144
0.850334
0.850956
0.852723
0.840805
0.854438
0.852754
0.847069
0.844202
0.850483
0.862449
0.855407
0.850751
0.839356
0.864961
0.85163
0.847549
0.855805
0.876203
0.853465
0.848084
0.868995
0.852204
0.855511
0.856611
0.856595
0.844224
0.843202
0.839771
0.859608
0.85577
0.846373
0.846297
0.869025
0.845814
0.867242
0.850079
0.853086
0.859661
0.849102
0.870833
0.848963
0.84076
0.842893
0.842146
0.860529
0.846847
0.864893
0.840042
0.869138
0.842004
0.849658
0.845684
0.844637
0.855772
0.854238
0.855495
0.846856
0.860116
0.859713
0.843753
0.860252
0.858544
0.838386
0.854465
0.849795
0.856723
0.848322
0.851991
0.844355
0.860082
0.855605
0.846506
0.853135
0.84398
0.85818
0.849744
0.868545
0.84403
0.850515
0.851013
0.848983
0.84603
0.839814
0.857024
0.848
0.836084
0.859013
0.844878
0.833644
0.853398
0.836198
0.871602
0.865621
0.847597
0.848923
0.85334
0.853806
0.850195
0.848861
0.870599
0.851339
0.858187
0.863332
0.856793
0.842386
0.856412
0.857246
0.856429
0.83057
0.853853
0.850539
0.874929
0.84208
0.867398
0.847956
0.858885
0.849611
0.851103
0.862307
0.850358
0.859471
0.84259
0.852967
0.851153
0.841642
0.852076
0.850528
0.85264
0.855417
0.848398
0.861428
0.86758
0.855858
0.842575
0.860185
0.848496
0.838264
0.848596
0.842486
0.866531
0.842957
0.854913
0.856574
0.86005
0.846273
0.836578
0.854256
0.854133
0.850587
0.842474
0.853599
0.852946
0.861744
0.838699
0.842008
0.845693
0.84527
0.852309
0.857241
0.846725
0.84699
0.857276
0.852495
0.853641
0.851225
0.849909
0.83688
0.85872
0.844035
0.853892
0.862463
0.846273
0.856492
0.86668
0.87316
0.856501
0.850216
0.85529
0.848102
0.846497
0.853073
0.837329
0.861
0.849996
0.851152
0.851816
0.851826
0.850068
0.846114
0.851784
0.853303
0.839571
0.842583
0.860551
0.861116
0.852124
0.844911
0.859361
0.851408
0.857507
0.849668
0.863691
0.846748
0.847593
0.85461
0.843715
0.861441
0.845689
0.870937
0.850526
0.856326
0.862238
0.85697
0.838171
0.859606
0.847596
0.85799
0.844545
0.849216
0.861061
0.851846
0.85029
0.856359
0.851099
0.84571
0.847668
0.853401
0.854041
0.852232
0.854568
0.855323
0.860794
0.852588
0.85602
0.849816
0.896981
0.845408
0.842975
0.842423
0.842996
0.853118
0.850665
0.854359
0.844403
0.876881
0.854858
0.864292
0.868483
0.861295
0.849337
0.849889
0.848743
0.852649
0.833327
0.860478
0.86053
0.857395
0.854693
0.845638
0.846639
0.842627
0.855006
0.858695
0.844556
0.847047
0.855425
0.856034
0.852233
0.850516
0.855595
0.844259
0.845817
0.853056
0.850808
0.865267
0.83903
0.866619
0.857411
0.843646
0.83833
0.84248
0.838843
0.839429
0.849628
0.842649
0.859238
0.855607
0.852111
0.844169
0.855887
0.84887
0.863759
0.859722
0.85044
0.870419
0.870129
0.853321
0.838828
0.849799
0.852053
0.852738
0.849169
0.847737
0.855024
0.849381
0.843483
0.853787
0.848699
0.859422
0.856049
0.857488
0.844999
0.848351
0.864488
0.842167
0.849533
0.841193
0.868296
0.852805
0.839634
0.849772
0.846411
0.846265
0.853646
0.834693
0.851985
0.856594
0.855758
0.858362
0.848993
0.848262
0.865995
0.842899
0.845375
0.845573
0.848971
0.844398
0.869712
0.84559
0.848058
0.860277
0.84236
0.855314
0.859487
0.859537
0.853044
0.835631
0.85682
0.850297
0.844321
0.841352
0.849562
0.856106
0.849657
0.860789
0.849449
0.85465
0.851728
0.839639
0.861411
0.849044
0.849309
0.853411
0.844976
0.85337
0.849987
0.868243
0.861132
0.846805
0.858697
0.836374
0.843716
0.861097
0.851504
0.845849
0.85318
0.838908
0.841453
0.852736
0.855154
0.853168
0.862834
0.853025
0.862617
0.866933
0.858138
0.869969
0.843766
0.864563
0.852919
0.849109
0.840434
0.863858
0.860858
0.84028
0.841149
0.860263
0.848358
0.845142
0.872157
0.862333
0.854359
0.844949
0.856261
0.848563
0.857466
0.84915
0.859323
0.852216
0.870793
0.859532
0.868779
0.864606
0.855474
0.848851
0.853854
0.856725
0.865261
0.845078
0.851105
0.868492
0.882841
0.851855
0.856845
0.8519
0.85161
0.855058
0.866392
0.840698
0.852163
0.846
0.843094
0.864952
0.873
0.859056
0.85464
0.860896
0.849451
0.851123
0.863607
0.851741
0.850563
0.833873
0.848087
0.842515
0.855428
0.867596
0.877258
0.858623
0.838285
0.855961
0.852785
0.857607
0.843913
0.84212
0.847343
0.844527
0.855168
0.843162
0.847208
0.851684
0.843407
0.84557
0.854832
0.853851
0.859771
0.845593
0.859832
0.846389
0.85931
0.867632
0.853844
0.845744
0.863038
0.852978
0.848271
0.840705
0.854448
0.863199
0.844534
0.849534
0.843522
0.85423
0.864911
0.847856
0.857293
0.848881
0.851749
0.840592
0.851666
0.855753
0.850688
0.841063
0.852011
0.848075
0.841314
0.846149
0.856128
0.846066
0.848805
0.871206
0.848506
0.84939
0.857198
0.850243
0.859958
0.85638
0.859893
0.846785
0.858212
0.847185
0.846862
0.844425
0.849379
0.87746
0.840313
0.854168
0.860596
0.865806
0.861847
0.841174
0.869824
0.852173
0.852251
0.840549
0.861275
0.844929
0.849903
0.849037
0.837549
0.853624
0.875581
0.855312
0.86999
0.84933
0.848198
0.852117
0.852458
0.849798
0.844722
0.851632
0.870474
0.866243
0.856417
0.847117
0.839291
0.847849
0.86453
0.846794
0.843569
0.838253
0.864562
0.869899
0.864734
0.860547
0.856573
0.840069
0.849591
0.852739
0.876132
0.856476
0.860019
0.854218
0.849451
0.846573
0.853265
0.859276
0.844353
0.837396
0.863509
0.840829
0.86684
0.849996
0.845002
0.861993
0.866849
0.841184
0.840535
0.85211
0.851815
0.854637
0.838249
0.862185
0.845432
0.846132
0.858784
0.874037
0.840667
0.873012
0.866213
0.839334
0.85086
0.864977
0.858186
0.864174
0.850633
0.845644
0.868078
0.849666
0.880859
0.863467
0.858409
0.850846
0.855554
0.85852
0.866554
0.858477
0.853193
0.839704
0.855941
0.86353
0.865971
0.85984
0.847977
0.84212
0.856477
0.84387
0.857827
0.86315
0.852852
0.851475
0.85747
0.846418
0.848772
0.847123
0.844024
0.8597
0.843441
0.852153
0.86243
0.862584
0.848999
0.849112
0.852507
0.870169
0.836755
0.839573
0.876673
0.842565
0.85829
0.844267
0.857147
0.854357
0.850715
0.858743
0.853605
0.853549
0.845575
0.844108
0.84622
0.858295
0.865291
0.856682
0.839001
0.859522
0.859105
0.860792
0.851183
0.841519
0.842288
0.860354
0.847553
0.854074
0.859806
0.85007
0.861142
0.859911
0.850633
0.842443
0.860534
0.847981
0.857556
0.848001
0.848649
0.846723
0.866013
0.856107
0.854575
0.865779
0.857138
0.854441
0.858801
0.857197
0.847607
0.845097
0.838945
0.847764
0.856185
0.854198
0.851589
0.84812
0.845065
0.863366
0.849104
0.876866
0.845419
0.849436
0.853384
0.858697
0.833747
0.852044
0.857688
0.850597
0.857634
0.855491
0.838711
0.849962
0.854311
0.851709
0.855159
0.861825
0.857223
0.846881
0.853152
0.845964
0.841344
0.846914
0.862073
0.84251
0.85377
0.848987
0.859614
0.846582
0.849619
0.841297
0.879974
0.850252
0.851883
0.839759
0.861058
0.854653
0.86617
0.846784
0.850989
0.854376
0.837696
0.847889
0.837368
0.843254
0.858334
0.849209
0.845543
0.848274
0.865838
0.862147
0.841003
0.84918
0.849265
0.848324
0.864963
0.863968
0.866473
0.861646
0.856774
0.83701
0.842401
0.845676
0.858003
0.869253
0.856925
0.844843
0.839863
0.847917
0.84405
0.851094
0.860822
0.854515
0.854941
0.856906
0.857923
0.850409
0.85402
0.834563
0.857631
0.86074
0.848252
0.866747
0.850936
0.851293
0.835879
0.848279
0.847956
0.847227
0.841459
0.847387
0.840459
0.85508
0.843314
0.859828
0.850891
0.865582
0.852034
0.855219
0.846999
0.845483
0.847856
0.844289
0.850264
0.865553
0.8511
0.846832
0.847627
0.865719
0.852545
0.866368
0.85065
0.846109
0.852385
0.857149
0.862608
0.868995
0.859894
0.851085
0.860436
0.848425
0.845912
0.849417
0.843931
0.852753
0.851125
0.855996
0.863379
0.847786
0.860202
0.846153
0.847195
0.855827
0.852106
0.835275
0.854016
0.848293
0.847684
0.859182
0.84308
0.852956
0.837607
0.846117
0.850378
0.849818
0.852668
0.853793
0.848305
0.852105
0.85698
0.865804
0.855521
0.864841
0.853406
0.852602
0.838313
0.860805
0.856784
0.835163
0.853968
0.847738
0.863428
0.880535
0.853211
0.860218
0.850947
0.849232
0.854715
0.848172
0.836273
0.871615
0.865313
0.841917
0.858744
0.845697
0.85874
0.856463
0.841655
0.853025
0.868252
0.838526
0.849079
0.854785
0.856385
0.84978
0.856419
0.853337
0.86198
0.846794
0.852367
0.849827
0.850924
0.847356
0.848649
0.850084
0.841165
0.852276
0.867048
0.849106
0.847775
0.861255
0.854606
0.863694
0.842156
0.850796
0.852061
0.861123
0.8457
0.848549
0.847728
0.8559
0.856644
0.856645
0.844439
0.84467
0.839142
0.853011
0.849987
0.863385
0.873188
0.849482
0.852487
0.859194
0.84256
0.846081
0.86208
0.855313
0.867987
0.857677
0.854532
0.849679
0.867513
0.85579
0.855425
0.862174
0.851131
0.868115
0.866483
0.841654
0.855115
0.847075
0.851897
0.850349
0.86016
0.850223
0.847199
0.849867
0.83933
0.845314
0.849612
0.856111
0.841407
0.853972
0.856196
0.844529
0.854775
0.849013
0.849239
0.854823
0.852962
0.863352
0.848394
0.84701
0.845684
0.851444
0.865906
0.849959
0.856872
0.847568
0.844002
0.861811
0.852844
0.849977
0.873558
0.852581
0.85776
0.867706
0.851007
0.84797
0.860829
0.852811
0.849281
0.859895
0.844042
0.853325
0.844757
0.853031
0.847879
0.863997
0.847289
0.84554
0.842264
0.865228
0.858972
0.876774
0.842199
0.848187
0.844231
0.851806
0.845418
0.865917
0.857214
0.829843
0.852046
0.848166
0.860109
0.862263
0.857154
0.860348
0.847334
0.86929
0.85558
0.84034
0.843695
0.853961
0.876079
0.855867
0.872783
0.852256
0.847168
0.858085
0.851042
0.849861
0.849449
0.869989
0.850956
0.852815
0.853289
0.840787
0.849026
0.848342
0.846492
0.852104
0.849443
0.847898
0.843798
0.845585
0.841004
0.843171
0.864795
0.857167
0.86375
0.853223
0.845375
0.853881
0.841184
0.852466
0.849948
0.837999
0.87022
0.843611
0.845717
0.859582
0.85774
0.847801
0.852568
0.846644
0.849482
0.865885
0.84453
0.841796
0.850294
0.875323
0.839883
0.859173
0.858349
0.848623
0.844971
0.860387
0.862801
0.855496
0.849228
0.860945
0.876573
0.853061
0.866428
0.847097
0.849501
0.853589
0.852156
0.845632
0.849892
0.871914
0.860161
0.85574
0.847571
0.862163
0.847906
0.841578
0.850647
0.850472
0.863973
0.855576
0.848697
0.846546
0.84159
0.848387
0.851269
0.840033
0.844255
0.854392
0.859312
0.858265
0.865605
0.838258
0.842998
0.846766
0.856319
0.840428
0.85502
0.849705
0.853442
0.847694
0.854251
0.862274
0.842323
0.865968
0.861251
0.86424
0.85812
0.840925
0.858996
0.862227
0.844895
0.845391
0.841376
0.843681
0.850628
0.842955
0.846038
0.842182
0.865194
0.860746
0.852951
0.86287
0.850434
0.838171
0.846005
0.871857
0.859013
0.861511
0.859654
0.846339
0.848518
0.852527
0.84938
0.848666
0.851115
0.842802
0.864254
0.845286
0.850619
0.855864
0.853963
0.856319
0.853429
0.836042
0.856285
0.850898
0.856596
0.847531
0.834529
0.869086
0.869566
0.844481
0.839833
0.851591
0.856902
0.859127
0.845844
0.847403
0.855196
0.856706
0.869639
0.851746
0.869521
0.857988
0.876922
0.852728
0.844353
0.86667
0.870108
0.852483
0.859051
0.847041
0.845411
0.856324
0.849465
0.869277
0.847456
0.861338
0.853512
0.851827
0.849528
0.852106
0.848772
0.848407
0.844321
0.851622
0.851986
0.851188
0.845296
0.847658
0.848853
0.842886
0.85769
0.844263
0.86025
0.847452
0.852479
0.859714
0.852723
0.848198
0.868573
0.851962
0.857469
0.850526
0.839999
0.842925
0.849473
0.842198
0.839335
0.858958
0.857061
0.844987
0.85181
0.853801
0.852374
0.845336
0.842816
0.842361
0.84853
0.848549
0.863541
0.846864
0.842376
0.843065
0.84156
0.857043
0.854144
0.850651
0.846658
0.860462
0.849661
0.852818
0.853123
0.859731
0.846326
0.865056
0.853528
0.855604
0.861592
0.845852
0.852444
0.848922
0.837255
0.845635
0.85964
0.844942
0.851655
0.849518
0.849938
0.87055
0.864883
0.85444
0.867663
0.854906
0.855966
0.840575
0.858963
0.838642
0.856068
0.864086
0.873008
0.862555
0.855211
0.864507
0.856421
0.856849
0.86156
0.880877
0.851522
0.845986
0.873785
0.854737
0.847646
0.873885
0.846553
0.86426
0.867927
0.844208
0.85655
0.842847
0.84725
0.856198
0.846358
0.849538
0.858837
0.850256
0.847381
0.851142
0.856292
0.8635
0.868454
0.844471
0.849754
0.841531
0.855682
0.84216
0.867792
0.871833
0.858182
0.843167
0.866276
0.858391
0.843883
0.858601
0.854972
0.852757
0.856266
0.859071
0.862332
0.842883
0.861887
0.852329
0.840308
0.851859
0.843038
0.848833
0.841381
0.869429
0.841543
0.847874
0.849924
0.847911
0.859646
0.846762
0.85153
0.848652
0.850868
0.842763
0.856795
0.850269
0.869058
0.86005
0.84634
0.849751
0.859642
0.875866
0.846848
0.850898
0.854236
0.854657
0.862004
0.863192
0.84742
0.850638
0.86577
0.852016
0.862922
0.849331
0.844776
0.864389
0.853554
0.850254
0.85785
0.859213
0.848351
0.855315
0.859177
0.853861
0.845688
0.846959
0.848882
0.851673
0.853208
0.850763
0.846219
0.863088
0.856029
0.858943
0.836921
0.854205
0.84907
0.857976
0.875621
0.850024
0.855753
0.861396
0.845362
0.855613
0.847467
0.865652
0.859074
0.866681
0.847584
0.856079
0.857095
0.852854
0.844758
0.852249
0.854739
0.854551
0.848536
0.866591
0.854636
0.865618
0.846974
0.843514
0.852346
0.844767
0.850643
0.858545
0.848308
0.85204
0.852427
0.855746
0.845044
0.863089
0.85134
0.836507
0.863722
0.85173
0.85327
0.852029
0.859237
0.866179
0.858486
0.84991
0.854627
0.853615
0.853297
0.847465
0.854369
0.85784
0.84634
0.850349
0.843422
0.850576
0.834859
0.850678
0.853422
0.852372
0.841171
0.869987
0.863301
0.853282
0.846245
0.846944
0.84068
0.850484
0.855244
0.851366
0.849627
0.860158
0.84306
0.84297
0.865801
0.847109
0.855467
0.849133
0.862591
0.859409
0.844775
0.863669
0.855309
0.851526
0.850469
0.851074
0.854983
0.854503
0.852234
0.857109
0.843202
0.845069
0.848159
0.849847
0.8585
0.854794
0.853084
0.855899
0.849402
0.846546
0.846636
0.856004
0.866774
0.871476
0.844473
0.851994
0.851871
0.861028
0.851099
0.83475
0.849591
0.839557
0.859213
0.857708
0.856843
0.84004
0.858653
0.843278
0.847593
0.850019
0.841732
0.850158
0.848873
0.836637
0.856308
0.848038
0.855107
0.837984
0.856518
0.840924
0.855603
0.847517
0.849302
0.856424
0.864652
0.853369
0.859986
0.853042
0.850843
0.86012
0.846956
0.851612
0.84296
0.865806
0.848347
0.840663
0.842673
0.857416
0.869341
0.859657
0.851342
0.849019
0.848761
0.84832
0.850937
0.847629
0.840705
0.852524
0.855779
0.860625
0.864669
0.850357
0.846838
0.849009
0.854859
0.846046
0.846968
0.863379
0.844933
0.863853
0.846809
0.838211
0.855826
0.841207
0.854556
0.871458
0.859207
0.848965
0.850738
0.841449
0.854516
0.853365
0.858082
0.852172
0.854108
0.853463
0.861329
0.868414
0.84266
0.850648
0.854713
0.843315
0.846853
0.842344
0.859199
0.850294
0.857822
0.844217
0.840196
0.840618
0.864772
0.864341
0.873301
0.852395
0.851425
0.833818
0.8487
0.871856
0.84981
0.848851
0.854983
0.861845
0.857734
0.83527
0.859798
0.857007
0.843138
0.851592
0.845531
0.853559
0.866599
0.869676
0.867447
0.855481
0.844614
0.869703
0.852005
0.846237
0.847982
0.848146
0.835843
0.843842
0.857332
0.854177
0.853883
0.845359
0.864601
0.850864
0.852938
0.853011
0.856014
0.846331
0.838166
0.848662
0.857706
0.848953
0.853784
0.84443
0.853973
0.845548
0.860286
0.859207
0.851533
0.850012
0.850441
0.846633
0.860981
0.855557
0.860755
0.853652
0.855582
0.849872
0.860678
0.858892
0.840053
0.85177
0.841905
0.852476
0.84033
0.858418
0.843679
0.865159
0.875486
0.853062
0.850907
0.849972
0.857
0.852869
0.845585
0.840473
0.848024
0.847001
0.84401
0.858191
0.848972
0.851859
0.838046
0.852428
0.854514
0.857919
0.853448
0.849663
0.864923
0.841728
0.872872
0.846796
0.849639
0.847455
0.851261
0.848554
0.85174
0.859378
0.83273
0.854225
0.851093
0.861066
0.849162
0.860005
0.871342
0.856093
0.854964
0.880942
0.849223
0.843699
0.861237
0.871007
0.846089
0.849164
0.837787
0.861262
0.866706
0.846226
0.840859
0.843794
0.856858
0.846395
0.854817
0.840851
0.847497
0.849413
0.847967
0.857096
0.858246
0.84665
0.849125
0.84562
0.841995
0.852661
0.855512
0.867127
0.870478
0.864695
0.854146
0.853058
0.852652
0.850024
0.858945
0.852875
0.848496
0.850687
0.854457
0.847347
0.855532
0.858671
0.857793
0.857075
0.858459
0.856829
0.859786
0.864679
0.855715
0.848639
0.844777
0.837621
0.841658
0.853231
0.868103
0.854084
0.877031
0.838995
0.858319
0.857798
0.840953
0.852883
0.86196
0.8537
0.854621
0.864527
0.850173
0.858219
0.844426
0.84887
0.855767
0.847141
0.852656
0.857014
0.857314
0.844462
0.867143
0.863929
0.848731
0.849916
0.862218
0.843127
0.864714
0.870124
0.86901
0.848753
0.849301
0.84775
0.865463
0.85525
0.851502
0.856314
0.847788
0.843262
0.85806
0.860597
0.855976
0.85667
0.878424
0.860762
0.846072
0.846168
0.84958
0.852236
0.855151
0.848523
0.845857
0.850955
0.850163
0.856199
0.865073
0.836937
0.857511
0.86455
0.848025
0.841639
0.861144
0.878719
0.841402
0.858748
0.853162
0.839675
0.838263
0.858188
0.844511
0.846767
0.848205
0.859593
0.852235
0.856569
0.849266
0.853247
0.865317
0.848609
0.856178
0.864946
0.860945
0.868466
0.841713
0.852313
0.846205
0.848868
0.859542
0.853216
0.860847
0.856728
0.857148
0.854897
0.863133
0.877367
0.850091
0.862256
0.855775
0.857096
0.854144
0.844963
0.842352
0.853281
0.851274
0.850403
0.866596
0.884384
0.851122
0.854062
0.857029
0.845354
0.851322
0.850021
0.844167
0.854265
0.844887
0.866594
0.847524
0.850898
0.831992
0.853658
0.849938
0.846889
0.847533
0.853215
0.856872
0.856344
0.851695
0.84979
0.835748
0.857354
0.857167
0.870905
0.861804
0.863413
0.847923
0.848106
0.844106
0.85872
0.85559
0.845176
0.858886
0.844622
0.850253
0.849358
0.866857
0.858139
0.855288
0.844412
0.84375
0.840873
0.855618
0.852244
0.856639
0.846695
0.849014
0.843528
0.855135
0.85131
0.869581
0.867381
0.866034
0.844909
0.843704
0.843992
0.831342
0.843543
0.857948
0.856393
0.862368
0.85217
0.850679
0.846195
0.856191
0.841167
0.851879
0.839443
0.84466
0.863974
0.85536
0.849109
0.843332
0.843408
0.843719
0.872917
0.845449
0.850813
0.878139
0.866796
0.859352
0.880309
0.860591
0.844928
0.836323
0.866194
0.85376
0.844081
0.851996
0.841362
0.849972
0.860489
0.847773
0.842116
0.863957
0.876592
0.843808
0.853159
0.862723
0.862783
0.841259
0.849423
0.865416
0.866071
0.84379
0.856686
0.862711
0.852892
0.854202
0.85889
0.845111
0.846813
0.852808
0.861707
0.855491
0.856144
0.852549
0.869511
0.854327
0.852313
0.838144
0.857537
0.845354
0.851819
0.846452
0.861878
0.842871
0.86292
0.848386
0.854817
0.828968
0.855595
0.856139
0.860382
0.846005
0.856165
0.841765
0.860288
0.867726
0.847098
0.856861
0.852816
0.844361
0.849656
0.844817
0.856412
0.849345
0.856617
0.851147
0.85228
0.843418
0.845532
0.856446
0.849444
0.848588
0.847298
0.862244
0.853392
0.85811
0.842886
0.854339
0.857407
0.85015
0.861033
0.838684
0.861801
0.842604
0.857428
0.857638
0.857119
0.859008
0.865339
0.870242
0.846882
0.853325
0.873259
0.857607
0.857951
0.844728
0.843416
0.853769
0.845754
0.869234
0.851779
0.843131
0.840975
0.837229
0.875129
0.850258
0.854096
0.854703
0.861095
0.856029
0.849023
0.852886
0.851151
0.843743
0.87893
0.851322
0.849211
0.855303
0.853229
0.85655
0.83749
0.853141
0.856714
0.857571
0.849355
0.851474
0.864623
0.846728
0.861194
0.849653
0.857082
0.847387
0.852682
0.85229
0.84822
0.855023
0.87644
0.840541
0.845658
0.861337
0.871787
0.862104
0.857667
0.874777
0.857886
0.845555
0.863196
0.852485
0.850357
0.864805
0.849471
0.853991
0.862878
0.831355
0.858066
0.842876
0.8526
0.848781
0.860206
0.850957
0.846317
0.848365
0.85941
0.835779
0.853443
0.865419
0.846663
0.852605
0.853588
0.860918
0.862779
0.865982
0.852657
0.864183
0.858491
0.8707
0.839975
0.846293
0.864186
0.857607
0.841027
0.860846
0.861444
0.856208
0.847877
0.847723
0.844311
0.838775
0.850555
0.851597
0.863037
0.858295
0.852208
0.852529
0.838913
0.865039
0.847421
0.857509
0.844602
0.867332
0.845764
0.859281
0.841687
0.869764
0.883933
0.850309
0.85525
0.86231
0.856904
0.866551
0.847587
0.864388
0.851686
0.855091
0.846513
0.865394
0.849065
0.870261
0.850176
0.853266
0.85056
0.856688
0.852429
0.860668
0.863753
0.844888
0.871181
0.843555
0.864819
0.847406
0.848578
0.866913
0.866603
0.845911
0.848993
0.853016
0.849205
0.857189
0.863818
0.852024
0.839614
0.85731
0.880001
0.852884
0.849177
0.848248
0.852747
0.868343
0.866957
0.858743
0.856253
0.851904
0.849695
0.868371
0.859335
0.854567
0.850199
0.842381
0.859956
0.872117
0.854268
0.842618
0.849792
0.875857
0.850022
0.847128
0.848318
0.848357
0.856292
0.860204
0.86338
0.862098
0.846544
0.845804
0.863788
0.870798
0.871754
0.85215
0.852129
0.857641
0.845261
0.860833
0.854279
0.867558
0.846678
0.873087
0.855753
0.867493
0.845778
0.844164
0.857906
0.853923
0.864984
0.844688
0.852549
0.842715
0.85327
0.855811
0.835531
0.84988
0.876663
0.848908
0.850233
0.847992
0.850018
0.851454
0.85453
0.861949
0.860199
0.856377
0.846764
0.855927
0.852991
0.847131
0.866796
0.851044
0.861385
0.865328
0.865457
0.861357
0.868571
0.848951
0.855074
0.861672
0.854681
0.844372
0.866341
0.846191
0.849935
0.847093
0.862816
0.85428
0.851986
0.846008
0.863833
0.855099
0.856137
0.866928
0.859606
0.852965
0.872219
0.85062
0.846741
0.846377
0.840971
0.855936
0.849018
0.870881
0.8497
0.846644
0.871282
0.850595
0.850976
0.847079
0.861781
0.838378
0.862268
0.869739
0.84824
0.851053
0.848072
0.859246
0.861656
0.863959
0.853238
0.844959
0.859766
0.849331
0.847605
0.851667
0.855973
0.870643
0.866942
0.858881
0.846381
0.849011
0.870408
0.852735
0.874563
0.845537
0.852317
0.871524
0.850243
0.85369
0.842958
0.854004
0.851727
0.847386
0.850007
0.846791
0.856581
0.871345
0.848974
0.853732
0.849311
0.866935
0.849847
0.84468
0.844656
0.859132
0.857134
0.841649
0.852781
0.851229
0.855133
0.841329
0.852585
0.84674
0.851479
0.842061
0.845569
0.862034
0.837608
0.846665
0.843971
0.850505
0.847784
0.861903
0.847214
0.84702
0.856766
0.844615
0.853586
0.862043
0.843652
0.857774
0.848665
0.866167
0.863021
0.861473
0.845421
0.848977
0.847871
0.84292
0.837775
0.853579
0.850533
0.858313
0.85925
0.842723
0.86676
0.861839
0.848674
0.837064
0.855901
0.848573
0.85321
0.853004
0.858544
0.85317
0.855297
0.856491
0.848249
0.836588
0.861968
0.851948
0.848415
0.837753
0.845934
0.859734
0.849471
0.851721
0.860779
0.84769
0.856561
0.857666
0.851733
0.849299
0.846583
0.850745
0.846456
0.844819
0.875045
0.849059
0.855467
0.854569
0.847299
0.853713
0.870972
0.843369
0.850133
0.845893
0.873755
0.84531
0.849158
0.846687
0.840226
0.857761
0.858369
0.853593
0.870703
0.845154
0.850446
0.854606
0.857592
0.848044
0.868083
0.863324
0.851587
0.855181
0.858012
0.833541
0.842527
0.844326
0.858238
0.851934
0.859642
0.859893
0.857672
0.861989
0.855505
0.849856
0.85225
0.861052
0.861777
0.850983
0.858037
0.860827
0.846235
0.843961
0.857287
0.855963
0.858114
0.854968
0.858431
0.864132
0.850128
0.851158
0.840017
0.853401
0.843285
0.845579
0.853566
0.852992
0.84955
0.851773
0.838536
0.852466
0.844411
0.861263
0.844823
0.843034
0.842335
0.858377
0.854811
0.853996
0.857363
0.840566
0.855405
0.84493
0.861601
0.863071
0.853743
0.860311
0.858767
0.842724
0.841702
0.845478
0.849377
0.865101
0.848203
0.85143
0.856061
0.857377
0.862596
0.854407
0.859642
0.86437
0.836666
0.84828
0.86854
0.853674
0.860007
0.850118
0.853771
0.844507
0.848237
0.860869
0.859752
0.854389
0.864154
0.841577
0.864007
0.855675
0.858526
0.852914
0.853158
0.83761
0.83981
0.846551
0.850301
0.845129
0.86571
0.843093
0.85858
0.84935
0.847734
0.841985
0.851146
0.853778
0.845429
0.859301
0.850768
0.842802
0.852048
0.848483
0.854673
0.855951
0.858759
0.845856
0.854469
0.855188
0.860562
0.844485
0.853717
0.836797
0.844342
0.846262
0.855043
0.868634
0.850127
0.859897
0.86276
0.853271
0.849553
0.846781
0.844288
0.838934
0.859652
0.851509
0.850439
0.856684
0.856735
0.852792
0.846883
0.855237
0.867149
0.858448
0.844469
0.853005
0.840499
0.844141
0.851159
0.860918
0.849659
0.849254
0.855422
0.83757
0.844917
0.85034
0.849731
0.853625
0.842703
0.858075
0.870053
0.860041
0.868611
0.871092
0.855671
0.847479
0.851685
0.853827
0.845383
0.851536
0.837594
0.866477
0.841778
0.849127
0.846103
0.857824
0.857256
0.849667
0.847516
0.844958
0.844801
0.83596
0.874391
0.841433
0.861177
0.86235
0.857211
0.839919
0.840665
0.841836
0.850657
0.86476
0.859501
0.84179
0.861898
0.841613
0.839357
0.855719
0.850921
0.847079
0.845481
0.851431
0.842856
0.847363
0.851891
0.845398
0.844796
0.851805
0.835634
0.858689
0.839795
0.845737
0.859746
0.85974
0.880682
0.84793
0.852518
0.853861
0.854255
0.852116
0.868615
0.867555
0.859781
0.861962
0.852653
0.851615
0.847738
0.859033
0.849503
0.848805
0.852384
0.856797
0.85422
0.864209
0.842712
0.845671
0.855798
0.854689
0.838835
0.842938
0.851594
0.841662
0.863866
0.839939
0.842493
0.87188
0.857857
0.867625
0.85656
0.861867
0.843826
0.843311
0.846662
0.841566
0.848312
0.848597
0.844493
0.857439
0.855984
0.865632
0.870305
0.854854
0.854621
0.848469
0.839337
0.864075
0.845696
0.854768
0.857442
0.852549
0.849565
0.867721
0.84652
0.833406
0.858928
0.853895
0.853003
0.847306
0.843138
0.849164
0.86037
0.86032
0.864342
0.839201
0.86945
0.852692
0.852272
0.846112
0.864584
0.849103
0.843237
0.84354
0.855147
0.845343
0.842745
0.844562
0.866725
0.868491
0.857823
0.84591
0.868251
0.854095
0.864639
0.852361
0.845046
0.850563
0.850629
0.874736
0.859597
0.86502
0.835842
0.858167
0.867214
0.843751
0.848517
0.863487
0.868321
0.848892
0.845905
0.848161
0.848016
0.848222
0.847431
0.863157
0.836513
0.854584
0.851125
0.848699
0.859875
0.86634
0.851189
0.862002
0.849002
0.859569
0.853574
0.849419
0.855797
0.845479
0.856834
0.873067
0.854033
0.848752
0.846505
0.853248
0.848933
0.85167
0.840623
0.849277
0.852351
0.858266
0.851715
0.862014
0.855974
0.845058
0.846586
0.859818
0.862217
0.853524
0.85762
0.86464
0.842034
0.844552
0.853746
0.841993
0.85227
0.85771
0.865614
0.859939
0.862388
0.858321
0.858845
0.843003
0.839084
0.860732
0.85867
0.85713
0.858502
0.8588
0.840043
0.850372
0.848508
0.849489
0.836298
0.843805
0.857019
0.853281
0.853743
0.849674
0.852537
0.862109
0.862544
0.85207
0.871996
0.850093
0.84679
0.857241
0.856315
0.856928
0.8422
0.842456
0.85725
0.842908
0.849879
0.854093
0.843479
0.845143
0.859067
0.855511
0.841328
0.846837
0.847936
0.870639
0.854618
0.842411
0.851522
0.854421
0.869351
0.858875
0.848422
0.85758
0.843641
0.856619
0.85857
0.880719
0.853633
0.848222
0.872383
0.838702
0.8535
0.849588
0.862114
0.857854
0.864549
0.84814
0.847255
0.856929
0.839127
0.85709
0.863325
0.864917
0.876513
0.848219
0.843913
0.842986
0.871866
0.842285
0.84465
0.851343
0.869247
0.842057
0.845531
0.85118
0.844195
0.847823
0.855429
0.85301
0.864075
0.857835
0.8495
0.866059
0.855131
0.867106
0.854264
0.851641
0.84448
0.842417
0.838732
0.87175
0.862016
0.853296
0.842008
0.853182
0.85736
0.836391
0.85262
0.857825
0.838675
0.850216
0.844666
0.854247
0.841396
0.857621
0.837993
0.846918
0.840172
0.850553
0.849139
0.850731
0.841398
0.848869
0.84055
0.861808
0.853103
0.844522
0.841084
0.855635
0.844991
0.861736
0.843747
0.863939
0.858177
0.841806
0.860139
0.858034
0.839634
0.855294
0.864103
0.856329
0.855933
0.858321
0.857817
0.845338
0.850265
0.853485
0.856636
0.843557
0.851222
0.85349
0.843588
0.866459
0.869548
0.848975
0.848988
0.845755
0.859877
0.847739
0.858964
0.847352
0.842393
0.849214
0.840834
0.857206
0.833245
0.861762
0.849992
0.854317
0.855477
0.840661
0.849649
0.8522
0.858949
0.850334
0.85162
0.855105
0.859093
0.860156
0.850012
0.859183
0.855795
0.859834
0.84295
0.872105
0.851442
0.859739
0.85146
0.841058
0.854688
0.872829
0.867279
0.864785
0.860096
0.854738
0.845971
0.856566
0.853938
0.845553
0.851729
0.848778
0.862547
0.846571
0.836522
0.845139
0.847636
0.850842
0.84138
0.850486
0.85807
0.869404
0.859637
0.846465
0.8581
0.85038
0.86203
0.85405
0.855407
0.849482
0.8519
0.850794
0.837747
0.851339
0.856386
0.870804
0.854682
0.866086
0.844151
0.839961
0.843129
0.856517
0.86186
0.84526
0.849512
0.849644
0.850031
0.851287
0.856144
0.869394
0.856189
0.850417
0.873541
0.858598
0.853254
0.854174
0.847557
0.87624
0.85991
0.855602
0.842998
0.842141
0.855503
0.84943
0.855735
0.859474
0.856514
0.83913
0.843518
0.863851
0.861898
0.852754
0.836248
0.855244
0.843514
0.851071
0.845633
0.85743
0.849994
0.851953
0.855938
0.850967
0.850053
0.849821
0.834169
0.851297
0.853441
0.849851
0.857273
0.840745
0.854289
0.848521
0.837014
0.859509
0.859888
0.854522
0.863533
0.837231
0.848364
0.84488
0.864889
0.843132
0.84739
0.85825
0.854106
0.852208
0.85116
0.830425
0.846763
0.845715
0.849847
0.855061
0.846722
0.842683
0.862291
0.861548
0.859325
0.849675
0.8571
0.850912
0.841554
0.861631
0.850162
0.865762
0.86729
0.849651
0.846239
0.863615
0.861645
0.842291
0.866244
0.849994
0.853005
0.85636
0.841068
0.84814
0.857759
0.847485
0.846674
0.852879
0.843223
0.84444
0.855628
0.854821
0.867852
0.840875
0.863596
0.844846
0.843385
0.848922
0.844233
0.857329
0.850369
0.865704
0.85359
0.847201
0.876963
0.847376
0.845614
0.84322
0.858658
0.849667
0.854925
0.853554
0.85526
0.849248
0.864146
0.849386
0.846721
0.862695
0.85157
0.851213
0.857554
0.850189
0.863261
0.854227
0.841561
0.847802
0.858289
0.861769
0.85999
0.857842
0.851602
0.854567
0.867764
0.862181
0.845521
0.855299
0.846419
0.850689
0.858941
0.845023
0.856548
0.855918
0.857355
0.84789
0.84751
0.846919
0.839565
0.845658
0.853283
0.858686
0.853671
0.861251
0.851268
0.861852
0.849393
0.848219
0.855024
0.836661
0.861206
0.858407
0.858983
0.846493
0.849101
0.840815
0.851189
0.848006
0.848374
0.844416
0.852225
0.851375
0.841657
0.856069
0.848471
0.857289
0.844637
0.845438
0.858753
0.846407
0.850461
0.847593
0.849761
0.851922
0.849644
0.842395
0.872439
0.849094
0.846453
0.858429
0.885288
0.85749
0.85271
0.860934
0.848113
0.841748
0.846399
0.869113
0.867267
0.858706
0.847919
0.846591
0.844541
0.857367
0.846583
0.852114
0.875518
0.867141
0.853179
0.849306
0.849483
0.838953
0.856508
0.841826
0.842086
0.857354
0.849773
0.846597
0.873918
0.856375
0.843053
0.840746
0.847538
0.862341
0.845043
0.857452
0.872806
0.834261
0.852267
0.860011
0.86228
0.844621
0.877661
0.849916
0.846302
0.851422
0.845757
0.85096
0.858639
0.843409
0.845757
0.844408
0.837667
0.847728
0.849066
0.852141
0.842986
0.843415
0.854707
0.844518
0.856309
0.835223
0.841922
0.850029
0.852986
0.873032
0.857288
0.848201
0.866284
0.849207
0.841254
0.845111
0.856971
0.857034
0.864166
0.857773
0.840669
0.857755
0.868088
0.845427
0.84956
0.846005
0.850518
0.861426
0.863183
0.852906
0.854755
0.865079
0.851724
0.866553
0.8442
0.862024
0.855492
0.852658
0.858897
0.838485
0.858805
0.836901
0.855727
0.845327
0.850973
0.871926
0.84991
0.837961
0.856512
0.848353
0.853903
0.851232
0.84758
0.85845
0.861827
0.851508
0.854072
0.852833
0.849118
0.851143
0.856286
0.858211
0.863967
0.855137
0.847083
0.842212
0.856277
0.872147
0.842067
0.864363
0.843068
0.850273
0.849411
0.844647
0.842918
0.855447
0.842394
0.8541
0.843572
0.850793
0.849289
0.865259
0.867948
0.841884
0.868201
0.862543
0.844832
0.851903
0.864358
0.845946
0.851316
0.852735
0.867302
0.850548
0.855968
0.864863
0.843148
0.851373
0.85388
0.851715
0.838905
0.853877
0.847168
0.843386
0.858485
0.855711
0.859017
0.85635
0.855348
0.841038
0.851399
0.858555
0.860372
0.844483
0.855896
0.856462
0.848108
0.860344
0.849299
0.858357
0.851309
0.856787
0.854982
0.8578
0.847274
0.841307
0.860326
0.865059
0.855579
0.857096
0.860103
0.859799
0.861769
0.84528
0.838781
0.858196
0.853554
0.847476
0.866118
0.846179
0.857229
0.851258
0.851148
0.83409
0.867498
0.850053
0.852485
0.852965
0.853839
0.83943
0.835091
0.852315
0.866595
0.834913
0.846669
0.838006
0.872293
0.841143
0.862815
0.849934
0.849203
0.854361
0.859405
0.859801
0.841234
0.846637
0.858211
0.854645
0.847473
0.844537
0.849727
0.843422
0.850578
0.86451
0.85021
0.862373
0.858808
0.845824
0.838896
0.845717
0.844547
0.856316
0.863854
0.857377
0.86028
0.844753
0.852237
0.859086
0.859632
0.843039
0.8454
0.846469
0.853522
0.84434
0.849961
0.863965
0.850058
0.846976
0.858902
0.844671
0.847115
0.841195
0.870449
0.866046
0.862603
0.846299
0.838351
0.86498
0.850403
0.869203
0.859485
0.876549
0.867128
0.855863
0.851565
0.862518
0.855042
0.863282
0.86611
0.859462
0.839154
0.865157
0.849804
0.845831
0.86712
0.872775
0.847105
0.858373
0.879248
0.86407
0.863561
0.862497
0.85798
0.844028
0.856696
0.848573
0.860053
0.846732
0.834953
0.857108
0.858099
0.857548
0.855471
0.862346
0.857365
0.857181
0.853708
0.855073
0.843135
0.854294
0.852643
0.858042
0.863507
0.845362
0.863166
0.841227
0.860591
0.859989
0.85338
0.85768
0.875432
0.853722
0.853884
0.85526
0.846794
0.842803
0.851641
0.842676
0.842004
0.842159
0.855913
0.854243
0.849027
0.858643
0.849357
0.836173
0.858317
0.862618
0.840777
0.875448
0.863517
0.851954
0.854788
0.855346
0.839613
0.840254
0.839654
0.84286
0.857423
0.840976
0.846788
0.842681
0.842483
0.846083
0.854845
0.846983
0.882554
0.850736
0.854595
0.853836
0.842365
0.84606
0.844433
0.841587
0.849879
0.846354
0.840798
0.865914
0.850559
0.85948
0.874783
0.852298
0.868898
0.846824
0.855256
0.847865
0.863931
0.850136
0.852553
0.859814
0.853442
0.854983
0.851012
0.854406
0.851139
0.86137
0.843027
0.862683
0.862381
0.853034
0.843546
0.865119
0.845788
0.845131
0.854049
0.854587
0.851471
0.854861
0.841821
0.836897
0.836963
0.879941
0.844872
0.857152
0.845946
0.85035
0.84062
0.838038
0.849562
0.860805
0.860864
0.857543
0.84923
0.857637
0.8475
0.841471
0.868331
0.84053
0.849486
0.868341
0.874664
0.854037
0.853196
0.845611
0.858835
0.864365
0.836399
0.848738
0.841702
0.851994
0.860746
0.841734
0.840352
0.834731
0.852267
0.868206
0.85441
0.852922
0.854656
0.86389
0.840496
0.846465
0.862847
0.855002
0.848121
0.850644
0.856516
0.846999
0.856076
0.845165
0.868274
0.841557
0.860429
0.851045
0.8549
0.864458
0.862317
0.849985
0.856026
0.852599
0.847961
0.853454
0.847884
0.857326
0.860036
0.856104
0.845878
0.859174
0.852132
0.856412
0.853931
0.848713
0.848981
0.856223
0.852587
0.859552
0.864705
0.85876
0.848229
0.859614
0.837879
0.848329
0.867508
0.849825
0.848838
0.852989
0.856953
0.865992
0.845399
0.848516
0.848659
0.85037
0.839646
0.849362
0.863092
0.855714
0.856396
0.848158
0.847153
0.845714
0.850104
0.847338
0.857488
0.843011
0.849172
0.861599
0.856246
0.858405
0.862068
0.869451
0.861029
0.837136
0.845121
0.850601
0.84397
0.842245
0.847396
0.856564
0.843534
0.859908
0.8495
0.848713
0.845731
0.853422
0.843782
0.849429
0.845348
0.839728
0.851577
0.851263
0.84521
0.84722
0.84229
0.865951
0.85355
0.852374
0.841273
0.855736
0.861833
0.855297
0.843595
0.853592
0.851534
0.8488
0.868138
0.842204
0.84135
0.846821
0.859553
0.844685
0.847297
0.853519
0.851877
0.847233
0.847606
0.859968
0.853891
0.843237
0.848825
0.859008
0.849668
0.844013
0.851919
0.85235
0.846803
0.871085
0.859227
0.85695
0.847976
0.858574
0.84346
0.853949
0.865606
0.855499
0.83807
0.853401
0.843813
0.849045
0.846289
0.843931
0.85451
0.845444
0.845321
0.844551
0.851033
0.847989
0.859909
0.873493
0.854156
0.856877
0.850679
0.851478
0.850979
0.846116
0.843036
0.8432
0.854129
0.861968
0.844275
0.847093
0.837094
0.86806
0.859031
0.848298
0.871723
0.847266
0.853029
0.843979
0.861792
0.841558
0.884488
0.834293
0.845175
0.870197
0.852738
0.85007
0.854263
0.855217
0.849464
0.853502
0.848819
0.862115
0.847412
0.846389
0.843778
0.850305
0.850761
0.8716
0.859904
0.844292
0.847817
0.841763
0.846726
0.85228
0.840538
0.83535
0.853705
0.849417
0.840124
0.847057
0.846979
0.862896
0.853492
0.858261
0.856396
0.848938
0.856102
0.866715
0.859591
0.858755
0.858914
0.850525
0.860275
0.858391
0.851545
0.858884
0.853796
0.843938
0.843705
0.843772
0.853925
0.837963
0.853153
0.834933
0.858842
0.842813
0.875658
0.846333
0.847038
0.847616
0.856578
0.850689
0.852911
0.856804
0.852269
0.867797
0.858152
0.878152
0.853133
0.851739
0.867084
0.860832
0.864658
0.844214
0.838379
0.84348
0.856955
0.850321
0.862181
0.850276
0.853654
0.850426
0.8449
0.859753
0.854335
0.836528
0.84516
0.851683
0.84674
0.854805
0.858937
0.847733
0.834163
0.845702
0.85103
0.847929
0.861199
0.85722
0.851928
0.853763
0.847083
0.853087
0.841744
0.841397
0.862531
0.861691
0.849114
0.845555
0.856509
0.861991
0.846496
0.848664
0.852788
0.847527
0.867074
0.890394
0.84552
0.848638
0.860498
0.84208
0.854203
0.84502
0.854657
0.866633
0.853968
0.853276
0.84876
0.855007
0.854869
0.869866
0.858646
0.852264
0.85217
0.862147
0.8463
0.846664
0.867576
0.838666
0.85937
0.868406
0.845569
0.846046
0.853188
0.848933
0.851175
0.839681
0.868453
0.870196
0.844805
0.843864
0.847568
0.861874
0.852576
0.859268
0.871017
0.85775
0.855495
0.864889
0.864836
0.856274
0.849193
0.854176
0.839729
0.861012
0.846993
0.86161
0.857216
0.851372
0.865128
0.839924
0.859923
0.853587
0.865501
0.867718
0.846053
0.870064
0.860626
0.845123
0.854904
0.848997
0.852556
0.841107
0.875913
0.843697
0.856526
0.861056
0.89026
0.841742
0.844901
0.859251
0.840623
0.845385
0.8597
0.842752
0.863881
0.843115
0.859497
0.850744
0.845029
0.840812
0.846676
0.851588
0.84253
0.854335
0.850937
0.853377
0.849986
0.850594
0.842588
0.862695
0.857946
0.847915
0.85454
0.849363
0.847804
0.860892
0.850135
0.854488
0.850536
0.856502
0.849523
0.843681
0.863603
0.857261
0.863569
0.858898
0.843052
0.865079
0.840886
0.849429
0.842817
0.847763
0.842631
0.836694
0.861012
0.850562
0.853269
0.847947
0.831241
0.855496
0.849512
0.834319
0.850966
0.845985
0.849426
0.85198
0.846502
0.855744
0.847186
0.843052
0.849362
0.864325
0.860963
0.843089
0.849848
0.861497
0.859929
0.866274
0.85627
0.861307
0.846001
0.870942
0.847477
0.841039
0.852752
0.838899
0.851675
