50
73.01 0.212676 0.96943 0.0041649
73.01 0.212694 0.968937 0.0039649
75.49 0.221949 0.963833 0.0034457
75.49 0.221938 0.966912 0.0034469
75.49 0.221949 0.965711 0.0031736
75.49 0.221941 0.961361 0.0031553
77.98 0.231289 0.96479 0.0031289
77.98 0.231277 0.962652 0.0031159
80.49 0.240258 0.963333 0.0031251
80.49 0.24026 0.968861 0.0031639
83.02 0.24931 0.964027 0.0023768
85.51 0.257838 0.969772 0.0024045
88.01 0.26632 0.970685 0.0031662
88.01 0.266331 0.967573 0.0086067
88.01 0.266324 0.965465 0.0031479
90.5 0.274445 0.973989 0.0031853
90.5 0.274434 0.976985 0.0031748
93 0.282468 0.974627 0.0032631
95.49 0.290101 0.97787 0.0032896
95.49 0.290115 0.979051 0.0033034
98.01 0.297722 0.977428 0.0033839
98.01 0.297708 0.979192 0.0033815
100.5 0.304881 0.982938 0.0034376
100.5 0.304878 0.986898 0.0034677
103 0.311934 0.982068 0.0032365
103 0.311928 0.988357 0.0032431
105.54 0.31873 0.992613 0.0036226
105.54 0.318734 0.991175 0.0036456
108.04 0.325279 0.989253 0.0042036
108.04 0.325293 0.990569 0.0036216
110.53 0.331453 0.992214 0.0036298
110.53 0.331457 0.990897 0.0037057
113.06 0.337572 0.992749 0.0037854
113.06 0.337586 0.991946 0.0037777
115.56 0.343296 0.99866 0.0038219
115.56 0.343294 1.00189 0.0038689
117.94 0.348571 0.999588 0.0035794
117.94 0.34857 1.00121 0.0035829
120.49 0.353927 1.00126 0.0036692
120.49 0.353925 1.00789 0.0036719
123.08 0.359153 1.0018 0.0036681
123.08 0.359149 1.00568 0.003666
125.41 0.363583 1.00878 0.0037186
125.41 0.363581 1.00939 0.0037362
128.02 0.368375 1.00362 0.0037607
128.02 0.368376 1.00496 0.0037752
130.55 0.372734 1.01405 0.0044537
130.55 0.372723 1.00513 0.0044035
132.95 0.376647 1.00588 0.0044711
132.95 0.376656 1.00549 0.004459
