21
31.49 0.091963 0.96435 0.0022793
35 0.110965 0.964839 0.0019607
35.5 0.113745 0.96701 0.001351
36.5 0.119393 0.964767 0.0012239
37.5 0.125073 0.968583 0.0012174
38.5 0.13081 0.966835 0.0012304
39.51 0.136662 0.965784 0.0012459
40.5 0.142457 0.96809 0.0012317
41.5 0.148354 0.966365 0.0053737
41.5 0.148354 0.963511 0.0012516
42 0.151321 0.964939 0.0015644
42.5 0.154298 0.965628 0.0016049
43 0.15728 0.965918 0.00153
43.5 0.160274 0.965641 0.0015316
44.01 0.163333 0.966754 0.0015477
44.51 0.166346 0.965029 0.0015629
45 0.169304 0.961187 0.0015719
45.5 0.172331 0.966569 0.0016011
46.01 0.175415 0.966165 0.0016588
46.51 0.178456 0.965702 0.0016254
47.01 0.181497 0.960976 0.0016299
