36
35.51 0.0670937 0.97329 0.0066761
35.51 0.0670757 0.972249 0.0066672
35.51 0.0670907 0.968768 0.0063811
35.51 0.0670867 0.977089 0.0064544
40.5 0.0849647 0.974883 0.0053557
40.5 0.0849496 0.982222 0.0054423
40.5 0.0849727 0.981654 0.0054207
40.5 0.0849607 0.981654 0.0054349
40.5 0.0849607 0.976575 0.0038761
40.5 0.0849697 0.98172 0.0038684
45.51 0.104069 0.968808 0.0050852
45.51 0.104067 0.974105 0.005091
45.51 0.10405 0.973584 0.004031
45.51 0.104069 0.970335 0.0048377
45.51 0.104068 0.974828 0.0047666
50.51 0.123724 0.972301 0.003293
50.51 0.123727 0.964054 0.0041076
50.51 0.123735 0.970365 0.0041461
55.5 0.143728 0.969427 0.0034351
55.5 0.143758 0.966585 0.0030787
55.5 0.14375 0.965199 0.0039119
55.5 0.143734 0.967425 0.0039142
60.5 0.163879 0.963757 0.0036287
60.5 0.163862 0.9646 0.0036441
65.49 0.183788 0.964725 0.0038506
65.49 0.183787 0.962925 0.0038471
70.5 0.203378 0.966194 0.0034483
70.5 0.203409 0.962271 0.0034403
75.5 0.222432 0.966819 0.0043331
75.5 0.222438 0.967131 0.0035254
80.5 0.240797 0.966371 0.003922
80.5 0.240781 0.971081 0.0039335
85.51 0.258385 0.971715 0.0034514
85.51 0.258403 0.973365 0.0040286
90.5 0.275058 0.975987 0.0037761
90.5 0.275067 0.976483 0.0035984
