52
32 0.0572935 0.978277 0.0036797
32 0.0572755 0.979991 0.0035362
32 0.0572735 0.98201 0.0026575
36.5 0.0726336 0.966 0.0034126
36.5 0.0726336 0.968301 0.0034165
37 0.0744019 0.967768 0.003333
37 0.0744019 0.966582 0.0033245
37.5 0.0761822 0.972846 0.002934
37.5 0.0761842 0.972867 0.0029302
37.99 0.0779394 0.969368 0.0027493
37.99 0.0779384 0.972586 0.0027747
38.5 0.079778 0.970737 0.0020316
39 0.0815967 0.97063 0.0019923
39.49 0.0833884 0.973696 0.0025192
39.49 0.0833884 0.966936 0.0067888
39.49 0.0833863 0.969881 0.00251
40 0.0852572 0.970784 0.0025203
40 0.0852582 0.973108 0.0025072
40.5 0.0871042 0.974217 0.0025108
40.5 0.0871042 0.973779 0.0025165
41.01 0.0890011 0.972322 0.0025283
41.01 0.0890011 0.971862 0.0025374
41.49 0.0907951 0.972698 0.0025402
41.49 0.0907961 0.970076 0.002528
42 0.0927074 0.97353 0.0025453
42 0.0927084 0.972422 0.0025573
42.5 0.0945927 0.972767 0.0023541
42.5 0.0945917 0.973935 0.0023465
43 0.0964861 0.973042 0.0025828
43 0.0964861 0.971065 0.0025946
43.5 0.0983876 0.970619 0.0026054
43.5 0.0983896 0.969866 0.0025931
44 0.100296 0.970061 0.0025522
44 0.100298 0.973229 0.0026166
44.51 0.102252 0.970213 0.0026237
44.51 0.102252 0.972245 0.0026282
45 0.104142 0.972329 0.0026248
45 0.104143 0.975029 0.0026549
45.5 0.106075 0.972154 0.0024012
45.5 0.106071 0.975009 0.0024085
46.01 0.108048 0.973062 0.0024389
46.01 0.108047 0.973501 0.0024338
46.5 0.109955 0.973292 0.0024058
46.5 0.109955 0.971206 0.002395
47 0.111905 0.97189 0.0024117
47 0.111906 0.970483 0.0024188
47.51 0.113897 0.968697 0.0024996
47.51 0.113896 0.969181 0.0025066
48 0.115821 0.971101 0.002918
48 0.115822 0.967894 0.0029005
48.5 0.11779 0.967579 0.0029294
48.5 0.117791 0.966245 0.002917
