27
25.51 0.0590171 0.985047 0.0079458
25.51 0.0590191 0.977519 0.0072736
25.51 0.0590401 0.978328 0.0072678
25.51 0.0590171 0.974887 0.0064006
25.51 0.0590441 0.966122 0.0063869
25.51 0.0590491 0.972021 0.0058949
25.51 0.0590191 0.97441 0.0064187
25.51 0.0590451 0.977644 0.0072378
25.51 0.0590231 0.976914 0.0072699
25.51 0.0590461 0.962417 0.0069065
25.51 0.0590171 0.969737 0.0071168
25.51 0.0590231 0.972061 0.0071706
28.01 0.070782 0.969318 0.0051919
28.01 0.070782 0.971096 0.0052217
28.01 0.070782 0.972973 0.0052192
28.01 0.070784 0.974899 0.0052464
28.01 0.07078 0.967645 0.0052041
28.01 0.070781 0.969774 0.0052113
28.01 0.070779 0.970493 0.0052139
28.01 0.070785 0.964739 0.0051885
28.01 0.070778 0.959931 0.0051386
28.01 0.070782 0.96817 0.0052229
30.5 0.0831903 0.972482 0.0040462
30.5 0.0831963 0.968319 0.0040231
30.5 0.0832043 0.97294 0.0033104
33.01 0.0964908 0.972285 0.0030159
33.01 0.0964908 0.972079 0.0024722
