46
38 0.183764 0.965162 0.0035774
38 0.183756 0.959041 0.0033585
38 0.183763 0.957633 0.0034098
40.5 0.204735 0.954983 0.0029906
40.5 0.204728 0.954788 0.0026787
40.5 0.204715 0.959635 0.0029953
43 0.226078 0.965126 0.006672
43 0.226081 0.960084 0.0027285
43 0.226081 0.958807 0.0059321
43 0.226083 0.962977 0.0035881
43 0.226078 0.959689 0.0027314
45.51 0.247415 0.964041 0.0027727
48 0.26899 0.968523 0.0026264
50.5 0.290531 0.971817 0.0026756
53.01 0.312567 0.973632 0.0027321
55.5 0.333763 0.977547 0.0027896
58 0.354946 0.977114 0.0029111
60.5 0.375655 0.975773 0.0029733
63 0.396227 0.988186 0.0027237
65.51 0.416315 0.990039 0.0056502
65.51 0.416321 0.989534 0.0027962
68.01 0.436074 0.999924 0.0028725
70.49 0.455063 0.999514 0.0030113
73.01 0.474039 1.00602 0.0031674
75.5 0.492018 1.01397 0.0070973
75.5 0.492035 1.00848 0.0038371
78 0.509763 1.01331 0.0028607
80.5 0.52675 1.01569 0.0030278
83 0.54337 1.0229 0.0031984
88.01 0.574825 1.03267 0.0039264
85.51 0.559352 1.02429 0.0038229
90.5 0.58959 1.03139 0.0034382
93.01 0.604024 1.04221 0.0035988
95.5 0.617661 1.03793 0.0037608
97.99 0.630856 1.04984 0.0047973
97.99 0.630864 1.05063 0.0047791
100.5 0.643557 1.04621 0.0056253
100.5 0.643556 1.04689 0.0049298
103 0.655764 1.0579 0.0051674
103 0.655763 1.06026 0.0052118
105.51 0.667385 1.05871 0.0065588
105.51 0.667385 1.0547 0.0047244
105.51 0.667383 1.0584 0.0046536
108 0.678509 1.06083 0.0049292
108 0.678505 1.05775 0.0049042
73.01 0.474049 1.00624 0.0028673
