27
39.49 0.201453 0.961433 0.0025789
39.49 0.201457 0.962722 0.0024114
40 0.205597 0.960879 0.0026019
40 0.205592 0.960636 0.0046471
40.5 0.209796 0.965316 0.0026428
41.01 0.214101 0.966865 0.0025477
41.01 0.214107 0.964239 0.0025335
41.5 0.218236 0.961819 0.0025706
41.5 0.218228 0.963085 0.002584
42 0.222595 0.963863 0.0026173
42 0.222597 0.963596 0.0034453
42 0.222595 0.957756 0.0036899
42.5 0.226844 0.968299 0.0031346
42.5 0.226839 0.964992 0.0026684
43 0.231098 0.966035 0.0032234
43 0.231099 0.968342 0.0041976
43 0.231095 0.966742 0.0027123
43.5 0.235225 0.963139 0.0026871
43.5 0.235228 0.959149 0.0026752
43.98 0.239463 0.961343 0.0027122
43.98 0.239466 0.961025 0.0035432
43.98 0.239467 0.964737 0.003447
44.49 0.243814 0.959598 0.0024688
44.49 0.243818 0.959394 0.0024653
45 0.248176 0.964607 0.0025141
45.5 0.252463 0.96168 0.0025549
45.5 0.25246 0.96519 0.0025606
