32
43 0.307284 0.95972 0.0044593
43 0.307292 0.97302 0.0044758
43 0.307335 0.973059 0.0044028
43 0.307337 0.975412 0.0045972
43 0.307321 0.964396 0.0045279
45.51 0.335886 0.967334 0.0045667
45.51 0.335888 0.96307 0.0045404
45.51 0.335889 0.968147 0.0045482
45.51 0.335873 0.970469 0.0045812
45.51 0.335884 0.965944 0.0045312
48 0.364468 0.968669 0.0045888
48 0.364462 0.976236 0.0046383
48 0.364424 0.978708 0.0046536
48 0.364427 0.977722 0.0046658
48 0.364413 0.974313 0.0046135
50.5 0.392323 0.978089 0.0046693
50.5 0.392329 0.975945 0.0045566
50.5 0.392277 0.975064 0.0045766
50.5 0.39228 0.980961 0.0046737
50.5 0.39228 0.982088 0.0046352
53.01 0.420811 0.986375 0.0046457
53.01 0.420814 0.985395 0.007459
53.01 0.420834 0.978012 0.0046812
53.01 0.42083 0.987325 0.0047296
53.01 0.420833 0.992719 0.0047179
55.5 0.447904 0.990902 0.0048277
55.5 0.44793 0.994693 0.0048396
55.5 0.447928 0.988179 0.0048227
55.5 0.447934 0.988666 0.004844
55.5 0.447925 0.993392 0.004877
58 0.475731 0.994438 0.0023618
60.5 0.502137 1.00164 0.0022184
