54
20.5 0.0868262 0.949717 0.0067308
21 0.0908586 0.964834 0.0067759
21.5 0.0949682 0.96403 0.0066662
22 0.0991401 0.967721 0.0069814
22.5 0.103381 0.956112 0.006878
22.5 0.103381 0.953146 0.0068594
23 0.107696 0.952188 0.006854
23.51 0.112157 0.959763 0.0068924
23.99 0.116396 0.954771 0.006905
24.5 0.120997 0.949918 0.0068432
24.5 0.120991 0.951282 0.0068667
25.01 0.125653 0.957234 0.0069359
25.5 0.130162 0.959581 0.0069764
26.01 0.134929 0.964283 0.007054
26.51 0.139661 0.961095 0.0069989
26.51 0.139658 0.957159 0.0069631
26.99 0.144221 0.952582 0.0067956
27.5 0.149156 0.954073 0.0068626
28 0.154031 0.96187 0.0070458
28.5 0.158955 0.961035 0.006998
28.5 0.158956 0.958912 0.0068876
29 0.163922 0.957371 0.0111673
29.5 0.168939 0.960854 0.0070688
30.01 0.174105 0.96756 0.0071572
30.5 0.1791 0.965307 0.0070819
30.5 0.179097 0.965518 0.0071638
31 0.184227 0.971492 0.007225
31.51 0.189514 0.963396 0.0072188
32 0.194618 0.963388 0.0072791
32.5 0.200015 0.959456 0.007304
32.5 0.200022 0.960583 0.0031496
33.01 0.205407 0.964179 0.0031694
33.5 0.210609 0.958899 0.0031366
34 0.215949 0.960757 0.0031504
34.5 0.221329 0.968106 0.003217
35 0.226713 0.962001 0.0032117
35.5 0.23214 0.964257 0.0032493
36 0.237586 0.958059 0.0043265
36.5 0.243049 0.959903 0.0033327
37 0.248538 0.950712 0.0092371
37.5 0.254051 0.966113 0.0027693
38.01 0.259582 0.967839 0.0028138
38.51 0.265131 0.968707 0.0034858
39 0.270678 0.965917 0.0031711
39.51 0.276267 0.96774 0.003484
40 0.281926 0.964493 0.0034954
42 0.304365 0.968615 0.0037646
42.5 0.309995 0.975514 0.0038486
42.5 0.309995 0.969053 0.0038221
43 0.31563 0.970701 0.0039061
43 0.315633 0.972647 0.0039164
43.5 0.321262 0.978885 0.0040219
43.5 0.321261 0.974472 0.0039798
44 0.326903 0.967457 0.0035206
