38
90.5 0.054653 0.985359 0.0037998
90.5 0.054653 0.979662 0.0066048
90.5 0.054655 0.983669 0.0027314
90.5 0.054655 0.974116 0.0034869
75.49 0.0422478 0.986374 0.0029851
75.49 0.0422468 0.987994 0.0029811
77.98 0.0443394 0.98347 0.0029944
77.98 0.0443404 0.978271 0.0029824
80.49 0.0464429 0.98653 0.003626
80.49 0.0464439 0.984508 0.0028782
82.98 0.0485132 0.982463 0.002932
82.98 0.0485122 0.98253 0.0029452
88.01 0.0526448 0.983801 0.0060752
88.01 0.0526468 0.981433 0.0035463
88.01 0.0526458 0.98029 0.0030804
93 0.0566424 0.979751 0.0026068
93 0.0566424 0.983709 0.0026179
98.01 0.0605341 0.981477 0.0026861
98.01 0.0605331 0.983841 0.0026874
100.5 0.0624133 0.984814 0.0053443
100.5 0.0624113 0.98703 0.0026953
103 0.0642596 0.986059 0.0053992
103 0.0642616 0.984731 0.0031225
103 0.0642606 0.976887 0.0026934
105.54 0.0660952 0.980808 0.0055056
105.54 0.0660942 0.989514 0.0032195
105.54 0.0660942 0.985329 0.0032132
108.04 0.0678569 0.988488 0.0055994
108.04 0.0678559 0.982554 0.0032268
108.04 0.0678569 0.98403 0.0028034
110.51 0.0695486 0.986161 0.0033108
110.51 0.0695486 0.986188 0.0028512
113.06 0.0712517 0.981223 0.0057545
113.06 0.0712497 0.983706 0.0033772
113.06 0.0712487 0.986384 0.0029289
115.56 0.0728667 0.988639 0.0058306
115.56 0.0728677 0.985783 0.0034553
117.94 0.0743607 0.983661 0.0059685
