47
22 0.071131 0.970521 0.0041912
22.5 0.074195 0.968351 0.003969
23 0.077313 0.964174 0.0040332
23 0.077316 0.963922 0.003513
23.51 0.080545 0.969183 0.003182
24 0.083699 0.965459 0.0035425
24 0.083701 0.971717 0.0077009
24 0.083699 0.966151 0.0031742
24.5 0.08696 0.970924 0.0041894
25.01 0.090337 0.969138 0.0032212
25.01 0.090333 0.970284 0.0032288
25.5 0.093616 0.965401 0.0029915
26 0.097015 0.971813 0.0030272
26.51 0.100517 0.969528 0.0030398
27 0.103931 0.970181 0.0030494
27.5 0.107449 0.962461 0.0031021
28 0.111012 0.961928 0.0031209
28.5 0.114607 0.967529 0.0027924
29 0.118239 0.963316 0.005465
29 0.11824 0.96733 0.0028308
29.51 0.121933 0.97007 0.0028543
29.99 0.12554 0.965466 0.0029028
30.5 0.129354 0.966433 0.0029672
31 0.133128 0.970158 0.006011
31 0.133125 0.963745 0.0033868
31.51 0.136942 0.967153 0.0026582
32.01 0.140779 0.965374 0.00274
32.51 0.144645 0.967418 0.0028275
33.5 0.152375 0.964424 0.0034213
33.01 0.148537 0.965309 0.0033484
34.01 0.1564 0.966883 0.0031608
34.01 0.156397 0.96433 0.0032604
34.01 0.156397 0.963355 0.0032565
34.01 0.156397 0.965584 0.0040222
34.01 0.156397 0.968981 0.0040092
34.01 0.156397 0.966893 0.0043818
34.01 0.156397 0.968318 0.0039827
34.01 0.156394 0.966571 0.0040016
34.01 0.156398 0.965902 0.0040123
34.01 0.1564 0.966857 0.0045942
34.01 0.156396 0.969653 0.003629
34.01 0.156396 0.965912 0.0035805
34.01 0.156396 0.967645 0.0036552
34.01 0.156396 0.965435 0.0036464
34.01 0.156402 0.962537 0.0036266
34.01 0.156402 0.962759 0.0036294
34.01 0.156396 0.969675 0.003663
