34
33.01 0.058555 0.964845 0.0069939
33.01 0.058565 0.969513 0.0065747
33.01 0.058571 0.978011 0.0066411
38 0.075818 0.972885 0.0076284
38 0.075811 0.97641 0.0060338
38 0.075812 0.973916 0.0060246
38 0.075795 0.97541 0.0060194
43 0.094317 0.972878 0.0045322
43 0.094323 0.975706 0.0045536
43 0.094316 0.976381 0.004636
43 0.094335 0.972994 0.0046303
43 0.09432 0.975753 0.0034583
43 0.09432 0.973727 0.0048435
43 0.094335 0.977135 0.0061458
43 0.094337 0.972828 0.0062714
43 0.094322 0.971023 0.0057396
43 0.094331 0.973916 0.0057639
43 0.094325 0.980395 0.0052506
43 0.094328 0.974982 0.0052324
43 0.094336 0.974471 0.0052234
43 0.094323 0.974738 0.0058929
48 0.113689 0.973148 0.0044982
48 0.113679 0.972738 0.0045409
48 0.113679 0.968237 0.0044606
48 0.113688 0.965002 0.0044723
48 0.113689 0.972499 0.0034917
53.01 0.133564 0.961349 0.0042076
53.01 0.133565 0.968201 0.0042063
53.01 0.133566 0.963944 0.0033319
58 0.15365 0.963755 0.0044996
58 0.153654 0.966038 0.0037575
63 0.173672 0.961714 0.0047406
63 0.173678 0.963314 0.003891
68.01 0.193443 0.962905 0.0031388
