33
0.00551296 0.999137 0.000982401
0.00588034 0.999137 0.00103213
0.00625957 0.997643 0.00109833
0.00665065 0.999253 0.00117382
0.00705357 0.998805 0.00125118
0.00746833 0.996405 0.00131509
0.00802522 0.99692 0.00111342
0.00869266 0.999068 0.00124362
0.00937731 0.999975 0.00121731
0.0101663 0.998675 0.00119193
0.0110791 0.999168 0.00117383
0.0121274 0.999719 0.00114988
0.0132903 0.999391 0.00111492
0.0145886 1.00068 0.00105725
0.0161198 0.998283 0.00101745
0.0179875 0.998067 0.00101452
0.0203581 0.999768 0.00100965
0.0234826 0.998231 0.00101102
0.0277296 0.996707 0.0010005
0.0339758 0.995974 0.00095288
0.0420423 0.994854 0.0010569
0.0524234 0.992876 0.0010503
0.0661003 0.992401 0.00116913
0.0819361 0.991894 0.00137094
0.0994608 0.987741 0.00152109
0.118671 0.985845 0.00179196
0.139561 0.979715 0.00202297
0.162128 0.978765 0.00223061
0.186367 0.974662 0.00240821
0.212271 0.97186 0.00259199
0.240215 0.967766 0.0028299
0.295503 0.965836 0.00261889
0.397241 0.954209 0.00480322
