33
0.00551296 0.99696 0.000982401
0.00588034 0.998004 0.00103213
0.00625957 0.997534 0.00109833
0.00665065 0.996428 0.00117382
0.00705357 0.997106 0.00125118
0.00746833 0.997792 0.00131509
0.00802522 0.999442 0.00111342
0.00869266 0.995842 0.00124362
0.00937731 0.997296 0.00121731
0.0101663 0.998528 0.00119193
0.0110791 0.994762 0.00117383
0.0121274 0.995169 0.00114988
0.0132903 0.99577 0.00111492
0.0145886 0.99339 0.00105725
0.0161198 0.995757 0.00101745
0.0179875 0.996236 0.00101452
0.0203581 0.996306 0.00100965
0.0234826 0.996176 0.00101102
0.0277296 0.994874 0.0010005
0.0339758 0.994693 0.00095288
0.0420423 0.99303 0.0010569
0.0524234 0.992312 0.0010503
0.0661003 0.990724 0.00116913
0.0819361 0.98449 0.00137094
0.0994608 0.987459 0.00152109
0.118671 0.983323 0.00179196
0.139561 0.982496 0.00202297
0.162128 0.978295 0.00223061
0.186367 0.976579 0.00240821
0.212271 0.969114 0.00259199
0.240215 0.964852 0.0028299
0.295503 0.968209 0.00261889
0.397241 0.949955 0.00480322
