33
0.00551296 1.00264 0.000982401
0.00588034 1.0007 0.00103213
0.00625957 1.00172 0.00109833
0.00665065 1.0016 0.00117382
0.00705357 1.00269 0.00125118
0.00746833 1.00056 0.00131509
0.00802522 1.00001 0.00111342
0.00869266 1.00028 0.00124362
0.00937731 1.00074 0.00121731
0.0101663 0.998685 0.00119193
0.0110791 1.00142 0.00117383
0.0121274 1.00263 0.00114988
0.0132903 1.00093 0.00111492
0.0145886 0.998695 0.00105725
0.0161198 0.999816 0.00101745
0.0179875 1.00107 0.00101452
0.0203581 0.999198 0.00100965
0.0234826 0.999074 0.00101102
0.0277296 0.996885 0.0010005
0.0339758 0.997226 0.00095288
0.0420423 0.997659 0.0010569
0.0524234 0.996304 0.0010503
0.0661003 0.994885 0.00116913
0.0819361 0.992928 0.00137094
0.0994608 0.987569 0.00152109
0.118671 0.990128 0.00179196
0.139561 0.982023 0.00202297
0.162128 0.982805 0.00223061
0.186367 0.982331 0.00240821
0.212271 0.979654 0.00259199
0.240215 0.971504 0.0028299
0.295503 0.965203 0.00261889
0.397241 0.949191 0.00480322
