33
0.00551296 1.00325 0.000982401
0.00588034 1.00204 0.00103213
0.00625957 0.999223 0.00109833
0.00665065 1.00079 0.00117382
0.00705357 0.999216 0.00125118
0.00746833 0.999794 0.00131509
0.00802522 1.0018 0.00111342
0.00869266 1.00195 0.00124362
0.00937731 1.00221 0.00121731
0.0101663 1.0014 0.00119193
0.0110791 1.00267 0.00117383
0.0121274 1.00213 0.00114988
0.0132903 1.00142 0.00111492
0.0145886 1.00244 0.00105725
0.0161198 1.00061 0.00101745
0.0179875 1.00081 0.00101452
0.0203581 1.00054 0.00100965
0.0234826 0.999438 0.00101102
0.0277296 0.999136 0.0010005
0.0339758 0.997339 0.00095288
0.0420423 0.996451 0.0010569
0.0524234 0.995282 0.0010503
0.0661003 0.994038 0.00116913
0.0819361 0.991957 0.00137094
0.0994608 0.988662 0.00152109
0.118671 0.984718 0.00179196
0.139561 0.985355 0.00202297
0.162128 0.98408 0.00223061
0.186367 0.981713 0.00240821
0.212271 0.976035 0.00259199
0.240215 0.973142 0.0028299
0.295503 0.965295 0.00261889
0.397241 0.955903 0.00480322
