33
0.00551296 0.999627 0.000982401
0.00588034 0.997303 0.00103213
0.00625957 0.998245 0.00109833
0.00665065 0.996965 0.00117382
0.00705357 0.997373 0.00125118
0.00746833 0.995433 0.00131509
0.00802522 0.995396 0.00111342
0.00869266 0.998777 0.00124362
0.00937731 0.996254 0.00121731
0.0101663 0.996227 0.00119193
0.0110791 0.998181 0.00117383
0.0121274 0.998248 0.00114988
0.0132903 0.997205 0.00111492
0.0145886 0.996273 0.00105725
0.0161198 0.997193 0.00101745
0.0179875 0.994772 0.00101452
0.0203581 0.994267 0.00100965
0.0234826 0.995895 0.00101102
0.0277296 0.995562 0.0010005
0.0339758 0.991636 0.00095288
0.0420423 0.990243 0.0010569
0.0524234 0.990895 0.0010503
0.0661003 0.991669 0.00116913
0.0819361 0.988767 0.00137094
0.0994608 0.982635 0.00152109
0.118671 0.985397 0.00179196
0.139561 0.979156 0.00202297
0.162128 0.981135 0.00223061
0.186367 0.974766 0.00240821
0.212271 0.974196 0.00259199
0.240215 0.968707 0.0028299
0.295503 0.955598 0.00261889
0.397241 0.957168 0.00480322
