33
0.00551296 1.00038 0.000982401
0.00588034 1.00078 0.00103213
0.00625957 1.00085 0.00109833
0.00665065 0.997373 0.00117382
0.00705357 1.00186 0.00125118
0.00746833 0.997527 0.00131509
0.00802522 1.00046 0.00111342
0.00869266 1.00009 0.00124362
0.00937731 0.999124 0.00121731
0.0101663 0.99998 0.00119193
0.0110791 0.999451 0.00117383
0.0121274 1.00034 0.00114988
0.0132903 1.00049 0.00111492
0.0145886 1.00019 0.00105725
0.0161198 0.999824 0.00101745
0.0179875 0.998073 0.00101452
0.0203581 1.00111 0.00100965
0.0234826 0.999196 0.00101102
0.0277296 0.998393 0.0010005
0.0339758 0.995653 0.00095288
0.0420423 0.994661 0.0010569
0.0524234 0.995038 0.0010503
0.0661003 0.993686 0.00116913
0.0819361 0.992697 0.00137094
0.0994608 0.989307 0.00152109
0.118671 0.984824 0.00179196
0.139561 0.985019 0.00202297
0.162128 0.98176 0.00223061
0.186367 0.979825 0.00240821
0.212271 0.97092 0.00259199
0.240215 0.974081 0.0028299
0.295503 0.963564 0.00261889
0.397241 0.953064 0.00480322
