33
0.00551296 1.00177 0.000982401
0.00588034 1.00113 0.00103213
0.00625957 0.999428 0.00109833
0.00665065 1.00125 0.00117382
0.00705357 0.998703 0.00125118
0.00746833 1.00134 0.00131509
0.00802522 1.00197 0.00111342
0.00869266 0.99745 0.00124362
0.00937731 1.00035 0.00121731
0.0101663 0.998762 0.00119193
0.0110791 1.00114 0.00117383
0.0121274 1.00138 0.00114988
0.0132903 1.00002 0.00111492
0.0145886 0.999301 0.00105725
0.0161198 0.998314 0.00101745
0.0179875 0.998409 0.00101452
0.0203581 0.998829 0.00100965
0.0234826 0.998994 0.00101102
0.0277296 0.999404 0.0010005
0.0339758 0.999105 0.00095288
0.0420423 0.996073 0.0010569
0.0524234 0.994822 0.0010503
0.0661003 0.993781 0.00116913
0.0819361 0.993716 0.00137094
0.0994608 0.988121 0.00152109
0.118671 0.98572 0.00179196
0.139561 0.983201 0.00202297
0.162128 0.979733 0.00223061
0.186367 0.978397 0.00240821
0.212271 0.971369 0.00259199
0.240215 0.96853 0.0028299
0.295503 0.969609 0.00261889
0.397241 0.961246 0.00480322
