33
0.00551296 0.996572 0.000982401
0.00588034 0.995447 0.00103213
0.00625957 0.994604 0.00109833
0.00665065 0.995392 0.00117382
0.00705357 0.995216 0.00125118
0.00746833 0.995082 0.00131509
0.00802522 0.997937 0.00111342
0.00869266 0.994792 0.00124362
0.00937731 0.996057 0.00121731
0.0101663 0.996136 0.00119193
0.0110791 0.994887 0.00117383
0.0121274 0.998162 0.00114988
0.0132903 0.995713 0.00111492
0.0145886 0.994805 0.00105725
0.0161198 0.996094 0.00101745
0.0179875 0.994566 0.00101452
0.0203581 0.993726 0.00100965
0.0234826 0.995952 0.00101102
0.0277296 0.995148 0.0010005
0.0339758 0.992807 0.00095288
0.0420423 0.992742 0.0010569
0.0524234 0.991316 0.0010503
0.0661003 0.988675 0.00116913
0.0819361 0.987494 0.00137094
0.0994608 0.985653 0.00152109
0.118671 0.982934 0.00179196
0.139561 0.981252 0.00202297
0.162128 0.977579 0.00223061
0.186367 0.974231 0.00240821
0.212271 0.974329 0.00259199
0.240215 0.965511 0.0028299
0.295503 0.96562 0.00261889
0.397241 0.950076 0.00480322
