33
0.00551296 1.00092 0.000982401
0.00588034 1.0035 0.00103213
0.00625957 1.0022 0.00109833
0.00665065 1.0014 0.00117382
0.00705357 1.00223 0.00125118
0.00746833 0.99995 0.00131509
0.00802522 1.00053 0.00111342
0.00869266 0.999911 0.00124362
0.00937731 1.00231 0.00121731
0.0101663 1.00056 0.00119193
0.0110791 1.0004 0.00117383
0.0121274 0.999302 0.00114988
0.0132903 1.00136 0.00111492
0.0145886 0.998806 0.00105725
0.0161198 1.00121 0.00101745
0.0179875 0.999732 0.00101452
0.0203581 0.999399 0.00100965
0.0234826 0.998862 0.00101102
0.0277296 0.997247 0.0010005
0.0339758 0.998595 0.00095288
0.0420423 0.996109 0.0010569
0.0524234 0.996319 0.0010503
0.0661003 0.99435 0.00116913
0.0819361 0.989093 0.00137094
0.0994608 0.989975 0.00152109
0.118671 0.988764 0.00179196
0.139561 0.982653 0.00202297
0.162128 0.987252 0.00223061
0.186367 0.977674 0.00240821
0.212271 0.977854 0.00259199
0.240215 0.968921 0.0028299
0.295503 0.965797 0.00261889
0.397241 0.954996 0.00480322
