33
0.00551296 1.00207 0.000982401
0.00588034 1.00242 0.00103213
0.00625957 1.00137 0.00109833
0.00665065 1.00012 0.00117382
0.00705357 1.00021 0.00125118
0.00746833 1.00192 0.00131509
0.00802522 1.0009 0.00111342
0.00869266 0.999766 0.00124362
0.00937731 1.00094 0.00121731
0.0101663 1.00089 0.00119193
0.0110791 0.999482 0.00117383
0.0121274 0.999899 0.00114988
0.0132903 0.999129 0.00111492
0.0145886 1.00095 0.00105725
0.0161198 0.998868 0.00101745
0.0179875 0.999028 0.00101452
0.0203581 1.00022 0.00100965
0.0234826 0.997642 0.00101102
0.0277296 0.997061 0.0010005
0.0339758 0.99914 0.00095288
0.0420423 0.994678 0.0010569
0.0524234 0.998311 0.0010503
0.0661003 0.993983 0.00116913
0.0819361 0.991576 0.00137094
0.0994608 0.990611 0.00152109
0.118671 0.987421 0.00179196
0.139561 0.985557 0.00202297
0.162128 0.983858 0.00223061
0.186367 0.97574 0.00240821
0.212271 0.974449 0.00259199
0.240215 0.975179 0.0028299
0.295503 0.964002 0.00261889
0.397241 0.955294 0.00480322
