33
0.00551296 0.999813 0.000982401
0.00588034 0.999045 0.00103213
0.00625957 0.998313 0.00109833
0.00665065 0.999511 0.00117382
0.00705357 1.00101 0.00125118
0.00746833 0.997174 0.00131509
0.00802522 0.997598 0.00111342
0.00869266 0.997484 0.00124362
0.00937731 1.00031 0.00121731
0.0101663 0.998641 0.00119193
0.0110791 0.997815 0.00117383
0.0121274 0.997331 0.00114988
0.0132903 0.998555 0.00111492
0.0145886 0.997869 0.00105725
0.0161198 0.998005 0.00101745
0.0179875 0.996262 0.00101452
0.0203581 0.997841 0.00100965
0.0234826 0.996595 0.00101102
0.0277296 0.997232 0.0010005
0.0339758 0.99699 0.00095288
0.0420423 0.995468 0.0010569
0.0524234 0.99358 0.0010503
0.0661003 0.990305 0.00116913
0.0819361 0.989603 0.00137094
0.0994608 0.98621 0.00152109
0.118671 0.986891 0.00179196
0.139561 0.981895 0.00202297
0.162128 0.983103 0.00223061
0.186367 0.978441 0.00240821
0.212271 0.972765 0.00259199
0.240215 0.974762 0.0028299
0.295503 0.96464 0.00261889
0.397241 0.95886 0.00480322
