33
0.00551296 0.998676 0.000982401
0.00588034 1.00031 0.00103213
0.00625957 1.00026 0.00109833
0.00665065 0.997586 0.00117382
0.00705357 0.999269 0.00125118
0.00746833 1.00021 0.00131509
0.00802522 0.999818 0.00111342
0.00869266 0.998201 0.00124362
0.00937731 0.999633 0.00121731
0.0101663 0.999092 0.00119193
0.0110791 0.999498 0.00117383
0.0121274 0.998653 0.00114988
0.0132903 0.999171 0.00111492
0.0145886 0.996269 0.00105725
0.0161198 0.999151 0.00101745
0.0179875 1.00031 0.00101452
0.0203581 0.997644 0.00100965
0.0234826 0.99658 0.00101102
0.0277296 0.996301 0.0010005
0.0339758 0.997034 0.00095288
0.0420423 0.993832 0.0010569
0.0524234 0.994155 0.0010503
0.0661003 0.992284 0.00116913
0.0819361 0.985152 0.00137094
0.0994608 0.985661 0.00152109
0.118671 0.986246 0.00179196
0.139561 0.985236 0.00202297
0.162128 0.979486 0.00223061
0.186367 0.977559 0.00240821
0.212271 0.97896 0.00259199
0.240215 0.972464 0.0028299
0.295503 0.96761 0.00261889
0.397241 0.957536 0.00480322
