33
0.00551296 1.00476 0.000982401
0.00588034 1.00401 0.00103213
0.00625957 1.00396 0.00109833
0.00665065 1.00254 0.00117382
0.00705357 1.00394 0.00125118
0.00746833 1.00253 0.00131509
0.00802522 1.00287 0.00111342
0.00869266 1.00325 0.00124362
0.00937731 1.0044 0.00121731
0.0101663 1.00206 0.00119193
0.0110791 1.00445 0.00117383
0.0121274 1.00387 0.00114988
0.0132903 1.00391 0.00111492
0.0145886 1.00568 0.00105725
0.0161198 1.00246 0.00101745
0.0179875 1.00255 0.00101452
0.0203581 1.00345 0.00100965
0.0234826 1.00127 0.00101102
0.0277296 1.00315 0.0010005
0.0339758 1.00194 0.00095288
0.0420423 0.999687 0.0010569
0.0524234 0.998116 0.0010503
0.0661003 0.998286 0.00116913
0.0819361 0.997728 0.00137094
0.0994608 0.995976 0.00152109
0.118671 0.994048 0.00179196
0.139561 0.989829 0.00202297
0.162128 0.987711 0.00223061
0.186367 0.976602 0.00240821
0.212271 0.9832 0.00259199
0.240215 0.975813 0.0028299
0.295503 0.96655 0.00261889
0.397241 0.962792 0.00480322
