33
0.00551296 0.999003 0.000982401
0.00588034 0.999198 0.00103213
0.00625957 0.998085 0.00109833
0.00665065 0.999309 0.00117382
0.00705357 0.996766 0.00125118
0.00746833 0.998375 0.00131509
0.00802522 0.998621 0.00111342
0.00869266 0.996356 0.00124362
0.00937731 0.996833 0.00121731
0.0101663 0.997378 0.00119193
0.0110791 0.999921 0.00117383
0.0121274 0.997687 0.00114988
0.0132903 0.995749 0.00111492
0.0145886 0.998434 0.00105725
0.0161198 0.997813 0.00101745
0.0179875 0.996128 0.00101452
0.0203581 0.996731 0.00100965
0.0234826 0.996763 0.00101102
0.0277296 0.995781 0.0010005
0.0339758 0.994911 0.00095288
0.0420423 0.993783 0.0010569
0.0524234 0.991733 0.0010503
0.0661003 0.98968 0.00116913
0.0819361 0.989252 0.00137094
0.0994608 0.985753 0.00152109
0.118671 0.986936 0.00179196
0.139561 0.984573 0.00202297
0.162128 0.981917 0.00223061
0.186367 0.974655 0.00240821
0.212271 0.973986 0.00259199
0.240215 0.974523 0.0028299
0.295503 0.961494 0.00261889
0.397241 0.959343 0.00480322
