33
0.00551296 1.00106 0.000982401
0.00588034 0.997753 0.00103213
0.00625957 0.998932 0.00109833
0.00665065 0.996993 0.00117382
0.00705357 1.00022 0.00125118
0.00746833 0.998782 0.00131509
0.00802522 0.999145 0.00111342
0.00869266 0.998021 0.00124362
0.00937731 1.00054 0.00121731
0.0101663 0.998086 0.00119193
0.0110791 0.998448 0.00117383
0.0121274 0.999831 0.00114988
0.0132903 0.996897 0.00111492
0.0145886 0.998541 0.00105725
0.0161198 0.997571 0.00101745
0.0179875 0.998218 0.00101452
0.0203581 0.998843 0.00100965
0.0234826 0.997247 0.00101102
0.0277296 0.996907 0.0010005
0.0339758 0.995417 0.00095288
0.0420423 0.993469 0.0010569
0.0524234 0.993883 0.0010503
0.0661003 0.992295 0.00116913
0.0819361 0.988515 0.00137094
0.0994608 0.98636 0.00152109
0.118671 0.986516 0.00179196
0.139561 0.983913 0.00202297
0.162128 0.982298 0.00223061
0.186367 0.972059 0.00240821
0.212271 0.973969 0.00259199
0.240215 0.969255 0.0028299
0.295503 0.96136 0.00261889
0.397241 0.95368 0.00480322
