33
0.00551296 0.999434 0.000982401
0.00588034 0.997858 0.00103213
0.00625957 0.998306 0.00109833
0.00665065 0.999241 0.00117382
0.00705357 0.996521 0.00125118
0.00746833 0.999136 0.00131509
0.00802522 0.998278 0.00111342
0.00869266 0.997908 0.00124362
0.00937731 0.999032 0.00121731
0.0101663 0.998993 0.00119193
0.0110791 0.998009 0.00117383
0.0121274 0.996607 0.00114988
0.0132903 0.996861 0.00111492
0.0145886 0.996543 0.00105725
0.0161198 0.995959 0.00101745
0.0179875 0.997308 0.00101452
0.0203581 0.998701 0.00100965
0.0234826 0.995971 0.00101102
0.0277296 0.994439 0.0010005
0.0339758 0.994723 0.00095288
0.0420423 0.993703 0.0010569
0.0524234 0.992198 0.0010503
0.0661003 0.99207 0.00116913
0.0819361 0.990396 0.00137094
0.0994608 0.987549 0.00152109
0.118671 0.984923 0.00179196
0.139561 0.984468 0.00202297
0.162128 0.97839 0.00223061
0.186367 0.972368 0.00240821
0.212271 0.969655 0.00259199
0.240215 0.971624 0.0028299
0.295503 0.966295 0.00261889
0.397241 0.955855 0.00480322
