33
0.00551296 0.996876 0.000982401
0.00588034 0.995265 0.00103213
0.00625957 0.998213 0.00109833
0.00665065 0.997274 0.00117382
0.00705357 0.996873 0.00125118
0.00746833 0.994511 0.00131509
0.00802522 0.995646 0.00111342
0.00869266 0.995108 0.00124362
0.00937731 0.995893 0.00121731
0.0101663 0.994932 0.00119193
0.0110791 0.997775 0.00117383
0.0121274 0.997014 0.00114988
0.0132903 0.995524 0.00111492
0.0145886 0.996041 0.00105725
0.0161198 0.994051 0.00101745
0.0179875 0.993759 0.00101452
0.0203581 0.995785 0.00100965
0.0234826 0.994843 0.00101102
0.0277296 0.993384 0.0010005
0.0339758 0.991771 0.00095288
0.0420423 0.991726 0.0010569
0.0524234 0.990255 0.0010503
0.0661003 0.987088 0.00116913
0.0819361 0.986973 0.00137094
0.0994608 0.98273 0.00152109
0.118671 0.98019 0.00179196
0.139561 0.980879 0.00202297
0.162128 0.972807 0.00223061
0.186367 0.973275 0.00240821
0.212271 0.968003 0.00259199
0.240215 0.965646 0.0028299
0.295503 0.959567 0.00261889
0.397241 0.948995 0.00480322
