38
0.0179803 0.994767 0.000724617
0.0187766 0.996746 0.000724968
0.0196433 0.996379 0.000721504
0.0205838 0.997366 0.000721114
0.0216019 0.995267 0.000727541
0.0227302 0.995299 0.000724307
0.0239752 0.995308 0.00073874
0.0253437 0.994198 0.000737058
0.0269054 0.994974 0.000726978
0.0286738 0.994081 0.000736715
0.0306642 0.992783 0.000735025
0.0329272 0.993601 0.000731977
0.0355202 0.992731 0.000720811
0.0385081 0.992732 0.000719274
0.0419651 0.993377 0.000716155
0.045935 0.992011 0.000707815
0.0503387 0.991047 0.000708039
0.0552548 0.990637 0.000692848
0.0610528 0.991135 0.000689169
0.0681243 0.988228 0.000684113
0.0770992 0.988 0.000673187
0.0889271 0.987246 0.000655873
0.105002 0.985895 0.000605746
0.12864 0.981105 0.000592099
0.159159 0.97666 0.000679932
0.198422 0.974702 0.000708388
0.250128 0.966622 0.000817615
0.309964 0.959852 0.000974372
0.376142 0.954343 0.0011196
0.448636 0.946512 0.00132503
0.527418 0.935768 0.0015143
0.612455 0.924104 0.00168303
0.703714 0.918178 0.00183651
0.80116 0.910164 0.00199357
0.906176 0.894113 0.00218325
1.03636 0.886097 0.00249909
1.19361 0.863411 0.0036111
1.49437 0.846644 0.00376232
