38
0.0179803 1.00087 0.000724617
0.0187766 1.0008 0.000724968
0.0196433 1.00239 0.000721504
0.0205838 1.00083 0.000721114
0.0216019 1.00017 0.000727541
0.0227302 1.00058 0.000724307
0.0239752 0.999224 0.00073874
0.0253437 1.00038 0.000737058
0.0269054 1.00004 0.000726978
0.0286738 1.00241 0.000736715
0.0306642 0.998826 0.000735025
0.0329272 1.00012 0.000731977
0.0355202 0.999568 0.000720811
0.0385081 0.998969 0.000719274
0.0419651 0.999172 0.000716155
0.045935 0.99836 0.000707815
0.0503387 0.997053 0.000708039
0.0552548 0.996425 0.000692848
0.0610528 0.994939 0.000689169
0.0681243 0.996107 0.000684113
0.0770992 0.995052 0.000673187
0.0889271 0.99171 0.000655873
0.105002 0.991349 0.000605746
0.12864 0.987618 0.000592099
0.159159 0.983493 0.000679932
0.198422 0.97886 0.000708388
0.250128 0.971423 0.000817615
0.309964 0.965296 0.000974372
0.376142 0.959571 0.0011196
0.448636 0.948795 0.00132503
0.527418 0.940698 0.0015143
0.612455 0.936178 0.00168303
0.703714 0.923118 0.00183651
0.80116 0.911492 0.00199357
0.906176 0.9038 0.00218325
1.03636 0.884391 0.00249909
1.19361 0.868464 0.0036111
1.49437 0.850235 0.00376232
