38
0.0179803 0.997304 0.000724617
0.0187766 0.997418 0.000724968
0.0196433 0.995429 0.000721504
0.0205838 0.995771 0.000721114
0.0216019 0.997039 0.000727541
0.0227302 0.995665 0.000724307
0.0239752 0.996615 0.00073874
0.0253437 0.996489 0.000737058
0.0269054 0.995547 0.000726978
0.0286738 0.995167 0.000736715
0.0306642 0.994661 0.000735025
0.0329272 0.993493 0.000731977
0.0355202 0.994686 0.000720811
0.0385081 0.99485 0.000719274
0.0419651 0.99405 0.000716155
0.045935 0.992194 0.000707815
0.0503387 0.99382 0.000708039
0.0552548 0.991696 0.000692848
0.0610528 0.992034 0.000689169
0.0681243 0.990136 0.000684113
0.0770992 0.989222 0.000673187
0.0889271 0.988327 0.000655873
0.105002 0.985008 0.000605746
0.12864 0.983603 0.000592099
0.159159 0.979721 0.000679932
0.198422 0.974432 0.000708388
0.250128 0.968675 0.000817615
0.309964 0.961348 0.000974372
0.376142 0.955574 0.0011196
0.448636 0.947194 0.00132503
0.527418 0.935518 0.0015143
0.612455 0.927343 0.00168303
0.703714 0.916035 0.00183651
0.80116 0.907147 0.00199357
0.906176 0.897399 0.00218325
1.03636 0.884093 0.00249909
1.19361 0.871544 0.0036111
1.49437 0.839605 0.00376232
