38
0.0179803 0.996448 0.000724617
0.0187766 0.996916 0.000724968
0.0196433 0.996511 0.000721504
0.0205838 0.995619 0.000721114
0.0216019 0.994814 0.000727541
0.0227302 0.995111 0.000724307
0.0239752 0.994625 0.00073874
0.0253437 0.995027 0.000737058
0.0269054 0.995304 0.000726978
0.0286738 0.994364 0.000736715
0.0306642 0.994825 0.000735025
0.0329272 0.994563 0.000731977
0.0355202 0.993136 0.000720811
0.0385081 0.994165 0.000719274
0.0419651 0.994361 0.000716155
0.045935 0.992862 0.000707815
0.0503387 0.991324 0.000708039
0.0552548 0.991493 0.000692848
0.0610528 0.990752 0.000689169
0.0681243 0.98936 0.000684113
0.0770992 0.989464 0.000673187
0.0889271 0.987587 0.000655873
0.105002 0.985323 0.000605746
0.12864 0.981523 0.000592099
0.159159 0.978883 0.000679932
0.198422 0.974461 0.000708388
0.250128 0.967829 0.000817615
0.309964 0.961667 0.000974372
0.376142 0.954788 0.0011196
0.448636 0.946809 0.00132503
0.527418 0.935995 0.0015143
0.612455 0.927524 0.00168303
0.703714 0.916544 0.00183651
0.80116 0.908411 0.00199357
0.906176 0.896595 0.00218325
1.03636 0.88053 0.00249909
1.19361 0.864839 0.0036111
1.49437 0.837649 0.00376232
