38
0.0179803 1.00063 0.000724617
0.0187766 0.999771 0.000724968
0.0196433 0.999545 0.000721504
0.0205838 1.00073 0.000721114
0.0216019 1.00002 0.000727541
0.0227302 0.99945 0.000724307
0.0239752 1.00023 0.00073874
0.0253437 0.998937 0.000737058
0.0269054 0.998297 0.000726978
0.0286738 0.998528 0.000736715
0.0306642 0.997397 0.000735025
0.0329272 0.998972 0.000731977
0.0355202 0.998579 0.000720811
0.0385081 0.997985 0.000719274
0.0419651 0.997046 0.000716155
0.045935 0.996287 0.000707815
0.0503387 0.995887 0.000708039
0.0552548 0.997303 0.000692848
0.0610528 0.995108 0.000689169
0.0681243 0.994408 0.000684113
0.0770992 0.993498 0.000673187
0.0889271 0.991078 0.000655873
0.105002 0.988661 0.000605746
0.12864 0.986945 0.000592099
0.159159 0.982927 0.000679932
0.198422 0.978384 0.000708388
0.250128 0.972788 0.000817615
0.309964 0.964825 0.000974372
0.376142 0.958128 0.0011196
0.448636 0.948974 0.00132503
0.527418 0.942665 0.0015143
0.612455 0.933228 0.00168303
0.703714 0.918022 0.00183651
0.80116 0.907646 0.00199357
0.906176 0.900845 0.00218325
1.03636 0.888872 0.00249909
1.19361 0.868997 0.0036111
1.49437 0.838567 0.00376232
