38
0.0179803 0.998349 0.000724617
0.0187766 0.998137 0.000724968
0.0196433 0.99665 0.000721504
0.0205838 0.99726 0.000721114
0.0216019 0.997358 0.000727541
0.0227302 0.997248 0.000724307
0.0239752 0.996938 0.00073874
0.0253437 0.99797 0.000737058
0.0269054 0.996868 0.000726978
0.0286738 0.995675 0.000736715
0.0306642 0.995924 0.000735025
0.0329272 0.996302 0.000731977
0.0355202 0.99584 0.000720811
0.0385081 0.995508 0.000719274
0.0419651 0.995482 0.000716155
0.045935 0.994339 0.000707815
0.0503387 0.995464 0.000708039
0.0552548 0.993659 0.000692848
0.0610528 0.993894 0.000689169
0.0681243 0.990995 0.000684113
0.0770992 0.991026 0.000673187
0.0889271 0.989361 0.000655873
0.105002 0.987864 0.000605746
0.12864 0.984056 0.000592099
0.159159 0.980579 0.000679932
0.198422 0.976125 0.000708388
0.250128 0.969358 0.000817615
0.309964 0.963626 0.000974372
0.376142 0.952772 0.0011196
0.448636 0.947353 0.00132503
0.527418 0.93448 0.0015143
0.612455 0.927883 0.00168303
0.703714 0.917671 0.00183651
0.80116 0.908294 0.00199357
0.906176 0.895536 0.00218325
1.03636 0.88201 0.00249909
1.19361 0.871538 0.0036111
1.49437 0.844553 0.00376232
