38
0.0179803 0.997044 0.000724617
0.0187766 0.997149 0.000724968
0.0196433 0.997825 0.000721504
0.0205838 0.99616 0.000721114
0.0216019 0.99768 0.000727541
0.0227302 0.995043 0.000724307
0.0239752 0.995206 0.00073874
0.0253437 0.995245 0.000737058
0.0269054 0.995978 0.000726978
0.0286738 0.995888 0.000736715
0.0306642 0.995405 0.000735025
0.0329272 0.995488 0.000731977
0.0355202 0.994585 0.000720811
0.0385081 0.994311 0.000719274
0.0419651 0.993399 0.000716155
0.045935 0.992049 0.000707815
0.0503387 0.992636 0.000708039
0.0552548 0.992363 0.000692848
0.0610528 0.990172 0.000689169
0.0681243 0.990129 0.000684113
0.0770992 0.988955 0.000673187
0.0889271 0.988188 0.000655873
0.105002 0.985561 0.000605746
0.12864 0.983166 0.000592099
0.159159 0.978836 0.000679932
0.198422 0.974878 0.000708388
0.250128 0.968005 0.000817615
0.309964 0.960865 0.000974372
0.376142 0.953773 0.0011196
0.448636 0.944517 0.00132503
0.527418 0.936712 0.0015143
0.612455 0.927926 0.00168303
0.703714 0.917594 0.00183651
0.80116 0.908066 0.00199357
0.906176 0.893206 0.00218325
1.03636 0.875572 0.00249909
1.19361 0.86311 0.0036111
1.49437 0.845631 0.00376232
