38
0.0179803 0.999252 0.000724617
0.0187766 0.999534 0.000724968
0.0196433 0.999265 0.000721504
0.0205838 0.999887 0.000721114
0.0216019 0.999872 0.000727541
0.0227302 0.999151 0.000724307
0.0239752 0.998309 0.00073874
0.0253437 0.999033 0.000737058
0.0269054 0.99924 0.000726978
0.0286738 0.999687 0.000736715
0.0306642 0.998646 0.000735025
0.0329272 0.997508 0.000731977
0.0355202 0.997921 0.000720811
0.0385081 0.997875 0.000719274
0.0419651 0.996362 0.000716155
0.045935 0.996844 0.000707815
0.0503387 0.99668 0.000708039
0.0552548 0.994636 0.000692848
0.0610528 0.994639 0.000689169
0.0681243 0.994725 0.000684113
0.0770992 0.992009 0.000673187
0.0889271 0.990716 0.000655873
0.105002 0.988908 0.000605746
0.12864 0.986614 0.000592099
0.159159 0.982588 0.000679932
0.198422 0.978369 0.000708388
0.250128 0.972177 0.000817615
0.309964 0.963795 0.000974372
0.376142 0.956568 0.0011196
0.448636 0.949722 0.00132503
0.527418 0.942457 0.0015143
0.612455 0.931194 0.00168303
0.703714 0.920174 0.00183651
0.80116 0.911028 0.00199357
0.906176 0.899295 0.00218325
1.03636 0.886391 0.00249909
1.19361 0.868208 0.0036111
1.49437 0.84482 0.00376232
