38
0.0179803 0.993576 0.000724617
0.0187766 0.992019 0.000724968
0.0196433 0.991928 0.000721504
0.0205838 0.992224 0.000721114
0.0216019 0.992084 0.000727541
0.0227302 0.990702 0.000724307
0.0239752 0.992533 0.00073874
0.0253437 0.991969 0.000737058
0.0269054 0.990674 0.000726978
0.0286738 0.99191 0.000736715
0.0306642 0.989885 0.000735025
0.0329272 0.991124 0.000731977
0.0355202 0.990437 0.000720811
0.0385081 0.991097 0.000719274
0.0419651 0.988935 0.000716155
0.045935 0.989836 0.000707815
0.0503387 0.989047 0.000708039
0.0552548 0.987859 0.000692848
0.0610528 0.98852 0.000689169
0.0681243 0.986138 0.000684113
0.0770992 0.985234 0.000673187
0.0889271 0.984069 0.000655873
0.105002 0.981832 0.000605746
0.12864 0.978538 0.000592099
0.159159 0.97532 0.000679932
0.198422 0.97109 0.000708388
0.250128 0.963668 0.000817615
0.309964 0.956797 0.000974372
0.376142 0.948274 0.0011196
0.448636 0.942278 0.00132503
0.527418 0.932846 0.0015143
0.612455 0.923203 0.00168303
0.703714 0.913772 0.00183651
0.80116 0.90803 0.00199357
0.906176 0.889246 0.00218325
1.03636 0.877722 0.00249909
1.19361 0.871003 0.0036111
1.49437 0.831573 0.00376232
