38
0.0179803 0.998915 0.000724617
0.0187766 0.99994 0.000724968
0.0196433 0.997573 0.000721504
0.0205838 0.998372 0.000721114
0.0216019 0.998921 0.000727541
0.0227302 0.997797 0.000724307
0.0239752 0.996847 0.00073874
0.0253437 0.998458 0.000737058
0.0269054 0.996497 0.000726978
0.0286738 0.996974 0.000736715
0.0306642 0.997493 0.000735025
0.0329272 0.997162 0.000731977
0.0355202 0.996318 0.000720811
0.0385081 0.997049 0.000719274
0.0419651 0.994923 0.000716155
0.045935 0.995733 0.000707815
0.0503387 0.995625 0.000708039
0.0552548 0.994902 0.000692848
0.0610528 0.993246 0.000689169
0.0681243 0.992036 0.000684113
0.0770992 0.991303 0.000673187
0.0889271 0.989902 0.000655873
0.105002 0.988704 0.000605746
0.12864 0.985531 0.000592099
0.159159 0.981803 0.000679932
0.198422 0.977167 0.000708388
0.250128 0.97111 0.000817615
0.309964 0.966944 0.000974372
0.376142 0.958615 0.0011196
0.448636 0.949162 0.00132503
0.527418 0.941252 0.0015143
0.612455 0.931333 0.00168303
0.703714 0.921304 0.00183651
0.80116 0.910899 0.00199357
0.906176 0.899012 0.00218325
1.03636 0.885959 0.00249909
1.19361 0.869884 0.0036111
1.49437 0.839153 0.00376232
