38
0.0179803 0.999276 0.000724617
0.0187766 0.998994 0.000724968
0.0196433 0.9998 0.000721504
0.0205838 1.00213 0.000721114
0.0216019 1.00054 0.000727541
0.0227302 0.99972 0.000724307
0.0239752 1.00034 0.00073874
0.0253437 0.999582 0.000737058
0.0269054 0.999612 0.000726978
0.0286738 0.998695 0.000736715
0.0306642 0.999722 0.000735025
0.0329272 0.999592 0.000731977
0.0355202 1.00006 0.000720811
0.0385081 0.999064 0.000719274
0.0419651 0.996928 0.000716155
0.045935 0.997294 0.000707815
0.0503387 0.997411 0.000708039
0.0552548 0.99574 0.000692848
0.0610528 0.994278 0.000689169
0.0681243 0.994829 0.000684113
0.0770992 0.993429 0.000673187
0.0889271 0.990511 0.000655873
0.105002 0.990268 0.000605746
0.12864 0.986714 0.000592099
0.159159 0.984495 0.000679932
0.198422 0.98057 0.000708388
0.250128 0.97311 0.000817615
0.309964 0.965874 0.000974372
0.376142 0.958964 0.0011196
0.448636 0.951361 0.00132503
0.527418 0.939995 0.0015143
0.612455 0.928852 0.00168303
0.703714 0.922081 0.00183651
0.80116 0.911233 0.00199357
0.906176 0.901376 0.00218325
1.03636 0.887676 0.00249909
1.19361 0.870555 0.0036111
1.49437 0.843313 0.00376232
