38
0.0179803 1.00121 0.000724617
0.0187766 1.00191 0.000724968
0.0196433 1.00242 0.000721504
0.0205838 1.00127 0.000721114
0.0216019 1.00102 0.000727541
0.0227302 1.00111 0.000724307
0.0239752 1.00085 0.00073874
0.0253437 0.999174 0.000737058
0.0269054 1.00008 0.000726978
0.0286738 0.999047 0.000736715
0.0306642 0.998775 0.000735025
0.0329272 0.998549 0.000731977
0.0355202 0.999442 0.000720811
0.0385081 0.998928 0.000719274
0.0419651 0.997744 0.000716155
0.045935 0.997215 0.000707815
0.0503387 0.996253 0.000708039
0.0552548 0.996347 0.000692848
0.0610528 0.995971 0.000689169
0.0681243 0.994956 0.000684113
0.0770992 0.992768 0.000673187
0.0889271 0.992922 0.000655873
0.105002 0.990068 0.000605746
0.12864 0.986451 0.000592099
0.159159 0.983594 0.000679932
0.198422 0.980344 0.000708388
0.250128 0.974204 0.000817615
0.309964 0.963789 0.000974372
0.376142 0.957953 0.0011196
0.448636 0.950599 0.00132503
0.527418 0.939842 0.0015143
0.612455 0.932836 0.00168303
0.703714 0.923473 0.00183651
0.80116 0.910816 0.00199357
0.906176 0.902795 0.00218325
1.03636 0.887474 0.00249909
1.19361 0.872016 0.0036111
1.49437 0.838746 0.00376232
