38
0.0179803 0.995242 0.000724617
0.0187766 0.994712 0.000724968
0.0196433 0.997112 0.000721504
0.0205838 0.996618 0.000721114
0.0216019 0.995366 0.000727541
0.0227302 0.994458 0.000724307
0.0239752 0.994548 0.00073874
0.0253437 0.99597 0.000737058
0.0269054 0.995026 0.000726978
0.0286738 0.994756 0.000736715
0.0306642 0.993551 0.000735025
0.0329272 0.993431 0.000731977
0.0355202 0.994101 0.000720811
0.0385081 0.994463 0.000719274
0.0419651 0.993406 0.000716155
0.045935 0.991277 0.000707815
0.0503387 0.991416 0.000708039
0.0552548 0.99178 0.000692848
0.0610528 0.990288 0.000689169
0.0681243 0.989801 0.000684113
0.0770992 0.988937 0.000673187
0.0889271 0.987258 0.000655873
0.105002 0.984573 0.000605746
0.12864 0.98304 0.000592099
0.159159 0.978425 0.000679932
0.198422 0.974631 0.000708388
0.250128 0.968483 0.000817615
0.309964 0.959855 0.000974372
0.376142 0.953513 0.0011196
0.448636 0.945113 0.00132503
0.527418 0.934823 0.0015143
0.612455 0.929435 0.00168303
0.703714 0.918666 0.00183651
0.80116 0.907907 0.00199357
0.906176 0.89754 0.00218325
1.03636 0.87678 0.00249909
1.19361 0.87034 0.0036111
1.49437 0.840084 0.00376232
