38
0.0179803 0.997865 0.000724617
0.0187766 0.997425 0.000724968
0.0196433 0.998631 0.000721504
0.0205838 0.996944 0.000721114
0.0216019 0.997933 0.000727541
0.0227302 0.997596 0.000724307
0.0239752 0.998643 0.00073874
0.0253437 0.997502 0.000737058
0.0269054 0.998076 0.000726978
0.0286738 0.996665 0.000736715
0.0306642 0.996979 0.000735025
0.0329272 0.995715 0.000731977
0.0355202 0.995743 0.000720811
0.0385081 0.995581 0.000719274
0.0419651 0.996364 0.000716155
0.045935 0.995687 0.000707815
0.0503387 0.993033 0.000708039
0.0552548 0.994183 0.000692848
0.0610528 0.993202 0.000689169
0.0681243 0.991782 0.000684113
0.0770992 0.990296 0.000673187
0.0889271 0.989778 0.000655873
0.105002 0.98731 0.000605746
0.12864 0.984344 0.000592099
0.159159 0.980835 0.000679932
0.198422 0.975399 0.000708388
0.250128 0.970405 0.000817615
0.309964 0.962313 0.000974372
0.376142 0.953927 0.0011196
0.448636 0.947533 0.00132503
0.527418 0.937913 0.0015143
0.612455 0.933857 0.00168303
0.703714 0.919435 0.00183651
0.80116 0.906734 0.00199357
0.906176 0.898547 0.00218325
1.03636 0.884707 0.00249909
1.19361 0.869361 0.0036111
1.49437 0.839191 0.00376232
