38
0.0179803 0.999673 0.000724617
0.0187766 0.998315 0.000724968
0.0196433 0.99726 0.000721504
0.0205838 0.998134 0.000721114
0.0216019 0.997764 0.000727541
0.0227302 0.997014 0.000724307
0.0239752 0.998921 0.00073874
0.0253437 0.998478 0.000737058
0.0269054 0.997881 0.000726978
0.0286738 0.999586 0.000736715
0.0306642 0.997444 0.000735025
0.0329272 0.997901 0.000731977
0.0355202 0.996596 0.000720811
0.0385081 0.996414 0.000719274
0.0419651 0.995057 0.000716155
0.045935 0.996091 0.000707815
0.0503387 0.994333 0.000708039
0.0552548 0.994814 0.000692848
0.0610528 0.994035 0.000689169
0.0681243 0.993499 0.000684113
0.0770992 0.991054 0.000673187
0.0889271 0.989231 0.000655873
0.105002 0.987637 0.000605746
0.12864 0.984452 0.000592099
0.159159 0.98264 0.000679932
0.198422 0.978835 0.000708388
0.250128 0.971591 0.000817615
0.309964 0.964173 0.000974372
0.376142 0.957017 0.0011196
0.448636 0.948009 0.00132503
0.527418 0.938246 0.0015143
0.612455 0.928867 0.00168303
0.703714 0.918244 0.00183651
0.80116 0.910824 0.00199357
0.906176 0.896988 0.00218325
1.03636 0.888973 0.00249909
1.19361 0.869451 0.0036111
1.49437 0.837277 0.00376232
