38
0.0179803 0.995071 0.000724617
0.0187766 0.994362 0.000724968
0.0196433 0.994848 0.000721504
0.0205838 0.994398 0.000721114
0.0216019 0.994452 0.000727541
0.0227302 0.994599 0.000724307
0.0239752 0.993882 0.00073874
0.0253437 0.993231 0.000737058
0.0269054 0.993034 0.000726978
0.0286738 0.993231 0.000736715
0.0306642 0.992905 0.000735025
0.0329272 0.993301 0.000731977
0.0355202 0.992667 0.000720811
0.0385081 0.992372 0.000719274
0.0419651 0.992341 0.000716155
0.045935 0.993189 0.000707815
0.0503387 0.991578 0.000708039
0.0552548 0.990879 0.000692848
0.0610528 0.990017 0.000689169
0.0681243 0.989026 0.000684113
0.0770992 0.987328 0.000673187
0.0889271 0.986766 0.000655873
0.105002 0.983766 0.000605746
0.12864 0.982273 0.000592099
0.159159 0.977912 0.000679932
0.198422 0.97322 0.000708388
0.250128 0.966352 0.000817615
0.309964 0.961408 0.000974372
0.376142 0.952645 0.0011196
0.448636 0.945675 0.00132503
0.527418 0.933824 0.0015143
0.612455 0.927293 0.00168303
0.703714 0.918433 0.00183651
0.80116 0.907095 0.00199357
0.906176 0.896519 0.00218325
1.03636 0.880592 0.00249909
1.19361 0.862651 0.0036111
1.49437 0.837464 0.00376232
