38
0.0179803 1.00048 0.000724617
0.0187766 0.998491 0.000724968
0.0196433 0.998927 0.000721504
0.0205838 1.00054 0.000721114
0.0216019 1.0005 0.000727541
0.0227302 0.998697 0.000724307
0.0239752 0.997606 0.00073874
0.0253437 1.00054 0.000737058
0.0269054 0.999264 0.000726978
0.0286738 0.998473 0.000736715
0.0306642 0.996701 0.000735025
0.0329272 0.997382 0.000731977
0.0355202 0.998877 0.000720811
0.0385081 0.996609 0.000719274
0.0419651 0.996676 0.000716155
0.045935 0.996458 0.000707815
0.0503387 0.99659 0.000708039
0.0552548 0.995781 0.000692848
0.0610528 0.993709 0.000689169
0.0681243 0.993434 0.000684113
0.0770992 0.991698 0.000673187
0.0889271 0.990329 0.000655873
0.105002 0.988823 0.000605746
0.12864 0.986492 0.000592099
0.159159 0.982562 0.000679932
0.198422 0.977435 0.000708388
0.250128 0.971734 0.000817615
0.309964 0.965129 0.000974372
0.376142 0.955284 0.0011196
0.448636 0.950405 0.00132503
0.527418 0.941679 0.0015143
0.612455 0.931949 0.00168303
0.703714 0.921245 0.00183651
0.80116 0.913294 0.00199357
0.906176 0.903812 0.00218325
1.03636 0.886028 0.00249909
1.19361 0.868974 0.0036111
1.49437 0.842725 0.00376232
