38
0.0179803 0.997248 0.000724617
0.0187766 0.997694 0.000724968
0.0196433 0.998997 0.000721504
0.0205838 0.998502 0.000721114
0.0216019 0.998246 0.000727541
0.0227302 0.997485 0.000724307
0.0239752 0.998507 0.00073874
0.0253437 0.997314 0.000737058
0.0269054 0.996933 0.000726978
0.0286738 0.997442 0.000736715
0.0306642 0.996129 0.000735025
0.0329272 0.997498 0.000731977
0.0355202 0.996018 0.000720811
0.0385081 0.996059 0.000719274
0.0419651 0.995982 0.000716155
0.045935 0.99647 0.000707815
0.0503387 0.994928 0.000708039
0.0552548 0.993904 0.000692848
0.0610528 0.992894 0.000689169
0.0681243 0.993131 0.000684113
0.0770992 0.991142 0.000673187
0.0889271 0.990755 0.000655873
0.105002 0.987337 0.000605746
0.12864 0.984527 0.000592099
0.159159 0.981346 0.000679932
0.198422 0.97802 0.000708388
0.250128 0.970379 0.000817615
0.309964 0.964865 0.000974372
0.376142 0.956805 0.0011196
0.448636 0.947945 0.00132503
0.527418 0.937815 0.0015143
0.612455 0.927754 0.00168303
0.703714 0.916368 0.00183651
0.80116 0.909827 0.00199357
0.906176 0.898147 0.00218325
1.03636 0.886519 0.00249909
1.19361 0.86496 0.0036111
1.49437 0.842135 0.00376232
