38
0.0179803 1.00072 0.000724617
0.0187766 1.0002 0.000724968
0.0196433 0.999994 0.000721504
0.0205838 0.999812 0.000721114
0.0216019 0.999219 0.000727541
0.0227302 1.00073 0.000724307
0.0239752 0.999385 0.00073874
0.0253437 0.999609 0.000737058
0.0269054 0.999451 0.000726978
0.0286738 0.999477 0.000736715
0.0306642 0.998818 0.000735025
0.0329272 0.999184 0.000731977
0.0355202 0.998598 0.000720811
0.0385081 0.997681 0.000719274
0.0419651 0.998299 0.000716155
0.045935 0.996982 0.000707815
0.0503387 0.995677 0.000708039
0.0552548 0.996645 0.000692848
0.0610528 0.994496 0.000689169
0.0681243 0.993537 0.000684113
0.0770992 0.99258 0.000673187
0.0889271 0.992041 0.000655873
0.105002 0.989382 0.000605746
0.12864 0.98689 0.000592099
0.159159 0.982907 0.000679932
0.198422 0.978118 0.000708388
0.250128 0.972321 0.000817615
0.309964 0.964669 0.000974372
0.376142 0.957044 0.0011196
0.448636 0.947714 0.00132503
0.527418 0.940761 0.0015143
0.612455 0.931019 0.00168303
0.703714 0.921825 0.00183651
0.80116 0.911486 0.00199357
0.906176 0.900349 0.00218325
1.03636 0.887617 0.00249909
1.19361 0.866338 0.0036111
1.49437 0.844315 0.00376232
