38
0.0179803 0.99999 0.000724617
0.0187766 0.999237 0.000724968
0.0196433 1.00002 0.000721504
0.0205838 0.998069 0.000721114
0.0216019 1.00011 0.000727541
0.0227302 0.999424 0.000724307
0.0239752 0.998486 0.00073874
0.0253437 0.999114 0.000737058
0.0269054 0.998492 0.000726978
0.0286738 0.998661 0.000736715
0.0306642 0.997836 0.000735025
0.0329272 0.99837 0.000731977
0.0355202 0.997714 0.000720811
0.0385081 0.996965 0.000719274
0.0419651 0.996753 0.000716155
0.045935 0.995709 0.000707815
0.0503387 0.995086 0.000708039
0.0552548 0.993878 0.000692848
0.0610528 0.994202 0.000689169
0.0681243 0.992644 0.000684113
0.0770992 0.992629 0.000673187
0.0889271 0.991061 0.000655873
0.105002 0.9877 0.000605746
0.12864 0.985112 0.000592099
0.159159 0.9828 0.000679932
0.198422 0.978266 0.000708388
0.250128 0.971328 0.000817615
0.309964 0.964054 0.000974372
0.376142 0.956319 0.0011196
0.448636 0.947107 0.00132503
0.527418 0.939885 0.0015143
0.612455 0.929316 0.00168303
0.703714 0.922352 0.00183651
0.80116 0.909387 0.00199357
0.906176 0.899742 0.00218325
1.03636 0.887015 0.00249909
1.19361 0.875709 0.0036111
1.49437 0.839215 0.00376232
