28
103 0.653623 1.04656 0.0024924
103 0.653605 1.04941 0.002335
105.54 0.665194 1.05162 0.0025636
105.54 0.665181 1.05284 0.0045824
108.04 0.676367 1.05839 0.0026699
108.04 0.676359 1.06077 0.0026669
110.53 0.686691 1.06264 0.0025741
110.53 0.686696 1.05785 0.0025577
113.06 0.696973 1.06073 0.0026525
113.06 0.696971 1.06233 0.0026707
115.56 0.706412 1.07178 0.0027416
115.56 0.706402 1.06756 0.0035982
115.56 0.706395 1.06811 0.0038768
117.94 0.715171 1.07163 0.0033276
117.94 0.715172 1.06991 0.0028357
120.49 0.723872 1.08215 0.0034777
120.49 0.723864 1.07253 0.0044945
120.49 0.723854 1.08288 0.0029238
123.08 0.732465 1.08188 0.003023
123.08 0.732449 1.07841 0.0030159
125.59 0.740162 1.08332 0.0030806
125.59 0.740162 1.09028 0.0040494
125.59 0.740152 1.08465 0.0039126
128.02 0.747367 1.08462 0.0028358
128.02 0.747354 1.08444 0.0028322
130.65 0.754572 1.09653 0.0029082
132.84 0.760295 1.09377 0.0029603
132.84 0.760304 1.08551 0.0029405
