22
32 0.057214 0.976919 0.0036797
32 0.057196 0.97863 0.0035362
32 0.057194 0.980647 0.0026575
36.5 0.072519 0.964476 0.0034126
36.5 0.072519 0.966773 0.0034165
37 0.074283 0.966222 0.003333
37 0.074283 0.965038 0.0033245
37.5 0.076059 0.971272 0.002934
37.5 0.076061 0.971293 0.0029302
37.99 0.077811 0.967771 0.0027493
37.99 0.07781 0.970983 0.0027747
38.5 0.079645 0.969118 0.0020316
39 0.081459 0.968993 0.0019923
39.49 0.083246 0.972033 0.0025192
39.49 0.083246 0.965285 0.0067888
39.49 0.083244 0.968226 0.00251
40 0.08511 0.969108 0.0025203
40 0.085111 0.971427 0.0025072
40.5 0.086952 0.972515 0.0025108
40.5 0.086952 0.972078 0.0025165
41.01 0.088843 0.970594 0.0025283
41.01 0.088843 0.970135 0.0025374
