27
21 0.043303 0.970186 0.0040955
21.5 0.045293 0.972978 0.0041349
22 0.047322 0.980117 0.0041897
22.5 0.049388 0.965057 0.0041626
23.01 0.051532 0.973653 0.0041763
23.51 0.05367 0.977595 0.0042092
23.99 0.055744 0.977173 0.0042246
23.99 0.055745 0.973764 0.0042194
23.99 0.055744 0.975949 0.0034352
24.5 0.057996 0.973503 0.0034315
24.99 0.060186 0.970561 0.0034095
24.99 0.060185 0.976551 0.0028366
25.5 0.062501 0.974542 0.0027849
25.5 0.062501 0.982772 0.0024864
25.5 0.062501 0.974897 0.0024393
26 0.064804 0.976494 0.0021033
26 0.064802 0.97685 0.0019108
26.51 0.067186 0.972042 0.001911
27 0.069497 0.973645 0.0019264
27.49 0.07184 0.9718 0.0018441
28 0.074309 0.970307 0.0019546
28.5 0.076761 0.967058 0.0019732
29.01 0.07929 0.970644 0.002014
29.51 0.081796 0.971982 0.0020207
29.99 0.084222 0.970118 0.0020444
30.5 0.086833 0.966361 0.0020255
31 0.089414 0.968369 0.0021215
