16
73.01 0.334011 0.980084 0.0040271
73.01 0.334037 0.980239 0.0021129
77.98 0.361 0.985281 0.0022253
83.02 0.386973 0.985277 0.0023224
93 0.433773 1.00169 0.0025934
98.01 0.454929 1.00972 0.0027723
103 0.474529 1.01509 0.0028791
108.04 0.492722 1.02356 0.0131834
108.04 0.492691 1.02087 0.002899
110.51 0.500929 1.02611 0.0036604
112.92 0.508866 1.0267 0.0038052
115.56 0.516976 1.03557 0.0036368
117.94 0.524063 1.03259 0.0036819
120.49 0.531168 1.03892 0.0037542
123.08 0.538158 1.03513 0.0038344
125.47 0.544191 1.0419 0.0038873
