19
46.5 0.019036 0.993992 0.0028434
46.5 0.019036 0.990919 0.0024496
47 0.019402 0.98612 0.0048204
47 0.019403 0.995039 0.0028883
47 0.019403 0.987336 0.0021973
47.49 0.019764 0.985078 0.004683
47.49 0.019764 0.988984 0.0028421
47.49 0.019764 0.984376 0.0022542
48 0.020142 0.98332 0.0024848
48 0.020142 0.983102 0.0033833
48.5 0.020514 0.982586 0.0022562
48.5 0.020514 0.985088 0.0022589
49 0.020889 0.979042 0.0022695
49 0.020889 0.98467 0.0047721
49 0.020889 0.987403 0.0025559
49.5 0.021266 0.979185 0.0022978
49.5 0.021266 0.985815 0.0033137
60 0.029547 0.974421 0.0027528
60 0.029547 0.975357 0.0027532
