0.997812
1.00119
1.00062
1.00114
0.999197
1.00081
0.9998
1.00146
0.999892
1.00109
0.999201
1.00141
0.998955
1.00041
1.0013
0.999462
1.00026
1.00135
1.00048
0.999599
0.999523
1.00009
1.00078
0.997789
1.00238
1.00155
1.001
1.00248
1.00101
0.999753
1.00045
0.999609
0.999396
0.999115
1.00025
0.999385
1.00063
1.00008
0.998685
1.00087
0.998554
1.00044
0.997946
1.00061
1.00043
1.00158
0.99959
1.00086
0.999145
0.999715
1.00036
0.999048
1.00024
0.998888
0.99911
1.00199
1
0.997257
1.00052
0.999497
0.999667
1.00028
1.0001
1.00077
1.00113
1.00068
0.999888
0.999807
1.00037
1.00069
1.00023
1.002
0.999844
1.00108
0.998892
0.999349
1.00036
1.00084
1.00018
1.00048
1.00121
1.00087
1.00119
1.00065
0.999265
1.00266
1.0011
1.0004
0.999881
1.00003
1.00161
1.00108
1.00094
1.00095
1.00097
0.999822
1.00066
1.00247
1.00114
0.999197
1.0009
0.99905
1.0024
1.00117
1.00045
1.00075
1.00082
1.00262
1.0006
1.00142
0.999951
1.0007
0.998884
1.00099
0.999894
1.00078
1.00155
1.00242
1.00118
1.00131
1.00051
1.00089
0.998958
1.00132
1.00222
1.00014
1.00222
0.999785
1.00073
1.0006
1.0015
1.00065
0.999824
1.00136
1.00181
0.999844
0.999361
1.00044
1.00041
0.999463
1.00023
0.999644
1.00058
1.00128
1.00065
0.998587
0.999812
0.999961
1.00094
1.00169
1.00105
1.00023
0.999397
1.00043
1.00108
1.00057
1.00007
0.999818
1.00239
1.00095
0.998626
0.999579
1.00169
1.00012
1.00104
1.00139
0.999942
1.00031
1
0.999623
0.998639
1.00088
0.998913
0.998984
1.00034
1.00101
0.999713
1.00069
1.00004
1.00086
0.999706
0.999722
1.00087
1.00007
0.99858
1.00127
1.00116
0.999211
1.0011
0.999692
1.00037
1.00072
1.0002
1.00102
1.00239
1.0012
1.00017
1.00065
1.0013
1.00091
1.00032
1.00047
0.999884
1.00043
1.00015
1.00121
1.0002
1.00074
0.999742
1.00277
1.00028
1.00066
1.00239
1.00039
1.00035
1.00191
1.00104
0.999587
1.00197
0.999533
1.00117
1.00133
1.00137
1.00023
0.998723
1.00213
1.0003
1.00005
1.00111
0.999786
1.00094
1.00016
1.00066
1.00022
1.0012
1.00135
0.999956
0.997703
1.00133
1.0007
0.997697
0.999744
1.00021
1.00091
1.00054
1.00151
1.00277
1.00154
0.999714
1.00207
1.00147
1.00166
1.00174
1.0018
1.00204
1.00009
1.00262
1.00038
1.0003
1.00138
1.00022
1.00098
0.99968
1.00134
1.00018
0.999706
1.00112
1.00056
1.00011
1.00171
0.99983
1.00124
0.999807
0.999455
1.00152
0.998932
1.00088
1.00015
1.00043
0.999852
1.00179
1.00024
1.00166
1.00013
1.00049
0.998644
1.00117
0.999476
1.00065
0.999953
1.00201
0.999807
0.999652
1.00254
1.00068
1.00028
0.999816
0.999511
0.999731
1.00123
1.00102
0.999174
0.999287
1.00096
1.00101
1.00148
1.0011
0.999353
1.0007
1.00091
0.999547
0.999999
0.999814
0.998157
1.00058
1.00229
1.00104
0.999716
1.00099
1.00053
1.00122
1.00004
0.999432
0.999488
0.999752
1.00015
0.999971
1.00019
0.998593
1.00068
0.998776
1.00205
1.00075
0.999555
1.00056
1.00059
1.00104
1.00133
1.00045
1.00132
1.00068
1.0007
1.00046
1.00039
1.00077
0.999397
1.00126
1.00162
1.00067
1.00104
0.999593
0.998511
1.00119
1.00008
1.00143
1.0034
1.00146
0.999699
1.00041
0.999462
0.999188
1.00137
1.00095
1.00163
0.999496
1.00223
0.999684
1.00243
1.00072
1.00028
1.00085
1.00181
1.00061
1.00118
0.999948
1.00086
1.00156
1.00143
0.999807
0.999574
1.0022
1.00009
1.00068
1.00048
1.00018
1.00326
1.00021
0.99926
0.999897
1.00067
1.00084
1.0011
0.999098
1.00005
1.00107
1.00041
1.00001
0.999188
1.00105
0.999646
1.00074
1.00033
0.998963
1.00095
0.999617
1.00113
0.998267
1.00025
0.998721
1.00059
0.998251
1.00262
0.999353
0.999636
1.00012
1.00181
1.00072
0.999837
1.00085
1.00024
0.999832
1.00146
0.999803
1.00055
1.00021
1.00079
1.001
0.999005
1.00121
1.0007
1.00167
0.999287
1.00027
1.00068
1.0011
0.999797
1.0006
0.999212
1.00048
0.998938
1.00091
1.00054
1.00138
1.00111
0.998608
1.00145
1.00103
1.00033
1.0009
1.00009
1.00164
1.0005
1.00208
1.00138
0.999717
1.00043
0.99737
1.00065
1.00116
1.00273
1.0016
0.999895
1.00059
1.00089
1.00255
1.00001
0.999607
1.0001
1.00067
1.00076
0.999838
1.00046
0.999038
1.00159
1.00123
0.999488
1.00259
1.00076
1.00021
0.99897
1.00299
1.00083
0.99921
1.0022
1.00044
0.999674
1.00205
1.00258
1.0009
1.00156
1.00005
1.00027
1.00012
0.99928
0.999495
1.00026
1.00116
0.999674
1.00024
0.998512
1.00102
1
1.00004
1.00011
0.999274
1.0002
1.00132
1.00128
1.00268
0.999118
1.00031
1.00033
0.9988
1.00024
0.999646
1.00023
1.00003
1.00057
0.999869
1.00008
1.00027
0.999701
1.00079
1.00166
0.999839
0.999762
1.00077
0.999833
0.999402
0.999448
1.00001
1.00025
0.999153
1.00167
0.999068
1.00025
1.00076
1.00035
1.00073
0.999147
1.00024
1.00124
0.997945
1.00201
1.00123
0.998479
1.00057
1.00074
0.999946
1.00061
1.00018
1.00152
1.00035
1.00001
0.998395
1.00036
1.00102
0.999815
0.998966
1.00034
1.00191
1.00268
1.00109
1.00086
1.00077
1.00085
1.0002
1.00088
1.00158
1.00108
1.00149
1.00119
0.998839
1.00254
0.998296
0.999212
1.00136
0.999908
0.998874
1.00003
0.998909
1.00054
1.00105
1.00244
1.0001
1.00139
1.00167
1.00132
0.999959
1.0011
1.00041
0.999526
1.00118
0.99993
1.0003
1.00262
0.999652
0.999167
0.999016
0.999542
0.999478
0.998917
0.999266
0.999749
0.999333
0.999961
1.00052
0.999644
1.0023
1.00202
1.00035
1.00099
1.00007
0.997753
1.00101
1.00029
1.00177
1.00193
1.00196
0.999646
1.00012
1.00138
0.999567
0.999998
1.00036
0.999883
0.998927
0.99964
1.00077
1.00068
1.00002
0.999352
0.999317
1.00274
1.00053
1.00096
1.00075
1.00083
0.998623
0.999036
1.00092
1.00168
0.999399
1.00121
0.999906
0.999602
1.00248
1.00191
0.999699
1.00001
0.999908
1.0014
1.00045
1.00251
1.00069
0.998376
1.00166
1.00124
0.999916
0.999919
0.999482
1.00086
1.00031
1.00061
0.999137
0.998667
1.00155
1.00001
1.00064
0.998722
1.00032
1.00109
0.99987
0.998791
1.0003
0.999808
0.999562
0.999542
0.999718
1
1.00176
1.00038
1.00127
1.00114
1.00022
0.999386
1.00233
1.0003
1.0004
0.99948
0.999336
1.00146
0.999457
0.999336
0.999598
1.00185
1.00135
0.999776
1.00103
0.999089
1.00107
0.998344
1.00059
1.00111
0.999601
1.00142
1.00155
0.999981
1.00091
1.00115
0.999864
1.00089
0.999817
0.999565
1.00041
1.00056
0.99927
0.998334
1
1.00045
1.00152
1.00086
1.00019
1.00095
1.0024
0.999987
1.00131
1.00084
1.00172
1.00041
0.999992
0.999719
1.00222
0.999874
0.999428
1.00053
1.00164
1.00033
1.00129
0.999812
1.00073
0.998871
0.999996
1.00133
1.0011
0.99954
0.998045
0.999378
1.00041
1.00004
1.00087
0.999281
1.00141
1.00181
0.999573
0.999722
0.999869
1.00101
1.00105
0.998947
0.99979
0.99935
0.999765
1.00048
1.00012
1.00119
1.00076
1.00084
1.00115
1.00047
1.00067
0.999303
1.0008
0.999679
1.00188
1.0012
1.00031
1.00036
0.999947
0.998246
1.00144
1.00047
1.00136
1.00095
1.00084
0.999591
0.998639
1.00093
0.999814
1.00065
1.00124
1.00072
0.999272
1.00211
1.00131
0.998401
0.99901
1.00041
1.00019
1.00004
1.00078
0.99964
0.99901
1.00135
1.00158
1.00074
0.999137
1.00025
1.00005
1.0015
1.00052
0.99929
1.00011
1.00006
1.00021
0.999989
1.00069
0.999938
0.999602
0.999663
1.00043
0.999446
1.00125
0.999627
1.00175
1.00053
1.00067
1.00047
1.00196
1.003
0.999869
0.999491
1.00122
1.00178
1.00053
1.00022
1.00109
0.999755
1.00017
1.00106
1.00182
0.999154
1.00055
0.999822
0.999061
1.00101
0.999595
1.00295
1.0012
0.999361
1.00138
1.00113
0.999794
0.999467
1.00099
0.999768
1.0004
1.00058
1.00048
1.0002
1.00175
1.00027
1.00181
1.00034
1.00225
1.00022
1.00011
0.999451
1.00031
1.00082
1.00072
1.00052
0.99911
1.00112
1.0001
0.997647
1.00011
0.99977
1.00134
1.00154
1.00133
1.00057
1.00181
1.00041
0.99963
1.00021
1.00015
0.999449
1.00123
1.00165
1.00098
1.00224
0.999502
1.00055
1.00016
1.00215
1.00033
0.999944
1.00148
1.00042
0.999304
1.00145
1.00143
1.00188
1.00021
0.999473
1.00195
1.00148
0.999575
1.00138
1.00204
1.00136
1.00126
0.999868
1.00054
1.00061
1.00014
0.999769
1.00077
1.0023
0.999751
0.999939
0.999622
1.00198
1.00006
1.00083
0.998215
1.00101
1.00127
0.999072
1.00127
0.999459
0.999902
1.00169
0.998805
1.00118
1.00187
0.999759
0.999741
1.0003
0.999282
0.999245
1.00206
1.00089
1.00052
1.00043
1.0012
1.00083
1.00232
1.00133
1.00091
1.00093
0.999759
1.00028
0.999622
1.00046
0.998918
0.999255
0.998954
1.00351
1.00035
0.999935
0.999638
1.00141
1.00078
1.0002
1.00161
1.00129
1.00114
1.00062
1.00186
1.00189
1.00037
1.0012
1.00053
0.999454
1.00057
1.00216
1.00185
0.999854
1.00131
1.00078
0.999506
1.00029
0.999017
1.00088
1.00192
1.00024
1.00214
1.0005
0.999637
1.00213
1.00061
0.999602
1.00154
1.00168
1.00077
1.00074
0.998488
1.00104
1.00055
1.0003
1.00108
1.00041
1.00161
1.00203
1.00069
0.999215
1.00047
0.999622
0.998432
0.999679
1.00078
1.00145
1.00118
1.00029
0.999717
1.0013
0.999778
1.00113
1.00134
1.00154
1.00105
1.00183
1.00097
0.99988
1.00211
0.999921
1.00025
0.998885
0.997997
1.00131
1.0025
1.00065
1.0006
1.00056
1.00123
0.999419
0.999205
0.999792
1.00233
0.99971
0.999782
1.0016
0.999969
1.0014
1.0007
1.00018
1.00056
1.00026
0.999382
1.00065
1.00215
1.00135
1.00043
1.0009
1.00025
0.999677
1.00048
1.00253
0.999184
1.00014
0.999628
1.00211
1.00032
1.00075
0.999225
1.00113
0.99966
1.00046
1.00085
1.00193
0.999788
1.00178
1.00007
1.00013
1.00121
1.00219
1.00122
1.00071
0.999482
1.00071
0.997375
0.999887
1.0007
1.00105
0.999562
1.00042
1.00108
0.999241
0.999812
1.00201
0.999772
1.0001
1.00075
1.00259
1.00081
1.00231
1.00048
1.00157
1.00032
0.999643
1.00002
0.99978
1.00026
1.00003
0.998821
1.00018
1.00024
1.00011
0.999187
1.00132
0.99856
1.00045
0.999286
1.00031
1.0004
1.00293
0.998666
0.999615
0.999966
0.998553
0.999981
1.00218
0.999748
1.00055
1.0017
1.00059
0.999483
1.00039
0.999998
1.0033
1.00036
1.00219
1.00055
0.999259
1.00162
1.00195
0.999292
1.00152
1.00047
1.0004
1.00037
0.997797
1.00093
0.999881
1.00109
1.00076
1.00114
0.998572
1.00105
1.00128
1.0009
1.00086
1.00143
1.00199
1.00029
1.00042
1.00217
1.00116
0.999364
1.00006
1.00072
1.00176
1.00109
0.998975
0.999016
1.00078
1.00035
1.00056
1.00157
1.00019
1.00086
1.00024
0.999583
1.00079
0.999722
1.00099
1.0023
1.00053
1.00053
1.00042
1.00106
0.999473
1.00065
1.00039
0.99978
1.00271
1.00016
0.999527
1.00003
1.00031
0.998981
0.999903
0.999516
1.00091
1.00036
1.00127
0.99956
0.99648
1.00088
1.00249
0.999057
1.00084
1.00231
0.999114
1.00041
1.001
1.00032
0.999585
1.00112
0.9994
0.999019
1.00159
0.998398
0.999756
1.00087
1.00021
0.99919
1.00109
0.999652
1.00122
0.999257
1.00106
1.00083
0.999232
1.00184
1.00045
1.00013
1.00016
0.999856
1
1.00016
1.00081
0.999942
1.00013
1.00036
1.00079
1.00056
0.999278
0.99971
1.00173
0.998957
1.00154
1.00021
1.00019
1.00088
1.00029
0.999934
1.00103
1.00055
0.999868
1.00139
1.00048
0.999563
1.00103
1.00242
1.00075
0.999924
0.999022
1.00176
1.00046
1.00093
1.00048
1.0012
1.00026
1.00149
1.00314
0.998963
1.00027
1.00014
0.998173
0.99964
1.00124
1.00204
1.00027
1.00102
1.00028
0.999181
0.999181
1.00134
1.00214
1.00042
0.999159
1.00061
1.0012
0.998649
1.0013
0.99979
0.999803
1.00111
1.00208
1.00173
0.999572
0.999002
1.0018
0.999913
1.001
0.999879
0.999513
1.00111
0.999078
1.0007
1.00008
1.00095
0.998622
1.00076
0.999359
1.00119
1.00137
1.00368
1.0007
0.999379
0.999315
1.00143
1.00117
1.00001
1.0013
1.00076
1.00184
1.00052
1.0016
1.00082
0.999445
1.00061
0.99984
0.998803
1.00063
1.00135
1.00159
1.00111
1.00051
1.00002
1.00163
1.00057
1.00173
1.00081
1.00025
1.00048
0.998603
1.00109
1.0017
0.999803
0.999458
1.00245
1.00031
1.0003
0.999359
1.00091
1.00011
1.00045
1.00223
1.00073
0.999454
0.999805
1.00085
0.99842
1.00253
1.00015
1.00051
1.0001
1.00117
1.00199
0.999334
1.00259
1.00159
1.0012
0.999414
1.00059
0.999874
0.9991
0.998824
1.00027
1.00257
1.00059
1.00123
0.999975
1.00133
0.999922
1.00058
1.00043
0.999665
0.999784
0.999703
1.00092
0.999795
1.00048
1.00122
1.0002
1.00005
0.999757
1.00138
1.00045
1.00137
1.00021
0.999992
1.00028
1.00137
0.99994
1.00074
1.00032
1.00196
1.00027
1.0014
1.00028
1.00073
1.00135
1.00034
1.00069
1.00103
0.998939
1.0018
1.00106
1.0007
1.00072
1.00169
1.00007
1.00134
1.00046
1.00004
1.00108
0.9987
0.999853
1.00104
0.999975
1.00009
1.00224
1.00027
1.00227
0.999607
0.999319
0.999067
0.999085
0.99813
0.999829
1.00182
0.999626
0.998964
0.998754
0.999108
1.00016
1.00176
1.00029
1.00069
1.00101
1.00139
0.999278
1.00052
1.00051
1.00257
1.00055
1.00004
1.00102
1.0013
1.00057
1.00031
1.00097
0.999331
0.999447
0.999271
0.999443
0.999852
0.999216
1.00052
0.999901
1.00112
1.00029
1.00178
0.999771
0.999979
0.999446
1.00113
0.998782
1.00144
1.00147
1.00102
1.00011
1.00024
0.999834
0.998116
1.0012
0.999006
1.00272
1.00132
1.00108
1.00124
1.0006
1.00272
0.999127
1.00004
1.00137
0.999461
1.00057
1.00046
1.00149
1.00007
1.00161
0.998215
0.999923
1.00069
1.0009
0.999477
1.00071
1.00123
0.999255
1.00044
1.00098
1.00111
1.00182
1.00063
1.00069
1.00232
1.00206
1.00162
0.99935
1.00078
1.00285
0.99992
1.0012
1.00129
1.00242
1.00015
1.00212
1.00075
0.998984
0.999792
1.00148
1.00215
1.00184
1.00109
1.00141
1.00052
1.00134
1.00147
1.00144
1.00093
0.999697
1.00063
1.0001
1.0004
0.999763
0.999298
1.00117
0.999172
0.999025
0.999272
0.99948
0.998583
0.999751
1.0003
0.999771
1.00062
0.99977
1.00034
1.00096
1.00178
0.999389
0.999738
1.00052
1.00059
1.00082
0.999085
1.00142
0.999894
0.999795
1.0022
1.00052
1.00251
1.00058
1.00073
1.00008
1.00022
1.00032
1.00109
0.999388
1.00129
1.00059
1.00246
1.0007
0.999509
1.00174
0.999967
0.999592
1.00233
0.999459
1
1.0003
1.00177
0.999231
1.00069
1.00071
0.998558
1.00032
1.00078
0.999259
0.999775
1.00026
0.999307
1.00069
1.00004
0.998768
1.00107
1.00134
1.00038
1.00073
1.00141
1.00138
1.00052
0.999591
1.00223
1.00118
1.00176
1.00202
1.00082
0.99961
0.999429
0.998752
1.00136
0.999987
1.00092
1.00197
1.00058
1.00189
1.00135
1.00112
1.00301
1.0006
1.00059
1.00102
1.00058
1.00023
1.00193
1.00072
1.00251
1.00098
1.00163
1.0003
1.00125
1.00062
0.999302
1.00076
1.00034
0.999287
1.00265
1.00076
1.00202
0.999734
0.999154
1.001
1.00088
1.0025
1.00032
1.00265
0.999114
1.00112
0.998766
1.00024
1.00088
1.00094
1.00074
1.00007
1.00174
0.999591
1.00222
1.0024
0.999612
1.00074
1.00004
0.998834
1.00059
0.999737
1.00018
1.00078
1.00016
0.999168
1.00204
0.999326
1.00133
1.00061
0.999853
0.999098
1.00198
1.00082
1.00057
1.00009
1.00013
0.999374
1.00024
1.0006
1.00222
1.00068
0.998817
1.00045
1.00029
1.0003
0.99886
1.00083
1.00061
1.00152
0.998628
0.999499
0.999371
1.00188
1.00041
1.00183
0.999964
0.998868
0.999743
0.999733
0.998685
1.0002
1.00085
1.00047
0.999858
1.00078
1.00208
1.0005
0.999289
1.00144
0.999716
1.00034
0.999952
1.00087
0.997942
1.00048
1.0016
1.0003
1.00009
1.00043
1.0001
1.00142
0.999548
1.00022
1.00028
1.00101
1.00045
0.99997
0.999731
1.00183
1.00125
1.00166
1.00181
1.00026
1.00009
1.00018
1.0003
0.998852
0.999563
1.00118
1.00015
0.999992
1.00094
1.00038
1.00083
1.00043
1.00195
1.00042
1.00176
0.999598
1.00054
1.00149
0.999421
0.998727
0.999924
1.00046
1.00177
1.00152
0.99814
0.999328
1.00103
0.998389
1.00122
1.00138
1.0006
1
0.999144
1.001
0.998899
1.00041
1.00139
1.00115
0.998933
1.00087
1.00042
0.999261
0.998413
1.00088
0.999975
0.999789
1.00021
0.999269
0.998585
1.00298
0.997604
1.00197
1.00021
0.999519
0.998875
0.999873
1.00088
0.999422
1.00033
1.00054
1.00141
0.999746
1.00083
0.999808
0.998948
0.999797
0.999734
1.00144
1.00185
1.00059
0.999116
0.999255
1.00061
1.00027
1.00038
1.00113
0.999716
1.00221
0.9985
1.00058
1.00002
1.00062
1.00002
1.00045
0.999472
1.00092
1.00308
1.00275
1.00191
1.00101
0.999586
1.00063
1.00158
0.999621
1.00266
1.00197
0.999748
1.00236
1.00174
1.00068
0.999575
0.999513
0.998843
1.002
0.999548
1.00118
0.999504
0.999638
1.00014
0.999414
1.00106
1.00055
1.00117
1.00024
0.999903
1.00054
1.00054
1.00209
1.00219
0.999419
1.00009
0.999989
0.999825
1.00034
1.00196
1.00078
1.00249
1.00006
1.0016
0.999544
1.00032
1.00049
0.999407
0.999952
1.00125
1.00064
0.999858
1.00092
1.00011
0.999752
0.999777
1.00076
1.00068
1.00138
1.00025
1.00055
1.00061
1.00055
0.99969
0.9998
1.00167
1.00041
1.00093
1.00203
1.00049
1.00069
0.99837
1.00026
1.00076
0.999856
1.00166
1.0003
0.998621
0.998866
1.00068
0.999608
0.999375
1.00027
0.999622
1.0004
1.00051
0.999741
0.999197
1.00061
1.00088
1.00184
0.999235
1.00007
0.999955
0.998519
1.0013
1.00118
1.00257
0.999548
1.00315
1.00177
0.998845
0.999306
0.999071
1.00158
1.00102
0.999507
1.00068
0.998603
1.00093
1.00067
1.00055
1.00159
1.0005
1.0016
1.00106
1.0012
1.00136
1.00101
1.00128
1.00047
0.997474
1.00177
1.00106
1.00039
1.00162
1.00113
0.999944
1.00117
0.999058
1.00179
1.00068
1.003
1.00016
1.00111
1.00033
1.00076
0.999292
1.0002
1.00028
1.00082
1.00218
1.00063
1.00021
0.999649
1.00016
1.00087
1.00029
1.00089
1.00146
0.998746
1.00088
1.00158
1.00003
0.999684
1.00024
1.00259
1.00062
1.00316
1.00109
0.998818
1.00133
1.00123
1.00068
0.999304
0.999126
1.0009
0.999271
0.999985
1.00092
0.998437
1.00216
1.0016
0.999387
0.999084
1.00122
1.00074
1.00111
1.00084
1.0009
1.00085
1.00087
1.00165
1.00114
1.00252
1.00001
0.999964
1.00009
0.999601
1.00212
1.001
0.999896
1.00085
0.999739
1.00059
1.00119
0.999526
1.00005
1.00136
1.00135
0.999186
0.999956
0.998356
1.00016
1.00126
0.997833
0.999572
0.999244
1.00276
1.00083
0.999595
1.00084
1.00005
1.00098
1.00214
1.00215
1.00197
1.00034
1.00071
1.00106
1.00063
1.00058
1.001
1.00049
1.00067
0.999063
1.00016
0.999191
1.00167
0.999364
1.00058
0.999254
1.00107
0.999165
1.00197
1.00032
1.00201
1.00063
0.99996
1.00025
1.00096
1.00029
1.00186
1.0003
0.999409
1.00207
1.0022
1.00161
1.00051
1.00171
1.00044
0.999894
1.00169
1.0022
0.998903
0.999374
1.00022
1.00051
1.00007
1.00243
1.00006
1.00167
1.00035
1.00042
1.00212
1.00142
1.00051
0.999108
0.999811
1.00093
0.999844
1.00026
1.0019
0.999927
1.00012
1.00096
0.999693
1.00061
0.999006
0.999305
0.999142
0.999389
1.00221
0.999485
1.00026
1.00019
1.00103
0.998974
1.0007
0.999691
1.00198
1.00111
0.999151
1.00055
1.00051
1.00076
0.999566
1.00119
0.999018
1.0008
1.00007
1.00192
1.00193
1.00001
1.00107
1.00008
1.00105
1.00179
0.998805
1.00063
1.00048
1.00072
0.999144
1.00164
0.999168
0.998831
0.999816
1.00004
1.00096
1.00041
0.99988
1.00187
0.999756
1.00095
1.00011
1.0011
1.0014
1.00186
1.00209
0.999961
0.998876
1.00206
1.00144
0.999792
1.00062
1.00081
0.99976
1.00206
1.00099
1.00071
1.00045
1.00028
1.00181
0.999219
1.00103
1.00062
1.00044
1.00049
1.00142
1.00098
1.00123
0.999981
0.999611
1.00139
0.998808
1.00072
1.0009
0.998918
0.999676
0.999472
0.999934
1.00201
1.00111
1.00076
1.0001
1.00063
1.00088
1.00092
1.00101
0.998656
0.999951
1.00053
1.00187
0.998721
1.00086
0.998877
1.00233
0.999678
1.00052
1.00127
0.99891
1.00123
0.999274
1.00061
1.00111
1.00036
0.999917
1.00135
1.00109
1.00033
0.999597
1.00187
0.999353
1.00016
1.0003
0.999486
1.0018
1.00201
1.00109
1.00044
0.999449
1.00018
1.00091
1.0001
1.00118
0.998877
1.00172
1.0005
1.0002
1.00035
0.99933
0.99995
1.00126
1.0008
1.00101
1.00141
1.00046
1.00052
0.999047
1.00123
0.999736
1.00147
0.998464
0.999966
1.00133
1.00112
0.999604
1.00141
1.00216
1.00203
0.999401
1.00088
0.999954
1.00014
1.00117
1.00092
0.999804
0.999005
1.00256
1.00165
1.00196
1.00051
0.998413
1.00032
0.999735
0.999063
1.0005
1.0003
1.00056
1.00013
1.00211
0.999552
1.00042
0.99876
1.00076
0.998423
1.0001
1.00165
1.00088
1.00162
1.00032
0.99935
1.00019
0.997942
1.00161
1.00054
1.00107
1.00027
1.00085
0.998873
1.00155
1.00003
1.00039
1.0013
1.00088
1.00251
1.0012
1.0009
1.00021
1.00002
1.00054
1.00108
1.0008
1.00083
0.999091
1.00012
1.0007
1.00141
1.00123
1.0009
0.999528
0.999677
1.00088
1.00055
1.0007
1.00165
1.00018
1.00159
1.00071
0.998997
0.999082
1.00133
1.00027
1.00029
1.00174
0.999719
1.00083
0.999598
0.999816
1.00256
1.00054
0.999179
1.00016
1.00016
1.00066
1.00138
1.00016
1.00134
1.00076
0.999127
1.00008
1.00149
1.0016
1.00046
0.999509
1.00091
1.00018
1.00183
0.999698
1.00028
1.00136
1.00054
1.00119
1.00083
0.999263
1.00139
0.999674
1.00011
1.00023
1.00196
1.00214
1.00159
0.999905
1.00075
0.999597
1.001
1.0007
1.00015
0.999722
0.999865
1.00242
0.999817
1.00015
0.999292
0.998562
0.99856
0.998857
1.00028
1.00243
0.999147
0.998853
1.00065
1.00246
0.999323
1.00089
0.999223
1.00126
0.998936
0.999614
1.00112
1.00182
0.998611
1.00078
0.999428
1.00077
1.00119
1.00112
1.00025
1.00064
1.00044
0.999255
1.00092
1.00041
0.998947
1.00092
0.999702
1.00043
1.00168
1.00027
0.999099
1.0001
0.999824
1.0008
0.999117
0.999716
1.00052
0.999481
0.999603
1.00049
1.00143
1.00006
0.999759
1.00112
1.0018
1.00028
0.999772
1.00169
0.999701
1.00028
1.00108
1.00057
1.00202
1.00031
0.999404
1.00015
1.00107
0.999734
0.999876
1.00054
0.999609
1.00099
1.00056
1.00014
0.999475
1.00293
1.00007
1.00189
0.998485
1.00055
1.00057
1.00093
1.00087
1.00104
0.99964
0.999987
0.999485
1.00087
1.00075
1.00095
1.00129
0.999091
0.999963
1.00122
1.00061
0.999454
1.00255
1.0008
1.00036
1.00149
1.00027
1.00099
1.00156
1.0019
0.999777
1.00148
1.00011
0.998645
1.00064
1.00095
1.00104
1.00112
1.00005
1.00197
0.999213
0.999672
1.00031
1.00127
0.999244
0.999278
1.00004
1.00147
1.00028
1.00088
0.999854
0.99726
1.00082
1.00173
1.00062
1.00176
0.999013
0.999897
1.00054
0.998224
0.998965
1.00104
1.00031
0.999554
0.999655
1.00156
1.00081
1.00095
0.999707
1.00122
0.998984
0.999703
1.00093
0.999292
1.00145
0.998709
1.00158
1.00054
1.00128
1.00071
1.00102
0.999492
1.00034
1.00344
1.0016
1.00073
1.00045
0.999187
1.00027
0.999074
0.998752
0.998694
0.999489
0.999291
1.00173
1.00142
0.998765
1.00039
1.00163
1.00162
0.999218
1.00142
1.00069
1.00125
1.00123
0.999638
1.00124
1.00058
1.00067
1.00077
0.999632
1.00008
0.999838
0.998286
1.00046
1.00058
1.00041
1.00014
1.00003
1.00117
1.00114
1.00004
0.999221
1.00006
1.00085
1.00081
1.00014
1.00023
1.0001
1.00119
1.00131
1.00109
1.00114
1.00229
0.999761
1.00138
1.00013
1.00114
1.00213
1.00011
0.999472
1.00034
1.00091
1.00125
1.00051
1.00177
1.00073
1.00164
1.00063
1.00155
1.00187
1.0001
1.00299
1.00099
1.00111
0.999136
1.00061
0.998984
1.00102
1.00034
1.00198
1.00096
1
0.999705
1.00061
0.999311
1.00047
1.00145
1.00067
0.998778
1.00016
1.00075
0.999748
1.00005
1.00067
1.00064
1.0012
1.00009
1.00052
1.00156
0.999887
1.00012
0.998461
1.00013
1.00156
1.00079
1.00131
1.00153
1.00064
0.999004
1.00032
1.00114
1.00071
1.00032
1.00087
1.00067
1.00112
1.00141
1.00178
1.00042
1.00162
1.0001
0.998116
1.00034
0.999628
1.00095
1.00037
1.00006
1.00052
1.00126
1.00113
0.999958
1.00067
1.00085
1.00218
1.00069
1.00099
0.999774
1.00054
1.00171
0.999094
1.00141
1.00034
0.999921
1.00201
1.00112
0.999506
1.00074
1.00034
1.00121
1.00124
0.999732
1.00098
1.0016
1.00134
1.00061
0.998711
1.00043
1.0007
1.00137
1.00051
1.0006
1.00069
0.999367
0.999306
1.00035
0.999291
1.00126
0.998124
1.00057
1.00186
1.00056
1.0003
1.00232
1.00257
1.00078
1.00018
1.00032
1.00097
1.00049
0.999839
0.999532
1.00023
0.997805
1.00247
1.00014
1.00099
0.99969
1.00064
0.999812
1.00188
0.99964
1.00007
1.00076
1.00048
1.00001
1.00023
1.00133
0.999324
1.00084
1.00122
1.00113
0.998896
1.00195
1.00129
1.00011
1.00105
1.00242
1.00015
1.00144
1.00185
1.00077
1.00223
1.00057
1.00049
0.999468
1.00162
0.999094
0.998485
1.00129
1.00052
1.00116
1.0004
0.999676
1.00018
0.999391
1.00026
1.00103
0.999011
1.00044
1.00014
0.998771
1.00345
1.00052
0.997519
0.999607
0.99771
1.00157
1.00029
1.00195
1.00048
1.00068
1.00049
1.00038
0.99826
0.999388
1.00197
1.00164
1.00026
1.00121
1.00023
1.00017
0.999972
1.00011
0.999989
1.00125
0.999755
1.00134
1.002
1.00097
1.00015
1.00089
0.99962
1.00034
0.998959
1.00072
1.00106
1.00097
1.00007
1.00082
1.00163
0.999799
1.00117
1.00212
1.00088
0.999523
1.00166
1.00066
0.998842
1
1.00136
0.999954
0.999732
0.999935
0.998997
1.00065
0.999815
1.00004
1.00217
1.00024
1.00093
1.00122
1.0012
1.00054
0.999873
1.00046
1.00119
1.00064
0.998869
0.999077
0.999094
1.00039
1.00101
1.00011
0.998709
1.00094
0.999627
1.00119
1.00076
1.00021
1.00085
0.999987
1.00247
0.999929
1.00028
1.00247
1.00166
0.999937
0.999106
1.00033
1.00018
0.999389
1.00327
1.00255
1.00124
1.00234
1.0012
1.00097
1.00014
1.00037
1.00018
1.00081
1.00144
1.00022
1.00102
1.0016
0.999551
0.999206
0.999899
0.998593
0.999616
1.0003
1.00031
0.999649
1.00197
0.999139
1.00017
1.00146
1.00089
0.999804
1.00137
0.999951
1.00015
0.999658
0.999862
0.999199
1.00086
0.999243
1.00126
1.0014
1.0006
0.99985
0.999375
1.00019
1.00117
1.00102
0.999723
1.00084
0.998798
1.0017
0.999747
1.00146
1.00012
1.0003
1.0011
1.00075
1.00022
1.00072
1.001
1.00225
1.00088
1.00092
1.00029
1.00173
0.99959
0.999581
0.999259
1.00049
0.999242
1.00077
0.999245
1.00103
1.00212
1.00228
0.999641
1.00095
1.00119
1.00075
1.00055
1.00096
1.00029
0.999099
1.00196
1.00014
1.00109
0.999476
0.999179
1.00074
1.00251
0.999842
1.00151
1.00105
0.999584
1.0021
1.00048
0.999973
0.999256
1.00044
0.99949
1.00117
1.00165
0.999967
0.999459
0.99932
1.00108
1.00028
1.00064
1.00017
0.999444
0.998915
1.00129
1.00017
1.00154
1.00224
1.00241
1.00146
0.999983
1.00084
1.00373
1.00101
1.00027
1.00189
1.00109
1.00088
1.00069
1.00035
0.999279
1.00073
0.999371
1.00014
1.00066
0.999688
0.99985
1.0008
0.999952
1.001
1.0006
1.00112
1.00199
1.00014
1.00078
0.999265
1.00014
1.00091
1.00048
1.00031
0.999491
0.999469
1.00157
1.0001
0.999564
1.00001
1.00087
1.00131
1.00322
0.999893
1.00182
1.00086
1.00145
1.00083
1.00184
1.00074
1.00178
0.999232
1.00217
0.999515
1.00154
1.00006
1.00129
1.00106
1.00051
1.00059
1.00061
0.998956
0.999085
1.00282
1.00101
1.00148
0.999725
1.00256
0.997926
1.00199
0.999074
1.00051
1.00134
1.00028
1.00017
0.99988
1.00092
0.999152
1.00058
0.998708
1.0005
0.999228
0.999797
1.00003
1.00031
0.999961
1.0028
1.00061
0.999818
1.00131
1.00047
0.99799
0.999119
0.999677
1.00022
1.00124
1.00213
1.0012
0.999909
1.00006
1.00125
0.998715
1.00114
1.00165
1.00299
1.00099
0.999996
1.00095
0.999638
1.00053
1.00087
0.99973
1.00309
1.0017
0.999994
1.00153
1.00124
1.00113
0.999663
1.00047
1.00072
1.00086
1.00151
0.998901
1.00052
1.00008
1.00183
1.0002
1.002
0.999823
1.00278
1.00164
1.0012
0.999845
1.00091
1.00026
1.00116
1.00095
1.00165
0.999548
0.999595
0.999254
1.00029
1.00174
0.999061
1.00242
1.00058
1.00005
0.998892
0.998725
1.0001
0.998175
1.00076
0.999408
0.999572
0.999721
1.00091
1.00049
1.00087
0.999477
1.0005
0.999787
1.00093
1.00205
0.999587
1.00074
0.998762
0.999495
1.00135
0.999565
1.00239
1.00017
0.999975
1.00025
1.00053
1.00277
0.999977
0.999724
1.00064
1.0002
1.00056
1.00141
0.998252
1.00121
0.99908
0.99964
1.00162
0.999276
0.997601
1.0004
0.998535
1.00035
1.00181
1.00039
1.00064
1.00064
0.99935
1.00207
1.00045
0.999968
1.00115
1.0004
0.9997
1.0017
1.00274
0.998529
1.00164
1.00102
1.00095
0.999566
0.999889
0.999727
0.999908
0.998945
1.00228
1.0006
0.999544
1.00212
1.00019
0.999714
0.998425
1.00058
1.00075
1.00162
0.999327
0.998933
1.00245
0.999507
0.999112
1.0017
0.99755
1.00072
0.999925
1.00065
1.00077
1.00085
1.00013
0.999216
1.00195
1.00231
1.00014
1.00035
0.998326
1.0013
0.998877
1.00113
0.999446
1.00069
0.998209
1.00167
0.998148
0.999043
1.00164
1.00126
0.999851
0.998885
1.00062
0.999831
0.9995
0.998554
1.00043
1.00095
1.00123
1.0018
1.00004
1.00038
0.998841
0.99962
1.00139
0.99959
1.00162
1.00159
0.999144
1.00089
1.00122
1.00115
1.00214
1.00119
0.999605
1.00189
0.998982
0.998447
1.00063
1.00127
0.999294
0.999882
0.997647
1.00225
0.999778
1.00152
1.00162
1.00094
1.00117
0.999903
0.999727
1.00106
0.998944
1.00221
1.00101
1.00169
1.00154
0.999506
1.00144
0.999265
1.0015
1.00064
1.00016
1.00024
0.999878
1.0011
0.999941
1.00049
1.00036
1.00028
0.998302
0.998998
1.00056
1.00061
0.999515
1.00201
0.99982
1.00184
1.00218
1.00234
1.00069
1.00136
1.0007
1.00176
1.00034
0.999771
1.00064
0.999557
0.999806
1.00103
0.998106
1.001
1.00089
0.999873
1.00023
1.00021
1.00116
1.00161
1.00119
1.00056
1.00078
1.00072
0.999751
1.00002
1.00093
1.00171
1.002
1.00118
0.999919
1.00142
1.00076
1.00084
1.00089
1.00034
1.00119
1.00014
1.00051
0.998476
0.999288
1.00163
1.00144
1.00091
1.00216
0.999346
0.99981
1.00023
1.00087
1.00159
1.00003
1.00065
1.00146
1.00054
1.00165
1.00174
1.00127
0.999697
0.999774
1.002
0.999571
0.998832
0.998862
1.00102
0.998827
1.00051
1.00024
1.00074
1.00148
0.999688
0.999986
1.00107
1.00203
1.00153
1.00074
1.00072
1.00055
1.00011
1.00014
0.999253
1.00216
1.00094
1.00037
1.0011
1.00136
1.00039
0.998874
1.00004
1.0011
0.998478
1.00155
0.999592
1.00175
1.00158
0.999766
1.0001
1.00043
1.00058
0.999673
0.998509
1.00059
0.998727
1.00014
1.00012
0.999411
0.999429
1.00187
1.00001
0.999917
1.00131
1.00155
0.999253
1.00092
1.00072
1.00148
1.00082
0.998708
0.999863
1.00107
0.999516
0.999038
1.00079
1.00298
1.00017
1.00012
1.00089
1.00169
1.0005
0.999695
1.00076
1.00072
0.998718
1.00011
1.00186
0.998976
1.00075
1.00192
1.0003
1.00092
1.00047
1.00005
1.00166
0.999089
1.0011
1.00075
1.00149
1.0011
1.00055
1.00023
0.999559
1
0.999743
0.99967
1.00014
0.999642
1.00251
1.00237
1.00073
1.00106
1.00087
1.0009
1.00018
1.00126
1.00039
0.99926
0.999619
1.00129
0.999864
0.999474
1.0001
1.00081
1.0007
1.00036
1.00105
0.999938
0.999778
1.00198
0.999764
1.00073
1.00248
0.999898
1.00014
1.00045
1.00089
1.00095
1.00082
0.999603
1.00235
1.00056
0.999088
1.00092
1.00125
0.998825
0.999823
0.999615
1.00084
0.999763
1.00154
1.00223
1.00157
1.00049
1.0015
1.00161
1.00034
0.998684
1.00154
1.00196
0.9996
1.0015
1.00131
1.00187
1.00008
0.998931
1.00098
1.0006
0.999161
1.00184
0.998814
0.99945
0.999198
0.998999
1.00068
0.999825
0.999149
0.999448
0.998744
1.00201
1.00082
1.00026
1.00042
1.00104
1.00065
1.0019
0.99931
1.00231
0.999279
1.00094
1.00074
0.999571
1.00012
0.999037
1.00065
0.999451
0.999378
1.00021
1.00111
1.0021
1.00103
1.00034
0.999884
1.00034
0.999605
0.999956
1.00035
0.99915
1.00059
1.00042
1.00051
1.00156
1.00086
1.0003
1.00039
1.00155
1
1.00129
1.00008
1.0003
1.00057
1.0007
1.00069
0.999239
1.0006
1.00013
1.00129
1.00202
1.00279
1.00044
0.999488
1.00022
1.00122
0.999535
0.999321
1.00182
1.00055
0.999741
1.00044
1.00198
1.0017
1.00136
1.00174
0.998687
1.00202
1.00169
1.00027
1.001
1.00109
1.0009
1.00005
1.00082
1.00039
0.999977
1.00138
0.999924
1.00013
0.999729
0.999573
1.00048
1.0013
1.00131
0.999752
1.00045
1.00009
0.999645
1.00127
1.00158
1.00011
1.00057
1.00083
1.00047
1.001
1.00037
0.999668
0.999503
1.00023
1.00102
1.00021
1.00019
1.00104
1.00141
1.00212
0.998842
1.00103
1.0007
1.00181
0.99989
1.00218
0.999168
1.0001
1.00091
1.00103
0.999192
1.00051
0.999924
1.00263
1.00099
1.0004
0.999574
1.00041
0.998779
1.00241
1.00154
1.00109
0.99912
0.999334
1.00127
1.00117
1.00051
1.00171
1.00056
0.999968
1.00053
0.999904
1.00056
0.999105
1.00078
0.999158
1.00056
1.00016
1.00119
0.998516
1.00113
1.00093
0.999515
1.0013
0.999532
0.999139
1.00083
0.999894
1.00027
0.999647
1.00002
0.99977
1.00093
0.999115
1.0006
1.0012
1.00022
0.999586
0.999556
1.00127
1.00007
0.999873
0.999895
1.00108
1.00219
0.998304
1.00025
1.00095
1.00077
1.00305
0.999735
1.0011
1.00178
0.999227
1.00045
0.999639
0.99917
1.00007
1.00071
1.00067
1.0018
0.999874
1.00107
1.00168
0.999906
1.00088
1.0014
1.00043
0.999763
1.00053
0.999356
1.00088
0.999546
1.00174
1.00004
1.0001
0.999907
1.0009
1.00109
1.00033
1.00176
1.00069
1.00036
1.00196
0.999159
0.999677
0.998546
1.0003
1.00031
1.0014
1.00177
0.998438
1.00112
1.0008
1.00135
1.00166
0.999575
1.00241
1.00051
1.00039
1.00074
1.00067
0.999625
1.00023
1.00005
0.99973
1.00124
1.00069
1.00178
1.00009
0.999746
1.00061
1.00127
1.00029
1.0007
1.00036
0.999491
1.00022
0.99976
0.999669
1.00119
1.00043
1.00068
1.00203
1.0004
1.00207
0.999177
1.00007
1.00112
1.00046
0.999801
1.00134
1.00041
1.00168
1.00002
0.999835
1.00087
1.00021
1.0002
1.00004
0.998949
1.00244
1.0011
1.00028
0.999651
1.00181
0.998752
1.00192
1.00035
1.00221
1.00019
1.00026
0.998532
1.00023
0.997456
0.999727
0.999442
1.00035
1.00007
0.999336
0.999184
0.999757
1.00065
0.999004
1.00156
0.999755
1.00031
1.00161
1.00043
1.00212
1.00124
1.00024
0.998477
1.00148
0.999969
1.00047
1.00039
0.999518
0.999673
1.00028
0.999215
0.999818
1.00177
1.00113
1.00035
1.00142
1.00121
1.00043
1.00102
1.00047
1.00101
1.00167
0.999772
1.0016
0.999897
1.00019
0.999066
1.00088
1.00079
0.999981
1.00148
1.00244
1.00095
0.999885
0.999419
0.999253
1.00001
1
0.999877
1.00137
1.00112
0.999903
1.00045
0.999221
1.00208
0.999628
1.00058
1.0017
1.00132
1.002
0.999696
1.00079
1.00209
1.00034
1.00091
0.999593
1.00042
1.00133
1.00073
1.00066
1.00151
1.00224
1.00091
0.999889
1.00026
1.00137
1.00155
1.00103
1.00045
1.00066
0.999939
1.00152
1.00187
0.99976
1.00231
0.999054
1.00086
1.00071
1.00082
0.999891
1.00042
1.00224
1.00018
1.00121
1.00045
0.998918
1.00034
0.999998
1.00034
0.999455
0.999444
1.00209
1.00114
1.00072
0.999894
0.99923
0.999989
1.00163
0.998382
1.00159
1.00177
1.00065
1.00078
1.00008
1.00113
0.999132
0.999604
1.00131
1.00141
0.999347
1.00208
0.999796
0.999918
0.9998
1.00086
1.0009
1.00091
0.999362
1.00128
1.00002
1.00129
1.00077
0.999285
0.998437
1.00085
1.00069
0.999895
1.00065
0.999864
1.00115
1.00137
1.0008
1.00048
1.00138
1.00134
0.998853
1.00095
0.999957
1.00101
1.00133
1.00033
1.00059
1.00019
1.00104
1.00076
0.999079
0.999994
1.00312
1.00016
0.998454
1.00125
1.0011
1.00146
1.0008
1.0021
0.998706
1.00124
1.00148
1.00226
0.999722
0.999614
0.999185
1.00007
1.00116
1.00109
1.00182
1.00057
0.997025
1.00058
0.998575
0.999474
1.00157
1.00179
1.00146
0.999732
1.00145
1.00194
1.00078
1.00157
0.999071
1.00124
1.00019
0.998831
1.00103
1.00163
1.00157
1.00121
1.0007
0.999295
0.999626
1.00142
0.999162
1.00128
1.00081
0.999861
0.999381
1.00056
1.00218
1.00179
1.00061
1.00116
1.00141
1.00051
1.00043
1.00167
0.999721
0.999085
1.0004
1.00305
0.998954
1.0019
1.00124
1.00189
1.00038
1.00169
0.998875
1.0027
0.999392
1.0019
0.998379
0.999523
0.999501
0.999107
0.997767
1.00037
1.00215
1.00159
0.998863
0.999631
1.00144
1.00259
1.0008
1.00029
1.00164
1.00122
0.999455
0.999269
1.0007
1.00162
1.00064
1.0017
0.999967
1.00133
1.00116
0.999089
0.997862
0.99971
0.998499
1.00031
1.0009
0.999515
1.0004
0.999115
0.999489
1.00142
1.00091
1.00174
1.00197
1.0001
1.00118
1.00088
1.0016
1.00187
1.00078
0.999062
1.00172
1.00139
0.999579
1.00134
1.00108
1.00117
0.999722
1.00026
1.00014
1.00098
1.00075
1.00175
1.00006
1.00056
0.999735
0.999587
1.00057
1.00166
0.999603
1.00078
0.999742
1.00128
0.999871
1.00066
1.00028
1.00138
1.00099
1.00002
1.00096
1.00143
0.99967
1.0025
1.00195
0.999017
0.999882
1.00025
1.0014
1.00051
1.00062
1.00002
1.00089
1.00253
0.999769
1.00106
1.00176
1.00201
1.00191
0.999811
1.00053
1.00098
1.00077
1.00076
1.00066
1.00017
0.999676
0.999699
1.00101
1.00096
1.00033
0.998443
1.0015
1.00092
1.00165
1.00139
1.00125
1.00005
0.999927
1.00163
0.999119
1.00119
1.00032
0.999085
1.00014
1.00128
1.0006
1.00098
1.00082
1.00186
1.00116
1.00029
1.00004
1.00226
1.00089
1.00035
1.00095
1.00094
0.999072
1.00028
1.00147
0.998446
1.00173
1.0005
1.00108
0.999366
0.999505
1.00155
1.00114
1.00073
0.99968
1.00132
1.00347
0.999573
1.00099
0.999355
1.00147
1.00085
1.00241
1.00152
1.0009
1.00082
0.99978
1.00056
0.998235
1.00027
1.0017
1.00039
1.00034
1.00106
1.00072
0.99985
1.00103
1.002
1.00074
1.00072
1.00058
0.999435
0.999363
0.99858
1.00181
1.00064
1.00174
0.999534
1.0006
1.00149
1.00001
1.00181
1.00072
1.00102
1.00124
1.00084
0.998517
1.00108
1.00055
1.00002
0.998728
1.00021
1.00079
0.999213
1.00204
1.00027
1.00103
1.00079
1.00031
0.997989
0.999702
0.99937
1.00183
1.00017
1.00027
1.00068
1.00039
0.997692
1.00006
1.0005
1.00105
1.00012
1.00231
1.00151
0.999752
1.00093
0.999796
1.00052
0.999247
0.999305
1.00171
0.999667
1.00247
1.00197
1.00067
1.00092
1.00102
0.99961
1.00019
1.00016
1.00177
0.999483
1.00027
1.00008
0.999801
0.999575
0.998855
1.0022
1.00038
1.00073
1.00217
0.999553
0.999515
1.0007
1.00099
1.00114
0.999122
1.00072
0.999699
0.999436
0.998931
0.999722
1.00002
1.00182
1.00269
1.00212
1.00264
0.998515
1.0003
1.00132
1.00183
1.00152
1.0006
0.999371
0.997943
1.00017
1.0011
1.00086
1.00245
1.00076
0.999675
1.00126
1.00093
1.00111
0.999678
0.998698
1.00063
1.00017
0.999903
1.00127
0.998647
0.998517
1.00075
1.00036
1.0005
1.00074
1.00085
0.999987
1.00212
1.00109
1.0007
1.00131
1.00065
0.999751
1.00043
1.0017
1.001
0.99865
1.00004
1.00107
1.00229
0.998837
0.999896
0.999119
1.00005
1.00078
1.00089
0.998201
1.00032
1.00126
1.00023
1.00134
1.00071
1.00095
1.00082
1.00014
0.999779
0.999093
1.00131
1.00014
1.00063
0.998923
0.999787
0.999948
1.0005
0.999651
1.0007
1.00007
0.999753
1.00106
1.00012
1.00018
0.999471
1.00064
1.00128
1.00086
1.00001
1.00235
0.998615
0.99984
1.00155
0.998418
0.999598
1.00064
1.00099
0.998071
1.00044
0.999714
0.997701
0.999085
1.00229
1.00104
1.00014
1.00215
1.00192
1.00052
0.999754
1.00082
0.999649
1.00083
1.00066
1.00131
1.0019
1.00092
1.0007
1.00046
1.00026
1.00223
1.00068
0.999217
1.0006
1.00161
0.999959
0.999518
1.00019
1.0001
1.00156
1.00124
1.00136
1.00047
1.00112
1.00046
1.00186
1.00034
1.00009
1.00157
1.00009
0.999163
1.0015
1.00295
0.998676
0.999556
1.00105
1.00029
1.00072
1.00124
1.00102
1.00152
0.999113
1.00217
1.00137
1.00049
1.00018
1.0018
1.00099
1.00108
1.00093
1.00148
1.00014
0.999545
1.00011
0.99956
0.999973
0.998903
1.00301
0.999663
0.999282
1.00077
1.00102
1.00047
1.00021
1.00016
1.00017
1.00164
1.00007
0.999921
0.999066
1.00151
1.0026
1.0001
1.00008
1.0003
0.999196
1.00064
0.999949
1.00135
1.00009
0.999541
0.999913
1.00042
1.00067
1.00161
1.00073
0.999381
1.0012
1.00099
0.998611
0.998678
1.00027
1.00148
0.999611
0.999924
1.00095
0.997487
0.998951
1.00033
1.00227
1.00002
1.00042
1.00028
0.998909
1.00083
1.00054
0.998612
1.00116
0.999582
0.999848
1.00189
1.00132
0.999871
0.998662
0.999054
1.00126
1.0014
1.00087
0.998179
1.00022
0.999363
1.00116
1.00146
0.99935
1.00072
1.00175
1.00157
1.00083
1.0008
0.998534
1.00127
0.998544
1.00049
0.99986
1.00125
1.00104
1.00093
1.00051
0.999687
1.0002
1.00087
1.00053
1.00017
1.00243
0.99999
0.999985
1.00158
1.00084
1.00278
1.00152
0.999004
1.00022
0.999582
1.00082
1.0003
1.00172
1.00228
1.00105
1.00052
1.00008
1.00122
1.0011
1.00041
0.999389
0.9997
0.999621
1.00143
1.00307
1.00092
1.00034
1.00072
1.00226
1.00142
0.999605
0.999646
0.999081
1.0016
1.0011
0.999202
0.999495
0.999719
0.999331
1.00025
0.999338
1.00199
1.0001
0.999852
1.00192
1.00031
1.00079
1.0016
1.00072
0.999444
1.00016
1.00149
0.998164
1.00088
1.00117
0.999637
1.0021
1.00153
1.0019
1.00102
0.99917
1.00238
0.999798
1.00088
0.999833
1.00042
1.00039
0.997813
1.00126
1.00079
1.00072
1.00037
1.0009
0.999109
1.00164
1.00075
1.00105
1.0005
0.998613
1.00042
0.9989
1.00003
1.00063
1.00261
1.00046
0.999053
0.999339
1.00001
0.998525
1.0012
1.00085
0.998781
1.00012
1.00013
1.00068
0.999111
1.0012
1.00133
0.999105
1.00003
1.00042
0.999313
1.0012
1.00152
1.00141
1.00102
1.00086
0.999242
0.998277
0.999487
1.00075
0.999805
1.00002
1.00052
1.00085
1.00073
1.00054
1.00087
0.999129
1.0019
1.00165
0.998698
1.00048
0.9994
1.00054
1.00043
1.0004
0.998821
0.999094
0.99898
1.00078
0.999228
0.999857
1.00064
0.999801
0.999797
1.00036
0.999604
1.0014
1.0012
1.00289
0.999747
1.00171
1.00142
0.999679
0.999147
1.00052
1.00114
0.998943
0.997901
0.999148
0.999493
1.00024
1.00208
1.0013
1.00141
1.00117
0.999792
1.00001
1.00088
0.997615
1.0001
1.00102
1.00071
1.00042
0.999771
1.00051
1.00005
1.00056
1.00095
1.00198
0.999127
0.998924
1.00302
0.999929
0.999905
1.00057
0.999481
1.00005
1.001
1.00107
1.00061
1.00335
1.00017
1.00093
0.999695
1.00006
1.00206
0.99938
1.00121
0.999107
0.999052
1.00112
1.00142
1.00167
0.99996
1.00066
1.00033
1
1.001
1.00016
0.998824
1.0002
1.00169
0.999871
1.00039
0.999553
1.00025
1.00295
0.999752
1.00123
0.999738
0.999062
1.00174
0.999735
1.00099
1.00021
1.001
1.00246
1.0003
0.999656
0.999826
1.00023
0.999772
1.00057
1.00253
1.00045
0.999032
1.00155
0.999082
1.00104
1.00069
1.00002
0.999659
1.00316
1
1.00088
1.00037
0.998805
1.00124
0.999665
1.00083
1.00168
0.998581
1.00134
1.00059
1.00108
0.998951
0.999394
0.999233
1.00173
1.00118
1.00086
1.001
0.998809
1.00057
1.00043
0.999919
1.00116
1.00126
0.9998
0.998793
1.0012
0.998977
1.00132
1.00132
0.999955
1.0007
1.00046
1.00088
1.00042
1.00112
1.0025
1.00067
0.998693
0.999157
1.00023
1.00124
0.999581
1.00044
0.997957
0.999975
1.00194
0.999651
1.0019
1.00058
1.00042
1.00172
1.00205
1.00007
0.998732
1.00105
1.0004
1.00141
1.0009
1.00074
1.00011
1.00042
0.998819
1.00108
0.999185
1.0025
0.999631
1.00104
1.00226
1.00171
1.00067
0.999868
0.999967
1.00047
1.0004
0.999784
0.999292
1.00029
0.999407
1.00111
1.00074
1.00088
1.00073
1.00056
1.00243
1.00018
1.00049
1.0003
0.999944
1.00054
1.00002
1.00023
0.999994
1.00029
0.999508
1.00118
1.00065
1.0009
1.00119
1.00211
1.00026
1.0025
1.00009
1.00067
1.00015
1.00016
0.999
1.00183
0.999881
1.00196
1.00094
0.999975
0.999249
1.0001
1.00147
0.999706
1.00056
1.001
1.00185
1.00043
1.00073
0.999259
1.00083
1.00163
1.00069
1.00215
1.00195
1.00003
1.00003
1.0001
1.00089
1.00071
1.0009
1.00058
0.998969
0.999403
0.999897
0.999842
1.00024
0.999685
1.0007
1.00027
1.0006
0.999609
1.00096
1.00195
0.998794
1.00071
1.00008
1.00032
0.99973
1.00057
1.00039
0.999151
1.00123
1.00144
1.00275
1.0005
1.00025
1.00152
1.00028
1.00081
1.00078
1.00195
0.998847
1.00058
1.00157
1.00092
1.00029
0.999879
0.998213
1.00026
1.00031
0.999374
1.00096
1.00087
1.00216
1.00181
0.999421
1.00203
1.00032
0.999914
1.00121
0.999756
1.00026
0.998781
1.00354
1.00053
1.00077
0.999794
1.00012
1.00121
0.998545
1.00017
1.00276
0.999012
1.00118
0.999502
1.00147
0.999468
1.00002
1.00085
0.998294
1.00121
1.00225
1.00036
1.00022
0.99979
0.999415
0.999713
1.00082
1.00122
0.999837
0.999296
1.00147
1.00049
1.00054
0.998814
1.00034
0.999252
0.999808
1.00082
0.999855
1.00137
1.00094
0.999326
1.00035
0.99968
1.00222
1.00043
1.00035
1.00035
1.00182
1.00208
1.00107
1.00181
1.00017
1.00174
1.00063
0.999221
0.999733
0.99885
1.00172
1.00022
1.00093
1.0008
0.999404
1.00042
0.999134
1.00019
1.00102
1.00009
1.00105
1.00018
0.999973
1.00034
0.999172
0.999115
1.0004
1.00124
1.00179
0.999888
1.00065
1.00023
0.99908
0.999059
1.00062
0.997917
1.00269
1.00027
1.00033
0.999601
1.00002
0.999813
1.00179
1.00135
1.00063
0.998803
1.00104
1.00131
1.00024
0.999185
1.00075
1.0024
0.999275
0.999712
0.998429
1.00004
1.00075
1.00027
0.999269
1.00124
1.00088
1.00253
1.00133
1.00197
1.00024
1.00101
0.997502
1.002
1.00062
1.00181
1.00101
0.99959
0.999102
1.00288
1.00096
1.00057
1.00085
1.00108
1.00133
1.00169
0.999195
1.00039
0.999504
0.999672
0.998833
0.99941
1.00071
1.00078
1.00201
0.999756
1.00001
1.0014
1.00067
0.998594
1.00106
1.00123
1.00035
1.00312
1.00185
1.00077
0.999994
1.00105
0.999606
1.0016
1.0015
0.999821
1.00076
1.00238
1.0003
0.999183
1.002
0.999716
1.00019
1.00073
1.00011
1.00031
1.00151
1.00027
1.00051
0.998745
1.00067
1.0017
1.00046
1.00066
1.00036
1.00097
1.00062
1.00069
0.997763
1.00079
1.00152
1.00184
1.00156
0.999911
0.998648
1.00049
0.998697
1.00068
0.998952
1.00013
1.00246
1.00073
0.999311
1.0006
1.00064
1.00068
1.00001
0.999834
1.00096
1.00164
0.99892
1.00174
0.99983
0.999322
1.00087
1.00159
1.00019
0.999416
0.999161
1.00206
1.00027
0.999004
1.00088
1.00094
1.00115
0.999317
1.00045
1.0022
1.00031
1.0026
1.00076
1.00217
1.00086
0.999469
1.00019
1.00123
1.00117
0.999027
0.998842
1.00051
0.999731
1.00125
0.998761
1.00155
1.00055
0.999815
1.00226
1.00102
1.00173
1.00073
0.999338
1.00033
1.00133
0.999856
1.00094
1.0008
0.999958
0.999657
1.00173
1.00106
1.00067
1.00031
1.00155
1.00269
1.0008
1.00008
0.99983
0.999596
0.999902
0.999783
1.00142
1.00203
1.00082
1.00053
1.00225
0.997894
1.00164
1.0007
0.99991
0.998908
1.00015
1.0017
1.00137
0.999477
0.999929
1.00111
0.999522
0.998761
0.999844
1.00205
1.00158
1.00041
1.00133
1.00062
0.999707
1.00156
1.00024
1.00038
1.00106
1.00155
1.00193
0.999883
1.00132
1.00131
0.998702
1.00118
0.998806
1.00053
1.00036
0.999317
1.00125
1.00081
0.999394
1.00092
1.00077
1.00046
0.999713
0.999483
1.00308
1.00055
0.999748
1.0011
1.00178
1.00187
1.0006
1.00092
0.999859
1.00123
1.00121
0.999864
0.999808
1.00163
1.00029
0.99991
1.0001
1.00035
1.00226
1.0003
0.999239
1.00281
1.00212
0.999966
1.00028
1.00134
1.00116
1.00097
1.00036
1.00076
0.999652
1.00104
1.00052
1.00009
1.00103
1.00066
1.00023
1.00174
0.999678
0.999557
1.00107
0.999214
1.00246
1.0007
1.00207
1.00006
1.00152
1.00154
1.00116
0.999423
0.999256
1.00014
1.00093
1.00065
1.00125
1.00025
1.0003
1.00209
1.00184
1.00249
1.00141
1.00041
1.00036
1.0005
1.00118
1.00103
0.999633
1.00083
0.999545
0.999183
1.00121
1.00077
0.999426
1.00102
1.00051
1.00096
1.0005
1.0003
0.999317
0.998862
1.00083
0.999038
1.00054
1.00037
1.00024
1.00125
1.00007
1.00057
0.999538
1.00089
1.00068
0.998759
1.00042
1.00009
1.00005
0.999182
1.00052
1.00015
1.00049
1.0019
1.00013
0.999987
1.00163
1.00203
0.999984
1.00043
1.00026
0.999958
1.00097
1.00117
1.00199
0.999398
1.00034
0.998878
1.0015
1.00221
0.999467
1.00061
0.999678
0.998884
1.00029
1.00059
1.00072
1.00126
1.00094
1.0006
0.999662
1.00009
1.00083
0.998892
0.999466
0.998792
1.00025
1.0001
1.00263
1.00037
1.00193
1.00038
1.00165
0.999794
0.998429
1.00077
1.0004
1.00006
1.0001
1.00158
1.00175
0.999623
0.998651
1.00054
1.00157
0.999981
1.00125
1.00038
1.00123
0.998574
1.00161
0.99875
1.00049
0.999404
1.00151
1.00243
1.00155
0.998978
1.00171
1.00286
1.00015
1.00114
0.999741
0.999738
1.00204
1.00135
1.00052
0.999225
1.00097
1.00117
1.0002
1.00164
1.00122
1.0025
0.999371
0.998713
1.00054
0.999781
1.00048
1.00088
1.00008
1.00003
1.00066
1.00084
0.998872
1.00143
1.00055
1.00082
1.00038
1.00073
1.00017
0.999819
0.999935
0.999771
1.0022
0.999398
0.999894
0.999623
0.998077
1.00069
1.00022
1.00062
1.00028
0.999465
1.00224
1.00037
0.999252
1.00119
0.999168
1.00001
0.999749
1.00053
1.00056
1.00051
1.00059
1.00165
1.00037
1.00049
0.999906
1.00078
1.00168
1.00012
0.999993
1.00109
1.0015
1.00131
1.00024
1.001
1.00056
1.00117
0.998626
1.00066
1.00086
1.00178
0.999582
1.00011
1.00123
1.00108
0.999693
1.00031
1.00133
0.99995
0.999175
0.999899
0.999918
1.00057
1.00062
1.00089
1.00061
1.0009
1.00089
0.999875
1.0015
0.999914
1.00025
1.00155
1.00072
1.00239
1.00027
1.00183
1.00066
1.00155
1.00173
0.999143
1.00074
1.00179
1.00102
1.00049
1.00078
1.00013
1.00095
1.00037
0.999271
1.00003
1.00024
1.00086
1.00015
1.00088
1.00068
1.00022
1.00139
0.999815
1.00106
1.00002
0.999829
1.00168
1.00091
1.00151
1.00052
1.00133
0.998673
0.999189
0.999392
1.00093
1.00046
1.00151
1.00072
1.00028
1.00205
0.998596
1.00068
1.00121
1.00069
0.998581
1.0004
0.999418
0.999291
1.00041
1.001
1.00038
1.00097
0.999434
0.999589
1.00101
1.00049
0.999755
1.00096
0.999632
1.00132
1.00078
0.999297
1.00126
1.00125
1.00057
1.00024
1.00138
1.00094
1.00069
0.999892
1.00043
1.00055
0.999039
0.999627
0.997874
1.00078
0.999907
1.00175
1.00129
1.00024
0.999643
0.999666
1.00137
1.00245
1.00167
1.00161
0.999749
1.00252
1.00067
1.0006
0.999951
1.0005
1.00145
1.00217
1.00075
1.00146
0.999349
1.00028
1.00106
1.00071
1.00181
0.999748
0.999108
0.999728
1.00002
1.00015
1.00045
1.00163
1.0015
1.0007
1.00027
1.00065
1.00137
1.00208
1.00013
1.00136
0.999687
0.999937
0.998466
0.999604
1.0026
0.998458
0.999965
1.00049
0.999786
0.997608
1.0004
0.999149
1.00084
1.00037
1.00017
1.00113
1.00147
1.00001
0.999855
1.00057
1.00127
1.00055
0.999933
1.00015
0.99837
1.00207
1.00085
1.00089
1.00165
1.00061
1.00079
1.00122
1.00175
1.00187
0.999867
1.0003
0.999086
1.00041
0.998304
1.0013
0.999565
1.00134
1.00004
1.00061
1.00222
1.0005
1.00087
0.999972
1.00051
1.00094
1.00038
1.00047
1.00094
1.00201
1.0014
1.00068
1.00262
1.00007
0.999769
1.00162
0.998823
1.00005
1.00222
1.00064
1.00064
0.999596
1.00021
1.00215
0.99891
0.999971
1.00017
1.00031
0.999635
1.00083
1.00062
0.999167
1.00075
1.00007
0.999691
1.00143
0.999581
1.00227
1.00127
1.00182
1.00046
1.00051
0.999692
0.999038
1.00011
1.00101
1.00217
1.00075
1.00188
0.999445
1.00072
1.00039
1.00066
1.00052
0.999749
1.00151
0.999242
0.999394
0.997862
1.0016
1.00059
0.999565
1.00033
1.00012
1.00008
1.00153
1.00061
1.00051
0.999804
1.00103
1.00095
0.999231
1.0008
1.00012
1.00178
1.00067
0.999847
1.00135
1.001
0.999114
0.999871
0.999598
1.00093
1.00168
1.00039
1.00161
1.00182
1.00071
1.0014
1.00146
1.00144
1.00149
1.00054
0.999953
1.0018
0.999534
1.00011
1.00027
1.00002
0.999716
1.00214
1.00164
0.999008
1.00182
1.00052
1.00042
1.00166
0.999053
0.999077
1.00232
1.00098
0.998801
1.00024
1.00001
1.00171
0.999664
0.99965
1.00071
0.998375
1.00119
0.999591
0.999018
1.00099
0.999101
0.998064
1.00124
1.0004
1.00186
1.0002
0.999768
1.00094
1.00117
1.00061
1.00101
0.999037
1.00074
0.999655
1.00054
0.999681
1.00127
1.00098
1.00184
0.99906
1.00066
0.999234
1.00052
1.00237
1.00211
0.998085
1.00003
0.999344
1.00108
0.999872
0.999933
1.00001
1.00137
1.00011
0.99947
1.00022
1.00239
1.00061
1.00086
1.00014
1.00113
1.00125
0.999018
1.00196
1.00069
1.00171
0.999512
1.00077
1.00175
1.0013
1.00001
1.00084
1.00096
1.00217
1.00089
1.00062
1.00097
0.99934
0.999992
0.999004
1.00165
0.999182
1.00142
1.00181
0.999707
1.00065
1.00148
1.00082
1.00196
1.00137
0.999688
1.00039
1.00028
1.00176
0.999605
1.00022
1.00145
0.999852
1.00031
1.00154
1.00146
0.999183
0.99971
0.999615
1.00109
1.00196
0.999166
1.00221
1.0014
1.00224
1.00121
1.00102
1.00089
1.00083
1.00165
1.00089
1.00179
0.998368
1.00142
0.999737
1.00095
0.999966
1.00051
0.998977
0.999634
1.00137
1.00007
1.002
1.00103
1.00175
0.999765
1.0007
1.00055
0.999389
1.00104
1.0007
1.00077
0.999126
0.998622
0.998881
1.00034
1.00013
0.998531
0.998795
1.00075
1.0012
1.00007
1.00112
1.0008
1.00046
1.00041
1.0016
1.00158
1.0014
0.999453
1.00075
1.00068
1.00117
1.00055
1.00015
1.00064
0.999202
0.9996
1.00327
1.00102
0.999127
1.00042
1.00149
0.998947
1.00185
1.00052
0.999173
0.998968
1.00099
1.00197
1.00004
1.00114
1.00172
1.00174
1.0018
0.999666
1.00035
1.00106
0.999323
1.0013
1.00181
0.999797
0.999073
1.00083
0.999763
1.00023
1.00045
0.999591
1.0019
0.999256
1.00018
1.00156
1.00084
0.997618
1.00009
1.00085
1.00154
1.00154
1.00043
1.00117
0.999818
1.00057
1.00165
0.999128
1.00112
1.00206
0.999719
0.999195
0.999383
0.999536
1.00137
1.00015
0.999271
1.00095
0.99738
1.0021
1.00077
1.00176
1.00007
0.999437
1.00207
0.999703
0.999959
1.00155
0.999479
1.00012
1.00138
1.00084
1.00122
0.998996
1.00086
1.00086
1.00352
1.00032
0.998796
0.998875
1.00087
0.9995
1.00169
1.00081
1.00175
1.00005
1.00012
1.0024
1.00073
1.00055
0.998622
1.00147
0.999681
1.00008
1.00043
0.999713
1.0008
1.00069
1.00087
0.999052
1.00059
1.00025
1.00234
1.00177
1.00078
0.999736
0.999094
1.00216
1.00012
1.00057
1.00174
1.00134
1.0003
1.00096
1.00126
0.999486
1.00192
0.999363
1.00173
1.00001
1.00072
1.00067
0.999921
0.999773
1.00162
0.999307
0.999889
0.998059
1.00068
1.00111
1.0013
0.999418
1.00038
1.00054
0.999127
0.999723
1.00118
1.00134
1.00084
1.00039
1.00025
0.999949
0.999663
1.00221
0.999884
0.999746
1.00048
1.00178
0.999582
1.0012
0.999749
1.00134
0.99879
1.00235
1.00004
1.00002
0.999873
1.00223
1.00111
1.00108
1.00042
0.999669
0.998717
1.00026
1.00012
1.00056
1.00252
0.999816
1.00199
1.003
1.0012
0.999164
1.00033
0.998428
1.00017
1.0003
0.999051
0.999429
1.00059
0.99903
0.998366
1.00098
1.00152
1.00227
1.00085
0.998276
1.00092
1.00207
1.00148
1.00037
1.00086
1.0016
1.00025
0.999932
1.0009
1.00088
1.00234
1.00016
1.00221
1.00068
1.00087
1.00136
1.00231
1.00153
1.00134
0.999457
1.0011
1.00139
1.00008
1.00094
1.00003
0.999651
1.00128
0.999491
1.00057
0.999994
1.00111
1.00138
0.999063
1.00091
1.00172
1.00025
1.00035
1.00041
1.00131
1.00257
0.99976
1.0021
1.00029
1.00005
1.0007
1.00175
1.00092
0.999944
1.0002
1.00042
0.99915
1.00009
1.00187
0.999607
0.999163
0.99991
1.00044
1.00094
1.00048
1.00035
1.00175
1.0004
1.00159
0.998802
1.00101
1.00078
0.999871
0.998946
1.00183
0.999756
0.999468
0.998987
1.00036
0.999462
0.999364
1.00113
1.00235
0.998964
1.00073
1.00013
0.999052
1.0001
1.00148
1.00364
1.00193
1.00108
1.00059
1.00167
1.00044
1.00199
0.99921
1.00104
1.00128
0.99899
1.001
1.00047
1.00077
1.00018
1.00086
1.0014
1.00075
0.998925
0.999266
1.00033
1.00081
0.999742
1.00249
0.999624
1.0009
0.999424
0.999554
1.00151
1.00237
0.999965
1.00169
1.00078
1.00104
0.999163
1.00032
1.00057
1.00029
1.00047
1.00024
1.00055
0.998399
1.00058
1.00149
0.999293
1.00014
1.00129
0.999775
0.999248
1.00166
1.00178
1.00085
1.00178
1.00005
0.999277
0.999266
1.00028
1.00075
1.00124
0.998419
1.002
0.999844
0.999867
0.999428
1.00057
1.00084
1.00027
1.00086
1.0015
1.00031
0.999031
0.998671
1.00076
1.00026
1.00126
0.999291
1.00111
1.00328
1.00046
0.99926
1.00101
0.999624
1.00019
1.00013
1.00005
1.0015
1.00064
0.998994
1.00033
1.00154
0.997975
1.00031
1.0001
1.00006
1.00065
1.00111
1.00242
1.00134
1.00262
1.00149
0.998398
1.00011
0.999965
1.00008
0.999916
1.0014
0.999362
1.00013
1.00045
0.999552
1.00028
0.999628
0.999609
0.999531
1.00043
1.00098
1.00142
1.00145
1.00224
1.00015
0.998561
1.00078
1.00013
1.00007
1.00012
1.00073
1.00071
1.00249
1.00119
0.999192
0.999951
1.00098
1.00053
1.00134
0.999399
1.00116
1.00145
1.00012
1.00165
1.00223
1.00092
1.00047
1.00053
1.00002
1.001
1.00074
0.999597
1.00223
1.00112
1.00037
1.00104
0.999449
1.00083
1.00085
1.00154
0.999441
1.00019
0.999052
0.997363
1.00006
1.00112
1.00013
1.00233
1.00088
1.00281
1.00037
1.00033
0.99986
1.00056
0.998873
1.0004
1.00135
1.00015
0.998933
1.0015
0.999416
1.00133
0.999246
1.0011
1
1.00017
0.998966
0.999766
1.00097
0.999893
1.00167
1.00105
1.00115
0.999346
1.00179
0.999941
0.999367
1.00016
1.00084
1.00064
1.00194
1.00089
1.00097
1.0008
1.00085
1.00142
1.00128
1.00123
1.00038
1.00047
1.00002
1.00052
1.00042
1.00182
1.00012
0.999485
1.00101
1.00062
1.00103
1.00136
1.00146
1.0021
1.00045
0.999859
0.999817
1.00111
0.999162
1.00123
0.99978
1.00032
1.00245
0.998771
1.00339
0.999256
1.00065
1.00022
0.998862
0.999282
1.00313
1.00163
1.00175
0.999278
1.00102
0.999781
0.999757
1.00105
1.00047
1.00091
1.00074
1.00234
0.999773
0.998899
1.00096
1.00153
1.00193
1.00082
0.99958
1.00184
0.999348
1.0014
1.00085
0.999259
0.999829
1.00017
0.999431
0.999916
1.00048
1.00086
1.00078
1.00057
0.999141
1.00076
0.999091
1.00157
0.999997
0.999526
1.0009
1.00224
1.00018
1.00034
1.00023
1.0004
1.00072
1.00121
1.00192
1.00374
0.99959
1.00058
0.999769
1.0011
1.00152
0.999868
0.999978
0.999857
1.00001
0.999424
1.00071
1.00097
1.00107
0.998424
1.00031
1.00033
1.00058
0.999925
1.00118
0.999243
0.999865
0.999906
0.99894
1.00032
1.00126
1.00045
1.00038
1.00248
1.00102
1.00122
1
0.998907
1.00068
1.00087
1.0002
0.999991
1.00303
1.00055
1.00075
1.00125
0.999846
1.00086
0.998979
1.00163
0.99984
0.999194
1.0006
1.00063
1.00207
1.00188
1.00264
1.00035
0.998774
0.999941
1.00282
0.999055
0.999929
1.00243
1.00137
0.99906
1.00002
0.999507
1.00083
1.00079
1.0004
1.00008
1.00021
1.00166
1.00157
1.00014
1.00125
1.00086
1.00018
1.00092
1.00196
1.00054
1.00063
1.00042
1.00184
1.00221
1.0007
1.00119
0.999617
0.999034
1.00097
1.00005
0.999428
1.00138
0.999623
1.00066
0.999896
0.999671
1.00024
1.00176
0.99981
1.00112
0.998751
1
1.00073
0.99967
1.00061
0.999769
1.00174
1.00059
1.00063
1.00131
1.00021
1.00176
0.99845
1.001
1.00078
1.00136
1.0008
0.999207
0.999506
1.00198
0.999637
1.00221
1.00122
1.00074
1.0008
1.00109
1.0003
1.00123
0.999826
0.999649
1.00237
1.00109
1.00014
1.00039
1.00147
1.00055
1.00166
1.00069
1.00185
1.00083
1.00134
1.0001
1.00065
0.999339
1.00104
1.00055
0.999486
1.00039
1.00027
1.00063
1.00075
1.00111
1.00068
0.999173
1.003
0.999931
1.00251
1.00146
1.00113
0.999301
0.998913
1.00092
0.998473
1.00166
1.00123
1.00092
1.00092
1.0021
1.00184
0.999751
1.00116
1.00049
1.0001
1.00066
1.00143
1.00126
1.00093
0.999287
1.00013
1.00148
0.999788
1.00042
0.999721
1.00143
1.00029
1.00134
0.999863
0.999274
0.999468
0.999926
1.00046
1.00043
0.99938
0.999515
0.999167
0.999872
1.00026
1.00073
1.00131
1.00148
0.999985
0.999035
1.00137
1.0002
0.999991
1.00085
1.00101
1.00077
0.999499
0.999774
1.00256
0.998907
1.00035
1.00073
1.00255
0.999512
0.999409
1.00063
1.00141
1.00072
1.00075
1.00061
1.00067
1.00037
1.00018
0.999518
0.999957
1.00149
0.998841
1.00097
1.00131
1.00018
0.999947
1.00207
1.00024
0.999621
0.999752
0.999
1.0009
1.00053
0.999687
1.00017
1.00089
1.00233
1.00023
1.00048
0.999211
1.00145
1.00099
1.00208
1.00238
0.999336
1.00137
0.99872
1.00249
1.00026
1.00129
0.999918
1.00032
1.00107
0.999158
1.00025
1.00118
1.00031
0.99964
1.00083
1.00056
1.00138
0.999454
0.999661
1.00124
1.00174
1.00015
1.00213
1.00015
1.00019
1.00018
1.00049
0.999378
1.00048
1.00114
1.00048
1.00018
0.999237
1.00036
0.999716
1.00057
1.00142
1.00017
0.999745
0.999969
1.00129
1.00015
1.00075
1.00032
0.999491
0.999167
1.00019
1.00213
0.998554
0.999792
1.0015
1.0015
1.0005
1.00081
1.00101
1.00085
0.999169
1.00096
0.99976
0.999652
1.00189
1.00122
1.00131
1.00142
1.00139
1.00066
1.00009
0.998534
1.00273
0.998536
1.00089
0.998417
1.00139
1.00035
0.999616
1.00076
0.999267
1.00268
0.999999
1.00053
1.00123
0.999963
0.999987
1.00138
1.0003
0.999448
1.00055
1.00243
1.00085
0.99997
1.00021
1.00098
1.00119
0.999244
0.999189
1.00187
1.00184
0.999051
1.00047
0.999595
0.999487
0.999588
1.00056
0.998961
1.00313
1.00022
1.0012
0.99998
1.00034
1.00028
1.00036
0.999616
1.00075
0.999004
0.999887
0.999711
1.00129
1.00132
1.00172
0.999595
0.999564
1.00036
1.00294
1.00206
1.0006
1.0005
1.00013
0.999513
1.00013
0.999747
1.00106
1.0004
0.999406
1.00106
1.00043
0.999818
1.00034
1.00105
1.00042
0.999627
1.00093
1.00093
0.999367
1.00081
1.00197
1.0016
1.00033
1.00139
1.00048
1.00048
1.00087
1.00034
1.00081
1.00021
1.00023
1.00103
1.00057
0.999844
0.998682
1.00034
1.00005
1.00138
1.001
1.00052
1.0007
0.998929
0.999561
0.998441
0.999241
1.00068
0.999963
1.00145
1.00074
0.999893
0.999807
1.0011
1.00147
1.00022
1.00198
1.00063
1.00078
1.00123
1.00214
1.00158
1.00071
1.00179
1.00045
0.999828
1.00008
1.00161
1.00145
1.0017
1.00092
0.999375
0.999838
0.999056
1.00028
1.00113
1.00021
0.998117
1.00009
1.00003
0.999687
1.00098
1.00053
0.999658
1.00123
1.00216
1.00208
1.00099
0.998701
1.00107
1.00083
0.999177
1.00194
1.00157
0.999283
0.99984
1.00123
1.00109
1.00057
1.00054
1.00084
0.999681
1.00086
1.00328
0.999942
0.999391
0.999059
1.00161
0.999338
1.00338
0.999703
0.999765
1.0019
0.999618
1.00128
1.00006
1.00157
1.00175
1.00016
1.00101
0.999744
1.00202
0.99697
1.00185
1.00215
1.00167
0.999611
1.00103
0.999611
1.0001
1.00061
1.0021
1.00074
1.00049
1.00091
0.999899
1.00126
1.00151
0.998437
1.00081
0.999049
1.00124
1.0018
1.00159
1.00116
0.999687
1.00158
1.00191
0.999035
1.00063
0.999677
1.00095
1.00182
0.999884
0.999922
1.00037
1.00271
1.00099
1.00144
1.00088
1.00014
1.00255
1.00245
1.00077
1.00038
1.00175
0.999854
1.00129
1.00073
1.0009
0.999194
1.00058
0.998588
0.999008
1.00036
1.00028
1.00033
1.00017
0.999551
0.999538
0.999945
0.999899
0.999767
1.00058
1.00153
1.00011
1.00009
0.999701
0.9996
1.00004
1.00003
1.00178
1.00161
1.00024
1.00042
1.00275
0.999027
0.998974
1.00073
1.00193
0.999949
0.999766
1.00032
1.00172
1.00012
1.0028
1.00043
1.00037
1.00039
0.999542
1.00049
0.999183
1.00041
0.999105
1.00003
1.00057
1.00041
1.00168
1.00103
1.00127
1.00122
0.999943
1.00148
1.00183
1.00053
1.00053
1.00102
1.00104
1.00207
1.00173
0.999929
0.999005
1.00059
1.00028
1.00062
1.00155
1.00207
1.00078
1.00208
0.997721
1.0025
1.00171
1.00179
1.00043
0.999814
1.00113
1.00097
1.00041
0.998939
1.0011
0.999784
1.00061
1.00079
0.999897
1.00061
1.00276
0.999908
0.999374
1.00023
1.0011
0.999382
1.00051
0.999662
1.00014
1.00124
1.0003
1.00054
0.997538
1.00108
1.00056
1.00093
0.998912
1.00179
1.00143
1.00204
0.99936
1.00077
1.00177
1.00114
1.00048
1.00041
1.00228
1.0004
0.999953
0.999748
0.999133
1.00058
1.00029
1.00096
1.0016
1.00013
1.00043
1.00054
0.998929
1.00012
1.00081
0.999643
0.998563
1.00068
1.00219
0.998743
1.00083
1.00036
1.0008
0.998785
1.00109
1.00153
1.00128
0.99989
0.999566
0.998121
1.00164
1.00039
0.999891
0.999588
0.998956
1.0008
0.999482
0.998587
0.999193
1.00157
1.00001
1.00081
0.999716
1.00152
1.00021
0.999748
1.00227
1.00122
0.999882
1.00088
1.00034
1.00112
1.0008
1.00162
0.999548
1.00104
1.00116
1.00131
1.0013
1.00081
1.00246
0.999216
1.00098
1.00213
1.00125
1.00088
0.999831
0.998062
1.00149
1.0009
1.00211
1.00223
1.0005
0.999731
0.998842
0.998668
0.999471
0.999607
1.0007
1.00095
0.998772
0.998702
1.00309
1.00136
1.00222
0.999647
0.998946
1.00111
1.00124
1.00129
1.00139
1.00137
0.999174
1.00166
1.00094
1.00097
1.00025
1.00066
1.00119
1.00102
0.99935
1.00115
0.999508
1.00052
0.999032
0.999587
1.00066
0.998958
0.999489
1.0013
0.999448
1.0004
1.0002
0.999711
1.00079
0.999999
1.00022
1.00102
0.99908
1.00152
0.999907
0.998925
1.00097
1.00208
1.00071
0.999344
0.999978
1.00081
0.999855
1.00067
0.999911
1.00029
1.00046
1.00046
1.00066
1.00081
1.00066
1.00051
1.00061
1.00182
0.999767
0.999792
1.00092
1.00084
1.00008
0.998261
0.99902
0.999251
1.00021
0.999584
0.999298
1.00156
1.00035
1.00076
1.00151
1.00062
1.00004
1.00031
1.00075
1.00101
1.00028
0.999007
0.999716
1.00077
1.00005
1.00183
1.00133
1.00083
1.0004
1.00108
1.00095
1.00035
1.00007
1.00072
1.00162
1.00302
1.00013
1.00062
1.00045
0.999698
1.00125
0.999553
0.999749
0.999982
1.0007
1.00131
0.999044
1.00107
1.00167
0.999706
1.00053
0.999333
1.00205
0.999665
0.998139
0.998712
0.998177
0.999406
1.00097
1.00156
1.00203
1.00052
1.00251
0.99989
0.999478
1.00126
1.00133
1.00024
1.00007
1.00017
1.00089
1.00206
1.00207
0.999402
1.001
1.00101
0.999876
0.998958
1.0001
1.00027
0.999522
0.999744
0.998489
1.00089
1.0009
0.999667
0.999562
0.998639
0.998835
1.00096
1.00003
1.00118
0.999482
1.00119
1.00171
0.999757
1.00089
1.00122
0.99948
1.00103
1.00049
1.00018
1.00084
0.999589
1.00154
1.00002
1.00096
1.00111
1.00017
1.0009
1.00081
0.999393
1.00167
1.00094
1.00176
1.00141
0.999811
0.999278
1.00151
1.00293
1.00025
1.00032
0.9994
0.999896
1.0001
1.00035
1.00007
1.00195
0.997877
1.00245
1.00083
1.00216
0.999314
1.00018
1.00038
0.999586
1.00138
1.00075
1.00009
0.99838
0.999402
1.00024
1.00119
1.0006
1.00029
0.999206
0.999642
1.00126
1.0002
1.00184
1.00198
1.00188
1.0004
1.00029
1.00066
1.00034
1.00031
0.999635
1.00024
1.0001
1.00166
0.999257
1.0005
1.00001
1.00007
0.999313
1.00193
0.999332
1.0007
1
1.00002
0.999708
0.99923
1.00088
1.00082
1.00012
1.00025
0.999717
1.00128
0.99993
0.99791
1.00074
1.00031
1.00067
1.00026
1.00173
1.00109
0.999988
1.00184
1.00228
1.00085
0.999397
1.00159
1.00055
1.00001
1.00144
1.00044
0.99997
1.00155
1.00106
1.00153
1.00059
1.00087
1.00156
1.00107
0.999691
1.00103
1.00217
1.00081
1.00111
0.999845
1.00072
1.00005
1.00089
1.00051
1.00194
1.00084
1.00025
1.00161
1.0003
1.00194
1.00049
1.00131
1.0004
1.00066
1.00108
1.00049
1.00073
1.00024
1.00246
1.00025
1.00207
1.00035
0.999059
0.999986
1.00049
0.998627
1.00201
1.00019
1.00032
1.00082
1.00062
1.00132
1.00111
0.999817
1.00068
0.999332
1.00131
0.999083
1.00161
1.00038
1.00085
1.00026
1.00114
0.998348
1.00226
0.999595
0.999011
1.00117
1.00224
1.00187
1.00012
1.00014
1.0009
1.0006
1.00025
1.00081
1.00125
1.00161
1.00032
0.999665
1.00076
1.00102
0.999328
1.00145
1.00093
1.00173
1.0018
1.00018
1.00156
0.999833
1.00131
1.00003
1.00129
0.999896
1.00142
1.00041
1.00028
0.998948
0.999963
1.00054
1.00163
1.00139
0.997873
0.999983
1.00063
1.00103
1.00005
1.00142
1.00112
0.998308
1.00084
0.999115
0.999661
1.00078
1.0005
1.00098
1.00172
1.00197
1.00039
1.00027
1.00139
1.00117
1
0.998556
1.00022
0.999835
1.0008
1.00228
1.00132
1.00094
1.00007
0.99867
1.00007
1.00055
1.0002
1.00159
1.00021
1.00019
1.00072
1.0005
1.00029
1.00077
1.00049
1.00054
1.00014
0.999794
1.00234
0.999198
1.00099
1.00048
1.00121
1.00133
1.0015
1.00159
1.0008
1.00083
1.00037
1.0017
1.00206
0.999577
1.00027
1.00117
1.00106
1.00152
0.999781
1.0002
0.999682
0.999922
1.00068
1.00087
1.00093
1.00075
1.0005
1.00109
1.00089
1.00174
1.00123
1.0007
0.999
1.00037
1.00008
1.00023
0.999494
1.00046
1.00066
0.999107
1.0006
1.00007
1.00148
0.998333
0.999432
1.00001
1.00193
1.00002
1.00048
1.00028
1.0002
0.999277
1.00012
1.00039
0.99967
0.999272
1.00122
0.999564
1.00333
0.999565
0.999553
1.00053
1.00142
1.00048
1.00045
1.00082
1.00072
1.00078
1.00052
0.999731
0.999144
1.00125
0.998364
1.00182
1.00341
1.00231
1.00083
1.00024
0.999102
1.00232
1.00107
1.00062
0.999772
1.00069
1.00106
0.999879
1.00123
1.00084
0.999442
1.00278
0.998334
1.00121
1.00143
1.00219
0.998709
0.999606
0.999965
1.0021
0.999305
1.00094
1.00123
1.00014
0.999211
1.0005
1.00072
1.00057
0.999784
0.999471
1.00131
1.0005
1.00004
0.99908
0.999807
1.00253
1.00125
1.00041
1.00005
0.999052
1.00088
1.00044
0.999826
0.999981
1.00282
1.00053
1.00038
0.999939
1.00132
1.00023
0.999479
1.00007
0.998983
1.0006
1.00031
1.00061
1.00042
1.00019
1.00043
1.00065
1.001
1.00058
0.998556
0.999474
1.00017
1.0022
1.00042
0.999247
1.00259
1.00194
0.99975
1.00095
1.00274
1.00184
1.00259
0.998931
0.999252
1.00012
0.999144
0.998778
1.00365
0.999097
1.00189
1.00109
0.998655
1.00072
1.00061
1.00025
1.0005
1.00135
0.998375
0.999647
1.00088
1.00142
1.00194
1.00043
1.0008
1.00194
1.00101
1.00145
0.999881
1.00149
0.999587
1.00126
1.00149
1.00122
0.999591
1.00152
1.00009
1.00159
0.999453
0.999879
0.99956
1.00042
1.0018
1.00155
1.00091
1.00082
1.00069
1.00127
0.998694
0.99982
1.0005
1.00057
1.00195
1.00122
1.00008
1.00244
1.00066
0.998945
1.00085
1.00111
1.00041
1.00014
0.99966
0.998819
0.998877
1.00037
1.00093
1.00058
1.00088
1.00022
1.00161
1.00066
0.999494
0.99961
0.999972
1.00076
0.999958
1.00085
0.999949
1.00015
0.999886
1.00002
1.00097
1.00039
1.00187
1.00194
1.00052
1.00031
1.00027
1.0005
0.999538
1.00121
1.00128
0.998934
1.00101
0.999977
1.00043
0.999655
0.999311
0.999162
1.00199
0.9997
1.00043
0.999492
1.00216
1.00085
1.00073
1.00078
1.00002
1.00074
1.00149
0.999355
1.00104
0.999574
1.00322
0.998444
0.998867
1.00032
1.00028
0.999263
0.999791
1.00039
0.999232
0.999337
1.00055
0.999932
1.00005
1.00205
1.00096
1.0007
0.999943
1.00163
1.00173
1.00026
0.999344
1.0013
0.999203
0.999053
0.999578
1.00115
1.00047
1.00075
0.999938
1.00083
0.999727
0.999316
1.00083
1.00143
0.999359
1.00239
1.00052
0.998759
1.0006
0.998918
1.00072
1.00212
1.00135
0.999488
1.00091
0.999994
1.00121
1.00094
1.00041
1.00079
0.999517
1.00003
1.00093
1.00043
1.00034
0.999678
1.0007
1.00076
0.999985
0.998153
1.00004
1.0005
0.999154
0.999781
1.00134
1.00031
1.00247
1.00052
0.999476
1.00019
0.999227
0.999659
1.00153
1.00038
0.998491
0.999053
1.00136
0.998514
1.00065
1.00282
1.00001
1.00048
0.998587
1.00077
1.00088
1.00023
1.00101
1.00176
1.00034
1.0006
1.00111
0.999623
0.999798
1.00214
0.998984
0.999659
0.999774
1.00133
1.00024
0.998348
1.00056
0.99991
0.999509
0.999933
1.00069
1.0011
1.00137
1.00058
1.00016
1.00096
1.00024
1.00313
1.00071
1.00173
0.999681
1.00072
0.999822
0.999855
1.0011
1.00159
1.00045
1.00095
0.997901
1.0009
0.999775
0.999836
1.0012
1.00081
0.999897
1.00032
0.99968
0.999981
1.00054
0.999733
0.999575
1.00161
0.998395
0.999786
1.00166
1.00214
0.999408
1.00168
1.00138
0.999551
1.00082
1.00104
0.99991
0.999585
1.00161
0.999184
1.00178
1.00141
0.999398
1.00001
1.00121
1.00061
1.00038
1.00021
1.00175
0.999249
0.999901
1.00072
1.00114
1.00149
0.99822
0.998997
1.00052
1.00152
1.00045
0.999878
1.00079
1.00042
1.00043
1.00114
1.00083
1.00114
0.999767
1.00068
1.00031
0.999776
1.00154
1.0004
1.00184
0.999765
1.00108
1.0003
1.00308
0.999633
0.999649
1.00118
1.00079
0.997604
1.00041
1.00178
1.00043
1.00084
1.00148
1.00254
0.999744
1.00052
1.00141
1.00065
0.998867
1.0009
0.999647
0.999896
1.001
1.00049
1.00025
1.00117
0.998759
1.00017
1.00207
1.00182
0.999918
0.999403
0.999365
1.00017
1.00174
1.00002
1.00103
1.00057
0.999397
1.00129
1.00143
1.00127
0.999377
0.999975
1.00301
1.00002
1.0005
1.00033
1.00216
1.00122
0.999836
0.999235
0.998911
1.0003
0.999416
1.00069
0.999939
0.999113
0.999177
1.00258
0.999713
1.00005
1.00012
1.00143
0.999335
1.00087
1.00053
1.0016
1.00066
0.99977
1.0004
0.999279
1.00096
0.999968
1.00123
1.00127
1.00307
1.00181
0.999414
1.00217
1.00176
0.999636
1.00063
0.99961
1.00122
0.999395
0.999046
1.00068
1.00129
1.00113
0.999233
0.999196
1.00063
1.00185
1.00199
1.00155
0.998925
0.999801
1.00062
0.999171
1.00083
0.999966
1.00079
1.00174
1.00084
1.00023
1.00002
1.00143
0.997609
1.00154
0.999917
0.999382
1.00054
1.00154
1.00097
0.999996
1.00151
1.00091
1.00097
1.00169
1.00176
0.999526
1.00204
1.00117
1.00071
1.00036
1.00043
1.00098
1.00128
1.00132
1.00092
0.999698
0.999549
1.00021
1.0013
1.00043
1.00243
1.00124
1.00033
1.00069
0.999678
0.999824
1.00057
1.00161
0.999964
0.999556
1.00068
1.0005
0.999537
0.998133
0.999239
0.999855
0.999241
1.00071
1.00016
0.998356
0.999009
1.00071
1.00207
1.00077
0.999252
1.00155
1.00032
1.00179
1.00017
0.999063
1.00129
1.00191
1.00017
0.99892
1.0006
0.998836
1.00012
1.00158
1.00038
0.999145
1.00122
1.00042
1.00192
0.999725
1.00022
1.00073
0.999975
0.999568
0.998802
1.0008
1.00234
1.00066
1.0006
0.999746
1.00135
0.999932
1.00034
0.999387
1.00156
1.00088
1.00136
1.00044
0.999076
1.00168
0.99967
1.00118
1.00021
0.999903
1.00046
1.00054
1.00237
0.999303
0.999728
1.0005
1.00138
1.0015
1.00032
0.999448
0.999769
1.00062
1.00095
1.00225
1.00034
1.00014
1.0022
1.00032
1.00004
1.00083
1.00184
1.00011
1.00118
1.00015
1.0005
0.999761
1.00046
0.999852
1.00185
1.00174
0.998927
1.00142
0.999448
1.0006
1.0008
1.00133
0.999287
1.00077
0.998803
1.00178
1.00077
1.00136
1.00131
1.00021
1.00052
0.999715
1.00045
0.999515
0.998278
1.00038
1.00059
1.00167
0.999788
1.00035
1.00107
1.00049
0.999452
1.00012
1.00008
1.00301
1.00217
0.999888
1.00101
1.00077
1.00106
1.00008
0.999412
1.00052
1.00067
1.00053
0.999484
1.00066
1.00216
1.00178
0.999875
1.00096
1.00009
0.996493
0.999919
1.00039
1.0006
1.00127
1.00133
1.00005
1.00215
1.0019
1.00175
1.00148
1.00112
0.999447
1.00108
0.999257
1.00095
0.999947
1.00031
1.00074
1.00133
1.00064
1.00041
1.00188
0.999369
1.00011
1.00232
0.999628
1.00101
1.00208
1.00167
1.00091
1.00067
1.00168
1.00097
0.998669
1.00054
1.00013
0.99913
1.00146
1.00135
1.00039
1.00173
1.00035
0.998686
1.00024
1.00136
0.999374
1.0014
0.998052
0.998629
1.0004
1.00109
1.0012
0.999301
1.00011
0.99837
1.00009
1.00032
1.0004
1.00069
1.00268
1.00161
0.996863
0.999885
0.99918
1.00138
1.00109
1.00041
0.99952
1.00063
0.999188
1.00029
1.0017
1.00182
1.00048
1.00082
1.0005
0.999869
1.00076
1.00075
1.00013
0.99937
1.00179
1
1.00202
1.00034
0.998377
0.999115
1.00023
0.99849
1.00037
1.00028
0.999369
1.00132
0.998798
0.999944
0.999493
0.999293
1.00048
1.00184
0.999767
1.00076
1.00136
0.999402
0.999807
1.00034
1.00118
1.00065
1.00108
1.00108
1.00044
1.00081
1.00088
1.00035
0.999549
1.00226
1.00069
1.00095
1.00155
1.00096
0.999692
1.00086
0.99907
1.00155
1.00117
1.00057
0.999855
1.00027
1.00005
1.00084
0.999408
1.00046
1.00074
1.0009
1.00022
1.00181
0.998815
1.00035
1.00041
0.997552
1.00011
1.00092
0.999588
0.999834
1.00173
1.0012
1.00001
1.00124
1.00091
1.00116
1.00043
0.999448
0.99858
1.00117
1.00002
1.00215
1.00076
1.00176
0.999639
0.999741
1.00034
1.00028
0.999431
1.00202
1.00148
1.00148
1.00098
1.00054
1.00037
1.00039
0.999838
1.00022
1.00128
1.00017
0.999873
1.00018
0.999431
1.0005
1.00089
0.999673
1.00282
1.00133
1.0023
1.00135
0.999471
1.00056
1.00202
1.00176
0.999307
1.00147
1.00203
0.999431
1.00174
0.999245
0.998661
0.999878
1.00034
1.00018
0.999956
1.00106
1.00108
1.00024
1.00045
1.00122
0.998899
0.998926
1.00038
1.0005
1.00162
1.00053
1.00031
0.998885
0.999054
0.999497
1.00087
0.999506
1.00261
1.00129
1.00097
0.998846
0.999878
1.00186
1.00014
0.999173
1.00163
0.998549
0.999781
1.00033
0.999352
1.00066
1.00047
0.999508
1.00024
1.00044
1.00039
1.00064
1.00178
0.99953
1.00116
0.99844
0.999725
0.999494
0.999791
1.00164
1.00073
1.00057
1.00145
1.00054
0.99962
1.0009
1.0029
0.999892
1.00251
1.00221
1.00192
0.999136
1.00213
1.00026
1.00142
1.00038
1.00133
0.999737
0.999284
1.00085
1.00043
1.00128
1.00137
1.00114
0.99983
0.998284
1.00093
1.00057
1.00262
1.00008
1.00128
1.00017
1.00065
1.00034
1.00006
1.00053
0.999214
0.999883
1.00116
1.00142
0.999598
1.00048
0.999967
0.999131
1.00009
0.998482
1.00162
1.00009
1.0004
1.00086
1.00058
0.999943
1.0005
1.00063
1.00054
1.00176
1.00006
1.00043
0.999718
1.00143
1.0013
1.00042
1.0009
1.00009
1.00001
0.999592
1.00014
0.999897
1.00231
1.00172
1.00231
1.00075
0.998531
1.00258
1.00055
1.00026
1.00161
1.00025
1.00107
1.0007
0.999599
1.00016
0.999861
0.998837
0.998537
1.00006
1.00079
1.00064
1.00075
1.00067
1.00092
0.998573
1.00109
1.00078
1.0023
1.00228
0.997379
1.00011
1.00169
1.00049
0.999703
0.999069
1.00162
1.00013
1.00043
0.999235
1.00006
0.999712
1.00221
1.00168
1.00055
0.999948
0.999241
1.00069
0.998375
1.00003
1.0004
0.999546
0.9996
0.999009
1.00062
1.00068
1.00258
1.00027
1.00135
1.00096
1.00126
0.999034
1.00127
1.00128
1.00044
0.999413
0.997615
0.998857
1.0001
1.00035
1.00081
0.999974
0.998621
1.00008
1.00111
1.00191
0.999774
0.999653
0.998649
1.00074
0.998935
1.0001
1.00018
1.00039
1.00034
0.999693
1.00162
0.999479
0.999026
1.00195
1.00098
0.999403
0.999164
1.00054
1.00112
0.999726
0.999429
1.00112
1.00119
1.00166
1.00273
1.00171
0.999886
0.999373
0.999959
1.00256
1.00048
0.998771
0.999674
1.00138
0.999229
0.998862
1.00089
1.00118
0.999997
1.00052
0.999559
1.00137
1.00218
1.00104
1.00127
0.999896
0.999046
1.00217
1.00161
0.999747
0.999632
0.999901
1.00077
0.998015
1.00122
1.00244
0.998699
1.00059
0.99991
0.999591
0.999632
0.999707
1.00185
0.99959
0.999915
1.00117
0.999749
1.00051
1.00252
0.999324
0.999244
0.999551
0.999005
1.00001
1.00034
1.00162
1.00191
1.00047
0.999998
1.00136
0.999313
1.00167
1.00055
1.00023
1.00042
0.998986
1.00097
1.0001
1.00011
1.0007
0.999486
1.00323
1.00061
0.998753
1.00053
0.999417
1.0011
1.00048
1.0007
1.0014
0.999044
0.999583
1.00119
1.00202
1.00014
1.00037
0.998404
1.00092
0.999553
1.00128
1.00267
1.00022
1.00044
1.00064
1.00024
0.999508
1.00037
1.0022
0.99995
1.00076
1.00083
1.00068
0.998734
0.998471
1.0008
1.00202
0.999319
1.00121
1.00071
0.999313
0.999022
1.00153
1.00144
1.00156
1.00031
1.00092
0.998682
0.999905
1.0009
1.00102
0.999562
1.00026
1.00135
0.999736
1.00046
1.00079
1.00185
0.998811
0.999316
1.00254
0.998593
1.00039
1.00066
1.00063
1.00221
0.999512
1.0007
1.00045
1.00203
1.00055
1.00094
1.00139
1.00174
1.0022
0.999217
1.00016
1.00074
1.00088
1.00059
1.00098
0.999841
1.00058
1.00196
0.999077
1.00089
1.00057
1.00007
1.00109
1.00006
1.00225
0.998994
1.00117
1.00143
1.00019
0.998258
1.00116
1.00036
1.00004
1.00035
1.00037
0.999712
0.999371
1.00019
1.00181
0.998847
0.998938
0.999601
1.00177
0.999312
1.00138
1.00094
0.999977
1.00058
1.00101
1.00129
1.00141
1.00153
1.00019
1.00056
1.00054
1.00012
1.00127
0.999561
1.00052
0.997901
1.00147
1.00075
1.00078
1.00143
0.99952
1.00023
1.00035
1.00162
1.00052
1.00098
1.00012
1.0002
1.00137
1.0013
1.00048
0.999444
1.0015
0.99982
1.00143
1.0011
1.0002
1.0004
1.00072
0.999907
1.00071
1.00039
1.00033
1.00187
1.00087
1.00042
1.00225
0.998088
1.00051
1.00024
0.999798
1.00049
1.00096
1.00028
1.00092
1.00134
1.00178
0.999301
1.0026
1.00021
0.999502
0.999657
1.00086
1.00155
1.00073
0.999987
0.999888
1.00027
0.999776
0.998905
0.998326
1.00083
1.00094
1.00277
1.00199
1.00044
1.00093
0.999497
1.00182
1.00131
1.00278
0.999423
0.998989
1.00177
1.00088
1.00024
1.00024
0.998602
1.00125
1.00017
1.00085
1.00022
0.999815
1.0012
1.00118
1.0004
0.999573
1.00126
1.00091
1.00111
1.00094
0.99935
1.00104
0.999631
1.0011
1.00155
0.99897
0.998791
1.00068
0.999858
1.00057
1.00077
1.00095
0.999917
1.00082
0.998162
0.999916
1.0001
0.998871
0.999322
1
1.00099
1.00142
1.00271
1.0007
1.0015
1.00151
1.00034
1.00071
0.999369
1.00189
1.00004
1.00077
1.0023
1.00054
1.00021
0.999183
1.00106
1.00008
0.998322
1.00115
1.0015
1.00098
0.999627
1.00051
0.999748
0.998916
1.00239
1.0001
1.0008
1.00095
1.00193
1.00088
1.0003
1.00091
0.999526
0.999997
0.999903
1.00058
1.0012
1.00183
0.99946
1.00199
1.00071
1.00159
1.00086
1.00085
0.99923
1.00129
1.00024
1.00068
1.00074
1.00244
1.00075
1.00148
1.00095
1.00077
1.00106
0.99988
1.00088
1.00101
1.00077
1.00014
0.999346
1.00059
0.999133
0.99898
1.00049
0.999711
0.999064
1.00137
0.999798
1.0005
0.999731
1.00102
1.0008
1.00055
0.998156
1.00018
1.00067
1.00085
1.00085
1.00029
1.00095
1.00046
1.00097
1.00031
0.99958
1.00019
0.99908
1.00063
1.00059
1.00079
1.00147
0.999085
1.00095
1.00056
1.00018
1.00034
0.998858
0.999789
1.00187
1.00076
1.00109
0.999849
1.00017
1.00009
1.00004
1.00003
1.00058
1.0013
1.0017
0.998429
1.00176
1.00087
1.00053
1.00087
1.00065
1.0017
0.999919
1.00082
1.00049
1.00016
1.00145
0.999716
1.00049
1.00094
1.00073
1.00042
1.00018
0.999687
1.00176
1.0009
1.00121
1.00081
1.00046
1.00198
1.0003
1.00127
0.999988
0.998839
0.998341
1.00003
0.999888
0.999858
1.00095
0.999904
0.999911
1.00151
0.998954
1.00107
0.999889
1.00168
0.999534
0.999622
1.00044
1.00046
1.00199
1.00088
1.00027
1.00003
0.999144
1.0028
1.00067
0.998341
1.00235
1.00135
1.00076
0.999857
1.00143
1.00073
0.999936
1.00014
1.00321
1.00093
1.00154
1.00125
1.00041
1.00018
1.00052
0.999163
1.00059
0.998786
0.99963
1.00121
0.999067
0.99998
0.999409
1.00123
0.999092
0.999349
1.00168
1.00038
1.00057
1.00024
1.00243
1.00095
0.998965
0.999626
0.999833
0.999553
1.00241
0.99992
1.00156
1.0006
1.00075
1.00035
0.999639
1.00084
1.00086
1.00051
1.00168
1.00003
1.00033
1.00053
1.00071
1.00103
1.00117
1.00112
1.00012
1.00032
1.00007
1.00262
1.00053
1.00222
1.00151
1.00209
0.99997
1.00037
0.999941
1.00063
1.00165
1.00081
0.999719
1.00162
0.999571
1.00052
0.999553
1.00049
0.999589
1.0002
1.00117
0.99727
1.00197
1.00025
1.00063
1.00046
0.999855
1.00011
0.998225
1.00233
1.0011
1.00027
1.00133
0.999579
1.00066
1.00107
1.00048
0.999795
1.00123
1.0004
1.00038
1.00056
1.00084
1.00062
1.00158
1.00053
0.999421
1.00215
1.00015
1.00192
1.00145
1.002
0.999114
1.00093
1.00016
1.00029
1.00232
0.999649
1.0004
0.998585
1.00058
1.00228
1.00118
1.00207
1.00104
0.998225
0.999616
1.00052
1.00036
1.00067
1.00183
0.999201
1.00025
0.999688
1.00053
1.0017
1.0011
1.00148
0.999104
0.99944
1.00133
0.998895
1.0008
0.999021
1.00042
0.998653
1.00109
0.999328
0.999657
1.00094
1.00179
1.00138
1.00054
1.00037
0.999433
1.00099
1.00192
1.00176
0.99945
1.00044
1.00086
0.999571
1.00063
1.00062
0.99846
0.999941
1.00253
0.99978
1.00154
0.999629
1.00183
1.00106
1.00127
0.999707
1.00028
1.00071
1.00081
0.9998
1.00085
1.00089
0.999888
0.99994
1.0002
1.00032
0.998049
1.00006
1.00016
1.00028
1.00132
1.00064
1.00115
0.999964
1.00186
1.0025
0.999561
1.00184
1.00102
0.999546
1.0019
0.999444
0.998755
0.999082
1.00052
0.999578
1.00146
1.00119
1.00226
1.00027
1.00091
1.00081
1.00255
1.0022
1.00052
0.999591
1.00059
0.999892
1.0015
1.001
1.00115
0.999848
1.00082
0.999307
1.0008
0.999391
0.999925
1.00059
1.00116
1.00157
0.999994
1.00169
1.0007
0.998652
1.00148
1.0005
1.00284
1.00136
1.00178
1.00068
0.999169
0.998727
0.999801
0.999516
0.999241
1.00059
1.00003
1.00106
0.998581
1.00268
1.00026
1.00041
1.00221
0.998996
1.00113
0.999585
0.999164
0.998909
1.00086
0.999678
1.00069
1.00073
1.00146
1.00162
1.00173
1.00024
1.00038
0.999369
1.00011
1.0024
1.00033
1.00179
1.00125
1.00076
0.999831
0.999697
1.00021
0.998513
0.998887
1.00161
1.00184
1.00194
1.00257
0.998447
0.999786
1.00009
1.00065
1.00217
1.00173
0.999528
0.999698
1.0007
1.00106
0.999425
0.999919
1.0014
0.999897
1.00059
1.00064
1.00179
0.999718
1.00043
1.00049
1.00052
1.00082
1.00044
1.00224
0.99993
1.00103
1.00151
1.0026
1.00106
1.00123
1.00128
0.999085
0.999104
0.999941
0.99979
1.00115
1.00119
1.00081
0.999836
0.999984
0.999757
1.00154
0.999604
1.00057
1.00241
1.00203
0.999277
0.999726
1.00151
0.999771
1.00127
1.00245
1.00286
0.998945
0.999999
1.00056
1.00044
0.999952
0.99956
1.00158
1.00119
1.00078
1.00234
0.998935
1.00007
1.0007
1.00112
0.999861
1.00002
1.00089
0.999653
1.00246
1.00221
1.00013
1.00004
1.00097
0.999854
1.00135
0.999992
0.999705
0.999238
1.00145
0.999686
1.00098
1.00064
1.00017
1.0007
1.001
1.0003
1.00136
1.00099
1.0004
1.00081
1.00014
1.00151
1.00111
1.00113
0.998474
0.999053
0.9999
1.00051
1.00047
1.00009
0.999307
1.00024
1.00066
1.00094
0.999732
0.999029
1.00067
1.00076
1.00012
0.999035
1.00111
1.00174
0.998441
1.00134
1.00002
1.00145
1.00025
1.00005
1.0008
0.999697
1.00027
1.00062
1.00121
1.00014
1.00117
1.0013
1.00232
0.999914
1.00286
1.0009
0.999801
1.0002
1.00136
0.999436
0.999671
1.00173
0.999908
0.999093
1.00094
0.999479
1.00015
0.999003
0.998812
1.00068
0.999244
0.999828
1.00121
1.0004
0.998352
1.00075
1.00102
1.00024
0.999158
1.00157
0.999353
0.999842
1.00035
1.00116
1.00027
1.00162
0.999435
0.999853
1.00069
0.998973
0.999717
1.00045
0.998582
1.0026
1.00112
0.998089
1.00008
1.0006
1.00045
0.9996
1.00157
1.00021
1.00096
0.999242
1.00242
1.00076
1.00058
0.999923
1.00005
1.00037
0.999408
0.998552
0.99942
1.00164
1.00071
1.00071
1.00154
1.0002
1.00034
0.999225
1.00099
1.00027
1.00051
1.00084
1.00102
0.999876
0.999774
1.00016
0.99946
1.00073
1.00049
1.00047
0.999846
0.999873
0.999577
0.999763
1.00018
1.00076
1.00083
1.00001
1.0008
0.997581
0.999641
1.00234
1.00076
1.00044
1.0003
0.999744
1.00095
1.00154
1.00006
0.99923
1.00097
0.99916
0.998175
0.999778
1.00105
1.00088
0.999819
1.00213
1.00062
1.00076
1.00063
0.99915
0.999788
1.00082
1.0006
0.998468
0.99942
0.999337
1.00062
0.999424
1.00033
1.00031
1.00203
0.999637
0.999816
1.00037
1.00197
1.00021
0.999411
0.999294
1.00121
1.00132
1.00174
1.00057
1.00095
0.999736
1.00119
0.998045
1.00104
1.001
1.00174
1.0004
1.00163
1.00098
1.00038
1.00147
1.00056
0.998659
0.999127
0.999862
1.00113
0.999124
0.999188
0.998872
0.998702
0.997499
0.999842
0.999092
1.00064
0.999511
1.00001
0.998474
1.00051
0.999976
1.00094
1.00039
0.99874
0.998786
1.00211
0.998858
1.00119
1.00147
0.998874
0.999211
0.999811
1.00031
1.00072
1.00174
1.00132
1.00227
0.999963
1.00084
1.00067
0.999915
1.00109
1.00131
1.00006
1.00085
1.00111
1.00003
0.999704
1.0007
1.00054
0.999676
1.00196
0.999698
1.00074
1.00208
1.00028
1.00192
0.999584
1.0019
1.00247
1.00244
0.999761
0.99988
1.00172
1.00008
1.0018
0.999381
1.00095
1.00036
0.999551
1.00112
1.00022
1.00048
0.999889
1.00018
1.00064
1.00044
1.00038
1.00032
1.00031
0.998897
1.00035
1.00232
1.00114
1.00129
1.00101
1.00077
0.998944
1.00014
1.00069
0.999697
0.99936
1.00152
0.999046
1.00072
1.00347
1.00028
1.00009
0.998958
0.999819
1.00015
0.999021
0.999795
1.00073
1.00093
1.00025
1.00245
0.999096
0.999872
1.00182
1.00023
1.00013
1.00158
0.999497
0.998825
1.00128
1.00075
0.999669
0.999469
0.999142
0.998221
1.00166
1.00057
1.00149
0.999653
0.997783
1.00166
1.0014
1.00012
0.999723
1.00092
1.00018
1.00023
1.00036
0.998585
1.00134
1.00339
0.999975
1.00084
1.00129
1.00115
1.00145
1.00154
0.999973
0.998973
0.999164
1.00111
1.00118
0.998121
0.999928
1.00211
1.00073
1.00153
1.00117
1.00044
0.999221
1.00027
1.00002
1.0013
1.00017
1.0001
1.00038
0.998936
0.99979
1.00078
0.999747
0.998732
1.00042
0.999578
1.00096
0.998048
1.00054
1.00045
1.00147
1.00024
0.999923
0.998198
1.00006
1.00005
1.0013
1.00254
1.00172
1.00152
1.00115
0.998789
1.00107
0.998566
0.99933
0.998807
1.00244
1.00077
0.999851
0.999548
1.00037
1.00114
0.999298
1.00048
1.00093
0.999256
0.999989
1.00057
1.00064
1.00104
0.999088
1.00094
1.00038
0.999591
0.999977
0.998861
1.00081
1.00063
1.00042
1.00089
1.00055
1.00097
1.00138
1.0008
0.998243
1.00059
0.999874
1.00175
1.00152
0.999763
0.999709
1.00051
1.00048
1.00115
1.0003
0.999006
1.00097
0.999889
1.00008
0.999456
0.999488
0.998766
1.00012
