0.904787
0.961861
1.78234
0.964412
2.07341
0.963833
0.963329
0.962587
1.8084
0.962397
0.963669
0.962846
0.962315
0.964136
0.964349
0.962733
0.963574
0.962682
0.887198
0.963732
0.96385
0.962805
0.963764
0.962706
0.962724
0.965264
0.962336
0.961874
0.963231
0.96442
1.57653
0.962808
0.964844
0.963692
0.963413
0.963498
0.962082
0.963742
0.93523
0.963057
0.962889
0.964152
0.964194
0.962691
1.00112
0.553126
0.962164
2.08266
0.961982
0.964942
0.963777
0.963183
0.96414
0.964318
0.963932
0.963645
0.962483
0.915146
2.00082
0.962674
0.965271
0.96407
0.963182
0.964587
0.96415
0.962574
2.08749
0.963458
0.963091
0.963032
0.96268
0.963252
0.963582
0.96296
0.962851
0.964118
0.965338
0.975524
0.963121
0.962358
0.962585
0.963873
0.962631
0.964273
2.04981
0.962375
0.963665
0.962176
0.876883
0.96374
2.04966
0.964064
2.07499
0.963072
0.963582
1.98176
0.963328
0.962566
0.96182
0.961849
0.964354
0.963089
0.962864
1.59291
0.964493
2.00076
0.964188
0.962593
0.963145
0.964896
0.963033
0.963995
0.964116
0.949895
0.962592
0.962155
1.61576
0.965041
0.964597
0.964339
0.96242
0.963762
1.37621
0.963268
0.96438
0.963065
2.06075
0.964124
0.963435
0.963333
0.963446
0.964043
0.964295
0.92768
0.963408
0.962208
0.961912
0.921613
2.04544
0.962723
0.964487
0.963302
0.963223
0.963483
0.963892
0.963792
0.963129
0.963368
1.45044
0.963555
1.60329
0.964443
0.961505
0.96391
0.963889
0.965539
0.92572
0.964341
0.963939
0.962917
0.965003
1.9896
0.963602
0.962121
0.964556
0.961845
0.962705
0.962989
0.964541
0.964102
0.963308
1.99793
0.964051
0.962838
0.962485
0.964081
0.962847
0.962501
0.962854
0.963668
0.963474
0.964302
0.963955
0.964085
0.964788
0.96416
0.962998
0.964588
0.96391
1.28162
2.0064
0.962671
0.9643
0.963599
0.961849
0.963746
0.962258
0.962101
0.963842
0.964396
0.964857
0.963041
1.94725
0.962831
0.963591
1.6744
0.964178
0.96361
0.963747
0.963039
0.965019
0.963428
0.963283
0.784265
0.964171
0.962193
0.964778
0.96456
0.805449
0.963452
0.962123
0.964809
0.965205
0.963099
0.963321
0.963328
0.964108
0.96509
0.963177
0.963723
0.962874
0.963874
0.963755
0.96336
2.00433
0.964817
2.04576
0.963916
0.962316
0.963395
0.962227
0.963474
1.15791
0.962275
0.96133
0.962636
1.52038
0.962594
0.963626
0.963094
0.962845
0.964221
0.961962
0.963055
0.962845
0.964314
0.965321
0.963764
0.962201
0.963531
0.962195
0.96204
0.964113
0.96316
0.963038
0.963517
0.964467
0.96256
0.962727
0.963614
0.961791
0.963895
0.963095
0.836576
0.962147
0.964109
0.962307
0.963261
0.963284
0.962877
0.96297
0.962137
0.964748
0.963781
0.962517
0.964416
0.962917
1.29456
0.964641
0.964905
0.962467
1.19937
0.962283
0.963584
0.963309
0.963442
0.963167
0.963486
0.961805
0.963033
0.962618
0.962657
0.962629
0.962739
0.962896
0.963955
0.965344
2.03055
0.965788
0.964012
0.963718
0.963091
0.963288
0.962726
2.07472
0.597417
1.17608
0.963871
0.962009
0.96424
0.964324
0.963269
0.964756
0.962431
0.962589
0.964345
0.963804
0.963501
0.96364
0.962409
0.963608
0.961881
2.01353
0.964835
0.962987
1.93837
0.963619
0.963341
0.964744
0.964301
0.96357
0.963969
0.961778
1.59575
0.963844
0.964534
0.963348
0.963703
0.963532
0.963904
0.884308
0.96325
0.963484
0.963276
0.964202
0.96384
0.962707
0.965134
2.07726
0.961651
0.963296
1.33107
0.962806
2.05156
0.964156
2.05523
0.962738
0.965186
1.30599
0.962851
0.964418
0.961814
0.961537
0.962896
0.962741
0.964959
0.96273
0.963338
0.802216
0.963981
0.891844
0.96337
0.963692
0.963219
0.96199
0.964662
0.962862
0.963525
0.963276
0.964719
0.963486
1.49245
0.96285
0.964496
0.962465
0.965138
0.963787
1.4653
0.962634
2.03354
0.963532
0.964003
0.96426
2.06667
0.962396
0.963011
0.96342
0.961583
0.963043
0.962933
0.962464
0.963153
0.962561
0.963345
0.964867
0.864655
0.965585
1.59603
0.964784
0.964803
0.963474
0.962517
0.963239
0.963897
0.963929
0.885356
0.964748
0.629864
0.96229
2.0474
0.963007
0.963995
0.962921
0.963183
0.963804
1.61166
0.962492
0.963471
0.96269
1.59535
1.61712
0.965141
0.962302
0.962322
2.02741
0.962558
0.963461
0.96214
0.963428
0.964269
0.963734
0.964802
1.53931
0.963346
0.963046
0.963211
0.96372
0.963433
0.964032
0.964252
0.962043
0.964199
0.962836
0.96362
0.96354
0.964664
0.963776
0.961969
0.962855
0.964259
1.99322
0.962634
0.963508
1.98733
0.965124
0.965381
1.97373
1.4303
0.962322
0.96368
0.964431
0.963123
0.962641
0.964226
0.963555
0.963297
0.965033
0.964019
0.963731
0.962069
1.97778
1.43938
0.963074
0.962751
0.962568
0.963167
0.963891
0.962273
0.96421
0.96334
0.964004
0.962193
0.963015
0.964049
0.963428
1.29985
0.964907
0.961666
0.963091
0.962008
0.963756
2.06823
0.963718
0.962941
0.961853
0.962202
0.96334
0.961933
0.896484
0.963102
1.99784
2.03833
0.964904
1.49263
0.963385
0.962169
0.96225
0.963218
0.963895
0.963303
1.42862
0.96297
0.963914
0.90234
0.964681
0.964121
0.962204
0.963941
0.963247
0.962097
0.961958
0.964329
0.962422
0.963421
1.39939
0.961711
1.18919
0.961544
0.964495
0.963796
0.962505
1.61362
0.965556
0.963937
0.963696
0.888305
0.802992
0.96415
1.68773
0.964637
0.963879
0.963537
0.964672
0.963024
0.795645
0.962849
1.61185
0.96319
0.963999
0.963213
0.965702
0.965332
1.59786
0.963827
0.962994
0.964537
1.66929
0.961716
0.963602
0.962369
2.00732
0.96338
0.963004
0.962996
0.963451
0.964101
0.964777
0.798238
0.962611
0.963073
0.963846
0.96257
0.962563
0.961914
0.963068
0.963357
0.964729
0.963973
0.962298
0.964375
0.964088
1.51908
0.96334
1.61159
0.963598
0.963553
0.964459
0.965024
0.964364
0.963616
0.96364
0.962153
0.962926
0.962036
0.964389
0.962438
0.963201
0.963607
0.964569
0.96287
0.962357
0.962385
0.961736
0.961808
0.963911
0.964094
0.961745
0.962775
0.965376
0.962373
0.963518
0.964611
0.964231
0.962618
0.96135
1.61243
2.0443
0.962369
0.963508
0.962748
0.962845
0.963101
0.963083
0.964196
0.964859
0.963178
0.962525
0.96427
0.962557
0.964821
0.9631
0.964832
0.963433
0.962781
0.963521
0.962917
0.96168
0.963841
2.01175
0.96209
0.962655
0.962832
0.962862
0.792042
0.965301
2.04785
0.963299
0.964708
0.963469
0.962943
0.962812
0.964102
0.963942
0.964528
0.962884
0.963353
0.962763
0.964261
0.962074
0.805536
1.50398
0.963459
0.962348
0.96205
1.93632
0.963638
0.96372
0.962201
0.962064
0.963365
0.937797
0.963341
1.992
0.963209
0.963227
0.963566
0.962336
0.963278
0.962814
0.964212
0.96387
0.962264
0.963963
0.962254
0.963861
0.961738
0.963357
0.963464
0.963153
0.963932
0.964796
0.964443
0.963602
0.963448
0.964085
0.771284
1.60196
0.962655
0.963734
0.963623
0.963415
0.96283
0.964594
0.965414
0.962794
0.964031
1.9333
0.962188
0.962434
0.962169
0.962715
0.961325
0.96428
0.965352
0.962332
0.962945
0.962971
0.963953
2.08063
0.961426
0.96161
0.963149
0.962043
0.962492
0.963149
0.962773
0.962183
0.963965
0.961655
0.964764
1.81378
2.03655
0.962849
0.963886
0.962495
0.964316
0.96589
0.962623
0.962188
0.962529
0.963619
0.963352
0.898247
0.963825
0.963643
0.964202
0.964082
0.962796
2.03291
0.962592
0.884294
0.963712
0.964424
0.962268
0.963979
0.962724
2.04672
0.964142
0.964713
0.964024
0.963328
0.962415
2.02131
0.962903
0.964589
0.964213
0.962545
0.964072
0.964499
0.963448
0.963428
0.964692
0.962974
0.964052
0.962566
0.962327
0.963073
0.962711
0.962597
0.964659
1.99356
0.961839
0.905888
0.962018
0.963444
0.962818
0.963368
0.963033
0.962631
0.962486
0.96225
0.963744
0.963048
0.962783
0.963067
0.963982
0.963518
0.963566
0.962805
0.96419
2.03586
0.963338
0.964841
0.963296
0.963689
0.961905
0.963907
2.05348
0.963919
0.963417
0.962198
0.962787
0.96284
0.964349
1.92407
0.964842
0.963556
0.96244
1.9722
0.964312
0.871222
0.964761
1.54677
0.962755
0.963897
0.964046
0.963152
1.59589
0.96281
0.963953
0.965063
0.963156
0.964063
0.963236
0.963626
0.963343
0.962177
0.963921
0.962866
0.961911
1.97794
0.963091
0.964039
0.962311
2.07244
0.962914
0.964503
0.963991
0.964791
0.962471
0.964273
0.963549
0.963319
0.96485
0.964402
0.962645
0.962608
0.963202
0.962876
0.962671
0.964837
1.81197
0.965051
0.963965
0.962969
0.963651
0.962082
0.963346
0.962674
0.963038
1.86657
1.96693
2.02848
0.9644
0.964196
0.962765
0.963593
0.962903
0.961825
0.961916
0.962454
0.963209
0.96363
0.964103
0.963009
0.945662
0.937886
0.962612
0.964547
1.31464
0.96367
0.964249
0.964001
0.964486
0.961851
0.964173
0.962359
0.962461
1.50036
0.964615
0.962857
0.96325
0.962943
0.964634
0.961485
0.964302
0.963992
0.963607
0.964973
0.963583
0.962208
0.964363
0.963709
0.963761
0.96378
0.962752
0.965099
0.962924
0.964347
0.963135
0.962968
0.963281
0.962708
0.962003
0.963961
2.00446
0.963256
0.964718
0.962566
0.962957
0.964587
0.964553
0.962227
0.962779
0.962535
0.964521
0.962829
0.963613
0.963197
0.963449
0.961813
0.963437
0.964344
0.962322
0.962439
0.963903
0.963178
0.963534
0.962106
0.965127
1.21804
0.961793
0.963724
2.08531
0.963611
0.963905
0.964095
0.96153
0.962653
0.962532
0.964545
0.963414
1.7296
0.962357
0.963505
0.962343
0.961568
0.962856
0.96368
0.963244
0.965404
0.964195
0.963963
0.962473
0.962069
0.963207
0.962503
1.48042
0.962853
0.963237
0.961848
0.963337
1.59663
0.962362
0.962237
1.58648
0.963197
0.963548
0.962298
0.964417
0.962748
0.961387
0.962004
1.9024
0.962112
0.963308
0.964502
0.962307
1.97518
0.962102
0.963872
1.7306
0.963057
1.99572
0.964053
0.963327
0.962819
0.963443
0.962659
2.00544
0.962008
1.63176
0.963686
0.965299
1.60541
0.964577
0.964319
1.73257
0.963002
0.96353
0.964035
0.962206
2.1223
0.964541
0.965028
0.963209
0.963135
0.96314
0.962651
0.963305
0.96274
0.963417
0.962982
0.96307
0.966474
0.96306
0.962572
0.963924
0.963333
0.964017
0.963583
1.59362
0.964438
0.963276
1.28004
1.28545
0.963063
0.961547
0.963646
1.27043
0.964618
0.964933
0.963613
0.963998
0.963565
0.961858
0.963804
0.963255
0.963631
0.962332
0.963469
0.963115
0.963838
0.963481
0.963522
0.962673
0.96345
0.506445
0.963149
0.964669
0.962508
0.962783
0.96338
0.963526
0.964949
0.963444
0.961758
0.961806
0.963167
0.963332
0.962076
1.27924
2.06766
0.963917
1.25454
0.963828
0.963461
0.964363
0.964615
0.962099
0.963408
0.96542
0.963084
0.964282
0.962575
0.962768
0.962971
0.96289
0.962909
0.964713
0.963842
0.965532
0.962484
0.962817
0.962002
0.96198
0.963773
2.06451
0.965284
1.53218
0.963399
0.964305
0.963868
0.96152
0.9646
0.962498
0.962995
0.965843
0.962438
0.963054
0.963497
0.963811
0.963517
0.963284
0.961991
0.963454
0.963699
0.962243
0.963663
0.962932
0.963792
0.962756
0.962718
0.96057
0.962893
0.964436
0.96232
0.964439
0.963788
0.964363
0.963964
1.9939
0.964001
0.963452
0.963066
0.874427
0.963501
0.962313
0.963443
0.96441
0.963573
0.962523
0.963088
1.73021
0.96226
0.96444
0.963973
0.962991
0.963312
0.963889
0.962629
0.964918
1.37609
0.963207
0.963406
0.961809
0.962377
0.964252
0.964123
0.96401
0.963488
2.05631
0.963556
0.964108
0.96468
0.962231
0.964091
0.962896
0.964625
0.962946
0.963309
0.96455
0.8772
2.08143
0.964905
0.965612
0.963515
2.03512
0.96349
0.962978
0.964889
0.96341
0.965253
0.963308
1.98532
0.963878
0.963865
0.964624
0.963861
0.962291
1.93363
0.962981
0.963875
0.963071
0.963022
0.925259
0.961663
0.963146
0.963976
0.963793
0.963897
0.963796
0.963999
1.28168
0.96393
0.963038
0.962503
0.962378
0.965032
0.963341
0.963866
0.963914
0.96278
1.61204
0.96338
0.966413
0.963823
0.962697
0.961876
0.962985
0.963172
0.962418
0.964241
0.962714
1.30857
0.961841
0.964357
0.961801
0.963643
0.964495
0.96328
0.964828
0.963215
0.962829
2.08298
1.74315
1.6191
0.963545
0.964639
0.963706
0.96444
0.962066
0.962079
0.964646
0.963281
0.961913
2.08149
0.964249
0.964859
1.6171
0.961974
0.962722
0.963186
0.962221
0.962143
0.963353
0.962837
1.31745
0.963708
0.964463
0.963564
0.962076
0.963791
0.96367
0.962415
0.964014
2.05901
0.962238
0.96431
0.902271
0.964539
0.963197
0.962782
0.963808
0.962053
0.962771
0.964678
0.962032
0.963209
0.963038
0.961035
0.964119
0.964688
0.963436
0.963968
0.963054
0.963579
0.963204
0.963323
1.81409
0.963943
0.963538
0.964226
0.964439
0.964338
0.962741
1.39203
0.964119
0.962052
0.964241
0.963644
0.963383
1.73609
0.965971
0.963114
0.962539
0.963463
0.964799
0.963307
0.962339
0.96444
0.962971
0.964271
0.962251
0.962179
0.963952
0.963995
0.961986
0.963035
0.963166
0.963325
1.60037
0.9631
0.962095
0.962535
0.885871
0.963082
0.963904
1.44429
0.962471
0.964574
0.964117
0.962573
0.9635
0.96285
0.963099
0.962148
0.802261
0.963298
0.342979
0.963702
1.60463
0.962252
0.963908
0.962273
0.963852
0.963541
1.57493
0.963597
0.963093
0.962897
1.25042
0.96248
0.82307
0.962171
0.964104
0.963783
0.963313
0.963503
0.962585
0.964421
0.964251
0.961897
0.963829
0.962831
0.962926
0.964606
0.963934
0.963269
0.963279
1.97161
0.963293
0.964334
0.962208
2.05382
0.962149
0.963753
0.964532
1.66358
0.964853
0.962833
0.96409
0.962675
0.963997
0.963061
0.964232
2.03496
0.963011
0.963014
0.962012
0.964946
0.963818
0.962501
2.12051
0.962344
0.963666
0.96251
0.964222
2.03582
0.962536
0.964264
0.964052
0.963558
0.96276
0.963298
0.962807
0.96385
0.962889
0.964194
0.964235
0.96477
0.961882
0.963656
0.96348
0.963411
0.962797
0.963112
0.962983
0.963375
0.96379
0.963119
0.964294
0.963392
0.962631
0.962105
0.963566
0.964163
0.961791
0.962905
1.81408
0.962383
0.963473
2.04833
0.963988
0.964147
0.965106
0.964737
0.964454
0.963077
0.963022
0.96198
0.96344
0.962936
0.962684
0.963916
0.961777
0.963336
1.55086
0.963293
0.76665
0.96283
0.965156
0.962837
0.963232
0.963325
0.962592
0.964063
0.963476
0.962916
0.964592
0.963179
0.962819
0.964572
1.69247
0.963647
0.962982
2.01546
0.963065
0.963817
0.964627
0.962087
0.963994
1.61612
0.965316
0.961929
1.1603
0.796648
0.995595
0.962192
0.962824
0.961818
0.963514
0.963302
0.964736
0.963746
0.962688
0.964896
0.965134
0.963089
0.963387
0.963348
0.962036
0.963255
0.96501
0.964321
0.964205
0.962884
0.964867
0.96442
0.962558
0.963441
1.95833
0.9651
0.963028
0.963708
0.963226
0.963502
1.49909
0.963128
0.963315
0.925482
0.963131
0.963102
0.963083
0.963514
0.963054
0.964421
0.963534
0.962509
0.963312
0.9629
0.964255
0.961803
0.963972
0.962478
0.964248
0.963058
0.929781
0.963481
0.962032
0.963453
0.963351
0.962366
0.96261
0.963019
1.61126
0.963245
0.962717
0.96246
0.964016
1.60135
0.962643
0.963809
0.964467
0.964618
0.963766
0.963198
0.962984
0.963586
0.962441
1.38085
0.962733
0.963332
0.964546
0.963557
0.96393
0.963863
0.96282
0.964891
0.964726
0.962844
0.802934
0.965455
0.9652
0.962957
0.962859
1.29225
1.8033
0.964225
0.963633
0.963957
0.963729
0.962543
0.962847
0.964336
0.961949
0.797232
0.962727
0.962068
0.840835
0.963766
0.90916
0.96357
0.963331
0.962523
0.963243
0.962804
0.963054
0.963419
0.963486
0.962641
0.964025
0.965915
0.964354
0.963851
0.963486
0.79287
0.881931
0.963933
0.963353
0.964084
0.962914
0.963165
0.96337
0.96341
0.964378
0.963976
0.963439
0.964007
0.963318
0.963578
0.963645
0.954713
0.965191
0.962793
0.963202
0.963443
0.962345
0.962867
0.963323
0.962742
0.961912
0.96335
0.963936
0.964121
0.963935
0.963024
0.963638
1.9789
0.963529
0.962062
0.962999
0.963232
2.07289
0.964347
0.963607
0.963257
0.962379
0.963261
0.798144
0.961996
2.01685
0.962705
0.962297
0.963675
0.964689
0.96377
0.963241
0.963675
0.96452
0.963845
0.964379
0.963998
0.963595
0.962122
2.07969
0.96358
0.964304
0.962629
0.964022
0.962314
0.962828
0.962212
0.963958
1.80858
0.965355
0.962208
0.964118
0.961988
0.961686
0.962919
0.963714
0.962873
0.963323
0.962044
0.965209
0.963078
0.9645
0.96321
0.961901
0.962073
0.96337
0.963457
0.963932
1.48041
0.962337
0.962661
0.962523
0.962621
0.96321
0.962803
0.963297
0.963817
0.962117
0.962531
0.962998
0.96315
0.962982
0.963043
0.963045
0.962781
0.96327
0.799226
0.963358
0.809289
0.963606
2.06917
0.966103
0.964289
0.963177
0.964075
0.964441
0.963935
1.43032
0.963109
0.963395
0.961853
2.05757
0.963714
0.962685
1.50904
0.963818
0.880518
0.963925
0.964781
0.963266
0.96314
1.16159
0.964176
0.963601
0.962018
0.963639
0.962824
0.962554
0.962749
0.87609
0.961999
0.964109
2.06712
1.47118
0.96275
0.963613
0.962884
0.964024
0.963652
0.962863
0.963374
0.963786
0.962883
0.963781
1.26109
0.965165
0.963149
0.961718
0.963667
0.963025
0.963756
0.965325
0.962392
0.96504
0.964565
0.96325
0.963671
0.963602
0.964835
0.96391
0.768594
0.963306
0.962123
0.961977
1.81059
0.965136
0.965713
0.963905
0.964446
0.962655
0.9637
0.964901
0.964008
0.962732
0.961691
1.81357
0.962234
0.96302
0.96391
0.962652
0.962486
0.963717
0.963326
1.53203
0.963846
0.964153
0.962409
0.962142
0.963493
0.964473
1.73344
0.963487
0.966081
0.962316
0.961945
0.963228
0.961962
0.962945
0.961883
0.964224
0.963406
0.963322
0.964125
1.4066
0.963337
0.343669
0.962348
0.962925
1.37386
0.963029
0.963318
0.962194
0.963853
0.965652
0.963288
0.963353
0.961598
0.963299
0.962866
0.963519
0.96312
0.964638
0.96389
0.964124
0.963072
0.96399
0.962012
0.961671
1.33899
0.962749
0.963861
0.962217
0.96373
0.964273
0.96281
0.963205
0.964254
0.963944
0.962066
0.963733
0.962948
0.963971
0.962909
0.964338
0.963424
0.963999
0.962987
0.964436
0.962222
0.961899
0.962977
0.961889
0.963638
0.963247
0.963559
0.964593
0.964747
0.965975
0.964247
0.965359
0.964007
0.962764
0.962961
0.963526
0.962298
0.962627
0.962462
1.16298
0.963833
0.96527
0.964532
0.962014
0.964214
0.962425
0.961568
0.963169
0.963691
0.963302
0.961802
0.96266
1.64114
0.963396
0.962421
0.963707
0.963325
0.96568
0.964612
0.964502
0.963249
0.963427
0.963682
0.963576
1.80529
0.963243
0.961547
1.031
0.962856
0.962644
0.963842
0.963163
0.962034
0.962763
0.964657
0.367093
0.964107
0.964494
2.04866
0.964795
0.963345
0.964197
0.964128
0.964988
0.962778
0.962398
0.80315
0.964359
0.96347
0.962927
0.963089
0.963231
0.963602
0.960276
0.964205
0.963598
0.961584
0.963284
2.0635
0.96464
0.963091
0.963423
0.963853
0.96307
0.96338
0.964109
0.964569
0.962418
0.961699
0.963994
0.962712
0.963888
0.961783
0.962171
0.962606
0.962146
0.964083
0.963806
0.963392
0.963458
0.904744
1.98333
0.962482
0.962816
0.962803
0.963173
0.962186
0.963465
0.962943
0.962376
0.964134
0.963811
0.964851
1.6094
0.964097
0.962166
0.963106
1.44658
0.962861
0.963812
0.96403
0.96363
0.963682
0.963062
0.961526
0.963032
0.963063
0.962539
0.965137
0.96252
0.961737
0.961879
0.962165
0.963515
2.08511
0.963004
0.963397
0.961749
0.963458
0.964463
0.963517
0.964426
0.961978
0.963128
0.964077
0.964207
0.963117
0.962958
0.963711
0.962962
0.962575
0.963698
0.963548
0.964041
0.962937
0.962581
0.962103
0.963658
1.98231
1.25219
0.962626
0.963021
0.96337
0.963501
0.963132
0.962701
0.96375
0.962889
0.964042
0.962595
0.964226
0.965059
0.963457
1.39962
0.962618
0.963685
0.963255
0.964147
0.962791
0.963974
0.962459
0.963621
0.962586
1.20226
0.963858
0.962363
0.964223
0.963029
0.963767
0.962349
0.96339
0.962097
0.962803
1.61173
0.965227
0.965124
0.962224
0.962297
0.965311
2.07406
0.806971
0.963539
1.96508
0.962986
0.961721
1.5671
0.962805
2.06175
0.962967
0.963733
0.963563
0.962713
0.962237
0.962675
0.964003
0.962408
0.795131
0.962277
2.07192
2.02886
0.963611
0.961786
0.963983
0.963604
0.963132
0.964035
0.96267
0.962914
0.962274
0.964099
0.94411
1.97194
0.964764
0.964389
0.962475
0.963012
0.963686
0.963044
2.01227
0.964171
1.94894
0.964236
0.963494
0.962224
0.963825
0.964861
0.964841
0.963559
0.924583
0.963662
0.963355
0.961767
0.964509
0.814665
0.962258
0.96419
0.860029
0.964101
0.964069
0.961896
0.965063
0.963995
0.9637
1.47683
0.965105
0.962072
0.962846
0.963597
0.962639
2.05186
0.961811
0.963429
0.961882
1.98999
0.964869
2.08501
1.23566
0.962443
0.963717
0.962827
0.96256
0.962302
0.962453
0.962672
0.962806
0.96314
0.961989
0.964021
0.962306
0.964174
0.963378
0.963996
0.963243
0.962674
0.965071
0.963348
0.961639
1.90339
0.964417
0.962718
0.964287
0.963904
0.964808
0.963493
0.963705
1.97695
0.96258
0.96287
0.962592
0.963288
0.964646
0.962871
0.962581
0.962655
1.57216
0.963571
0.933158
0.961565
0.962282
0.963999
0.963
0.963341
0.965583
0.964962
0.962512
0.964587
0.962062
0.962005
0.96204
0.962986
0.964528
0.963109
0.964199
0.791522
1.48206
2.07663
1.40879
0.963656
0.962333
0.962228
0.908712
0.964307
0.962158
0.964963
0.963025
0.964748
0.963733
0.96434
0.963926
0.779522
1.44428
1.9733
0.86228
0.962782
0.962883
0.965155
0.964357
0.964323
0.964242
0.962995
2.03232
1.99718
0.96281
1.35317
0.964947
0.961721
0.962626
0.965491
0.963224
1.60241
0.963768
0.963815
0.963207
0.963567
0.965991
0.961381
0.962797
0.962718
1.43262
0.964524
1.4481
0.962346
2.07997
0.963112
0.9641
0.964339
1.55686
0.963926
0.964744
0.963898
1.73117
0.961508
0.964792
0.963434
0.96288
0.962645
0.96269
1.5979
0.962626
0.96397
0.962246
0.963472
0.963058
0.963472
0.962082
0.962801
0.963473
0.964759
0.942967
0.940239
0.963065
0.96369
0.965609
0.963515
0.964359
0.963232
0.963043
0.963502
0.962915
0.962635
0.963084
0.964174
0.963271
0.962443
0.963661
0.963955
0.963501
2.04213
0.964371
0.963983
1.96086
0.964265
0.962636
0.96346
0.96526
1.56746
0.965105
0.96428
0.963682
0.965083
0.964492
0.962506
0.962185
1.98657
0.962506
0.963485
0.964499
0.964126
0.96361
0.964696
0.96301
0.963941
2.02823
0.963944
0.945585
0.964401
0.963312
0.96462
0.962685
1.61469
0.964828
0.961732
0.96403
0.963778
0.963166
0.963481
0.964025
0.964623
0.964829
0.964353
0.963626
0.961986
0.963219
0.963665
0.964341
0.962335
0.963196
0.96391
1.9852
0.962772
0.963526
0.963122
0.963247
0.962761
0.964054
0.964251
0.964135
0.964554
0.962162
0.963877
0.964533
0.963283
0.962954
0.963036
0.964549
0.962769
0.893701
0.962948
0.962599
0.962015
0.963847
0.964576
0.963737
0.962338
0.76459
0.963692
2.03774
0.962965
0.963719
0.963578
1.78026
0.963034
0.963937
0.962444
0.962107
0.964501
0.962387
0.962055
0.963205
0.965869
0.963236
0.963183
2.07248
0.964784
0.963157
0.963737
1.61669
0.964451
1.74574
1.49015
2.0457
0.963571
0.96323
0.964362
0.576119
0.96269
0.962516
0.963588
0.964758
0.963382
0.963315
0.962338
0.963026
1.99865
0.962554
0.962331
0.962874
2.0355
0.962526
0.963259
0.964325
0.962278
0.961667
0.964348
1.72058
0.962625
0.963516
0.963239
0.962105
0.962573
0.963936
0.963298
1.38852
0.823086
0.961793
0.964296
0.963023
0.96378
0.96157
2.06836
0.963157
1.62598
0.964326
0.962551
0.963066
0.964897
0.962231
0.963216
0.964037
0.963493
0.962058
0.964217
0.962691
0.964194
0.962913
1.95661
0.964156
0.963021
0.962812
0.964797
0.963943
0.964349
0.964975
0.963506
0.965088
0.963721
0.962822
0.964457
0.964111
0.962973
1.75204
0.963211
0.963138
0.963191
1.58844
0.963022
0.962759
0.961985
0.963258
0.964563
0.964336
0.964392
0.962571
0.965067
0.96342
0.964241
0.964421
0.964792
0.964134
0.962978
0.962117
0.962863
0.961456
0.96377
0.964706
0.963279
0.962084
0.961966
0.962723
0.965139
0.962988
0.961882
0.962702
0.962924
0.964224
1.55488
0.962279
0.963291
0.964961
0.962852
0.963708
0.963626
1.42353
1.94575
0.96347
0.964085
0.963272
0.962425
0.962215
0.964803
0.966043
0.962806
0.962844
1.59314
0.963573
0.965442
0.962057
0.963356
0.96315
0.963321
0.964544
0.963002
0.962427
0.964055
0.962933
0.962981
0.963661
0.962745
0.963493
0.962799
0.962625
0.963402
0.964772
0.9626
0.964363
0.962336
0.962627
0.964144
0.962556
0.963853
0.963477
0.964161
0.962637
0.963854
0.964238
0.962445
0.964418
2.013
0.964217
0.963753
0.961971
0.963091
1.98263
0.96267
0.962747
0.963289
0.963412
0.963353
0.963245
0.963565
0.963515
0.962598
0.962665
0.961826
0.964495
0.964482
0.961853
0.963046
0.962228
0.96243
0.963411
0.962949
0.963523
0.964494
0.962172
0.962635
1.44861
0.9647
0.96257
0.96312
0.963904
0.963732
2.11467
0.964005
0.963608
0.962876
0.96446
0.961832
0.962687
0.964643
0.964068
0.962199
0.963185
0.9631
0.963364
0.962839
0.96291
0.963829
0.964938
1.50039
0.963353
0.963922
0.964561
0.963205
0.964364
0.962689
0.962371
1.59989
0.963044
0.962384
0.964142
1.41652
0.962866
0.963814
0.964051
0.962697
1.33055
0.962955
0.962514
1.73107
0.963253
1.81809
0.963182
0.963596
0.962666
2.06087
0.964133
2.00367
0.849876
0.963044
0.96343
0.963247
0.963275
0.965102
0.964157
1.74455
0.961609
0.964338
0.963395
0.962698
0.962668
0.962636
0.96257
0.964067
0.963339
0.963409
0.962207
0.962859
0.964406
0.961864
0.791468
0.962918
0.775369
0.963541
0.961632
0.963304
0.964532
0.964852
0.963693
0.963862
1.50402
0.962508
0.963016
0.962153
1.96107
1.62871
0.962149
0.869891
0.962244
0.963554
0.964358
0.808997
0.963026
0.963368
0.963349
0.965326
0.964052
0.964477
0.962819
0.963118
0.965617
1.44789
2.05768
0.963329
0.962054
0.964143
0.963784
0.964075
0.964352
0.963369
0.963608
0.963822
0.963061
0.965148
0.962895
0.991612
0.962229
0.964677
1.80131
0.963106
0.962747
0.963768
0.962581
0.963563
0.96282
0.963045
0.962976
0.963729
0.964259
0.964349
0.96531
2.03781
0.963082
0.962986
0.961627
0.963525
0.963822
2.07179
0.964157
0.964446
0.963731
0.962577
2.05477
0.963022
0.962244
0.962379
0.963642
0.962981
0.962255
0.964377
1.42288
2.05114
0.963304
0.963747
0.96396
0.96218
0.965083
0.963657
0.963681
0.964443
0.962952
0.963416
0.963688
0.963128
0.962332
0.963347
0.963353
1.42927
0.964057
1.47691
0.961647
0.962944
0.962907
0.965114
1.32582
0.963537
0.964398
0.964117
0.962362
0.962601
0.964123
0.864555
0.964353
0.962344
0.882233
0.963303
0.961755
0.965512
0.9622
0.962475
0.96337
1.59207
0.964371
0.963396
0.963313
0.87011
0.965186
0.965311
0.963327
0.963806
0.964299
0.964589
0.962319
0.962649
0.962254
0.963783
0.961673
1.29024
0.962441
0.964143
0.963858
0.963813
0.963714
0.963697
0.963983
0.96458
0.96175
0.963244
0.788514
0.962905
1.6025
0.963647
0.962053
0.963392
0.961731
0.963262
0.962557
0.963382
0.964969
0.964614
0.963916
0.961614
0.963253
0.963201
0.961841
0.962653
0.964376
0.965064
0.963695
0.964497
0.963346
0.962722
0.963276
0.96299
0.963589
1.0789
0.963166
1.3231
0.963351
0.963448
0.962623
0.962998
1.1688
0.964093
0.962514
0.963958
0.9622
0.963253
0.962355
0.964017
0.96189
1.01427
0.96248
0.964349
0.964047
0.962639
0.96526
0.962135
0.96196
0.963138
0.961797
0.962481
0.963722
0.963194
0.963402
0.964642
1.81369
0.965329
0.905478
0.963392
0.962938
0.962851
0.963998
1.28157
2.02802
0.9629
0.963649
1.4268
0.965294
0.963557
0.963285
0.962128
0.964167
2.03073
2.08207
0.963381
0.962214
0.79858
0.962922
0.962243
0.963304
0.963133
0.964999
0.962202
0.963257
0.962859
0.96375
0.963444
0.810198
2.03782
0.799736
0.964289
0.964064
0.963398
0.96314
0.963486
0.96379
0.963227
1.17193
0.964782
0.962659
0.962851
0.962331
0.963106
0.962944
0.962951
1.91192
0.961924
1.80332
0.962921
1.51696
0.962871
0.962385
0.963711
0.962035
0.962733
0.964214
0.962851
0.963506
0.963362
0.963218
0.962933
0.964066
0.963869
0.963386
0.963332
0.962637
0.964419
0.963306
0.965036
0.962292
0.963263
0.963148
0.962224
0.964116
0.963488
0.962917
0.962616
0.96293
0.964742
0.965483
0.961852
1.68438
2.05269
1.30183
0.9636
0.963059
0.963341
0.964243
0.963585
0.962921
0.963124
0.96377
1.68325
0.964111
0.965031
0.963792
0.96403
0.96195
1.12544
0.963027
1.5721
0.962703
0.965194
0.805362
0.963246
1.40062
0.961687
0.964093
0.963066
0.964376
0.963468
0.962473
0.869931
0.963066
0.964943
0.964211
0.964557
0.96428
0.962187
0.964766
0.963338
0.963669
0.963478
0.792385
1.97454
0.963247
0.96351
0.963295
0.962754
0.964645
0.961963
0.962516
0.96268
2.02181
0.963908
0.963499
1.45859
0.963411
0.96364
0.961858
0.963385
0.964274
0.963932
0.96397
0.96336
0.963284
0.963226
0.963197
0.963075
0.963612
0.966282
0.963608
0.963069
0.963123
0.964424
0.964169
0.96368
0.962336
0.962249
0.961622
0.962497
0.965566
0.961955
0.962296
0.963161
0.809135
0.962981
0.964014
0.962798
1.2926
1.50951
0.962149
0.962125
0.962297
0.962733
0.961841
0.963697
0.963575
0.962363
0.916185
0.964487
0.962488
0.963871
0.963901
0.962686
2.03353
0.96427
0.962687
0.962083
2.05346
0.963496
0.96201
0.963371
0.963566
0.962153
0.962263
0.962768
0.964812
0.962715
0.962521
0.965102
0.964115
0.964465
0.962405
0.96308
0.963387
1.69559
0.964874
0.963283
0.96303
0.964303
0.963179
0.964893
2.06356
0.964228
0.844688
0.963849
0.964032
0.788535
0.897182
0.963198
0.962682
0.963069
0.963017
0.963019
1.60456
0.96355
0.962776
0.966958
0.96511
0.962057
2.06209
0.964403
0.962358
0.963373
0.963454
0.963068
0.963034
0.963365
0.963144
0.964476
0.963387
0.96328
1.56615
0.963508
0.962506
0.963211
0.961356
0.964365
0.9634
0.96303
0.962797
0.964677
0.964007
0.964082
0.962845
0.481668
0.963228
0.962322
0.96212
0.963548
0.963088
0.964021
1.13803
0.963739
0.964581
0.964953
1.21174
1.20522
0.962797
2.08091
0.963071
0.961646
0.963031
0.96414
0.964541
0.964032
0.963765
1.1335
0.963447
0.964564
0.964966
0.963767
1.81522
0.963002
0.963277
0.965447
0.964072
0.963378
0.961811
0.962847
0.963667
0.963025
1.7493
0.96417
2.0038
0.963197
0.964901
0.963132
0.963823
0.963079
0.962742
0.965232
0.963933
0.961735
0.965046
0.963921
0.962503
0.963672
0.963036
0.964269
0.961809
0.963567
0.962146
0.962597
0.963739
0.963477
0.963533
0.962784
0.962525
0.962838
0.963848
1.24452
0.963301
0.962247
0.963775
0.962165
0.965413
0.963325
0.962547
0.962543
0.963268
0.964321
0.965019
0.965033
0.961719
0.963797
0.963444
0.963246
0.963231
1.37199
0.961958
0.964293
0.964523
0.963773
2.06645
0.961754
0.96256
0.964247
0.963868
0.963762
0.963359
0.96434
0.96349
0.963828
0.964295
0.9639
2.04027
0.963109
0.962482
0.961683
1.64579
0.962755
1.61424
0.962379
0.962746
0.961611
0.963604
0.962749
0.963124
2.02546
2.07231
0.963983
0.965429
0.963071
0.794809
0.962708
0.961895
0.963082
0.962094
0.965347
0.961995
0.961806
0.963404
0.965749
0.961516
1.46576
0.9627
0.961977
0.963483
0.963724
0.964013
0.963595
0.962578
0.963197
0.963343
0.962819
0.961834
0.960768
0.962808
0.964106
1.92262
0.963346
0.963652
1.513
0.962601
0.964256
0.964022
0.962986
0.963613
0.963367
0.965177
0.963486
0.962741
2.02886
0.787305
0.962863
0.962352
0.961667
1.5505
0.963612
0.963532
0.963971
0.962642
1.81314
1.75053
0.963964
0.962006
0.962606
0.963949
0.961889
0.963679
0.962745
0.964402
0.962754
0.804579
0.91207
1.74918
0.963069
0.962902
0.963835
0.964318
0.963216
0.962484
0.963831
1.63217
0.962485
2.07108
0.962119
0.964475
0.964618
0.963774
0.962732
0.963339
0.963866
0.962904
0.964031
0.964831
0.962962
0.962609
1.73367
0.963693
0.963313
0.96389
0.962739
0.963527
0.962875
0.963465
0.963769
0.963902
0.964186
0.96243
0.963832
0.961747
0.962937
1.73192
0.963085
0.964381
0.962416
0.962019
0.963051
0.794695
0.963224
0.963876
0.962735
0.961271
0.961685
0.962815
0.963409
0.962649
0.964547
0.344126
1.60219
0.962664
0.963824
0.963626
0.963114
0.963995
0.962198
0.964391
0.963495
0.963896
1.77734
0.962499
0.964761
0.962899
0.963756
0.962915
0.963884
0.963891
0.963386
0.963545
0.963844
0.963001
0.962936
0.962705
0.964834
1.81499
0.963042
0.962863
0.533973
0.96196
0.964355
0.964237
0.962968
0.962551
0.964008
0.963039
0.963109
0.963668
0.963438
0.963628
1.6292
0.963489
0.963893
0.96311
0.963721
0.962948
1.22422
0.965497
0.961595
0.963584
1.74813
0.964239
0.964775
0.961963
0.963686
0.962164
0.962573
1.91636
0.964884
0.962324
0.963521
0.963212
1.77024
1.80101
0.963083
0.962435
0.963635
0.964568
0.963477
0.964043
0.962262
1.60095
0.964176
0.962454
0.963497
0.96306
0.962883
0.962133
1.97899
0.963012
0.962734
0.961685
0.962406
0.963482
0.962712
0.962533
0.963427
0.962242
0.964147
0.962764
0.962065
0.963948
0.964211
0.962209
0.963136
0.964537
0.963918
0.963519
0.964208
0.963539
0.819949
0.964025
0.962507
0.962099
0.962351
0.961609
0.964474
0.963218
0.885881
0.961946
0.961854
0.962431
0.963375
0.96423
1.72713
0.931672
0.964148
0.963852
0.962603
0.963538
0.961607
0.96193
0.960831
0.96296
0.964057
0.964235
1.59354
1.47177
0.9632
0.96249
0.962855
0.962137
0.963297
0.963417
0.962868
0.964317
0.962134
0.963143
1.72906
0.96474
0.962706
1.59968
0.962757
0.963006
0.962327
0.880167
0.965101
0.962686
2.06571
0.965289
0.963434
0.962654
0.963294
0.964365
0.963848
0.963179
0.96312
0.963917
1.53572
0.963535
0.963023
0.961955
0.963007
1.28601
0.964565
0.963495
0.964313
0.962888
0.961943
0.963838
0.962828
2.08294
0.961424
0.964717
0.961571
1.59188
0.962925
0.962092
0.962651
0.96473
0.964821
0.965275
0.964238
0.963968
0.96289
0.964612
0.963821
0.962987
0.964922
0.963855
0.963756
0.963561
0.962382
1.98184
0.962305
0.963277
0.963514
0.964446
0.962503
0.963209
0.964421
0.95485
0.962454
0.961648
0.963569
0.96307
0.963149
1.15913
0.963952
0.963952
0.962666
0.962721
0.962957
0.96254
0.962588
0.965165
0.962054
1.52068
0.964725
0.962379
0.963111
1.60173
0.962142
0.961879
0.963068
0.962177
0.962865
0.964836
0.96502
0.96511
0.962989
0.963049
0.962372
0.962834
2.07426
1.61036
0.962567
1.8027
0.962931
0.963892
0.92363
1.33754
0.9632
0.96238
0.962891
0.963263
0.965153
0.963034
2.06823
0.964955
0.961274
0.96406
0.964612
0.962564
0.961695
0.962923
2.06277
0.964067
0.963841
0.96263
0.964963
0.963569
1.72223
1.64127
0.963483
0.962145
0.93578
0.963525
0.963622
0.96246
0.963107
0.961895
0.961966
0.963175
0.963039
0.963979
1.59582
1.82004
0.963911
0.96258
0.964108
0.963477
0.962911
0.962324
0.960826
0.998581
0.963688
0.963284
0.962768
0.963855
1.92923
0.963488
1.27894
0.964002
0.961862
0.964468
0.963882
0.96297
0.96306
0.963326
0.961971
0.963452
0.964342
0.96489
0.963329
0.963636
0.962704
0.96379
0.963322
0.963261
0.961861
0.963923
0.963632
1.95755
0.963709
0.964301
2.05789
0.963283
0.962298
0.963487
0.963058
0.963853
0.963534
0.96313
0.964095
0.964387
0.962487
0.963398
0.96213
0.963612
0.961901
0.962134
0.965026
0.963802
0.963224
0.96272
0.962777
0.964211
0.962694
1.67732
1.55998
0.962092
0.962323
0.963609
2.08314
0.9629
0.963158
0.964301
0.964167
0.961966
0.962633
0.963166
2.03233
0.965105
0.909495
0.963118
0.96166
0.963343
0.963813
0.964797
0.964296
1.65952
0.964344
0.96285
0.963083
0.963656
1.89898
0.961478
0.961803
0.962658
0.964116
0.962229
0.962945
0.963269
0.962561
1.57439
0.963886
0.962532
0.963588
0.963284
0.963522
0.962843
0.963194
0.963265
0.963635
0.963775
0.963104
0.963855
0.963692
1.59846
0.963615
0.964016
0.524048
0.963375
0.96324
0.96246
0.96271
0.962517
0.962827
0.963511
0.963591
0.963287
0.963521
0.961699
0.963571
2.02032
0.963724
0.963791
2.07687
0.96233
0.790145
0.963638
0.962598
0.963408
1.812
0.962415
0.96363
0.963294
0.96339
0.962212
0.963946
0.964692
1.32376
0.963728
0.964295
0.962897
1.80936
0.964359
0.963412
0.962871
0.962694
0.963439
0.963284
0.963425
0.963293
1.81161
0.962607
0.962869
0.962934
0.963801
0.9639
0.963431
0.965107
0.961928
0.964587
0.962897
0.96257
0.964914
0.963707
0.962811
0.963353
0.962557
0.963428
0.962549
0.964122
0.963576
0.962442
2.00434
0.96259
2.08776
0.962533
1.9949
0.963994
0.963393
0.964679
0.962855
0.963992
0.963664
0.963532
0.962954
0.962735
0.963285
0.963407
0.963355
0.963654
0.963014
0.962583
0.963297
0.964045
0.963167
0.964438
2.02009
0.965027
0.962451
0.963745
0.962387
2.03953
0.961992
0.965465
0.964244
1.28674
0.963967
0.963778
0.96363
0.96203
0.963069
0.964058
0.962621
0.964427
0.963578
0.964022
0.96361
0.962558
0.963658
0.966764
0.962699
0.962349
0.962897
0.96491
0.96218
0.96293
0.962544
0.962825
0.9652
0.963379
0.963258
0.963171
0.963166
2.08234
0.965198
0.963474
1.37661
0.96335
0.961908
0.962187
0.964369
1.89496
0.962937
0.963984
0.963094
0.964339
0.962701
0.962042
0.962693
0.96416
0.961359
0.964399
0.964451
0.345998
0.963127
0.963486
0.9635
0.963125
0.963541
0.962175
0.961662
0.962761
0.961898
0.963114
1.17229
0.962549
0.789302
0.963637
0.963374
0.962349
0.962213
0.962056
0.962531
0.962867
0.963462
0.962385
0.963279
0.964226
0.96225
0.963877
0.963396
0.963037
0.963179
0.96439
0.965373
0.796642
0.963199
0.964323
0.964784
0.963314
0.962961
0.963575
0.96363
1.99649
0.963441
0.547717
0.963547
0.962023
0.96322
0.963388
0.961962
0.964212
0.964685
1.12021
0.96211
0.965466
0.961879
0.963347
0.964965
0.963561
0.963621
0.9635
1.33123
0.962889
0.964001
0.962334
0.963403
0.961836
0.796279
0.962093
0.962903
0.791603
0.963964
0.963559
0.963346
1.50056
0.962012
0.963499
0.963387
0.962574
0.962867
0.964157
0.963408
0.962437
0.963768
0.96282
0.962177
0.964266
0.962107
0.963649
0.965376
0.962501
0.963446
0.965658
1.59001
0.964157
0.961705
0.963316
0.962941
0.963594
0.962802
0.964908
0.965445
0.964054
0.962855
0.963409
1.32862
0.963637
0.962314
0.963033
0.96549
0.965144
0.963624
0.789408
0.962974
0.963741
0.964036
0.963191
0.962795
0.961841
0.963606
0.962837
0.964604
0.962579
0.962672
0.962639
0.962744
1.63174
0.962861
0.963591
1.28365
0.962866
1.70261
0.963218
0.962764
0.96343
0.962874
0.963164
1.60242
0.962461
0.963613
0.962108
0.961728
0.891756
0.964014
0.963348
0.962444
0.964276
0.964893
0.963471
0.963954
1.96346
0.961711
1.96637
0.964568
0.963452
2.05608
0.961594
0.96306
1.88158
1.81037
0.961978
0.963992
0.963693
0.963471
0.963001
0.963845
0.963395
1.59291
0.963435
0.963049
0.962844
1.58693
0.963096
0.964078
0.96228
0.962814
0.962762
0.963246
0.963481
2.04661
1.98898
0.963761
0.964676
0.963951
0.964864
1.73156
0.962758
0.963139
0.964882
0.963945
1.43081
1.632
0.962608
0.962558
0.963364
0.963422
0.962841
0.963709
0.964611
0.963335
0.964585
0.963691
0.965307
0.962977
0.963216
0.96478
0.96614
0.964297
0.962646
0.963115
0.963782
0.963982
0.963217
0.963893
0.860239
0.806153
0.964375
0.964284
2.0571
0.963654
0.9625
2.04702
0.96375
0.963404
2.05711
2.03991
0.961824
0.962316
0.963281
0.965548
1.40586
0.961781
0.96322
0.963775
0.963101
2.03413
0.963489
0.963351
0.964227
2.06572
1.73043
0.963591
1.16192
0.962239
0.962408
0.965201
0.963986
0.963353
0.964341
0.962924
0.964579
0.962684
0.965887
0.964511
0.962756
0.961744
0.962199
0.96288
0.96173
0.963423
0.963487
0.961971
0.963351
0.962881
0.964327
0.962437
0.963333
0.963203
0.96438
0.962572
0.964229
0.963646
0.962692
0.965172
0.961963
0.962601
0.962621
0.96412
0.96228
0.961862
0.963116
0.963407
0.964802
0.964123
0.962738
0.963285
1.57054
0.963731
0.791797
0.963389
0.961894
0.963479
0.962447
0.962441
0.963979
0.962727
0.963355
0.961859
0.962345
0.962279
0.962496
0.962908
0.963924
0.963777
0.963179
0.965248
0.963394
0.964406
0.962294
0.962596
0.961546
0.963252
2.08809
0.962378
0.964131
0.963265
0.964339
0.963956
0.963655
0.962681
0.963221
0.963039
0.962648
2.0773
0.962826
0.962947
0.961642
1.61088
0.964094
0.961802
1.60993
0.963942
0.963359
0.962813
0.96256
0.964034
0.964459
0.962072
0.962773
0.9619
0.964234
0.963348
2.05652
0.962594
0.963516
2.07713
0.962406
0.96199
0.96359
0.963341
2.02738
0.962433
1.60165
0.964907
1.60806
0.962816
0.964473
1.35731
0.962416
0.964249
0.962227
0.962284
0.964694
0.965086
0.963266
0.96456
0.96354
0.964224
0.962404
0.963211
0.964601
0.961514
0.963648
0.962834
0.962822
2.07915
0.962452
0.963866
0.963134
0.962558
0.962703
0.963866
0.964047
0.963753
1.24072
0.96251
0.964133
0.878764
0.965066
0.964907
1.58591
0.963784
0.965028
0.964487
0.962419
0.962332
0.963639
0.964122
0.962977
0.952359
0.965698
0.963187
0.962779
0.963106
1.49969
0.963782
0.963601
0.962479
0.962186
0.964187
0.963101
0.892264
0.879257
0.961923
0.963766
0.962948
0.963579
0.961988
0.963789
0.963259
0.963057
0.962578
0.965489
0.963687
0.963773
0.9646
0.962944
0.964473
0.964908
0.962561
0.965309
1.36906
1.81204
0.963643
0.964483
0.962267
0.963308
2.02669
0.962044
0.962763
0.963144
1.80031
0.962104
1.98461
0.963601
0.963017
0.963856
0.963964
0.963947
0.962723
0.963902
0.963569
0.963192
0.962805
0.963379
0.963746
0.96424
0.963447
0.963021
0.964458
0.962919
0.961839
0.964832
0.96436
0.963634
0.964101
0.963102
1.42231
0.962251
0.962832
0.96323
0.963167
0.961695
1.9341
0.962814
0.868161
0.96332
0.964203
0.471848
0.964501
0.964979
0.964051
0.962815
0.964625
0.963673
0.963536
0.963612
0.965694
0.963258
0.962814
0.965044
0.964795
0.965127
1.63618
0.962935
0.962805
0.963422
1.71627
0.962667
0.963627
0.965263
0.961943
0.963732
0.96146
0.962928
0.962971
0.963782
0.963089
1.32066
0.96383
0.965138
0.962368
0.962195
0.96367
0.963497
2.02539
0.96261
0.963883
0.963017
1.11029
0.963939
0.964583
0.963169
0.962719
0.965055
0.963857
0.964073
1.52751
0.962875
0.963325
0.963924
0.962911
1.59083
0.962508
2.00956
0.962825
0.962913
0.963055
0.963107
2.04108
0.962593
0.96255
0.964015
0.962758
0.962498
0.962742
0.964379
0.961929
0.963883
0.962093
0.963548
0.964081
0.963502
0.962809
2.02901
0.963721
0.9644
0.963679
0.962157
0.96297
0.963546
0.964246
0.964631
0.963378
0.882163
0.963585
2.0624
0.964512
0.963754
0.963784
0.963347
2.07747
0.96364
0.962268
0.965117
0.96411
0.96335
0.962629
0.962899
0.963581
0.96349
0.964387
0.962786
0.96363
0.962687
0.962498
0.961937
0.961731
0.96314
0.965322
1.16112
0.964597
0.962991
1.34735
0.964914
0.963629
0.962688
0.96264
2.0316
1.59945
0.874735
0.964934
0.963611
0.962883
0.962247
0.962431
0.963819
0.963439
0.963194
0.964887
0.965027
0.962496
0.962078
0.964441
0.964461
0.963107
1.20173
0.963262
0.963604
0.964545
0.963354
0.962675
0.963053
0.965988
0.962756
0.503645
0.963474
0.963088
0.964533
0.963756
2.00596
0.96408
0.962039
0.964086
0.963377
0.964795
0.964194
0.963992
0.962763
0.963308
0.963804
0.965011
0.963251
0.963822
0.962819
0.962872
0.963738
1.73272
0.963276
0.962732
0.963275
0.962734
0.964274
0.962983
1.27975
0.963768
0.962154
0.962029
0.963678
0.965495
0.96277
2.00904
0.962453
0.962814
0.963371
0.963185
0.963845
0.964179
1.60084
0.963482
0.963796
0.963357
0.963606
0.96467
0.964096
0.963248
0.963498
0.962927
0.962106
0.964088
1.61063
0.96404
0.963369
0.964777
0.962262
0.962184
1.17079
0.963296
0.48377
0.963169
1.5439
2.05925
0.96162
0.962934
0.963696
0.963092
1.30422
0.96233
0.963785
0.961558
0.962335
0.965278
0.964281
0.964914
0.962859
0.963774
0.962804
0.963953
0.881964
0.964921
0.962953
0.962834
1.73169
0.963299
0.962742
0.96285
0.964128
0.962291
0.96313
0.964427
0.963921
0.963836
0.963267
0.963075
0.965173
0.96323
0.963669
1.59915
0.961861
0.962738
0.962116
0.963296
1.30464
0.962939
0.964115
0.962841
0.895896
0.963876
0.961976
0.961693
0.963347
0.963086
0.9628
2.0755
0.962821
0.962997
2.03314
0.961966
0.964447
0.963328
0.965379
0.963736
0.962915
0.963115
0.962659
0.963991
0.963915
0.963716
0.962958
0.963999
0.962646
0.962742
0.963172
0.962476
0.963926
0.962653
0.96349
0.963129
0.963335
0.961571
0.962688
0.963012
0.964739
0.79309
0.962079
0.963553
0.962914
0.96301
0.964111
0.963939
0.962077
0.963569
1.98627
0.964101
0.962765
0.961473
0.965151
0.963645
2.0559
0.962183
0.96314
0.962694
1.26296
0.965309
0.964204
2.03726
0.963151
0.964439
0.962667
0.963466
0.96351
0.962894
0.962248
0.965041
0.963469
0.962507
0.962211
0.962104
0.963974
0.962331
0.962546
0.963213
0.961987
2.02008
0.964579
0.962952
0.962586
0.964248
0.964504
1.45576
0.963394
0.964166
0.96332
0.962391
0.795321
0.963234
0.611976
0.776056
0.963146
0.962561
0.962244
0.962273
0.961308
0.962567
1.80956
0.964369
0.963116
0.962542
0.962808
0.962906
1.21199
0.963453
1.50893
0.963373
0.96324
0.963428
0.961814
0.962904
0.962671
0.962408
0.963171
0.963464
0.963292
1.37666
0.962876
0.962581
0.963451
0.963342
0.963422
0.962897
0.962376
0.963697
0.962852
0.888747
0.96462
0.963871
0.962574
0.849261
0.964208
0.96338
0.963961
0.962187
0.96294
0.963218
0.963076
0.964504
0.962987
0.963736
0.964094
0.963394
0.962222
0.96202
0.964863
0.963183
0.963165
0.965209
0.962849
0.964717
0.964029
0.96336
0.964338
0.962753
0.963484
0.963167
0.962976
1.63147
0.964195
0.96241
0.962491
0.96295
0.962756
0.963458
0.963343
0.964355
0.963772
0.962393
0.963408
0.962117
0.961979
0.963935
1.98185
0.961826
0.962532
0.963239
0.964107
1.80296
0.96278
0.962059
0.96323
2.00617
0.962157
0.963329
0.963272
0.963164
0.963197
0.963493
0.964372
0.962868
1.61254
0.963284
0.962645
0.963033
0.961923
0.964603
0.964777
0.962244
0.96167
0.962658
0.963461
0.964212
0.964082
0.962322
0.964806
0.962384
0.963349
0.963327
0.946166
0.962123
0.963467
0.96382
0.96292
0.963752
0.963876
0.964931
0.963552
0.96309
0.962727
0.961854
0.962349
0.964037
0.963304
0.963195
0.962625
0.963181
0.963499
0.965689
0.963279
0.963021
0.915967
0.963675
0.961625
0.963561
0.963402
0.96421
2.01488
0.962339
0.964356
0.429146
0.962917
0.963815
0.962594
0.964079
0.964287
0.963167
0.963481
0.963964
0.832257
0.963787
0.962015
0.434653
0.963131
0.963619
0.963549
0.963245
0.963917
0.965469
0.963644
2.04431
0.962873
0.964645
1.53709
0.962026
0.962974
0.963664
0.963862
0.962288
0.962906
2.05707
0.963234
0.963357
0.961414
0.962725
0.964427
0.963572
2.09323
0.962822
0.962843
0.963188
0.965331
0.963346
0.965205
0.96179
0.962832
0.963214
0.964056
0.964023
0.962958
0.962712
0.964554
0.811999
2.05883
0.962025
1.94879
0.963639
0.963018
0.962672
0.963118
0.58422
0.961643
0.962678
0.9644
0.853996
0.962874
0.882456
0.962631
0.962035
0.963228
0.961891
1.98281
0.962701
0.964869
0.962932
0.961915
0.963115
0.963084
2.04039
0.963238
0.962918
0.962417
0.964001
0.961733
0.963214
0.962593
0.963444
0.963866
0.962328
0.964417
0.963324
0.964566
0.962827
0.963676
0.915828
0.963438
0.962725
0.963716
0.90116
0.963274
1.90692
0.962327
0.962432
0.964844
0.963573
0.962742
0.962659
0.965159
0.964316
0.961759
0.96292
0.962969
2.0568
0.962953
2.07065
0.96352
0.964755
2.08769
0.962891
0.962988
0.96258
0.963433
0.964113
0.96403
0.963616
0.962137
0.962123
2.06936
0.963724
0.963336
0.96373
0.962089
0.96076
0.962775
0.962717
0.964382
0.962913
0.963834
0.963085
2.04625
0.963909
0.962762
0.961
0.963404
0.963473
0.962884
1.81489
0.963587
0.964115
0.964375
0.963019
0.962993
0.799619
0.963703
0.963717
0.964678
0.96317
0.962858
0.962289
0.964194
0.962745
0.962386
1.41823
0.962162
0.963821
0.962586
1.60726
0.963782
1.16067
0.962338
0.962691
1.60664
0.963709
0.963423
0.96392
0.964847
0.964468
0.964533
0.964993
1.72888
0.964886
0.962335
0.962221
0.962044
1.16482
0.963295
0.961013
0.964037
0.963702
0.963665
0.961878
0.962614
0.883922
0.961914
0.962603
0.964604
0.963405
0.963647
0.96314
0.965953
0.962984
0.485581
0.964073
0.963052
1.69466
0.964097
0.963094
0.963399
0.961807
0.963001
0.962729
0.963391
0.963697
0.964537
1.55875
0.962526
2.0281
0.964326
0.963538
0.96262
0.965353
0.963518
0.964079
0.961997
0.963193
0.96259
0.962437
0.963469
0.961946
0.965339
0.96482
0.964345
2.02088
0.962293
0.963381
0.962844
0.963281
0.964894
0.96323
0.96248
0.963109
0.963813
0.963385
0.963995
0.96325
0.965741
0.963387
0.965055
0.962723
1.38259
1.96798
0.962571
0.962362
0.964032
0.963174
0.963118
0.964227
0.962237
0.963257
0.863855
0.963742
0.965376
2.07118
0.962125
0.963893
0.964139
0.961916
0.962849
0.964188
0.964054
0.964757
0.962081
0.961857
0.964311
0.963429
0.963468
0.964714
0.963484
0.962016
0.962994
0.962626
0.962475
0.961712
0.963515
0.964472
0.962922
0.962403
0.963936
0.963331
1.34188
0.965344
0.964761
0.96191
0.961891
0.963493
0.961791
1.50798
0.963663
0.964248
0.962341
0.962696
0.963253
0.963333
0.964735
0.963784
0.963475
0.962009
0.962395
0.962904
0.963755
0.963523
0.96405
0.962072
0.962613
0.964126
0.8657
0.963042
0.963946
0.963322
0.963249
0.963885
0.963741
0.963008
0.96281
2.07463
0.964357
0.963356
0.963985
0.96311
0.964068
0.963458
0.962716
0.963234
0.961989
0.963804
0.963906
0.964107
0.962896
0.962744
0.963515
0.96411
0.962553
0.963205
0.964201
0.963934
0.962324
0.964327
0.964656
0.962078
0.963957
0.964702
0.96251
0.963478
0.963982
0.963613
0.963636
0.963631
0.963497
0.964794
0.963672
0.964575
0.964005
0.963805
0.964144
0.963233
0.963326
0.848283
0.963821
0.965269
0.961962
0.963476
0.963123
0.964295
0.965688
0.963026
0.962934
0.964431
0.961532
0.962425
0.963446
0.964693
0.963557
0.962755
0.963918
0.96429
0.963305
0.962084
0.964755
0.963846
1.9538
0.962363
0.964417
0.912752
0.96474
0.962948
0.962136
0.966118
0.963352
0.962014
2.06923
0.964048
0.962408
0.963731
0.964619
0.963804
0.963433
0.963575
0.963461
1.73036
0.964015
0.963316
0.964644
0.963895
0.963268
0.963745
2.05205
0.963765
0.963127
0.96234
0.962437
0.963688
0.774374
0.964351
2.08096
0.963262
0.963487
0.96391
1.9566
0.963946
0.96216
0.963194
0.964572
1.78291
0.962046
1.88004
0.962382
0.964402
0.963144
0.96367
0.964258
0.962095
0.787667
0.793531
1.35451
0.961861
1.52951
0.963304
2.11169
0.963181
0.96428
0.962852
0.96179
0.966097
0.962789
0.962342
0.963182
0.962165
0.963822
0.963589
0.963737
0.962975
0.963905
0.9648
0.964042
0.964138
0.964184
0.963348
0.964495
0.961776
0.963212
0.964025
0.962656
0.961321
0.964484
0.96283
0.964913
0.963084
0.964236
0.963034
0.962581
1.90863
0.963328
0.963445
0.964784
0.963502
0.963187
0.962836
0.962959
0.96335
0.96493
0.964561
0.964096
0.963344
0.963291
0.963821
0.962243
0.963232
0.963382
0.963706
0.963386
0.962555
0.964467
1.75265
0.963271
0.962312
0.962723
0.962508
0.962632
0.962256
0.963514
0.964329
0.961378
0.96331
0.963906
0.964655
0.963141
0.963474
0.964152
0.962278
0.96526
0.963226
0.964618
0.963232
1.35759
0.964224
0.965117
0.964055
0.961997
0.963505
0.964487
0.963623
0.963249
0.96379
0.963645
1.14172
0.964467
0.963658
0.963892
0.962017
0.865763
0.963964
1.73818
0.963354
0.962042
0.965065
1.43428
0.963181
0.964062
0.962719
0.96278
0.893919
0.910868
0.961807
0.963442
2.02917
0.962468
0.964501
0.963777
0.962402
0.963457
0.965455
0.963348
0.934358
0.963051
0.96304
0.964099
1.81456
0.962636
0.891183
0.964278
0.962208
0.962078
0.961917
1.57602
0.963549
0.962843
0.96237
0.962103
0.962723
0.962101
0.9624
0.962339
0.96243
0.964262
0.963849
1.5668
0.96189
1.62601
0.964587
0.943569
0.962727
0.962881
0.962737
0.965898
0.961632
0.963205
0.965266
0.96233
0.963992
0.963759
0.961696
1.21089
0.963547
0.963301
0.963924
0.962944
0.963495
0.962455
0.964403
0.96425
0.792828
0.96353
0.963079
0.963957
2.05877
0.962275
0.96335
0.963644
0.963282
0.962432
0.963517
0.963672
0.962954
0.96209
0.965437
0.962682
0.962693
0.962215
0.404538
0.962361
0.96373
0.962915
0.964777
0.963259
0.811556
2.0532
0.965008
0.964145
0.962176
0.961704
0.96308
0.963666
1.34135
0.963597
0.963029
0.962055
0.961898
0.96366
1.26751
0.963732
0.964381
0.962011
0.963136
0.96265
0.963403
0.963142
0.964802
0.963912
0.961922
0.963109
0.963666
0.9633
0.965244
0.964139
0.964375
0.962922
0.964194
2.01738
2.06476
0.964233
0.96356
0.964573
0.962369
0.963055
0.964055
0.96347
0.965037
0.964094
0.963682
0.785024
0.964631
0.961371
0.962733
0.96371
0.961747
0.964725
0.96315
0.963603
0.962143
0.964017
0.963271
0.963082
0.963366
0.962765
0.963813
0.963058
0.962547
0.962668
0.962509
0.964771
0.963868
0.961672
0.963279
0.963126
0.961935
0.965202
0.961761
0.963805
0.962672
0.962743
0.963155
0.964344
0.962541
0.964212
0.965134
0.963928
0.963606
0.963212
1.72757
0.963053
0.963277
0.963827
0.965061
0.962315
0.963973
0.963933
0.964506
0.964115
0.963672
0.962239
0.962495
0.962494
0.963249
0.964186
0.962108
0.962954
0.964606
0.964612
0.964754
1.81325
0.964734
0.96273
0.964452
0.963929
0.962715
0.96407
0.964711
0.962391
0.961981
0.96189
0.96347
0.963784
0.962422
0.963105
0.962929
0.965044
0.963328
0.963304
0.962485
0.961696
2.05959
1.45733
0.963088
0.963695
0.963138
0.964799
0.889839
1.16736
1.60178
0.962599
0.96277
0.963583
0.964446
0.96234
0.962597
0.962563
1.54529
0.96253
0.964367
1.42258
0.962519
0.96602
0.962979
0.961084
0.962476
0.962875
0.962083
0.963082
0.963467
0.960601
0.964405
0.963219
0.961548
0.964892
0.963091
0.963142
0.965191
0.964767
1.72277
0.964029
0.963719
0.962638
0.963901
0.784334
0.964536
0.96436
0.962666
0.963246
0.964136
0.964946
0.963852
0.96233
0.96468
0.962635
0.963044
0.858188
0.963304
0.963282
0.964651
0.939151
0.964033
0.9628
0.96343
0.963022
0.962287
0.963442
0.963443
0.964082
0.963554
0.910258
0.965123
0.963434
0.964219
0.962905
0.963333
1.53654
0.962326
0.963386
0.964319
0.963107
0.964483
0.961773
0.961538
0.964241
0.962589
0.964664
0.962655
0.962357
0.963739
0.964031
0.962675
0.965096
0.965076
0.963356
0.963415
0.964566
0.964945
0.963251
0.961812
0.8888
0.962562
1.89863
0.963279
0.964054
0.963432
0.96255
0.962021
0.963249
1.43021
0.962654
0.963829
0.963497
0.964261
0.962644
0.962294
0.96399
1.10527
0.964585
2.11034
0.964162
0.962513
0.96421
0.962535
0.962886
0.962684
0.964505
0.963126
1.27864
0.963825
0.962248
0.964446
0.96367
0.962267
0.963382
0.963481
0.962943
0.963783
0.961873
0.963269
0.963298
0.963753
2.05948
0.963624
0.96295
0.963336
0.963374
0.964731
0.964697
0.962728
0.962076
0.962324
0.96386
0.963292
0.962653
0.963441
0.823815
0.963151
0.96422
0.96487
0.962965
1.16363
0.96449
0.962331
0.96497
0.962315
0.962337
0.962956
0.963481
0.965101
0.962565
0.963487
0.963325
0.96478
1.60804
1.3359
0.964599
0.962782
0.963568
0.962943
0.9633
0.962226
0.96418
0.96381
0.963265
0.963178
0.962887
0.963653
0.964176
0.787079
0.963933
0.887899
1.3005
0.96227
0.962784
1.48737
0.964724
0.998069
0.962044
0.96301
0.962536
0.963177
0.962261
2.12409
1.43091
0.963315
0.96295
0.964651
0.963729
0.962424
0.962231
0.963983
0.963298
0.964291
0.963537
0.963153
0.963022
0.962514
0.96325
0.964639
0.962086
0.964167
0.964469
0.964431
0.963135
0.963019
0.963157
0.963178
0.963007
0.962166
1.93538
0.963487
0.963504
1.6328
0.962733
0.961282
0.963709
0.962919
0.962881
0.962735
2.08073
0.962046
0.963782
0.962127
0.963611
0.838767
0.963278
0.963066
0.962663
0.962408
0.964812
0.962801
0.96408
0.964134
0.963104
0.9634
0.791109
0.963482
0.964961
0.962636
0.962517
0.964171
0.963294
0.96295
0.962519
0.963525
0.963039
0.793125
0.964471
2.03566
0.962636
0.96321
0.962337
0.962846
0.963534
0.962914
0.963149
1.59795
0.964007
0.963604
0.963613
1.20143
0.962904
0.963051
0.963155
0.963257
0.963427
0.96421
0.96372
1.61935
0.963138
1.75739
0.962573
0.964866
0.963483
0.96402
0.961723
0.891363
0.962586
1.27814
0.964315
0.964114
1.60103
0.962678
0.963639
0.962793
0.962928
0.96252
0.96261
0.965699
0.962973
1.96771
0.963458
0.961753
0.963751
0.963246
0.965194
0.963544
0.964443
0.963251
0.835601
0.964202
0.963492
0.96288
0.963681
0.963799
0.961715
0.965393
0.962535
0.963972
0.963975
0.963666
1.50497
2.00926
0.962668
0.964665
0.964462
0.962014
0.964068
1.66321
0.963131
1.44921
0.963029
0.9644
0.96356
0.963635
0.962748
0.963359
0.964043
0.964056
1.22158
0.962666
0.962937
0.963486
0.964821
0.963232
0.963832
0.9636
0.961887
1.80948
0.964662
0.963553
0.962797
0.962628
0.96267
1.53673
0.963899
0.963143
1.58743
2.03692
0.965261
0.963273
0.963825
0.964811
0.962621
0.961344
0.963211
0.961779
0.964034
0.963804
0.962411
0.964918
0.961902
0.963852
0.963278
0.963666
0.962954
0.962227
0.962486
0.962638
0.963421
0.963873
0.963923
0.961709
0.962779
0.961913
0.962158
0.96368
0.963188
0.963491
0.963605
0.963177
0.963939
0.963909
0.962065
0.965196
0.963045
0.96214
0.963169
1.60302
0.963877
1.80485
0.962907
0.963945
0.878246
0.962754
0.962605
0.963293
0.964477
1.76388
1.1128
0.963759
0.963619
0.964325
0.874017
0.963097
0.963026
1.6151
0.963703
0.962914
0.962686
0.802934
0.964501
1.63122
0.963286
0.963197
0.961873
0.96546
0.963795
0.964799
0.96325
0.96233
0.962456
0.963309
0.963636
0.9648
0.964211
0.963719
1.65647
0.962853
0.963223
0.96259
0.962965
2.07229
0.963395
0.964633
0.964845
0.964021
0.962873
0.961724
0.964724
2.07294
0.962828
0.964541
1.65443
0.963379
0.963269
0.963891
0.964163
1.97033
0.96366
0.962466
0.963428
0.962871
0.963708
0.963652
0.966338
1.73388
0.962724
2.03374
1.5487
0.96284
0.963159
0.962945
0.96493
0.964594
0.962926
0.963677
0.962385
0.963162
0.963607
0.963353
0.963365
0.962287
0.963363
0.962722
0.961606
0.963618
0.963738
0.962164
1.59662
0.96225
0.96242
0.962546
1.99343
0.963681
0.962106
0.964389
0.963374
0.962885
0.963325
0.96209
0.934873
1.93157
0.807357
0.961754
0.963707
2.07545
0.963843
0.963907
0.962315
0.963048
0.964767
0.964099
0.963969
0.963407
0.961835
0.963215
0.964621
0.964541
0.962936
0.963118
0.963662
2.03698
0.964052
0.963427
0.963237
0.964432
0.963116
0.964906
0.962716
0.962159
1.47036
0.96369
0.96275
0.964281
1.43104
0.964602
0.962024
0.962172
0.963604
2.02026
0.499794
0.965649
0.876685
0.964155
0.961794
0.963605
0.962157
0.964449
0.962281
0.964153
0.963231
0.962358
0.961807
1.53857
0.962624
0.964374
0.96384
1.11674
0.9629
0.963403
0.962622
0.962774
0.964452
0.963112
0.962004
0.963879
0.826256
0.962719
0.963097
0.963053
0.963424
0.962176
0.963729
2.01703
0.963126
0.963471
0.962336
0.962017
1.15314
0.96279
0.964095
0.962495
0.9624
0.963644
0.963274
0.963185
0.963474
0.963932
0.962761
0.963079
0.963351
0.96286
2.05666
0.962314
0.963664
0.961538
1.98095
0.963258
0.963399
0.962746
0.963595
2.08138
0.962388
0.962216
0.963468
0.964138
0.962085
0.961799
0.962341
0.963327
0.965204
0.919613
0.961839
0.961801
0.963363
0.962516
0.964101
0.962608
2.00942
0.962552
0.963876
0.963065
0.963423
0.963738
0.963069
0.962568
1.27268
2.04694
0.963397
2.02365
0.963095
0.963967
0.963442
2.09206
0.963257
0.962523
0.962806
0.963532
0.964266
0.964342
0.961477
0.962361
0.962891
0.964981
0.963128
2.01224
0.962346
0.962902
0.96439
0.962636
0.961638
0.963734
0.963548
0.963955
0.963837
0.963039
0.964232
0.962434
0.963519
0.964478
0.962071
0.964039
0.961637
0.964596
1.69482
0.965602
0.962332
0.963846
0.964355
1.99817
0.962653
0.964343
0.96252
0.962789
0.963293
0.963688
0.962553
0.964448
0.962462
0.963118
0.961501
0.963631
0.964376
0.963581
0.962363
0.963816
0.962234
0.963884
0.963196
0.962499
0.963647
0.963996
0.963077
0.964423
0.961322
0.963042
0.963958
0.962683
0.964341
0.965435
0.963461
0.963428
0.962507
0.962657
0.962616
0.96189
0.961884
0.965291
1.81292
0.962336
0.962848
0.964003
0.962613
2.06999
0.960804
0.962666
0.963236
0.963992
0.963628
0.961257
0.962529
0.963505
0.963277
0.963335
0.963517
0.963335
0.963177
1.33023
0.961798
0.962018
0.963958
0.96304
0.963569
0.962563
0.964102
1.81431
0.963766
0.962913
0.963089
0.962662
2.08056
0.963174
0.963389
1.90074
0.963781
0.962864
1.60286
0.963476
1.45969
0.964601
0.963072
0.961828
0.962612
0.964726
0.962898
0.965471
0.965354
0.963133
0.963131
0.961949
0.963537
0.963251
0.96216
0.964693
0.964784
0.963017
0.96381
0.963916
0.962942
0.963899
2.07533
0.964047
1.61382
0.962427
0.962982
0.963895
0.964391
0.96408
0.961908
0.963234
0.964449
0.964088
0.963915
0.856536
0.962486
0.962574
0.963801
0.964645
1.99578
0.963219
0.964975
0.964761
0.962996
0.962131
0.963282
1.29418
0.963209
0.964167
0.963406
0.962574
0.962207
0.962855
0.963693
1.81272
0.962361
0.963537
0.962819
0.965238
0.962748
0.962394
0.963541
0.963999
0.963113
0.962362
0.963114
2.08597
0.962208
0.963787
0.963028
0.963119
0.962164
0.962334
0.964443
0.964676
0.961632
2.12387
1.68889
0.964329
0.964168
0.962312
0.963798
0.963639
0.792438
0.918034
0.963985
2.10046
0.962539
1.37116
0.963129
0.963993
0.962987
0.965347
0.963206
0.964065
0.962552
0.96213
0.963748
0.961879
0.964026
0.963047
0.963298
0.963927
0.963175
0.962434
0.962716
1.94767
0.962541
0.858578
0.963008
0.963203
0.962242
0.964159
0.963167
1.33549
0.962897
0.963782
0.962841
0.964288
0.963404
0.964089
0.963075
0.962423
0.962676
0.963078
0.962955
0.963197
0.965243
0.963194
0.962423
2.06489
0.962411
1.63372
0.963725
0.96352
0.963767
0.963937
0.9641
0.962218
0.962521
0.962589
0.962516
0.892351
1.59734
0.963821
0.965427
0.963023
0.964167
0.965094
0.963863
0.963593
0.964832
0.963848
0.961961
0.962423
0.96448
0.963579
0.963342
0.961966
0.96189
0.961772
0.962706
0.965594
0.963719
0.964327
0.962979
0.962356
0.963536
0.96159
0.963406
0.96265
0.963851
0.803645
0.962612
0.962862
0.964056
0.963492
0.962855
0.963898
0.962742
0.964078
0.965008
0.963078
0.964238
0.962954
0.964843
0.964023
0.961877
1.4266
0.96356
0.962695
0.962191
0.963553
0.964291
0.963785
0.963773
0.962041
0.965234
1.41142
0.965228
0.963371
0.963707
0.963417
0.963157
0.963504
0.96309
0.963634
0.961968
0.961801
0.964134
0.964456
0.96282
0.964343
0.96425
0.962422
0.965996
0.963078
0.962423
0.96195
0.964669
0.96423
0.9651
0.962101
0.961783
0.963508
1.53443
0.962536
0.964132
0.962896
0.963186
0.963368
1.59351
0.964076
0.963083
0.963179
0.963141
0.963774
0.963485
0.962954
0.962754
1.49601
1.99127
0.962538
0.964046
0.962834
0.964593
0.963391
0.962442
0.962046
0.963329
0.96306
0.963712
0.964056
0.961972
0.96348
0.963579
0.962172
0.962313
0.963866
0.962835
0.963803
0.963332
0.962545
0.964749
0.962886
0.963096
0.965016
0.964607
0.96362
0.963458
0.963945
0.964751
0.962922
0.964433
0.963072
0.962071
0.963597
0.963519
0.961723
0.962895
0.964014
0.962509
0.963714
0.961987
0.963846
2.06348
0.961921
0.964367
0.962438
0.963296
0.96261
0.964111
0.963841
0.963193
0.962501
0.963839
0.962884
0.964212
0.964674
0.96255
0.962746
1.62412
0.963378
0.884487
0.962491
1.97197
0.963842
2.00942
0.963707
0.962168
0.96545
1.59274
1.80554
0.963638
0.963531
1.77111
2.08171
0.964857
1.27811
0.962898
0.964821
0.962477
0.963329
0.962512
0.964537
0.963725
0.962781
1.91312
0.96472
0.963839
0.960996
0.963516
0.96267
0.962571
0.963377
0.963935
0.963287
0.964449
0.963348
0.965574
0.963837
0.887837
0.963629
0.963121
2.03315
0.963675
0.963626
0.9633
0.963277
0.963789
0.964805
0.964413
0.803091
0.963112
0.96383
0.897405
0.964286
0.962473
0.963234
0.963123
0.962566
0.964823
0.964342
0.961692
1.28152
0.962344
0.962976
0.963548
0.963848
0.962803
0.96429
0.962244
1.44
1.29186
0.9633
0.963352
0.963824
1.61371
0.963931
0.962957
0.962482
0.963389
0.963296
0.962571
0.963147
0.962936
0.96486
0.96391
0.962999
0.964286
0.963094
0.961808
0.962907
0.963957
0.963647
1.60087
0.964035
0.964017
0.963653
0.962256
0.964296
0.962745
0.963249
0.962322
1.65719
0.96361
0.963959
0.962157
0.963142
0.963816
0.964173
0.964637
0.962241
0.962123
0.802532
0.963227
0.963106
0.962172
0.963018
0.962913
0.964466
0.962288
0.964192
0.964148
2.01559
0.963438
0.964006
0.965003
0.962207
0.961678
0.964291
0.963093
0.964303
0.962661
0.962864
0.964293
0.962822
0.963508
0.965162
0.965201
0.962777
0.964188
0.963035
1.33789
0.962487
0.780319
1.68106
0.96316
0.964125
0.961735
1.80649
0.962328
0.964
0.964352
0.963286
0.962864
0.964288
0.962935
0.963799
0.964416
0.865018
0.96244
0.961434
0.962815
0.962877
0.962293
0.96355
0.96523
0.962945
0.963449
0.96318
0.963308
0.96433
1.31944
0.964437
0.964159
0.962642
0.964831
0.963805
0.964046
1.59822
0.963642
0.962998
0.963456
1.13429
0.794411
0.96347
0.964825
0.963431
0.831708
1.46131
0.962782
0.963487
1.42997
0.963723
0.963402
0.963372
0.962516
0.963293
0.964343
0.962891
0.962596
0.962755
0.96207
0.961651
0.962291
0.963556
0.964176
0.963463
0.963945
0.962819
0.963886
0.962809
0.963775
0.962304
2.04525
0.964859
0.962618
0.964612
0.962274
0.962598
0.96272
0.961703
0.963734
0.961711
0.96286
0.964005
0.962848
0.963415
1.61776
1.89656
0.961889
0.962839
0.963104
1.54137
0.961972
0.962616
0.962435
0.963197
0.963235
0.965625
0.962898
0.963287
0.962587
0.962104
0.962237
2.02428
0.963571
0.963394
0.962664
0.963704
0.964136
0.963701
0.963848
0.962627
0.962403
0.962015
0.965552
0.962682
0.963339
0.963211
2.08176
0.962686
0.963895
0.963319
0.961425
0.964673
0.963238
0.961938
0.964648
0.965065
0.962557
0.963305
0.963318
0.962889
0.962813
0.964229
0.961957
2.08527
0.962519
0.963886
0.9642
0.964356
0.962713
0.963878
0.962191
0.963775
0.962685
0.964206
0.963744
0.963478
0.963469
0.962057
2.06274
1.98457
0.962876
0.965187
0.962247
0.845165
0.964076
0.963016
0.962658
0.963178
0.962997
0.96378
0.963088
0.96273
0.964459
0.963476
0.961904
0.963192
0.964296
0.962238
0.963288
0.963643
0.962392
0.9619
0.964316
0.965075
0.963445
0.963602
0.962264
0.963796
0.963755
0.964663
1.18269
0.963114
0.865879
0.963065
0.962047
0.964325
0.964077
0.963472
0.963092
0.96549
0.963904
0.963178
0.962498
0.961273
0.964362
0.962021
1.59543
0.962715
0.963442
0.963984
0.344302
0.96267
2.06893
0.963194
0.962997
0.963763
0.89461
0.963166
0.961973
0.962184
0.96371
0.963888
0.962646
0.96338
0.963108
0.962747
0.962561
0.963498
0.963602
0.962747
0.963212
0.96229
0.961825
0.963251
0.962573
0.963569
0.963105
0.965334
0.963105
0.964236
0.965503
0.96475
0.963705
0.962593
0.963326
0.963073
0.962901
1.49637
0.950932
0.966055
0.963701
2.02178
0.963799
0.962531
1.73239
0.962957
0.962501
0.964037
0.964614
0.962902
0.964106
0.963162
1.61328
0.962746
0.963178
2.03977
0.962747
0.962909
0.96201
0.964699
0.963395
0.96208
0.962509
0.961945
0.963283
0.963341
0.962866
0.963605
0.962635
0.964143
0.962755
0.963371
0.962279
0.962187
0.962367
2.04372
0.963467
0.963759
0.962784
1.43158
0.965679
0.963079
0.963353
0.962033
0.96342
0.80011
0.962723
0.964247
0.963007
0.966002
0.964437
0.963309
0.964032
0.962113
0.962916
1.27632
1.30337
0.963216
0.964839
0.963138
0.962197
0.964358
0.962784
0.963147
0.963591
0.964046
0.965336
0.961745
0.964821
0.962509
0.962778
0.962506
0.964525
0.963894
0.963469
0.962147
0.963538
0.964098
0.96311
0.963681
0.962518
0.964882
0.963908
0.87545
0.962418
0.963951
0.96356
1.56149
0.964178
0.965087
0.963175
0.963738
0.963914
0.963636
0.964012
0.964225
0.961852
0.963766
0.963151
0.962574
0.964609
0.962909
1.9063
0.962432
1.47029
0.963789
0.963644
0.963401
1.99419
0.963507
0.963759
0.962548
1.2339
1.47146
0.962419
0.963193
0.964751
0.964032
0.963521
0.963353
0.961737
0.962886
0.963811
0.9636
0.962241
0.963183
0.963512
0.964625
1.63086
0.962974
0.964275
0.962576
0.962527
0.800671
0.964257
2.04617
0.963143
0.964241
0.964462
0.963499
0.963664
0.965589
0.963922
0.964815
0.963089
0.964554
0.963381
0.964694
0.962841
0.964013
0.964553
0.964698
0.963275
0.963946
2.0577
0.964283
0.962958
0.963834
0.961921
0.96362
0.943097
0.961746
2.07841
1.72882
0.963187
0.96291
0.859001
0.963572
0.964432
1.80417
1.59307
1.60049
0.965142
0.963867
0.9628
0.962041
0.962855
0.963066
0.962956
1.90323
0.961683
0.962848
0.961786
0.962232
0.963143
0.962734
0.96355
0.964431
0.964072
0.96288
0.962758
0.963937
0.963939
0.963971
1.61632
0.801286
0.964326
0.962927
1.39236
0.961664
0.783149
0.962588
1.40595
0.962465
0.96205
1.60173
0.962675
0.963153
0.963287
0.964991
0.965121
0.962871
0.964211
0.962218
0.963435
0.964091
0.963048
0.963595
0.963115
0.963064
1.32721
1.8967
0.962142
0.961615
2.0323
0.962977
0.963787
0.963582
0.964263
0.963906
0.963499
0.963633
0.962535
0.96266
0.962717
0.826516
1.64604
0.961868
0.963232
0.9651
0.962964
0.962821
0.962386
0.962342
0.962183
0.96344
0.963897
0.961957
0.962733
0.964374
0.962763
0.962632
0.962433
0.962239
0.962292
0.963221
0.830999
0.962449
0.964236
0.964834
0.962908
0.963147
0.964013
0.963635
0.963549
0.963811
0.963071
0.965403
0.962984
0.963874
0.965164
1.22205
0.964552
0.963328
0.964914
0.964048
0.962942
0.96267
0.96307
0.963808
1.39405
0.964014
0.964872
0.962883
2.0056
0.964114
0.919795
0.964376
0.963025
0.963119
0.963159
0.964219
1.29211
0.806466
0.965036
2.03316
0.964053
0.962623
0.962179
1.36121
0.964452
0.964489
0.962956
0.963939
0.962582
0.963696
0.963446
0.962491
0.920857
0.963017
0.963217
0.96243
0.963918
0.962515
0.963427
0.963148
0.963655
0.787031
0.963111
0.96312
0.965058
0.965205
0.96394
0.963054
2.02011
0.963646
0.963692
0.96221
0.962911
0.962863
0.963506
0.962744
0.962805
2.06954
2.06233
0.964154
0.963503
0.965072
0.895892
0.964074
1.17254
0.963237
0.963599
0.772986
1.98539
0.847834
2.06641
0.963831
0.96333
0.964548
0.963344
0.962349
0.795917
0.962634
1.8965
0.962914
1.43848
0.964054
0.963359
0.963729
0.964027
0.965597
0.963183
1.80402
0.96411
0.962934
0.965688
0.961563
1.59947
0.964174
0.963758
0.963658
0.963244
0.962771
0.962837
1.94674
0.964137
0.962655
0.963773
0.964058
0.961574
0.963718
0.962895
0.96446
0.964917
0.963824
0.964281
0.962242
0.961593
0.96328
0.963653
0.963008
0.963338
0.962966
0.963226
1.49185
0.962797
0.962302
0.96201
0.962414
0.961976
1.28663
0.963676
0.9639
0.962989
0.963295
0.963554
0.964951
0.964622
0.961667
0.964208
0.962182
0.963337
0.963136
1.32467
0.963559
0.964684
0.963532
0.962815
0.96385
0.963125
0.962635
0.964388
0.96406
0.963904
0.963865
0.965442
0.962201
2.0403
1.95249
0.962928
0.963747
0.965073
1.61092
0.962865
0.962594
0.965078
0.962275
0.96388
0.962193
2.02731
0.96252
0.964234
0.963839
2.05689
0.963462
0.962337
0.961855
0.84901
0.964109
0.962045
0.963089
0.964137
0.964499
1.22028
0.963614
0.872315
0.9619
0.964127
0.963733
0.964339
0.963343
0.962096
0.963695
2.02067
0.963485
0.962799
0.962803
0.964755
0.962997
0.963183
0.963938
0.964236
0.961845
0.963879
0.964024
0.96388
0.963738
0.964904
1.37968
0.962877
1.60409
0.963072
0.962755
0.963628
0.962468
0.963398
0.962284
0.962409
0.963772
0.96206
0.963698
0.963162
0.964168
0.963589
0.963192
0.963866
0.96313
0.962443
0.964362
2.06255
0.962998
0.964332
0.962466
0.964738
0.962992
0.963302
0.963496
0.96361
0.963226
1.98871
0.964038
0.963518
0.963552
1.69192
0.963302
0.964285
0.963664
1.31323
0.962207
2.06232
0.964835
0.96324
0.963753
0.964878
0.963578
0.961982
1.55548
0.963439
2.03245
0.962136
0.962974
0.96274
0.963938
1.60185
0.961841
0.963413
0.963847
1.86973
0.964497
0.963561
0.962544
0.962382
0.963026
0.964518
0.963644
0.96256
0.96265
1.39389
0.964945
0.963125
0.964829
0.96191
0.964896
0.96275
0.963373
0.962788
0.964476
0.961879
1.3745
0.962545
0.963031
0.964864
0.963994
0.964637
0.962917
2.02344
0.964039
0.962769
0.963094
0.963729
0.964757
0.96331
0.963061
0.963699
0.962332
0.964475
0.963464
0.96381
0.962891
0.964531
0.965034
0.96403
0.962642
0.963361
0.96378
0.963499
0.961588
0.964557
1.60139
0.962314
2.07202
0.964872
0.964196
0.962684
2.04037
1.2164
0.962826
0.962851
0.962844
1.60448
0.962373
0.592103
0.963501
0.963795
0.964024
0.964158
0.962946
1.31034
0.963878
0.962121
0.909328
0.963497
0.962703
0.963239
2.00218
0.963609
0.962161
0.962866
0.964408
0.965534
0.963073
0.964127
0.962757
0.962496
1.47231
0.963609
0.964328
0.962715
0.964107
0.96333
2.08193
0.963974
0.962417
0.964922
0.963743
0.964721
0.962043
1.62593
1.43033
0.962806
0.962867
0.96316
0.962691
1.51624
0.963175
0.963005
0.962492
0.963674
0.963754
2.04718
1.42907
0.961955
0.962481
0.96365
0.96322
0.962281
0.963002
0.96307
0.963627
0.962789
0.964461
0.964782
0.963639
0.962146
0.962957
0.96373
1.87191
0.963609
0.96249
0.963387
0.963677
0.963809
0.964076
0.962586
0.964455
0.962827
0.963722
0.963554
0.963175
1.33294
0.88671
0.964577
1.16112
0.872639
1.73127
0.963243
0.962816
0.963787
0.962693
0.961496
0.961899
0.963311
0.963498
2.08087
0.963884
0.963534
0.963252
0.962295
0.876197
0.962499
0.963243
0.964215
0.962002
0.963386
0.963959
0.963048
0.963393
0.962879
0.964649
0.961457
0.964203
0.963473
0.96432
0.963361
0.963168
0.965075
0.962239
0.962114
0.96255
0.964762
0.961942
0.963478
0.963587
0.964361
2.01686
0.963479
0.96198
0.963688
0.963351
0.963725
0.96296
0.964088
0.964936
0.962733
0.963271
0.96414
0.460816
0.963566
0.963231
0.963581
0.963827
0.963033
0.963464
0.962577
0.963467
2.03446
0.961902
0.963684
0.962672
0.964343
1.73155
0.963191
0.962721
0.963814
0.964117
0.963348
0.964121
0.96244
0.963852
0.963292
0.962232
0.963834
0.963441
0.963857
0.963951
0.963502
0.962727
0.963423
0.96386
0.964281
0.96312
0.965504
0.963944
0.866008
0.96316
0.962999
0.964631
0.962864
1.91767
0.96382
0.961379
0.963314
0.961998
0.964454
0.961941
0.962277
0.964887
0.96316
0.96488
0.962798
0.963491
0.962072
0.964026
1.49786
0.964688
0.96305
0.964237
0.962747
0.961694
0.963451
0.962508
0.963309
0.963112
0.964979
0.962203
0.964041
0.961712
0.965482
0.962246
0.963515
0.962384
0.962921
0.962022
0.961545
0.962562
0.962445
0.963526
0.965604
0.963647
0.96397
0.962331
0.962833
0.963547
0.961703
0.963365
0.963155
0.963631
1.48906
0.963634
0.96197
0.964002
0.963429
0.962817
0.963294
0.963432
0.961994
0.856455
0.963812
0.963125
0.963697
0.963854
0.963891
0.962068
0.961971
0.963266
0.96416
0.964772
0.96495
0.963816
0.963805
0.961972
0.963007
0.962721
0.961767
0.961778
0.962318
0.962169
0.962982
2.0223
0.963869
0.96365
0.962365
0.962434
2.07751
0.964432
0.963761
0.963211
0.966422
0.964143
1.94029
0.824663
0.963507
0.965253
0.963603
0.963671
0.9647
0.963866
0.962189
0.963822
0.963726
0.962336
0.962453
0.96434
0.963735
2.01345
0.964192
0.962749
0.793402
0.964596
0.961889
0.885747
2.12309
0.964372
0.963617
0.962973
1.93823
0.962231
0.96232
0.963612
0.96399
0.608583
0.962932
0.963841
0.964262
0.962471
0.962689
0.964149
0.961997
0.962286
1.81607
0.96258
0.963281
0.963703
0.962523
0.962389
2.0764
0.962545
0.962939
0.963273
0.962965
0.962269
0.963267
0.963443
0.818326
0.965162
0.480354
0.96197
0.9643
1.28391
0.962629
0.963832
0.963547
0.963141
0.964875
0.962793
1.28985
0.963517
0.964005
0.962564
0.961868
0.962243
0.96304
0.963604
0.963609
1.97692
0.963616
0.961868
0.963149
1.60193
0.964963
0.893428
0.962054
0.963711
0.963509
0.962613
0.889539
0.96198
0.965355
0.964963
0.96366
1.34219
0.964201
0.963692
0.962364
1.3788
0.962568
0.964165
0.962907
1.48814
0.962092
0.963336
1.8128
0.962782
1.15188
0.963242
0.962766
0.962157
0.964113
0.964856
0.962706
0.962432
0.96433
0.964701
0.964577
0.964147
0.964749
0.963953
0.961956
0.962211
0.963757
0.963094
1.28736
0.963922
0.962823
0.964393
0.963608
0.963935
0.963687
1.6029
0.963443
0.963993
0.961919
0.962989
0.963742
1.44713
0.962279
0.963942
0.963592
0.962197
0.963577
0.963447
0.963863
0.964137
1.60218
0.963729
0.962435
0.964934
0.963908
0.963398
0.962649
0.963314
0.963671
0.962519
0.962976
0.962931
0.962767
1.58164
0.962926
0.965053
0.964374
0.965747
0.963194
0.963827
1.51524
0.962452
0.962881
0.965448
0.962576
0.963694
0.963051
0.96436
0.962695
0.965279
0.963316
0.964013
0.962348
0.963802
0.962755
0.964057
0.963475
0.962653
0.962113
0.964868
0.964454
0.962532
0.961603
0.964516
0.96231
0.962261
0.964117
1.80804
0.961813
0.963184
0.964365
0.96495
0.962092
0.963662
0.96357
0.963354
0.962669
0.9648
0.962131
0.963621
0.964282
0.96399
0.962409
2.07266
1.60005
0.963494
0.962996
0.962016
1.25238
0.962202
0.963258
0.964047
0.878593
0.963289
0.964166
0.96363
0.963987
0.962501
0.961738
1.54638
0.963505
0.963312
0.962576
0.962484
0.963258
0.962942
0.96293
0.964911
0.964213
0.965414
0.963271
0.963354
0.962392
0.963411
0.962313
0.963826
1.62067
2.06884
1.34887
2.05985
0.962736
0.962735
0.78467
0.963571
0.963096
2.04122
0.962353
0.962986
0.962776
0.963383
0.961955
0.963975
0.964903
0.963558
0.962877
0.963907
0.961404
0.963372
0.96208
0.964128
0.963537
0.96314
0.964801
0.963783
0.965117
0.963938
0.964065
0.963048
1.34672
0.962518
0.963743
0.964926
0.962344
0.963095
2.05098
0.8094
1.13022
2.03412
0.963733
1.60967
0.964651
0.963903
0.964061
0.964706
0.963421
0.963548
0.962746
0.963891
0.963659
0.963172
0.963815
0.9644
0.962033
0.963952
0.962907
0.965107
0.965175
0.963349
0.963597
0.804052
0.963535
0.963658
0.961912
2.07436
0.96171
0.963603
0.962507
0.96353
0.962644
1.15415
0.964645
0.962427
0.964213
0.9629
1.39094
0.962909
0.963315
1.3456
0.964397
0.962014
0.962263
0.96246
0.964672
0.963495
1.33263
0.961776
0.963766
0.963508
0.358751
0.963404
0.96341
0.963462
0.963797
0.962871
0.964677
0.963761
0.962935
0.963709
0.961927
0.963618
0.963304
0.961192
0.964589
0.962837
0.96327
0.963103
0.964414
0.962336
0.963093
2.06737
0.962958
0.962107
0.962223
0.963701
0.963684
1.00382
0.962499
0.962302
0.963923
0.963703
2.05513
0.964028
0.96368
0.963417
0.962335
0.963048
0.962966
0.960973
1.16142
0.962351
1.88692
0.963172
0.964287
0.964353
0.964189
0.822493
0.962739
0.962716
0.962303
0.96348
0.963116
0.961245
1.69587
0.962934
0.962752
0.964143
0.963607
0.806713
0.964157
1.92388
0.964494
1.6045
0.963515
0.962461
0.964098
0.963876
0.535596
0.962459
2.07137
0.963432
2.08014
0.808748
0.962111
0.964892
0.962593
0.962668
0.962014
0.962048
0.962975
1.47138
0.964464
1.89811
0.964395
0.962747
0.963846
0.963905
0.963602
0.963227
0.872798
0.963746
0.964883
0.962426
0.962367
0.962626
0.964294
0.961729
1.17592
0.964325
0.963206
0.96293
1.27319
0.96425
0.964929
0.964433
1.92142
0.963472
0.96307
0.963685
1.30177
0.963005
0.933057
0.962483
2.08518
0.964711
0.961786
0.96332
0.964273
0.962647
0.965101
0.962331
1.51026
0.963411
0.96272
0.96448
0.963501
0.963556
0.964066
0.962035
0.96174
0.965344
0.96406
0.963065
0.960925
1.60223
0.593093
0.791399
0.963129
0.963326
0.962351
1.98448
0.963623
0.963233
0.965819
0.962246
0.961799
0.962843
0.96347
0.963851
0.963521
0.963445
0.963145
0.962671
1.27976
2.07921
0.963399
0.964856
0.964503
0.965306
0.964097
0.9648
0.964141
0.963431
0.964398
0.963942
0.962553
0.964215
0.964436
0.964664
1.32166
0.964312
0.963033
0.962129
0.963486
0.963425
0.964154
0.962597
0.962882
1.81201
0.822814
0.962895
0.964376
0.96179
0.962155
0.962134
0.962981
1.7996
0.964728
0.962295
1.58008
0.961949
0.964229
0.964647
1.34847
0.96323
0.962091
0.963388
0.963695
0.963297
0.961816
0.963245
0.964062
0.96276
0.964156
0.964289
0.963577
0.964068
0.962417
0.963651
0.963278
0.963973
0.965039
0.961635
0.962271
0.960386
0.962842
0.963288
0.964107
0.962131
0.962227
0.963268
1.60754
0.962943
0.964899
0.962326
0.857691
0.962461
0.962005
0.963592
0.961859
0.96547
0.962493
0.963447
0.965272
0.962835
0.963011
0.963929
0.962793
0.963091
0.961953
0.964431
0.962874
0.962851
0.962958
0.963703
0.962905
0.962365
0.963078
0.963095
0.96469
1.72623
0.963246
0.963413
0.962776
0.963426
0.964232
0.964676
0.964041
0.806692
0.963716
0.963258
0.963238
0.964386
0.587556
0.965279
0.961943
1.37858
0.964925
0.963935
0.96352
1.98956
0.961025
0.96312
1.80939
2.05137
0.961889
1.78632
0.962279
0.9627
0.962874
0.964625
0.96362
0.963018
0.963993
0.964119
0.962544
0.963031
0.962557
1.6023
0.963636
0.963544
1.34301
0.963377
0.963467
0.962564
0.962471
0.963194
0.963962
0.962508
0.963679
0.963684
0.962265
0.963709
0.963339
0.963855
0.964048
0.963921
0.962238
0.961907
0.963524
0.962345
1.72736
0.964486
0.963273
2.05413
2.04209
0.962963
0.963611
0.963709
0.964418
0.963504
0.963088
0.963055
1.79045
0.962842
1.47323
0.962971
0.965046
0.964534
0.964798
0.962503
0.964214
0.963183
0.962899
0.962178
0.964196
0.964102
0.962531
2.08549
1.60088
0.963892
0.963418
0.962671
2.06902
0.963876
0.962603
2.07743
0.962048
0.964451
0.96341
0.964815
0.963004
0.962576
0.962844
0.963861
0.962901
0.964369
0.963834
0.961965
0.962004
0.963199
0.962125
0.963724
0.964083
0.963292
0.963275
0.963555
0.963789
0.963927
0.964588
0.964214
0.962866
0.963501
0.962209
0.962227
0.963494
0.965604
0.962749
0.963617
0.860989
0.964062
0.964923
0.962121
0.962838
0.87578
0.964024
0.965131
1.80902
0.962158
0.961831
0.962748
0.962466
0.801355
0.962066
0.962711
0.963041
0.963958
0.962013
0.965265
0.961954
0.96514
0.963846
0.962985
0.96375
0.790571
0.963908
0.963609
0.808023
0.963152
2.08077
0.962658
2.00252
0.964985
0.962865
0.963041
0.963918
0.962832
0.962724
0.961863
0.962455
0.962194
0.964425
1.3554
0.962297
0.964057
0.96434
0.963779
0.962592
0.96244
1.21264
0.964415
0.963082
0.963976
0.963192
0.963181
0.964752
0.964153
0.963944
0.963982
0.963047
0.963084
0.963562
0.963538
0.962599
0.963765
0.961987
0.964045
0.962692
0.962837
0.963463
0.963224
0.962764
0.962912
2.06664
0.962077
0.962848
0.96207
0.965161
0.962033
0.963312
0.964554
0.96291
0.964094
0.857441
0.964019
0.963036
0.962053
0.963925
1.77217
0.963672
0.964059
0.96646
0.965102
0.963922
0.962793
0.962129
0.963579
0.963129
0.963503
0.963245
0.963313
0.962572
0.963875
0.962593
0.963251
0.964852
0.963136
1.53576
0.961936
0.445249
1.61929
0.963497
0.863598
0.964345
0.963948
0.962173
0.964017
0.964623
0.964436
0.964829
0.964193
0.964506
0.964759
0.963652
0.963531
0.962995
0.962645
0.96402
0.963045
0.962359
0.963482
2.10339
0.963038
2.01336
0.963862
0.963645
0.963065
0.96267
0.961698
0.963191
0.963596
0.962285
0.964059
0.962949
0.963447
0.962463
0.962596
0.963179
0.964517
0.963042
0.965075
1.80016
0.962356
0.962897
0.962042
0.963652
0.963249
0.962025
0.9644
0.963049
0.962527
0.965543
2.00227
0.962584
0.963006
0.961817
0.963485
0.963806
0.964174
0.963342
0.964183
0.962668
0.963229
0.960664
0.963282
0.964032
0.963009
0.964556
0.962371
0.963245
0.962282
0.963103
0.964388
0.963164
0.962382
0.875828
0.962529
0.96421
0.964022
0.963232
0.963944
0.963496
0.963229
0.963523
0.962781
0.811292
0.963757
2.02104
0.962422
1.69459
0.96238
0.962106
1.90287
1.2478
0.963657
0.96622
0.962088
0.964025
0.963715
0.96405
0.963646
0.964295
0.962978
0.963134
0.963186
0.963876
0.963761
0.963519
0.963505
0.963941
0.962716
0.878677
1.62464
0.96261
0.964457
0.962668
0.963453
0.965156
0.963308
0.964966
0.963447
0.963089
0.963479
0.963755
0.963575
0.963982
0.962706
0.963149
0.963085
0.963536
0.962313
0.962728
0.962647
0.963921
0.963891
0.963505
2.03981
0.961689
0.962116
0.960836
0.962999
0.962459
0.962996
0.961678
0.961413
0.963108
0.962405
0.964656
0.962732
0.96415
0.963464
0.96349
0.961925
0.963156
0.96409
0.963759
0.964482
0.963388
0.962011
0.963054
0.962762
0.963335
0.964317
0.962763
1.28195
0.962401
0.962024
0.962649
0.963555
0.963098
0.964423
0.962871
0.858911
0.965187
0.962543
1.93866
0.963478
0.960888
0.963069
0.964025
0.964855
0.96342
0.963584
0.962702
0.962844
0.963734
0.965015
0.963734
0.963473
0.964646
1.59658
0.962916
0.963956
0.962656
0.963375
0.962129
0.963387
1.6748
0.963259
0.963806
0.962908
0.964228
0.963396
0.96284
0.961986
0.963952
0.963804
1.80718
0.964249
0.963513
0.96375
0.963433
1.20318
0.962064
0.962835
0.963239
0.96172
0.962766
1.35621
0.963123
0.963287
0.964101
0.962764
0.962631
1.80593
0.961708
0.963952
0.963454
0.964193
0.964087
0.962822
0.961904
0.964804
0.963493
0.96483
2.04308
0.962206
0.874609
0.962933
0.964842
0.963986
0.962358
0.937066
0.963703
0.933411
0.96448
0.963093
0.964158
0.962477
0.963643
0.963285
0.964305
0.964349
0.962391
0.962938
0.963418
2.06965
0.962126
0.962942
0.964439
0.964069
0.962657
0.96184
0.963196
0.963663
0.965702
0.964218
1.60973
1.21244
0.963455
1.62067
0.961702
2.05861
0.962426
0.964528
2.06964
0.962956
0.964252
0.963703
0.964375
0.962946
0.963548
0.963129
0.96371
0.962671
0.96409
1.36935
0.962919
0.963366
0.963984
0.963908
0.963666
0.963289
0.963427
0.962533
0.9624
0.962566
0.964087
0.963805
1.25839
0.963943
0.961989
0.96357
0.96548
0.963526
0.962598
0.964242
0.963276
0.963151
0.961553
0.962774
0.964563
1.98046
0.962943
0.965059
0.96191
0.962342
0.963735
0.963834
0.962678
1.43987
0.823484
0.894446
1.28835
0.965227
0.962983
1.8126
0.962545
0.962641
0.963805
0.963322
0.962528
0.963904
0.80679
0.962673
0.962093
0.964213
0.963113
0.874537
0.963421
0.96341
0.964903
0.963814
0.962105
0.963398
0.963913
1.6261
0.963688
0.963878
0.962903
0.962447
0.963666
0.963713
0.96389
0.963402
0.964254
0.962667
0.963275
0.962244
0.965153
0.962403
0.96504
2.02248
0.962793
0.964141
0.962952
0.962584
1.58686
0.96341
0.963244
0.963758
0.96418
0.964681
2.00561
0.963485
0.963455
0.963854
0.964178
0.963016
0.961782
0.96282
0.963745
0.963943
1.13056
0.963721
0.964284
0.964155
0.963036
0.962639
0.964186
1.97082
0.963289
0.965101
0.962567
0.96264
0.962766
0.961821
0.963963
0.964009
0.963623
0.963969
0.962446
0.963888
1.17608
0.964046
0.963698
0.962947
0.963378
0.962814
0.961899
0.785664
0.962436
0.963352
0.962386
0.962461
0.962311
0.962782
0.963331
0.962964
0.964381
0.964502
0.79241
0.963137
0.965038
0.96396
0.963611
0.96207
2.05556
0.963464
0.964193
0.962984
0.963693
0.964312
1.61343
0.962267
0.964466
1.61533
0.964673
0.964498
0.963495
0.963429
0.960886
0.964088
0.96467
0.963109
0.887164
0.963395
0.962993
0.962385
0.963185
0.965042
0.963726
0.962501
0.96377
0.962536
1.21752
0.963217
0.901345
0.962625
0.962092
0.962782
0.963475
0.963549
1.52432
0.964106
0.963435
0.963196
0.962015
0.962893
2.08887
0.962761
0.964571
0.962078
0.962996
0.962466
0.963528
0.907423
0.962138
0.96478
0.962802
0.963573
0.96298
0.961884
0.963381
0.96424
0.962825
0.96337
1.98839
1.70254
0.964524
0.963595
0.962902
0.963159
0.961519
0.962582
0.962391
2.07527
0.962431
0.963349
0.963927
0.96411
0.964708
0.918287
0.963534
0.963708
0.962366
0.962435
0.964322
0.962854
0.963168
0.96417
0.962033
0.963473
0.963452
0.962958
0.961934
1.96991
0.962376
0.962119
0.963134
0.963824
0.964561
0.961452
0.961286
0.96328
0.964234
0.840009
0.964213
0.964006
0.964684
0.963625
0.963724
0.962512
0.964954
0.783855
0.962523
0.964525
0.963972
0.963323
1.59745
0.962766
0.962926
0.963448
0.964506
0.963344
0.963882
2.06633
0.963547
1.68234
0.962977
0.963544
0.962053
0.962553
0.96377
0.965505
0.96496
0.962627
0.962989
0.964072
0.964162
0.964089
0.962941
0.96169
0.962583
2.02287
2.03379
1.88486
0.961801
1.60512
0.962646
0.962519
0.962805
0.964471
0.964543
0.964342
0.962542
0.965945
0.963309
0.964047
1.8956
0.963715
0.963818
1.28304
0.963907
0.962789
0.963288
0.965091
0.962347
0.96422
1.16423
0.96355
0.963902
0.963588
2.06719
0.962553
0.964302
0.96162
0.961945
1.31432
1.49085
0.963813
0.964057
0.962576
0.963532
0.961787
0.963508
0.965562
0.962801
0.962814
0.961825
0.963866
0.963652
0.964059
0.96305
0.962574
0.963258
1.96661
1.80651
0.963351
0.962172
0.962689
0.962734
0.962761
0.888087
0.964026
0.963077
0.964491
0.963531
0.963546
0.962396
0.964685
0.961983
0.963432
0.963843
0.962678
0.964222
0.963979
0.962717
0.963226
2.07696
0.962709
0.964021
0.963741
2.04738
0.964331
0.962925
0.962926
0.964407
1.74519
1.44489
0.963284
1.80128
0.962377
1.12467
0.964096
0.963456
1.978
0.963981
0.96299
0.963722
0.963754
0.776249
0.961712
0.962839
1.77178
0.962402
0.963227
0.963232
0.890219
0.963237
0.847953
0.962956
0.965337
0.894216
0.96237
0.963721
0.962236
0.965273
0.962654
0.964318
0.964718
1.9733
0.960622
0.964012
0.962951
0.963413
0.965676
0.962117
0.963092
0.963062
0.962064
0.964476
0.962231
0.82931
1.60429
0.963493
0.963441
0.963609
0.962546
0.963827
0.964738
0.963431
0.962647
0.964207
0.963903
0.963892
0.963128
0.963761
1.81025
0.962165
2.06755
0.963521
0.963072
0.963017
0.963666
0.963635
0.96279
0.962858
0.962943
0.961901
0.962115
0.962903
0.962071
0.963251
0.963457
0.96215
0.963185
0.964566
1.43592
0.963932
0.962109
0.962448
0.962241
0.962085
0.964006
0.964062
0.964613
0.963383
0.962371
0.962946
0.963689
1.42282
0.961911
0.962879
0.963936
0.962625
0.962979
0.963472
0.964442
0.962263
0.963685
0.808025
0.963895
0.96292
0.96229
2.04665
0.962382
0.961491
0.963683
0.964201
0.963584
0.964214
0.964121
1.96877
0.962998
0.964246
0.962585
0.964576
0.963458
0.797605
0.965038
0.964545
1.98016
0.962982
0.961742
1.69429
0.961732
2.08675
0.963122
0.962539
0.961699
0.963119
2.02611
0.963623
0.963054
0.962553
0.962753
0.963916
2.08006
0.964713
0.962627
0.964289
0.963483
0.963396
0.96437
0.961967
0.96391
1.61018
0.963817
0.963625
0.962431
1.67072
0.964899
0.962931
0.962636
0.9632
0.963108
0.963677
0.963312
0.964219
0.963744
0.962392
0.964134
0.963488
0.963424
0.962474
0.961573
0.963783
0.962
0.96599
0.962261
0.963502
0.962874
2.06956
0.96228
0.96318
0.964501
0.961947
2.01979
0.439516
1.98234
0.963241
0.962863
0.963172
2.12294
0.963725
1.94741
2.0532
0.962301
0.960905
1.56747
0.964243
0.964424
0.965018
2.06862
0.962932
0.965315
0.962215
0.962665
0.965355
0.963487
0.963257
1.60674
0.962959
0.962879
0.961933
0.964427
0.963594
0.961875
0.962325
1.58573
0.963798
1.3879
0.96254
0.962715
0.96461
0.962296
0.964305
0.964659
0.964774
0.964671
0.964929
0.963221
0.964044
0.963411
0.964706
1.39389
0.962704
0.962906
0.963883
0.962971
0.94432
0.962302
0.963001
0.962998
0.963611
0.963703
0.964255
1.71913
0.964285
0.961736
1.80668
0.961087
0.963241
0.964675
1.61564
0.962053
0.962331
0.962895
2.04941
0.963886
0.962386
0.964757
0.962634
0.963585
0.962058
0.859718
0.964019
0.963364
0.962227
0.962501
0.896119
0.964174
0.963681
0.963576
0.963609
0.96268
1.72851
0.961972
0.962378
0.963535
0.963263
0.962549
0.963276
0.965323
0.963882
0.961857
0.963961
0.790997
0.9643
0.962958
0.962503
0.964543
2.07097
0.963405
0.964689
0.963936
0.964471
0.962945
0.962945
0.963791
0.818531
0.964254
0.962579
0.963145
0.964031
0.963084
0.963256
0.964148
0.962976
0.962649
0.964425
0.963618
0.961931
0.962856
0.9637
0.965177
0.963789
0.963014
0.962382
2.0225
0.962566
0.963493
0.962831
0.964493
0.964421
1.71364
0.9619
0.964381
0.961969
0.962929
0.964014
0.96358
0.964375
0.963684
0.961971
0.964262
0.962619
1.12461
0.962984
0.963932
0.962113
1.87419
0.962997
0.965254
0.962819
2.06624
0.963734
0.964447
0.963493
2.04481
0.96197
0.963951
0.962721
0.964022
0.963388
0.963022
0.964742
0.96425
0.961625
0.963387
0.963463
0.962578
0.96273
1.8147
0.963711
0.964231
0.962717
0.964614
0.963614
0.962549
0.962532
0.963764
0.962976
0.963031
0.964321
1.8997
0.962789
2.06894
0.886409
0.965683
0.964922
0.962847
0.962894
0.961946
0.963354
0.96347
1.73427
0.963562
0.962159
0.964105
0.965119
0.964493
0.963808
0.964169
0.964307
0.963335
0.962114
0.963114
0.964194
0.963636
0.965004
1.28667
1.59647
0.962694
0.869551
0.964095
0.964127
0.965284
1.58664
0.96385
0.961761
0.964923
0.962875
0.962564
0.963125
0.9642
2.06842
0.962592
0.963655
0.963235
0.964238
0.96325
0.96292
0.964143
0.963314
0.944477
0.963108
0.963084
0.963362
0.963999
0.962812
0.962487
0.962362
0.963549
0.961786
0.962525
0.962482
0.963667
0.962674
0.962829
0.963562
0.962928
1.46831
0.885632
0.964211
0.963808
0.96195
0.964613
1.18068
0.963327
0.964895
0.963164
0.964085
0.962164
0.964103
0.962505
1.94549
0.964239
0.962665
0.918484
0.962076
2.00767
0.964179
0.874666
0.961696
1.60354
0.961942
0.963673
0.964747
0.96241
0.963835
0.962744
0.866297
0.96246
0.963791
1.49623
0.962913
0.962714
0.963853
0.962955
0.962752
0.963855
0.96373
0.963825
0.962178
0.963011
0.963978
0.962907
1.5082
0.962722
0.962967
2.08784
2.01752
0.962318
1.44812
0.963775
0.962776
0.965132
0.796499
0.964687
1.98269
0.963377
0.963444
0.964813
0.963421
2.08932
0.962784
1.87577
0.962541
0.962224
0.962612
0.963376
0.962233
0.964868
0.9619
0.963806
0.962815
0.917259
0.962957
0.962056
0.963148
0.96417
0.96339
0.963133
0.963544
0.962606
0.963303
0.962007
0.963915
0.962887
0.963451
0.963821
0.964093
0.963914
0.963434
0.780638
0.96313
0.963648
0.963013
0.963223
0.962918
0.962783
0.963878
0.964235
1.22754
0.891037
0.962812
0.963395
0.962676
0.96335
0.961754
0.964296
0.963652
0.963385
0.963117
0.962585
0.962969
0.962763
0.963321
0.961868
1.45326
0.962407
0.964101
0.964503
0.963319
0.964554
0.963359
0.962386
0.962869
0.96244
0.962159
