0.967851
0.970259
1.97542
0.969021
1.51298
0.96847
2.03398
0.971004
0.967233
0.96823
0.97004
0.969364
1.61179
0.968261
0.968309
0.967883
0.969951
0.968969
0.969681
0.969972
0.970141
0.970029
0.969909
0.968667
0.968468
0.967476
1.60321
0.968979
0.968894
0.968889
0.967865
0.968723
0.968861
0.968041
0.468322
0.970728
0.968072
2.03164
2.03807
0.969825
0.968343
0.969247
0.969352
0.968264
0.971145
0.969573
0.970206
0.968626
0.967779
0.969148
0.969188
0.969474
2.06371
0.96923
2.06454
0.967989
0.969109
0.968768
0.969739
0.968725
0.968608
2.10361
0.967573
0.878216
0.97047
0.968265
1.72956
0.969294
0.885368
0.969969
0.969194
0.971139
0.968811
0.968585
1.72822
0.970858
2.06585
1.44892
1.67069
0.968257
0.966918
0.969154
0.9675
0.967855
0.966654
0.968903
0.967821
0.968925
0.968122
0.967645
0.870368
0.968522
2.07126
0.969276
0.968922
0.970265
0.969126
1.48639
0.968472
0.968861
0.969114
0.968841
0.96756
0.968499
0.969385
1.12587
0.96969
0.968918
0.968616
0.969542
0.970337
1.27331
0.9688
0.968246
1.61318
0.967812
0.968796
1.6711
0.969634
0.967801
2.04318
0.968832
0.968268
0.968785
0.97083
0.968866
0.97124
0.970719
0.969609
0.968684
0.967332
0.969635
0.969522
0.969334
1.49194
0.970971
0.968702
2.03198
0.871987
0.968206
0.970696
2.04886
0.970874
0.969254
0.968834
0.96892
0.971572
0.96784
0.970488
2.07036
0.970185
0.969481
0.96878
0.970675
0.969544
0.969624
2.04155
0.968511
0.967749
0.968264
0.968108
0.969386
1.97298
0.617573
0.969987
0.970217
0.969684
0.968906
0.968559
0.968316
0.971128
0.969397
0.971089
0.968902
0.970941
0.968968
0.968925
0.969578
0.968976
0.969276
0.969118
0.967912
0.967994
0.970172
0.969958
0.969991
0.969815
0.969187
0.970434
0.968076
0.969066
0.968602
0.968697
0.96844
0.967398
0.96849
0.969258
0.970982
2.07505
0.969182
0.968611
0.968425
0.96942
0.969664
0.968026
0.968452
0.968427
1.60918
0.969954
0.968582
0.96827
0.969952
1.61514
0.968179
0.969747
0.970202
0.970315
0.969166
0.970084
0.96942
0.968043
0.817799
2.04686
0.969301
0.968413
0.967636
0.9696
0.969443
0.968092
0.968269
0.969485
0.967032
0.96898
2.02665
0.968683
0.968398
0.968631
0.969265
0.968868
0.96911
0.970763
0.861022
0.968847
0.948391
0.968727
0.968591
0.969175
0.967609
0.968667
0.970301
0.969536
2.06912
1.97966
0.970896
2.04103
0.968091
1.35695
0.96987
0.970282
0.967733
0.969137
0.969347
0.968579
1.47568
0.968017
1.33501
0.968257
1.99603
0.9682
0.968736
0.96816
0.968997
0.967946
0.970913
0.968151
0.969203
0.968809
0.969419
0.968357
0.968177
0.969628
0.96899
0.96944
0.968588
0.969572
0.968571
0.970443
0.970073
0.969937
0.968422
0.97006
0.970258
0.969501
0.968689
0.970243
0.967939
0.968269
0.967702
0.9685
1.90205
0.968924
0.967885
0.968034
2.04211
0.968475
0.968602
0.969426
0.968044
0.969035
0.968554
0.968475
0.96858
0.968676
1.98776
0.96936
0.968628
0.968471
0.861192
0.969211
0.968626
0.97031
1.56422
0.967982
1.1334
0.968941
0.968107
0.968644
0.968936
1.67193
0.968052
0.968058
0.969381
0.969029
0.968161
2.03794
0.969949
1.60078
0.970407
0.969413
0.969078
0.970606
0.968755
0.968064
0.968465
0.969584
0.96887
1.99148
1.13491
0.968326
0.967918
0.967894
0.969348
2.07032
0.969142
0.967915
0.969595
0.970568
0.970177
0.969426
0.969157
2.03244
0.96867
0.968962
0.781379
0.971601
0.969403
0.969568
0.971821
0.969452
0.96929
0.968159
0.971289
1.90591
0.967792
0.968224
1.64536
0.967851
0.969853
1.11663
0.969898
2.0235
0.969508
0.969677
0.970244
0.969289
0.969963
0.968753
0.968211
0.967505
0.969524
0.9696
0.969705
0.968715
0.967721
0.969809
1.19093
0.969164
0.967948
0.969287
0.968642
0.969365
0.969551
0.968952
0.970253
0.967954
0.967713
0.968778
0.968445
0.970063
0.968507
0.969829
0.970328
0.969688
0.970412
0.968989
0.968501
0.968308
0.77893
0.969337
0.968628
0.967557
0.968725
2.10545
0.968963
0.969417
0.967788
0.968503
0.970504
0.969204
0.788113
0.968908
0.969715
0.968266
0.969022
0.968392
0.96914
0.968738
0.968941
0.970461
0.968702
2.05894
0.875797
0.967798
0.96904
0.970362
0.96832
0.969223
0.968989
0.969592
1.98856
0.966376
0.970472
0.9684
0.968498
1.37704
0.97
0.970821
0.967591
0.97033
2.06403
0.970422
0.968341
0.969363
0.969863
0.969248
0.969287
0.970072
0.968362
0.969296
0.970392
0.9683
0.96831
0.969709
0.967967
1.13996
0.968513
0.966407
0.96858
0.63399
2.05939
2.07994
0.968645
0.968622
0.967037
0.969568
0.968818
0.968873
2.0611
0.971405
0.96852
0.969382
0.968542
2.10466
0.970423
0.968283
0.968512
0.968361
0.969976
0.966459
0.967838
0.968743
0.969325
0.969343
0.96986
0.969115
0.970702
0.968569
0.967561
0.967648
0.968225
0.969319
0.969001
0.969364
0.969346
0.969988
0.968877
0.969861
0.969176
2.06343
0.970028
0.982304
0.968353
2.08088
0.969125
0.967396
0.849929
0.969517
0.96843
0.969369
0.969578
0.968312
1.34202
0.970504
1.27828
0.970338
1.98805
0.967994
0.967869
0.968587
0.969956
0.96895
0.969439
0.969084
0.789878
1.88222
0.96819
0.970642
0.969523
0.969403
0.969298
0.969626
0.969225
0.970952
0.969548
0.96884
0.969314
0.968211
0.969844
0.969824
0.968073
0.96992
1.99592
0.969384
0.969641
1.71954
0.968996
1.90834
0.969903
0.969025
0.968244
0.969347
0.968909
0.968162
0.969405
0.967863
0.969923
0.969793
1.48542
0.967144
0.968165
0.968154
0.970255
0.968247
0.968716
2.06406
0.968589
1.91743
1.11801
0.970477
0.969046
2.06881
0.968505
0.969156
0.96911
0.96844
0.967592
0.970731
0.968234
0.967903
0.970302
0.969111
1.50969
0.969076
0.968939
1.93363
2.02483
0.969428
0.969302
0.969434
0.968193
0.968901
1.53023
0.969065
0.969256
0.968861
0.969137
1.45625
0.970095
1.9262
0.969301
0.968828
0.969113
0.969625
0.968389
0.969125
0.968652
0.970351
0.968229
0.968713
0.968839
0.969893
0.96828
0.967956
0.970811
0.967752
0.970197
0.969362
0.96797
0.96857
0.968166
0.970447
0.968603
0.968837
0.968656
2.06821
0.968486
0.96843
0.969417
0.880608
0.970401
0.970024
0.969102
0.968738
0.970481
0.815808
0.969541
0.968473
0.969597
0.970092
0.971208
0.968024
0.968493
0.971122
0.970495
0.969718
0.968086
1.9875
0.969218
0.967853
0.96984
0.968822
0.968982
0.969105
0.968987
0.969888
0.969215
0.967847
2.04815
1.60041
0.968203
0.96977
0.969
0.968188
0.967887
0.969269
1.4524
0.910088
0.969818
0.96882
0.968334
2.06485
0.968655
0.968163
0.968905
0.968655
0.967959
0.968102
0.96878
1.60388
1.52533
2.03999
0.968274
0.968323
0.96879
1.53969
0.970169
2.00021
0.967695
0.969329
0.968671
0.968604
0.968166
0.969311
0.968197
0.968553
0.968985
0.970324
0.96906
0.969096
1.85067
2.05144
0.969594
0.968785
0.968939
0.967298
0.968926
0.968707
0.969509
0.969148
0.970501
0.970049
0.969271
0.967882
1.99004
0.96964
0.967582
0.970122
0.969503
0.968589
0.9687
0.971544
0.968251
1.74952
0.967898
0.968245
0.970978
0.969768
2.01931
0.969417
0.970526
0.788035
0.969389
0.968103
0.968459
0.969496
0.968074
0.96975
0.969294
0.971816
0.970869
0.968135
2.01334
2.05381
0.968143
0.969547
0.972058
0.969949
0.923814
0.969378
0.968669
1.94731
0.970375
1.72971
0.969196
0.969585
1.64079
0.969526
0.96905
0.969166
0.968559
0.969319
1.30699
0.968767
0.969817
0.938094
0.969428
0.968416
0.969058
0.969553
1.58564
0.969388
0.969565
0.970359
0.968823
0.970784
0.968837
1.30565
0.96943
0.968552
0.968686
0.968617
1.34708
0.969056
0.967612
0.969466
0.9701
0.969532
0.968991
1.93594
0.968914
0.969087
0.97084
0.969391
0.967892
0.969534
0.968661
0.969386
0.967478
0.970049
0.96956
0.967517
0.968971
0.968682
0.968209
0.795387
0.969339
2.05973
0.968114
0.96984
0.968561
0.968375
0.96946
0.969559
0.969881
1.63762
0.968622
0.96977
0.968608
0.968433
0.96927
0.970096
0.96979
2.02277
0.966733
0.968831
0.968588
0.971106
0.968827
0.968166
0.969054
1.45172
0.969591
0.969329
0.968911
0.96844
0.97011
0.96989
0.967903
0.96922
0.969026
0.968874
0.968002
0.968848
0.967027
0.968957
0.970017
0.967526
2.03155
1.50899
0.968444
0.969512
1.97282
0.9695
1.59854
0.969039
0.969142
0.970279
0.968809
0.968594
0.968936
0.969788
0.969845
0.815865
0.970525
0.968883
0.970343
0.970255
1.98691
0.970351
0.968558
0.969314
0.968411
1.28878
0.9688
0.968258
0.970651
0.971298
0.969024
0.968509
0.96796
0.968824
0.880029
2.08321
0.969693
0.968721
2.07321
0.969849
0.969092
0.96952
0.969059
0.969284
0.968956
0.968372
0.970219
0.97061
0.968875
0.972069
0.969121
0.969071
0.969583
0.970148
0.968111
0.968749
0.97006
0.968254
0.969792
0.969244
0.970501
0.970166
0.969075
0.967966
0.970395
0.969486
0.967987
0.966626
0.968128
0.968709
0.97002
0.968574
0.968508
0.969848
1.61807
1.63359
0.968766
0.820199
0.968958
0.967777
0.968469
0.96958
0.968755
0.969423
0.968072
0.971098
0.967411
0.969706
0.970037
0.968396
0.968961
0.969252
0.970096
0.789477
0.971073
0.969468
0.877014
0.970187
0.970913
0.967888
0.969088
0.969942
0.971016
0.968665
0.967642
1.42194
0.96894
0.967884
0.970414
0.968044
0.969132
0.96918
1.59827
0.969763
0.968075
0.968347
0.969952
0.968147
0.96825
0.969274
0.967771
0.967896
0.970011
0.971638
0.96828
0.969401
0.971078
0.968824
0.968982
0.968697
0.96994
0.967919
2.08218
0.969346
0.874523
2.05964
0.969016
1.96544
0.972194
0.968089
0.969083
2.06851
0.970025
0.967987
0.969152
1.9518
0.968801
0.970577
1.34089
0.797557
0.969423
2.0157
0.96807
0.971358
0.968685
0.969617
0.967696
0.969717
0.96847
0.784355
1.35124
0.967447
0.968945
0.968902
0.968167
1.69295
0.968049
0.96872
0.970105
1.92499
0.967733
0.969557
0.968824
0.968442
0.97064
0.968287
1.72867
0.970034
0.968412
0.968735
0.968603
0.969687
0.963232
1.64339
0.968384
1.29914
0.967846
0.968683
0.970227
2.03231
0.968605
0.969845
0.969209
0.968198
2.01422
0.968901
0.967924
1.88543
0.884182
0.969298
0.969064
0.967749
0.968995
0.968957
0.968839
0.969013
0.969443
1.92604
0.970368
0.96837
0.969054
0.97008
0.970522
0.968833
0.967739
0.969412
0.96903
0.968753
0.968522
1.92877
2.05721
0.968784
0.967933
0.970319
0.968374
0.968431
0.969094
0.969063
0.969911
0.968305
0.968914
0.968698
0.968725
0.969171
0.968632
0.968854
0.968928
0.968191
0.967995
0.969794
0.806595
0.969769
0.969876
2.07234
1.62172
0.946801
0.969505
0.969702
0.969749
0.968467
0.969545
0.970092
0.968001
1.96578
0.967976
0.969981
0.968113
0.968614
0.890502
0.96843
0.969065
0.967455
0.968452
0.968539
0.969152
0.970741
0.913283
0.96996
0.969029
0.966968
0.967788
0.969287
0.969392
0.968426
0.969081
2.04313
1.72642
0.969273
0.967945
0.970614
0.969655
0.968293
0.970209
1.97235
0.968354
0.968435
0.969294
0.969764
0.966876
0.969613
0.966972
0.968532
0.96944
1.91992
0.968404
0.96906
1.98116
0.96858
0.968967
0.970709
0.969118
0.968666
0.968792
0.968605
0.969211
0.970157
0.969663
0.967695
0.969739
0.968545
0.968463
0.96915
2.11435
1.34476
1.28974
0.9686
0.968113
0.966642
1.92755
0.800995
0.967532
0.970624
0.97054
0.969265
0.969099
0.968692
0.968214
0.969366
0.96848
0.971035
0.96862
0.968394
0.968248
2.00541
0.970371
0.968569
0.969742
0.969781
0.969052
0.969919
0.968355
0.96918
0.935665
0.970458
1.25964
0.969948
0.968208
0.969658
0.968715
0.969998
0.969301
0.968398
0.96898
0.96869
0.968775
0.969688
0.968128
0.971772
0.9702
0.967854
0.968887
0.968782
0.969838
0.967955
0.968755
0.967922
0.968426
0.96858
0.967787
0.969412
0.968554
0.969642
0.970383
1.72667
0.968002
0.969628
1.44502
2.05981
0.968633
0.968178
0.968614
0.970187
0.969628
0.971357
0.969867
0.967794
0.915665
0.969164
0.968595
0.969297
0.967633
0.967935
0.970179
0.969337
1.17247
0.96914
0.970414
0.969659
0.970185
0.967564
0.968425
0.968786
0.969135
0.970889
2.04309
0.970584
0.968443
0.969003
0.968813
0.969024
0.968836
0.968336
0.967123
0.967734
0.970021
0.968677
0.969017
0.728159
0.969626
0.968211
0.969578
0.967782
0.968836
1.90345
0.967913
0.969425
0.968295
0.96888
0.968402
0.969891
1.84163
0.970641
0.968634
1.74852
0.970168
0.969099
0.970218
0.967812
0.970058
0.968669
0.969127
0.97056
0.970146
0.969581
0.968705
0.968225
0.968966
0.970596
0.969147
0.970418
0.967913
0.969388
0.968489
0.968094
0.967589
0.968265
0.968157
0.96986
0.969139
0.968768
0.967039
1.57011
0.968032
0.968647
0.9694
0.967918
0.968793
0.969906
0.968441
0.967616
0.969716
0.968396
0.824446
0.970659
0.969842
1.98339
0.96892
0.970435
0.968857
0.968907
0.967934
0.968593
0.970143
0.969759
0.96963
0.969885
0.969784
1.95429
1.1383
0.969528
0.967281
0.9699
0.968504
0.968215
0.967913
0.968097
0.967668
0.967872
0.970065
0.968556
0.970428
0.969397
0.967946
0.9683
0.970042
0.969124
0.969005
2.06492
0.96878
0.968682
0.968383
0.968476
0.968921
0.9685
0.969098
1.43314
1.8935
0.9682
0.968755
0.97078
2.12383
0.970082
0.971711
0.968412
0.969757
0.969125
1.99795
1.99224
0.969768
0.968048
0.970548
0.969636
0.96774
0.968597
0.96927
0.968439
0.96917
0.968963
0.969069
1.93916
0.969252
0.968821
0.912075
0.970598
0.970083
0.96952
0.970052
0.968675
0.970172
2.04824
0.968805
0.969409
0.968905
0.96829
0.970483
0.767839
0.969956
0.968393
0.969248
0.969544
0.970181
0.969133
0.969629
0.968515
0.968982
0.968928
0.969379
0.96859
1.77062
0.969561
0.969199
0.787593
0.968948
2.04062
0.969365
0.969382
0.970294
0.970292
0.968754
2.07215
0.96786
0.970173
0.969177
0.967583
0.970509
0.968056
0.96831
0.969959
0.968873
0.969472
0.969867
1.26281
0.968638
0.968264
0.968695
0.967208
0.968344
2.06172
0.969517
0.969224
0.968651
0.96986
0.969887
0.968905
0.970831
0.968144
0.967708
0.967553
0.967718
0.969358
0.969623
0.971015
0.968767
0.970584
0.967784
1.36608
0.968512
1.98923
0.970362
0.969388
0.968692
2.02327
0.968874
0.9712
0.967805
0.970284
1.59795
0.969764
0.96931
0.96818
0.969877
0.969013
0.968702
0.968129
0.968875
0.970978
0.970023
0.96821
0.967933
0.968318
1.99624
0.968483
1.3768
0.969729
0.968853
0.969426
0.970072
0.970104
0.968703
2.06273
0.969728
0.96916
0.968247
0.968491
0.968595
0.9693
0.971191
0.969393
0.968897
0.968191
0.968181
0.968858
0.969338
0.969707
1.78448
0.968238
0.968889
0.968338
0.969255
0.968902
0.969597
0.968263
0.968383
0.969144
0.969161
0.967749
0.970775
0.971159
0.97005
2.04484
0.968628
0.968428
0.968581
0.967839
0.97026
0.969055
0.969093
0.969284
0.969464
0.969932
0.968323
1.53533
0.970037
0.968287
0.970845
0.969445
0.967741
0.968417
0.969505
0.880642
0.969568
1.4725
0.968042
2.04899
0.968361
0.96792
0.967947
0.96795
1.69253
0.968734
1.53493
0.967789
0.969678
1.9765
0.970774
0.968641
0.967484
0.967988
0.969577
2.0182
0.968392
0.967589
1.12292
0.968719
0.968528
0.969412
0.968729
0.9682
0.969572
0.968023
0.969194
0.969665
0.968196
0.969291
0.968466
1.7262
0.967258
1.44326
0.9679
0.970051
1.97613
0.96874
0.935123
0.970162
0.967438
0.969747
0.969094
0.969657
0.967978
0.968791
0.96942
0.968606
0.969462
0.969204
0.969866
0.968189
0.96815
0.968869
2.06737
0.968752
0.969085
0.788481
0.969797
0.96863
0.969235
0.967205
0.969386
0.969681
0.969999
0.971058
0.969241
0.969241
0.968072
0.968628
0.969421
0.96861
0.969521
0.968787
0.966572
0.968515
0.968376
2.0786
0.96941
0.96788
0.899281
0.966977
0.96982
0.968008
0.97008
0.968629
0.967964
0.970527
0.969752
0.969314
0.968222
0.969137
2.07201
0.971187
0.970527
0.969284
0.96946
0.968155
0.969058
0.968484
0.968911
0.969877
0.969134
0.967736
0.969408
0.96839
0.969845
0.968678
0.968973
0.970216
0.968488
2.02284
0.969086
0.968029
0.969913
0.96882
0.382535
0.96915
0.969675
0.968745
0.971501
0.969653
2.06789
0.968248
0.968229
0.968338
0.969511
1.28632
0.968794
0.970598
0.969255
0.968568
0.968727
0.968813
0.969615
0.968909
0.969905
0.968624
1.34979
1.99273
0.969199
2.05274
0.969233
0.969649
1.69718
0.969656
0.968781
0.970643
0.968098
0.969572
0.968327
0.969553
0.968571
0.970442
2.03809
0.969606
0.967724
0.970519
0.969032
0.970093
1.98922
0.968575
0.968953
0.969734
0.969823
0.967942
0.971072
1.81168
0.971155
0.96821
0.96773
0.969062
0.968933
0.969968
0.969254
0.969443
0.969196
0.970413
0.969247
0.968704
0.969529
0.969382
0.968719
0.969674
0.967513
0.96829
0.966703
0.968175
0.96884
0.970342
0.968412
0.969654
0.396652
0.968927
0.969593
0.969355
0.968371
0.97012
0.968424
0.970561
0.967958
0.968451
0.968936
0.968977
0.969586
0.968575
0.969123
0.970105
0.969972
2.0548
0.968667
0.969509
0.968877
0.968423
2.04846
0.968538
0.968627
0.9699
0.97022
0.968577
0.968238
0.969829
0.969824
1.53783
1.96801
0.968445
0.967862
0.968353
0.969908
0.969139
0.969201
0.970107
0.970545
0.970283
0.970305
0.970346
0.970282
0.969352
0.969123
0.968735
0.969609
0.969567
0.968314
0.968948
0.969723
0.968912
0.968411
0.969353
0.968938
0.967821
0.968186
0.968544
0.970164
0.968594
0.968304
0.969948
0.96956
0.968616
0.970927
0.96839
0.971442
0.968691
0.96909
0.96841
0.97098
0.969806
0.968942
0.96786
0.968944
0.968155
0.967244
0.968594
1.27789
0.968451
0.968756
0.969801
0.968473
0.968348
2.07439
0.969178
0.968791
0.968413
0.969522
0.96927
0.968125
0.969187
0.970875
0.970114
2.0738
0.970317
0.568664
0.968444
0.970006
0.968896
0.968245
0.968408
1.9474
0.967519
0.969667
0.97042
0.969275
0.969681
0.96964
0.9707
0.968394
0.968456
0.969948
2.08018
0.969332
0.969743
0.96893
0.96982
0.967925
0.968056
1.73008
0.788452
2.05028
0.968353
0.969628
2.05877
0.972142
0.969136
1.91016
0.969003
0.969952
0.969142
0.968131
0.969562
0.968684
0.968857
0.968994
0.971283
0.967285
0.9689
0.968994
0.96923
0.819814
0.968265
0.967228
0.968938
0.968306
0.96907
0.969162
0.968648
0.970071
0.968339
0.968322
0.969709
0.970015
0.969341
0.969755
0.970831
0.968543
0.968486
0.970008
0.968903
0.968561
0.969357
0.968061
0.967568
1.6111
0.969297
0.96944
0.96741
0.969635
0.969864
0.968056
0.968063
0.969723
0.967808
1.58968
0.969277
0.968294
0.968587
0.969171
0.969559
0.969686
0.967593
0.967687
0.969398
1.61192
0.968328
0.968914
0.969891
0.969699
0.969271
2.07027
0.968796
0.968433
0.968865
0.968256
0.863026
0.889812
0.969763
0.969689
0.969476
0.968667
0.970149
2.06127
0.969026
0.968922
0.969227
0.968528
0.969036
1.62736
0.968712
0.967904
0.968156
1.9674
0.96968
0.868985
0.968133
0.969325
0.969976
0.97005
0.971069
0.971111
0.96992
0.968848
0.968601
0.969403
0.968339
0.969294
0.969454
0.969189
0.968544
0.969983
0.969108
1.62008
0.968765
0.969055
0.968624
0.969799
0.970599
0.968843
0.968066
0.969384
0.968871
0.96875
1.98004
0.969653
0.97045
2.10996
0.96904
0.968139
0.968972
1.53878
0.967758
1.68237
0.96776
0.971478
1.51851
0.968861
0.968329
1.27913
2.038
2.01948
0.969859
0.969548
1.81174
0.968832
0.968645
0.967497
0.968894
1.33723
0.968854
0.969042
0.969831
0.968693
0.969586
0.96983
0.969162
2.04635
0.968285
0.968331
0.967671
1.43499
2.00887
0.97032
0.967741
0.968396
0.968816
0.969506
0.969062
0.970476
0.968292
0.96789
0.968146
0.969382
0.96817
1.88724
0.970108
0.968982
0.968483
0.969897
1.69293
0.968646
0.969411
0.969858
0.969347
2.03708
0.969612
0.969207
0.866948
0.968561
2.11962
0.967561
0.969619
0.969583
0.823962
0.968853
0.968054
0.967892
0.96892
0.969072
0.969698
0.969451
0.967673
0.967479
0.968803
0.970783
0.967886
0.968587
0.968635
0.969958
0.968226
0.96931
0.96829
0.968455
0.968939
0.969276
0.970507
0.968052
2.03176
0.970233
0.968533
1.38432
0.968514
0.968878
0.969041
0.96898
0.968641
0.9686
0.969515
0.969222
0.968777
0.969294
0.970341
0.969381
0.970861
0.970693
0.969649
0.968444
0.968681
0.967156
0.967751
2.00203
2.04752
1.52462
0.968056
0.968441
0.969212
0.969261
0.968827
0.968541
0.968281
0.968007
0.9685
0.969482
0.968012
0.970141
0.967381
0.96876
0.97079
0.967792
0.968892
0.970296
0.969163
0.969467
0.969398
0.968806
0.96872
0.968917
0.969735
0.969616
0.969181
0.969268
1.97634
0.969258
0.87411
0.969742
1.49956
0.969815
0.968174
0.969125
0.967881
0.968728
0.968918
0.970412
0.96934
1.96631
0.969766
0.969438
0.968093
0.97061
0.971157
1.76825
0.968103
0.968378
0.970203
0.969792
0.969199
0.968914
0.968091
0.970329
0.969107
0.969977
0.967885
0.968529
0.968332
0.969702
0.967703
0.968065
0.968742
0.969825
0.969818
0.968656
0.969354
2.00431
0.968689
0.968661
0.96944
0.969992
0.969208
0.968811
0.968063
0.968474
0.969755
0.967487
0.968975
0.968533
0.969045
0.968069
0.969878
0.968464
0.968152
0.96975
0.967941
1.48839
0.969234
0.969986
0.968796
0.96976
0.969089
0.968443
0.970223
0.968218
0.968955
0.968446
0.968529
1.51074
0.967999
0.968848
0.969179
0.968917
0.968495
0.968199
0.968036
0.949811
2.06741
0.970034
2.05759
0.815592
0.967309
0.96879
0.970012
0.968463
0.970348
2.06065
0.969463
0.967335
0.968204
0.9712
0.969978
2.03637
2.03347
0.9695
0.802559
0.968285
0.968753
0.969591
0.968614
0.969219
0.968008
0.967936
0.968428
0.970733
0.967994
0.968795
0.96853
1.48323
1.22034
0.970427
0.914901
0.970797
0.968858
0.969091
0.968286
0.969122
0.969351
0.968647
0.968994
0.967795
0.96991
0.968813
0.968959
0.967856
0.967615
0.96813
0.969417
0.968772
0.969348
1.33074
0.969653
1.59514
0.968336
0.968349
0.968337
2.10494
0.970429
0.969542
0.968921
0.968903
1.6902
0.969422
0.968326
0.969059
2.0686
2.01131
0.969693
0.969815
1.22068
0.96721
0.96981
0.968237
0.969007
0.967925
0.885698
0.969863
0.96921
0.968792
0.859119
0.968794
0.967836
0.968068
0.969102
2.07437
2.03463
0.969872
0.968278
0.968205
0.969726
0.968524
1.13906
0.969867
0.968385
0.969008
0.970448
0.968723
0.96941
1.70489
0.969
1.32408
0.967919
0.969964
0.969164
0.969938
0.966583
0.96953
0.967369
0.970505
0.968993
0.969369
1.24312
0.969392
0.968739
0.968192
0.969638
2.01637
0.969201
0.969231
0.968795
0.833909
1.35107
0.970903
0.96776
1.91724
0.967585
0.969683
0.96853
0.970036
0.97056
0.969117
0.96954
0.969106
0.970415
0.970015
1.60168
0.968538
0.969755
0.968764
0.969291
0.968999
0.967808
0.969845
0.969117
0.969071
0.969045
0.969238
0.969396
2.0568
0.969176
0.968183
0.965898
0.96857
0.969349
0.96835
0.968321
0.968577
0.969725
0.970695
0.968731
0.97025
0.968729
1.98348
0.969417
0.96877
0.968127
0.968673
0.968484
1.93364
0.967984
0.968197
0.9684
0.970734
0.968143
0.968614
0.969265
0.968724
0.969206
0.967867
0.970305
0.97131
0.967935
1.61396
0.96916
0.969171
0.969302
0.969903
0.967836
0.967844
0.968801
0.968344
0.971102
0.968437
0.969459
0.969985
1.981
0.967916
0.969711
0.970191
0.968711
0.877912
0.969347
0.968497
0.969766
0.968846
0.968758
0.970861
0.968638
0.968801
0.969545
0.969911
0.968046
0.969206
0.968504
0.968075
0.969391
0.967831
0.970867
1.34362
0.968723
0.951154
0.968415
0.969417
1.16581
0.969618
0.969643
0.968181
0.969299
0.96885
0.970566
0.969235
0.969355
0.968347
0.968417
0.96715
0.968582
0.969377
0.967949
0.969307
0.968529
0.968154
0.968286
0.968744
0.96952
0.969177
0.968139
0.969331
1.76608
0.968945
0.968035
0.967485
0.969281
0.969066
0.970287
0.970527
0.967665
1.98817
0.969042
0.968492
0.968047
2.08085
0.968911
0.967976
1.34652
0.970278
0.968533
0.969201
0.968155
0.971602
0.969141
1.38196
0.969892
0.969459
0.969678
0.970821
0.873708
0.971676
0.969086
0.968214
0.798881
0.96967
1.99749
0.969733
0.967965
0.967586
0.968719
0.969428
0.969791
0.969595
0.968481
0.970295
0.97015
0.967921
0.967806
0.969596
0.969513
0.96961
0.967672
0.967591
0.969476
0.968856
0.969832
0.96954
0.968477
0.967686
0.967707
0.970215
0.967901
0.970401
0.96927
0.967451
0.97045
0.89982
0.967737
0.97094
2.04168
0.968437
0.969494
0.969564
0.969058
0.968351
0.969002
0.969047
0.968851
0.968086
0.969165
0.970014
0.970064
0.969443
0.968635
0.969451
0.970605
0.969434
0.967724
0.969689
0.967906
0.970712
0.966876
0.969434
0.939848
1.44902
0.96876
0.969081
0.967714
0.968549
0.969169
0.969017
0.970366
0.968819
0.968103
0.968036
0.969676
0.969151
0.968329
1.66972
0.968882
0.969079
0.968401
0.968574
0.968791
0.96327
1.98449
0.969465
0.970434
0.970073
0.968508
0.968211
0.968997
0.970624
0.969639
2.05346
0.969481
0.968869
2.04784
0.968601
1.37894
1.73661
0.968384
0.970799
0.969685
0.970118
0.969317
0.967872
0.970078
0.970498
0.968655
0.969011
0.971158
0.969722
0.96819
0.968349
0.969513
0.969608
0.969261
0.968887
0.968502
0.969376
0.968229
0.967945
0.968496
0.967973
0.971192
0.968183
0.969447
0.969533
1.88653
0.968552
0.968992
2.03399
0.969869
0.969716
0.968205
0.968837
0.967963
0.969607
0.96794
0.97118
0.969006
2.07165
0.969471
0.968643
0.969253
0.968752
0.968732
0.968589
0.969053
0.970026
0.970518
0.969745
0.968902
0.970389
0.968417
0.969884
0.969733
0.969332
0.967691
1.5281
0.969221
0.969446
0.968402
0.968506
0.970204
0.96838
0.969414
0.969906
0.970218
0.968585
0.968579
0.548206
0.968104
0.969419
0.969837
0.968616
0.969551
0.970074
1.60815
0.969145
0.969459
0.969934
0.970158
2.05618
0.968526
0.969732
0.969289
0.968253
0.969356
0.970114
0.9701
0.968433
0.968953
0.967964
0.967681
0.969009
0.970251
0.968422
0.969787
0.969563
0.966953
0.968605
1.64408
0.970763
1.89175
0.969433
0.969048
0.968189
0.96781
0.969628
0.865115
0.969834
0.968554
0.968751
0.968809
0.968261
0.969214
0.967105
0.967922
0.970982
2.03991
0.967777
0.96924
0.969559
0.969111
0.970386
0.96856
0.96894
0.969965
0.968051
0.968404
0.969059
1.70237
1.33275
0.969251
2.05453
0.805186
0.969245
0.969719
0.968004
0.615983
0.96844
0.969809
0.968572
0.970361
0.968981
0.968258
1.45617
0.970124
0.968759
0.96921
0.969159
0.968761
0.970127
0.968351
0.970011
0.969217
0.967731
2.08099
0.969667
0.969402
2.0046
0.968798
0.968328
2.07112
0.967923
0.967796
0.969189
0.968305
0.968196
0.968584
0.967725
0.968785
0.96921
0.968498
0.96965
0.968965
0.96969
0.969632
1.92097
0.969718
0.968259
1.75248
0.967953
0.968471
0.969727
0.971084
1.42998
0.969191
0.969032
0.967599
0.969183
0.970198
0.968084
0.969272
0.969396
0.968943
0.967459
0.969095
0.969417
0.968384
0.969624
0.969944
0.937159
0.968749
0.968804
0.969434
0.967842
1.91458
0.970103
0.967696
0.968491
0.969389
0.96826
0.969067
0.969826
0.968701
0.970037
1.30673
0.969452
0.969099
0.969407
0.887509
0.969161
0.971255
0.970534
0.968789
0.971371
2.06642
0.969418
0.969257
0.967592
1.59981
1.568
1.12555
0.968059
0.970794
2.07729
0.969581
0.969433
1.56841
0.969367
0.969554
0.969729
0.968577
0.969619
0.969307
0.969686
0.969589
2.0802
0.968321
0.968539
0.969648
0.968378
0.970081
0.969617
0.970953
0.968211
0.968117
0.968845
0.969067
1.16082
0.969641
0.969278
0.969507
0.968379
0.967639
0.96886
2.05504
0.969759
0.967642
0.969234
0.971359
0.970066
0.968485
0.967646
0.968362
0.969105
0.968824
0.968779
1.98265
0.96875
0.96804
0.968806
0.968706
0.967982
0.968944
0.968272
0.89538
0.869821
0.969107
0.96952
1.58134
0.96778
0.970263
0.968836
0.96856
0.969007
0.968822
0.969055
0.970015
0.970502
0.968737
0.968121
0.969988
0.96918
0.969725
0.969766
0.967221
0.968829
0.968322
0.969779
1.42892
1.20363
0.967892
0.970108
0.970284
0.968971
0.968247
0.969619
0.968971
0.96976
0.97022
0.969223
0.969114
0.969497
0.969259
0.968916
0.968618
0.968077
0.96888
1.9344
0.969399
0.970779
0.96857
0.968591
0.969781
1.60082
0.968532
0.970434
0.969141
0.968529
0.96806
0.96934
0.969285
0.971239
0.969692
0.967914
0.969959
0.968679
0.969193
0.967823
0.969321
0.968153
0.968284
0.968737
0.794839
0.968548
2.01086
1.20296
0.969233
0.968334
0.96809
0.968679
0.970319
0.968671
0.968684
1.16496
0.970074
0.968277
0.968674
0.970311
2.0229
0.967891
0.970187
0.96888
0.967647
0.967343
0.969734
0.968389
2.11007
0.968997
0.970542
1.26949
0.968859
0.969282
0.969741
0.969999
0.967957
0.969875
1.89051
0.969824
0.968048
0.970596
0.968705
0.970545
0.968824
0.969108
0.968623
0.968922
0.968805
0.970259
0.967979
0.968141
0.969075
0.803593
0.969901
0.96882
0.969927
0.968662
1.99197
0.967973
0.969033
0.970061
0.967858
0.970851
0.967826
2.0639
0.971995
0.968823
0.969175
0.968747
0.968888
0.96886
0.969243
0.969639
0.970215
0.968531
0.968175
1.65912
2.07639
0.969446
0.864189
0.968825
0.969478
2.11958
0.968566
0.96861
0.968824
0.968462
0.969917
0.968027
0.970368
0.968495
1.75216
0.969002
0.969051
0.969733
0.968525
0.969244
0.967751
0.969989
0.968266
0.968616
1.4074
0.969335
0.96816
0.968105
0.873297
0.970572
0.968845
2.07197
0.968686
0.968293
0.969624
0.968397
0.968759
0.968666
0.968563
0.967117
0.969182
0.969963
0.969699
0.968639
0.969382
0.969631
0.969295
1.74989
2.00838
0.968988
1.48669
0.969459
0.967991
0.969437
0.969385
0.967532
0.969311
0.968888
0.968287
0.873489
0.968973
0.968952
0.969925
0.969358
0.967449
0.969134
1.95687
2.06551
0.970109
0.969794
0.968493
0.970258
0.968355
0.968375
0.966851
0.968226
0.970878
0.969151
0.968945
2.01621
0.968239
2.04612
0.967947
0.968993
1.44609
0.969245
0.968166
0.969435
0.969046
0.968194
0.966783
0.969505
0.968121
0.969982
0.968636
0.968975
0.96875
0.96813
1.34364
0.971595
0.793812
0.9709
0.966931
0.968406
0.96763
0.968133
0.968799
0.969992
1.47327
0.969313
0.96791
0.969337
0.969023
0.9693
0.968762
0.969764
0.969254
0.968383
1.27412
0.96939
0.969981
0.968566
0.96803
0.969233
0.968177
0.968419
0.967916
0.968555
0.903156
0.969151
0.968338
0.969772
0.969251
0.969839
0.969064
1.49486
0.969924
0.969554
0.968847
0.969352
0.967899
0.968458
1.61647
0.971486
0.967771
0.970931
0.968688
0.968017
2.02267
0.970184
0.969563
0.968349
0.969116
0.967914
0.97004
0.968952
0.968044
0.969632
0.389504
0.968731
0.969838
0.969541
0.969594
0.970239
0.968936
0.970656
0.968546
0.970176
2.03294
0.968834
2.04202
0.968587
0.788147
2.03445
0.968916
0.968851
2.05714
0.969075
0.969417
0.969946
0.968179
0.968775
2.06076
0.969808
0.969189
0.969965
0.96923
0.969387
1.5843
2.0622
0.968891
0.967793
0.808627
0.970609
0.969943
0.969202
0.970601
0.793757
2.06507
0.970363
0.970293
0.969726
0.969147
2.07177
0.969628
0.969501
0.969036
0.968386
1.59346
0.968585
0.969817
0.96897
0.968107
2.01379
0.969039
0.97035
2.07522
0.969662
1.1946
2.06611
0.788685
0.971145
0.968453
1.89245
0.970696
0.969433
0.968788
0.968263
1.3575
0.969748
0.968726
0.968843
0.969937
0.970362
0.969529
0.97083
0.969081
0.969311
0.968416
0.967988
1.16642
0.969247
0.591447
1.67582
0.968997
1.59786
0.968516
0.967965
0.970318
0.969575
0.969268
0.968632
2.07024
0.970251
0.969254
1.46364
0.96791
0.790331
0.968414
0.969614
0.968817
0.968804
0.970528
2.07464
1.17356
0.968207
0.968846
0.969126
0.967484
0.968334
0.970003
0.970345
0.969716
2.02964
0.96851
0.968776
0.968841
0.970313
0.96876
0.972298
0.970552
1.94277
0.969598
0.968231
0.967892
0.970658
0.97025
0.970312
0.969333
0.968428
0.968686
0.968016
0.9686
0.968391
0.968314
0.968632
0.967815
0.969014
0.970118
0.970056
0.9686
0.970318
0.9693
0.969059
0.969646
0.968348
0.967806
0.968925
2.01921
0.968546
0.969242
0.968105
0.968264
0.968755
0.967808
0.968237
0.968953
0.968307
0.968888
0.968641
0.968828
0.904808
0.969088
0.967842
0.968444
0.968888
0.968114
0.968704
0.96795
0.968727
0.968956
0.969914
0.969848
0.968228
0.969479
0.96985
0.970363
0.786657
0.969019
0.969088
0.968534
0.968406
0.969149
2.05165
2.01564
0.969319
0.968113
1.88929
0.969323
0.969444
0.970585
0.842852
0.969062
0.968386
0.968656
0.968478
0.969878
0.969822
0.969987
0.970579
0.969606
0.969082
0.967837
0.969002
0.97111
0.968855
0.968997
0.968679
0.969613
0.970092
1.98844
0.969872
0.88453
0.968611
0.969587
2.07757
0.968076
0.968515
0.967988
0.968997
0.969971
0.969166
0.966953
0.968379
0.968491
0.969493
0.968557
0.97157
1.28113
0.969052
0.969754
0.969999
0.968407
0.969418
2.02298
0.967157
0.970452
0.969439
1.97678
0.968046
0.968714
0.968962
2.03055
0.968749
0.967535
0.969634
1.58863
1.46345
2.04191
2.04186
1.3202
1.60738
0.970143
0.969449
0.969736
0.970565
0.968471
0.969515
0.968051
0.97019
0.969248
0.953617
0.968362
0.969241
0.969687
0.969129
0.96978
0.96915
0.968138
1.97604
0.969249
0.970038
1.48819
0.969095
1.66886
0.968919
0.96834
0.968867
0.969565
0.970265
0.968968
0.967531
0.968638
0.968898
0.968566
0.97007
0.96873
0.968198
0.969445
0.96912
1.83948
0.968883
1.2768
0.970675
0.967715
0.969659
0.96873
0.969299
1.89368
0.968867
1.63357
0.942513
0.968902
0.969924
0.96973
0.968639
0.970093
0.969105
0.969193
2.02181
0.968077
0.968147
0.969074
0.969783
0.969712
0.877963
0.968421
0.968665
0.969213
0.968574
1.94717
0.968965
0.969344
0.970222
0.969428
0.968074
0.96785
2.01891
2.08371
0.968993
0.969292
2.06474
0.97112
0.968916
0.867427
0.968809
2.07598
0.970099
0.96896
0.968512
1.96311
0.970059
0.96855
0.875224
0.967734
0.969933
0.970418
1.23243
0.969442
0.969479
0.968474
0.968128
0.969423
0.967899
0.967189
0.970034
0.968153
0.969423
0.969004
0.970833
0.968848
0.968586
0.967572
0.969218
1.51373
0.968932
0.96936
0.968089
0.968057
0.969633
0.967734
0.969494
2.03163
0.969697
0.969528
0.969423
0.969826
0.968122
0.969506
0.970889
0.968428
0.969843
0.969081
2.07527
1.94523
0.969578
0.970454
0.969038
0.629654
0.968722
0.968702
0.969105
0.970101
1.98512
0.968892
0.970361
0.968959
0.968207
0.969921
0.968873
2.07499
0.968973
0.967544
0.96837
0.968187
0.970554
0.968653
1.60098
1.38136
0.969842
0.968566
0.970472
0.968337
0.968757
0.970484
2.01106
0.969477
2.06293
0.970072
0.781005
0.970584
0.968707
0.967983
1.49238
0.967509
0.968892
0.968578
0.967891
0.97041
0.969213
0.970053
0.968887
0.968679
1.99087
0.969197
0.968476
2.04883
0.884633
0.969456
0.97096
0.9694
1.48312
0.968561
0.970822
0.970605
1.96343
0.971551
1.60418
0.96949
0.969209
0.96858
0.970473
0.97159
0.967879
0.968205
1.54041
0.970624
0.969264
0.971696
1.5006
0.969322
0.968449
0.970024
0.968024
0.968596
0.969569
0.968999
0.96976
0.970608
0.967962
0.969236
0.968443
0.982421
0.967915
0.968948
0.968281
1.67908
0.968897
0.969691
0.968232
0.96858
0.969219
0.970808
1.493
0.970774
0.968851
0.967344
0.968938
0.969862
0.968568
0.969336
0.96786
0.968991
0.969187
1.49957
0.969036
0.969631
0.788767
0.968694
0.968409
0.969154
2.04142
0.969912
0.969264
0.969283
0.96905
1.71445
0.969233
0.870615
0.970681
0.969282
0.970355
0.968572
0.967945
0.96938
0.968055
0.968197
0.9683
0.969248
0.969711
0.968651
1.56503
0.968269
0.969636
0.968435
0.968861
0.968087
0.969381
0.969077
0.969622
1.5593
0.969955
0.969886
0.968221
0.970365
0.968543
0.969454
0.970783
0.968126
0.969199
0.791797
0.969082
0.968233
0.968497
0.970182
0.969929
0.968245
2.07303
0.968801
0.969543
0.969543
0.969189
2.08615
2.00641
0.969051
0.969396
0.967775
0.967958
0.969291
0.96937
0.968194
0.969185
0.969463
0.969645
0.96856
0.967605
0.96817
0.968519
0.778459
1.57082
0.969167
0.968034
1.73887
0.96895
0.967606
2.07914
0.970384
0.967918
1.20271
0.968381
0.967772
0.970246
0.968499
1.33854
0.970366
0.969218
0.969222
1.61762
0.968744
0.969702
0.970206
0.498516
0.970522
0.968378
0.96759
0.96802
1.86192
0.968666
0.968933
0.968216
0.966962
0.969435
0.969406
0.969946
0.969431
1.74441
0.968627
0.969817
0.968678
1.45424
0.969368
0.967735
0.968284
0.96934
0.969236
0.969042
1.19979
0.968749
0.969902
0.969064
0.967733
0.969448
0.969177
0.967596
0.969648
0.969533
0.968913
0.970405
1.48646
1.73134
1.90364
0.968358
0.968311
0.968316
0.968606
0.96806
1.98886
0.969028
0.970084
0.969877
0.970186
0.969105
0.969242
0.969704
0.968715
0.971146
0.970559
0.969033
0.968925
0.968145
0.968109
0.821938
0.90358
0.969385
0.922772
0.969722
0.967856
0.535248
2.10631
0.969527
0.9692
0.969445
0.967557
0.969816
1.2804
0.968721
0.9689
0.969838
0.96799
0.968044
1.66233
0.970163
0.97005
0.968655
0.968031
0.96899
2.12387
0.968238
0.968709
0.969506
0.970263
0.968561
0.969188
0.968369
0.969554
0.967662
0.969506
0.969634
0.969739
2.05478
0.969243
0.969323
0.970033
2.10618
0.968679
1.61995
0.970528
0.968484
0.968955
0.883214
0.967719
0.96995
0.969193
0.967916
0.968555
0.969595
0.970117
0.96968
0.969481
0.969009
0.967413
0.968881
0.967347
0.968104
0.968831
0.969587
0.968228
0.969457
0.970521
0.969558
0.96984
0.968953
0.969823
0.970176
0.880821
0.915486
0.968506
0.970164
0.967316
0.968561
0.968906
0.968616
0.969284
0.968472
0.969879
0.968699
1.58859
0.96847
0.969593
0.971638
0.968436
0.969071
0.968579
0.968657
0.969269
0.968924
0.971153
0.968204
0.969293
0.970233
0.96912
0.969133
0.970293
0.967629
1.29027
0.968214
0.967983
0.968364
0.969161
0.970977
0.968817
0.968082
0.968464
0.969056
0.969477
0.968988
0.968625
0.968508
0.970095
0.967555
0.968141
0.968568
0.96912
0.968876
0.969128
0.969361
0.96918
0.970366
0.968495
0.969871
0.968084
0.9686
0.969387
1.97424
2.06617
0.969226
0.968783
0.969073
0.971181
0.970471
1.31654
0.969751
0.969429
0.968869
0.969475
0.971266
1.94488
0.969385
0.968509
0.967791
0.96995
0.969693
0.968026
2.04494
0.969556
0.969552
0.969263
1.71837
0.968788
0.969407
0.96932
0.969515
0.969106
0.968974
0.969567
0.967892
0.969274
1.04816
2.01062
0.970147
0.968381
0.97019
0.968841
0.969466
2.06029
1.98806
0.969706
2.05507
2.07226
0.876753
0.968171
0.968715
1.75529
0.968692
0.967659
0.969488
0.966893
0.97057
0.968829
0.969308
0.970346
0.970631
2.0792
0.968178
0.969468
0.970633
0.969218
0.968833
0.967927
0.967417
0.970052
0.968472
0.404541
0.968416
1.92073
0.968352
0.969551
0.969014
0.967845
0.968871
2.05863
0.968655
0.970289
0.968736
2.07155
0.967905
0.96911
0.969349
0.968129
0.969244
0.96922
0.967449
0.97001
2.06298
0.969385
0.968624
0.967863
0.968796
0.969303
0.969531
0.968483
0.969319
0.968855
0.968088
0.969786
0.969992
0.968982
0.967912
0.968434
0.969039
0.9685
0.968964
0.969034
0.969194
0.969063
0.970195
0.969892
0.970346
0.968936
0.968494
0.967765
0.969226
0.971321
0.968093
0.969528
0.968314
0.969051
0.969492
0.967951
0.969816
0.970328
0.969471
0.968966
0.855266
0.96872
0.970518
0.96919
0.968304
1.97001
0.967797
0.967691
0.969598
0.97006
2.05647
0.969443
0.969401
0.968109
1.24188
0.969726
0.970373
0.967886
0.969661
0.969613
1.91779
1.59883
0.968948
0.968763
0.969649
0.920572
1.64323
0.969849
0.968658
0.969026
0.968852
0.97014
0.968354
0.968245
0.969037
1.9189
0.968692
0.968187
0.967848
0.968952
0.968528
0.970076
0.969492
0.786494
0.96859
0.96918
0.970417
0.969149
0.969136
0.967956
0.970332
0.96769
0.96917
0.967704
0.968503
0.969479
0.970275
0.971032
0.969254
0.969123
0.967611
0.96796
0.971151
0.969763
1.99117
0.790216
0.968491
0.969197
0.969192
0.969757
0.96895
0.969185
0.968418
0.970166
0.968891
0.969851
0.968236
0.967085
0.968445
0.967473
1.06964
0.968102
0.969017
0.969163
0.969274
0.968094
0.968073
0.836486
0.968664
0.968341
0.96868
0.969636
0.968889
0.970246
0.969746
0.970064
0.968758
0.969147
1.74707
0.970102
0.968422
0.971176
1.61289
0.969804
0.834816
0.968273
0.968213
2.06518
0.967619
0.969877
0.970677
0.968775
1.99599
0.96842
0.96791
0.969861
0.9682
0.969176
0.968401
1.95562
0.969229
0.969401
0.968579
0.969129
0.967287
0.969436
0.970493
0.971137
0.969387
0.969466
0.968481
0.968967
0.969393
1.98729
0.970455
0.96818
0.971294
0.969876
1.57083
0.968348
0.969898
0.969226
1.95817
0.970453
0.969643
0.969134
0.97054
2.06654
0.968539
0.970094
0.970143
0.968152
0.970305
0.967722
0.970641
0.969426
1.97704
0.967765
0.968879
1.60815
0.969862
0.969247
0.969697
0.968366
0.969847
0.968442
0.969827
0.970448
0.968395
0.969381
0.967936
0.787965
0.840628
0.968729
0.968068
1.44558
0.968543
0.970461
0.967849
0.968632
0.967299
0.968271
0.968155
0.968618
0.969611
0.969143
0.968266
0.771734
0.970154
0.967728
0.967974
0.970013
0.967958
0.968032
0.968901
0.969851
0.969725
0.969476
0.967411
1.60415
1.93211
0.968908
1.65197
0.96809
0.970467
0.969271
0.968321
0.96842
0.968757
0.969664
0.968974
0.968428
0.969112
0.967668
1.54706
0.968567
0.96926
0.970017
1.63205
0.966687
2.08216
0.967173
0.968269
0.968693
0.965996
0.96777
0.96913
0.968603
0.969091
0.968796
0.968174
1.7666
0.968537
0.96829
0.969703
0.968212
0.968433
1.59427
0.968826
0.968256
0.969313
0.969316
0.969364
0.969807
0.792655
0.97021
0.968703
0.970837
0.970265
0.968137
0.970796
0.969522
0.970225
0.96888
1.4322
0.969465
0.97118
0.968736
0.971708
0.969638
0.970394
0.968555
0.969008
0.969662
0.968722
0.969604
0.968812
0.969025
0.968766
0.969476
0.969545
0.970138
0.968985
0.968662
0.969487
0.969759
0.968418
0.96946
0.967812
2.05628
0.96855
0.969349
0.969177
0.801845
0.968616
0.969139
0.968309
1.61456
0.967738
0.968949
0.96873
0.969448
0.968497
0.969061
0.968782
2.06994
1.25132
0.968509
0.966207
1.99109
1.4327
1.97702
0.930604
0.969831
0.969953
0.969144
0.969081
0.967842
0.96995
0.969452
0.968349
0.968339
0.96973
0.969019
1.92511
0.9701
0.970778
0.859511
0.968955
0.969469
0.968631
1.31033
1.34682
0.96942
0.969155
0.969781
0.967794
0.96929
0.969553
0.968999
0.968835
0.968731
0.96992
0.970116
0.96976
0.969146
0.970074
0.968153
0.823768
0.968016
0.967674
0.970675
0.969481
0.969286
0.968093
0.968748
0.969165
0.969765
0.968925
0.970219
0.969343
0.969324
0.96888
0.968998
1.61735
0.968738
0.969104
0.96892
0.96995
1.87285
0.968599
0.970234
0.969491
0.969146
0.969735
1.89759
0.83173
0.968904
0.968371
0.96992
0.967344
0.968881
0.968861
0.969059
0.967837
1.58256
0.969021
0.969005
1.61054
0.968859
0.969328
0.967702
0.968777
0.970222
0.969393
0.967366
0.96857
0.968972
0.969456
0.968754
0.96973
0.969063
0.96815
0.968583
0.970416
0.97066
0.967658
0.968332
0.96788
0.96876
0.968807
1.18738
0.968583
0.970568
0.969846
0.968691
0.968794
0.970704
0.968064
1.98757
0.968777
0.969019
0.968542
0.970294
0.96914
0.969576
0.968449
0.968178
0.969502
0.968689
0.855086
0.967866
0.969337
0.968204
0.969566
0.969303
0.968522
0.873072
0.970403
0.96761
0.968244
1.50659
0.968514
0.96974
2.00389
0.968832
0.968227
0.968762
0.967816
0.968652
0.971297
1.68177
0.968377
1.92026
0.967876
0.969136
0.969426
0.969271
0.971486
0.96959
0.969955
0.968605
0.967991
0.968737
0.968233
0.967555
0.968636
0.969294
0.968611
0.793851
0.968538
0.970169
0.819435
0.968243
0.969334
0.96685
0.967843
0.970108
1.17085
0.96958
0.970637
0.968633
2.05881
2.07428
0.96882
0.971347
0.96862
0.969234
0.968609
0.96851
0.9686
0.969668
0.968379
0.97005
0.969327
0.969105
0.968166
0.970113
0.968738
2.03998
0.967059
0.970115
0.891908
0.969384
0.971041
0.969004
0.967588
0.970027
0.968711
0.966129
0.97001
0.969955
0.969657
0.969951
0.968586
0.969551
0.871862
2.07149
0.969784
0.968195
0.970967
0.968033
0.968824
0.967412
0.968413
0.968829
2.03492
0.969276
0.969527
0.968313
0.970022
0.968832
0.969389
0.968692
0.968536
0.971191
0.508957
0.969866
0.968528
0.969466
0.882721
0.969622
0.970124
0.968517
0.968386
0.969014
1.16875
0.969032
0.969897
2.07663
0.968119
0.967658
0.968873
0.967743
0.969407
0.969757
0.96837
0.968761
0.969753
0.968337
0.968376
0.969986
0.970193
0.971033
2.05282
0.968681
0.968361
0.971081
0.968996
0.968337
0.967585
0.967636
0.968191
0.969573
0.968483
0.83694
0.969701
0.847641
0.969566
0.970394
1.99362
0.881004
0.968673
0.967772
0.968017
0.968462
2.11659
0.97069
0.969245
2.07075
0.9701
0.968621
0.970937
0.970077
0.970073
0.968657
0.969016
0.968084
0.969393
0.970169
1.44503
0.968186
0.968484
0.968644
1.13509
0.969343
0.968453
0.968649
1.90576
0.970807
0.968482
0.968348
0.96825
0.969935
0.967695
0.968363
0.968958
0.969837
0.969432
0.96781
0.969545
0.967769
0.968607
0.970048
0.970177
0.969095
2.07053
0.967632
1.7053
0.968764
0.968974
0.969922
0.96933
0.969191
0.970068
0.968289
0.969347
0.96919
0.968478
0.969217
0.969414
0.970359
0.901056
0.968807
1.50018
0.967183
0.969657
0.968332
0.968525
0.969113
0.970396
0.969355
0.782637
0.970548
0.969556
0.830275
0.967897
1.48084
0.969141
0.969888
0.968864
2.03855
0.968186
0.969303
0.968337
0.968637
0.968095
0.969008
0.968814
0.917767
0.970128
0.967764
0.969231
1.33754
2.06682
0.968535
1.988
1.59465
0.969593
0.967481
0.969125
0.970109
2.01225
0.970395
0.969591
0.968407
0.968251
1.97636
0.969295
0.96896
0.967775
0.970192
0.969132
0.967724
0.968346
0.968756
0.968373
1.27117
0.968954
2.07281
0.969304
0.96773
0.969406
0.970134
2.00662
0.970421
0.968404
0.969021
0.969641
0.96834
0.970131
0.967489
0.968583
1.57855
0.968799
0.969576
0.969639
0.968002
0.968065
0.969232
0.969787
0.968366
1.56965
0.969138
0.967756
0.969249
0.97055
0.967888
0.968768
0.969141
0.967588
0.968186
0.969163
2.05887
0.969418
0.969017
0.968195
0.969978
0.9694
0.96969
0.970077
1.50493
0.969255
2.04768
0.969615
0.968981
2.04892
0.968899
0.96796
1.38139
1.40573
1.63213
0.968291
0.968602
1.89797
1.87421
0.970565
0.967538
0.969568
0.970455
0.94184
0.968535
0.969413
0.9688
0.968568
0.970705
0.97006
0.967634
2.03945
0.967673
0.968935
0.970525
0.967512
0.968559
0.968467
0.967645
0.969786
0.968593
0.968936
0.967739
0.96829
0.970188
0.96813
0.969134
0.969192
0.899442
0.969654
2.02877
0.969607
2.07474
0.968298
0.968443
0.968588
0.967288
0.969371
0.970024
0.967646
0.970307
0.496575
0.968151
0.968432
0.970469
0.969586
0.96775
0.968427
0.969359
0.968822
0.969511
0.968285
0.968534
0.968684
0.968074
0.96897
0.968667
0.969898
0.968868
0.969856
1.93966
0.969359
0.970112
2.07468
0.969487
0.971285
0.968661
0.969635
1.31714
0.969088
0.969479
0.968992
0.971648
0.970123
0.969035
0.967871
0.970986
0.969829
0.968773
0.970984
0.968115
1.87822
0.969695
0.969587
0.967088
0.967828
0.969156
0.9691
0.96903
0.969748
0.968686
0.968889
2.11454
2.01407
0.969336
0.97025
0.969508
0.970512
0.969417
0.970869
0.968896
2.11931
0.970295
0.969382
1.30951
0.969327
0.969053
0.968752
0.970385
0.968352
2.04184
0.96805
0.969691
0.969246
0.968909
2.06502
0.969317
0.970658
0.969618
0.971128
0.968006
0.970121
0.788308
0.970625
0.967547
0.969787
0.968442
0.806455
0.968841
0.96938
0.966261
0.969627
0.969421
0.969003
0.968171
0.969279
0.969043
0.967648
0.968495
2.06268
0.969886
2.04097
0.969678
0.970422
0.969317
0.968312
0.970717
0.968968
0.968085
0.970651
0.968999
0.969372
0.967711
0.969001
0.96847
0.969099
0.968364
0.968147
0.968311
0.969145
0.968308
0.96864
0.967937
0.970268
1.57013
2.01112
0.969
0.969477
0.967738
0.969241
2.04855
0.968893
0.970452
0.969669
0.968185
0.970351
0.970594
0.969727
0.968916
0.970441
0.968586
0.968426
0.968878
2.00737
0.969994
0.968351
0.967642
0.970206
0.969655
0.970828
0.969121
0.969615
0.968532
0.969255
0.969932
0.968797
0.96873
1.84071
0.968866
0.934356
0.969864
0.968648
2.03817
0.970099
0.969595
0.969192
2.10098
0.968017
0.968239
0.969272
2.10324
0.969996
0.970209
0.968167
0.969398
0.968027
0.969056
0.970519
0.969637
0.969234
0.968359
0.969093
1.40446
1.98722
0.969268
0.969852
1.5167
0.968959
0.969638
0.969925
0.967749
1.51319
1.77157
0.970593
0.96786
0.968696
1.87608
0.970532
0.968216
0.968179
0.96883
0.970224
0.96954
2.05904
0.97039
0.968139
0.970174
1.38422
0.969337
0.969059
0.969223
0.969085
0.9707
0.968684
0.968933
0.96768
0.969657
0.969492
0.969501
0.970333
0.969367
1.21821
0.970846
0.970386
0.970006
0.968172
1.68892
0.969611
0.967934
0.96856
0.96953
0.968018
0.968404
0.96745
0.969511
0.968077
0.969654
0.969317
1.9782
0.919675
2.07821
0.970075
0.969355
1.65378
0.970311
1.29296
0.968296
0.969033
0.969017
0.969062
0.969455
0.967995
0.968292
0.970707
0.969153
0.968307
0.970007
0.969304
0.969788
0.969164
0.969547
0.969917
0.96953
0.968563
0.969735
0.968871
0.968182
2.07403
1.81601
0.969833
0.967671
0.970308
0.969816
0.904085
0.970131
1.99554
2.03753
1.60515
0.967362
0.968232
1.24932
0.970483
2.06157
0.96867
1.62041
0.968366
0.96852
0.969102
2.07046
0.968571
0.970801
0.969777
1.75427
1.59715
0.96963
0.967952
0.967902
0.970659
1.9679
0.96806
0.968545
0.936887
0.967966
0.968762
0.969116
2.05698
2.11811
0.968535
0.967636
0.96808
0.969233
2.02689
0.969313
0.968203
0.969647
0.969632
0.96958
0.969189
0.97072
1.48655
0.968757
0.969143
0.969547
0.968119
0.968944
0.969288
0.970354
0.970239
0.96925
0.968526
0.96846
2.03892
0.969326
0.969022
0.866119
0.970516
0.969264
0.970109
1.2927
0.968531
0.969002
0.968601
0.96896
0.968383
0.968384
0.968921
0.968315
0.968482
1.74327
0.967738
0.968796
1.81107
0.968971
0.968438
1.90606
0.968939
0.96794
0.968485
0.969794
0.968289
2.06383
0.971102
2.0375
0.969329
2.06395
0.969646
0.968802
0.969845
1.02332
0.969269
0.968794
0.970247
1.43543
0.969237
0.969546
0.968247
0.967379
0.970015
0.536093
0.971089
1.98734
0.968534
0.968137
0.969811
0.970681
1.88321
0.968716
0.968194
1.60797
1.69175
0.968349
0.968643
0.784826
0.968688
1.66964
0.968291
0.96979
0.968765
0.968698
2.02561
0.969845
0.968133
0.968226
0.971003
0.9705
2.03031
0.96854
0.970326
0.968334
0.968764
0.969314
0.969698
0.968877
1.60041
0.969372
0.969232
0.969593
1.98889
0.968879
1.53821
0.968214
0.968739
0.968505
2.03893
1.96013
0.9699
0.970868
0.968931
0.969861
1.95122
1.19326
0.969332
0.890917
0.968593
0.969532
0.969737
0.968077
1.15208
0.96727
0.967832
0.968503
0.969391
0.970323
0.967136
0.968223
0.968195
0.969587
0.968503
0.967759
0.967789
0.96887
0.967297
0.969254
0.969645
0.969284
0.968318
0.791629
1.88936
0.968634
0.969729
0.969609
0.969221
0.968411
0.969209
0.970162
1.1784
0.968423
0.969519
2.06484
0.971241
0.967781
0.968234
1.59541
0.970088
0.885628
2.03861
0.968414
1.57269
0.968943
0.968196
0.970577
0.968464
0.969775
0.968532
0.96809
1.89376
0.969383
0.969973
1.18511
0.968131
0.969127
0.96761
1.73081
0.971183
0.968569
0.96867
0.97087
1.4607
2.05365
1.96215
0.970045
2.03443
0.970595
0.969199
0.96843
1.84127
1.61505
0.968618
0.96828
0.968743
0.968252
0.969613
1.53985
0.969361
0.968466
0.970469
0.968583
0.969029
0.970149
0.968232
0.970386
0.969049
0.970389
0.967785
2.07728
0.970438
0.970149
2.06667
0.968713
1.01244
0.791008
1.37537
0.969838
0.969557
0.967839
0.968818
0.966946
0.968341
0.969717
0.830733
0.968476
0.969962
0.506353
0.881207
0.968423
0.969388
0.970775
1.60134
0.968423
0.968562
2.04936
0.969626
0.967839
0.970332
1.27627
0.967557
0.862985
0.96779
0.969993
0.96903
0.969148
0.968638
0.967912
0.969573
0.969248
0.970522
2.02265
0.968495
0.968672
0.969333
0.968969
0.96909
0.969356
0.969885
0.968355
0.969626
0.970037
0.968251
0.969646
0.969911
0.968735
0.969675
0.968144
0.831997
0.968506
0.970009
2.00012
1.53903
0.795702
0.969564
0.967957
0.970202
0.969535
0.783348
0.968932
0.968978
0.968297
0.968827
0.970015
0.969901
0.969441
0.969187
0.968342
0.970214
0.970147
1.50061
0.970341
0.969554
0.969106
0.968347
0.96856
1.91599
0.969576
0.969116
0.96907
0.970108
0.968756
0.968104
0.968276
0.969834
0.969715
0.969323
0.968639
0.968183
0.967966
0.968785
0.969722
0.968142
0.969216
0.968475
0.969596
0.969299
0.969619
0.967359
0.969177
0.967551
0.969626
0.969259
0.970026
0.968599
0.968947
0.968586
0.969239
0.967585
2.01938
0.969679
0.967824
1.72728
0.786686
0.970103
0.970097
0.970507
0.969705
0.96702
2.07823
0.967916
0.969795
0.96962
0.968467
0.969427
1.63293
0.968729
0.969149
0.96782
0.969394
0.968157
0.967939
0.969615
0.968506
0.968174
0.969379
0.970863
0.968399
0.968558
0.969454
1.53355
0.970833
0.969683
0.969675
0.9681
1.97148
1.88141
0.968779
0.967859
0.969715
0.967731
0.968128
0.96888
0.968526
0.969112
0.968819
0.968318
0.967584
0.969784
0.969043
0.968894
0.969932
0.967989
0.968001
0.969397
0.968913
0.968121
0.967808
0.968798
0.96952
0.968765
0.968397
0.969259
0.969626
0.969228
0.968387
0.968649
0.968886
0.970067
1.52859
0.968672
0.968064
0.970788
1.98855
0.969407
0.969129
0.967576
1.89216
2.0821
0.970304
0.97006
2.05683
0.970928
2.03466
2.01929
0.968552
0.968797
1.20181
0.969879
0.969061
0.969602
0.971419
0.968281
0.969537
0.968801
1.99829
0.96824
0.96993
0.969012
0.96815
0.967524
0.970635
0.970342
0.969441
0.971932
0.942212
0.967825
0.900096
0.968692
0.967414
0.969911
1.37966
0.968972
0.968958
0.96893
0.967352
0.97021
1.5121
0.97039
0.968738
0.969325
0.968918
0.96801
2.03583
0.967821
0.969768
0.969337
2.0799
0.968494
0.969616
0.968335
0.969827
0.860256
0.969538
0.968483
0.970333
0.969842
0.967473
0.970441
0.969662
0.968737
0.968638
0.969048
0.969275
0.823231
2.06942
0.968349
2.05063
0.968958
0.969975
0.968351
2.00488
1.81257
1.0089
0.79166
0.897684
0.968309
0.970027
0.969555
0.968932
0.967744
0.894275
0.968684
0.968745
0.968556
0.968769
0.793286
0.96949
0.968926
0.96939
0.967688
2.02088
0.970591
0.970263
0.967767
0.968921
0.969149
1.20619
0.968892
0.967639
2.05736
0.969044
0.969011
0.968539
0.969851
0.968376
0.969098
0.967967
0.967623
1.30029
0.968965
1.26789
1.40255
0.969437
0.969596
2.07105
0.968676
0.969165
0.969182
0.970741
0.968647
0.968898
0.969311
0.96861
0.969132
0.969652
0.968077
0.969846
0.969266
0.9696
0.969644
0.968412
0.792851
0.968178
1.59187
0.967789
0.884883
0.969044
2.05703
0.970391
0.968758
0.967683
0.96737
0.971128
0.967303
0.968808
0.969342
0.969304
0.968747
0.969766
0.969301
0.968329
0.971259
0.970977
0.967972
0.966378
0.96995
0.969655
0.968424
0.970761
0.969864
0.969913
0.970113
1.94101
0.968537
0.969236
2.03524
1.95185
0.968745
0.968985
0.970773
0.968802
0.969553
0.969555
0.968358
2.00796
0.967928
0.969715
0.968217
0.968581
0.969875
0.967951
0.968536
0.942531
0.967721
1.47962
0.968795
0.969744
1.85636
0.969413
1.74912
0.968609
1.30103
0.969787
0.96816
0.970341
0.969063
0.966855
0.968473
0.96837
0.968568
0.969298
0.970063
0.968805
0.968774
0.968467
0.969476
0.97059
0.96881
0.968363
0.968832
0.96813
0.969917
0.969217
0.969443
0.937452
0.968396
0.968742
0.803302
0.968553
0.969684
0.969921
0.969665
0.968527
2.06981
0.969499
0.969542
0.969915
0.967821
0.969857
0.969017
0.970033
0.968216
2.04849
0.968027
0.96916
0.971926
0.968932
0.969053
0.97116
0.969077
0.970506
0.970109
0.970942
0.969136
2.0716
0.968409
0.969438
0.968064
0.968168
0.969317
0.970687
0.968292
2.08033
0.968851
1.61745
0.969292
0.968697
0.968716
0.968876
1.78388
0.972573
0.968777
0.968906
0.969321
0.968069
0.969902
0.971017
0.969598
0.970046
0.967907
0.785102
0.968831
1.49807
0.927878
0.970023
0.970355
0.969169
0.969163
0.969087
0.968314
0.969092
0.969957
0.969149
0.966649
0.968258
0.776761
0.969528
0.969695
0.96895
0.967861
0.968048
0.969961
0.968412
0.969832
0.969449
1.7301
0.969009
0.968444
0.969049
0.969487
0.968239
0.968452
0.968303
0.969946
0.969238
0.968299
0.968567
0.968669
0.969798
0.969256
0.96799
0.968797
0.967802
0.968239
0.970539
0.970705
0.9709
1.70393
0.9693
0.967737
0.871627
0.865008
0.970104
0.968548
0.969493
0.96876
0.968722
0.969158
0.96963
0.969118
1.61748
0.969265
0.969113
0.968475
0.96848
0.970039
0.969509
0.969062
0.792179
0.968497
0.969989
0.968183
0.968259
0.95543
0.968362
0.969024
0.969224
1.98542
0.970629
2.08202
0.96833
0.96878
0.969342
0.970302
0.969108
1.87995
0.970112
0.969371
0.969112
0.969173
0.969885
1.4954
0.971041
0.968959
0.969488
0.967607
0.969327
0.969889
0.970221
0.969069
0.968509
0.968129
0.969205
0.967289
0.967542
0.968789
0.970303
0.967928
1.95486
0.969535
1.81302
0.968916
0.968177
0.967923
0.970296
2.11327
0.969183
0.968906
0.968889
0.969331
0.968597
0.968334
0.969211
0.968162
0.969129
0.970169
0.967947
0.970069
0.967947
0.969038
0.967907
2.06588
0.9683
0.968043
0.96781
0.969079
0.971086
0.968432
0.872426
0.969381
0.969966
0.969519
0.970863
0.968351
0.969271
0.968526
0.969903
0.969853
0.96839
0.967779
0.969749
0.968818
0.969373
0.967946
0.969912
0.970149
0.969165
0.97189
2.05348
0.968066
2.06482
0.969703
0.96969
1.53561
0.969874
0.968173
0.968989
0.967638
0.968838
0.968802
0.969783
0.96936
0.968404
0.969529
0.969927
0.969375
0.968462
0.969933
0.968614
0.970033
2.05121
0.970121
0.969484
0.968965
0.969266
0.969816
0.968863
0.970246
0.967796
0.970017
0.967938
1.28194
0.969017
1.39613
0.969821
0.969005
0.968904
0.968581
0.968799
1.50002
0.969398
0.969492
0.9695
0.968445
2.04533
0.968588
0.969347
0.969073
0.969485
0.970143
0.969211
0.780632
1.30905
0.967945
0.970537
0.967995
0.971755
0.968693
1.71976
0.96807
0.969558
0.967466
0.968043
0.968176
0.968854
0.971262
0.969001
0.886537
0.96768
0.969666
0.968297
0.967294
0.971112
0.970334
1.54838
0.968836
1.99824
0.967659
0.96876
0.96918
0.969573
0.969021
1.56992
0.969632
0.96807
0.969486
0.968133
2.08163
0.96926
0.968483
0.968396
0.969231
0.968661
0.968096
0.969748
1.97047
0.968325
0.968265
0.968852
0.969321
0.967643
0.9705
0.968909
0.96941
0.96882
2.00418
0.967982
0.969229
0.968378
0.968706
0.968382
0.969163
1.9347
0.969189
0.968969
1.93534
0.968358
0.968208
0.968852
2.03679
0.968752
1.61032
0.968425
2.07168
0.96805
0.969364
0.969297
0.956283
0.968082
0.969441
0.969468
0.969485
0.968574
0.968845
0.969216
0.970056
2.04649
0.96872
0.968609
0.968719
0.968764
0.969756
0.968583
0.968346
0.967981
1.52203
0.969219
0.968551
0.969284
0.969659
1.62929
0.97088
0.968372
0.96785
0.96904
0.970539
0.968703
0.968899
0.969236
0.969859
0.969163
0.969991
0.968545
0.968056
0.970302
0.968455
0.969735
0.969019
0.968951
0.968366
0.968488
0.969642
0.968643
0.968641
0.968356
0.969749
0.969942
0.9696
1.32245
0.969557
0.968674
0.968863
0.784924
1.60255
0.96961
0.967828
0.896858
0.969372
0.968903
1.5493
0.969395
0.968825
0.969922
0.970226
0.9689
0.968189
0.968561
0.799776
0.969624
2.00216
0.897621
0.968072
0.969746
0.970587
0.969404
0.969
0.969774
0.968883
0.968072
1.60531
0.96978
0.968798
0.968917
0.968996
0.971161
0.968463
0.970078
0.968574
0.969635
0.968805
0.969706
0.969531
0.968426
0.968181
0.96674
0.969886
0.970224
0.572038
0.967312
0.96907
0.968332
0.969679
0.968832
0.970548
0.970657
0.969843
0.969392
0.968542
0.968162
1.02871
0.968605
0.969515
0.969542
0.969987
0.968792
0.969382
0.970261
0.968603
0.829679
1.96446
0.968421
0.967871
0.968903
0.969579
0.969314
0.969582
0.968267
0.969305
0.816945
0.969502
0.968781
0.969627
0.968754
0.969422
0.969627
0.969163
0.968477
0.968532
0.968949
0.968987
0.969106
1.89203
0.969938
0.967964
0.968617
0.969709
0.967655
0.969432
0.969489
0.96897
0.970139
0.968798
0.968345
0.969074
0.968007
0.96904
0.970716
0.968965
2.0428
0.968415
2.0758
0.969171
1.93587
0.968296
0.970446
2.0094
0.969716
0.969335
0.967594
0.969648
0.968398
0.96898
0.968583
0.891166
0.970214
0.969723
0.969055
0.970118
0.96976
0.968608
0.968955
0.971683
0.967773
0.969922
0.969435
0.969249
0.968988
0.971068
0.969353
1.73128
0.96932
0.970928
1.99588
0.968284
0.967765
0.970117
0.967781
0.970752
0.968903
0.970386
0.967754
0.967921
1.50169
0.969614
0.968168
0.967845
0.968081
0.968927
0.969854
0.889508
0.968279
1.61349
2.06299
0.968529
0.969569
2.12325
0.970644
0.96702
0.968924
0.968602
0.967784
0.969639
0.967834
0.968006
0.969678
0.970375
0.969146
0.970078
0.967615
1.90486
0.969704
0.96743
0.781533
2.02482
0.968098
0.96837
0.96826
0.969821
0.969093
0.970727
0.968561
0.970479
0.968297
0.968017
0.969349
0.864218
0.968003
0.970731
0.969283
0.96814
0.940593
0.969117
1.53671
0.968422
0.967871
0.969842
0.968406
0.970494
0.968667
0.969279
0.968397
0.970252
0.827045
0.968486
0.96894
0.969143
0.970043
0.96893
0.96946
0.970211
0.968402
0.968771
0.971961
0.968857
0.969529
0.968818
0.970507
0.968189
0.970447
0.969491
0.96878
0.968012
0.968885
0.97079
2.07413
0.969211
0.969141
0.969931
0.968992
0.968303
0.968189
0.968978
1.99502
0.969311
0.969205
0.969611
0.970858
2.047
0.96963
0.969991
0.968167
0.49801
0.969664
1.33445
0.9703
0.969041
0.968492
0.968756
0.970166
0.967738
0.969359
0.969905
0.9692
0.969471
0.969078
0.968567
0.970184
0.969412
0.968039
0.96848
0.969553
0.969784
0.96874
0.969029
0.967917
0.970089
0.968789
0.970292
0.968427
0.969887
0.969309
0.968851
0.968301
0.968433
0.968572
0.970288
0.970056
0.968857
1.59638
0.967902
0.968208
0.969334
0.971069
0.969208
0.968348
2.0491
1.9921
0.96859
0.967885
0.968718
0.968526
0.968415
1.36143
0.969684
0.968047
0.967536
0.968264
0.969165
0.968025
0.969669
0.588721
0.969713
0.96979
0.967826
0.969076
0.9685
0.969721
0.968489
0.969902
0.969514
0.969214
0.967593
0.970409
0.968175
0.968481
1.3227
0.968468
0.970096
0.96937
2.05774
0.967917
2.08294
0.969118
1.35103
2.06807
0.96844
0.796471
0.968415
0.968905
0.968837
0.970472
0.968244
0.969162
0.968225
0.968305
0.968351
0.968153
1.01241
0.96818
0.9696
0.970017
0.968604
0.968578
0.967166
0.969366
0.970362
0.969542
0.967938
0.971423
0.969918
0.969643
1.78515
0.969876
0.969882
0.968061
2.06885
0.968855
0.968488
0.968959
0.969836
0.969864
0.969693
0.968724
0.967946
0.96904
0.968899
0.969432
1.25903
0.969031
0.96761
0.96903
1.32774
0.968595
0.969062
1.42763
1.47276
0.969443
0.968364
0.970128
0.968143
0.969197
0.96901
0.970287
1.94724
0.970126
0.969051
0.969899
0.969986
0.96966
0.967008
0.968842
0.96812
2.03863
0.97067
0.969794
1.93995
1.27845
0.968148
0.968084
2.05937
0.968554
0.969833
1.23575
0.969453
0.801259
2.0456
0.968858
0.968776
0.97136
0.969865
1.68951
0.968679
0.970598
2.01828
0.969376
0.97063
0.969769
0.9691
0.969804
0.96804
0.969357
0.968249
0.969077
0.968617
0.968747
0.970501
1.63362
0.969814
0.970135
0.968839
0.969644
0.969781
1.4368
1.71437
0.970132
0.969087
0.969589
1.55764
2.01424
0.968947
0.969804
0.968719
0.968534
0.969013
0.970501
0.969423
1.52937
0.968659
0.967639
0.96963
0.96831
0.970315
0.969788
0.969388
0.96843
2.08309
1.2979
0.968488
0.968517
0.968791
0.968675
1.63268
0.969889
0.970578
0.968364
0.968605
0.968094
0.969414
0.969061
0.970048
0.969448
0.97022
0.969261
0.969035
1.60231
0.968051
0.968915
0.969196
0.968836
0.969928
0.912446
0.971996
0.968613
1.87366
0.968682
2.06392
0.968688
0.969261
0.96815
0.968844
0.968005
0.969034
0.969729
0.969163
0.969796
0.969987
0.873334
0.968164
0.968424
0.969043
1.88243
1.69901
1.90732
0.968168
0.968876
0.969875
0.968746
0.969291
0.967132
1.62051
0.969905
0.828496
0.969098
0.969285
0.969607
0.969979
0.970127
0.968497
0.825906
1.44257
0.968862
0.969271
1.88635
0.968792
1.33
0.968983
0.967569
0.966867
0.968532
0.969799
0.971898
0.969485
0.968934
0.970374
0.970335
0.969008
0.969142
0.96942
0.968228
0.968033
0.967763
0.967637
2.04393
0.970111
0.96876
0.968958
0.97008
0.969727
0.970228
0.96997
1.7217
0.459008
0.969189
0.969584
1.99291
0.970197
0.968246
0.523148
1.9368
0.96865
1.61394
0.966796
0.970684
0.96821
0.967868
1.55405
0.968527
1.18002
0.969645
0.968242
0.967567
0.968714
0.968494
1.91096
0.968077
0.968138
1.60253
0.969711
0.968447
0.969355
2.07334
0.968267
0.969639
0.969167
0.971898
0.971048
0.970049
0.96942
1.37985
0.969138
0.969393
2.08286
0.967912
0.970047
0.969587
0.967773
2.07105
0.968248
0.968134
0.968429
2.01583
0.969599
0.968039
0.969195
0.970144
0.968144
0.969406
1.60686
0.969144
0.969589
0.969662
0.968444
0.968813
0.968831
0.969823
2.05992
0.968623
0.968944
0.969356
0.969122
0.969339
0.968506
0.968598
0.968092
0.967797
0.968074
0.969989
0.968047
0.969253
0.969054
0.968936
2.01984
0.881181
0.969726
0.969414
1.27346
1.37929
0.968075
0.968081
0.968419
0.968797
0.930952
0.96989
0.968018
1.60992
0.86342
0.969818
0.968517
0.967467
0.968719
0.968753
0.970008
0.96832
0.967874
0.968094
0.968315
1.92749
0.971045
0.969177
0.968323
0.969214
0.968631
0.968973
2.10361
0.969143
2.04309
0.970685
0.96797
0.969711
0.972088
0.971413
2.03395
0.969599
0.969031
0.969245
0.968094
0.968742
0.969847
0.967437
0.968745
0.969277
0.970167
0.969214
0.970135
0.969567
0.970205
0.968938
0.968446
0.968808
0.967566
0.968234
0.968847
1.20436
0.970301
0.968876
0.969317
0.967927
0.968981
0.969172
0.970334
0.969557
1.5702
0.968788
0.968871
0.967681
0.968946
0.968613
1.94203
0.968783
0.485111
0.969869
0.969464
0.969773
0.969773
0.96882
0.969741
2.02128
0.98783
0.969269
0.969371
0.969127
0.968055
0.968443
0.968685
0.933173
0.967612
0.971516
0.969319
1.94131
0.942088
0.969103
0.970852
0.968848
0.968998
0.970401
0.968331
0.971014
0.969408
1.97967
1.93163
0.969185
0.967438
0.967957
0.969597
0.968437
0.969019
0.968322
0.967573
0.968592
0.968476
0.968283
0.96832
0.969274
0.969036
0.969137
0.968188
2.04071
0.968628
0.969216
0.971951
0.970231
1.4739
0.968539
0.968027
0.96934
0.96826
2.10838
0.968588
0.968718
0.968392
0.968656
0.968397
0.969976
1.99163
0.96891
0.96984
0.969716
0.807384
0.969135
0.969405
0.968574
0.969829
0.968441
0.968658
0.968498
2.00312
0.970075
0.969741
0.969233
0.969858
0.969138
0.969446
0.968649
0.969187
0.968947
0.97014
1.92032
0.968729
0.968464
0.968958
0.969706
0.968463
0.969423
0.969732
0.968535
0.967763
0.96998
0.968286
0.967046
0.969263
2.07761
2.03851
0.782587
0.967805
0.969349
0.968263
0.969703
1.3167
0.968226
0.969733
0.967867
0.968469
0.969361
0.969819
1.93753
0.970182
0.968655
1.30235
0.96903
0.96912
1.38173
0.970034
0.968866
0.967673
0.968437
0.949399
0.947917
0.878814
0.969849
0.968516
0.968937
0.967243
0.968829
0.969097
0.970901
0.967972
1.28331
0.968477
0.969837
0.97037
1.9809
0.970056
0.969242
0.967829
0.970748
0.969485
0.968882
0.968512
0.969844
1.99016
0.967671
1.5318
0.969961
0.968352
0.96821
0.966934
0.970174
0.96963
0.969594
0.96956
0.968826
1.30609
0.969114
0.970207
0.969242
0.967947
0.969004
0.968213
0.96797
0.96899
0.969147
0.970098
0.970331
0.970487
0.96989
0.970113
1.11964
0.969228
2.04437
0.971134
0.969553
0.968737
0.969683
0.970811
0.969541
0.969213
0.967682
0.970005
1.91303
0.970734
0.968294
1.60357
0.968569
0.9696
0.967362
0.796555
0.916527
0.968801
0.968625
0.967902
0.967536
0.581498
0.969634
0.96661
0.968459
1.35685
0.970001
0.969248
0.970919
0.969944
0.96857
0.969227
0.968283
0.968704
0.967611
0.969005
0.969027
0.969523
0.968297
0.968684
0.969931
0.968608
0.970883
0.878583
0.969126
0.968744
0.968413
0.969072
0.970338
2.03734
0.968751
0.969555
0.969216
0.930268
0.968597
0.967628
0.96912
0.968081
0.968785
0.968588
0.869081
0.968419
0.968456
0.968987
1.31381
0.968345
0.488491
0.968593
0.968054
1.49118
0.968319
0.967583
0.967773
0.96999
1.38284
2.0682
0.968305
0.968651
0.969526
0.968972
0.96964
0.969166
0.780668
0.966967
0.968293
1.48915
0.968942
0.968186
0.96894
0.96954
0.968257
2.07277
0.968321
1.93825
0.968842
0.969632
0.969768
0.967601
0.970115
0.968398
0.969228
0.970751
0.967491
0.968898
0.970287
0.972118
0.969014
0.969047
0.969203
0.969495
0.968718
0.969684
1.63426
0.970891
0.968588
0.969631
0.969178
0.865918
0.969946
0.968459
1.93025
0.969368
0.970021
0.969457
0.967908
0.968198
0.90684
0.838611
0.970359
0.969381
0.968165
0.97
0.968766
0.968302
0.968175
0.969735
0.967823
1.91682
0.969239
0.970411
0.969656
1.61245
1.26522
0.969245
0.969879
0.970803
0.968369
0.970666
0.968733
0.968779
0.968541
0.967733
0.969819
0.969827
0.970124
1.69282
0.968517
0.76863
0.968274
0.969447
0.968037
0.968964
0.968949
0.970131
0.968228
0.970968
0.970386
0.992182
0.969462
0.969876
0.970424
0.968268
0.969246
0.967491
1.53545
0.96881
0.969733
0.969977
2.00723
0.969554
0.969645
0.967946
0.968775
0.812963
0.969082
0.972096
2.08936
0.968592
0.968855
0.969732
0.970259
0.969056
0.968978
0.966827
0.968084
0.969562
0.969621
0.969881
0.968645
0.967948
0.971216
0.968482
1.8067
0.968915
0.969538
0.79296
0.786248
0.969103
0.970505
0.969996
0.969958
0.968667
0.968888
0.97013
0.967654
0.969144
0.969459
2.07752
0.96783
0.967537
0.969177
0.969241
1.59631
0.969925
0.970251
0.967973
0.969777
1.57279
0.969104
2.06896
0.968664
0.802252
0.967946
2.07929
0.968088
0.969546
1.61843
0.784041
0.968925
0.969418
0.969686
0.969005
0.969471
0.96904
0.968482
0.969609
0.969423
1.02338
0.968191
0.969554
0.967973
0.968105
0.968749
0.968402
0.969511
0.971077
0.969173
1.35181
0.969345
0.968458
1.12205
0.969359
0.969192
0.968482
0.969697
2.02357
0.969374
1.71593
0.968338
0.969963
0.969529
0.96855
0.968312
1.59229
0.96839
0.969003
0.969046
0.969855
0.968334
0.968154
2.06935
0.969778
0.97044
1.97026
0.969661
1.90342
0.968716
1.44011
0.968108
0.968861
2.07292
0.967648
0.79683
1.60032
0.969398
0.96829
0.968233
0.969246
0.9703
0.969237
0.968899
0.968103
0.969433
0.968702
0.969921
0.969107
0.969442
0.969061
1.59437
0.969367
1.94951
0.96926
0.968729
0.968709
2.10472
0.968626
0.968909
0.969063
0.969891
0.782062
0.968501
0.969416
0.969413
0.968608
0.968948
0.966751
0.968512
0.96894
0.969529
0.969158
0.969207
0.97056
0.96841
0.969199
0.969523
1.13682
0.969552
1.57367
0.969225
0.969094
0.807536
0.853302
0.968851
0.968097
0.969774
0.970287
0.968381
0.967557
2.05816
0.968782
1.22591
0.969153
0.969961
0.482278
2.01583
0.968128
2.02665
0.969221
0.96935
1.89798
0.969009
0.969456
0.969674
0.968177
0.969186
0.969854
0.968414
0.968046
1.99493
2.04619
0.96896
0.970219
0.968883
0.970271
0.969296
0.967856
0.968824
2.01669
0.969683
0.967991
0.970143
0.968121
0.969134
0.968235
0.968346
1.32352
0.96753
0.968047
0.969758
0.968929
1.99873
0.968551
1.91514
0.968359
0.967776
0.969544
0.969926
0.942915
2.03451
0.969673
0.968632
0.968266
0.969959
0.970138
0.967807
0.873028
1.29449
0.970758
0.968955
0.969422
0.968312
1.90379
0.968486
1.91877
0.968948
0.968867
0.968112
0.967971
0.968115
0.865176
0.969259
0.96855
0.968835
0.967703
0.969934
0.96876
0.969744
0.970159
0.967958
0.969419
0.971114
0.971001
0.969625
0.863405
2.04943
0.938413
0.969749
0.969447
0.96947
0.970057
0.96907
0.968304
0.968175
2.00998
0.969548
0.970319
0.969242
0.968362
0.968665
0.968535
0.968043
0.968624
1.99496
0.968551
1.78002
0.968251
0.968372
0.968083
0.967188
0.968076
0.969132
0.969417
2.05573
0.968996
0.968839
0.970073
0.969234
0.968955
0.968072
0.969715
0.96937
2.04747
0.968854
0.969883
0.96986
0.969513
0.969305
0.967359
0.969666
1.95173
1.89982
0.969962
0.969026
1.29202
0.969182
0.969618
0.969362
0.969846
0.967993
0.968376
0.969492
0.968528
0.968174
0.968612
0.970099
0.970361
0.967902
0.96893
0.866828
0.968059
0.96759
0.96909
0.968304
0.969615
0.969896
0.968549
0.968402
2.01904
0.969269
0.967746
0.967553
0.968194
0.968249
1.952
0.969154
2.06728
0.968222
0.969649
0.970293
0.968662
0.969023
2.02879
2.07141
0.969144
0.968338
0.969183
0.968872
0.967585
0.968617
0.969255
0.96941
0.967844
0.969797
0.801619
0.96963
1.29533
0.970966
0.970446
1.74971
0.968476
2.05123
0.969295
0.96835
0.968947
0.969186
0.968933
0.968016
0.968239
0.968391
0.968526
0.968175
0.97007
0.911407
0.970282
0.96998
0.968507
0.968213
2.06608
0.969313
0.969144
0.970531
0.968729
0.969579
0.916442
0.969152
0.969375
0.968506
0.970105
0.970189
1.94226
0.969244
0.968278
1.13229
0.969288
0.953267
0.968472
0.972436
2.00643
0.968984
0.968792
0.969967
0.96748
0.96914
0.967934
1.40838
0.96807
0.969389
0.969818
0.968164
1.37946
0.968019
0.967988
0.967537
0.969027
0.969468
0.969756
0.96698
0.968292
0.968089
0.967886
0.969111
1.81232
0.968864
0.969053
0.969009
0.968629
1.95794
0.968141
0.967712
0.970521
0.969513
0.8632
0.968684
0.968802
0.968909
0.968703
0.968477
0.968988
0.968343
0.968295
0.970784
0.968343
0.968631
0.968885
0.968801
0.968885
0.96838
0.970633
0.9694
0.970277
0.969998
0.968959
1.42972
0.96827
0.969171
0.970526
0.968786
0.970096
0.968548
0.969247
0.97006
0.968644
0.970173
0.969582
0.969615
0.970413
0.969336
0.969518
2.03538
0.968924
0.969227
0.969197
0.968223
0.969587
0.96981
0.968591
0.967839
0.968715
0.968392
0.967576
0.969735
0.969284
0.969557
0.969186
0.846193
0.970408
0.968867
0.96687
0.969018
0.969867
1.29224
1.60155
0.968774
0.969487
0.970386
0.969222
0.9698
0.967367
0.968968
0.969927
0.970879
0.96897
0.970024
0.968714
0.971492
0.969557
0.970454
0.968756
0.969388
0.968945
0.970165
0.969722
0.969474
0.970115
2.00451
0.970848
2.04909
0.967939
1.6923
0.970567
0.968187
0.969131
0.968626
0.932528
0.969134
0.969463
0.969267
0.969567
0.968038
0.967657
0.968923
0.968447
0.968084
0.969334
0.966552
1.13825
0.968854
0.967938
0.969536
0.432293
0.969725
0.969789
1.57129
0.967638
0.968938
0.968701
0.968092
0.968093
1.60141
0.969015
0.97011
0.969554
0.969571
0.969547
0.969021
0.970139
0.968201
0.968776
0.969877
0.969344
0.969511
0.968711
0.968599
0.968006
0.968378
0.970196
0.969441
0.970534
0.968606
0.968346
2.01563
0.969391
0.9689
0.968591
0.970071
0.968852
0.968125
0.968539
0.970069
0.969818
0.967593
0.9705
0.969099
0.970879
0.970329
0.969636
0.968292
0.967812
0.968782
0.970445
0.96783
0.967494
2.01232
0.969104
0.968336
0.969819
0.972703
0.969427
0.968906
0.968453
1.19181
0.968496
0.969107
0.967741
0.97067
0.970469
0.968906
0.969251
0.969163
1.87856
0.968581
0.968748
0.809947
0.969821
0.969023
0.969134
0.970738
0.971047
0.78779
0.968699
0.969492
0.969297
0.995902
0.968139
1.78257
0.968193
0.967513
2.0303
0.9692
0.969251
0.970431
0.968579
0.971041
0.968746
0.968805
0.969248
0.969439
0.968192
0.969159
0.967203
2.04199
0.968745
0.968111
0.970218
0.86286
0.967273
1.9539
0.9692
0.969019
0.610489
0.9682
0.968868
0.968691
0.969652
0.970136
0.969873
0.966518
0.96915
1.7156
0.969145
0.969843
0.969953
0.969249
0.968452
0.968011
0.968848
0.968887
0.968328
0.968482
0.969638
2.00189
0.969759
0.969317
0.968759
0.97012
0.970163
0.970329
1.89886
1.99983
0.969056
0.968777
0.968318
1.44788
0.969379
0.969771
0.969236
0.969788
0.967822
0.813705
0.970628
0.969067
0.969591
0.970229
0.968138
0.969455
0.969673
0.969056
0.968567
0.971954
0.87089
0.968658
0.970611
0.969387
1.35605
0.969557
0.971314
0.970692
0.97016
0.968901
1.61568
0.968439
0.967818
1.88625
0.968768
0.968397
0.96905
0.969213
0.96817
1.11518
0.969816
1.94219
1.30768
1.47926
0.968802
1.61787
0.969461
0.969637
0.968735
0.970622
0.968864
0.96832
0.968229
0.968021
0.969289
0.970494
0.969628
0.968605
0.970221
0.970325
0.970897
0.96826
0.96871
0.968129
0.967079
0.968871
0.968182
1.99422
0.970313
0.969581
0.967893
0.815871
0.970089
1.47243
2.01254
0.968577
0.96781
0.969092
0.970861
0.969286
0.968818
0.969186
0.968851
0.968931
0.970691
0.970779
0.971513
2.00554
0.968568
0.967376
2.02014
1.99836
1.92605
0.805311
0.96878
0.971397
0.968518
0.967731
0.96995
0.968088
0.968098
0.969063
0.9689
0.969474
0.96841
0.968391
0.968611
0.968991
0.967384
0.969767
0.968666
0.968281
0.95549
2.02821
0.968215
0.968746
0.968148
0.969189
1.47996
0.967691
0.96988
0.853593
0.967817
0.968753
0.967798
0.969516
0.969578
0.968804
0.968277
0.969754
0.970178
1.41067
0.969298
0.968241
0.967634
0.96921
2.02564
0.970805
0.968695
0.969024
0.969274
2.06887
0.969415
0.968525
0.888856
0.970003
0.968409
0.968719
1.99835
0.969462
0.96889
0.967045
0.968495
0.968388
0.969925
0.968601
0.969107
0.97085
0.968795
0.968258
0.96944
0.968951
1.18651
0.96925
1.48152
0.922399
0.968343
1.21995
0.969578
0.967892
0.96993
0.96752
0.968735
0.969669
0.969632
0.968714
0.969677
0.968625
0.969399
0.968862
0.967866
1.30537
0.968055
0.970093
0.968097
0.968606
0.971322
0.967955
0.970449
1.33517
2.01494
0.969943
0.970164
0.969852
1.9284
0.968176
2.03118
0.96844
0.968439
2.03363
0.969979
2.00807
0.967958
0.97034
0.968255
0.969697
0.968649
0.969462
0.969771
0.970806
1.7032
0.970373
0.967773
0.968216
0.96895
0.969339
0.968351
0.970348
1.61114
0.969939
0.969373
0.968893
0.967943
0.96952
0.969346
0.969477
0.968286
0.970786
0.96914
0.968943
0.967712
0.970234
0.969601
0.968548
0.968949
0.968442
0.970107
0.96969
0.971302
0.893216
1.41803
0.915459
0.969771
0.968503
0.969281
0.968862
0.969194
0.946552
0.970225
0.968736
0.970662
0.968568
0.970103
0.967671
0.968878
0.968033
0.968356
0.968528
0.968868
0.970192
0.969459
0.968722
0.968665
0.970337
0.969987
0.969186
0.96915
0.970615
0.969104
0.966931
0.970649
0.968837
0.968276
0.969484
0.968431
0.970331
0.968754
0.969182
1.55124
0.95515
0.968974
1.99664
0.968667
0.9701
0.969859
0.969107
0.969951
0.968792
2.05335
0.968982
0.968129
0.968189
0.969019
0.970277
0.969032
0.969759
0.9691
0.968724
1.47079
1.90815
2.06808
0.968194
0.968611
0.818653
0.970366
0.968243
0.967057
0.96915
0.968299
0.970099
0.968844
0.968907
0.96904
0.96838
0.969479
0.878288
0.969686
0.968231
0.969852
0.969608
0.969483
0.968685
0.970797
0.969673
0.968397
0.96876
0.968235
0.968522
1.99473
0.968484
0.862734
0.969141
0.968153
0.969219
0.968644
0.97025
0.968115
0.968399
0.968562
0.967944
0.968488
0.968471
0.968059
0.969392
0.969929
0.967135
0.968628
0.96859
1.61479
0.968511
0.969519
0.970363
0.969434
0.968711
0.969057
0.969994
0.969725
2.0749
1.3561
0.969663
0.970264
0.971543
2.0612
0.969
0.969298
0.967871
0.969154
0.968937
0.968577
0.978887
0.968229
0.969633
0.970105
0.96867
1.75111
0.970199
0.970222
0.97038
0.969899
0.967959
0.969536
0.96923
1.172
0.968333
0.968768
0.969251
0.968092
0.967734
0.969752
0.969249
0.970009
0.971102
0.96972
0.790952
0.967601
0.969552
0.969181
0.96787
0.969524
0.969717
2.053
0.970131
0.96835
0.825268
0.96882
0.969168
1.99791
0.969641
0.969915
0.967832
0.9695
0.968978
0.969638
0.968588
1.95684
0.968388
0.967985
0.969393
0.969864
0.969821
0.969314
0.969675
0.96906
0.970777
0.967648
0.96927
0.969199
1.99041
1.44975
0.969032
0.9708
0.968873
0.968911
0.96877
0.970792
0.969959
2.04127
0.967511
0.968898
0.967981
0.967297
0.971135
2.06277
1.77187
0.967775
2.07278
0.969682
0.967817
0.969851
0.968726
0.967426
0.969857
0.970108
0.969254
0.969063
0.970377
0.968183
2.00505
0.969354
0.970572
0.968812
0.968916
0.968544
0.96776
0.969187
0.968964
0.969142
0.969064
1.99018
0.967901
0.969611
2.07651
0.970265
2.05338
0.968482
1.4121
0.968393
1.26731
0.969925
0.969276
0.967995
0.968918
0.968104
0.969693
0.969595
0.966717
0.968968
0.970322
0.971307
0.969713
0.971727
0.968773
0.970426
0.969806
0.96848
0.967901
0.968
0.970103
1.17505
2.00066
0.969439
0.968276
0.968046
0.970004
0.969086
0.969429
1.6031
0.970153
0.971214
0.970921
0.967953
0.969699
0.967921
0.968209
0.969427
0.968902
0.970772
0.968748
1.59399
0.968774
0.970235
0.968883
2.06689
0.967779
0.967318
0.969571
0.968758
0.968586
0.96945
0.967673
0.969487
0.968043
1.93886
0.967704
0.967823
0.970269
0.968182
0.969286
0.969541
0.969903
0.967986
0.967648
0.967569
0.968333
0.875764
0.969157
0.968253
0.968368
0.968806
1.50989
0.96935
0.969335
0.967808
0.968288
0.967529
0.970161
0.968807
0.967805
0.971498
0.969513
0.969088
0.969562
0.924374
0.968153
0.967877
0.970774
0.968541
0.96849
0.970262
0.969583
1.97269
0.969839
1.61258
0.968738
0.970385
1.63753
0.969292
0.968713
0.97091
0.969743
0.968669
1.31671
2.02721
0.970815
1.51878
0.969923
0.970227
0.969901
0.967947
0.969612
2.00466
0.969708
0.966921
0.969236
0.968176
0.969848
2.04477
0.969693
0.968529
0.969554
0.96944
0.968498
0.790967
1.61629
0.96988
0.969885
2.06522
0.969062
0.967782
0.968695
0.96714
0.967894
0.967826
0.970549
0.968845
0.968488
2.06268
0.969051
0.970296
0.969176
0.969557
0.969166
0.968278
0.968316
0.969703
0.968287
0.969319
0.97036
0.968392
1.72752
0.969476
0.968369
2.07183
0.969
1.31594
0.969785
0.967962
0.969844
0.852126
1.74294
0.968716
0.970271
1.65922
1.72983
0.969735
0.968332
0.969749
0.968657
0.967807
0.968
0.969194
0.968576
0.969924
0.968912
0.968977
0.968798
0.970076
0.968929
0.969436
0.96857
0.968886
0.967024
1.62509
0.969388
0.971675
0.970053
0.968943
0.969794
0.968751
0.96891
0.968744
0.968764
0.969979
0.967932
0.967794
1.4811
1.91614
0.969176
0.968167
0.968468
1.96081
0.969197
0.969244
0.967442
0.968806
0.968365
0.969572
0.970495
0.967815
0.967824
0.968342
0.968862
0.967653
2.033
0.96937
0.969842
0.969238
0.969388
0.967718
0.968526
2.03835
0.96878
0.969831
0.969016
0.968897
0.970973
0.970073
0.970253
0.967737
1.5053
0.968769
0.968664
0.968683
2.08037
0.968606
0.969419
0.968115
0.970199
0.968942
0.967844
0.970181
0.968679
0.96918
0.968992
0.968544
0.968652
0.970296
0.968558
0.970819
0.970155
0.97005
0.970685
0.969257
0.968408
0.969533
0.969047
0.968534
0.967955
0.968336
0.969075
0.969428
0.968646
0.970254
1.20455
0.97165
2.06975
0.967986
0.970684
0.969713
0.967849
0.968028
0.969561
0.969378
0.967684
2.03888
2.12614
0.969167
0.967658
0.968252
0.970779
0.96847
0.969922
0.968391
0.969744
0.970034
0.970052
0.969767
0.967844
1.23372
0.968812
0.970431
0.968225
0.968195
0.970243
0.970263
0.969126
0.969371
0.971207
1.48691
0.969707
2.03166
0.969809
0.969343
0.967685
0.863166
0.968457
0.969325
0.967931
0.968695
0.96833
0.967013
0.969218
0.969302
0.968995
0.969356
0.967932
0.968892
0.968768
0.969093
0.969218
2.01601
1.30101
0.968559
0.969157
0.967354
0.968911
0.96961
1.99205
0.969203
0.969384
0.968295
0.968408
0.968738
0.968431
0.968766
0.969339
0.969498
0.968641
0.968208
0.970355
2.0651
0.969441
0.968676
0.967665
0.971637
1.61017
0.968851
0.969945
0.968254
0.9693
0.969306
0.97002
0.969377
0.96929
0.969596
0.96952
0.895504
0.969279
1.99314
0.968326
0.968928
2.07971
0.970054
0.968556
0.921684
0.967459
0.967854
0.969224
0.968875
0.968859
0.968982
0.969427
0.969465
0.968894
0.969842
0.968126
0.969294
0.969968
0.97039
0.779266
0.967423
1.98088
0.969597
0.968189
0.969556
0.970991
1.9893
0.968843
1.53705
0.969808
0.968567
0.968228
0.873251
0.969515
2.0144
0.96926
0.968564
0.967091
0.969519
0.970431
0.969149
0.9679
0.968337
0.969083
0.969583
0.968439
0.968698
0.971122
0.968372
0.967588
0.970728
0.969831
0.96892
0.970122
0.970449
0.968241
0.966945
1.91443
0.969264
0.968956
0.971281
0.969054
0.969297
0.968476
0.969173
0.969776
0.970942
0.97091
2.06709
0.970329
0.969056
2.06898
0.96975
0.96878
0.968505
0.969298
0.797468
0.968725
0.967858
0.970789
0.968032
0.967353
0.968281
0.970612
0.968708
0.96947
0.969474
0.969188
0.969362
0.969424
1.34628
0.968907
0.969699
0.970319
0.968866
0.968844
0.968135
0.968837
0.96829
0.971218
0.969413
0.968727
0.968466
0.969933
0.969443
0.968984
0.970059
0.968131
0.970058
0.968278
0.602949
0.96986
0.9678
0.968156
0.968892
0.969026
0.874323
0.968683
0.969282
0.968325
0.969896
0.948881
0.879065
2.03957
0.968185
0.970252
1.29378
0.967499
0.499961
0.969486
0.969127
0.794289
0.968461
0.96923
0.969639
0.969412
0.968732
0.968947
0.968053
0.969632
0.96818
0.968148
0.968275
0.968727
0.968963
0.968631
0.970574
0.968777
0.96933
0.969446
0.969787
0.969529
0.96783
0.968384
0.970015
0.968845
0.971572
0.968846
0.969056
0.969733
0.96759
0.968252
1.81373
0.792537
0.968652
0.968866
0.970466
0.969131
0.969527
0.970955
0.968082
0.968951
1.69261
0.96901
0.967736
0.969629
0.969468
0.970645
2.0775
0.968595
0.969121
2.04398
0.96793
0.968955
0.970448
0.970678
0.968875
0.968115
0.96792
0.968633
0.968402
0.968997
0.970096
0.967935
0.970079
0.968489
0.967676
0.96983
0.970134
0.96972
0.968958
0.968661
0.968967
0.96852
2.11878
0.969263
1.23313
0.97
0.968094
0.96886
1.94986
0.96867
0.969123
0.97002
0.968308
1.95192
0.970306
0.968603
0.970493
0.968314
0.969243
0.970092
1.59822
2.05845
2.08249
0.969099
0.96985
1.71095
0.969667
0.968497
0.969803
0.970208
0.888391
0.969688
0.968726
0.969869
0.969138
0.970025
0.967923
0.970966
0.969424
0.967791
0.968017
0.969367
0.969665
0.970053
2.08507
0.968501
0.968397
1.2578
0.968707
0.97044
0.968981
0.968426
0.970656
0.969289
0.969601
0.968215
0.969997
0.970196
0.969495
0.968034
0.970164
0.967525
0.966902
0.969311
0.969796
0.967644
0.969773
0.970071
2.05958
0.96834
2.02702
0.969655
0.968353
0.969464
0.970337
0.967942
0.968307
0.968413
0.968269
2.0336
0.879916
0.968698
1.2649
0.96886
0.97007
0.96886
1.75013
0.969523
0.97007
0.968292
0.879838
0.968012
0.795704
0.969332
0.968532
0.969792
0.969949
1.59414
0.968596
1.61297
0.969606
0.968028
0.969239
0.969813
2.05934
0.969825
0.971668
0.968456
1.23294
0.96709
0.969365
1.62188
0.968097
1.98775
0.97016
0.968114
0.969423
0.969897
0.942932
0.968895
0.969038
2.04423
0.969387
0.968712
0.968127
0.969475
0.969235
0.96816
0.967653
2.00547
0.969564
0.968906
0.888739
0.968827
0.970299
0.968429
1.61858
0.970912
0.970049
0.967756
0.969546
1.90088
0.969184
2.05556
1.7148
0.970036
1.4235
2.06238
0.969307
0.970498
0.96867
0.968363
0.969982
0.968769
0.968094
2.06734
0.969056
0.969739
0.966671
0.968365
0.968432
0.970075
1.58051
0.970703
0.969074
0.969785
0.969117
0.968907
0.96868
0.967316
0.969025
0.969936
0.968596
0.968565
0.968985
0.969191
0.970141
0.968434
0.970355
0.968141
0.969268
0.968185
0.970001
0.969994
2.05848
0.969475
0.968034
0.423269
0.970844
0.969023
0.969795
0.97059
0.970149
0.968819
2.07621
0.967685
0.968689
0.968935
0.969674
0.788471
0.968335
0.967616
0.969973
0.969838
0.970163
0.969155
2.07637
0.970028
0.968877
0.799072
0.968931
0.968677
0.96877
0.969553
0.968975
1.98167
0.969249
0.96808
0.969032
0.968406
0.967819
0.967876
0.968532
0.968126
1.63133
0.969249
0.968501
0.968938
0.969575
0.969915
0.96843
0.968987
0.969365
0.969395
1.61691
0.968035
0.968443
0.968971
0.968544
0.968855
0.969738
0.970082
1.59074
0.969005
0.969249
0.970151
0.968013
0.969364
0.970118
0.967723
0.970008
0.968333
0.969242
2.03119
0.969334
0.969344
2.07856
0.968989
0.968333
0.969713
0.96838
0.969702
0.968038
0.868289
0.968271
0.969039
0.969626
0.969477
0.970072
0.968708
0.879314
0.970906
0.966707
0.968072
0.96848
0.969457
0.9686
0.969387
0.971226
0.970145
0.968315
0.968918
0.969487
0.968607
1.56258
0.967335
0.970609
0.968914
0.968839
0.968338
0.969671
0.968707
0.946386
0.967672
2.04402
2.00765
1.96266
0.968378
0.969735
2.00496
0.969047
0.96886
0.969391
0.970362
0.968242
0.969722
0.96897
0.968455
0.970357
1.94204
1.6107
0.96828
0.967999
0.969981
0.969121
0.969406
0.970056
0.967238
0.968771
1.90031
0.968699
0.968973
1.34207
0.97003
0.969148
0.968562
0.970679
0.967937
0.96938
0.969576
0.968429
0.969341
0.969507
0.968442
0.969501
0.969455
0.967972
0.886291
0.968474
0.970223
0.970728
0.970023
0.969212
1.9656
0.970295
0.968621
0.969261
0.96784
0.969545
0.880523
0.970017
2.06108
0.96904
0.969539
0.969903
0.968481
2.03883
1.5135
0.968318
0.969451
0.967939
0.968079
0.969398
0.970669
0.971282
0.970662
0.970533
1.94655
0.969309
0.968832
0.968881
0.969464
0.971223
0.970092
0.968155
0.970884
1.91529
2.04704
0.969571
0.967971
0.970549
0.96799
0.969811
0.970886
0.969135
0.969124
0.967497
0.969416
0.97099
0.969307
0.970053
0.970213
0.968493
2.12472
0.96868
0.877784
0.968105
0.879312
1.59751
0.969172
0.971461
0.969403
0.968449
0.967884
0.968623
0.971015
1.53781
2.01959
2.06464
0.968432
0.969697
0.968276
1.69438
1.44813
0.968189
0.968987
0.968767
1.77531
2.08137
0.970817
0.97081
0.89204
0.96985
0.967678
0.970158
2.01606
0.967586
1.49018
0.969695
0.968729
0.968616
0.968202
0.969841
0.969473
0.968728
0.969466
0.970032
1.06901
0.968571
0.968955
0.969373
2.01367
0.969513
0.796721
0.919075
0.967508
0.967992
0.967613
0.967569
0.969903
0.970064
0.970909
0.970387
0.96925
0.969221
0.968282
0.970635
0.969348
0.969469
0.970441
2.0206
0.96888
0.968006
0.96896
0.968623
0.968274
0.970932
0.969111
0.97056
0.968701
2.07423
0.968144
1.59326
0.455948
2.00516
0.969403
0.968744
0.969819
0.96989
0.968501
0.967624
0.968956
0.968929
0.96921
2.04563
1.8877
0.969697
0.969418
0.969684
0.968437
0.969
0.969182
0.967752
0.970218
0.969484
0.968617
1.44824
0.970154
0.969963
0.969767
0.967447
0.968474
0.968799
0.968471
0.969841
0.971407
0.968561
0.970734
2.02232
0.97022
1.95724
0.967937
0.96809
0.96954
0.967778
1.6159
2.03616
0.968076
0.968025
0.967662
0.783775
0.969166
0.968798
0.969543
0.968558
0.969761
1.47247
2.01425
0.968518
0.970412
0.968332
0.96914
0.970031
2.06996
1.9928
0.970287
0.969221
0.968708
1.26806
0.96931
0.916841
2.07488
0.96895
0.96803
0.967731
0.968046
0.969665
0.968798
0.969774
0.969199
0.970071
0.967689
0.968899
0.968631
0.969695
0.97084
0.969317
0.968194
0.968482
0.968117
1.17183
0.968952
1.88912
0.969015
0.970332
0.969359
0.969315
0.968262
0.968369
0.971262
0.969701
0.969167
0.969873
0.968034
0.968919
0.967747
0.968451
0.970102
0.968937
0.968843
0.968964
0.969686
2.03624
2.05447
0.969032
0.969182
0.970067
0.969402
0.968128
0.970071
0.969364
0.969227
0.970061
1.56961
0.968582
0.968129
1.60712
0.968886
0.968202
0.968972
0.971296
0.968684
0.968245
0.968521
0.970253
0.968233
0.756546
0.969119
0.968014
0.970701
0.890662
0.970212
0.968454
0.970092
0.969591
0.971123
0.969023
0.969895
0.968007
0.968343
0.969536
0.970083
0.970473
0.969145
0.969284
0.813012
0.968657
0.969377
0.887512
1.61285
0.968382
0.969055
0.971091
0.969011
0.969363
0.970433
0.969866
0.968597
0.968793
0.967656
1.35051
2.0287
0.967763
0.969426
0.970697
0.968999
0.969088
0.968467
0.970057
0.968831
0.97033
0.968913
0.969462
0.967985
0.967767
0.968855
0.968275
0.968413
0.968134
0.968274
0.96855
1.33671
0.970508
0.96842
0.969916
0.968241
0.97013
0.967956
0.969175
0.969542
0.969075
0.97002
0.971314
0.968406
1.95921
0.967876
1.24132
0.969555
0.969325
0.969128
0.968609
0.968029
0.971799
2.03888
0.968486
0.969866
0.968896
0.969389
0.968021
0.97099
0.968439
0.968322
0.970172
0.967435
0.968
0.967653
1.87121
0.968124
0.970669
0.969564
0.970088
0.969852
0.970735
0.88983
0.969261
0.9695
0.970357
0.970795
0.968188
0.970034
0.841162
1.61518
0.970605
0.970056
0.969789
0.967847
0.969757
0.971277
0.970506
0.968436
1.33983
0.968681
0.967935
0.969215
0.968937
2.0694
0.967859
0.92638
0.969431
0.969586
0.96768
0.970119
1.59741
0.968851
0.970072
0.969505
2.07656
0.967632
0.970359
0.967743
0.968604
0.970151
0.968666
0.968094
0.968313
0.969498
0.968572
0.969586
0.970281
0.968953
0.970535
1.95972
0.968191
0.968399
0.968097
0.971355
0.969689
0.968073
2.08046
0.9692
0.969125
0.968387
2.05994
0.970526
0.968405
0.968748
0.968842
0.969586
0.968911
0.969781
0.969258
0.970336
0.969295
0.968673
0.968361
1.29213
0.968875
1.88458
0.968802
0.969842
0.96805
0.969294
0.967645
1.41888
0.969697
0.96792
0.968853
0.968343
0.969178
0.967554
0.968946
2.04696
1.9325
0.96773
1.9713
0.883321
0.968467
2.05574
0.967214
0.970258
0.96855
0.970366
0.969661
0.968718
0.971825
0.968642
0.968598
0.969591
0.968103
0.968634
0.968692
0.969664
0.912182
0.969349
0.969942
0.966561
0.969055
0.969134
0.969006
0.970118
0.968669
1.49472
1.9885
0.96799
2.04202
0.968335
0.967489
0.969229
0.96825
2.0794
0.969133
1.96756
0.96828
0.969299
0.968607
0.968893
0.969942
0.968044
0.968871
0.969153
0.969869
0.968734
0.968021
0.969983
0.969576
0.969029
0.970144
0.969485
0.492723
0.969079
0.968616
0.968458
0.970053
0.968876
0.967985
0.968741
0.968379
0.968453
0.971748
0.968507
0.970691
0.969207
0.968357
0.972379
1.48195
0.968799
0.969538
0.967586
0.970619
0.968647
0.968982
0.968604
0.968509
1.61473
0.96942
0.969913
0.970753
0.967624
0.969736
0.969054
0.968556
0.968799
0.969434
1.35347
0.968966
0.968583
0.968281
0.967673
0.969332
0.968189
0.968121
0.968686
0.968449
0.968222
0.968703
0.971106
0.967659
1.3501
0.968315
0.969286
2.01215
0.970181
0.968694
0.968595
0.968205
0.971475
0.917242
2.0506
0.968191
0.969927
0.969442
0.968597
2.06079
0.97142
0.968548
0.970058
0.96991
1.42588
0.969534
0.968882
0.970069
0.892033
0.969622
0.967981
0.967623
0.969517
0.970027
2.07399
0.970005
0.969181
0.968593
0.968358
0.969145
0.968763
0.968138
0.969233
1.94581
0.968791
0.968101
2.04392
0.969161
0.969469
0.969429
0.967723
1.94388
0.968911
0.968655
0.968462
0.968369
1.20312
0.96921
2.07155
1.31753
