0.96377
0.961091
0.962151
0.963639
0.960462
0.963071
0.962562
0.961807
0.962067
0.961619
0.962881
0.962053
0.961548
0.963356
0.963588
0.961958
0.962797
0.961917
0.96163
0.962977
0.963079
0.962028
0.962983
0.961964
0.961957
0.964481
0.961562
0.961099
0.962451
0.963643
0.962974
0.962024
0.964054
0.962902
0.962615
0.962711
0.961323
0.962959
0.962062
0.96229
0.96211
0.963382
0.963424
0.961914
0.962865
0.963416
0.961393
0.961036
0.961233
0.964166
0.963002
0.962407
0.963368
0.963536
0.963141
0.962887
0.961705
0.962462
0.961239
0.961894
0.964488
0.963284
0.962414
0.963791
0.963384
0.96183
0.961244
0.962685
0.962327
0.962258
0.961914
0.962476
0.96281
0.96219
0.962104
0.963317
0.964556
0.963169
0.962356
0.96158
0.961817
0.963098
0.961878
0.963509
0.960463
0.961603
0.9629
0.961409
0.963213
0.96297
0.959933
0.963287
0.960853
0.962312
0.962799
0.960706
0.962562
0.9618
0.96107
0.961059
0.963583
0.962309
0.962087
0.962951
0.963725
0.960301
0.963417
0.96183
0.962389
0.964128
0.962257
0.963237
0.963331
0.962194
0.961804
0.96138
0.962598
0.964273
0.963845
0.963601
0.961656
0.962977
0.961779
0.96249
0.963616
0.9623
0.960438
0.963323
0.962667
0.962549
0.96266
0.963264
0.963527
0.962107
0.962632
0.961426
0.961147
0.962866
0.959396
0.961936
0.963723
0.962534
0.962446
0.962723
0.96312
0.962998
0.96236
0.962597
0.962255
0.962762
0.962054
0.963667
0.960733
0.963153
0.963119
0.96477
0.961211
0.963567
0.963164
0.962157
0.964223
0.960433
0.962835
0.961344
0.963783
0.961082
0.961954
0.962202
0.963775
0.963341
0.962526
0.96035
0.963293
0.962085
0.961735
0.963303
0.962085
0.96174
0.962083
0.962894
0.962705
0.963525
0.963174
0.963317
0.964018
0.963393
0.962244
0.96382
0.963128
0.963232
0.960993
0.961891
0.963545
0.962843
0.961067
0.96298
0.96149
0.961311
0.963068
0.963618
0.964086
0.962275
0.960274
0.962037
0.962822
0.961083
0.963399
0.962839
0.962973
0.962272
0.964233
0.962648
0.96251
0.963687
0.963389
0.961425
0.963981
0.963804
0.961631
0.962669
0.961359
0.964028
0.964436
0.962345
0.962555
0.962556
0.963347
0.964312
0.96242
0.962932
0.962116
0.963119
0.96298
0.962586
0.960568
0.964028
0.960653
0.963146
0.961524
0.96263
0.961467
0.962711
0.962195
0.961515
0.960561
0.961884
0.962454
0.96186
0.962834
0.962322
0.962084
0.963469
0.961182
0.962298
0.96207
0.963543
0.964548
0.962986
0.961433
0.962748
0.961444
0.961276
0.963335
0.962402
0.962274
0.962743
0.963684
0.961783
0.961973
0.962847
0.961014
0.963148
0.962285
0.962536
0.961389
0.963321
0.961542
0.962487
0.962525
0.962116
0.962224
0.961355
0.963961
0.963003
0.961735
0.963643
0.96213
0.962779
0.963872
0.964146
0.961685
0.96326
0.961525
0.9628
0.962574
0.962659
0.962381
0.9627
0.961054
0.962242
0.961859
0.961881
0.961858
0.961969
0.962112
0.96319
0.964591
0.960925
0.965015
0.963249
0.962938
0.962347
0.962538
0.961943
0.960709
0.963426
0.96273
0.963093
0.961217
0.963479
0.963565
0.962489
0.963978
0.961666
0.961806
0.963562
0.963043
0.962728
0.962888
0.961631
0.96284
0.961128
0.960586
0.964065
0.962232
0.960795
0.96286
0.962589
0.963969
0.963526
0.962785
0.963207
0.961015
0.962371
0.963093
0.963767
0.96258
0.962949
0.962772
0.963129
0.963098
0.962497
0.962697
0.962509
0.963413
0.963051
0.961925
0.964364
0.961146
0.960872
0.96253
0.963327
0.962024
0.960669
0.963381
0.960666
0.961965
0.964406
0.963053
0.962088
0.963645
0.96107
0.960752
0.962115
0.961965
0.964193
0.961969
0.962593
0.963026
0.963209
0.961775
0.962597
0.962909
0.962439
0.961226
0.963909
0.96209
0.962763
0.962533
0.96394
0.962709
0.961804
0.962076
0.963728
0.961699
0.964352
0.96302
0.961959
0.961866
0.960773
0.962779
0.963236
0.963474
0.961027
0.961633
0.962263
0.962671
0.960825
0.962261
0.962171
0.961694
0.962394
0.961784
0.962563
0.96411
0.963587
0.964817
0.962813
0.964
0.964043
0.962707
0.961732
0.96247
0.96312
0.963162
0.963883
0.963981
0.961762
0.961505
0.960721
0.962223
0.963257
0.962139
0.962402
0.963051
0.96251
0.961735
0.962707
0.961928
0.962557
0.962746
0.964361
0.961543
0.961557
0.961041
0.961791
0.962683
0.961359
0.962648
0.963504
0.962952
0.964023
0.962244
0.962556
0.962291
0.962454
0.962957
0.962665
0.963269
0.963472
0.961251
0.963414
0.962072
0.962855
0.962773
0.963888
0.963014
0.961217
0.962078
0.963493
0.960158
0.961881
0.962742
0.960437
0.964351
0.964628
0.960758
0.962596
0.961562
0.96292
0.963658
0.962352
0.961869
0.963455
0.962791
0.962527
0.964263
0.963232
0.96297
0.961292
0.960502
0.962391
0.962308
0.96198
0.961793
0.962402
0.963109
0.961515
0.963445
0.96258
0.963234
0.96144
0.962226
0.963276
0.962654
0.962839
0.964145
0.960906
0.962322
0.961246
0.962991
0.960926
0.962956
0.962191
0.96107
0.961453
0.962569
0.961155
0.963195
0.962347
0.960943
0.96058
0.964129
0.962287
0.962598
0.961407
0.961472
0.96245
0.963103
0.962547
0.962042
0.962191
0.963151
0.962091
0.963902
0.963359
0.961428
0.963183
0.962496
0.961334
0.961172
0.963558
0.961637
0.962634
0.96191
0.960952
0.961173
0.960749
0.963707
0.963034
0.961733
0.962442
0.964787
0.963178
0.962906
0.963585
0.962202
0.963371
0.9622
0.963855
0.963104
0.962785
0.963895
0.962288
0.963342
0.962061
0.961784
0.962413
0.963234
0.962447
0.964922
0.964551
0.962041
0.96304
0.962244
0.963757
0.962273
0.960947
0.962813
0.961593
0.960324
0.962613
0.962254
0.962218
0.962675
0.963318
0.964019
0.961842
0.961849
0.962292
0.963048
0.961782
0.961791
0.961146
0.962294
0.962599
0.963974
0.963205
0.961514
0.96359
0.963293
0.962055
0.962578
0.961958
0.962821
0.962762
0.963677
0.964265
0.963604
0.962852
0.962866
0.961378
0.962149
0.961275
0.963615
0.961667
0.962428
0.962833
0.963791
0.962079
0.961592
0.961625
0.960966
0.961037
0.963112
0.96332
0.96099
0.962009
0.9646
0.96162
0.962746
0.963848
0.963452
0.961839
0.960553
0.961433
0.960827
0.961598
0.962728
0.961981
0.962078
0.962334
0.96233
0.963448
0.964065
0.962406
0.961738
0.963493
0.961792
0.964069
0.962352
0.964074
0.96269
0.962032
0.962741
0.962157
0.960919
0.963089
0.960529
0.961328
0.961883
0.962064
0.962115
0.962327
0.96454
0.961211
0.962546
0.963938
0.962693
0.962166
0.962053
0.963331
0.963193
0.963771
0.962132
0.962594
0.961976
0.963493
0.961319
0.961531
0.961906
0.962693
0.961575
0.961267
0.960342
0.962886
0.962936
0.961415
0.961267
0.962587
0.965248
0.962562
0.960561
0.962447
0.962465
0.962805
0.96156
0.96247
0.962027
0.963411
0.963087
0.96152
0.963176
0.961495
0.963106
0.96097
0.962569
0.962695
0.962369
0.963167
0.964003
0.963666
0.962814
0.962686
0.963303
0.963323
0.961895
0.961878
0.962979
0.962859
0.962635
0.962037
0.963823
0.964639
0.962017
0.963275
0.960525
0.961411
0.961645
0.961413
0.961943
0.960566
0.963498
0.964574
0.961535
0.962142
0.962198
0.963176
0.961007
0.960653
0.960838
0.96238
0.961241
0.961725
0.962366
0.962
0.961408
0.963203
0.96089
0.963999
0.961661
0.96064
0.962074
0.963117
0.961725
0.963587
0.965106
0.961868
0.961438
0.961764
0.962853
0.962572
0.961918
0.96308
0.962853
0.963413
0.963334
0.962045
0.960708
0.961817
0.963349
0.962919
0.963643
0.961485
0.963218
0.961963
0.96031
0.963368
0.963925
0.963257
0.962543
0.96163
0.960583
0.962142
0.963791
0.963432
0.961769
0.963291
0.963733
0.962674
0.962666
0.96392
0.962207
0.963265
0.961795
0.961535
0.962318
0.961926
0.96183
0.963882
0.960076
0.961072
0.962499
0.961262
0.96266
0.962057
0.962584
0.962251
0.961874
0.96172
0.961466
0.96298
0.962291
0.962013
0.962313
0.963206
0.962758
0.962805
0.962054
0.96343
0.961045
0.96258
0.964051
0.962525
0.962939
0.961139
0.963137
0.961035
0.963151
0.962665
0.961434
0.962016
0.962084
0.963581
0.96046
0.964073
0.962762
0.961674
0.961164
0.96355
0.963758
0.963989
0.96218
0.961976
0.963104
0.963285
0.962372
0.961525
0.962034
0.963187
0.964286
0.962385
0.963288
0.962457
0.96287
0.962588
0.96141
0.963124
0.962088
0.961133
0.960703
0.962339
0.963254
0.961527
0.961064
0.962137
0.963745
0.963241
0.96401
0.961702
0.963507
0.962778
0.962535
0.964069
0.96362
0.961895
0.961839
0.96242
0.962091
0.961899
0.964071
0.961878
0.96428
0.963186
0.962191
0.962909
0.9613
0.962567
0.961906
0.962272
0.961184
0.960213
0.959731
0.963635
0.963421
0.961999
0.962802
0.962146
0.96107
0.961145
0.961698
0.962467
0.96287
0.963314
0.962254
0.963029
0.963064
0.961832
0.963782
0.961838
0.962892
0.963501
0.963254
0.963717
0.961068
0.963392
0.961618
0.961709
0.962303
0.963835
0.962087
0.962476
0.962166
0.963865
0.960717
0.96353
0.96322
0.962842
0.964193
0.962813
0.961449
0.963608
0.962908
0.962985
0.962975
0.961986
0.964323
0.96214
0.963581
0.962357
0.962203
0.962507
0.96193
0.96124
0.963185
0.960639
0.962489
0.963936
0.961787
0.96221
0.963826
0.963783
0.961459
0.962016
0.961775
0.963753
0.962045
0.962846
0.962432
0.96269
0.961043
0.962678
0.963565
0.961551
0.961662
0.963138
0.962388
0.962747
0.96132
0.964357
0.961121
0.961027
0.962954
0.961032
0.962843
0.963108
0.963322
0.960755
0.961868
0.961757
0.963773
0.962626
0.962408
0.961587
0.962717
0.961568
0.960807
0.962099
0.962906
0.962482
0.964652
0.96342
0.963194
0.961703
0.961317
0.96243
0.961719
0.962096
0.962081
0.962468
0.961082
0.96257
0.96194
0.961586
0.961463
0.961917
0.962417
0.962772
0.961543
0.963662
0.961945
0.960602
0.961229
0.960509
0.961313
0.962545
0.963733
0.961544
0.960447
0.961342
0.963106
0.962408
0.962282
0.960748
0.963269
0.962565
0.962053
0.962677
0.961873
0.960524
0.961251
0.962902
0.962911
0.964514
0.961703
0.963799
0.963535
0.961747
0.962221
0.962768
0.963264
0.961449
0.960198
0.963774
0.964253
0.962449
0.962354
0.962375
0.961867
0.962518
0.961991
0.962644
0.962218
0.962299
0.965689
0.962308
0.961795
0.963141
0.962562
0.963253
0.962811
0.962909
0.963678
0.962505
0.961523
0.962639
0.962285
0.960752
0.962889
0.962671
0.963866
0.964168
0.962844
0.963228
0.962817
0.961085
0.963026
0.962487
0.962837
0.961586
0.962684
0.962362
0.963086
0.962693
0.962755
0.961918
0.962671
0.960977
0.962382
0.963903
0.961737
0.961996
0.962622
0.962757
0.96418
0.962663
0.960977
0.961031
0.962408
0.962583
0.961327
0.962707
0.960125
0.96316
0.962587
0.963039
0.962675
0.963576
0.963842
0.961331
0.962628
0.964624
0.962308
0.963486
0.961785
0.962022
0.962211
0.962116
0.962158
0.963927
0.963064
0.964782
0.961722
0.962023
0.961251
0.961197
0.962979
0.96065
0.964507
0.961418
0.962621
0.96352
0.963103
0.960762
0.963817
0.96171
0.962245
0.965088
0.961669
0.962299
0.962728
0.963038
0.962753
0.962518
0.961241
0.962701
0.962907
0.96149
0.962888
0.962137
0.963034
0.962001
0.961933
0.959783
0.962131
0.963663
0.96152
0.963675
0.963003
0.96358
0.963184
0.960403
0.963242
0.962687
0.962264
0.963892
0.962725
0.961527
0.962662
0.963605
0.962784
0.96175
0.962345
0.962802
0.961503
0.96366
0.963189
0.962233
0.962544
0.963104
0.961851
0.964153
0.961625
0.96243
0.962622
0.961048
0.961615
0.963476
0.963355
0.963239
0.962711
0.960326
0.962761
0.963337
0.963907
0.961454
0.963305
0.962141
0.963858
0.962164
0.962542
0.963785
0.963251
0.96087
0.964135
0.964839
0.962746
0.960916
0.962706
0.962208
0.964107
0.962639
0.964507
0.962537
0.960254
0.963105
0.963081
0.963852
0.9631
0.961531
0.960495
0.962212
0.963112
0.962297
0.962234
0.961935
0.960919
0.962384
0.963213
0.963035
0.963119
0.963026
0.963236
0.962653
0.963166
0.962265
0.961719
0.961609
0.964253
0.962573
0.963079
0.96315
0.962004
0.962293
0.962626
0.965617
0.963035
0.961918
0.961111
0.962225
0.962394
0.961652
0.96347
0.961936
0.962594
0.961086
0.963612
0.961042
0.962864
0.963718
0.96249
0.96407
0.96246
0.962046
0.961199
0.962121
0.962064
0.962765
0.963885
0.962944
0.963659
0.961294
0.961316
0.963867
0.962519
0.961156
0.960831
0.963464
0.964105
0.962987
0.961193
0.961948
0.962415
0.961441
0.961396
0.962591
0.962078
0.962614
0.962929
0.963701
0.962797
0.96129
0.963028
0.962912
0.961648
0.96322
0.960769
0.961491
0.963538
0.962943
0.963762
0.962416
0.962008
0.963017
0.961284
0.962019
0.9639
0.961267
0.962463
0.962286
0.960252
0.963331
0.963919
0.962654
0.9632
0.962258
0.962801
0.962442
0.96255
0.961637
0.963171
0.96276
0.963461
0.963672
0.963562
0.961973
0.961398
0.963357
0.961279
0.963451
0.962866
0.96262
0.963605
0.965179
0.962325
0.961777
0.962684
0.964021
0.96254
0.961577
0.963643
0.962191
0.963491
0.961474
0.961414
0.963169
0.963218
0.961216
0.962256
0.962388
0.962542
0.961997
0.962312
0.961311
0.961766
0.963142
0.96232
0.963129
0.96249
0.961698
0.963767
0.963348
0.961812
0.962722
0.962092
0.962325
0.961369
0.963254
0.962552
0.963351
0.962932
0.962783
0.961487
0.96312
0.961523
0.963086
0.962765
0.962666
0.962818
0.962316
0.962125
0.961695
0.961715
0.962545
0.961414
0.963338
0.963002
0.96253
0.962738
0.961798
0.963661
0.963504
0.961115
0.963083
0.962068
0.962164
0.963809
0.963173
0.962496
0.962508
0.960756
0.962535
0.963554
0.961443
0.960857
0.961356
0.962979
0.963774
0.961941
0.964077
0.96207
0.963312
0.961886
0.963234
0.962272
0.963465
0.96089
0.962234
0.962242
0.961244
0.96416
0.963067
0.961732
0.959917
0.961549
0.962847
0.96175
0.963446
0.960898
0.961764
0.963508
0.963276
0.962781
0.96197
0.96253
0.962039
0.963054
0.962118
0.963421
0.963476
0.964014
0.961087
0.962891
0.962712
0.962625
0.962046
0.962352
0.962202
0.962614
0.963013
0.962333
0.963517
0.962629
0.96185
0.961303
0.962771
0.963379
0.96102
0.962139
0.961621
0.961625
0.962717
0.96072
0.963222
0.963362
0.964342
0.96395
0.96367
0.962329
0.962273
0.961209
0.962677
0.962178
0.961897
0.963154
0.961008
0.962553
0.962821
0.962507
0.961976
0.96205
0.964405
0.962084
0.962465
0.962535
0.961812
0.963279
0.962713
0.962126
0.96381
0.962409
0.962057
0.96378
0.962551
0.962873
0.962216
0.959952
0.96228
0.96305
0.963871
0.961311
0.963225
0.962463
0.964537
0.961162
0.963591
0.961568
0.962861
0.96143
0.962062
0.961045
0.962754
0.962531
0.963984
0.962992
0.961938
0.964104
0.964353
0.962301
0.962607
0.962584
0.961246
0.962465
0.964244
0.963552
0.963461
0.962126
0.964092
0.963673
0.961805
0.962649
0.960497
0.964333
0.962265
0.962936
0.962451
0.962733
0.961655
0.962364
0.962547
0.961126
0.962373
0.96233
0.962331
0.96274
0.962278
0.963647
0.962756
0.961739
0.962569
0.962132
0.963454
0.961043
0.963203
0.961701
0.963477
0.962281
0.963831
0.962693
0.961272
0.962688
0.962573
0.96159
0.961829
0.962262
0.962056
0.962502
0.961927
0.961681
0.963252
0.962739
0.961886
0.963033
0.9637
0.963855
0.963001
0.962415
0.962227
0.96281
0.961665
0.962841
0.961944
0.962574
0.963775
0.962791
0.963139
0.96309
0.962056
0.964106
0.963949
0.962079
0.962988
0.964677
0.964411
0.962182
0.962074
0.963014
0.962244
0.963461
0.962846
0.963183
0.96297
0.961791
0.962086
0.963586
0.961179
0.963339
0.961973
0.961289
0.963376
0.963017
0.962752
0.96279
0.962574
0.961767
0.962442
0.962021
0.962287
0.962656
0.962714
0.961864
0.963235
0.965131
0.963592
0.963115
0.962712
0.963184
0.963152
0.963173
0.962583
0.963306
0.962114
0.962414
0.962602
0.962638
0.963598
0.963214
0.962656
0.963224
0.962533
0.962793
0.962855
0.962207
0.964415
0.962032
0.96244
0.962648
0.961569
0.962079
0.962538
0.961983
0.961158
0.962586
0.963157
0.96336
0.963154
0.962267
0.962865
0.961015
0.962765
0.961267
0.962204
0.962456
0.961034
0.963581
0.962818
0.96249
0.96164
0.962505
0.963436
0.961223
0.96056
0.961919
0.96154
0.962903
0.96391
0.962987
0.962447
0.9629
0.963756
0.963093
0.963597
0.963233
0.9628
0.961336
0.960966
0.96282
0.963517
0.961877
0.963257
0.96153
0.962076
0.961443
0.963181
0.962014
0.964572
0.961455
0.963349
0.961216
0.96093
0.962161
0.962939
0.962085
0.962542
0.96126
0.96444
0.962304
0.963748
0.962429
0.961136
0.961308
0.962576
0.962723
0.96317
0.962162
0.961581
0.961898
0.961751
0.961843
0.962456
0.962037
0.962541
0.963037
0.961355
0.961767
0.962224
0.962365
0.96222
0.962266
0.962273
0.962013
0.962512
0.962373
0.962586
0.963109
0.962847
0.961074
0.965335
0.963516
0.962419
0.96329
0.963668
0.963158
0.961867
0.962322
0.962637
0.961097
0.960466
0.962966
0.961926
0.962545
0.963039
0.963178
0.963146
0.964011
0.962511
0.962364
0.963894
0.963414
0.962844
0.961249
0.962855
0.962074
0.961806
0.96196
0.963799
0.961221
0.963317
0.960916
0.961937
0.961985
0.962836
0.96212
0.963274
0.962884
0.962096
0.962607
0.96301
0.962087
0.963002
0.962411
0.964402
0.962381
0.960965
0.962884
0.962253
0.962976
0.964545
0.961622
0.964252
0.96378
0.96248
0.962904
0.962821
0.964046
0.963136
0.961741
0.962521
0.961353
0.961224
0.96191
0.964373
0.96492
0.963149
0.963663
0.961877
0.962925
0.964127
0.963241
0.961947
0.960921
0.961693
0.961463
0.962236
0.96314
0.961902
0.961722
0.962944
0.962559
0.962952
0.963072
0.963386
0.961636
0.961354
0.962725
0.963715
0.961866
0.96271
0.965314
0.961554
0.96118
0.962459
0.961194
0.962169
0.961104
0.963469
0.962613
0.962551
0.963357
0.962212
0.962566
0.963536
0.961592
0.962133
0.9634
0.962267
0.962542
0.961427
0.963067
0.964896
0.96251
0.962583
0.960827
0.962533
0.962081
0.962747
0.962367
0.963875
0.963131
0.963354
0.962285
0.96321
0.961231
0.960888
0.962477
0.96199
0.963092
0.961459
0.962981
0.963485
0.962029
0.962436
0.963486
0.963163
0.961282
0.96296
0.962175
0.963213
0.962122
0.963581
0.962675
0.963211
0.962214
0.96365
0.961475
0.961138
0.962174
0.961098
0.962855
0.962461
0.962816
0.963821
0.963956
0.965214
0.963447
0.964589
0.963218
0.962009
0.962186
0.962744
0.961527
0.961818
0.961689
0.964209
0.963081
0.96448
0.963775
0.961241
0.963443
0.961679
0.960817
0.962375
0.962921
0.962524
0.961042
0.961889
0.961403
0.962618
0.961657
0.962945
0.962551
0.964906
0.963831
0.963724
0.962483
0.962656
0.962909
0.962799
0.96185
0.962483
0.960772
0.96126
0.962073
0.961884
0.963074
0.962395
0.961258
0.962004
0.96386
0.963317
0.963335
0.963742
0.9604
0.964022
0.962587
0.963443
0.963371
0.964213
0.962006
0.961619
0.963088
0.963582
0.962708
0.962151
0.962319
0.962447
0.962827
0.959505
0.963435
0.962843
0.96082
0.962494
0.960871
0.963853
0.962337
0.962664
0.963082
0.962273
0.962582
0.963345
0.9638
0.961643
0.960926
0.963214
0.96193
0.963099
0.961008
0.961384
0.961828
0.961379
0.963335
0.963033
0.962612
0.962682
0.961876
0.960124
0.961702
0.962055
0.962026
0.962401
0.96141
0.962685
0.962184
0.961623
0.963362
0.963043
0.964085
0.961907
0.963316
0.961376
0.96234
0.962593
0.962081
0.963041
0.963235
0.962852
0.962895
0.962291
0.96075
0.962268
0.962317
0.961762
0.96436
0.96177
0.960981
0.961095
0.961377
0.962738
0.961227
0.962248
0.962621
0.960977
0.962676
0.963685
0.962737
0.963651
0.961216
0.962363
0.963305
0.963444
0.962375
0.962188
0.962937
0.962185
0.961804
0.96295
0.962778
0.963258
0.962168
0.961824
0.961351
0.96287
0.960526
0.963094
0.961844
0.962242
0.962581
0.962725
0.962364
0.961932
0.962978
0.962116
0.963258
0.961829
0.963459
0.964298
0.962704
0.962503
0.961817
0.962928
0.962486
0.963371
0.962025
0.963181
0.961709
0.962853
0.961817
0.961091
0.963094
0.961604
0.963432
0.962266
0.962983
0.961602
0.962603
0.961323
0.962018
0.961949
0.964472
0.964328
0.961442
0.961512
0.964532
0.961391
0.961418
0.962762
0.960564
0.962204
0.960953
0.96226
0.962029
0.960408
0.962203
0.962948
0.962803
0.961946
0.961478
0.961911
0.96323
0.961638
0.963019
0.961529
0.96056
0.960439
0.962833
0.961008
0.963213
0.962826
0.962356
0.963265
0.961887
0.96215
0.961506
0.963333
0.962028
0.960515
0.963992
0.963617
0.96171
0.962202
0.962898
0.962268
0.959177
0.963409
0.960273
0.963438
0.96273
0.961452
0.963057
0.964112
0.964078
0.962777
0.961858
0.962895
0.962603
0.961006
0.963712
0.963383
0.961465
0.963417
0.963033
0.963323
0.963295
0.961112
0.964307
0.963239
0.962921
0.96209
0.964341
0.961316
0.962068
0.962841
0.961854
0.961156
0.961036
0.962664
0.961111
0.96037
0.964126
0.961297
0.962827
0.961683
0.962955
0.962051
0.961796
0.961517
0.961672
0.961903
0.96204
0.962369
0.961207
0.963235
0.961534
0.963411
0.962611
0.963236
0.962487
0.961908
0.964303
0.962549
0.960854
0.960641
0.963669
0.961941
0.963492
0.963142
0.964017
0.962704
0.962925
0.960828
0.961819
0.962079
0.961822
0.962513
0.963864
0.962107
0.961817
0.961904
0.96278
0.962796
0.962467
0.960788
0.961511
0.963233
0.96222
0.96257
0.96481
0.964207
0.961709
0.963818
0.961288
0.96123
0.961255
0.962223
0.963748
0.962341
0.963426
0.962074
0.96269
0.961288
0.962799
0.962898
0.961568
0.961482
0.963753
0.963561
0.961394
0.964205
0.96225
0.963966
0.962949
0.963571
0.963172
0.963495
0.963385
0.960707
0.963251
0.961998
0.962121
0.964384
0.963598
0.963552
0.96346
0.962221
0.960577
0.96124
0.962053
0.961681
0.964181
0.960939
0.961856
0.964727
0.962451
0.961738
0.962997
0.963029
0.962445
0.962793
0.965215
0.96063
0.962029
0.961956
0.962472
0.963763
0.96261
0.961566
0.961193
0.96233
0.963326
0.963568
0.9628
0.963175
0.963978
0.963107
0.962205
0.960747
0.964033
0.962651
0.962113
0.961879
0.961933
0.961529
0.961856
0.963223
0.961468
0.962677
0.962288
0.96269
0.961307
0.962023
0.962685
0.963988
0.963249
0.961957
0.962286
0.962909
0.964857
0.962745
0.963584
0.962474
0.962284
0.962718
0.962131
0.961848
0.962298
0.963395
0.962507
0.961668
0.962873
0.963159
0.962733
0.960544
0.9636
0.963218
0.960611
0.96348
0.961863
0.962669
0.964462
0.962281
0.964343
0.963489
0.962889
0.964323
0.963724
0.961728
0.961409
0.960718
0.961751
0.962707
0.963709
0.96334
0.962851
0.963931
0.962233
0.96317
0.960383
0.963177
0.963303
0.963622
0.962534
0.963853
0.9619
0.963014
0.964067
0.960972
0.963257
0.963004
0.962383
0.962715
0.963268
0.963865
0.964051
0.963573
0.962858
0.96121
0.962441
0.962904
0.963547
0.961561
0.962399
0.963125
0.960774
0.962002
0.962752
0.962354
0.962475
0.962
0.963268
0.963483
0.963373
0.963782
0.961391
0.963114
0.96375
0.962509
0.962181
0.962244
0.963773
0.961982
0.961722
0.962169
0.961858
0.961245
0.963074
0.963806
0.96295
0.961587
0.963512
0.962918
0.961307
0.962197
0.962934
0.962815
0.96227
0.962272
0.963183
0.961682
0.961337
0.963739
0.9616
0.961285
0.962437
0.965091
0.962466
0.962406
0.960779
0.964015
0.962402
0.962968
0.962676
0.963656
0.961698
0.963029
0.959229
0.962811
0.96245
0.963571
0.961043
0.961919
0.961756
0.962821
0.963967
0.962603
0.962525
0.961532
0.962275
0.959164
0.961796
0.961558
0.962131
0.960789
0.961779
0.962484
0.963549
0.961507
0.960878
0.963566
0.963083
0.961845
0.962751
0.962465
0.961329
0.961783
0.963164
0.962537
0.963117
0.960983
0.961035
0.963521
0.962265
0.963002
0.960808
0.96117
0.962407
0.961992
0.96357
0.961782
0.962312
0.964122
0.96145
0.962443
0.963289
0.962727
0.961287
0.963436
0.961914
0.963415
0.96215
0.96031
0.963383
0.962257
0.962051
0.964032
0.963188
0.96358
0.964181
0.962705
0.964304
0.962937
0.962066
0.963679
0.963331
0.96221
0.961576
0.962452
0.962357
0.96244
0.962464
0.962271
0.961962
0.961198
0.962492
0.963793
0.963566
0.963643
0.961812
0.964292
0.962643
0.963468
0.963673
0.964
0.963373
0.962198
0.96134
0.962077
0.96071
0.962992
0.963912
0.962516
0.961324
0.961206
0.961957
0.96438
0.962196
0.961084
0.961933
0.962135
0.963432
0.963575
0.961512
0.9625
0.964198
0.962086
0.962938
0.962863
0.962226
0.959842
0.962691
0.963316
0.962496
0.961651
0.961443
0.964026
0.965265
0.962042
0.962083
0.961507
0.96277
0.964681
0.961264
0.962567
0.962372
0.962538
0.963783
0.962237
0.961669
0.963276
0.962148
0.962214
0.9629
0.961973
0.962722
0.962005
0.961845
0.962629
0.964
0.961823
0.963592
0.961569
0.961863
0.963362
0.961768
0.963097
0.962717
0.963397
0.961862
0.963086
0.963468
0.961685
0.963632
0.959172
0.963439
0.96297
0.961218
0.962311
0.960612
0.961912
0.961961
0.962504
0.962639
0.962583
0.962483
0.962797
0.962748
0.961803
0.961905
0.961077
0.963728
0.963718
0.961094
0.962274
0.961443
0.96167
0.962648
0.962172
0.96274
0.96374
0.961403
0.961864
0.962279
0.963942
0.961807
0.96235
0.963112
0.96297
0.960117
0.963239
0.962831
0.962082
0.96369
0.961057
0.961905
0.963856
0.963308
0.96143
0.962406
0.962331
0.962598
0.962062
0.962123
0.963059
0.964164
0.962386
0.96256
0.963163
0.963777
0.962421
0.963579
0.961919
0.961594
0.961652
0.962275
0.961622
0.963372
0.962089
0.96209
0.963053
0.963262
0.961934
0.962136
0.962196
0.961737
0.962292
0.962492
0.961875
0.962403
0.962845
0.961917
0.961085
0.963345
0.960943
0.961904
0.962251
0.96266
0.962473
0.962512
0.964338
0.963377
0.961755
0.960815
0.96357
0.962625
0.961916
0.961913
0.961858
0.96181
0.963294
0.962584
0.962651
0.961458
0.962076
0.963626
0.961097
0.961936
0.96215
0.963568
0.962759
0.960858
0.96251
0.963759
0.964087
0.962914
0.963101
0.962373
0.961737
0.962249
0.961372
0.960666
0.962244
0.961387
0.963938
0.961467
0.962779
0.963589
0.961765
0.962248
0.962611
0.962569
0.964544
0.96329
0.963696
0.962046
0.962349
0.964827
0.962644
0.960752
0.962566
0.961283
0.963381
0.962981
0.963311
0.96359
0.962586
0.962816
0.963059
0.962284
0.964361
0.962129
0.96331
0.961445
0.963931
0.961575
0.962358
0.961982
0.96299
0.961806
0.962778
0.96203
0.962281
0.962211
0.96296
0.963467
0.963604
0.964529
0.960819
0.962292
0.962229
0.960856
0.962736
0.963071
0.960942
0.963391
0.96367
0.962967
0.961804
0.960614
0.962246
0.961465
0.961603
0.962876
0.962204
0.961483
0.963595
0.962684
0.960634
0.962534
0.962976
0.963182
0.961411
0.964323
0.962892
0.962906
0.963658
0.962196
0.962662
0.962928
0.96235
0.961564
0.962576
0.962595
0.962416
0.963285
0.961787
0.960887
0.962177
0.962131
0.964341
0.962516
0.962765
0.963634
0.963354
0.961594
0.961812
0.963362
0.96197
0.963583
0.961568
0.963381
0.962526
0.960992
0.964748
0.961434
0.961721
0.962596
0.961892
0.963594
0.962618
0.962548
0.963357
0.96443
0.96452
0.962547
0.963019
0.963541
0.963835
0.961536
0.961879
0.961471
0.963006
0.960903
0.963233
0.961676
0.963342
0.963081
0.963043
0.962936
0.962931
0.963215
0.963824
0.960983
0.96248
0.963144
0.962129
0.962665
0.962865
0.961306
0.962619
0.960963
0.962484
0.961781
0.962615
0.964205
0.963847
0.963145
0.960848
0.962507
0.962435
0.961063
0.961881
0.963593
0.964263
0.962934
0.963702
0.962555
0.961956
0.962485
0.962234
0.96284
0.96201
0.962384
0.962279
0.962591
0.962702
0.961864
0.962225
0.962156
0.96333
0.961756
0.963192
0.961432
0.962484
0.961558
0.963244
0.961131
0.962459
0.961725
0.963586
0.963281
0.961882
0.964487
0.961353
0.961191
0.962362
0.961029
0.961734
0.962956
0.962421
0.962632
0.963868
0.961671
0.964552
0.962455
0.962632
0.9622
0.962102
0.963234
0.962027
0.960832
0.962122
0.962861
0.962304
0.964517
0.962796
0.962509
0.961377
0.963408
0.960658
0.960882
0.962621
0.961436
0.962131
0.962153
0.96149
0.962524
0.962373
0.964234
0.961419
0.962498
0.962085
0.962997
0.962679
0.963041
0.96116
0.9633
0.963509
0.963292
0.962629
0.96238
0.962704
0.963039
0.962469
0.961
0.96402
0.96187
0.96207
0.961563
0.96234
0.962155
0.96217
0.960611
0.961156
0.961864
0.962168
0.961954
0.962093
0.961623
0.96292
0.961261
0.961951
0.963448
0.962067
0.962735
0.962575
0.962453
0.96216
0.963283
0.963092
0.96261
0.962567
0.961858
0.963635
0.962547
0.964273
0.961522
0.962495
0.962383
0.961434
0.963352
0.962724
0.962144
0.961826
0.962174
0.963962
0.964714
0.96107
0.962434
0.96055
0.961558
0.962839
0.962278
0.962588
0.963456
0.962802
0.962128
0.962344
0.963015
0.96222
0.963352
0.964257
0.96303
0.963272
0.961179
0.962409
0.962229
0.962259
0.961937
0.964423
0.962745
0.962469
0.962795
0.960939
0.963344
0.962302
0.963612
0.962717
0.961675
0.963423
0.962323
0.964177
0.963436
0.963767
0.963489
0.961418
0.963995
0.962559
0.962907
0.962708
0.963512
0.960496
0.962472
0.962741
0.962507
0.961984
0.963874
0.961172
0.961741
0.961913
0.96085
0.963135
0.962735
0.960874
0.962646
0.962867
0.961085
0.962654
0.963499
0.96318
0.963168
0.962586
0.962496
0.962482
0.96242
0.962316
0.962859
0.965505
0.962841
0.962297
0.962351
0.96366
0.963379
0.962922
0.961559
0.961472
0.960843
0.961745
0.964807
0.961195
0.961539
0.962386
0.963932
0.962217
0.963233
0.96203
0.962562
0.962435
0.961372
0.961345
0.961533
0.961981
0.961081
0.962927
0.962799
0.961585
0.961355
0.963728
0.96171
0.963098
0.963102
0.961929
0.961229
0.963505
0.96192
0.961308
0.961293
0.962725
0.961247
0.962602
0.962788
0.961384
0.961511
0.961984
0.964043
0.961936
0.961762
0.964337
0.963338
0.963684
0.961611
0.962287
0.962604
0.962449
0.964106
0.9625
0.962228
0.963509
0.962419
0.964116
0.960804
0.963472
0.961924
0.963064
0.963241
0.961998
0.962896
0.962419
0.961918
0.962279
0.962254
0.962262
0.962458
0.962777
0.962004
0.966166
0.964348
0.961288
0.961022
0.963641
0.961571
0.962617
0.962678
0.962298
0.962264
0.962594
0.962359
0.9637
0.962613
0.962522
0.96243
0.96273
0.961734
0.962444
0.960592
0.963564
0.962632
0.962257
0.962027
0.963919
0.963219
0.963313
0.962074
0.963331
0.962443
0.96154
0.961341
0.962758
0.962335
0.963254
0.96173
0.962974
0.963794
0.964164
0.961039
0.962018
0.962022
0.961008
0.962294
0.960865
0.962251
0.963364
0.96379
0.963263
0.963002
0.961842
0.962668
0.963796
0.964191
0.962997
0.961297
0.962251
0.962495
0.964691
0.963298
0.962627
0.961022
0.96206
0.962924
0.962245
0.961899
0.963391
0.960855
0.962436
0.964122
0.962359
0.963036
0.962311
0.961981
0.964446
0.963162
0.960962
0.964268
0.963145
0.961732
0.962883
0.962265
0.963474
0.961028
0.96278
0.961384
0.961851
0.962985
0.962696
0.962743
0.961989
0.961754
0.962072
0.963066
0.961579
0.96249
0.961494
0.962999
0.961398
0.964643
0.962533
0.96179
0.961756
0.96249
0.963539
0.964241
0.964252
0.960946
0.963034
0.962656
0.962473
0.962475
0.962054
0.961186
0.963519
0.963733
0.962999
0.96115
0.960968
0.96181
0.963493
0.963099
0.962994
0.962596
0.963557
0.962721
0.96303
0.963508
0.963113
0.959797
0.962339
0.961724
0.960908
0.963391
0.961991
0.962282
0.961605
0.96196
0.960834
0.962818
0.961974
0.962353
0.960602
0.960682
0.963219
0.964657
0.962304
0.963308
0.961947
0.961117
0.962315
0.961332
0.964598
0.96124
0.961042
0.96262
0.964989
0.960757
0.962676
0.961937
0.961206
0.96271
0.962947
0.963269
0.962812
0.961787
0.962432
0.962575
0.962034
0.961083
0.96
0.962016
0.963342
0.960515
0.962554
0.962885
0.962456
0.961832
0.963483
0.963255
0.962207
0.962857
0.962611
0.964438
0.962719
0.961966
0.960272
0.963815
0.962126
0.961572
0.960896
0.962157
0.962846
0.962745
0.963201
0.961878
0.961775
0.961999
0.963177
0.96126
0.961826
0.96318
0.961147
0.962887
0.961982
0.96363
0.96198
0.963508
0.961041
0.961776
0.96229
0.962147
0.963075
0.963536
0.962462
0.961731
0.963067
0.962213
0.961708
0.961211
0.961341
0.96371
0.963856
0.962996
0.961965
0.962574
0.963088
0.96214
0.963271
0.964068
0.962201
0.961819
0.961906
0.962941
0.962548
0.96313
0.961977
0.962765
0.962108
0.962676
0.963014
0.963123
0.963424
0.961665
0.963073
0.96096
0.96216
0.962131
0.96231
0.963601
0.961631
0.96125
0.96226
0.963755
0.962468
0.963115
0.961961
0.960493
0.960907
0.96206
0.96263
0.961878
0.963784
0.963805
0.962068
0.961933
0.963038
0.962852
0.962371
0.963233
0.96143
0.963632
0.962704
0.963103
0.961531
0.961745
0.963977
0.962116
0.962977
0.962151
0.963115
0.963146
0.962608
0.962776
0.963059
0.962224
0.962177
0.96193
0.964056
0.96148
0.96227
0.962098
0.963621
0.961198
0.963558
0.963467
0.962193
0.961783
0.963212
0.962261
0.962332
0.962896
0.962666
0.962856
0.96096
0.962727
0.963118
0.962362
0.96296
0.962171
0.962502
0.964712
0.960834
0.962807
0.961654
0.963468
0.964009
0.961181
0.962905
0.961392
0.961795
0.960284
0.96413
0.961549
0.962746
0.962433
0.962889
0.961655
0.96231
0.961671
0.962852
0.963794
0.962686
0.96328
0.961487
0.961864
0.963398
0.961691
0.96272
0.962288
0.962087
0.961367
0.96084
0.962271
0.961963
0.960914
0.96163
0.962724
0.96195
0.961759
0.962644
0.961476
0.96337
0.961966
0.961301
0.963189
0.96345
0.961432
0.962353
0.963757
0.963129
0.962736
0.963415
0.962768
0.960695
0.963252
0.961728
0.961332
0.961546
0.960826
0.96371
0.962449
0.962226
0.961199
0.961059
0.96163
0.962628
0.963465
0.962623
0.962135
0.963368
0.963081
0.96185
0.962739
0.960837
0.961162
0.960041
0.96218
0.963277
0.963463
0.961815
0.961764
0.962431
0.961711
0.962074
0.961351
0.962536
0.962661
0.962098
0.963565
0.961373
0.962375
0.9621
0.963958
0.961928
0.962243
0.961979
0.962232
0.961565
0.963024
0.964341
0.961943
0.960798
0.964544
0.962641
0.961884
0.96252
0.963604
0.963074
0.962394
0.962349
0.963146
0.96214
0.962764
0.962268
0.961203
0.962238
0.963093
0.96379
0.962715
0.963545
0.962136
0.961167
0.963085
0.962042
0.960904
0.960646
0.96392
0.960803
0.962257
0.962151
0.961298
0.96189
0.96397
0.964054
0.964525
0.96347
0.963203
0.962122
0.963847
0.963016
0.962217
0.964148
0.963071
0.962968
0.962787
0.961593
0.960409
0.961535
0.962511
0.962741
0.963674
0.961716
0.962436
0.963654
0.963411
0.961679
0.960864
0.962792
0.962288
0.962374
0.962813
0.96319
0.963167
0.961897
0.961964
0.96218
0.961757
0.961796
0.964379
0.961267
0.962994
0.963933
0.961601
0.962341
0.962781
0.961361
0.961103
0.962315
0.961394
0.96209
0.964074
0.964236
0.96432
0.962208
0.962279
0.961609
0.962052
0.96058
0.962085
0.961814
0.961566
0.962159
0.963122
0.963672
0.962799
0.96244
0.961604
0.962113
0.962463
0.96435
0.962277
0.960413
0.964181
0.960492
0.963303
0.963849
0.961794
0.96091
0.962149
0.961306
0.963311
0.963065
0.96187
0.964175
0.962787
0.962254
0.962009
0.962726
0.961384
0.962877
0.962745
0.962866
0.961697
0.962333
0.961113
0.961162
0.962399
0.962264
0.963201
0.961969
0.961659
0.963158
0.961844
0.963312
0.962702
0.962136
0.961556
0.960054
0.961821
0.96293
0.962503
0.961991
0.963085
0.960306
0.962718
0.962839
0.96321
0.96109
0.963686
0.963107
0.9622
0.962278
0.962575
0.96122
0.962684
0.963586
0.964111
0.962544
0.962876
0.96194
0.963002
0.962547
0.962497
0.961098
0.963157
0.962841
0.960726
0.962919
0.963518
0.961138
0.962502
0.961527
0.96272
0.962293
0.963079
0.962757
0.96234
0.963313
0.963594
0.96171
0.96266
0.96138
0.962832
0.961124
0.961373
0.964263
0.963017
0.962471
0.961976
0.962012
0.963436
0.961916
0.963052
0.963201
0.961332
0.961568
0.962831
0.960849
0.962143
0.962385
0.96354
0.963392
0.961195
0.961862
0.962379
0.960557
0.964333
0.963492
0.962348
0.960864
0.962579
0.963048
0.964019
0.963519
0.961938
0.963591
0.962076
0.962302
0.96289
0.960268
0.960717
0.961027
0.961886
0.963331
0.961449
0.962177
0.962478
0.96176
0.961782
0.963124
0.96176
0.962805
0.962497
0.962759
0.962069
0.962443
0.962499
0.962865
0.963
0.962329
0.963089
0.962954
0.962439
0.962849
0.963235
0.963267
0.96261
0.962497
0.961677
0.961929
0.961734
0.962051
0.962737
0.962819
0.962523
0.962722
0.960934
0.962811
0.960895
0.962934
0.96301
0.960741
0.961557
0.96202
0.962868
0.961835
0.96261
0.961894
0.961644
0.962839
0.962522
0.962609
0.961455
0.963182
0.963913
0.962612
0.962952
0.963498
0.962116
0.961908
0.963583
0.962666
0.962106
0.961922
0.962667
0.962514
0.962657
0.962524
0.961934
0.961842
0.962102
0.962144
0.963045
0.963133
0.962653
0.964315
0.961156
0.963833
0.962123
0.961797
0.964131
0.962938
0.962035
0.962607
0.961795
0.962661
0.961779
0.963367
0.962795
0.961667
0.960879
0.961798
0.961529
0.96175
0.960454
0.963238
0.96261
0.963907
0.962089
0.963204
0.962889
0.962745
0.962191
0.961974
0.962515
0.962626
0.962581
0.962902
0.962224
0.961804
0.962502
0.963275
0.962385
0.963693
0.960634
0.964255
0.961684
0.962959
0.96162
0.960443
0.961238
0.964695
0.963451
0.962839
0.963186
0.963024
0.96286
0.961258
0.962308
0.963282
0.961859
0.9637
0.962813
0.963251
0.962849
0.961795
0.96288
0.966005
0.961929
0.961556
0.962112
0.964146
0.961396
0.962177
0.961783
0.962062
0.964407
0.962637
0.962467
0.962395
0.962397
0.960992
0.964405
0.962711
0.96269
0.962591
0.961125
0.961441
0.963612
0.960164
0.962154
0.963214
0.962327
0.963576
0.96194
0.961282
0.961919
0.963393
0.96059
0.963648
0.963661
0.963347
0.962379
0.962696
0.962727
0.962367
0.962779
0.961389
0.960898
0.961974
0.961116
0.962339
0.962433
0.961788
0.963645
0.962863
0.962603
0.961589
0.961458
0.961275
0.961743
0.962085
0.962688
0.961605
0.962511
0.963471
0.961474
0.963087
0.962622
0.962275
0.962398
0.963622
0.964616
0.963488
0.962432
0.963557
0.964009
0.962542
0.962204
0.962792
0.962849
0.960642
0.962662
0.963588
0.96277
0.961255
0.962442
0.962612
0.961205
0.963429
0.963921
0.962969
0.961321
0.964686
0.961102
0.962547
0.964193
0.962799
0.962846
0.962737
0.962307
0.962113
0.963221
0.961564
0.962627
0.961045
0.96379
0.961328
0.962107
0.963271
0.963202
0.962788
0.962574
0.962831
0.96122
0.962752
0.962603
0.961796
0.962098
0.963389
0.962616
0.96166
0.96303
0.962058
0.961403
0.963501
0.961339
0.962902
0.964592
0.961751
0.962666
0.964872
0.961612
0.963372
0.960918
0.962552
0.962156
0.962821
0.96203
0.964132
0.964673
0.963289
0.962082
0.962635
0.962005
0.962867
0.961543
0.962246
0.964711
0.964384
0.962826
0.962358
0.962222
0.962966
0.963272
0.962445
0.962059
0.961055
0.962833
0.962078
0.963815
0.961797
0.961911
0.961879
0.961965
0.962287
0.962083
0.962843
0.963119
0.962089
0.961944
0.962459
0.961971
0.962661
0.962089
0.962411
0.961832
0.961688
0.962824
0.961324
0.960949
0.961624
0.963238
0.962552
0.961682
0.963523
0.964138
0.962692
0.96317
0.960097
0.960946
0.960731
0.963789
0.962684
0.960867
0.960825
0.9623
0.960004
0.961969
0.961202
0.963226
0.962917
0.962685
0.962215
0.963064
0.962636
0.962908
0.962653
0.962275
0.962078
0.962526
0.962344
0.963307
0.961513
0.962025
0.962017
0.962469
0.962709
0.960699
0.961079
0.962962
0.963877
0.963183
0.964108
0.962248
0.961982
0.962358
0.964103
0.96317
0.962748
0.96244
0.961858
0.961774
0.962594
0.962652
0.962065
0.962938
0.963834
0.962586
0.963802
0.96291
0.964526
0.962217
0.962436
0.963997
0.965321
0.96352
0.961865
0.96236
0.963012
0.96323
0.962458
0.963127
0.963537
0.963337
0.963627
0.963522
0.960187
0.962884
0.961723
0.961241
0.962989
0.962646
0.960641
0.960545
0.961088
0.961552
0.962519
0.964781
0.962484
0.961005
0.962436
0.962978
0.962327
0.96039
0.962728
0.962581
0.963467
0.960953
0.961931
0.962836
0.963898
0.961472
0.961628
0.964435
0.963209
0.962568
0.963558
0.962143
0.963803
0.961925
0.965111
0.963736
0.961988
0.960974
0.961423
0.962096
0.96097
0.962657
0.962727
0.96121
0.962589
0.962138
0.963536
0.961674
0.962602
0.962447
0.963604
0.961807
0.963448
0.962864
0.961921
0.964387
0.961191
0.961827
0.961842
0.963375
0.961519
0.961104
0.962362
0.962617
0.964041
0.963326
0.961958
0.962494
0.963152
0.962975
0.961785
0.96262
0.961134
0.962719
0.961679
0.961678
0.963193
0.961955
0.962601
0.961084
0.961568
0.961508
0.96172
0.962115
0.963177
0.963005
0.962415
0.964473
0.962614
0.963637
0.961523
0.961819
0.960776
0.962482
0.961053
0.961598
0.963331
0.962481
0.96356
0.963206
0.962884
0.961917
0.962456
0.96225
0.961879
0.960645
0.962063
0.962178
0.960874
0.962839
0.963333
0.961036
0.96267
0.963162
0.962578
0.962054
0.961794
0.963262
0.963682
0.961302
0.961973
0.961166
0.963464
0.962573
0.960632
0.961817
0.96276
0.960833
0.961641
0.961225
0.962789
0.962572
0.960658
0.961674
0.961885
0.964132
0.961832
0.962069
0.963693
0.962226
0.961662
0.963465
0.961448
0.961535
0.963906
0.964334
0.962499
0.963782
0.962766
0.963456
0.961627
0.962444
0.963822
0.960724
0.962891
0.962044
0.962042
0.960797
0.961688
0.963119
0.962361
0.961781
0.96193
0.96308
0.963289
0.962971
0.961568
0.961746
0.963353
0.964064
0.964304
0.964147
0.961882
0.963021
0.964242
0.963713
0.961646
0.961567
0.962861
0.963353
0.962187
0.963603
0.964957
0.962403
0.962007
0.962331
0.962337
0.962997
0.962826
0.9617
0.96141
0.963409
0.962346
0.963698
0.964152
0.961132
0.963013
0.962188
0.962806
0.961216
0.963008
0.96251
0.962279
0.961805
0.964705
0.962899
0.962992
0.963821
0.96218
0.963693
0.964158
0.961794
0.964518
0.962223
0.961861
0.96287
0.963721
0.961504
0.962525
0.960788
0.961253
0.961972
0.962363
0.961759
0.961324
0.960439
0.962849
0.962211
0.963087
0.963179
0.963158
0.961949
0.963149
0.962804
0.962443
0.962025
0.962614
0.962998
0.963469
0.96268
0.962237
0.963692
0.962162
0.961086
0.964075
0.963587
0.962856
0.963351
0.962323
0.962749
0.961478
0.962044
0.962447
0.962402
0.960925
0.959989
0.96205
0.963496
0.962558
0.963433
0.963275
0.963731
0.964212
0.963293
0.962047
0.963884
0.962929
0.962751
0.962828
0.96492
0.962503
0.962022
0.964262
0.964034
0.96435
0.962396
0.96215
0.962041
0.96264
0.962748
0.961901
0.962859
0.964482
0.961172
0.962962
0.960695
0.962162
0.962186
0.963014
0.962326
0.961488
0.963053
0.964368
0.961562
0.961439
0.962896
0.962727
0.960582
0.96187
0.963128
0.962238
0.961965
0.963172
0.963838
0.962401
0.961961
0.964274
0.9631
0.963289
0.962807
0.962106
0.962558
0.963126
0.962158
0.962627
0.961722
0.960757
0.962046
0.962149
0.96227
0.962331
0.961011
0.961808
0.961776
0.963249
0.961983
0.961746
0.961959
0.963604
0.961149
0.963107
0.961325
0.962783
0.963295
0.962721
0.96206
0.960988
0.96295
0.963638
0.9629
0.961404
0.962187
0.96277
0.963482
0.963855
0.96262
0.964153
0.962813
0.960753
0.963732
0.962978
0.96301
0.962607
0.96059
0.962863
0.961467
0.964344
0.96333
0.96257
0.961862
0.962142
0.962807
0.962711
0.963628
0.962004
0.962861
0.961926
0.961737
0.961155
0.960944
0.962371
0.964547
0.962899
0.963813
0.962211
0.963179
0.96415
0.962868
0.961923
0.961878
0.96121
0.961921
0.963525
0.964154
0.962859
0.962092
0.961466
0.96165
0.963061
0.962672
0.962424
0.964116
0.964244
0.961714
0.961314
0.96366
0.963691
0.962333
0.963065
0.96247
0.962815
0.96379
0.962602
0.961895
0.962278
0.965218
0.961971
0.963713
0.96272
0.962317
0.963756
0.962986
0.960266
0.963304
0.961285
0.963321
0.962617
0.964027
0.963436
0.963218
0.962011
0.962541
0.963025
0.964225
0.96245
0.963052
0.96204
0.962101
0.962954
0.961414
0.962481
0.961971
0.962506
0.96198
0.963496
0.962212
0.963406
0.962988
0.961341
0.961264
0.962916
0.964728
0.96198
0.96062
0.961684
0.962058
0.962616
0.962411
0.963075
0.963404
0.962208
0.962709
0.963027
0.962585
0.962847
0.963905
0.963335
0.962467
0.962732
0.962163
0.961302
0.963331
0.96272
0.963247
0.962574
0.964007
0.961467
0.961421
0.962281
0.962513
0.963341
0.962409
0.962416
0.960582
0.96084
0.962142
0.962923
0.96234
0.963464
0.961574
0.963
0.960797
0.961558
0.964492
0.963492
0.964146
0.962088
0.96299
0.962058
0.963197
0.963378
0.96415
0.962158
0.962074
0.96215
0.962532
0.961973
0.962094
0.963351
0.961523
0.962354
0.963659
0.963164
0.963067
0.962511
0.962296
0.964402
0.962435
0.962917
0.961765
0.961078
0.961943
0.961345
0.962542
0.962438
0.962167
0.963342
0.962066
0.96366
0.963088
0.961211
0.960917
0.962562
0.962324
0.962046
0.960912
0.96206
0.962247
0.960764
0.961189
0.963709
0.96255
0.964624
0.96296
0.962151
0.962342
0.961884
0.963227
0.963137
0.962952
0.962201
0.963217
0.961881
0.961967
0.962399
0.961726
0.963155
0.961869
0.962739
0.962371
0.962559
0.960819
0.961929
0.962247
0.963963
0.961617
0.961307
0.962776
0.962161
0.962233
0.963334
0.963191
0.961298
0.962786
0.960567
0.963321
0.961999
0.96069
0.964395
0.962851
0.960408
0.961432
0.962371
0.961918
0.962823
0.964507
0.963438
0.960428
0.96238
0.963653
0.961914
0.962699
0.962718
0.962138
0.961479
0.964283
0.962699
0.961738
0.961441
0.961334
0.963197
0.961554
0.961763
0.962436
0.961186
0.961149
0.963814
0.962176
0.961825
0.963452
0.963731
0.9623
0.962626
0.963409
0.962545
0.961634
0.963628
0.962468
0.963957
0.963721
0.962349
0.961787
0.961479
0.961486
0.960536
0.96181
0.961746
0.963591
0.962332
0.961755
0.962025
0.962146
0.962091
0.962673
0.962401
0.962617
0.962481
0.962664
0.961052
0.962143
0.961866
0.961624
0.962391
0.962688
0.962529
0.962159
0.962108
0.961799
0.962696
0.962576
0.96263
0.962158
0.961587
0.962909
0.962069
0.963504
0.96384
0.96309
0.961792
0.963018
0.963431
0.962597
0.963203
0.961416
0.96218
0.962468
0.962302
0.963713
0.962205
0.962931
0.963322
0.962623
0.961461
0.961234
0.964094
0.962394
0.962386
0.964413
0.962068
0.963953
0.963256
0.96258
0.963581
0.961986
0.962719
0.962393
0.962196
0.96156
0.963416
0.961653
0.961725
0.962172
0.962026
0.962695
0.962583
0.963578
0.962995
0.961639
0.962638
0.961352
0.961202
0.963171
0.960655
0.961043
0.961774
0.962458
0.963319
0.961496
0.962022
0.961304
0.96246
0.960652
0.961374
0.962544
0.962503
0.962399
0.962418
0.962739
0.963606
0.962111
0.962288
0.962513
0.961874
0.96224
0.96115
0.963812
0.96398
0.961481
0.960899
0.961858
0.962687
0.963428
0.963317
0.961542
0.964028
0.961607
0.96256
0.962553
0.962689
0.961367
0.962692
0.963043
0.962143
0.962974
0.963076
0.964168
0.962788
0.96232
0.96197
0.961077
0.961573
0.963276
0.962537
0.962438
0.961835
0.962412
0.962741
0.964902
0.96251
0.962259
0.961534
0.962901
0.960847
0.96279
0.962629
0.963465
0.960779
0.961568
0.963576
0.963252
0.962135
0.963034
0.961815
0.963303
0.963496
0.96241
0.962703
0.963201
0.961665
0.963013
0.961235
0.96315
0.962338
0.962839
0.9628
0.96247
0.963146
0.964724
0.96288
0.960854
0.962106
0.963896
0.961963
0.961234
0.962212
0.962893
0.963103
0.961518
0.962139
0.960656
0.962472
0.962582
0.960654
0.961945
0.963651
0.9628
0.96154
0.962058
0.962092
0.962412
0.964543
0.962565
0.964441
0.961021
0.962045
0.962463
0.963295
0.963265
0.962178
0.961947
0.963778
0.962155
0.961177
0.961252
0.960771
0.962858
0.962236
0.961901
0.962342
0.963121
0.960885
0.961895
0.96364
0.961767
0.962114
0.963515
0.961862
0.961273
0.962451
0.96111
0.959708
0.961932
0.964087
0.962164
0.961158
0.962369
0.962326
0.961044
0.96246
0.962175
0.96165
0.963225
0.960964
0.962452
0.961826
0.962677
0.963089
0.961559
0.96367
0.962559
0.963801
0.962047
0.962891
0.962943
0.962672
0.961949
0.96297
0.961004
0.962496
0.960665
0.961552
0.961663
0.964066
0.96281
0.961961
0.961889
0.964394
0.963534
0.96099
0.96215
0.962181
0.961131
0.96219
0.96083
0.962757
0.963971
0.961224
0.962107
0.962225
0.961821
0.962668
0.963343
0.963255
0.962844
0.96137
0.961351
0.961019
0.962945
0.962561
0.962957
0.961342
0.959979
0.962007
0.961947
0.963619
0.962138
0.963071
0.962331
0.960767
0.963135
0.961974
0.960231
0.962627
0.962706
0.96212
0.961437
0.96281
0.963357
0.963601
0.962243
0.96224
0.964139
0.962924
0.96294
0.963885
0.962389
0.9621
0.961514
0.963421
0.961992
0.961613
0.962205
0.961406
0.963058
0.961791
0.962122
0.963002
0.96442
0.961554
0.961921
0.96173
0.962935
0.962648
0.963166
0.964085
0.963698
0.963756
0.964231
0.962092
0.964101
0.961568
0.961458
0.961282
0.961418
0.962527
0.960244
0.963261
0.962912
0.962881
0.961098
0.961813
0.963517
0.96113
0.961818
0.963847
0.962624
0.962889
0.962381
0.965182
0.962211
0.963774
0.963301
0.96229
0.962095
0.963329
0.962315
0.962644
0.961048
0.963649
0.961956
0.962632
0.962911
0.963777
0.961867
0.961763
0.960407
0.963559
0.962775
0.961846
0.964585
0.962752
0.963297
0.961239
0.96243
0.961809
0.961657
0.962677
0.961162
0.96457
0.964057
0.963573
0.960749
0.961559
0.962592
0.962075
0.962522
0.964128
0.96247
0.961705
0.962344
0.963024
0.962604
0.963215
0.962465
0.964981
0.962626
0.964273
0.961957
0.962587
0.960487
0.961797
0.961574
0.963249
0.962396
0.962329
0.963461
0.96147
0.962514
0.963507
0.962977
0.964606
0.960801
0.961345
0.963116
0.963341
0.961143
0.962077
0.963418
0.963281
0.963989
0.961337
0.961094
0.963533
0.962664
0.962696
0.96395
0.962718
0.961245
0.962243
0.961868
0.961713
0.960933
0.962737
0.963696
0.962167
0.961633
0.963161
0.962576
0.962385
0.964594
0.963971
0.961142
0.961098
0.962713
0.961022
0.962543
0.962891
0.963465
0.961559
0.961945
0.962456
0.962552
0.963966
0.962993
0.962688
0.961238
0.961605
0.96213
0.962973
0.962758
0.963275
0.96129
0.961864
0.963321
0.961298
0.962257
0.963164
0.962549
0.962484
0.963119
0.962993
0.962227
0.962015
0.960702
0.963592
0.962583
0.963212
0.962339
0.963302
0.962701
0.961941
0.962453
0.961214
0.963031
0.963149
0.963336
0.962113
0.961992
0.962724
0.963349
0.961748
0.962448
0.963433
0.963174
0.961547
0.963552
0.963879
0.961313
0.963195
0.963933
0.961739
0.962704
0.963202
0.962842
0.962867
0.962852
0.96273
0.964049
0.962915
0.963783
0.963221
0.963034
0.963375
0.962476
0.962571
0.963861
0.963045
0.964499
0.9612
0.962702
0.962341
0.963539
0.964937
0.962261
0.962174
0.963667
0.960781
0.961655
0.962678
0.963931
0.962765
0.961986
0.963143
0.963525
0.962518
0.961318
0.963998
0.963078
0.960502
0.961579
0.963634
0.962232
0.963967
0.96218
0.961382
0.965361
0.962578
0.96125
0.96086
0.963289
0.961654
0.962959
0.963831
0.963051
0.962675
0.962817
0.962668
0.961461
0.963231
0.962558
0.963876
0.963127
0.962495
0.962994
0.960723
0.962989
0.962348
0.961578
0.961673
0.962924
0.961231
0.963568
0.961128
0.962473
0.962729
0.963122
0.960436
0.963165
0.961394
0.962445
0.963791
0.961915
0.961272
0.96011
0.961606
0.963641
0.96236
0.962896
0.963489
0.961311
0.963587
0.963365
0.963799
0.961085
0.962044
0.962514
0.960046
0.962405
0.963515
0.962095
0.961036
0.96534
0.961995
0.961562
0.962402
0.961398
0.963067
0.962827
0.962968
0.962193
0.963137
0.964037
0.963264
0.963365
0.963423
0.962556
0.96371
0.960994
0.962438
0.963229
0.961874
0.960566
0.963708
0.962047
0.964134
0.962312
0.963463
0.962291
0.961827
0.960247
0.962549
0.962669
0.964043
0.962716
0.962423
0.962067
0.962197
0.962583
0.96416
0.963787
0.963318
0.962593
0.962522
0.96307
0.961485
0.962462
0.962616
0.962928
0.962619
0.961782
0.963709
0.962239
0.962502
0.96154
0.961956
0.961718
0.961866
0.961491
0.962736
0.963546
0.960583
0.962551
0.963144
0.963869
0.962372
0.962694
0.963377
0.96154
0.964491
0.96246
0.963858
0.962463
0.962786
0.963457
0.964367
0.963294
0.96122
0.962737
0.963727
0.962839
0.962477
0.96301
0.962876
0.961459
0.963672
0.9629
0.963113
0.96124
0.963889
0.9632
0.960996
0.962548
0.961262
0.964298
0.962499
0.962414
0.963294
0.961934
0.962019
0.963872
0.961666
0.961031
0.962672
0.960541
0.961706
0.963734
0.963002
0.961613
0.962694
0.964649
0.962566
0.961808
0.962272
0.962279
0.963328
0.961477
0.961891
0.963878
0.963499
0.961453
0.961312
0.96114
0.961683
0.96278
0.962086
0.961613
0.961332
0.96197
0.961338
0.961642
0.961574
0.961634
0.963497
0.963072
0.962795
0.961116
0.961429
0.963808
0.962756
0.961949
0.962124
0.961984
0.965131
0.96085
0.962422
0.964511
0.961563
0.963218
0.963008
0.960942
0.961254
0.962789
0.962522
0.963152
0.962162
0.962729
0.961696
0.963625
0.963468
0.963563
0.962752
0.962325
0.963176
0.960643
0.96151
0.962584
0.962849
0.962496
0.961652
0.962727
0.962906
0.962165
0.961316
0.964647
0.961912
0.96193
0.961438
0.963323
0.961593
0.962961
0.962144
0.964009
0.962493
0.96374
0.959889
0.964231
0.963388
0.96138
0.960936
0.962293
0.962881
0.962434
0.962827
0.962251
0.961265
0.96114
0.962891
0.961456
0.962953
0.963598
0.96124
0.962377
0.961889
0.962636
0.962369
0.964048
0.963127
0.961151
0.962362
0.962919
0.962545
0.964489
0.963371
0.96361
0.962139
0.963422
0.96076
0.961126
0.963454
0.962782
0.963812
0.961596
0.962306
0.963271
0.962701
0.964275
0.963328
0.962905
0.961666
0.963861
0.960607
0.961961
0.962924
0.960964
0.963949
0.962371
0.962839
0.961357
0.963257
0.962498
0.96229
0.962593
0.961985
0.963045
0.9623
0.961767
0.961891
0.961729
0.963993
0.963095
0.960915
0.962501
0.962348
0.961163
0.964414
0.961003
0.963041
0.961895
0.961975
0.962386
0.963573
0.961733
0.963422
0.964362
0.963135
0.962852
0.962466
0.962501
0.962281
0.962528
0.963056
0.964273
0.961535
0.963173
0.963158
0.963738
0.963354
0.962902
0.9615
0.961735
0.961726
0.962478
0.963427
0.961342
0.962166
0.963814
0.963832
0.964014
0.961556
0.963962
0.961967
0.963677
0.963144
0.961963
0.963303
0.963949
0.961625
0.961211
0.961118
0.962699
0.963011
0.961654
0.962334
0.962158
0.96427
0.962566
0.962546
0.961724
0.960918
0.96098
0.963054
0.962324
0.96294
0.962373
0.964032
0.964129
0.96067
0.962201
0.961835
0.961997
0.9628
0.963673
0.961552
0.961827
0.96177
0.961061
0.961779
0.963593
0.962683
0.961746
0.965248
0.962196
0.960315
0.961689
0.9621
0.961312
0.962303
0.962719
0.959832
0.963638
0.962454
0.960752
0.964115
0.962324
0.96239
0.964422
0.963982
0.963457
0.963271
0.962955
0.961876
0.963109
0.961818
0.963772
0.963609
0.961882
0.962488
0.963373
0.964162
0.963086
0.961551
0.963901
0.961861
0.962258
0.96355
0.962534
0.962526
0.963898
0.961128
0.963272
0.962031
0.962682
0.962238
0.961511
0.962672
0.962641
0.963326
0.962761
0.962489
0.964356
0.962649
0.963417
0.962126
0.962543
0.962692
0.961539
0.962645
0.963552
0.962324
0.963716
0.961001
0.960774
0.963478
0.96183
0.963898
0.961869
0.961575
0.962973
0.963262
0.961926
0.964314
0.964302
0.962586
0.96265
0.963794
0.964166
0.962502
0.961037
0.963807
0.96179
0.960271
0.962483
0.963289
0.962662
0.961768
0.961267
0.962458
0.962523
0.961901
0.963052
0.962731
0.963485
0.961876
0.961538
0.9632
0.961577
0.963807
0.959958
0.963386
0.961749
0.963472
0.961776
0.962135
0.961911
0.963722
0.96234
0.963168
0.963062
0.961464
0.963676
0.962907
0.961488
0.96259
0.962727
0.962191
0.963005
0.961091
0.962487
0.962524
0.963005
0.960876
0.962854
0.962176
0.96255
0.962622
0.963986
0.963936
0.96195
0.961304
0.961558
0.963086
0.962518
0.961883
0.962693
0.963206
0.962375
0.963434
0.964102
0.962201
0.964035
0.963719
0.961556
0.964182
0.961541
0.961549
0.962194
0.962697
0.964323
0.961817
0.962715
0.962564
0.964017
0.962079
0.961106
0.963817
0.962014
0.962827
0.962147
0.962529
0.96144
0.963408
0.963036
0.962507
0.962413
0.962126
0.962869
0.963392
0.962264
0.96317
0.963544
0.963436
0.961486
0.962006
0.963354
0.963966
0.961738
0.961272
0.962259
0.961762
0.962407
0.961473
0.959836
0.962731
0.962533
0.962187
0.963904
0.962965
0.961653
0.961459
0.963218
0.962533
0.963525
0.962765
0.962388
0.96225
0.961732
0.96247
0.963863
0.96131
0.963385
0.963704
0.963671
0.962369
0.96226
0.962373
0.962382
0.962239
0.961401
0.960139
0.962707
0.962735
0.960663
0.961961
0.960537
0.962951
0.962142
0.96211
0.961961
0.961056
0.961271
0.963034
0.961355
0.962831
0.96157
0.962489
0.962295
0.96189
0.961626
0.96405
0.962017
0.963314
0.963359
0.962342
0.962618
0.961399
0.962722
0.964194
0.961848
0.961745
0.963401
0.962531
0.962181
0.961763
0.96276
0.962273
0.963302
0.963705
0.95929
0.961866
0.962447
0.961567
0.962086
0.962771
0.962144
0.962362
0.961841
0.963247
0.962847
0.962866
0.961585
0.962139
0.962281
0.96237
0.962486
0.962658
0.963444
0.962953
0.962488
0.962358
0.960967
0.961789
0.96409
0.962714
0.963242
0.960936
0.961791
0.9618
0.961919
0.96353
0.96336
0.961803
0.961912
0.962864
0.961999
0.962139
0.961763
0.961825
0.964903
0.962219
0.960678
0.962704
0.960967
0.962975
0.962474
0.964444
0.962751
0.96366
0.962488
0.963407
0.963424
0.962721
0.962083
0.962903
0.963037
0.960943
0.964626
0.961758
0.963199
0.963211
0.962877
0.962424
0.961063
0.961907
0.963919
0.96367
0.961246
0.963289
0.962327
0.962392
0.962376
0.962267
0.963619
0.962781
0.96285
0.961982
0.962574
0.963286
0.963275
0.962561
0.961904
0.962165
0.962689
0.964047
0.962465
0.963052
0.962812
0.961083
0.961662
0.963895
0.962787
0.96205
0.961874
0.961883
0.962462
0.963126
0.962352
0.961357
0.960263
0.964495
0.962484
0.963046
0.96405
0.961853
0.960557
0.962455
0.960995
0.963254
0.963048
0.961619
0.964185
0.961139
0.963094
0.962485
0.962878
0.962205
0.961472
0.961692
0.961857
0.962659
0.963098
0.963154
0.960955
0.962
0.961135
0.961391
0.962907
0.962434
0.962714
0.96283
0.96241
0.963165
0.963142
0.961286
0.964413
0.96227
0.961366
0.9624
0.961813
0.963103
0.961915
0.962126
0.963177
0.963708
0.961998
0.961822
0.962526
0.963714
0.962462
0.961126
0.963005
0.962838
0.96355
0.963286
0.962319
0.962281
0.962364
0.962923
0.962147
0.961935
0.963142
0.963714
0.962224
0.962495
0.962429
0.961106
0.964678
0.963003
0.964022
0.96246
0.961528
0.961696
0.962533
0.962887
0.964013
0.963435
0.962965
0.961269
0.962086
0.962456
0.961808
0.962208
0.961198
0.962612
0.963875
0.964091
0.963252
0.96208
0.960962
0.963951
0.960824
0.962068
0.963782
0.961322
0.9626
0.962486
0.963135
0.963401
0.960491
0.962871
0.961714
0.96267
0.96211
0.96293
0.962868
0.965575
0.962344
0.961943
0.961064
0.96217
0.962076
0.962415
0.962149
0.964166
0.963828
0.962175
0.962927
0.961625
0.962418
0.962833
0.962582
0.96257
0.96154
0.962578
0.961954
0.960841
0.962842
0.962985
0.961385
0.962524
0.961499
0.961662
0.96179
0.960614
0.962914
0.961337
0.963622
0.962625
0.962112
0.962543
0.961327
0.963081
0.960341
0.96174
0.961003
0.962922
0.961521
0.963085
0.963132
0.961517
0.962271
0.96401
0.963351
0.963188
0.962628
0.96109
0.962463
0.963852
0.963754
0.962154
0.962357
0.962919
0.960651
0.963273
0.962656
0.962434
0.963645
0.962341
0.96416
0.961935
0.96141
0.96192
0.962918
0.961964
0.963507
0.962991
0.963825
0.961238
0.9614
0.962821
0.960831
0.963562
0.964888
0.961503
0.963385
0.961029
0.962834
0.961388
0.96369
0.961512
0.963371
0.962464
0.961565
0.961013
0.962035
0.96185
0.963614
0.963097
0.962366
0.962144
0.962656
0.961857
0.962004
0.963675
0.962347
0.961233
0.963083
0.963256
0.961935
0.962308
0.962276
0.962663
0.961405
0.962978
0.960807
0.962352
0.962693
0.961573
0.961251
0.962245
0.962044
0.9633
0.961745
0.961642
0.962884
0.962493
0.962409
0.962709
0.963137
0.961975
0.962321
0.962586
0.962083
0.960996
0.961559
0.962911
0.9608
0.960137
0.962503
0.962646
0.961996
0.962826
0.961092
0.961637
0.961446
0.962713
0.963377
0.961319
0.961047
0.961568
0.962539
0.964426
0.962419
0.961073
0.961045
0.962609
0.961742
0.963331
0.961867
0.960501
0.961779
0.963116
0.962281
0.962659
0.96295
0.962305
0.961804
0.962423
0.961158
0.962619
0.96024
0.962299
0.963184
0.962661
0.96167
0.962493
0.961768
0.962026
0.962773
0.963491
0.963555
0.960711
0.961589
0.962122
0.964211
0.962361
0.960542
0.961584
0.962127
0.963643
0.961881
0.960857
0.962942
0.96279
0.963177
0.963066
0.96226
0.963466
0.961649
0.962723
0.96371
0.96131
0.96327
0.960871
0.96381
0.961997
0.964832
0.961544
0.963076
0.963607
0.960682
0.961893
0.963555
0.96173
0.962029
0.962501
0.96294
0.961775
0.963664
0.961675
0.962335
0.960722
0.962876
0.963587
0.962812
0.961603
0.96305
0.961454
0.963119
0.962403
0.961736
0.962881
0.963226
0.962301
0.963632
0.960536
0.962274
0.963195
0.961922
0.96358
0.964657
0.962693
0.962663
0.961745
0.961899
0.961871
0.961108
0.961098
0.964523
0.961732
0.961576
0.962084
0.963216
0.961835
0.960779
0.960039
0.96187
0.962479
0.963217
0.962849
0.960507
0.961768
0.962741
0.962502
0.962563
0.962744
0.962552
0.962433
0.96147
0.961049
0.961229
0.963199
0.96227
0.962809
0.96179
0.963321
0.9616
0.962997
0.962149
0.962293
0.96189
0.960917
0.9624
0.962604
0.960072
0.963003
0.962119
0.961965
0.962677
0.96279
0.963828
0.962279
0.961067
0.961844
0.963942
0.962116
0.9647
0.964578
0.962347
0.962341
0.96117
0.962772
0.962491
0.96139
0.963924
0.964008
0.962258
0.96303
0.963134
0.962171
0.963127
0.960948
0.963269
0.962362
0.961645
0.962211
0.963104
0.963621
0.963295
0.961129
0.96249
0.963648
0.963335
0.963145
0.963603
0.961726
0.961805
0.963036
0.963842
0.960875
0.962457
0.964199
0.963995
0.962234
0.961345
0.962499
0.961274
0.962432
0.963394
0.962637
0.961803
0.961445
0.962066
0.962912
0.96177
0.961576
0.962761
0.962055
0.964471
0.961945
0.961637
0.962787
0.963227
0.962354
0.961574
0.962337
0.960995
0.961433
0.963037
0.962252
0.962359
0.961388
0.961541
0.963668
0.963905
0.960843
0.959674
0.963185
0.963541
0.963402
0.961548
0.963021
0.962872
0.962754
0.961409
0.963217
0.959904
0.961763
0.962745
0.962362
0.963213
0.962212
0.964581
0.962447
0.963275
0.96177
0.961347
0.962956
0.961116
0.963265
0.962262
0.962523
0.963162
0.962407
0.961683
0.961934
0.960681
0.961767
0.963807
0.962263
0.962416
0.961468
0.963392
0.962403
0.962246
0.962119
0.963013
0.96208
0.963515
0.962641
0.963281
0.962311
0.961651
0.961904
0.962313
0.962178
0.962421
0.964477
0.962407
0.961633
0.96043
0.961649
0.961515
0.962947
0.96275
0.962995
0.963172
0.963342
0.961444
0.96176
0.96181
0.961766
0.963909
0.96235
0.963051
0.964675
0.962259
0.963393
0.964315
0.963087
0.962818
0.964066
0.963088
0.961199
0.961676
0.963692
0.962813
0.962561
0.961208
0.961138
0.961004
0.961929
0.964829
0.962954
0.963553
0.962207
0.961574
0.962743
0.960829
0.962637
0.961858
0.963041
0.961649
0.961855
0.962097
0.963278
0.962721
0.962063
0.963137
0.96197
0.963321
0.964234
0.9623
0.963458
0.962178
0.964067
0.963247
0.961095
0.962156
0.962761
0.961917
0.961447
0.962791
0.963504
0.962995
0.963015
0.961266
0.964485
0.962575
0.964457
0.962578
0.962948
0.962633
0.962361
0.962746
0.962327
0.962851
0.961176
0.961016
0.963373
0.963684
0.962061
0.963565
0.963476
0.961665
0.965227
0.962319
0.961627
0.961188
0.963907
0.963442
0.964329
0.961341
0.961026
0.96275
0.962503
0.961752
0.963365
0.962118
0.962407
0.962602
0.962342
0.963294
0.962303
0.9624
0.962359
0.963005
0.962735
0.9622
0.961972
0.962372
0.960471
0.961757
0.963286
0.962046
0.963807
0.962624
0.961667
0.96126
0.962526
0.962326
0.962952
0.963293
0.961193
0.962724
0.962794
0.961428
0.961557
0.963105
0.962048
0.963027
0.96257
0.961776
0.963976
0.962103
0.962315
0.964244
0.963837
0.962862
0.962685
0.963196
0.963973
0.96215
0.963673
0.962316
0.961276
0.96284
0.962741
0.960944
0.962129
0.963242
0.961737
0.962922
0.961231
0.963084
0.961001
0.961144
0.963586
0.961676
0.962538
0.961827
0.963357
0.963066
0.962428
0.961752
0.963044
0.962121
0.963436
0.963895
0.961788
0.961963
0.960041
0.962609
0.96211
0.961717
0.959971
0.963067
0.960791
0.962935
0.961402
0.964699
0.960791
0.962014
0.962845
0.96274
0.961977
0.961175
0.964093
0.961691
0.962136
0.964046
0.961718
0.962556
0.96172
0.963744
0.962966
0.961999
0.960475
0.96398
0.963085
0.960238
0.962747
0.961906
0.961818
0.962594
0.963199
0.962533
0.963683
0.962568
0.964803
0.96307
0.963446
0.962831
0.962363
0.9604
0.962916
0.962857
0.962515
0.96252
0.962997
0.964047
0.963632
0.962455
0.962343
0.963064
0.962345
0.963518
0.961695
0.962466
0.962367
0.961772
0.964031
0.96358
0.960916
0.961971
0.961571
0.96222
0.962777
0.963075
0.962047
0.963505
0.961459
0.962689
0.963019
0.962504
0.96258
0.96304
0.962065
0.96314
0.96219
0.961699
0.962614
0.962532
0.961795
0.962364
0.962155
0.964111
0.963155
0.962226
0.963506
0.962332
0.961064
0.962129
0.963204
0.962874
0.961273
0.963255
0.963248
0.962901
0.961493
0.96352
0.961956
0.962454
0.961544
0.962323
0.962832
0.963185
0.961416
0.962369
0.963033
0.963419
0.963853
0.961477
0.961363
0.962133
0.962439
0.962347
0.961384
0.962242
0.962161
0.9637
0.961517
0.963422
0.963362
0.960601
0.962673
0.963229
0.964239
0.961418
0.960909
0.963507
0.96234
0.963518
0.961885
0.962079
0.963508
0.962063
0.962761
0.964387
0.964425
0.962006
0.963429
0.962256
0.961539
0.961692
0.961961
0.962224
0.962386
0.963362
0.960972
0.961918
0.961572
0.963212
0.96358
0.962536
0.962072
0.963487
0.962175
0.963029
0.963628
0.961336
0.96165
0.960642
0.962028
0.962102
0.961516
0.962806
0.964441
0.962166
0.962674
0.9624
0.962533
0.963567
0.963209
0.963685
0.963383
0.961883
0.964053
0.963033
0.963256
0.962022
0.962886
0.962238
0.962685
0.963168
0.961297
0.962691
0.964049
0.962683
0.962225
0.962679
0.96201
0.962748
0.962442
0.962946
0.962632
0.962612
0.96174
0.962526
0.963581
0.962097
0.961848
0.962003
0.961304
0.960891
0.961515
0.962777
0.963395
0.962685
0.963149
0.962025
0.96312
0.962047
0.962991
0.961524
0.960372
0.964086
0.961833
0.963837
0.961507
0.961825
0.961941
0.960923
0.962958
0.96095
0.962091
0.963238
0.962057
0.962653
0.961628
0.96064
0.96113
0.962078
0.962344
0.962048
0.961196
0.961837
0.961661
0.962432
0.962466
0.96484
0.962128
0.962517
0.961802
0.961319
0.961455
0.960838
0.962797
0.962636
0.96189
0.962934
0.96336
0.962959
0.9631
0.961846
0.961615
0.961245
0.96478
0.961911
0.962554
0.962446
0.960991
0.961928
0.963133
0.962536
0.960658
0.96389
0.962456
0.961136
0.963885
0.964297
0.961797
0.962549
0.962557
0.962125
0.962029
0.963476
0.961181
0.961291
0.961761
0.963114
0.963397
0.9636
0.96193
0.963105
0.961403
0.962991
0.961901
0.96343
0.962972
0.962699
0.962679
0.961267
0.961032
0.960622
0.962096
0.964415
0.961486
0.963277
0.963314
0.962244
0.961881
0.962409
0.96222
0.963003
0.962302
0.961956
0.963697
0.962693
0.961142
0.962436
0.963504
0.961446
0.962519
0.962891
0.961609
0.961134
0.963537
0.964313
0.962661
0.962835
0.961487
0.963036
0.962983
0.963895
0.961821
0.96235
0.96371
0.962298
0.961261
0.963559
0.963308
0.962731
0.96232
0.9647
0.963119
0.962391
0.961722
0.960495
0.963585
0.961248
0.96212
0.961949
0.962676
0.963198
0.963175
0.961903
0.960893
0.962407
0.96222
0.96299
0.961694
0.9624
0.961208
0.961417
0.962939
0.963131
0.961891
0.962618
0.962338
0.96197
0.961777
0.96272
0.962814
0.961976
0.96244
0.961507
0.961036
0.962471
0.961815
0.962816
0.96235
0.964556
0.962341
0.963465
0.964709
0.963973
0.962918
0.961827
0.962573
0.962301
0.962139
0.961787
0.96387
0.965292
0.962935
0.960737
0.963009
0.961764
0.962015
0.962206
0.961731
0.963252
0.963843
0.962131
0.96333
0.962396
0.96249
0.961976
0.9624
0.96084
0.962002
0.962129
0.961232
0.963928
0.962621
0.961291
0.961742
0.961175
0.962491
0.962553
0.962097
0.962854
0.961867
0.96338
0.961969
0.962577
0.961508
0.961431
0.961602
0.960365
0.962691
0.962979
0.962009
0.962699
0.964893
0.962323
0.962582
0.961275
0.962643
0.963133
0.961945
0.963464
0.962239
0.965219
0.963672
0.962537
0.963284
0.961342
0.962145
0.962012
0.962952
0.962444
0.964068
0.962359
0.96143
0.96357
0.962014
0.962411
0.962822
0.96327
0.964544
0.961012
0.964034
0.961719
0.96199
0.961765
0.96376
0.963114
0.962707
0.961379
0.962755
0.963304
0.96234
0.96293
0.961742
0.964121
0.963145
0.962333
0.961673
0.96317
0.962827
0.962038
0.963396
0.964344
0.962415
0.962944
0.963127
0.962866
0.963243
0.963461
0.961053
0.962975
0.962365
0.961797
0.963833
0.962149
0.960402
0.961661
0.961955
0.96301
0.96287
0.962634
0.960158
0.962709
0.962989
0.961771
0.963165
0.961944
0.961646
0.962433
0.96399
0.96326
0.962747
0.962572
0.960983
0.962115
0.963047
0.962822
0.961458
0.962394
0.962711
0.963831
0.962342
0.962219
0.963517
0.961804
0.961755
0.963549
0.96347
0.960794
0.962374
0.963484
0.963683
0.962729
0.962909
0.964805
0.963125
0.964062
0.962299
0.963783
0.962615
0.963938
0.96207
0.963232
0.963798
0.96394
0.962509
0.963178
0.960134
0.963501
0.962175
0.963066
0.961134
0.962871
0.962999
0.960978
0.960825
0.96227
0.962419
0.962127
0.963337
0.962811
0.963645
0.962078
0.963232
0.962193
0.964366
0.963082
0.96205
0.961275
0.962085
0.962304
0.96217
0.960585
0.96091
0.962083
0.961027
0.961467
0.962386
0.961957
0.962775
0.963667
0.963308
0.96212
0.961981
0.963164
0.963154
0.963215
0.962402
0.963735
0.963548
0.962168
0.961862
0.960886
0.963325
0.96183
0.96117
0.961675
0.961252
0.962008
0.961912
0.962385
0.962513
0.964223
0.96435
0.962086
0.963451
0.961454
0.962674
0.963309
0.962263
0.962828
0.962337
0.9623
0.961492
0.960325
0.961375
0.960869
0.960401
0.962203
0.963036
0.962816
0.963474
0.963135
0.962727
0.962866
0.961759
0.961906
0.96195
0.961897
0.961799
0.961102
0.96247
0.964307
0.962195
0.962056
0.961596
0.961544
0.961398
0.962675
0.963122
0.961203
0.961969
0.963609
0.96197
0.96186
0.961669
0.961473
0.961527
0.962429
0.96122
0.961688
0.963477
0.964053
0.962109
0.962366
0.963256
0.962859
0.962764
0.963052
0.962307
0.964637
0.962226
0.963111
0.964409
0.961239
0.963813
0.962562
0.96413
0.963296
0.962156
0.961902
0.962287
0.963016
0.962898
0.963228
0.964088
0.962122
0.960542
0.963354
0.962585
0.963589
0.962258
0.96234
0.962377
0.963447
0.963365
0.963069
0.96428
0.96052
0.963285
0.961867
0.961411
0.96237
0.963668
0.963722
0.9622
0.96316
0.961814
0.962918
0.962644
0.961714
0.962665
0.962233
0.962459
0.961669
0.963134
0.961759
0.962671
0.962369
0.962866
0.96248
0.962339
0.962338
0.964271
0.964462
0.963183
0.962281
0.960252
0.962865
0.962923
0.961432
0.962127
0.962097
0.962732
0.961972
0.962056
0.960529
0.960872
0.963371
0.96272
0.964285
0.962977
0.963293
0.961431
0.962472
0.962834
0.961258
0.960202
0.96137
0.961042
0.96306
0.962572
0.963793
0.962554
0.961594
0.961616
0.961867
0.960146
0.962143
0.963177
0.963281
0.962582
0.96297
0.963257
0.964825
0.962411
0.961676
0.96335
0.962186
0.964911
0.960802
0.96206
0.963406
0.962977
0.962912
0.962469
0.961985
0.962073
0.960485
0.963357
0.961873
0.962994
0.96328
0.960795
0.962946
0.962133
0.96371
0.964153
0.96306
0.963507
0.961463
0.960827
0.962506
0.962882
0.962258
0.962566
0.962197
0.962439
0.961876
0.962039
0.961524
0.961266
0.961637
0.961215
0.962698
0.962924
0.963142
0.96221
0.962518
0.962791
0.964169
0.963849
0.960905
0.963438
0.961389
0.962562
0.962373
0.961049
0.962798
0.963912
0.962765
0.962045
0.96309
0.962364
0.961871
0.963617
0.963306
0.963118
0.963091
0.964652
0.961425
0.960954
0.960782
0.962155
0.962958
0.964298
0.962324
0.9621
0.961828
0.964298
0.961496
0.963099
0.961408
0.960808
0.961751
0.963478
0.963064
0.960046
0.962673
0.96158
0.961082
0.963449
0.963342
0.961302
0.962323
0.963356
0.963712
0.962225
0.962846
0.963542
0.961118
0.96337
0.962964
0.963603
0.962574
0.961332
0.962912
0.960516
0.962703
0.962026
0.962011
0.963981
0.962218
0.962408
0.963157
0.963462
0.961042
0.963123
0.963274
0.963114
0.962974
0.964142
0.963114
0.962114
0.961787
0.962266
0.962
0.962859
0.961701
0.962618
0.961507
0.961623
0.962998
0.961302
0.962923
0.962385
0.963404
0.962812
0.962412
0.963073
0.96235
0.961676
0.963582
0.960675
0.962218
0.963577
0.961688
0.963954
0.962215
0.962525
0.962714
0.962848
0.962446
0.960618
0.963261
0.962729
0.96276
0.961036
0.962525
0.963492
0.962906
0.961774
0.961429
0.960749
0.96406
0.962457
0.962947
0.964113
0.96282
0.961233
0.962071
0.962678
0.960089
0.961379
0.962192
0.961965
0.96317
0.962662
0.961058
0.962643
0.963074
0.960383
0.963706
0.96277
0.961774
0.961589
0.96225
0.96374
0.962864
0.961798
0.961867
0.962246
0.964147
0.962358
0.964041
0.961138
0.964127
0.961969
0.962617
0.962027
0.963708
0.961105
0.963085
0.961755
0.962272
0.964094
0.963209
0.963842
0.962162
0.960827
0.963283
0.961991
0.962328
0.962982
0.963983
0.962551
0.9623
0.962929
0.961549
0.9637
0.962699
0.963036
0.962119
0.96376
0.964253
0.963255
0.96187
0.962579
0.963002
0.962711
0.960808
0.9638
0.961654
0.961553
0.961139
0.96409
0.963437
0.961897
0.960646
0.961155
0.962045
0.962087
0.962063
0.962067
0.961589
0.963309
0.9627
0.963023
0.96324
0.963393
0.962173
0.962853
0.963124
0.961348
0.962759
0.962727
0.961928
0.962451
0.960846
0.962834
0.961397
0.962087
0.963625
0.964759
0.962307
0.963356
0.961964
0.961723
0.961913
0.962841
0.963566
0.961935
0.963334
0.96259
0.961137
0.963214
0.961668
0.964179
0.962981
0.963945
0.961281
0.962537
0.962874
0.962036
0.962083
0.962414
0.961928
0.961499
0.962401
0.962252
0.961724
0.962895
0.962981
0.960582
0.962448
0.961199
0.961711
0.96287
0.962438
0.961505
0.962228
0.962299
0.962829
0.962036
0.963681
0.964021
0.962847
0.961381
0.96221
0.962945
0.960174
0.962827
0.961737
0.962627
0.962901
0.963024
0.963303
0.961812
0.963692
0.962053
0.962962
0.962782
0.962395
0.961236
0.963782
0.963811
0.964628
0.96185
0.962201
0.962478
0.962044
0.963008
0.961921
0.960718
0.961132
0.962533
0.962723
0.960948
0.963097
0.962742
0.96251
0.961536
0.962084
0.961721
0.962477
0.963436
0.961242
0.962621
0.963169
0.962284
0.962622
0.962134
0.963868
0.960695
0.963404
0.962707
0.963552
0.962574
0.962402
0.964274
0.961452
0.961329
0.96179
0.963996
0.961195
0.962704
0.962844
0.963583
0.960562
0.962713
0.961208
0.962911
0.962576
0.962967
0.962174
0.963321
0.964181
0.961957
0.962511
0.963384
0.963615
0.962799
0.962459
0.962812
0.963071
0.962259
0.962696
0.961804
0.962689
0.959673
0.961131
0.962916
0.961889
0.963572
0.962154
0.962415
0.961945
0.963032
0.963329
0.962574
0.96335
0.961675
0.963112
0.962537
0.961473
0.96307
0.962667
0.963083
0.963152
0.962764
0.961944
0.962665
0.963084
0.96353
0.962333
0.964718
0.963171
0.963254
0.962372
0.962223
0.96386
0.962082
0.960209
0.963063
0.960605
0.962542
0.961221
0.963674
0.961187
0.961489
0.964129
0.962398
0.964098
0.962034
0.962726
0.961308
0.96324
0.96194
0.963917
0.962276
0.963475
0.961955
0.960915
0.962655
0.961719
0.962532
0.962356
0.964218
0.961439
0.963264
0.960955
0.964703
0.961493
0.96274
0.961647
0.962157
0.961234
0.960771
0.961787
0.961662
0.962739
0.964842
0.962875
0.963198
0.961571
0.962046
0.962777
0.960931
0.962586
0.962381
0.962876
0.961566
0.96287
0.961183
0.963242
0.962657
0.962056
0.962518
0.96264
0.961217
0.963372
0.963017
0.962343
0.962919
0.963069
0.963121
0.961315
0.961204
0.962499
0.963375
0.964003
0.964174
0.963046
0.963038
0.961196
0.96222
0.961961
0.960991
0.961006
0.961547
0.961391
0.962208
0.96084
0.963088
0.962884
0.961586
0.96166
0.960662
0.963669
0.962985
0.962414
0.965659
0.963373
0.960127
0.962253
0.962726
0.964466
0.962821
0.962915
0.963958
0.963085
0.961427
0.963053
0.962947
0.96156
0.961682
0.963568
0.962961
0.960564
0.963414
0.961972
0.961994
0.963819
0.961122
0.963254
0.960192
0.963606
0.962846
0.96219
0.959305
0.961478
0.961566
0.962836
0.963219
0.963652
0.962158
0.963081
0.963475
0.961712
0.961902
0.96339
0.961232
0.961503
0.960527
0.96183
0.962493
0.962941
0.961777
0.961637
0.960732
0.96178
0.962166
0.962483
0.962188
0.961501
0.962522
0.962686
0.961561
0.964384
0.962985
0.961178
0.96352
0.962658
0.961847
0.963045
0.962767
0.962361
0.964102
0.962033
0.962159
0.962739
0.963232
0.96179
0.961106
0.961452
0.962289
0.962832
0.962825
0.960033
0.96286
0.96111
0.962385
0.962062
0.964198
0.963518
0.961288
0.962936
0.962747
0.96184
0.963664
0.961203
0.964573
0.964205
0.962869
0.961115
0.963432
0.962899
0.9616
0.962104
0.961771
0.963422
0.96215
0.962575
0.961335
0.962564
0.961785
0.962007
0.962898
0.962453
0.962001
0.961371
0.96334
0.964085
0.961934
0.96165
0.963564
0.963915
0.963775
0.963369
0.963969
0.963194
0.961171
0.961431
0.962984
0.962328
0.961794
0.963147
0.962044
0.963625
0.96285
0.963185
0.962909
0.962117
0.962665
0.963192
0.961126
0.962213
0.962989
0.962542
0.9615
0.963194
0.962815
0.961429
0.962789
0.962685
0.96312
0.963346
0.96231
0.962949
0.961681
0.964166
0.963154
0.962604
0.961866
0.962551
0.962932
0.961751
0.962203
0.962149
0.962003
0.962844
0.962161
0.964284
0.963609
0.964973
0.962424
0.963076
0.963002
0.961675
0.962118
0.964667
0.96181
0.962925
0.962291
0.963586
0.961921
0.964486
0.962557
0.963214
0.961574
0.963024
0.961987
0.963282
0.962709
0.961866
0.961345
0.964104
0.963708
0.961777
0.960838
0.963762
0.961555
0.96149
0.963349
0.961393
0.96103
0.962416
0.963601
0.964171
0.961325
0.962905
0.962807
0.962582
0.961901
0.96404
0.961358
0.962837
0.963512
0.963225
0.96164
0.960925
0.962068
0.962728
0.962238
0.961242
0.962664
0.961415
0.962479
0.963259
0.963477
0.962517
0.963362
0.962848
0.963224
0.961756
0.960958
0.960271
0.962736
0.962531
0.961811
0.961705
0.962474
0.962164
0.962142
0.964136
0.963431
0.964651
0.962492
0.962574
0.96162
0.962646
0.961547
0.963049
0.961273
0.96086
0.962881
0.96109
0.961994
0.961952
0.963016
0.9628
0.962338
0.960636
0.961576
0.962236
0.961988
0.962606
0.961193
0.963207
0.96413
0.962778
0.962093
0.963128
0.960625
0.96261
0.961315
0.963366
0.962773
0.962358
0.964023
0.963005
0.964356
0.963164
0.963311
0.962265
0.962223
0.961754
0.962952
0.964142
0.961583
0.962335
0.960715
0.96222
0.960913
0.959503
0.962963
0.961669
0.963883
0.963139
0.963289
0.963917
0.962631
0.962782
0.961976
0.96312
0.9629
0.962421
0.963015
0.963618
0.961251
0.963205
0.962131
0.964316
0.964403
0.962591
0.962829
0.962462
0.962783
0.962876
0.961142
0.960831
0.960934
0.962831
0.961731
0.962739
0.96189
0.962863
0.963878
0.961659
0.963437
0.962136
0.962731
0.962148
0.962546
0.96247
0.963638
0.961258
0.96149
0.961678
0.963898
0.962728
0.962107
0.961014
0.963015
0.962721
0.963392
0.962643
0.962643
0.962691
0.963034
0.962122
0.963904
0.962996
0.962172
0.962927
0.961161
0.962843
0.962553
0.960451
0.963807
0.96205
0.962508
0.962311
0.963631
0.961579
0.962355
0.96097
0.962175
0.961333
0.961461
0.962911
0.962902
0.962254
0.961719
0.961518
0.963173
0.962953
0.960873
0.963252
0.962902
0.962636
0.961576
0.962285
0.962209
0.960209
0.964622
0.961591
0.960041
0.96241
0.963492
0.963584
0.963422
0.961101
0.961942
0.961954
0.961543
0.962697
0.962334
0.960468
0.962731
0.962181
0.961973
0.963388
0.962834
0.962194
0.963372
0.960349
0.963723
0.961736
0.962747
0.961715
0.963337
0.963102
0.961767
0.961675
0.960942
0.962661
0.961002
0.961534
0.961355
0.964127
0.961818
0.961891
0.961249
0.961273
0.962189
0.96197
0.963683
0.960538
0.963604
0.961969
0.963091
0.963159
0.962831
0.962462
0.963998
0.962988
0.964106
0.961654
0.961602
0.961842
0.963524
0.960954
0.96091
0.96355
0.962414
0.962167
0.962546
0.963469
0.964166
0.963665
0.960144
0.962703
0.962297
0.962908
0.963346
0.96223
0.962235
0.961716
0.96112
0.96394
0.961036
0.962555
0.963514
0.961883
0.964329
0.961559
0.962578
0.962632
0.961946
0.963688
0.962729
0.96277
0.963292
0.961269
0.960969
0.96457
0.963304
0.962298
0.960141
0.961336
0.963123
0.96209
0.962351
0.962546
0.961575
0.960555
0.962846
0.962486
0.965058
0.961489
0.961005
0.962077
0.96271
0.963073
0.962732
0.96267
0.962374
0.961879
0.962609
0.960796
0.96263
0.964096
0.963714
0.964535
0.963334
0.964015
0.963369
0.962679
0.963622
0.963155
0.961796
0.963447
0.963675
0.96389
0.961458
0.963522
0.962247
0.961354
0.962695
0.962659
0.963356
0.961811
0.962109
0.961838
0.961315
0.962097
0.963604
0.961032
0.961376
0.961369
0.962214
0.961677
0.963951
0.961504
0.962249
0.961186
0.963446
0.963874
0.962211
0.962459
0.961324
0.962612
0.962909
0.96252
0.961033
0.962462
0.96327
0.961975
0.963371
0.963538
0.962799
0.963323
0.961649
0.962891
0.96249
0.963186
0.964278
0.960867
0.961489
0.959618
0.962073
0.96252
0.963352
0.961357
0.961466
0.96249
0.962668
0.962172
0.964118
0.961562
0.963252
0.961688
0.961248
0.962805
0.961088
0.964705
0.961755
0.962673
0.964489
0.962058
0.962247
0.963142
0.962014
0.962329
0.9612
0.963674
0.962101
0.962084
0.962174
0.962924
0.962129
0.961588
0.962312
0.962334
0.963919
0.962882
0.962486
0.962647
0.962033
0.962648
0.963465
0.963904
0.963257
0.959758
0.962933
0.962502
0.962457
0.963621
0.963619
0.964518
0.96115
0.961927
0.964138
0.963167
0.962758
0.960857
0.960255
0.962387
0.96177
0.961163
0.961122
0.962773
0.96151
0.961938
0.962096
0.963867
0.96286
0.962264
0.963233
0.963337
0.96177
0.962259
0.96177
0.962327
0.962873
0.962769
0.962605
0.962616
0.962697
0.961798
0.961713
0.962445
0.9632
0.961766
0.962914
0.962888
0.961481
0.962952
0.96257
0.963063
0.963261
0.963163
0.96146
0.961128
0.962768
0.961571
0.962347
0.963674
0.962492
0.960972
0.960893
0.96221
0.962845
0.962943
0.963657
0.962705
0.96231
0.962282
0.961419
0.96207
0.962314
0.962197
0.964275
0.96377
0.964027
0.961729
0.963427
0.962431
0.962131
0.961404
0.963396
0.963349
0.961755
0.960899
0.963021
0.963128
0.962651
0.961905
0.960763
0.96309
0.961826
0.961037
0.961271
0.963662
0.962636
0.964043
0.962259
0.961799
0.962061
0.963083
0.962129
0.963574
0.963079
0.961202
0.961213
0.96244
0.961354
0.962942
0.963317
0.96252
0.9625
0.962763
0.963016
0.963144
0.963813
0.963449
0.962084
0.962716
0.961425
0.961454
0.962722
0.964844
0.961958
0.962842
0.9622
0.963299
0.96414
0.961382
0.96205
0.963415
0.963243
0.964354
0.96166
0.961385
0.961063
0.961998
0.961689
0.963335
0.961286
0.961943
0.962257
0.963168
0.96125
0.964494
0.961208
0.964376
0.963055
0.962222
0.962983
0.963257
0.963133
0.962835
0.961495
0.962374
0.960823
0.961893
0.960125
0.964212
0.962094
0.96227
0.963156
0.962041
0.961952
0.961108
0.961671
0.961429
0.963662
0.96288
0.961512
0.963289
0.963573
0.963023
0.961847
0.961667
0.962768
0.96365
0.962309
0.963197
0.962401
0.962404
0.963957
0.963361
0.963167
0.963211
0.962288
0.96231
0.962795
0.962753
0.961822
0.963001
0.961197
0.963259
0.961917
0.962051
0.962696
0.962476
0.961994
0.96214
0.96072
0.961304
0.962074
0.961293
0.964391
0.961289
0.962552
0.96378
0.962121
0.963319
0.961281
0.963259
0.962259
0.961273
0.963153
0.962908
0.962898
0.963284
0.965694
0.964323
0.963141
0.962011
0.961341
0.962804
0.962349
0.962747
0.962481
0.962534
0.961836
0.963102
0.961826
0.962478
0.964063
0.96236
0.962135
0.961174
0.963288
0.962087
0.962727
0.962226
0.963585
0.96318
0.961398
0.963247
0.96386
0.963656
0.964041
0.963408
0.963748
0.964006
0.962877
0.962735
0.962238
0.961877
0.963261
0.962277
0.961604
0.962722
0.960222
0.962245
0.96069
0.963095
0.962855
0.962299
0.9619
0.960932
0.962395
0.962835
0.961513
0.963285
0.962174
0.962678
0.961716
0.961839
0.962397
0.963754
0.962257
0.964304
0.961639
0.961589
0.962137
0.961275
0.96287
0.962487
0.961245
0.963611
0.962293
0.961758
0.964788
0.960638
0.961818
0.96222
0.961061
0.962743
0.963053
0.963418
0.96256
0.96343
0.961891
0.962453
0.959881
0.962464
0.963244
0.962233
0.963793
0.96159
0.962476
0.961513
0.962343
0.963629
0.962391
0.9616
0.962462
0.961763
0.963433
0.963241
0.962456
0.963176
0.962711
0.962442
0.962762
0.962021
0.962173
0.962974
0.960634
0.961648
0.96241
0.961603
0.961353
0.95964
0.962259
0.962896
0.965425
0.961309
0.96325
0.96295
0.963286
0.962873
0.963528
0.962216
0.962359
0.962402
0.963098
0.962994
0.96274
0.962731
0.963152
0.961951
0.963908
0.96124
0.961836
0.963691
0.961896
0.962692
0.964388
0.962536
0.964203
0.962664
0.962318
0.962722
0.962984
0.962814
0.963221
0.961939
0.962353
0.962308
0.962757
0.961522
0.961976
0.961884
0.963144
0.963124
0.962737
0.960199
0.960924
0.961352
0.960055
0.962225
0.961703
0.962232
0.960921
0.96065
0.962341
0.961618
0.963901
0.961955
0.963372
0.962702
0.962718
0.961154
0.962378
0.963299
0.962981
0.963705
0.962626
0.961247
0.96227
0.962013
0.962564
0.963537
0.961989
0.961654
0.961627
0.961249
0.961857
0.962773
0.962322
0.963637
0.962107
0.9619
0.964424
0.961796
0.960475
0.962701
0.960115
0.962306
0.963266
0.964085
0.96264
0.962797
0.961926
0.962059
0.96295
0.964232
0.962967
0.962696
0.963889
0.961804
0.962134
0.963192
0.961882
0.962634
0.961343
0.962606
0.963212
0.962479
0.963037
0.962137
0.963469
0.962625
0.962074
0.961217
0.963172
0.963035
0.961928
0.963476
0.962733
0.963002
0.962651
0.962685
0.961293
0.962051
0.962463
0.960936
0.962012
0.96233
0.962354
0.962526
0.963324
0.961996
0.961852
0.961638
0.960921
0.963181
0.962679
0.963422
0.96331
0.962029
0.961163
0.964024
0.962705
0.964058
0.960422
0.961413
0.963652
0.962146
0.964064
0.963229
0.961598
0.961799
0.962952
0.962342
0.96371
0.962331
0.963366
0.961687
0.962864
0.962493
0.963547
0.963587
0.961617
0.962176
0.962643
0.960524
0.961358
0.962166
0.963656
0.963308
0.961882
0.961073
0.962417
0.962911
0.96492
0.963457
0.96171
0.961098
0.962686
0.962197
0.960926
0.961182
0.961669
0.963753
0.960399
0.962183
0.96348
0.962934
0.963604
0.962178
0.962774
0.962366
0.962949
0.961896
0.963322
0.962326
0.962151
0.962606
0.963198
0.963126
0.962909
0.962518
0.962665
0.961781
0.961628
0.961776
0.963324
0.96304
0.962645
0.963168
0.961206
0.962802
0.96471
0.962768
0.961817
0.963493
0.962509
0.962376
0.960777
0.962011
0.963794
0.960337
0.962166
0.964279
0.961144
0.961588
0.962954
0.963063
0.961894
0.96297
0.96337
0.960813
0.961907
0.964453
0.962209
0.961844
0.961744
0.961863
0.963056
0.962543
0.96174
0.963123
0.96352
0.961896
0.961326
0.963423
0.96233
0.961399
0.962627
0.962622
0.96413
0.963037
0.961323
0.962611
0.963123
0.962586
0.96292
0.963117
0.962131
0.961705
0.962905
0.962958
0.96312
0.962645
0.963463
0.961907
0.96249
0.961475
0.96438
0.961629
0.964263
0.960737
0.962031
0.963371
0.962188
0.961821
0.962555
0.962642
0.962463
0.962995
0.963424
0.963909
0.958638
0.962724
0.962686
0.9631
0.963419
0.962253
0.96099
0.962046
0.962949
0.963151
0.961648
0.96293
0.963493
0.963386
0.962268
0.961863
0.963409
0.960897
0.962515
0.964329
0.961806
0.961879
0.962009
0.961072
0.963182
0.96325
0.962833
0.963197
0.961682
0.963133
0.960997
0.963256
0.962918
0.962198
0.962618
0.962034
0.961154
0.963186
0.961657
0.96259
0.961624
0.961675
0.961545
0.961997
0.96256
0.962194
0.96361
0.963751
0.961497
0.962349
0.964276
0.963181
0.962833
0.961317
0.960624
0.962672
0.963437
0.962194
0.962928
0.963548
0.961825
0.961482
0.963695
0.962406
0.963907
0.963715
0.962737
0.96266
0.960119
0.963318
0.963906
0.962363
0.963996
0.962614
0.962222
0.961621
0.962391
0.964281
0.962949
0.961724
0.963012
0.961755
0.962575
0.962438
0.962082
0.96183
0.961323
0.962021
0.96269
0.962791
0.962282
0.96332
0.962644
0.962438
0.961263
0.962101
0.961199
0.961984
0.963788
0.961297
0.96222
0.961678
0.962728
0.962361
0.961372
0.96403
0.962035
0.962801
0.962249
0.961136
0.96261
0.963458
0.962059
0.962611
0.960419
0.963195
0.963726
0.962806
0.962119
0.962394
0.960762
0.961798
0.961614
0.96068
0.96165
0.96256
0.963127
0.963325
0.963939
0.96256
0.962773
0.962924
0.961593
0.961645
0.963579
0.962085
0.962405
0.963417
0.961267
0.962701
0.962691
0.9622
0.96119
0.960609
0.96164
0.961349
0.962352
0.963033
0.963793
0.96069
0.960492
0.96254
0.963469
0.961796
0.963429
0.963236
0.963907
0.962858
0.962954
0.961746
0.964187
0.96124
0.961737
0.963735
0.963179
0.962541
0.96179
0.961997
0.962157
0.962708
0.963743
0.962556
0.963113
0.960776
0.962804
0.962396
0.962203
0.962764
0.961277
0.961778
0.96301
0.964748
0.964171
0.961873
0.962205
0.963326
0.9634
0.963302
0.962166
0.960906
0.961822
0.960403
0.960758
0.960343
0.961049
0.961774
0.961858
0.961753
0.96203
0.963704
0.963768
0.963577
0.961764
0.965183
0.96254
0.963272
0.959677
0.962937
0.963024
0.962634
0.963146
0.961999
0.962519
0.964337
0.961565
0.963455
0.964229
0.962771
0.963145
0.962817
0.96096
0.961792
0.963547
0.960829
0.961168
0.963187
0.961851
0.963041
0.963296
0.961818
0.962738
0.961019
0.962747
0.9648
0.962025
0.962054
0.961061
0.963101
0.962873
0.963287
0.962288
0.961825
0.962521
0.959879
0.961584
0.962549
0.961407
0.961925
0.961941
0.96201
0.962001
0.963273
0.9623
0.963729
0.962755
0.962771
0.961616
0.963895
0.961205
0.962676
0.963084
0.961921
0.963443
0.963231
0.961933
0.962454
0.960898
0.961962
0.963242
0.962962
0.960532
0.963578
0.962178
0.962159
0.963632
0.961791
0.962248
0.962496
0.961487
0.961601
0.962413
0.963329
0.962677
0.960886
0.963217
0.962215
0.962951
0.962999
0.962045
0.960949
0.962051
0.962926
0.961639
0.962457
0.962451
0.963942
0.962453
0.96335
0.962172
0.964557
0.963701
0.961597
0.962947
0.961483
0.96448
0.961877
0.963543
0.963937
0.960704
0.959852
0.963268
0.96217
0.962637
0.964922
0.961333
0.962324
0.962263
0.961304
0.963719
0.961466
0.961914
0.962723
0.962708
0.962664
0.962847
0.961776
0.963057
0.963969
0.962666
0.961876
0.963434
0.963147
0.963121
0.962358
0.96296
0.962008
0.961411
0.959543
0.962757
0.962318
0.962252
0.962885
0.962862
0.962029
0.962098
0.962202
0.961132
0.961332
0.962146
0.961277
0.962484
0.962669
0.961388
0.962407
0.963795
0.962024
0.963163
0.961331
0.961679
0.961476
0.96132
0.963253
0.963292
0.963852
0.962612
0.961567
0.962149
0.962915
0.961876
0.961152
0.962087
0.963134
0.961873
0.962212
0.962717
0.963673
0.961495
0.962915
0.961078
0.963125
0.962136
0.961521
0.960918
0.961622
0.960719
0.962924
0.96342
0.962804
0.963454
0.96336
0.960584
0.962236
0.963454
0.961818
0.963808
0.962687
0.9636
0.964266
0.963785
0.960575
0.96223
0.960967
0.962335
0.960976
0.961476
0.962354
0.961759
0.960921
0.962351
0.961149
0.962845
0.962283
0.961787
0.961987
0.963133
0.960947
0.963944
0.961828
0.963509
0.962719
0.962638
0.96361
0.961192
0.963128
0.962436
0.963041
0.962842
0.961678
0.961765
0.964113
0.962181
0.96184
0.962435
0.962357
0.962928
0.962545
0.963463
0.962966
0.961598
0.963359
0.962731
0.96266
0.961697
0.960802
0.96304
0.961219
0.965216
0.961493
0.962721
0.962108
0.961186
0.96151
0.962388
0.963705
0.961171
0.96055
0.963562
0.960474
0.962464
0.962097
0.962381
0.95954
0.962965
0.960151
0.960969
0.961535
0.960139
0.961957
0.963465
0.963673
0.964224
0.96076
0.962148
0.964543
0.961453
0.961879
0.964574
0.962723
0.962511
0.962057
0.962175
0.962115
0.961158
0.963637
0.962814
0.961105
0.961541
0.962839
0.96304
0.962373
0.961778
0.961934
0.963835
0.961515
0.963531
0.963862
0.963996
0.963914
0.964174
0.962441
0.963268
0.962624
0.963937
0.961918
0.961942
0.962111
0.963151
0.962191
0.962921
0.961527
0.962243
0.962219
0.962818
0.962936
0.963485
0.963536
0.963516
0.960957
0.961393
0.96033
0.96247
0.963921
0.962189
0.961282
0.96154
0.962113
0.960867
0.963102
0.961624
0.963999
0.961881
0.962811
0.961274
0.963827
0.963248
0.962598
0.961449
0.961735
0.962185
0.963422
0.962887
0.962803
0.962846
0.961892
0.962125
0.961201
0.961648
0.962744
0.962491
0.961793
0.962528
0.964544
0.963112
0.961104
0.963168
0.963452
0.963534
0.962204
0.961743
0.963761
0.961531
0.962635
0.963914
0.963183
0.963724
0.962173
0.962179
0.963014
0.961155
0.963482
0.961816
0.962376
0.963252
0.962308
0.962485
0.963362
0.962208
0.961884
0.963664
0.962857
0.961135
0.962069
0.96294
0.964407
0.963029
0.962256
0.961601
0.960257
0.961804
0.962712
0.962037
0.963726
0.963638
0.962616
0.961127
0.963596
0.961186
0.96214
0.963252
0.962811
0.96359
0.962914
0.961206
0.963471
0.961846
0.96437
0.96221
0.963165
0.961336
0.96044
0.962213
0.964486
0.962055
0.960845
0.962958
0.963688
0.962703
0.96095
0.961198
0.963203
0.961938
0.963276
0.962641
0.962271
0.963975
0.963468
0.960834
0.962605
0.962679
0.961815
0.961985
0.961572
0.96295
0.96346
0.961941
0.963832
0.962845
0.961766
0.961756
0.963007
0.962215
0.96224
0.963539
0.96039
0.962025
0.960606
0.963677
0.964902
0.964154
0.962063
0.962121
0.961169
0.962585
0.962695
0.962357
0.962795
0.96139
0.963335
0.964331
0.963695
0.963019
0.963415
0.963545
0.962563
0.961323
0.962359
0.963415
0.962866
0.964249
0.962974
0.962805
0.961934
0.96362
0.963346
0.963358
0.964493
0.961719
0.963073
0.960997
0.964157
0.962099
0.961787
0.96233
0.96342
0.960711
0.961825
0.96287
0.962454
0.963464
0.96248
0.962166
0.963366
0.962546
0.96311
0.962362
0.962321
0.962597
0.963217
0.962035
0.961702
0.961567
0.962766
0.961012
0.961766
0.961717
0.962908
0.961895
0.962048
0.96279
0.962161
0.963032
0.963646
0.963443
0.963039
0.961191
0.963857
0.961522
0.962573
0.964107
0.962424
0.963297
0.961401
0.96334
0.96175
0.960578
0.963432
0.961875
0.962359
0.961305
0.961077
0.963418
0.963662
0.960917
0.962377
0.961169
0.96288
0.963982
0.961646
0.963093
0.961992
0.963697
0.961691
0.96301
0.961898
0.962144
0.961935
0.963068
0.962161
0.961971
0.963087
0.962963
0.963044
0.961413
0.962215
0.963213
0.96211
0.962768
0.96197
0.96221
0.961327
0.960917
0.961559
0.961907
0.963007
0.962007
0.964357
0.963228
0.963902
0.960432
0.962599
0.962677
0.964038
0.962639
0.959449
0.962018
0.960299
0.961776
0.961458
0.961856
0.962598
0.961468
0.964086
0.961143
0.96303
0.962064
0.962131
0.962174
0.961266
0.962365
0.963394
0.962622
0.962363
0.962787
0.961851
0.962561
0.961228
0.963164
0.962114
0.962696
0.963052
0.96332
0.963148
0.962656
0.963155
0.962373
0.962867
0.962236
0.96245
0.962114
0.962016
0.963096
0.96349
0.961561
0.963868
0.96204
0.962617
0.961913
0.962579
0.960977
0.963526
0.962886
0.9626
0.962319
0.961808
0.962197
0.961989
0.962574
0.961088
0.962673
0.96164
0.963327
0.963743
0.962542
0.963776
0.962579
0.961599
0.962122
0.961663
0.961392
