31
85.51 0.730035 1.04726 0.0028316
88.01 0.748648 1.05721 0.0033814
90.5 0.76614 1.05823 0.0030234
93 0.783591 1.06631 0.0031576
95.49 0.799587 1.0713 0.0032811
98.01 0.815697 1.07858 0.0034259
100.5 0.830341 1.08581 0.0035415
103 0.844935 1.08234 0.0036771
105.54 0.858576 1.08639 0.004634
105.54 0.858572 1.10097 0.0046776
108.04 0.871801 1.09782 0.0049789
108.04 0.871784 1.10686 0.0046007
110.51 0.883822 1.10799 0.0048621
110.51 0.883818 1.11289 0.0050117
113.06 0.896041 1.10835 0.0072586
115.56 0.907041 1.11837 0.0048287
115.56 0.907029 1.10841 0.004784
117.95 0.917352 1.1189 0.0049016
120.49 0.927436 1.11688 0.0049946
120.49 0.927475 1.11924 0.0050709
123.08 0.937444 1.13525 0.0066886
125.47 0.945952 1.1379 0.0053541
125.47 0.945946 1.12106 0.0062218
128.02 0.954732 1.1366 0.0054325
128.02 0.954718 1.12942 0.005414
130.55 0.962743 1.13912 0.0055053
132.95 0.97005 1.13538 0.0055933
132.95 0.970049 1.14264 0.0056308
132.95 0.97005 1.14053 0.0056168
135.52 0.977245 1.15084 0.0081188
135.52 0.977231 1.1543 0.0088035
