30
33.01 0.096385 0.967667 0.0045185
33.01 0.096405 0.969263 0.0045517
33.01 0.096403 0.978906 0.0046077
33.01 0.096402 0.966761 0.0045726
33.01 0.0964 0.972346 0.0045543
33.01 0.096404 0.975338 0.0045639
33.01 0.096405 0.976537 0.0045661
33.01 0.096399 0.974024 0.0045642
35.51 0.110004 0.975353 0.0037397
35.51 0.109997 0.969551 0.0037034
35.51 0.109999 0.965018 0.0036534
38 0.124134 0.971794 0.0030754
38 0.124138 0.969607 0.0029962
40.51 0.138677 0.971923 0.0026917
40.51 0.138681 0.968615 0.0026486
42.99 0.153507 0.967819 0.0023029
45.51 0.168762 0.968062 0.0021166
48.01 0.184048 0.963607 0.0021309
50.49 0.199229 0.967916 0.0021614
53.01 0.214841 0.96318 0.002072
55.5 0.230113 0.963869 0.0022236
58 0.245623 0.964845 0.0022822
60.51 0.260796 0.968249 0.0023445
63 0.275886 0.968339 0.0023898
65.49 0.290508 0.967294 0.0024421
68.01 0.305441 0.970718 0.0024626
70.5 0.319488 0.973038 0.0026415
73.01 0.333796 0.977607 0.0027646
75.5 0.347294 0.974638 0.0028255
73.01 0.333795 0.977452 0.00145
