0.82167
0.821652
0.821779
0.821779
0.821697
0.821708
0.821627
0.821744
0.821709
0.821691
0.82169
0.821684
0.821578
0.821672
0.821669
0.821738
0.82167
0.821705
0.821678
0.82176
0.821673
0.821671
0.821633
0.821699
0.821641
0.821831
0.821668
0.821664
0.821785
0.821714
0.821768
0.821797
0.821754
0.82155
0.821578
0.821666
0.82167
0.821608
0.821698
0.821679
0.821756
0.821646
0.821612
0.821645
0.821614
0.821662
0.821763
0.821714
0.82162
0.821633
0.821719
0.821701
0.821717
0.821621
0.821697
0.82158
0.821798
0.821729
0.821697
0.821639
0.821716
0.821567
0.821641
0.821683
0.821681
0.82167
0.821697
0.821694
0.821724
0.821756
0.821556
0.821707
0.821561
0.821484
0.821718
0.82173
0.821683
0.821598
0.821686
0.821654
0.821647
0.821536
0.821632
0.82178
0.82168
0.821615
0.821712
0.821548
0.821736
0.821625
0.821645
0.821727
0.821653
0.821681
0.821703
0.821715
0.821698
0.821674
0.821692
0.821736
0.821645
0.821665
0.821699
0.821644
0.821818
0.821678
0.821669
0.821596
0.821763
0.821758
0.821793
0.821708
0.821737
0.821763
0.82161
0.821564
0.821592
0.821701
0.821665
0.821646
0.821668
0.821762
0.821657
0.821732
0.821663
0.82174
0.821725
0.821677
0.821707
0.821797
0.821665
0.821776
0.821629
0.821691
0.821728
0.821724
0.821673
0.8217
0.821616
0.821622
0.821542
0.821547
0.821535
0.821678
0.821693
0.821724
0.82161
0.821657
0.821664
0.821797
0.821688
0.82166
0.821642
0.821674
0.821658
0.821781
0.821714
0.821702
0.821647
0.821747
0.821711
0.821648
0.821754
0.821722
0.821737
0.821785
0.821691
0.82166
0.821811
0.8216
0.821612
0.821739
0.821562
0.821803
0.821732
0.821701
0.82161
0.821714
0.821704
0.821717
0.821673
0.821654
0.821698
0.821658
0.821621
0.821638
0.821705
0.821774
0.821632
0.821712
0.821663
0.821682
0.821678
0.821792
0.821571
0.821651
0.821635
0.821691
0.821727
0.821586
0.821584
0.821772
0.821653
0.821741
0.821649
0.821714
0.821605
0.82162
0.821674
0.821551
0.821561
0.821599
0.821726
0.821754
0.821813
0.821768
0.8216
0.821702
0.821736
0.821721
0.821654
0.82164
0.821701
0.821631
0.821734
0.821749
0.821647
0.821695
0.821635
0.821704
0.821531
0.821671
0.821744
0.821703
0.821689
0.821711
0.821577
0.821718
0.821619
0.821665
0.821727
0.821686
0.821679
0.821753
0.821681
0.821637
0.821673
0.821646
0.821731
0.821526
0.821707
0.821548
0.821834
0.821613
0.82166
0.821652
0.821811
0.821661
0.821712
0.821661
0.821646
0.821762
0.821691
0.821608
0.821749
0.821771
0.821578
0.821674
0.821612
0.821658
0.821829
0.821693
0.821675
0.821676
0.821818
0.821631
0.821657
0.821768
0.821673
0.821556
0.821724
0.821682
0.821738
0.8217
0.821691
0.821628
0.821724
0.821765
0.821708
0.821645
0.821659
0.821702
0.821671
0.821736
0.821629
0.821699
0.821717
0.821577
0.821689
0.821645
0.821752
0.821669
0.82175
0.821671
0.821687
0.821663
0.821657
0.821678
0.821634
0.821654
0.821665
0.821706
0.821803
0.821696
0.821723
0.821745
0.821663
0.82164
0.821649
0.82167
0.821712
0.821741
0.82162
0.821725
0.821727
0.821578
0.821702
0.821721
0.821683
0.821795
0.821648
0.821629
0.821636
0.821558
0.821605
0.821818
0.821747
0.821636
0.8217
0.821544
0.82169
0.821765
0.821741
0.821736
0.821666
0.821741
0.821725
0.821633
0.82162
0.821701
0.821674
0.821654
0.821675
0.821689
0.82163
0.821725
0.821751
0.82166
0.821688
0.821649
0.821603
0.821599
0.82166
0.821698
0.821636
0.821675
0.82169
0.82166
0.821495
0.821707
0.821603
0.821726
0.821651
0.821641
0.821737
0.821592
0.821685
0.821733
0.821636
0.821702
0.821694
0.821582
0.821557
0.821682
0.821749
0.821693
0.82157
0.821721
0.821599
0.821707
0.821601
0.821665
0.821723
0.821647
0.821673
0.821708
0.821741
0.821674
0.82172
0.821667
0.821713
0.821723
0.821769
0.821755
0.821693
0.821711
0.821659
0.821709
0.821643
0.821689
0.821618
0.821776
0.821627
0.821701
0.821646
0.821593
0.821612
0.8217
0.821641
0.821661
0.821698
0.821807
0.821681
0.821514
0.82158
0.821667
0.821615
0.821646
0.821702
0.821548
0.821738
0.821648
0.821536
0.821731
0.821701
0.821738
0.821679
0.821695
0.821791
0.821599
0.821678
0.821694
0.821622
0.821669
0.821594
0.821741
0.821698
0.821684
0.821649
0.821596
0.82166
0.821706
0.821702
0.821658
0.821741
0.821694
0.821759
0.821746
0.821736
0.821682
0.821602
0.821681
0.821647
0.821644
0.821834
0.821672
0.821683
0.821581
0.821681
0.821678
0.82175
0.821773
0.821639
0.821727
0.821623
0.821667
0.821765
0.821682
0.821665
0.82171
0.821736
0.821718
0.821681
0.821593
0.821762
0.821795
0.821713
0.821672
0.821656
0.821664
0.821586
0.821689
0.821599
0.821773
0.821714
0.821695
0.821711
0.821737
0.82168
0.821633
0.821691
0.821718
0.821731
0.82159
0.821684
0.821636
0.821746
0.821637
0.821666
0.821626
0.821705
0.821705
0.821668
0.821632
0.821689
0.821695
0.821667
0.821711
0.821793
0.821797
0.821648
0.8217
0.821647
0.821645
0.821616
0.821724
0.821662
0.821781
0.821712
0.821559
0.821653
0.821769
0.821618
0.821678
0.821715
0.821623
0.821634
0.821852
0.821718
0.821601
0.821612
0.821733
0.821582
0.821663
0.821637
0.821607
0.82158
0.821664
0.821786
0.821666
0.821617
0.821547
0.821766
0.821576
0.821622
0.821684
0.821678
0.821682
0.821603
0.821757
0.821745
0.821689
0.821732
0.821644
0.821774
0.821626
0.821682
0.821722
0.821758
0.821743
0.821649
0.821703
0.821678
0.821614
0.821692
0.82179
0.82177
0.821691
0.821698
0.821753
0.821612
0.821669
0.821615
0.821756
0.821692
0.821582
0.821672
0.821701
0.821592
0.821629
0.821541
0.82169
0.82171
0.821694
0.821631
0.821782
0.821751
0.821762
0.821695
0.82173
0.821648
0.821672
0.821671
0.821797
0.821649
0.821698
0.821624
0.821677
0.821724
0.821735
0.821605
0.821713
0.82168
0.821683
0.82169
0.821676
0.821728
0.821772
0.821736
0.821746
0.82158
0.82174
0.821709
0.821693
0.821769
0.821734
0.821654
0.821633
0.821762
0.821675
0.821705
0.821663
0.821804
0.821735
0.82179
0.821625
0.821582
0.821552
0.821616
0.821627
0.821783
0.821769
0.821573
0.821641
0.821652
0.821691
0.821717
0.821698
0.821614
0.821631
0.82169
0.821604
0.821678
0.821663
0.821703
0.82167
0.821676
0.821712
0.821688
0.821677
0.821743
0.821706
0.821884
0.821683
0.82163
0.821792
0.821686
0.821674
0.821718
0.821705
0.821578
0.821711
0.821744
0.821732
0.821682
0.821668
0.821728
0.821584
0.821676
0.821743
0.821845
0.82173
0.821728
0.821585
0.821705
0.821617
0.821668
0.821708
0.821714
0.821714
0.821628
0.821681
0.821606
0.821557
0.821667
0.821647
0.821767
0.821647
0.821692
0.821796
0.821701
0.821685
0.821678
0.821764
0.821679
0.821642
0.821732
0.821747
0.821794
0.821639
0.821719
0.821706
0.821688
0.821649
0.821601
0.821682
0.821721
0.821604
0.821655
0.821738
0.821614
0.82174
0.821698
0.82178
0.821858
0.821639
0.821673
0.821627
0.821669
0.821633
0.821792
0.821759
0.821689
0.821773
0.821714
0.821663
0.821662
0.821657
0.821661
0.821668
0.821673
0.821669
0.821698
0.821711
0.82168
0.821628
0.821711
0.821681
0.821784
0.821686
0.821695
0.821625
0.821709
0.821674
0.82176
0.821772
0.821781
0.821701
0.82174
0.821721
0.821718
0.821763
0.821677
0.821741
0.821595
0.821661
0.82178
0.821681
0.821695
0.821767
0.821656
0.821674
0.821693
0.821604
0.82169
0.82168
0.821595
0.821623
0.821643
0.821846
0.821707
0.821549
0.821701
0.821827
0.821613
0.821641
0.821553
0.821554
0.821589
0.821668
0.821639
0.821742
0.821744
0.821746
0.821672
0.821516
0.821644
0.821721
0.821759
0.821637
0.82168
0.821746
0.821772
0.821611
0.821711
0.821707
0.821647
0.821665
0.821803
0.821723
0.821625
0.821755
0.821666
0.821714
0.821691
0.821831
0.821743
0.821728
0.821677
0.821745
0.821712
0.821649
0.821655
0.821651
0.821616
0.821691
0.821641
0.821755
0.821718
0.821681
0.821701
0.821638
0.821588
0.821685
0.821706
0.821661
0.821711
0.821693
0.821696
0.82165
0.82164
0.821614
0.821697
0.821724
0.821693
0.821669
0.821663
0.821662
0.821654
0.821609
0.821587
0.821677
0.821624
0.821671
0.821773
0.821665
0.82165
0.821649
0.821683
0.821609
0.821832
0.821608
0.821528
0.821694
0.82165
0.821633
0.8218
0.821823
0.821642
0.821618
0.82168
0.82157
0.82166
0.821637
0.821692
0.821694
0.821552
0.821777
0.82174
0.82162
0.821803
0.82183
0.821588
0.821648
0.821629
0.821846
0.821652
0.82168
0.821598
0.821634
0.821656
0.821686
0.821713
0.821678
0.821742
0.821819
0.821716
0.821731
0.821618
0.821633
0.821663
0.821747
0.821614
0.821748
0.821581
0.821749
0.821557
0.821705
0.821678
0.821606
0.821688
0.821656
0.821619
0.821583
0.821687
0.821719
0.821639
0.821638
0.82167
0.821733
0.821773
0.821637
0.821528
0.821745
0.821551
0.821698
0.821651
0.821769
0.821626
0.821651
0.821641
0.82164
0.821699
0.821746
0.821671
0.821661
0.82174
0.82176
0.821676
0.821649
0.821674
0.821818
0.821724
0.821656
0.8217
0.821878
0.821675
0.821662
0.821622
0.821644
0.821645
0.821714
0.821604
0.821639
0.821646
0.821791
0.821671
0.821691
0.82174
0.821669
0.821607
0.821693
0.821665
0.821702
0.821856
0.821697
0.821756
0.821667
0.821586
0.821632
0.821574
0.821812
0.821583
0.821686
0.821692
0.82159
0.821639
0.821776
0.821574
0.821739
0.821681
0.821644
0.821668
0.821575
0.821652
0.821705
0.821595
0.821679
0.821811
0.821686
0.821701
0.821749
0.82166
0.821646
0.821543
0.821602
0.821503
0.821693
0.821609
0.821635
0.821643
0.821643
0.821788
0.821631
0.821597
0.821746
0.821837
0.821717
0.821674
0.821703
0.821705
0.821656
0.821825
0.821557
0.821698
0.821734
0.821562
0.821629
0.82166
0.821613
0.821651
0.8218
0.821837
0.82166
0.821785
0.821633
0.8216
0.821562
0.821732
0.821589
0.821659
0.821598
0.821682
0.821601
0.821769
0.821674
0.821656
0.821551
0.821648
0.821622
0.821624
0.821718
0.821723
0.821663
0.821684
0.821722
0.821687
0.821715
0.821689
0.821707
0.821621
0.821706
0.821762
0.821653
0.82169
0.821541
0.821707
0.821612
0.821606
0.821788
0.821735
0.821652
0.821698
0.821702
0.821726
0.82175
0.821715
0.821724
0.821591
0.821707
0.821766
0.821608
0.821665
0.821668
0.821699
0.821594
0.821689
0.821665
0.82166
0.821746
0.821721
0.821639
0.821669
0.821688
0.821613
0.821779
0.821708
0.821694
0.821653
0.821728
0.821725
0.821622
0.821644
0.821727
0.821679
0.821611
0.821707
0.821661
0.821639
0.821601
0.821576
0.821767
0.821667
0.821658
0.821771
0.821717
0.821686
0.821668
0.821675
0.821627
0.82158
0.821634
0.821604
0.821668
0.821715
0.821672
0.821706
0.821666
0.821704
0.821691
0.821795
0.821715
0.821747
0.821671
0.821635
0.8217
0.821563
0.821709
0.821647
0.821693
0.821764
0.821669
0.821557
0.821658
0.821645
0.821672
0.821622
0.821669
0.82167
0.821705
0.821624
0.821643
0.821705
0.821705
0.82165
0.821644
0.821665
0.821663
0.821677
0.821603
0.821713
0.821695
0.821598
0.82164
0.821733
0.821695
0.821725
0.821701
0.821623
0.821583
0.821715
0.821657
0.821674
0.821715
0.82164
0.821658
0.821623
0.821674
0.821589
0.821739
0.821646
0.821759
0.821711
0.821749
0.821708
0.821687
0.82159
0.821648
0.821685
0.821812
0.82159
0.821686
0.821626
0.82164
0.821649
0.821606
0.821576
0.821575
0.821546
0.821625
0.821614
0.821703
0.821743
0.821621
0.821625
0.821684
0.821676
0.821705
0.82168
0.821656
0.821667
0.821618
0.821685
0.821673
0.821653
0.821662
0.821694
0.821656
0.821735
0.821795
0.82156
0.821688
0.821708
0.821739
0.821768
0.821707
0.82166
0.821675
0.821751
0.821721
0.821559
0.821619
0.821635
0.821608
0.821599
0.821669
0.821655
0.82166
0.821714
0.821754
0.821759
0.821644
0.821707
0.821633
0.821623
0.821696
0.82154
0.821709
0.821693
0.821678
0.821712
0.82171
0.821657
0.82168
0.821833
0.821771
0.821626
0.821634
0.821772
0.821736
0.821712
0.821703
0.821695
0.821785
0.821582
0.821578
0.821655
0.821802
0.821709
0.821668
0.821658
0.821684
0.821715
0.821621
0.821737
0.821525
0.821621
0.821796
0.821583
0.821653
0.821667
0.821679
0.821691
0.821667
0.821691
0.821665
0.821608
0.821687
0.821659
0.821681
0.82174
0.821748
0.821669
0.821594
0.821695
0.82163
0.821519
0.821676
0.821698
0.821662
0.821749
0.821701
0.821747
0.821686
0.821689
0.821656
0.821621
0.821664
0.821731
0.821505
0.821612
0.821657
0.82175
0.821773
0.821741
0.821664
0.821747
0.821817
0.821692
0.821651
0.821676
0.821649
0.8216
0.821573
0.82174
0.821765
0.821693
0.82165
0.821659
0.821741
0.821684
0.821622
0.821701
0.821696
0.821656
0.821639
0.821796
0.821692
0.821724
0.821625
0.821775
0.821641
0.821609
0.821663
0.821805
0.82172
0.821613
0.821713
0.821613
0.821742
0.821685
0.821586
0.821702
0.82167
0.821762
0.821696
0.821709
0.821773
0.821736
0.821572
0.821653
0.821737
0.821571
0.821736
0.821746
0.82165
0.821639
0.821764
0.821741
0.821734
0.821683
0.821621
0.821602
0.821701
0.821716
0.821775
0.821761
0.8218
0.821701
0.821632
0.82163
0.821602
0.821632
0.821723
0.82166
0.821779
0.821704
0.821617
0.821712
0.821644
0.821644
0.821673
0.821657
0.821591
0.821641
0.821693
0.821599
0.821646
0.821652
0.821683
0.821575
0.821585
0.821641
0.821654
0.821645
0.821648
0.82175
0.821725
0.821644
0.821627
0.821665
0.82162
0.82164
0.821632
0.821647
0.821657
0.821585
0.821575
0.821693
0.821606
0.821657
0.821718
0.821595
0.821697
0.821648
0.821584
0.821718
0.821639
0.821643
0.821652
0.821801
0.821695
0.821661
0.821761
0.821688
0.821576
0.821645
0.821662
0.821731
0.821611
0.821795
0.821679
0.82169
0.821651
0.821765
0.821782
0.821705
0.821649
0.821734
0.821751
0.821663
0.821727
0.821722
0.821668
0.821696
0.821697
0.821713
0.821637
0.821679
0.821622
0.821634
0.821719
0.821676
0.821626
0.821712
0.821731
0.82162
0.821679
0.821686
0.821717
0.821703
0.821715
0.821622
0.821722
0.821671
0.821688
0.821591
0.821646
0.821655
0.821725
0.821708
0.821661
0.821616
0.821709
0.821612
0.821591
0.821633
0.821653
0.821671
0.821648
0.821616
0.821749
0.821667
0.821718
0.82174
0.821708
0.821643
0.821753
0.821766
0.821536
0.821667
0.821758
0.821613
0.821708
0.821633
0.82161
0.821679
0.821733
0.821744
0.821715
0.821739
0.821686
0.821589
0.821629
0.82159
0.821688
0.821708
0.821678
0.821723
0.82166
0.821712
0.821604
0.821732
0.821608
0.821646
0.82172
0.821601
0.821672
0.821656
0.821646
0.821718
0.821609
0.821589
0.821832
0.821719
0.821749
0.821631
0.821553
0.821693
0.821634
0.8215
0.821647
0.821583
0.821817
0.821744
0.82162
0.821685
0.821746
0.821678
0.821638
0.821709
0.82165
0.821697
0.821702
0.821572
0.821648
0.821745
0.821687
0.821824
0.82173
0.821793
0.821569
0.821769
0.821644
0.821562
0.821718
0.821712
0.821694
0.82171
0.821666
0.821702
0.821535
0.821711
0.821786
0.821693
0.821674
0.821621
0.821774
0.821736
0.821733
0.821657
0.821617
0.82169
0.821695
0.821705
0.821667
0.821788
0.82168
0.82177
0.821783
0.821736
0.821623
0.821679
0.821635
0.821622
0.821663
0.821642
0.821588
0.821734
0.821603
0.821673
0.821604
0.821755
0.821649
0.821586
0.821701
0.821636
0.821641
0.821731
0.821697
0.821697
0.821684
0.821677
0.821682
0.821701
0.821684
0.821683
0.821718
0.821696
0.821771
0.821721
0.821706
0.821677
0.821684
0.821755
0.821689
0.821656
0.82161
0.821596
0.821721
0.821691
0.821723
0.821781
0.821656
0.821633
0.82168
0.821667
0.821803
0.821712
0.821652
0.821709
0.821702
0.821585
0.82169
0.821632
0.821716
0.821735
0.821635
0.821677
0.821646
0.82167
0.821638
0.821682
0.821753
0.821729
0.821644
0.821663
0.821678
0.821854
0.821586
0.821712
0.821747
0.82177
0.821654
0.821801
0.821669
0.821699
0.821614
0.821577
0.821647
0.821725
0.821671
0.821553
0.821635
0.821708
0.821768
0.821637
0.821791
0.821772
0.821626
0.821635
0.821659
0.82164
0.821559
0.821536
0.821691
0.821728
0.821761
0.82166
0.82165
0.821624
0.821639
0.821666
0.821658
0.821898
0.82169
0.821631
0.821718
0.821708
0.821702
0.821739
0.821725
0.821672
0.821714
0.821598
0.821726
0.821619
0.82165
0.821761
0.821734
0.821772
0.821711
0.821631
0.821728
0.821699
0.821675
0.821649
0.821645
0.821688
0.821652
0.821698
0.821586
0.821636
0.821639
0.821765
0.821697
0.821698
0.821709
0.821682
0.821738
0.821692
0.821595
0.821707
0.821693
0.8216
0.821635
0.8217
0.821585
0.821768
0.821672
0.821589
0.821722
0.82159
0.821652
0.821652
0.821693
0.821746
0.821671
0.821658
0.82179
0.821764
0.82171
0.821755
0.821786
0.821697
0.821682
0.821655
0.821723
0.82161
0.821613
0.821651
0.821729
0.821607
0.821726
0.821692
0.82174
0.821756
0.821614
0.821526
0.821776
0.821758
0.821742
0.821597
0.821606
0.821595
0.82183
0.821613
0.821639
0.821709
0.821735
0.821751
0.821688
0.821683
0.821518
0.821667
0.821609
0.821576
0.821669
0.821685
0.821658
0.82175
0.821749
0.821741
0.821696
0.821688
0.821652
0.821664
0.821773
0.821612
0.821715
0.821698
0.821683
0.821618
0.82163
0.821602
0.821725
0.821736
0.821674
0.821585
0.821519
0.821683
0.821773
0.821567
0.821713
0.821695
0.821695
0.821613
0.821736
0.821671
0.821589
0.821712
0.821588
0.821798
0.821643
0.821671
0.821722
0.821653
0.821698
0.821807
0.821657
0.821607
0.821731
0.821698
0.821666
0.821715
0.821697
0.821631
0.82177
0.821796
0.821704
0.821795
0.821642
0.821585
0.821695
0.82162
0.82172
0.82166
0.821714
0.821786
0.821617
0.821654
0.821744
0.821695
0.821602
0.821694
0.821782
0.821697
0.821624
0.821793
0.821727
0.821731
0.821694
0.821617
0.821708
0.821641
0.821818
0.82165
0.821659
0.821634
0.821665
0.821715
0.821675
0.821828
0.82174
0.82169
0.821724
0.821748
0.821686
0.821612
0.821654
0.82157
0.821739
0.821823
0.821681
0.821701
0.82162
0.821662
0.821609
0.821777
0.821575
0.82174
0.821584
0.821674
0.821764
0.821731
0.821678
0.821669
0.821753
0.821689
0.821672
0.821719
0.821726
0.82172
0.821715
0.82164
0.821672
0.821596
0.821637
0.821765
0.821776
0.821606
0.821596
0.821706
0.82174
0.821807
0.821811
0.821692
0.821717
0.821689
0.821629
0.821784
0.821702
0.821602
0.821709
0.82163
0.821621
0.82167
0.821738
0.821779
0.821737
0.821698
0.821617
0.821772
0.821649
0.821715
0.821589
0.821669
0.821739
0.821557
0.821668
0.821729
0.821654
0.821721
0.821764
0.821695
0.821686
0.821646
0.821711
0.821602
0.821591
0.821701
0.821736
0.821713
0.821782
0.821798
0.821665
0.8217
0.82164
0.821677
0.821677
0.821757
0.821732
0.821694
0.821543
0.821656
0.82169
0.821682
0.821667
0.821779
0.821653
0.821668
0.821662
0.821667
0.821622
0.821515
0.821643
0.821656
0.821717
0.821677
0.82166
0.821636
0.8217
0.82173
0.821695
0.821704
0.821651
0.821645
0.821562
0.821662
0.821705
0.821702
0.821683
0.821736
0.821708
0.821706
0.821742
0.821697
0.82167
0.82171
0.821675
0.821653
0.821658
0.821692
0.821491
0.821687
0.821615
0.821657
0.821702
0.821699
0.821698
0.821668
0.821666
0.821656
0.821595
0.821618
0.821677
0.821697
0.821856
0.821697
0.82181
0.821679
0.821639
0.821602
0.821621
0.82174
0.821685
0.821707
0.821774
0.821649
0.821596
0.821739
0.821627
0.821633
0.821593
0.821782
0.821593
0.821549
0.8218
0.821685
0.82162
0.821664
0.821724
0.821687
0.821741
0.821685
0.821615
0.821607
0.821575
0.821688
0.821586
0.821634
0.821634
0.821637
0.821652
0.821857
0.821679
0.821546
0.821679
0.821728
0.82166
0.821603
0.821749
0.821642
0.821669
0.821711
0.821812
0.82169
0.821644
0.821625
0.821567
0.821734
0.821783
0.821563
0.821552
0.821749
0.821753
0.821727
0.821778
0.821658
0.821803
0.821581
0.821725
0.821654
0.821652
0.82162
0.821659
0.821592
0.821626
0.821633
0.821706
0.821642
0.821727
0.821764
0.821664
0.821758
0.821742
0.821656
0.821734
0.821666
0.821618
0.821649
0.821572
0.821654
0.821638
0.821604
0.821567
0.82168
0.821783
0.821646
0.821691
0.821696
0.821682
0.821694
0.8217
0.821677
0.821718
0.821601
0.821567
0.821599
0.821529
0.821714
0.821728
0.821725
0.82162
0.821739
0.821741
0.821532
0.821641
0.821611
0.821707
0.821779
0.821771
0.821638
0.821635
0.821644
0.821694
0.821663
0.821697
0.821603
0.8218
0.821783
0.821675
0.821642
0.82166
0.821693
0.821626
0.821604
0.821704
0.821666
0.82169
0.821653
0.821632
0.821588
0.821671
0.821657
0.82186
0.821697
0.82165
0.821714
0.821709
0.821687
0.821776
0.821682
0.821718
0.821696
0.821726
0.821593
0.821728
0.82168
0.821664
0.8216
0.821738
0.821611
0.821703
0.821642
0.821671
0.821628
0.821744
0.82166
0.821695
0.821696
0.821598
0.821743
0.821634
0.821641
0.821667
0.821703
0.821645
0.82178
0.821772
0.821589
0.8217
0.821853
0.821698
0.821673
0.821707
0.821639
0.82163
0.821763
0.821695
0.821631
0.821665
0.821688
0.821708
0.821703
0.821639
0.821679
0.821593
0.821638
0.821648
0.821795
0.821653
0.821637
0.821634
0.821771
0.821704
0.821669
0.821703
0.821628
0.821652
0.821625
0.821783
0.821736
0.82171
0.821656
0.821766
0.821733
0.821688
0.821608
0.821672
0.821735
0.82164
0.821633
0.821655
0.821675
0.821776
0.821567
0.821662
0.821664
0.821763
0.821781
0.821722
0.821635
0.821682
0.82169
0.821584
0.821762
0.821589
0.821653
0.821668
0.821544
0.8217
0.821633
0.821647
0.821638
0.821638
0.821755
0.821734
0.821665
0.821707
0.821726
0.821725
0.821661
0.821643
0.821825
0.821668
0.821651
0.821761
0.821646
0.821707
0.821726
0.821671
0.821698
0.821631
0.821717
0.821759
0.821742
0.821745
0.821753
0.821738
0.821696
0.821669
0.821655
0.82164
0.821673
0.821596
0.821628
0.821774
0.821693
0.821691
0.821718
0.821805
0.82169
0.82175
0.821782
0.821715
0.821682
0.821686
0.821788
0.821718
0.821801
0.82165
0.821673
0.8216
0.821702
0.82172
0.821637
0.821693
0.821694
0.821649
0.821728
0.821706
0.821665
0.821717
0.821745
0.821651
0.821709
0.821705
0.821676
0.821621
0.821697
0.821752
0.821713
0.821678
0.821732
0.821719
0.821653
0.821604
0.821801
0.821696
0.821663
0.821599
0.821681
0.821623
0.82179
0.821664
0.82153
0.821653
0.821453
0.821627
0.821769
0.821528
0.821696
0.821606
0.821675
0.821664
0.82168
0.82166
0.821746
0.821744
0.821665
0.821681
0.821643
0.821696
0.821737
0.821641
0.821604
0.821732
0.821638
0.82174
0.821752
0.821721
0.82163
0.821676
0.821729
0.821646
0.821611
0.82168
0.821703
0.821671
0.821626
0.821669
0.821711
0.821641
0.821668
0.821621
0.82161
0.82163
0.821654
0.821677
0.821732
0.821583
0.821528
0.821578
0.821701
0.821687
0.821685
0.821664
0.821727
0.821703
0.821651
0.821748
0.82164
0.821629
0.82168
0.821755
0.821748
0.821647
0.821679
0.821607
0.821596
0.821775
0.82168
0.821704
0.821781
0.821683
0.821653
0.821711
0.821675
0.821603
0.821673
0.821745
0.821743
0.821608
0.82162
0.82159
0.821599
0.821725
0.821645
0.821583
0.821706
0.821754
0.821821
0.821601
0.82162
0.821619
0.821663
0.821706
0.82175
0.82171
0.821758
0.821675
0.821634
0.821692
0.821659
0.821652
0.821696
0.821628
0.821779
0.821783
0.821675
0.821706
0.821681
0.821547
0.82179
0.821674
0.821609
0.82162
0.821573
0.821701
0.821602
0.821564
0.821679
0.821667
0.821616
0.821667
0.82165
0.821768
0.821717
0.821712
0.821689
0.821713
0.821728
0.821699
0.821734
0.821545
0.821583
0.821661
0.821725
0.821594
0.821743
0.821603
0.821617
0.821651
0.821633
0.821649
0.821587
0.821745
0.821706
0.821578
0.821608
0.821704
0.821664
0.821679
0.821616
0.821817
0.821736
0.821571
0.821598
0.821654
0.821742
0.821704
0.821745
0.821657
0.821576
0.821591
0.821678
0.821772
0.821717
0.821765
0.821599
0.821517
0.82165
0.821654
0.821636
0.821631
0.821683
0.821732
0.821709
0.821643
0.821665
0.821588
0.82169
0.821651
0.8217
0.821654
0.821638
0.821746
0.821595
0.821738
0.821611
0.821662
0.821695
0.821682
0.82162
0.821625
0.821658
0.821795
0.821652
0.821715
0.821707
0.821611
0.821655
0.821724
0.82165
0.821658
0.821623
0.821636
0.8217
0.821707
0.82173
0.821726
0.821744
0.821599
0.821671
0.821664
0.821617
0.821638
0.821751
0.821698
0.821588
0.821743
0.821799
0.821639
0.821692
0.821624
0.821727
0.821721
0.821788
0.821696
0.821643
0.821654
0.821695
0.821649
0.821623
0.821654
0.821656
0.821685
0.821685
0.821723
0.821709
0.821669
0.821459
0.821677
0.821781
0.821696
0.821661
0.821529
0.821678
0.821699
0.821754
0.821743
0.821595
0.821668
0.821617
0.821689
0.821753
0.821621
0.821658
0.821587
0.82179
0.821652
0.82158
0.821709
0.821703
0.821703
0.821624
0.821675
0.821625
0.821695
0.821635
0.821613
0.821666
0.821666
0.821736
0.821619
0.821721
0.821814
0.821652
0.821741
0.821661
0.821614
0.821776
0.821585
0.821658
0.821693
0.821668
0.821665
0.821756
0.821741
0.821721
0.821604
0.821731
0.821623
0.82164
0.82165
0.82172
0.82177
0.821677
0.821679
0.821741
0.82166
0.821836
0.821671
0.821667
0.821793
0.821633
0.821779
0.82157
0.821622
0.821636
0.821707
0.821666
0.821761
0.82175
0.821725
0.821759
0.821513
0.821736
0.821636
0.821725
0.821623
0.821712
0.821642
0.82171
0.8217
0.821613
0.821743
0.821685
0.821691
0.821699
0.821645
0.821691
0.821716
0.821669
0.821627
0.821715
0.821722
0.821612
0.821762
0.821813
0.821756
0.821775
0.821675
0.821756
0.821643
0.821581
0.821649
0.821619
0.821703
0.8216
0.821724
0.821669
0.821665
0.821704
0.821641
0.821661
0.821715
0.821714
0.821701
0.821628
0.821704
0.821653
0.821604
0.821624
0.821715
0.821774
0.82167
0.821725
0.821723
0.821651
0.821673
0.821656
0.821548
0.821728
0.821663
0.821713
0.821744
0.821602
0.821651
0.821601
0.821736
0.821614
0.821751
0.821669
0.821813
0.82171
0.821591
0.821696
0.821759
0.821614
0.821677
0.821655
0.821699
0.821644
0.821733
0.821621
0.82163
0.821575
0.821717
0.821659
0.821629
0.821672
0.821616
0.821585
0.821746
0.821672
0.821713
0.821615
0.821654
0.821566
0.821611
0.821675
0.821589
0.821646
0.821663
0.821727
0.821723
0.821713
0.821641
0.8217
0.82165
0.821688
0.82166
0.821701
0.821766
0.82172
0.821611
0.821563
0.821641
0.821747
0.82173
0.821675
0.82169
0.821611
0.821694
0.821699
0.821618
0.821732
0.821596
0.821742
0.821652
0.821696
0.821659
0.821615
0.82171
0.82168
0.821698
0.82163
0.821599
0.821743
0.821656
0.8217
0.821748
0.821706
0.821724
0.821645
0.821741
0.821712
0.821649
0.821729
0.82167
0.821731
0.82169
0.82167
0.821683
0.821723
0.821647
0.821621
0.821835
0.821783
0.821651
0.821698
0.821621
0.821749
0.821621
0.821693
0.821704
0.821564
0.821709
0.82167
0.821728
0.821652
0.821757
0.821614
0.821694
0.821618
0.821659
0.82167
0.821681
0.821671
0.821646
0.821739
0.821694
0.821649
0.821634
0.821586
0.821606
0.821711
0.821616
0.821663
0.821762
0.821677
0.821734
0.821662
0.821643
0.8217
0.821719
0.821712
0.821715
0.821668
0.821635
0.821738
0.82173
0.821605
0.8217
0.821603
0.821657
0.821694
0.821704
0.82158
0.821747
0.821571
0.821655
0.821686
0.821808
0.821744
0.821704
0.821554
0.82171
0.821593
0.82177
0.821572
0.821683
0.821758
0.821711
0.821763
0.821628
0.821734
0.821629
0.821786
0.821724
0.821694
0.821568
0.821677
0.821669
0.821588
0.821641
0.821703
0.821678
0.821719
0.82171
0.821573
0.821749
0.821575
0.821689
0.821649
0.821671
0.821678
0.821718
0.821709
0.82169
0.821722
0.821642
0.821627
0.821628
0.821617
0.821572
0.821618
0.821625
0.821695
0.821688
0.821714
0.821578
0.821714
0.821765
0.821615
0.821545
0.821701
0.821588
0.821651
0.821776
0.821659
0.821714
0.821609
0.821653
0.821819
0.82169
0.821777
0.821762
0.821551
0.821622
0.821634
0.821699
0.821627
0.821645
0.821673
0.821636
0.821666
0.821747
0.821807
0.821741
0.821587
0.821686
0.821674
0.821738
0.821726
0.821717
0.821608
0.821595
0.821801
0.821774
0.821652
0.821814
0.821667
0.82172
0.821786
0.821667
0.821668
0.821699
0.821627
0.821657
0.821734
0.821614
0.821716
0.821786
0.821786
0.821636
0.821671
0.821677
0.821637
0.821758
0.82165
0.821599
0.821728
0.82168
0.821601
0.821625
0.821694
0.821792
0.821686
0.821733
0.82155
0.821777
0.821746
0.821626
0.821599
0.821661
0.821654
0.821791
0.821636
0.821729
0.821664
0.821673
0.821618
0.821632
0.8217
0.821658
0.821614
0.821779
0.821635
0.821657
0.821706
0.821705
0.821761
0.821691
0.821671
0.821694
0.821623
0.821707
0.821662
0.821586
0.821612
0.821714
0.821627
0.82172
0.821655
0.821725
0.821756
0.821654
0.821715
0.821665
0.821646
0.821693
0.821609
0.82177
0.821632
0.821687
0.821726
0.821724
0.821599
0.821736
0.82162
0.821753
0.821734
0.821704
0.821643
0.821749
0.821684
0.821653
0.821668
0.821733
0.821687
0.821679
0.821823
0.82167
0.821665
0.821647
0.821583
0.821672
0.821661
0.821755
0.821679
0.821639
0.821681
0.821822
0.82165
0.821685
0.821697
0.821763
0.821639
0.821742
0.821568
0.821711
0.821648
0.821686
0.821708
0.821827
0.821675
0.821735
0.821722
0.82164
0.821726
0.821657
0.821659
0.821615
0.821632
0.821674
0.821671
0.821684
0.821673
0.821671
0.82174
0.821673
0.821616
0.821772
0.821693
0.821593
0.821702
0.821653
0.821725
0.821692
0.821635
0.821623
0.821687
0.821632
0.821753
0.821599
0.82167
0.82169
0.821697
0.821723
0.821633
0.821686
0.821633
0.821716
0.821733
0.821671
0.821737
0.821654
0.821598
0.821775
0.821667
0.821701
0.821709
0.821594
0.821625
0.821678
0.821709
0.821621
0.821693
0.821621
0.821761
0.821722
0.821662
0.82173
0.821741
0.821738
0.821739
0.821591
0.821695
0.821613
0.821663
0.821623
0.82172
0.821754
0.821695
0.821773
0.821751
0.821676
0.821673
0.821792
0.821717
0.821741
0.821726
0.821718
0.821719
0.821675
0.821654
0.821743
0.821678
0.821717
0.821723
0.821782
0.821642
0.821665
0.821701
0.821658
0.821622
0.821651
0.821784
0.821597
0.821732
0.821639
0.821696
0.82168
0.821746
0.821748
0.821827
0.821749
0.821669
0.821805
0.821729
0.821601
0.821634
0.821688
0.821574
0.821669
0.821663
0.821639
0.821749
0.821647
0.821657
0.821732
0.821607
0.821675
0.82166
0.821707
0.821712
0.821673
0.821751
0.821682
0.821584
0.821676
0.82165
0.821702
0.821617
0.821655
0.821719
0.821679
0.821692
0.821751
0.821686
0.821665
0.821678
0.821667
0.821685
0.821594
0.821599
0.821678
0.8216
0.821628
0.82175
0.821588
0.821699
0.821681
0.821617
0.821686
0.821758
0.821685
0.821758
0.821642
0.82171
0.82166
0.821692
0.821724
0.821694
0.821801
0.821668
0.821693
0.821696
0.821709
0.821828
0.821647
0.821636
0.821736
0.821817
0.821628
0.821677
0.821725
0.821719
0.821627
0.821693
0.821672
0.821601
0.821808
0.821702
0.821594
0.821758
0.82165
0.821631
0.821626
0.821607
0.821764
0.821735
0.821653
0.821715
0.821601
0.821643
0.821589
0.821699
0.821645
0.821626
0.821656
0.821589
0.821566
0.821671
0.821635
0.821686
0.821632
0.82169
0.821657
0.821609
0.821731
0.821836
0.821615
0.821781
0.8217
0.821741
0.821665
0.821703
0.821719
0.821752
0.821717
0.821668
0.821747
0.821624
0.821681
0.821701
0.821687
0.821659
0.821695
0.82163
0.821582
0.821683
0.821598
0.821742
0.821687
0.82167
0.821628
0.821788
0.821614
0.821789
0.821653
0.821637
0.821667
0.821685
0.821753
0.821715
0.821745
0.821614
0.821767
0.821768
0.821608
0.821732
0.821736
0.821731
0.821657
0.821799
0.821634
0.82167
0.821587
0.821646
0.821723
0.821684
0.821783
0.821635
0.82163
0.821701
0.821675
0.821657
0.821661
0.821703
0.821722
0.821635
0.821687
0.821653
0.821642
0.821686
0.82165
0.821737
0.821803
0.821722
0.821707
0.82169
0.821709
0.821531
0.821568
0.82168
0.821769
0.821644
0.821606
0.821705
0.821662
0.821687
0.821716
0.821669
0.82173
0.821675
0.821688
0.821635
0.821761
0.82172
0.821811
0.821818
0.821727
0.821688
0.821564
0.821569
0.82177
0.821678
0.821633
0.821625
0.821593
0.821696
0.82171
0.821626
0.821601
0.821763
0.82172
0.821756
0.821737
0.821697
0.821681
0.821706
0.821649
0.821723
0.821844
0.821658
0.821676
0.821721
0.821654
0.821735
0.821712
0.821664
0.821725
0.82174
0.821683
0.821794
0.821672
0.821599
0.821737
0.821673
0.82168
0.821697
0.821666
0.821626
0.821678
0.821737
0.821698
0.821731
0.821779
0.821756
0.821653
0.821759
0.821825
0.821668
0.821685
0.821689
0.821712
0.82161
0.821674
0.821617
0.821687
0.821718
0.821682
0.821794
0.821679
0.82168
0.821737
0.821707
0.821707
0.821665
0.821608
0.821676
0.821675
0.82172
0.821634
0.821554
0.821677
0.821654
0.821825
0.821715
0.82169
0.821694
0.821744
0.821616
0.821603
0.821684
0.821729
0.821754
0.821745
0.821694
0.821628
0.821689
0.821624
0.821702
0.821682
0.821619
0.821671
0.821676
0.821693
0.821697
0.821702
0.821626
0.821727
0.821603
0.821633
0.821688
0.821574
0.821689
0.821731
0.821637
0.821735
0.821655
0.821604
0.821749
0.821685
0.821625
0.821736
0.821678
0.821712
0.821697
0.821655
0.821674
0.821716
0.821533
0.821638
0.821699
0.821696
0.821584
0.821646
0.821695
0.821501
0.821728
0.821637
0.821731
0.821549
0.821684
0.821613
0.82175
0.821608
0.821691
0.821626
0.821663
0.821642
0.821731
0.821689
0.821756
0.821623
0.821713
0.821662
0.821666
0.821673
0.821695
0.8216
0.821776
0.821618
0.821539
0.821648
0.821692
0.821654
0.82163
0.821689
0.821626
0.821554
0.821783
0.821739
0.82156
0.821624
0.821662
0.821723
0.821621
0.821797
0.821546
0.821721
0.821739
0.821609
0.821785
0.821642
0.821873
0.821621
0.821733
0.82173
0.821657
0.821741
0.821743
0.821688
0.82164
0.821769
0.821733
0.82164
0.821699
0.821705
0.821562
0.821731
0.821733
0.821687
0.821612
0.821799
0.821703
0.821694
0.82174
0.821643
0.821704
0.821715
0.821669
0.821705
0.82165
0.821707
0.8217
0.821573
0.821705
0.821756
0.821621
0.821638
0.82167
0.821558
0.821744
0.821755
0.821686
0.821684
0.821703
0.821803
0.82172
0.821571
0.821642
0.821639
0.82185
0.821622
0.821686
0.821732
0.821741
0.821711
0.821764
0.821752
0.821707
0.821682
0.82161
0.821687
0.821668
0.82163
0.821733
0.821608
0.821675
0.821763
0.821651
0.821836
0.821732
0.821645
0.82162
0.821715
0.82161
0.821694
0.82178
0.821569
0.821735
0.821649
0.821706
0.821612
0.821656
0.821579
0.821678
0.821709
0.82146
0.821755
0.821738
0.821778
0.821562
0.821729
0.821711
0.82171
0.821838
0.821623
0.821664
0.821586
0.821754
0.821753
0.821477
0.821661
0.821646
0.821767
0.821751
0.821727
0.821686
0.821601
0.821497
0.821692
0.821747
0.821725
0.821673
0.821674
0.821668
0.821617
0.821613
0.821649
0.821683
0.82167
0.821735
0.821663
0.821657
0.821752
0.821716
0.821701
0.821592
0.82169
0.82158
0.821647
0.821674
0.821573
0.821668
0.821616
0.821776
0.821672
0.821685
0.821729
0.821641
0.821731
0.821646
0.821702
0.821679
0.821746
0.821588
0.821697
0.821652
0.821757
0.821725
0.821638
0.821694
0.821667
0.821642
0.821689
0.821631
0.821651
0.821644
0.821754
0.821665
0.821726
0.821641
0.821767
0.821688
0.821606
0.821635
0.821644
0.821679
0.821725
0.821603
0.821731
0.82175
0.82162
0.821665
0.821701
0.82154
0.821616
0.821709
0.821728
0.821721
0.821644
0.821625
0.82171
0.821654
0.821663
0.82167
0.821716
0.821686
0.821687
0.821679
0.821556
0.821668
0.821753
0.821627
0.8217
0.821553
0.821712
0.821708
0.821715
0.821665
0.821562
0.821614
0.821711
0.821671
0.821634
0.821647
0.821619
0.821648
0.821728
0.821637
0.821703
0.821687
0.821751
0.821682
0.821698
0.821696
0.821614
0.821767
0.821671
0.821764
0.821706
0.821686
0.821704
0.821744
0.821712
0.82164
0.821665
0.821669
0.821705
0.821598
0.821677
0.82165
0.821571
0.821595
0.821691
0.821649
0.821582
0.821599
0.821584
0.821651
0.821672
0.821688
0.821689
0.821685
0.821589
0.821653
0.821678
0.821674
0.821627
0.821691
0.821719
0.821781
0.821523
0.821734
0.821586
0.821561
0.821755
0.821673
0.821671
0.821734
0.821689
0.821637
0.821677
0.821818
0.821827
0.821614
0.821631
0.821641
0.821711
0.82175
0.821532
0.821714
0.821743
0.821546
0.82159
0.821702
0.821637
0.821728
0.821705
0.821745
0.821694
0.821574
0.82176
0.821599
0.82173
0.821714
0.82172
0.821692
0.821626
0.821691
0.821768
0.821644
0.821525
0.821593
0.821669
0.821782
0.821662
0.821651
0.821621
0.821612
0.821682
0.821555
0.821623
0.821613
0.821674
0.821694
0.821615
0.821645
0.821607
0.821811
0.82154
0.821618
0.821612
0.821696
0.821695
0.821618
0.821615
0.82182
0.821818
0.821652
0.82178
0.821732
0.821754
0.821637
0.82168
0.821622
0.821608
0.821744
0.821656
0.821635
0.821718
0.821781
0.821693
0.821751
0.821642
0.821682
0.821633
0.8217
0.821769
0.821638
0.82169
0.821693
0.821666
0.821596
0.821745
0.821818
0.821889
0.821733
0.821742
0.821646
0.821753
0.821683
0.821615
0.821687
0.821632
0.82166
0.821628
0.821694
0.821592
0.821795
0.821751
0.821598
0.82175
0.821693
0.821669
0.82168
0.821696
0.821605
0.821732
0.821755
0.821645
0.821589
0.821637
0.821738
0.821735
0.821717
0.821684
0.821623
0.821722
0.8217
0.821679
0.821656
0.821636
0.821732
0.821704
0.821713
0.82167
0.821686
0.8217
0.821559
0.821799
0.821563
0.821702
0.821758
0.821687
0.821724
0.82173
0.821729
0.821651
0.821699
0.82168
0.82168
0.821643
0.821782
0.821724
0.821637
0.821637
0.821655
0.821718
0.821738
0.821787
0.821708
0.821665
0.821809
0.821684
0.821807
0.821686
0.821785
0.821699
0.821737
0.821596
0.821677
0.821698
0.821645
0.821819
0.821623
0.821676
0.821668
0.821709
0.82171
0.821699
0.821541
0.821733
0.821857
0.821707
0.821689
0.821788
0.821753
0.8217
0.821741
0.821683
0.821683
0.821631
0.821545
0.821636
0.821624
0.82174
0.82168
0.821578
0.821627
0.821615
0.821733
0.821533
0.821734
0.821711
0.821643
0.821682
0.821703
0.821721
0.821798
0.821645
0.821721
0.82162
0.821641
0.821645
0.82177
0.821648
0.821619
0.821664
0.821583
0.821762
0.821677
0.821654
0.821728
0.821653
0.821673
0.821636
0.821696
0.821682
0.821694
0.821656
0.821697
0.821796
0.821632
0.821712
0.821649
0.821706
0.821724
0.82159
0.821772
0.821695
0.821779
0.821672
0.82181
0.821608
0.821726
0.821676
0.82166
0.821595
0.821712
0.821654
0.821701
0.82173
0.821749
0.821709
0.821686
0.821618
0.821728
0.821628
0.821686
0.821645
0.821789
0.821749
0.82173
0.82163
0.82168
0.821707
0.821576
0.821655
0.821751
0.821682
0.821687
0.821732
0.821728
0.821785
0.821745
0.821566
0.821737
0.82157
0.821717
0.821665
0.821646
0.821687
0.821575
0.821707
0.821704
0.821536
0.821765
0.821663
0.821659
0.821662
0.821686
0.821793
0.821644
0.821701
0.821693
0.821594
0.82166
0.821704
0.82174
0.821723
0.821625
0.821664
0.821693
0.821626
0.821652
0.821724
0.821658
0.821708
0.821607
0.821623
0.821736
0.821694
0.821728
0.821597
0.821695
0.821691
0.821645
0.821687
0.821653
0.821632
0.821704
0.821638
0.821573
0.821655
0.821625
0.82165
0.821753
0.82174
0.821705
0.821694
0.82159
0.821625
0.821639
0.821769
0.821646
0.821782
0.821707
0.821728
0.821714
0.821721
0.821574
0.82166
0.821676
0.821605
0.821654
0.821733
0.821799
0.821688
0.821703
0.821672
0.821712
0.821693
0.821655
0.82171
0.821586
0.8217
0.821621
0.821689
0.821569
0.821714
0.821667
0.821717
0.821707
0.82166
0.82164
0.82179
0.821728
0.821606
0.821555
0.821726
0.821699
0.821673
0.821666
0.821697
0.82169
0.82172
0.821655
0.821747
0.821767
0.82172
0.821684
0.82165
0.821757
0.821664
0.821653
0.821633
0.82166
0.821674
0.821678
0.821716
0.821627
0.821706
0.821792
0.821745
0.821654
0.821636
0.821704
0.82167
0.821653
0.82164
0.821652
0.821756
0.821706
0.821597
0.821845
0.821702
0.821641
0.821648
0.821659
0.821775
0.821747
0.821664
0.821676
0.821695
0.821729
0.821752
0.82156
0.821577
0.821603
0.821647
0.821682
0.821599
0.821627
0.821716
0.821537
0.821614
0.82169
0.821669
0.821715
0.821572
0.82168
0.821721
0.821745
0.821613
0.821757
0.821696
0.82159
0.821624
0.821664
0.821768
0.821702
0.821886
0.821686
0.821766
0.821682
0.821571
0.82172
0.821646
0.821698
0.821714
0.821667
0.821628
0.821646
0.821741
0.821527
0.821681
0.82163
0.821712
0.82179
0.821632
0.821655
0.821664
0.821637
0.821695
0.821729
0.821745
0.821671
0.821719
0.821627
0.821728
0.821703
0.821696
0.821665
0.821734
0.821652
0.821625
0.821684
0.821748
0.821702
0.821702
0.821573
0.821718
0.821606
0.821567
0.821677
0.821655
0.821709
0.821643
0.821686
0.821597
0.821628
0.821669
0.821667
0.82161
0.821669
0.821691
0.821633
0.821615
0.821727
0.821613
0.821651
0.821618
0.82161
0.821617
0.821658
0.821603
0.821717
0.82164
0.821766
0.821704
0.821596
0.821703
0.821675
0.821667
0.821607
0.821787
0.821643
0.821745
0.821645
0.821728
0.821636
0.821657
0.821651
0.821685
0.821646
0.821716
0.821614
0.821654
0.821767
0.821614
0.821726
0.821681
0.821672
0.821655
0.821704
0.821607
0.821609
0.821638
0.821503
0.821704
0.82156
0.821635
0.821672
0.821646
0.821646
0.821696
0.821644
0.82164
0.821703
0.82174
0.821653
0.821681
0.821755
0.821664
0.821697
0.821742
0.821643
0.821825
0.821747
0.821664
0.821698
0.821673
0.821621
0.821716
0.821681
0.821628
0.821741
0.821668
0.821781
0.821634
0.821611
0.82174
0.821628
0.821658
0.821539
0.821742
0.821695
0.82165
0.821657
0.821722
0.821624
0.821637
0.821641
0.821604
0.821507
0.821703
0.821621
0.821711
0.821489
0.821739
0.821758
0.821648
0.821774
0.821748
0.821791
0.821616
0.821699
0.821787
0.821672
0.821674
0.821677
0.821715
0.821701
0.82158
0.821649
0.821625
0.821774
0.821669
0.821619
0.821736
0.821626
0.821635
0.821575
0.82158
0.821661
0.821659
0.821714
0.82166
0.821776
0.821707
0.821623
0.821582
0.821717
0.821729
0.821835
0.8217
0.821661
0.821688
0.821654
0.821698
0.821681
0.821636
0.821671
0.821843
0.821712
0.821738
0.821569
0.821685
0.821742
0.821686
0.821618
0.821712
0.821744
0.821673
0.821632
0.821676
0.821741
0.821632
0.821602
0.8217
0.821558
0.821614
0.821768
0.821698
0.821623
0.821835
0.821642
0.821675
0.821696
0.821608
0.821548
0.821762
0.821662
0.82162
0.821731
0.821687
0.821807
0.821716
0.82176
0.82179
0.821696
0.821743
0.821715
0.821795
0.821634
0.821694
0.821644
0.821784
0.821678
0.821657
0.821705
0.821726
0.821688
0.821737
0.821739
0.821507
0.821679
0.82169
0.821627
0.821716
0.821654
0.82173
0.821742
0.821638
0.821699
0.821806
0.821642
0.821658
0.821813
0.82158
0.821569
0.821702
0.821654
0.821654
0.821657
0.821626
0.82168
0.821712
0.82179
0.821693
0.821668
0.821631
0.821596
0.821593
0.821715
0.821586
0.821612
0.821735
0.821618
0.821715
0.821659
0.821715
0.821653
0.821739
0.821729
0.82179
0.821724
0.821698
0.821656
0.821702
0.821683
0.82157
0.821839
0.82177
0.821716
0.821765
0.821571
0.821771
0.821684
0.821602
0.821596
0.821666
0.821656
0.821673
0.821636
0.82164
0.821719
0.821602
0.821828
0.821796
0.821652
0.821642
0.821742
0.821727
0.821679
0.821689
0.821583
0.821634
0.821857
0.8217
0.821706
0.821728
0.821766
0.821573
0.821774
0.821711
0.821695
0.821613
0.821608
0.82172
0.821672
0.821781
0.821672
0.821678
0.821738
0.821653
0.8217
0.821782
0.82156
0.821731
0.821697
0.821637
0.821614
0.821729
0.821718
0.821685
0.821727
0.821684
0.821621
0.821593
0.821623
0.821654
0.821719
0.821653
0.821738
0.821692
0.821712
0.821666
0.82172
0.821532
0.821659
0.821688
0.821585
0.821652
0.821741
0.821631
0.821657
0.821677
0.821672
0.821591
0.821699
0.821666
0.821657
0.821784
0.821693
0.821641
0.821691
0.82165
0.821622
0.821678
0.821596
0.821667
0.821681
0.82151
0.82167
0.82164
0.821525
0.821675
0.821735
0.821647
0.821689
0.821557
0.821738
0.821721
0.821604
0.821685
0.821764
0.821713
0.821707
0.821707
0.821692
0.821674
0.82171
0.821555
0.821709
0.82172
0.821696
0.821532
0.821705
0.821717
0.821658
0.821626
0.821745
0.821609
0.821678
0.821791
0.821681
0.821752
0.821735
0.821817
0.821567
0.821702
0.821715
0.82171
0.821701
0.821618
0.821618
0.821607
0.82169
0.821606
0.821706
0.821759
0.821661
0.821635
0.821645
0.82174
0.821643
0.821664
0.821797
0.821691
0.82171
0.821602
0.821729
0.82165
0.821653
0.821706
0.82163
0.82185
0.82156
0.821703
0.821604
0.821625
0.821669
0.821611
0.821688
0.821675
0.821593
0.821678
0.821637
0.821685
0.821722
0.821658
0.821764
0.821734
0.821749
0.821603
0.821686
0.821734
0.821661
0.821717
0.821704
0.821687
0.821666
0.821571
0.821495
0.821675
0.821668
0.821674
0.821706
0.821688
0.821636
0.821666
0.821665
0.821724
0.821618
0.821592
0.821765
0.82165
0.821741
0.821644
0.821554
0.821706
0.821584
0.821773
0.821535
0.821756
0.821632
0.821705
0.821637
0.821713
0.821638
0.821643
0.821601
0.821721
0.821607
0.821616
0.821641
0.821611
0.821647
0.82179
0.821681
0.821761
0.821709
0.821654
0.82174
0.821681
0.821689
0.821725
0.821557
0.82182
0.821734
0.821708
0.821597
0.821683
0.821604
0.821702
0.821627
0.821616
0.821689
0.821633
0.821529
0.821668
0.821659
0.821698
0.821706
0.821661
0.82168
0.821694
0.82164
0.821657
0.821742
0.821659
0.821657
0.821634
0.82168
0.821739
0.821697
0.821641
0.821665
0.8217
0.821672
0.821638
0.821708
0.821568
0.821762
0.821545
0.821551
0.821717
0.821684
0.821696
0.821682
0.821613
0.821772
0.821639
0.821621
0.821642
0.821598
0.821647
0.821739
0.821695
0.821737
0.821714
0.821708
0.821643
0.821564
0.82168
0.821696
0.821674
0.821706
0.82166
0.821719
0.821686
0.821717
0.821646
0.821644
0.821517
0.821677
0.821664
0.821618
0.8217
0.821708
0.82166
0.821676
0.821607
0.821573
0.821702
0.821518
0.821706
0.821608
0.821657
0.821729
0.821646
0.821703
0.821748
0.821702
0.821696
0.82164
0.821705
0.82165
0.821681
0.821583
0.821665
0.821809
0.821674
0.821753
0.821665
0.821675
0.821761
0.821593
0.821752
0.821567
0.821702
0.821683
0.821614
0.821654
0.821643
0.82159
0.821606
0.821655
0.821668
0.821705
0.82173
0.821775
0.821741
0.821687
0.821659
0.821713
0.82159
0.821688
0.821614
0.821726
0.821595
0.821804
0.821596
0.821852
0.821711
0.821735
0.821547
0.821648
0.821636
0.821652
0.821749
0.821622
0.821771
0.821743
0.821693
0.821764
0.82164
0.821792
0.821755
0.821722
0.821649
0.821573
0.821632
0.821669
0.821602
0.821651
0.821689
0.821758
0.821633
0.821597
0.821675
0.82161
0.821673
0.821698
0.82162
0.821765
0.821664
0.82184
0.82177
0.821679
0.821756
0.821747
0.821763
0.821648
0.821616
0.821731
0.821643
0.821676
0.821624
0.821593
0.821773
0.821708
0.821707
0.82164
0.821651
0.821756
0.821707
0.821631
0.821591
0.821708
0.821722
0.821621
0.821749
0.821788
0.821584
0.821557
0.821634
0.821634
0.821705
0.821637
0.821832
0.821615
0.821638
0.821666
0.821666
0.821731
0.821654
0.821667
0.821609
0.821609
0.821606
0.82167
0.821612
0.82168
0.821678
0.821784
0.82165
0.82166
0.821622
0.821776
0.821765
0.821567
0.821667
0.821696
0.82153
0.821636
0.821613
0.821611
0.82165
0.821671
0.821636
0.821656
0.821751
0.821551
0.821775
0.821771
0.821581
0.821708
0.82171
0.821759
0.821657
0.821718
0.821645
0.821665
0.82161
0.821766
0.821583
0.821594
0.821794
0.821559
0.821716
0.821699
0.821664
0.821655
0.821592
0.821697
0.821729
0.82169
0.821633
0.821633
0.821693
0.821739
0.82168
0.821637
0.821677
0.821652
0.821732
0.821783
0.821824
0.821674
0.82173
0.821594
0.821555
0.821652
0.821699
0.821612
0.821627
0.821585
0.821554
0.821696
0.821711
0.821678
0.821734
0.82176
0.82174
0.821625
0.821614
0.821621
0.82173
0.821733
0.821685
0.821639
0.821659
0.821732
0.821731
0.82158
0.821656
0.821619
0.821656
0.821749
0.821714
0.821614
0.82166
0.821617
0.821698
0.821597
0.821713
0.821569
0.821623
0.821582
0.821732
0.821579
0.821757
0.821744
0.821657
0.821672
0.821577
0.821647
0.821744
0.821721
0.82167
0.821676
0.821679
0.821687
0.821635
0.821666
0.821583
0.821625
0.82166
0.82165
0.821649
0.821718
0.821631
0.821714
0.821642
0.821694
0.821665
0.821708
0.821721
0.821721
0.821759
0.821694
0.82169
0.82161
0.821688
0.82164
0.82164
0.821677
0.821771
0.821597
0.821773
0.821731
0.821745
0.821719
0.821799
0.821725
0.821657
0.821665
0.82176
0.821708
0.821743
0.821612
0.821739
0.821716
0.821766
0.821633
0.821686
0.82159
0.82165
0.82167
0.821757
0.82167
0.821699
0.821737
0.821622
0.821578
0.821581
0.821648
0.821702
0.821707
0.821651
0.821667
0.821678
0.821755
0.821497
0.821662
0.821592
0.82169
0.821672
0.821698
0.821729
0.821819
0.82173
0.821651
0.821686
0.821665
0.821741
0.821716
0.821576
0.821671
0.821603
0.821665
0.821677
0.821675
0.821536
0.821621
0.821699
0.821564
0.821702
0.821646
0.821616
0.821625
0.821634
0.821708
0.821624
0.82179
0.821688
0.821781
0.821639
0.821733
0.82173
0.821763
0.821731
0.821681
0.82174
0.821697
0.821639
0.821719
0.821823
0.821737
0.821605
0.821644
0.821636
0.821643
0.821708
0.821695
0.821704
0.821629
0.821761
0.821705
0.821723
0.821679
0.821699
0.821713
0.82167
0.821643
0.821685
0.821627
0.821751
0.821569
0.821631
0.821651
0.821671
0.821698
0.821641
0.821796
0.821706
0.821631
0.821706
0.821687
0.821734
0.82163
0.82163
0.821694
0.821791
0.821601
0.821807
0.821702
0.821623
0.821548
0.821683
0.821653
0.821705
0.821609
0.821607
0.821697
0.821815
0.821662
0.821706
0.821563
0.821704
0.821739
0.821611
0.821697
0.821632
0.821695
0.821649
0.821663
0.821499
0.8217
0.821602
0.821709
0.821664
0.821685
0.821725
0.821686
0.821586
0.821766
0.821738
0.821668
0.82163
0.821743
0.821787
0.821588
0.821684
0.821658
0.821632
0.821665
0.821726
0.821706
0.821608
0.821685
0.821713
0.821694
0.821641
0.821651
0.821676
0.821696
0.821698
0.821535
0.821685
0.821595
0.821604
0.821804
0.82182
0.821688
0.82164
0.821746
0.821552
0.821667
0.821666
0.821656
0.821694
0.821639
0.821628
0.821732
0.821678
0.821594
0.82166
0.821735
0.821757
0.8217
0.82169
0.821662
0.821645
0.82172
0.821616
0.821706
0.821694
0.821637
0.821704
0.821792
0.821682
0.82167
0.821668
0.821739
0.821773
0.821786
0.821675
0.821749
0.821695
0.821654
0.821743
0.82166
0.821641
0.821661
0.821735
0.821568
0.821608
0.821601
0.821669
0.821687
0.821796
0.821625
0.821769
0.821758
0.821612
0.821743
0.821707
0.821772
0.82163
0.821728
0.821644
0.821597
0.821661
0.821709
0.821672
0.821792
0.821706
0.821727
0.82167
0.821785
0.821616
0.821877
0.821751
0.821597
0.821731
0.821725
0.821649
0.821836
0.821779
0.821676
0.821751
0.821718
0.821643
0.82171
0.821689
0.821695
0.821697
0.821762
0.82173
0.821625
0.821701
0.821761
0.821754
0.821664
0.821678
0.821746
0.821596
0.821745
0.821717
0.82166
0.821656
0.821579
0.821743
0.821769
0.821734
0.821682
0.821697
0.821694
0.821748
0.821686
0.821659
0.821668
0.821685
0.821619
0.821735
0.821656
0.821727
0.821673
0.821682
0.821583
0.821703
0.821723
0.821626
0.821626
0.821732
0.821757
0.821638
0.821603
0.821635
0.821742
0.821763
0.82173
0.821538
0.821603
0.821649
0.821706
0.821619
0.821697
0.821638
0.821798
0.821538
0.821734
0.821731
0.821642
0.821763
0.821791
0.821743
0.821738
0.821758
0.821802
0.821702
0.821632
0.821703
0.821675
0.821729
0.821618
0.82167
0.821625
0.821769
0.821693
0.82164
0.821648
0.821752
0.821626
0.821655
0.821625
0.821661
0.821608
0.821729
0.821685
0.821629
0.821681
0.821658
0.821694
0.821703
0.82154
0.821705
0.821627
0.821706
0.821724
0.821626
0.821703
0.821581
0.821774
0.821685
0.821546
0.821765
0.821671
0.821768
0.821617
0.821727
0.821619
0.821641
0.821614
0.821798
0.821738
0.821691
0.821718
0.821642
0.821652
0.821755
0.821586
0.821794
0.821667
0.821694
0.821584
0.821675
0.821631
0.821733
0.821788
0.821606
0.821663
0.821809
0.821766
0.821675
0.82172
0.821651
0.821688
0.821563
0.821744
0.821803
0.821694
0.821751
0.821614
0.821829
0.82167
0.821639
0.821708
0.821716
0.821627
0.821634
0.821622
0.821744
0.821583
0.821673
0.821591
0.821829
0.821661
0.821576
0.821581
0.821649
0.821636
0.821592
0.821857
0.821725
0.821649
0.821776
0.82166
0.821624
0.821652
0.821783
0.821653
0.821701
0.821588
0.821627
0.821629
0.821726
0.821634
0.821727
0.821673
0.821696
0.821624
0.821592
0.821603
0.82163
0.821634
0.821601
0.821576
0.821657
0.821701
0.821655
0.821667
0.821758
0.821639
0.821664
0.82169
0.821679
0.821691
0.821705
0.821635
0.821647
0.821601
0.821679
0.821688
0.821711
0.821642
0.821646
0.821683
0.821641
0.821662
0.821655
0.82162
0.821697
0.821593
0.821639
0.821618
0.821634
0.821531
0.82156
0.821704
0.821743
0.821716
0.821672
0.821649
0.821725
0.821636
0.821616
0.821619
0.821695
0.821623
0.821783
0.821782
0.821673
0.821623
0.821654
0.821711
0.821732
0.821701
0.82161
0.821641
0.821699
0.821578
0.821621
0.821647
0.8218
0.821656
0.821665
0.821654
0.821709
0.8216
0.821682
0.821667
0.821673
0.821663
0.821805
0.821735
0.821648
0.821693
0.821662
0.82181
0.821705
0.821652
0.82165
0.821691
0.821663
0.82169
0.821627
0.821677
0.821707
0.821636
0.821688
0.821723
0.821624
0.82175
0.821553
0.821564
0.821696
0.821732
0.821642
0.821751
0.821632
0.821746
0.821789
0.82166
0.82168
0.821722
0.821755
0.82176
0.821733
0.82172
0.821629
0.821714
0.821748
0.82167
0.821746
0.821572
0.821791
0.821622
0.821622
0.821621
0.821725
0.82173
0.821734
0.821699
0.821664
0.821759
0.82175
0.821646
0.821635
0.821793
0.821669
0.821676
0.821723
0.821695
0.821607
0.821761
0.821686
0.821636
0.821779
0.821787
0.821645
0.821771
0.82173
0.821588
0.821667
0.821681
0.821726
0.821651
0.821712
0.821892
0.821703
0.821719
0.821745
0.821581
0.821548
0.821682
0.821645
0.821716
0.821703
0.821754
0.82165
0.821594
0.821721
0.821652
0.821681
0.821776
0.821742
0.821683
0.821717
0.821536
0.821618
0.821647
0.82187
0.821665
0.821498
0.821652
0.82171
0.821766
0.821649
0.821648
0.821703
0.821606
0.82176
0.821665
0.821712
0.821655
0.821711
0.821618
0.821741
0.821721
0.821591
0.821762
0.821689
0.82162
0.821704
0.821776
0.821717
0.821754
0.821674
0.821596
0.821685
0.821681
0.821633
0.821711
0.821561
0.821538
0.821731
0.821706
0.821706
0.821702
0.821844
0.821584
0.821675
0.821664
0.821624
0.821668
0.821652
0.821691
0.821651
0.82173
0.821644
0.821686
0.821681
0.821566
0.821563
0.82167
0.821679
0.821637
0.821657
0.821811
0.821674
0.821554
0.821653
0.821585
0.821683
0.821722
0.821716
0.821647
0.821641
0.821695
0.82175
0.821687
0.821602
0.821744
0.821582
0.821605
0.821618
0.821687
0.821718
0.821639
0.821781
0.821764
0.82163
0.821656
0.821768
0.821636
0.821664
0.82168
0.82163
0.821575
0.821767
0.821704
0.821508
0.821675
0.821673
0.821753
0.821628
0.821658
0.821706
0.821779
0.821741
0.821723
0.821628
0.821701
0.82177
0.821667
0.821666
0.821637
0.821615
0.821645
0.821643
0.821717
0.821648
0.821746
0.821698
0.821688
0.821595
0.821581
0.821687
0.821787
0.821717
0.821717
0.821733
0.821627
0.821707
0.821707
0.821801
0.821838
0.821684
0.821679
0.821743
0.821566
0.821724
0.821703
0.821703
0.821768
0.821787
0.82173
0.821633
0.821733
0.821625
0.821691
0.821644
0.821666
0.821578
0.821625
0.821678
0.82171
0.821618
0.821637
0.821662
0.821624
0.821742
0.821586
0.821729
0.821777
0.821729
0.821638
0.821603
0.821704
0.821665
0.821779
0.821661
0.821705
0.821613
0.821527
0.821603
0.821763
0.821741
0.821691
0.82166
0.821721
0.821712
0.821729
0.82167
0.821679
0.821594
0.821625
0.821565
0.821637
0.821724
0.821674
0.821593
0.821767
0.82168
0.821723
0.821697
0.821699
0.821685
0.821667
0.82164
0.82174
0.821665
0.821709
0.821588
0.821615
0.821706
0.821658
0.82152
0.82163
0.821662
0.821622
0.821653
0.821702
0.82173
0.821587
0.82176
0.821624
0.821726
0.821655
0.821609
0.821705
0.821635
0.821597
0.821747
0.821689
0.821503
0.821673
0.821699
0.821701
0.821657
0.821638
0.821579
0.821693
0.821823
0.821658
0.821744
0.821691
0.821712
0.821682
0.821653
0.821778
0.821575
0.821662
0.821767
0.821628
0.821727
0.821733
0.821627
0.821756
0.821756
0.821727
0.82167
0.821739
0.821654
0.821663
0.821551
0.821809
0.821663
0.82171
0.821644
0.821725
0.821697
0.821684
0.821556
0.821651
0.821623
0.821735
0.821797
0.821698
0.821683
0.82163
0.821702
0.821668
0.821612
0.821583
0.821656
0.821715
0.821666
0.821693
0.821614
0.821631
0.821675
0.821706
0.82155
0.821731
0.821692
0.821736
0.821529
0.821559
0.821724
0.82167
0.821651
0.821744
0.821555
0.821615
0.821749
0.821657
0.821682
0.821701
0.821668
0.821681
0.8217
0.82172
0.821703
0.821715
0.821521
0.821751
0.821718
0.821643
0.821764
0.821641
0.821665
0.821596
0.821838
0.821721
0.821681
0.82161
0.821736
0.821686
0.821661
0.821569
0.82172
0.821645
0.821694
0.821591
0.821627
0.821629
0.821725
0.821638
0.821742
0.821644
0.821633
0.821662
0.821664
0.821641
0.821676
0.821652
0.821632
0.821716
0.821602
0.821691
0.821637
0.82157
0.821683
0.82172
0.821595
0.821616
0.821676
0.821738
0.821759
0.821762
0.821601
0.821801
0.821628
0.821609
0.821628
0.821663
0.821569
0.821685
0.821609
0.821695
0.821628
0.821683
0.821675
0.821755
0.821732
0.821759
0.821673
0.821723
0.821751
0.821643
0.821672
0.821694
0.821692
0.821708
0.821681
0.82162
0.821747
0.821678
0.821688
0.821669
0.821668
0.821621
0.821648
0.821725
0.821724
0.821595
0.82173
0.82168
0.821683
0.821662
0.821705
0.821642
0.821612
0.821713
0.821649
0.821846
0.821615
0.821758
0.821682
0.821648
0.821674
0.821668
0.82165
0.821719
0.821603
0.821615
0.821673
0.821654
0.821582
0.821639
0.821737
0.821684
0.821729
0.821698
0.821718
0.821692
0.821643
0.821718
0.821649
0.821635
0.821592
0.821744
0.821638
0.821752
0.821679
0.821689
0.821606
0.821666
0.82173
0.821727
0.821701
0.821582
0.821688
0.821585
0.821671
0.821623
0.821699
0.821612
0.821727
0.821679
0.821695
0.821656
0.821644
0.821635
0.821662
0.821718
0.821741
0.821669
0.821698
0.821692
0.821662
0.821716
0.821612
0.821577
0.821645
0.821719
0.821674
0.821596
0.821775
0.821654
0.821698
0.821645
0.821584
0.821648
0.821735
0.821647
0.821755
0.821743
0.821682
0.821807
0.821569
0.821554
0.821635
0.82168
0.821588
0.821675
0.82167
0.821735
0.821541
0.82164
0.821613
0.821678
0.821722
0.82165
0.821731
0.821778
0.821533
0.821644
0.821683
0.821703
0.821699
0.821656
0.821755
0.821583
0.821684
0.821716
0.821693
0.821666
0.821663
0.821706
0.821649
0.821737
0.821714
0.821678
0.821766
0.82168
0.821644
0.821727
0.821728
0.821598
0.821668
0.821704
0.821658
0.821751
0.821773
0.821693
0.821664
0.821714
0.821587
0.821726
0.821582
0.82175
0.821694
0.821657
0.82172
0.821625
0.821679
0.821692
0.821665
0.821618
0.821613
0.821701
0.821656
0.821617
0.821641
0.821707
0.821733
0.821819
0.821704
0.82171
0.821655
0.821695
0.821645
0.82166
0.821649
0.821662
0.821725
0.821701
0.821709
0.821636
0.821645
0.821637
0.821659
0.821606
0.821721
0.821545
0.821604
0.821763
0.821689
0.821662
0.821831
0.821574
0.821642
0.821824
0.821679
0.82165
0.821732
0.821711
0.821652
0.821726
0.821698
0.821631
0.821757
0.821677
0.821707
0.821684
0.821694
0.821738
0.821624
0.821735
0.821623
0.821673
0.821685
0.821751
0.821658
0.821748
0.821652
0.821645
0.821688
0.821626
0.821637
0.821735
0.821656
0.821689
0.821729
0.821727
0.821724
0.821716
0.821651
0.821699
0.821654
0.82178
0.821704
0.821717
0.821752
0.821624
0.82156
0.821643
0.82168
0.821744
0.821581
0.821666
0.821718
0.821702
0.821759
0.821688
0.821746
0.821645
0.821679
0.821644
0.821618
0.821826
0.821684
0.821677
0.821695
0.821655
0.821683
0.821647
0.821652
0.821664
0.821766
0.821755
0.821612
0.821705
0.821687
0.821682
0.821703
0.821617
0.821657
0.821625
0.821751
0.821601
0.821727
0.821624
0.821653
0.821679
0.821691
0.821595
0.821634
0.821721
0.821691
0.821824
0.821652
0.8216
0.821736
0.821791
0.821679
0.821738
0.821721
0.82159
0.821653
0.821683
0.821745
0.821702
0.821776
0.821751
0.821518
0.821783
0.821724
0.821691
0.821606
0.821736
0.821681
0.821663
0.821675
0.821672
0.821662
0.821725
0.821748
0.821764
0.821771
0.821689
0.821648
0.8217
0.821785
0.821777
0.82166
0.821689
0.821653
0.821653
0.821706
0.82177
0.821754
0.821738
0.821579
0.821633
0.821681
0.82164
0.821649
0.821632
0.821791
0.821689
0.82173
0.821737
0.821576
0.821775
0.821627
0.8216
0.821702
0.821636
0.821678
0.821673
0.82174
0.821647
0.821631
0.821613
0.821644
0.821719
0.821703
0.821652
0.821658
0.821694
0.821701
0.821601
0.821728
0.821754
0.821763
0.821757
0.821623
0.821611
0.821712
0.821725
0.821672
0.821641
0.821626
0.821691
0.821602
0.821641
0.821701
0.821724
0.821687
0.821654
0.821689
0.82172
0.821715
0.821564
0.821656
0.821669
0.821708
0.821683
0.821797
0.821646
0.821729
0.821649
0.821558
0.821684
0.821675
0.821652
0.821671
0.821581
0.821702
0.821708
0.821711
0.821646
0.821584
0.821643
0.821699
0.821761
0.821589
0.821571
0.821672
0.821748
0.821848
0.821702
0.821603
0.821729
0.82164
0.821755
0.82181
0.821667
0.821702
0.821625
0.821636
0.821701
0.821625
0.821717
0.821626
0.821686
0.821614
0.821683
0.821629
0.82161
0.821643
0.821783
0.821665
0.821661
0.821707
0.821804
0.821737
0.821673
0.821684
0.821764
0.821576
0.821629
0.821722
0.821631
0.821674
0.821604
0.821555
0.821697
0.821707
0.821765
0.821688
0.821695
0.821637
0.821742
0.821671
0.821721
0.821558
0.821657
0.821712
0.821679
0.821799
0.821742
0.821625
0.821733
0.82168
0.821615
0.821603
0.821644
0.821767
0.821641
0.821746
0.82179
0.821755
0.821752
0.821712
0.821681
0.821684
0.821666
0.821784
0.82166
0.821807
0.821699
0.821676
0.82162
0.821733
0.821732
0.82173
0.821516
0.821777
0.821706
0.821609
0.821631
0.821694
0.821672
0.821682
0.82173
0.821647
0.821822
0.821579
0.821711
0.821675
0.821611
0.821628
0.821626
0.821671
0.821693
0.821705
0.821742
0.821674
0.82168
0.821663
0.821752
0.821704
0.821649
0.821675
0.821749
0.821737
0.821702
0.821675
0.821675
0.821696
0.821806
0.821756
0.821556
0.821694
0.821761
0.821624
0.821679
0.821736
0.821688
0.821625
0.821641
0.821658
0.821653
0.821583
0.821645
0.821667
0.821634
0.821714
0.821756
0.821724
0.821641
0.821562
0.821753
0.821525
0.821771
0.821679
0.821717
0.821698
0.821773
0.821616
0.821699
0.821636
0.821638
0.821657
0.821685
0.82174
0.821697
0.821671
0.821662
0.82174
0.821817
0.821713
0.821635
0.821592
0.821696
0.821753
0.821758
0.82179
0.821747
0.821697
0.821611
0.821608
0.821605
0.82164
0.821613
0.821695
0.821637
0.821606
0.821658
0.821692
0.821674
0.821673
0.82162
0.821766
0.821686
0.821635
0.821673
0.821723
0.821659
0.821752
0.821638
0.821761
0.821616
0.821695
0.821659
0.821661
0.821689
0.821518
0.821668
0.821604
0.821745
0.821684
0.821785
0.821784
0.821735
0.821734
0.821786
0.821627
0.821739
0.82174
0.821587
0.82169
0.821674
0.821667
0.821625
0.821621
0.821574
0.821631
0.821659
0.821691
0.821656
0.821512
0.821566
0.82169
0.82171
0.821729
0.821772
0.821733
0.821581
0.821643
0.821809
0.821704
0.821667
0.821687
0.821671
0.821681
0.82173
0.821601
0.821654
0.8218
0.821712
0.821767
0.821675
0.821603
0.821635
0.821607
0.82168
0.821716
0.821538
0.821651
0.821759
0.821593
0.821673
0.821642
0.82167
0.821754
0.821622
0.821589
0.821631
0.821669
0.821763
0.821684
0.821586
0.82165
0.821684
0.821577
0.821736
0.821734
0.821653
0.821616
0.821775
0.821739
0.82174
0.821614
0.821641
0.821765
0.821584
0.821654
0.821712
0.821644
0.821751
0.821695
0.821679
0.821697
0.82178
0.821694
0.821671
0.821705
0.821702
0.821718
0.821741
0.821717
0.82163
0.82174
0.821681
0.821655
0.821697
0.821747
0.821667
0.821724
0.821704
0.821668
0.821658
0.821702
0.821689
0.82166
0.82164
0.821683
0.821625
0.821755
0.821598
0.821871
0.821696
0.821652
0.821646
0.821633
0.821696
0.821831
0.821702
0.821692
0.821638
0.821707
0.821745
0.821674
0.821815
0.821742
0.82165
0.821686
0.821737
0.821622
0.821703
0.821636
0.821658
0.82172
0.821763
0.821657
0.821712
0.821608
0.821764
0.821637
0.821577
0.821622
0.82171
0.821702
0.821641
0.821701
0.8218
0.821639
0.821765
0.82165
0.821778
0.821745
0.821798
0.821621
0.821638
0.821829
0.821677
0.821733
0.821583
0.821593
0.821654
0.821699
0.821679
0.821673
0.821748
0.821783
0.821662
0.821714
0.8217
0.8217
0.821822
0.821691
0.821744
0.821719
0.821721
0.821836
0.821689
0.821647
0.821756
0.821766
0.821611
0.821609
0.821676
0.821702
0.821778
0.821747
0.821601
0.821676
0.821702
0.821737
0.821656
0.821602
0.821595
0.82168
0.821746
0.821668
0.821611
0.821589
0.821697
0.8217
0.821769
0.821685
0.821758
0.821612
0.821696
0.821664
0.821752
0.821567
0.821726
0.821681
0.821691
0.821626
0.821669
0.821637
0.821608
0.821734
0.821688
0.821618
0.821678
0.821746
0.821639
0.821626
0.821694
0.821708
0.821719
0.821627
0.821733
0.821733
0.821718
0.821749
0.821729
0.821752
0.821673
0.821742
0.821798
0.821743
0.82166
0.82179
0.821645
0.82163
0.821668
0.821671
0.821666
0.82154
0.821588
0.821607
0.821721
0.821634
0.821635
0.821755
0.821711
0.821666
0.821639
0.821651
0.821723
0.821677
0.821627
0.821624
0.82166
0.821756
0.821558
0.821754
0.821694
0.821725
0.821666
0.821672
0.821755
0.821542
0.821565
0.821681
0.821584
0.821613
0.821617
0.821742
0.821676
0.821785
0.821834
0.821706
0.821838
0.821697
0.821722
0.821732
0.821819
0.821634
0.821641
0.821665
0.821708
0.821709
0.821745
0.821623
0.821695
0.821703
0.821735
0.821592
0.821702
0.821602
0.821733
0.821752
0.821607
0.821694
0.821675
0.821726
0.821665
0.821626
0.821647
0.821629
0.821708
0.821649
0.821575
0.821663
0.821685
0.821737
0.821669
0.821543
0.821631
0.821647
0.821653
0.82172
0.821804
0.821672
0.821748
0.821674
0.82169
0.821663
0.82171
0.821663
0.821689
0.821751
0.821649
0.821695
0.821539
0.821681
0.821699
0.82166
0.821733
0.821793
0.821617
0.821783
0.821686
0.821752
0.82167
0.821677
0.82178
0.821752
0.821661
0.821654
0.821657
0.821706
0.821791
0.82166
0.82159
0.821621
0.821706
0.821751
0.821609
0.82171
0.821604
0.821759
0.821689
0.821627
0.821613
0.821664
0.821705
0.821713
0.821769
0.821728
0.821625
0.821753
0.821634
0.821707
0.821748
0.821628
0.821762
0.82155
0.821666
0.821713
0.821787
0.821663
0.821688
0.821762
0.821723
0.821645
0.821764
0.821617
0.821725
0.821772
0.821688
0.821709
0.821727
0.821666
0.821778
0.821604
0.821706
0.821562
0.821775
0.821713
0.821733
0.821854
0.821707
0.821743
0.821724
0.82168
0.821666
0.821618
0.821602
0.821685
0.821648
0.821722
0.821657
0.821725
0.82156
0.821575
0.821737
0.821673
0.821818
0.8217
0.821632
0.821568
0.82169
0.821592
0.821785
0.821796
0.821706
0.821735
0.82167
0.821806
0.821647
0.821827
0.821643
0.821572
0.821713
0.821679
0.821609
0.821693
0.821725
0.821693
0.821652
0.821528
0.821739
0.821753
0.821634
0.821586
0.821637
0.821693
0.821663
0.821634
0.82176
0.82171
0.821681
0.821621
0.821597
0.821766
0.821676
0.82171
0.821705
0.821681
0.821796
0.821652
0.821713
0.821692
0.821702
0.821749
0.82174
0.821664
0.821709
0.821675
0.82161
0.821699
0.821709
0.821683
0.821673
0.821556
0.821722
0.821586
0.821755
0.821589
0.821607
0.821737
0.821635
0.821753
0.821705
0.821646
0.821651
0.821788
0.821644
0.821667
0.821736
0.821683
0.821686
0.821736
0.821668
0.821765
0.821726
0.821726
0.821657
0.821608
0.821748
0.821675
0.821692
0.821665
0.821677
0.821566
0.821665
0.82169
0.821592
0.821672
0.821724
0.821725
0.821666
0.82161
0.821753
0.821655
0.821641
0.821745
0.821713
0.821617
0.821711
0.821658
0.821694
0.82168
0.821768
0.821596
0.821639
0.821601
0.821709
0.821593
0.821701
0.821698
0.821571
0.82168
0.821719
0.821722
0.821777
0.821681
0.821686
0.821731
0.821693
0.821755
0.8218
0.821534
0.821743
0.821703
0.821658
0.821657
0.821651
0.821753
0.8217
0.821514
0.821628
0.821674
0.821645
0.821732
0.821623
0.821688
0.82168
0.82176
0.821698
0.821746
0.821716
0.821763
0.821679
0.821644
0.821738
0.821673
0.821652
0.821686
0.821665
0.821635
0.821647
0.821678
0.821705
0.821646
0.821736
0.821606
0.821673
0.821724
0.821732
0.821625
0.821703
0.821668
0.821753
0.821659
0.821573
0.821603
0.821697
0.821684
0.821633
0.821765
0.821708
0.821636
0.821611
0.821715
0.821537
0.821636
0.821698
0.821694
0.821734
0.821714
0.821714
0.821697
0.821633
0.821654
0.821629
0.821691
0.821697
0.821793
0.821722
0.821757
0.82175
0.821767
0.821634
0.821695
0.821775
0.821778
0.821806
0.821634
0.821724
0.821691
0.821627
0.821761
0.821673
0.82168
0.82168
0.821656
0.821693
0.821726
0.821624
0.821661
0.821637
0.821687
0.821727
0.821752
0.8216
0.821689
0.821669
0.821644
0.821689
0.821623
0.821633
0.821641
0.821781
0.821664
0.821749
0.82177
0.821644
0.821528
0.821662
0.821693
0.821682
0.821795
0.821734
0.821677
0.821739
0.821601
0.821733
0.821711
0.82177
0.821699
0.821677
0.821694
0.821635
0.821665
0.821658
0.821832
0.821808
0.821634
0.82169
0.821675
0.821716
0.821682
0.821685
0.821649
0.821618
0.821752
0.821681
0.821673
0.821562
0.821754
0.821692
0.821673
0.821738
0.821699
0.821646
0.821647
0.821641
0.82166
0.82152
0.821656
0.821675
0.821691
0.821519
0.821584
0.821656
0.821738
0.821765
0.821701
0.821633
0.821661
0.821766
0.821719
0.821654
0.821631
0.821599
0.8216
0.82171
0.821584
0.821704
0.821646
0.821753
0.82165
0.821643
0.821749
0.821648
0.821703
0.821738
0.821774
0.821701
0.821735
0.82164
0.821652
0.821778
0.821635
0.821741
0.821618
0.82166
0.821769
0.82169
0.821694
0.821587
0.821722
0.82172
0.82171
0.821589
0.821714
0.821822
0.821759
0.821691
0.821588
0.821713
0.821602
0.821591
0.821705
0.821599
0.821741
0.821722
0.821654
0.821765
0.821676
0.821681
0.821648
0.821678
0.821751
0.821712
0.821678
0.821669
0.821767
0.821653
0.821619
0.821616
0.821679
0.821675
0.821692
0.821461
0.821616
0.821644
0.821667
0.821723
0.821634
0.821675
0.821672
0.821651
0.821701
0.821679
0.821805
0.821738
0.821638
0.821748
0.821675
0.821763
0.821757
0.821735
0.821786
0.82179
0.82169
0.821648
0.821662
0.821596
0.821554
0.821673
0.821778
0.821719
0.821632
0.821685
0.821733
0.821651
0.821773
0.82155
0.821694
0.821606
0.82165
0.821654
0.821641
0.821595
0.821636
0.821644
0.821518
0.821737
0.821646
0.821714
0.821687
0.821714
0.821678
0.821759
0.821674
0.821645
0.821678
0.821689
0.821735
0.821577
0.821693
0.821702
0.821648
0.821762
0.821742
0.821667
0.821661
0.821757
0.821648
0.821688
0.821604
0.821743
0.821567
0.821535
0.821638
0.821743
0.821731
0.821664
0.821718
0.821701
0.821754
0.821573
0.82166
0.821753
0.821656
0.821626
0.821677
0.821668
0.821635
0.821674
0.821625
0.82158
0.821695
0.821556
0.821694
0.821663
0.821608
0.821652
0.821701
0.82168
0.82161
0.8216
0.821649
0.821671
0.821589
0.821706
0.82177
0.821641
0.821665
0.821711
0.821639
0.821686
0.821738
0.821625
0.821632
0.821777
0.821769
0.82164
0.821723
0.82166
0.821696
0.821688
0.821655
0.821662
0.821598
0.82174
0.821828
0.821519
0.821665
0.821762
0.821644
0.821689
0.821673
0.8216
0.82176
0.821647
0.821761
0.821652
0.821667
0.821662
0.82171
0.821761
0.82166
0.821683
0.8216
0.821656
0.821751
0.821771
0.821734
0.821672
0.821702
0.82167
0.821603
0.821702
0.821709
0.821679
0.821731
0.821789
0.821687
0.821683
0.82164
0.821527
0.821687
0.821493
0.821659
0.821662
0.821683
0.82171
0.821747
0.821678
0.821766
0.821615
0.821669
0.821687
0.821682
0.821741
0.821839
0.821757
0.821676
0.821577
0.821679
0.821677
0.821653
0.821672
0.821563
0.821695
0.821554
0.821715
0.821638
0.821669
0.821568
0.821582
0.821725
0.821719
0.82165
0.821686
0.821762
0.821635
0.821694
0.821686
0.821755
0.821702
0.821652
0.821624
0.821657
0.821663
0.821612
0.821558
0.821689
0.821667
0.821653
0.821644
0.821627
0.821624
0.821759
0.821636
0.821681
0.821639
0.82171
0.821661
0.821721
0.821713
0.821754
0.821829
0.82163
0.821621
0.821737
0.821662
0.821692
0.821754
0.821623
0.821577
0.82162
0.821759
0.821678
0.821587
0.821793
0.821808
0.821615
0.82168
0.82159
0.82178
0.821609
0.821676
0.821663
0.821693
0.82167
0.821732
0.821706
0.821741
0.821618
0.821641
0.821548
0.821677
0.821722
0.821607
0.821763
0.821636
0.821668
0.821723
0.821651
0.821637
0.821634
0.821554
0.821644
0.821798
0.821655
0.821784
0.821617
0.821719
0.821664
0.821732
0.821626
0.821794
0.821659
0.821691
0.821692
0.821749
0.82165
0.821565
0.821588
0.821599
0.821808
0.821668
0.821698
0.821717
0.821639
0.821716
0.821712
0.821707
0.821621
0.821701
0.821599
0.821749
0.821713
0.821691
0.821718
0.82164
0.821583
0.821713
0.821714
0.821729
0.821713
0.821671
0.821723
0.82162
0.821678
0.821679
0.821693
0.821645
0.821707
0.821582
0.821706
0.82162
0.821724
0.821721
0.82169
0.821606
0.821629
0.821767
0.8217
0.821679
0.821691
0.821739
0.821711
0.821731
0.821687
0.821728
0.821663
0.821558
0.821718
0.821763
0.821699
0.821643
0.821735
0.821653
0.82182
0.821615
0.821625
0.821594
0.821809
0.821758
0.821602
0.821643
0.8217
0.821751
0.821741
0.821627
0.821651
0.821581
0.821696
0.8218
0.821675
0.821549
0.821695
0.821739
0.821614
0.821588
0.821596
0.821594
0.821777
0.821753
0.821647
0.821599
0.821807
0.821745
0.821551
0.821668
0.821593
0.821742
0.821649
0.821651
0.821716
0.821598
0.821665
0.821652
0.82166
0.821613
0.821706
0.821675
0.821601
0.821722
0.821656
0.821728
0.821609
0.821653
0.821717
0.821674
0.8218
0.821615
0.821731
0.821671
0.821617
0.821687
0.821637
0.821686
0.821648
0.821677
0.821732
0.821641
0.821658
0.821639
0.821611
0.821676
0.821719
0.821693
0.821678
0.821708
0.821723
0.821728
0.82168
0.821678
0.82173
0.821673
0.821723
0.821701
0.821699
0.821657
0.821636
0.821602
0.821732
0.821718
0.821661
0.82167
0.821575
0.821731
0.821659
0.821681
0.821588
0.82163
0.821708
0.821705
0.821744
0.82173
0.821808
0.821801
0.821664
0.821683
0.821673
0.821688
0.821662
0.82163
0.821675
0.821691
0.821663
0.821712
0.821575
0.821824
0.821662
0.821726
0.82171
0.821663
0.821772
0.821707
0.82169
0.82187
0.821644
0.821694
0.821778
0.821766
0.821707
0.821633
0.821624
0.821707
0.821732
0.821592
0.821696
0.821797
0.82175
0.821674
0.821687
0.821718
0.821722
0.821751
0.821664
0.821724
0.821708
0.821649
0.821655
0.821742
0.821661
0.821824
0.821695
0.821793
0.821532
0.821713
0.821735
0.821653
0.821718
0.82157
0.82171
0.821678
0.821763
0.821739
0.821642
0.821671
0.821638
0.821618
0.821644
0.821705
0.821703
0.821631
0.821713
0.821689
0.821658
0.821617
0.821654
0.821671
0.821812
0.821597
0.821585
0.821713
0.821632
0.821651
0.821754
0.821719
0.821593
0.82162
0.821643
0.821654
0.821682
0.821773
0.821685
0.821646
0.821731
0.821683
0.821653
0.821698
0.821796
0.821622
0.821636
0.821694
0.821772
0.821665
0.821706
0.821583
0.82164
0.821703
0.821673
0.821649
0.821696
0.82164
0.821792
0.821639
0.821825
0.82169
0.821803
0.821657
0.821679
0.821782
0.821601
0.821575
0.821754
0.821696
0.821723
0.821677
0.821745
0.821698
0.821717
0.821653
0.821769
0.821674
0.821625
0.821661
0.821722
0.821605
0.821661
0.82162
0.821744
0.821683
0.821738
0.821717
0.821683
0.821659
0.821613
0.82172
0.821673
0.821701
0.82164
0.821571
0.821503
0.821692
0.821608
0.821659
0.821678
0.821685
0.821627
0.821634
0.821757
0.821622
0.821717
0.821714
0.821669
0.821725
0.821621
0.821751
0.821637
0.821556
0.821686
0.821619
0.821723
0.821753
0.821799
0.821716
0.821698
0.821711
0.821753
0.821828
0.82168
0.821684
0.821705
0.821577
0.821683
0.821752
0.821721
0.821647
0.821716
0.821597
0.821636
0.82161
0.821593
0.82163
0.821585
0.821594
0.821657
0.821701
0.82167
0.821716
0.821788
0.821568
0.8216
0.821694
0.821607
0.821675
0.821669
0.821636
0.821562
0.821663
0.821683
0.821669
0.821616
0.821675
0.821708
0.821579
0.821728
0.821729
0.821756
0.821605
0.82171
0.82163
0.821669
0.821702
0.821664
0.821653
0.821604
0.821686
0.821666
0.821576
0.821627
0.821757
0.821642
0.82168
0.821757
0.821661
0.821552
0.821615
0.821712
0.821739
0.821607
0.821611
0.821648
0.821746
0.821709
0.821672
0.821615
0.821677
0.821619
0.821673
0.821627
0.821686
0.821645
0.821719
0.821685
0.821603
0.821608
0.821685
0.821691
0.82176
0.821712
0.821627
0.821565
0.821786
0.821668
0.821841
0.821751
0.821583
0.821743
0.821679
0.821699
0.821776
0.821657
0.82173
0.821732
0.821674
0.821671
0.821657
0.821724
0.821675
0.82152
0.821692
0.821602
0.821618
0.821766
0.821705
0.821691
0.821585
0.821784
0.82168
0.821703
0.821556
0.821692
0.821577
0.821654
0.821661
0.821646
0.821595
0.821728
0.821607
0.821707
0.821692
0.821682
0.821679
0.821716
0.821666
0.821633
0.821735
0.821563
0.821661
0.821614
0.821672
0.821701
0.821733
0.821633
0.821729
0.821706
0.821619
0.821666
0.821702
0.821632
0.821659
0.82174
0.821758
0.821774
0.821641
0.821724
0.82164
0.821692
0.821664
0.821724
0.82175
0.821651
0.8216
0.821694
0.821614
0.821646
0.821743
0.821625
0.821636
0.82173
0.821604
0.821612
0.821645
0.82167
0.821692
0.821793
0.821787
0.82169
0.821663
0.821593
0.821683
0.821635
0.821718
0.821742
0.821635
0.821659
0.821749
0.821554
0.821681
0.821559
0.821694
0.821761
0.82173
0.821556
0.821688
0.821715
0.821701
0.821672
0.821673
0.821767
0.821746
0.821655
0.821636
0.821653
0.821716
0.821634
0.821589
0.821545
0.82166
0.821637
0.821665
0.821589
0.821635
0.821668
0.821701
0.821677
0.821761
0.821611
0.821605
0.821659
0.821706
0.821596
0.821686
0.821781
0.821667
0.821595
0.821634
0.821599
0.821664
0.821621
0.821645
0.821573
0.82164
0.821698
0.821719
0.821632
0.821716
0.821797
0.821719
0.821722
0.821611
0.821743
0.821632
0.821665
0.821748
0.821791
0.821688
0.821733
0.821704
0.821622
0.821758
0.82162
0.821695
0.821673
0.821603
0.821696
0.821755
0.821683
0.821804
0.821753
0.821641
0.821728
0.82174
0.821715
0.821628
0.821704
0.821678
0.821673
0.821675
0.821754
0.821665
0.821633
0.821666
0.82161
0.82167
0.821618
0.821696
0.821717
0.821629
0.821752
0.821712
0.821655
0.821694
0.821708
0.821593
0.821738
0.821669
0.821676
0.821686
0.821753
0.821682
0.821709
0.821675
0.821593
0.821688
0.821583
0.82173
0.821707
0.821584
0.821695
0.821726
0.821669
0.821736
0.821639
0.821704
0.821657
0.821781
0.821697
0.821732
0.821767
0.821805
0.821685
0.821763
0.821656
0.821677
0.821654
0.821586
0.821761
0.821556
0.821672
0.821659
0.821738
0.821643
0.821707
0.821717
0.821607
0.821688
0.821651
0.821633
0.821773
0.821616
0.821785
0.821623
0.821495
0.821664
0.821705
0.821682
0.821618
0.821735
0.821735
0.821736
0.821751
0.821669
0.821698
0.821727
0.821703
0.821719
0.821718
0.821671
0.821741
0.821597
0.821816
0.8217
0.82164
0.821713
0.821668
0.821773
0.82165
0.821748
0.821686
0.821648
0.821803
0.821689
0.821712
0.821636
0.821626
0.821624
0.821595
0.821748
0.821684
0.821643
0.821732
0.821658
0.821624
0.821653
0.821617
0.821702
0.821616
0.821695
0.821823
0.821696
0.821663
0.821538
0.821641
0.821716
0.821699
0.821663
0.821621
0.821611
0.821684
0.821782
0.821653
0.821607
0.821534
0.821636
0.821812
0.82166
0.821691
0.821663
0.821727
0.821533
0.821576
0.821731
0.821608
0.821696
0.821633
0.821653
0.821681
0.821764
0.821667
0.821756
0.821705
0.82166
0.821751
0.821597
0.821747
0.82174
0.821706
0.821643
0.821589
0.821621
0.821664
0.821595
0.821667
0.821739
0.821621
0.821745
0.821697
0.821587
0.821589
0.821775
0.821682
0.821683
0.821727
0.821803
0.821633
0.821652
0.821557
0.821694
0.821668
0.821579
0.821651
0.821691
0.821574
0.821663
0.821695
0.821648
0.821721
0.821749
0.82164
0.821671
0.821743
0.821688
0.821744
0.821683
0.821661
0.821689
0.821757
0.821789
0.821714
0.821685
0.821489
0.821676
0.821694
0.821736
0.821722
0.821745
0.821624
0.821682
0.821649
0.821756
0.821686
0.821657
0.821726
0.821721
0.82168
0.821694
0.821583
0.821705
0.82159
0.821659
0.821663
0.821715
0.82173
0.821661
0.821642
0.821596
0.821648
0.821678
0.821622
0.821591
0.821673
0.821755
0.82171
0.821717
0.821642
0.821675
0.821659
0.821622
0.821702
0.821804
0.821712
0.821548
0.821627
0.821612
0.821705
0.821635
0.82175
0.821658
0.821609
0.821659
0.821729
0.821739
0.821674
0.821737
0.821635
0.821627
0.821689
0.821698
0.821608
0.821666
0.821751
0.821551
0.821858
0.821691
0.821582
0.821681
0.821772
0.821814
0.821698
0.821578
0.821731
0.821652
0.821762
0.821675
0.821596
0.821717
0.8217
0.821687
0.821635
0.821687
0.821688
0.821527
0.82173
0.821667
0.821688
0.821695
0.821731
0.821648
0.821667
0.82174
0.821654
0.821723
0.821704
0.821746
0.821705
0.82171
0.821732
0.821734
0.821741
0.821564
0.821615
0.821644
0.821662
0.821695
0.821711
0.821637
0.821678
0.821632
0.821629
0.821709
0.821607
0.821792
0.821704
0.821756
0.82176
0.821629
0.821777
0.82164
0.821653
0.82168
0.821612
0.821594
0.82163
0.821652
0.821762
0.821635
0.821729
0.821593
0.821669
0.821725
0.821666
0.821653
0.821733
0.821669
0.821667
0.821622
0.821624
0.821764
0.821646
0.821633
0.821563
0.821671
0.821732
0.821662
0.821752
0.821646
0.821608
0.82164
0.821626
0.821631
0.821669
0.821755
0.821708
0.821685
0.821681
0.821711
0.821687
0.821779
0.821626
0.821712
0.821661
0.821643
0.821631
0.821709
0.821715
0.821689
0.821642
0.821712
0.821676
0.821733
0.821721
0.82181
0.821676
0.821673
0.821627
0.821666
0.821563
0.821683
0.821684
0.821702
0.821698
0.821763
0.821683
0.821678
0.821585
0.821754
0.82163
0.821682
0.821643
0.821559
0.82161
0.82159
0.821598
0.821637
0.821711
0.821655
0.821632
0.8216
0.821615
0.821824
0.821771
0.821725
0.821705
0.821691
0.821773
0.821723
0.821687
0.821675
0.821673
0.821585
0.821774
0.821721
0.82158
0.821641
0.821675
0.821733
0.821482
0.821771
0.821703
0.821703
0.82167
0.821673
0.82169
0.821677
0.821755
0.821735
0.821575
0.821759
0.821722
0.821774
0.821657
0.821648
0.821625
0.821661
0.821668
0.82151
0.821697
0.821723
0.82165
0.821763
0.821582
0.821771
0.821684
0.821659
0.821664
0.821588
0.821673
0.821715
0.821708
0.821712
0.821566
0.82168
0.821688
0.821648
0.821694
0.821695
0.821682
0.821698
0.821757
0.821726
0.821762
0.821643
0.821692
0.8217
0.821679
0.821618
0.821687
0.821771
0.821672
0.821737
0.821663
0.821595
0.82174
0.821689
0.82178
0.821727
0.8217
0.821615
0.821696
0.821712
0.821654
0.821681
0.821688
0.82172
0.821797
0.821695
0.821611
0.821775
0.821651
0.821634
0.821679
0.821657
0.821633
0.821634
0.821633
0.821663
0.821678
0.821727
0.821501
0.821592
0.821824
0.82176
0.821712
0.821736
0.82173
0.821733
0.821617
0.821653
0.821638
0.821637
0.821779
0.82169
0.821752
0.821817
0.821585
0.821663
0.821696
0.821557
0.821646
0.82165
0.821671
0.821702
0.821686
0.821603
0.821702
0.821803
0.821675
0.821727
0.821808
0.821678
0.821686
0.821656
0.821723
0.821699
0.821721
0.821725
0.821628
0.821658
0.82154
0.821632
0.82168
0.821657
0.821644
0.821629
0.821727
0.821644
0.821739
0.821597
0.821647
0.821739
0.821694
0.821631
0.821738
0.821592
0.82167
0.821652
0.821672
0.821676
0.821602
0.821663
0.821681
0.821809
0.821687
0.821648
0.821766
0.821603
0.821762
0.821625
0.821638
0.821695
0.821576
0.821588
0.821614
0.821575
0.821698
0.821677
0.821568
0.821789
0.821714
0.821604
0.821609
0.821735
0.821643
0.821726
0.821755
0.821696
0.821767
0.821723
0.821736
0.821649
0.821571
0.821664
0.821747
0.821779
0.821756
0.821726
0.821614
0.821614
0.82167
0.821685
0.821729
0.821743
0.821685
0.821598
0.821675
0.821634
0.82177
0.821736
0.821666
0.821587
0.821615
0.821715
0.821574
0.821752
0.821665
0.821723
0.821669
0.821661
0.821661
0.821673
0.821692
0.821649
0.82175
0.821765
0.82171
0.821646
0.821701
0.82175
0.821693
0.821703
0.821612
0.821642
0.821744
0.821685
0.821638
0.82166
0.821598
0.821658
0.821737
0.821632
0.821618
0.82179
0.821729
0.821702
0.821654
0.821589
0.821576
0.821761
0.821591
0.821709
0.82178
0.821636
0.821649
0.821682
0.821791
0.821686
0.821714
0.821596
0.821646
0.821685
0.821737
0.821626
0.821616
0.821638
0.821731
0.821658
0.821712
0.821588
0.821602
0.821608
0.821651
0.821659
0.821622
0.821666
0.821673
0.821698
0.821722
0.821769
0.82168
0.821726
0.821694
0.821667
0.821752
0.821715
0.82174
0.821605
0.821513
0.821804
0.821709
0.821598
0.821704
0.821653
0.82177
0.821647
0.821637
0.821787
0.821768
0.821634
0.821594
0.821654
0.821653
0.821635
0.821703
0.8217
0.821671
0.82168
0.821748
0.821636
0.821635
0.821587
0.821612
0.821626
0.821603
0.821603
0.821608
0.821694
0.821669
0.82153
0.821538
0.82169
0.821826
0.821626
0.821628
0.821703
0.821648
0.821697
0.821717
0.821653
0.821721
0.821662
0.821652
0.821558
0.821564
0.821566
0.821769
0.821838
0.821732
0.821662
0.821655
0.821733
0.82165
0.821745
0.821743
0.821636
0.821577
0.821668
0.821653
0.821695
0.821734
0.82163
0.821677
0.82169
0.821757
0.821627
0.821706
0.821726
0.82176
0.821686
0.821699
0.821716
0.8216
0.82172
0.821717
0.821734
0.821699
0.821715
0.821789
0.821803
0.821692
0.821686
0.821587
0.821665
0.821644
0.821632
0.821676
0.821681
0.821637
0.821655
0.821756
0.821707
0.821709
0.821639
0.82172
0.821705
0.821841
0.821594
0.821686
0.821756
0.821615
0.821647
0.821681
0.821734
0.821631
0.82173
0.821664
0.821761
0.821634
0.821679
0.821699
0.821696
0.821646
0.821706
0.821682
0.821742
0.821624
0.821774
0.821704
0.821822
0.821728
0.821607
0.821664
0.821695
0.821818
0.821679
0.821647
0.821675
0.821702
0.821738
0.821809
0.821738
0.821633
0.821696
0.821605
0.82166
0.821646
0.821588
0.821716
0.821601
0.821758
0.82155
0.821756
0.82166
0.821676
0.821637
0.82181
0.821749
0.821726
0.821786
0.82167
0.821545
0.821632
0.821662
0.821592
0.821605
0.82175
0.821706
0.821562
0.821675
0.821673
0.821618
0.821819
0.821711
0.821508
0.821728
0.821821
0.8217
0.821739
0.82163
0.821694
0.821719
0.821647
0.82162
0.821762
0.821619
0.821645
0.821719
0.821584
0.821703
0.821663
0.821787
0.821661
0.821653
0.821634
0.821763
0.821775
0.821754
0.821787
0.821663
0.821744
0.821653
0.821641
0.821799
0.82163
0.821729
0.821553
0.821662
0.821719
0.821805
0.821702
0.821725
0.82164
0.82178
0.821707
0.821687
0.821738
0.821718
0.821714
0.821618
0.821763
0.821604
0.821634
0.821665
0.821628
0.821648
0.821591
0.821663
0.821656
0.821627
0.821801
0.821661
0.821619
0.821691
0.82157
0.821661
0.821729
0.821729
0.821666
0.821666
0.821694
0.821734
0.821642
0.821609
0.821671
0.821681
0.821644
0.82171
0.821706
0.821709
0.821681
0.82161
0.821712
0.821602
0.821764
0.821669
0.821697
0.821791
0.821756
0.821765
0.821552
0.821814
0.821751
0.821629
0.821673
0.821717
0.821677
0.821698
0.821617
0.821711
0.821691
0.821554
0.821589
0.821696
0.821635
0.82163
0.821805
0.821608
0.821709
0.821707
0.821726
0.821645
0.821591
0.821614
0.82169
0.821653
0.821753
0.82171
0.821731
0.821638
0.821597
0.821599
0.821641
0.821611
0.821554
0.821675
0.821771
0.821613
0.821747
0.821648
0.821713
0.821636
0.821653
0.821679
0.821759
0.821737
0.82176
0.821641
0.821806
0.821653
0.821711
0.821669
0.821691
0.82167
0.821731
0.821663
0.821847
0.821586
0.821651
0.82155
0.821602
0.821621
0.82167
0.821636
0.821602
0.821681
0.821665
0.821582
0.821682
0.821722
0.821625
0.821577
0.821691
0.821689
0.821645
0.821717
0.821701
0.821642
0.82167
0.821657
0.821714
0.821769
0.821791
0.821602
0.821702
0.821776
0.821719
0.821618
0.821588
0.82168
0.821779
0.821686
0.821702
0.821711
0.821741
0.821662
0.821727
0.821744
0.821717
0.821745
0.821712
0.82168
0.821669
0.821691
0.821566
0.821609
0.821658
0.8217
0.821667
0.82164
0.821731
0.821636
0.82171
0.821698
0.821649
0.821732
0.821669
0.821626
0.821648
0.821689
0.821762
0.821688
0.821717
0.821601
0.821569
0.82165
0.821755
0.821678
0.821678
0.821718
0.821654
0.821734
0.821675
0.821687
0.821699
0.821616
0.821676
0.821677
0.821669
0.821611
0.821657
0.821732
0.821798
0.821729
0.821654
0.821568
0.821604
0.821686
0.821632
0.821665
0.821688
0.821627
0.821583
0.821653
0.82169
0.821667
0.821688
0.82159
0.821605
0.821656
0.821678
0.821591
0.821654
0.8217
0.821712
0.821721
0.821706
0.821732
0.821637
0.821686
0.821614
0.82164
0.821734
0.821755
0.821591
0.821709
0.821745
0.821697
0.821657
0.821658
0.821812
0.821655
0.821604
0.821797
0.821712
0.821738
0.82171
0.821702
0.821624
0.821749
0.821739
0.821688
0.821656
0.821649
0.821628
0.821719
0.821749
0.821705
0.821671
0.821592
0.821659
0.821658
0.821655
0.821659
0.821761
0.821657
0.82171
0.821657
0.821645
0.821644
0.821737
0.821645
0.821708
0.821635
0.821536
0.821711
0.821622
0.821672
0.821719
0.821522
0.821715
0.821585
0.821697
0.821634
0.821701
0.821734
0.821683
0.821702
0.82169
0.821629
0.821723
0.821744
0.821642
0.821731
0.821727
0.821616
0.821741
0.821736
0.82166
0.82164
0.821634
0.82166
0.821617
0.821585
0.821728
0.821659
0.82165
0.821671
0.821622
0.821663
0.82176
0.821755
0.821618
0.821582
0.821723
0.821621
0.821639
0.821727
0.8217
0.821827
0.821675
0.821526
0.82161
0.821695
0.821737
0.821658
0.821696
0.821735
0.821651
0.821684
0.821579
0.821731
0.821649
0.82179
0.821758
0.821675
0.821523
0.821706
0.82157
0.821631
0.821655
0.821679
0.821625
0.82159
0.821744
0.821725
0.821691
0.821649
0.821722
0.821675
0.821749
0.821673
0.821768
0.821738
0.821722
0.82165
0.821766
0.821699
0.821646
0.821637
0.821674
0.821795
0.821756
0.821686
0.82168
0.821715
0.821652
0.821687
0.821591
0.82165
0.82175
0.821649
0.821769
0.821634
0.821728
0.821662
0.821687
0.821773
0.821699
0.821623
0.821617
0.821714
0.821693
0.821788
0.821753
0.821619
0.821812
0.82175
0.821756
0.821785
0.821669
0.821526
0.821647
0.821723
0.821722
0.821587
0.82173
0.821641
0.821704
0.821671
0.821702
0.821675
0.82167
0.821786
0.821768
0.8216
0.82149
0.821708
0.821587
0.821779
0.821692
0.82151
0.821664
0.821776
0.821784
0.82151
0.821764
0.821697
0.821701
0.821759
0.821682
0.821743
0.821751
0.821696
0.821623
0.821665
0.821718
0.821675
0.821676
0.821651
0.82177
0.821667
0.821716
0.821645
0.821758
0.821591
0.821707
0.821604
0.821677
0.821643
0.821688
0.821728
0.82178
0.821647
0.821779
0.821657
0.821696
0.821704
0.8216
0.821718
0.82166
0.821701
0.821839
0.821798
0.821631
0.82173
0.821721
0.821667
0.821576
0.821747
0.821698
0.821696
0.821698
0.821687
0.82162
0.821667
0.82169
0.821651
0.821638
0.821782
0.821737
0.821605
0.821611
0.8217
0.821704
0.821721
0.821689
0.821626
0.82167
0.821691
0.821816
0.821761
0.821706
0.821721
0.821675
0.821621
0.82167
0.82156
0.821718
0.82172
0.821769
0.821712
0.821611
0.821712
0.821613
0.821643
0.821713
0.821627
0.82166
0.821609
0.821742
0.821738
0.821805
0.821796
0.821719
0.821723
0.821614
0.821727
0.821656
0.821751
0.821798
0.821746
0.821666
0.821729
0.821648
0.821682
0.821765
0.821708
0.821683
0.821671
0.821544
0.821624
0.821806
0.821666
0.821545
0.821605
0.821621
0.821687
0.821644
0.821745
0.821743
0.821647
0.821692
0.821755
0.821751
0.821725
0.821717
0.821631
0.821736
0.821656
0.821588
0.821692
0.821858
0.821641
0.821798
0.821722
0.821623
0.821712
0.821642
0.821662
0.821712
0.821726
0.821631
0.821692
0.821589
0.821628
0.821807
0.821585
0.821731
0.821645
0.82159
0.821636
0.821613
0.821677
0.821742
0.821634
0.821717
0.821717
0.82167
0.821563
0.821708
0.821639
0.821629
0.821699
0.82169
0.821711
0.821688
0.821719
0.821587
0.821758
0.821648
0.821751
0.821721
0.82159
0.821763
0.821612
0.821666
0.821596
0.821724
0.821694
0.821677
0.821671
0.821621
0.821837
0.821723
0.821659
0.821686
0.821649
0.821646
0.82164
0.821627
0.821637
0.82174
0.821632
0.821664
0.821618
0.821749
0.82169
0.821559
0.821698
0.821701
0.821654
0.821681
0.821641
0.821722
0.821787
0.821624
0.821655
0.821676
0.821724
0.821638
0.821732
0.821688
0.821656
0.821754
0.82175
0.82168
0.821717
0.821669
0.821635
0.821768
0.82167
0.821729
0.821651
0.821703
0.821673
0.82172
0.821689
0.821785
0.821796
0.82168
0.821654
0.82171
0.821644
0.821749
0.821674
0.821665
0.821576
0.821716
0.821711
0.821665
0.8217
0.821761
0.821636
0.821607
0.821682
0.821568
0.82161
0.821689
0.821646
0.82169
0.821662
0.821681
0.821734
0.821639
0.821766
0.821717
0.821678
0.821758
0.821579
0.821711
0.821628
0.821731
0.821671
0.82164
0.821728
0.821707
0.821605
0.821623
0.821683
0.82177
0.821658
0.821709
0.821667
0.821712
0.821711
0.821755
0.821635
0.821673
0.821786
0.821795
0.821683
0.821702
0.821644
0.821673
0.821594
0.821627
0.821702
0.821665
0.821738
0.821614
0.821735
0.821681
0.821649
0.821585
0.82167
0.82172
0.821645
0.821656
0.821601
0.821643
0.8217
0.821745
0.82166
0.821588
0.821679
0.821666
0.821629
0.821554
0.821745
0.821681
0.82166
0.821659
0.821669
0.821703
0.821676
0.821679
0.821672
0.821603
0.821711
0.821595
0.821703
0.821662
0.821714
0.821672
0.821621
0.821735
0.821763
0.821779
0.821745
0.821692
0.821678
0.821819
0.821675
0.821584
0.821654
0.821675
0.821613
0.821657
0.821667
0.821679
0.821622
0.821757
0.821696
0.821646
0.821742
0.821582
0.821678
0.82165
0.82168
0.821661
0.821751
0.821706
0.821671
0.821647
0.821769
0.82177
0.821653
0.821703
0.821625
0.821828
0.821514
0.8217
0.821712
0.821649
0.821698
0.82168
0.821647
0.821759
0.821583
0.821618
0.821749
0.821698
0.821716
0.821742
0.821679
0.821693
0.821624
0.821626
0.821611
0.821719
0.821732
0.821662
0.821698
0.821536
0.821592
0.821766
0.821672
0.821708
0.821598
0.821635
0.821686
0.821734
0.821576
0.821694
0.821708
0.821707
0.821619
0.821782
0.82167
0.821618
0.82173
0.821591
0.821555
0.821813
0.821633
0.82167
0.821698
0.821706
0.821587
0.821648
0.821684
0.821728
0.821787
0.821671
0.821746
0.821746
0.82162
0.821657
0.821679
0.821615
0.821736
0.821671
0.821724
0.821685
0.821702
0.821649
0.821651
0.821527
0.82181
0.821716
0.821531
0.82172
0.821823
0.82169
0.821556
0.821783
0.821674
0.821769
0.821652
0.821652
0.821553
0.821682
0.821576
0.821681
0.821658
0.821715
0.821652
0.82175
0.821637
0.821674
0.821662
0.821786
0.821685
0.821619
0.821752
0.821707
0.821624
0.821596
0.821653
0.821749
0.821864
0.821808
0.821667
0.821702
0.821642
0.821706
