0.95552
0.956846
0.957982
0.956737
0.956666
0.957377
0.956288
0.956702
0.95655
0.956844
0.955543
0.956772
0.955449
0.957895
0.956413
0.957632
0.956049
0.957671
0.957481
0.957416
0.95747
0.956331
0.95522
0.958135
0.957407
0.955539
0.957509
0.95549
0.955748
0.956771
0.956752
0.955791
0.957819
0.95767
0.957903
0.955843
0.955031
0.956954
0.957515
0.955283
0.956693
0.957583
0.956702
0.956939
0.956142
0.955183
0.958702
0.957663
0.957365
0.957845
0.95625
0.955991
0.958667
0.957315
0.957616
0.955947
0.956227
0.955787
0.956476
0.957448
0.956298
0.958597
0.957061
0.955178
0.955648
0.956233
0.956769
0.955741
0.956618
0.957587
0.956147
0.956734
0.953524
0.957793
0.95666
0.955819
0.955931
0.958094
0.957139
0.957225
0.956299
0.955399
0.955163
0.956964
0.955978
0.955556
0.957194
0.956729
0.956455
0.956046
0.956514
0.956802
0.95751
0.957729
0.956835
0.955599
0.956389
0.957757
0.956789
0.955341
0.95762
0.958822
0.956932
0.957308
0.955332
0.958199
0.957644
0.957567
0.957267
0.956738
0.956481
0.956864
0.955997
0.955912
0.957862
0.958259
0.956659
0.957256
0.957194
0.955468
0.957944
0.95765
0.957421
0.95731
0.957234
0.957437
0.957564
0.957359
0.955238
0.957408
0.957671
0.95681
0.955053
0.956288
0.955373
0.957336
0.954618
0.956615
0.955588
0.956527
0.958171
0.954127
0.956094
0.957128
0.95599
0.95494
0.956513
0.956957
0.955331
0.956426
0.956237
0.958408
0.956077
0.956142
0.956941
0.956307
0.956002
0.95627
0.957372
0.956855
0.956828
0.956126
0.955914
0.957892
0.955909
0.955429
0.959427
0.956254
0.957941
0.956555
0.956524
0.956112
0.957422
0.957495
0.956004
0.95642
0.956543
0.957087
0.956893
0.95749
0.957878
0.957744
0.95707
0.955462
0.956772
0.957137
0.956406
0.956657
0.956676
0.955742
0.957512
0.957091
0.957479
0.95782
0.955638
0.957026
0.95761
0.957508
0.957557
0.959143
0.955948
0.957621
0.957673
0.956448
0.956554
0.958976
0.955799
0.956627
0.957324
0.957097
0.955076
0.956202
0.957326
0.957231
0.957348
0.957191
0.956628
0.955795
0.95593
0.956067
0.956588
0.955966
0.956599
0.957318
0.957536
0.956276
0.958106
0.957904
0.957564
0.957109
0.957469
0.955961
0.957342
0.956154
0.95548
0.957986
0.957999
0.958459
0.956611
0.956571
0.955994
0.95536
0.956756
0.956919
0.957103
0.956362
0.958136
0.957127
0.957318
0.956273
0.957572
0.957465
0.956976
0.956722
0.956715
0.956831
0.956392
0.956995
0.957986
0.95849
0.95657
0.957275
0.958074
0.957846
0.954253
0.957762
0.957602
0.956781
0.956568
0.9564
0.95774
0.954822
0.95678
0.957065
0.957962
0.9579
0.957485
0.956399
0.955691
0.957838
0.955851
0.957339
0.956631
0.958327
0.957868
0.955554
0.957993
0.957849
0.954556
0.957335
0.958402
0.957027
0.955989
0.957428
0.956532
0.95639
0.957717
0.95625
0.957452
0.956259
0.95687
0.956252
0.955609
0.957241
0.957537
0.95501
0.956576
0.956774
0.955839
0.957469
0.958055
0.955917
0.956841
0.9567
0.956459
0.957696
0.956069
0.957158
0.958421
0.956184
0.955502
0.956172
0.957841
0.957324
0.957133
0.95605
0.956784
0.955053
0.957698
0.956618
0.955024
0.955407
0.956541
0.957792
0.958122
0.956639
0.958052
0.954531
0.955447
0.95528
0.958193
0.9567
0.957135
0.955016
0.955414
0.955886
0.958951
0.957229
0.955436
0.958755
0.95548
0.956114
0.95747
0.958357
0.958617
0.956051
0.956192
0.958469
0.955867
0.95847
0.956996
0.95702
0.956738
0.956469
0.957762
0.957135
0.958358
0.956446
0.958663
0.955125
0.957899
0.956222
0.956451
0.956609
0.9572
0.956351
0.956032
0.957082
0.957392
0.956866
0.955584
0.958528
0.958258
0.95721
0.959044
0.957402
0.957094
0.956631
0.956616
0.956966
0.956712
0.957621
0.956355
0.955786
0.955839
0.956717
0.956804
0.955332
0.957861
0.957026
0.955752
0.958199
0.956667
0.957033
0.955428
0.957302
0.956719
0.956306
0.955994
0.958151
0.95735
0.957205
0.955394
0.957749
0.956599
0.956526
0.957052
0.955823
0.956615
0.95569
0.958915
0.957054
0.957563
0.957286
0.957641
0.956928
0.956385
0.959254
0.956318
0.955599
0.955456
0.955927
0.957386
0.956678
0.954992
0.956946
0.955331
0.956891
0.956044
0.957763
0.957726
0.956925
0.956342
0.956921
0.956587
0.957536
0.955875
0.955665
0.95719
0.956483
0.956797
0.956858
0.958465
0.956637
0.955577
0.956024
0.956237
0.957065
0.956915
0.957069
0.957775
0.956683
0.95573
0.957366
0.957665
0.957228
0.957234
0.956961
0.955529
0.956911
0.95656
0.958009
0.954582
0.956424
0.957656
0.956711
0.957341
0.95697
0.957161
0.956486
0.956873
0.955819
0.957363
0.956957
0.957888
0.956096
0.956827
0.957634
0.957011
0.956732
0.956639
0.956589
0.955579
0.956485
0.956676
0.955738
0.956986
0.954521
0.956748
0.95565
0.956674
0.957984
0.958444
0.956035
0.955907
0.957086
0.953905
0.95899
0.956797
0.956147
0.956356
0.955831
0.957678
0.956976
0.956903
0.956325
0.957985
0.957431
0.956548
0.957933
0.955611
0.95705
0.95673
0.956202
0.956932
0.956705
0.95488
0.95728
0.958693
0.955949
0.957711
0.956615
0.957948
0.955731
0.958499
0.958255
0.956308
0.956687
0.955991
0.958337
0.956535
0.957994
0.956342
0.956123
0.955962
0.956672
0.957191
0.95578
0.957043
0.957587
0.957456
0.955895
0.957076
0.956259
0.95706
0.957775
0.957638
0.95721
0.958961
0.956128
0.958385
0.958492
0.956103
0.956927
0.957275
0.956093
0.956566
0.954643
0.953851
0.95788
0.958522
0.955315
0.956601
0.957869
0.957146
0.956466
0.958655
0.956415
0.957909
0.957371
0.958613
0.957656
0.958009
0.956672
0.956738
0.956945
0.954044
0.957632
0.956681
0.957654
0.957472
0.957921
0.956267
0.957443
0.956175
0.957535
0.957117
0.958665
0.956283
0.956008
0.957192
0.956172
0.957592
0.957218
0.955461
0.956501
0.957051
0.958504
0.95652
0.957078
0.956792
0.95555
0.955495
0.957842
0.956611
0.957286
0.95693
0.958337
0.955808
0.955986
0.956642
0.956104
0.957738
0.956722
0.957502
0.957814
0.958307
0.95775
0.955705
0.956615
0.956356
0.956067
0.958106
0.95794
0.956882
0.957467
0.956272
0.956919
0.95666
0.956729
0.957622
0.955928
0.958222
0.95665
0.958238
0.956401
0.956311
0.955335
0.958063
0.956798
0.956385
0.957998
0.957731
0.956965
0.955697
0.956921
0.955085
0.955477
0.954502
0.956957
0.956534
0.956121
0.956449
0.95356
0.958413
0.95653
0.955474
0.95678
0.958041
0.956887
0.955997
0.956738
0.956909
0.95853
0.957488
0.957552
0.9576
0.95723
0.958192
0.956147
0.955033
0.956804
0.957201
0.958005
0.955368
0.95748
0.957894
0.956988
0.957086
0.955546
0.956389
0.95695
0.956696
0.958501
0.956204
0.957014
0.95667
0.956838
0.957085
0.955836
0.956127
0.956994
0.95641
0.957629
0.955779
0.957512
0.957863
0.956069
0.956609
0.955904
0.955756
0.957707
0.956096
0.956321
0.958591
0.955703
0.955804
0.955903
0.957424
0.957835
0.956051
0.95703
0.957609
0.958281
0.956738
0.956779
0.957376
0.959165
0.956141
0.956433
0.95879
0.95685
0.954882
0.955782
0.956722
0.956596
0.955163
0.955669
0.955509
0.957478
0.957676
0.956422
0.955522
0.956218
0.957183
0.955832
0.957748
0.957343
0.957431
0.957445
0.956016
0.956182
0.95739
0.958689
0.956887
0.955735
0.958267
0.95785
0.955503
0.955188
0.957171
0.95753
0.957566
0.956145
0.956253
0.957511
0.956331
0.957576
0.957129
0.95433
0.956927
0.95788
0.95717
0.95655
0.957055
0.956714
0.958206
0.955776
0.956892
0.956593
0.95863
0.956467
0.95579
0.957813
0.95877
0.957438
0.956668
0.957508
0.955641
0.957361
0.956138
0.956384
0.958886
0.956331
0.956317
0.95552
0.956555
0.957275
0.956041
0.957169
0.957803
0.958468
0.958338
0.957291
0.955522
0.957665
0.956877
0.956278
0.9571
0.956931
0.957614
0.957229
0.956936
0.957261
0.956844
0.957825
0.957945
0.956058
0.959202
0.957612
0.95818
0.956584
0.956836
0.957309
0.956371
0.958688
0.956124
0.956953
0.956105
0.957501
0.957071
0.958241
0.956202
0.957365
0.957009
0.957985
0.95749
0.956518
0.956786
0.957592
0.955703
0.95635
0.957428
0.957136
0.957059
0.956855
0.958351
0.95603
0.95712
0.956546
0.95526
0.957194
0.957388
0.957705
0.957566
0.956739
0.957305
0.958059
0.956897
0.955666
0.956409
0.957265
0.958229
0.95751
0.955962
0.957022
0.955395
0.956948
0.956495
0.955996
0.956758
0.957996
0.957652
0.956257
0.955632
0.956638
0.957043
0.956245
0.958485
0.956603
0.956233
0.95718
0.956656
0.955309
0.955237
0.956618
0.957259
0.955473
0.957561
0.955285
0.957057
0.957528
0.954517
0.956671
0.956557
0.957773
0.95677
0.956925
0.956246
0.956976
0.958997
0.958042
0.955159
0.958094
0.958306
0.956435
0.959612
0.957818
0.956435
0.956919
0.958503
0.957372
0.956655
0.957056
0.954929
0.957272
0.957254
0.955577
0.957735
0.955963
0.95761
0.956571
0.957144
0.956221
0.95638
0.956221
0.956504
0.956828
0.957697
0.956105
0.956874
0.956872
0.957621
0.957256
0.954274
0.955562
0.955384
0.957961
0.957041
0.957581
0.955348
0.955952
0.956704
0.95778
0.957448
0.956889
0.957913
0.956427
0.957391
0.957263
0.958485
0.956223
0.95861
0.955811
0.956915
0.957455
0.957017
0.956968
0.957775
0.956746
0.956762
0.957305
0.956331
0.957342
0.956366
0.956213
0.956817
0.957203
0.957069
0.957281
0.956619
0.957
0.956025
0.957257
0.956187
0.957853
0.958033
0.956129
0.956496
0.957345
0.956605
0.95656
0.956755
0.957306
0.957174
0.956747
0.958312
0.957366
0.957808
0.956872
0.953626
0.958011
0.956873
0.956862
0.958344
0.956959
0.95642
0.957853
0.957415
0.957188
0.958059
0.957729
0.956562
0.958037
0.956523
0.957226
0.956946
0.956754
0.95689
0.956109
0.957008
0.956577
0.958086
0.957945
0.959134
0.955401
0.958434
0.956538
0.95675
0.957888
0.956075
0.956369
0.957454
0.957792
0.956544
0.9564
0.95666
0.958401
0.957177
0.957286
0.956935
0.95504
0.956402
0.956819
0.955999
0.9567
0.957778
0.95711
0.957297
0.957939
0.958489
0.95964
0.955953
0.956519
0.954943
0.955411
0.957679
0.956459
0.956406
0.956788
0.955465
0.95673
0.95733
0.956794
0.956587
0.957275
0.956068
0.95783
0.955331
0.957747
0.956726
0.956466
0.958335
0.956277
0.9541
0.957602
0.955313
0.956616
0.956407
0.957074
0.957719
0.957136
0.956341
0.959157
0.956406
0.956424
0.956354
0.956111
0.958277
0.957577
0.956722
0.959041
0.955456
0.957727
0.957279
0.958391
0.958282
0.957804
0.956783
0.955587
0.958195
0.956548
0.956848
0.955816
0.957478
0.957158
0.957038
0.957557
0.959615
0.956729
0.955536
0.955177
0.956803
0.956281
0.956492
0.954472
0.955747
0.956764
0.95756
0.956743
0.956322
0.957013
0.956645
0.957095
0.957894
0.956998
0.957578
0.955833
0.957632
0.956753
0.957495
0.956469
0.957098
0.956851
0.956336
0.957507
0.957375
0.956127
0.958395
0.956077
0.95704
0.95692
0.956777
0.957577
0.955285
0.95704
0.956939
0.955796
0.956541
0.957205
0.957101
0.955219
0.958045
0.956538
0.957612
0.957893
0.958054
0.956682
0.955628
0.955776
0.958415
0.956583
0.955652
0.957088
0.958012
0.957056
0.958049
0.955253
0.957796
0.956412
0.958478
0.956172
0.957509
0.955765
0.957189
0.95646
0.95721
0.957053
0.958451
0.958055
0.9572
0.95693
0.956293
0.957098
0.956172
0.957225
0.958345
0.957163
0.95549
0.957112
0.954946
0.958313
0.955155
0.956969
0.956361
0.957199
0.956357
0.955634
0.957351
0.958049
0.956131
0.959521
0.956521
0.957054
0.956007
0.956875
0.957192
0.956398
0.957564
0.955443
0.956954
0.955088
0.95674
0.957105
0.956575
0.957311
0.957153
0.956566
0.95759
0.957114
0.958084
0.957554
0.956731
0.956548
0.956469
0.957254
0.957204
0.955467
0.957943
0.955597
0.955892
0.957495
0.957794
0.958002
0.954546
0.957276
0.957479
0.957639
0.957384
0.95604
0.954479
0.956721
0.955165
0.957152
0.95828
0.957614
0.957343
0.957033
0.954932
0.956622
0.958002
0.955262
0.956166
0.956777
0.957905
0.955639
0.956604
0.958692
0.958769
0.956592
0.958012
0.957548
0.956789
0.956454
0.955779
0.957595
0.955783
0.957244
0.957765
0.957041
0.95885
0.956446
0.957791
0.956079
0.957686
0.956156
0.957119
0.957276
0.957437
0.957002
0.957473
0.954404
0.958055
0.958177
0.957409
0.957577
0.955665
0.956751
0.956048
0.957464
0.956995
0.957533
0.956906
0.957048
0.954887
0.956149
0.956171
0.956471
0.95733
0.956987
0.955668
0.956589
0.957632
0.955621
0.956826
0.956206
0.956103
0.95568
0.957573
0.95572
0.957486
0.956821
0.957777
0.956387
0.956795
0.957806
0.957362
0.955869
0.957531
0.955085
0.957069
0.955254
0.957936
0.956246
0.957486
0.957248
0.957295
0.957027
0.956564
0.956092
0.956691
0.956532
0.957632
0.957789
0.957472
0.955345
0.956353
0.956611
0.957593
0.956247
0.956591
0.956917
0.955936
0.957093
0.956222
0.956129
0.958685
0.953413
0.957335
0.956337
0.955759
0.955659
0.956033
0.957468
0.956687
0.958477
0.956588
0.955753
0.95765
0.956185
0.955638
0.956902
0.956985
0.956849
0.957918
0.956747
0.956005
0.95574
0.956794
0.957934
0.957199
0.955927
0.957481
0.956692
0.956185
0.95732
0.956612
0.956734
0.956916
0.956632
0.957104
0.957159
0.955446
0.958681
0.957612
0.955257
0.956286
0.957057
0.958063
0.957264
0.956901
0.955664
0.956142
0.959111
0.956286
0.955135
0.957218
0.957018
0.956812
0.957217
0.956413
0.955369
0.957085
0.956816
0.957925
0.956424
0.956074
0.957923
0.957535
0.957275
0.957924
0.957263
0.956747
0.95814
0.958694
0.95847
0.955719
0.95782
0.956285
0.956544
0.955924
0.957014
0.956202
0.956491
0.955841
0.956205
0.958248
0.955453
0.959323
0.956518
0.954749
0.955376
0.95778
0.957775
0.956223
0.957712
0.959418
0.955236
0.957852
0.957038
0.958134
0.956278
0.956523
0.958814
0.95693
0.956635
0.95705
0.955569
0.957323
0.957621
0.957527
0.95792
0.956327
0.957641
0.955724
0.957327
0.955628
0.956839
0.95693
0.956482
0.956283
0.957212
0.955947
0.956538
0.956707
0.956785
0.956578
0.956419
0.955563
0.958814
0.956175
0.957615
0.95533
0.956986
0.958584
0.955165
0.956191
0.957379
0.956191
0.956467
0.957582
0.957563
0.957057
0.957539
0.955814
0.957574
0.956485
0.956333
0.958643
0.955952
0.957618
0.957255
0.958407
0.955121
0.958443
0.956724
0.956669
0.956985
0.95557
0.956984
0.957615
0.958996
0.957797
0.957205
0.955036
0.957283
0.95763
0.956996
0.956766
0.955713
0.954882
0.958294
0.956861
0.957198
0.956533
0.956309
0.956313
0.957935
0.956679
0.958141
0.957145
0.955622
0.956754
0.956831
0.957134
0.954981
0.956147
0.955801
0.957659
0.957094
0.95581
0.956053
0.956488
0.955052
0.95465
0.956754
0.956739
0.956082
0.956756
0.957188
0.958388
0.956635
0.956531
0.958349
0.957076
0.957787
0.957245
0.956242
0.957657
0.956917
0.959041
0.957247
0.956284
0.955491
0.958031
0.956154
0.956282
0.956409
0.956386
0.955652
0.956816
0.95765
0.955589
0.956289
0.956532
0.957152
0.956553
0.957427
0.955377
0.956116
0.956382
0.957855
0.955956
0.957456
0.956
0.958
0.957323
0.955937
0.958096
0.956552
0.957506
0.956044
0.957213
0.956725
0.957043
0.957966
0.959674
0.957489
0.95736
0.958299
0.956984
0.955788
0.957513
0.956392
0.956771
0.957926
0.954977
0.957217
0.957508
0.956389
0.955985
0.956551
0.956148
0.959872
0.956027
0.960095
0.957654
0.957218
0.956669
0.957472
0.956741
0.95623
0.956248
0.957001
0.955944
0.957597
0.956768
0.956583
0.956312
0.956825
0.956695
0.958099
0.957173
0.958442
0.95808
0.955373
0.957018
0.955878
0.956182
0.954903
0.957487
0.955896
0.957071
0.955267
0.955412
0.956571
0.957021
0.956591
0.957652
0.957396
0.957686
0.957514
0.957792
0.957555
0.956284
0.956319
0.956311
0.957204
0.956437
0.9571
0.959516
0.95626
0.955958
0.95582
0.958102
0.956151
0.955732
0.957698
0.955661
0.957492
0.95812
0.954477
0.955437
0.957309
0.957073
0.958263
0.955154
0.958442
0.955952
0.956712
0.957769
0.956866
0.955032
0.957168
0.957746
0.955895
0.956827
0.957601
0.959367
0.957186
0.957597
0.955138
0.95558
0.957014
0.955995
0.959946
0.956275
0.957163
0.954689
0.957218
0.956362
0.956652
0.956259
0.957458
0.958735
0.957372
0.955871
0.956206
0.954417
0.958819
0.955875
0.956812
0.956946
0.957634
0.95595
0.956933
0.955739
0.956071
0.957533
0.958016
0.957293
0.955624
0.955339
0.9565
0.957038
0.955833
0.956212
0.956201
0.95627
0.957339
0.956721
0.957969
0.955665
0.95813
0.957868
0.955658
0.956879
0.957184
0.956162
0.95644
0.956748
0.958037
0.956196
0.957385
0.956605
0.955475
0.957675
0.956605
0.95733
0.957832
0.958107
0.957532
0.955353
0.957598
0.957132
0.956974
0.956544
0.954877
0.957818
0.956892
0.956375
0.957184
0.957116
0.956356
0.957505
0.957354
0.954601
0.957646
0.957451
0.957665
0.955805
0.956234
0.955898
0.956073
0.95885
0.95731
0.957787
0.956053
0.955231
0.957194
0.958061
0.955875
0.954975
0.957337
0.956683
0.956752
0.958351
0.957797
0.956927
0.956539
0.957392
0.957538
0.957381
0.956858
0.956283
0.956141
0.956024
0.957346
0.956275
0.954928
0.958195
0.955722
0.95741
0.957144
0.956609
0.957544
0.957759
0.957266
0.957539
0.957082
0.958117
0.955621
0.95766
0.958183
0.955435
0.956796
0.957529
0.958417
0.957408
0.956694
0.958433
0.957439
0.956144
0.957366
0.957132
0.955257
0.956897
0.958429
0.956261
0.955072
0.957368
0.954064
0.958025
0.955883
0.956226
0.957027
0.956113
0.956891
0.955679
0.956031
0.955514
0.953876
0.954953
0.955755
0.956652
0.957292
0.958358
0.957383
0.956991
0.957222
0.957545
0.956034
0.95661
0.955416
0.956844
0.95695
0.957718
0.955111
0.95698
0.95719
0.956841
0.958319
0.957672
0.957055
0.95765
0.958598
0.956659
0.956084
0.957303
0.957499
0.956518
0.957143
0.957095
0.957618
0.957574
0.957063
0.958037
0.956197
0.957764
0.957243
0.956751
0.956287
0.960524
0.959129
0.95766
0.958092
0.955788
0.95736
0.957164
0.957264
0.955524
0.956991
0.957876
0.955558
0.957858
0.957197
0.957368
0.957308
0.956906
0.957241
0.956103
0.956902
0.958043
0.956901
0.958099
0.957959
0.958737
0.957706
0.957422
0.956394
0.95653
0.957522
0.954856
0.95765
0.955882
0.956997
0.957792
0.95689
0.956621
0.958029
0.956268
0.958556
0.957291
0.956398
0.957591
0.958394
0.958551
0.955468
0.957281
0.956465
0.957407
0.955779
0.958137
0.956163
0.957035
0.956698
0.956418
0.958228
0.957698
0.958559
0.957108
0.957503
0.95701
0.958187
0.958768
0.956934
0.95707
0.956798
0.958066
0.95649
0.956499
0.957689
0.95544
0.957569
0.956203
0.95563
0.956825
0.958375
0.958027
0.956436
0.955389
0.95709
0.956351
0.955297
0.957764
0.956422
0.957232
0.956396
0.9559
0.95778
0.957331
0.957897
0.95731
0.954778
0.955158
0.957404
0.956144
0.956047
0.956633
0.95603
0.957503
0.956679
0.956988
0.956835
0.958105
0.956081
0.956188
0.956099
0.958098
0.957239
0.95767
0.956834
0.957075
0.956619
0.957426
0.956219
0.956673
0.9568
0.958139
0.958017
0.957342
0.956576
0.956793
0.956338
0.956203
0.956952
0.956356
0.957587
0.956506
0.957157
0.956324
0.957215
0.956677
0.956756
0.957542
0.956776
0.958137
0.956312
0.956552
0.958172
0.956622
0.95841
0.957107
0.955349
0.955698
0.957959
0.956864
0.956121
0.958451
0.956437
0.955992
0.957078
0.955179
0.957961
0.957789
0.95767
0.956708
0.955074
0.956014
0.956672
0.957438
0.956251
0.956312
0.957966
0.956242
0.95723
0.95835
0.95675
0.957807
0.956934
0.954817
0.957521
0.955483
0.957691
0.957236
0.957313
0.95622
0.955325
0.954783
0.957865
0.956402
0.957078
0.956023
0.957607
0.957403
0.957107
0.957175
0.957038
0.955149
0.95526
0.957076
0.956436
0.95682
0.956496
0.956213
0.957968
0.956341
0.955658
0.95618
0.957313
0.957552
0.957683
0.957563
0.957515
0.957695
0.957356
0.957077
0.956306
0.957562
0.956718
0.956532
0.95592
0.954595
0.95622
0.955166
0.957546
0.958426
0.957206
0.957167
0.957457
0.957567
0.957706
0.955405
0.957641
0.957389
0.956912
0.955556
0.958499
0.957269
0.957467
0.955833
0.957575
0.95702
0.957151
0.957311
0.956994
0.957493
0.957569
0.956323
0.956358
0.955473
0.956049
0.956102
0.954588
0.956163
0.956774
0.956117
0.957743
0.95476
0.957341
0.957142
0.956051
0.95725
0.958176
0.955395
0.957011
0.956596
0.956652
0.95575
0.956699
0.956432
0.957137
0.956421
0.956123
0.956905
0.955974
0.958981
0.955897
0.956962
0.955212
0.957178
0.956631
0.957308
0.957975
0.956554
0.957825
0.955307
0.957136
0.955416
0.956715
0.95624
0.956893
0.957464
0.955838
0.956311
0.956473
0.956747
0.955886
0.957299
0.955042
0.957276
0.956543
0.956948
0.955318
0.957699
0.95574
0.958091
0.956781
0.95745
0.958208
0.955679
0.957589
0.957659
0.957808
0.95509
0.956882
0.95756
0.955314
0.955508
0.957962
0.957379
0.956352
0.95928
0.957613
0.957597
0.956312
0.956182
0.955848
0.957168
0.955765
0.957354
0.957019
0.955078
0.957844
0.957229
0.958553
0.955727
0.957442
0.955943
0.955331
0.958486
0.956023
0.953933
0.955138
0.95749
0.956241
0.957539
0.957085
0.956486
0.956287
0.95652
0.95728
0.957753
0.958091
0.956509
0.957881
0.958053
0.956107
0.957474
0.955795
0.956317
0.958674
0.957397
0.956618
0.957945
0.956508
0.958579
0.955974
0.957801
0.958037
0.95657
0.956065
0.954508
0.956762
0.960628
0.956852
0.955726
0.957094
0.95857
0.955775
0.956675
0.955899
0.957052
0.956448
0.956332
0.956001
0.955023
0.956885
0.95675
0.957136
0.957654
0.956295
0.958889
0.957492
0.956634
0.956652
0.957069
0.955475
0.956234
0.958115
0.957313
0.957319
0.955731
0.957755
0.955254
0.95754
0.957909
0.957905
0.957297
0.956908
0.955608
0.95541
0.956288
0.957308
0.956193
0.956957
0.956857
0.957662
0.957081
0.957587
0.957529
0.956162
0.958959
0.958151
0.955624
0.957106
0.95643
0.957297
0.957019
0.956875
0.956888
0.956699
0.956078
0.956374
0.956853
0.955686
0.956883
0.956511
0.956575
0.956179
0.957044
0.956128
0.956381
0.956519
0.955742
0.956459
0.957523
0.957955
0.956847
0.956766
0.956725
0.956158
0.958897
0.956072
0.95621
0.957273
0.957431
0.95698
0.955843
0.957091
0.957926
0.957851
0.956567
0.956337
0.957504
0.956478
0.958389
0.956378
0.95691
0.956432
0.958137
0.95667
0.955976
0.957198
0.956405
0.957334
0.958039
0.956838
0.958611
0.956349
0.95884
0.955334
0.957442
0.955934
0.956588
0.955038
0.958539
0.95783
0.955089
0.957214
0.956148
0.956526
0.957321
0.956471
0.956758
0.9573
0.957435
0.956316
0.956534
0.957327
0.956136
0.957508
0.954962
0.956436
0.956096
0.957305
0.95736
0.957393
0.956123
0.956584
0.956717
0.953877
0.957295
0.957612
0.956003
0.95453
0.957624
0.957338
0.957529
0.957373
0.958069
0.957254
0.956005
0.957833
0.95539
0.957584
0.954928
0.956786
0.955444
0.957618
0.957388
0.956696
0.955162
0.956552
0.957534
0.955707
0.956348
0.956362
0.956134
0.956955
0.958746
0.957373
0.958365
0.957422
0.956253
0.955458
0.957513
0.955032
0.957199
0.957968
0.957117
0.956977
0.95837
0.957265
0.958026
0.95756
0.956283
0.958114
0.956919
0.956978
0.956664
0.955754
0.956201
0.958629
0.956866
0.957514
0.956275
0.956633
0.955883
0.957774
0.955469
0.958106
0.956481
0.955659
0.957743
0.957313
0.956288
0.956392
0.957516
0.95673
0.957166
0.957203
0.95745
0.957149
0.95846
0.958662
0.956485
0.955496
0.956359
0.957875
0.956993
0.955732
0.956816
0.958224
0.957518
0.957837
0.955688
0.955692
0.956345
0.957618
0.957208
0.956171
0.957588
0.957691
0.956883
0.95734
0.95507
0.955529
0.956923
0.957122
0.958516
0.955327
0.957177
0.956489
0.956788
0.956623
0.95579
0.957757
0.95805
0.956615
0.956993
0.956591
0.955589
0.956191
0.956858
0.956982
0.956211
0.957193
0.956319
0.955681
0.955495
0.956864
0.957109
0.956201
0.956421
0.957084
0.956681
0.956908
0.957102
0.958335
0.957603
0.958381
0.956169
0.955595
0.956735
0.95611
0.957173
0.95704
0.956944
0.956926
0.957807
0.956191
0.955458
0.958894
0.956277
0.957428
0.95663
0.959561
0.957104
0.957668
0.956371
0.955194
0.955837
0.956917
0.956691
0.957039
0.956135
0.95711
0.956614
0.957231
0.955591
0.95746
0.957225
0.956723
0.958394
0.956521
0.95746
0.956713
0.956987
0.956977
0.958583
0.956322
0.956383
0.957287
0.957726
0.956404
0.957336
0.957269
0.956829
0.957031
0.957509
0.956283
0.956939
0.956266
0.955508
0.956917
0.959404
0.95613
0.955847
0.957562
0.956844
0.957956
0.95718
0.956269
0.956641
0.956724
0.957015
0.956811
0.956681
0.955375
0.957503
0.957125
0.956493
0.957248
0.957785
0.958069
0.956967
0.958893
0.957357
0.958404
0.955998
0.957677
0.955957
0.956272
0.956427
0.955362
0.954845
0.95725
0.957116
0.956236
0.955785
0.957479
0.956948
0.95422
0.957569
0.955323
0.956963
0.95849
0.957751
0.955393
0.955483
0.955772
0.956419
0.955476
0.95684
0.957064
0.957145
0.957354
0.95788
0.957204
0.956646
0.956867
0.956446
0.95631
0.958057
0.957051
0.957263
0.956508
0.957076
0.956431
0.958771
0.956976
0.954964
0.957257
0.95759
0.956477
0.957121
0.956336
0.957113
0.957254
0.956428
0.955575
0.958977
0.956774
0.955446
0.95765
0.957424
0.956458
0.955665
0.955963
0.95779
0.956866
0.958556
0.958303
0.957508
0.957559
0.957132
0.957054
0.956445
0.956971
0.95558
0.956348
0.957702
0.955236
0.958393
0.958684
0.957266
0.957029
0.958611
0.95715
0.957822
0.958616
0.957425
0.955192
0.956479
0.956782
0.957447
0.956616
0.956156
0.958104
0.957043
0.956053
0.955941
0.955868
0.95738
0.958058
0.955807
0.95724
0.955462
0.956288
0.957268
0.958884
0.958867
0.955604
0.955675
0.957616
0.957323
0.956512
0.956831
0.956086
0.957994
0.956201
0.958361
0.956515
0.958779
0.958083
0.955372
0.955727
0.955557
0.958541
0.957846
0.956521
0.956438
0.956903
0.955881
0.955987
0.957788
0.957153
0.956961
0.957199
0.955499
0.957773
0.957741
0.956012
0.955681
0.956697
0.955983
0.956563
0.956989
0.956655
0.95698
0.958097
0.956571
0.95636
0.956663
0.957748
0.958151
0.955585
0.957384
0.958406
0.956337
0.955826
0.956304
0.957669
0.957391
0.958257
0.954412
0.956744
0.95731
0.956746
0.956387
0.957811
0.955992
0.956413
0.95699
0.958318
0.957503
0.956492
0.956208
0.956589
0.956707
0.957395
0.95551
0.955054
0.956383
0.957953
0.956112
0.957857
0.956449
0.956905
0.958166
0.956236
0.955651
0.958127
0.960091
0.958103
0.955059
0.957425
0.957275
0.955945
0.957325
0.957024
0.956606
0.956048
0.958151
0.95641
0.95594
0.957575
0.955197
0.95548
0.956409
0.958491
0.958237
0.959131
0.955704
0.957475
0.955575
0.959148
0.955374
0.95633
0.957622
0.957123
0.959561
0.957889
0.95666
0.956304
0.957562
0.956052
0.955877
0.958799
0.95682
0.956961
0.957474
0.957012
0.956016
0.957424
0.956675
0.955313
0.957625
0.957414
0.956454
0.956507
0.956845
0.957377
0.958195
0.958814
0.956884
0.955567
0.956159
0.958633
0.956886
0.958085
0.955806
0.957519
0.954913
0.957756
0.956296
0.957093
0.956021
0.957346
0.955887
0.958677
0.956476
0.956821
0.956238
0.956957
0.957228
0.956058
0.955196
0.956112
0.95705
0.956096
0.956035
0.955633
0.955911
0.956759
0.954966
0.957591
0.958612
0.955885
0.957495
0.957114
0.957703
0.959809
0.956537
0.956391
0.956966
0.956858
0.956812
0.957674
0.957186
0.957687
0.957254
0.956428
0.954358
0.95987
0.956693
0.957009
0.956294
0.957388
0.956927
0.954909
0.955751
0.957319
0.95455
0.958243
0.957192
0.956697
0.957541
0.957043
0.954674
0.956485
0.957341
0.957321
0.9552
0.956282
0.955664
0.957143
0.958093
0.955759
0.956872
0.955881
0.958192
0.954423
0.9568
0.957077
0.956467
0.955737
0.957855
0.957755
0.958948
0.9575
0.956392
0.956526
0.958505
0.957805
0.957503
0.956649
0.956524
0.956173
0.956577
0.956673
0.956793
0.955165
0.957151
0.95723
0.958049
0.956633
0.957829
0.958144
0.956939
0.957711
0.955682
0.955902
0.956926
0.957805
0.956336
0.955333
0.957233
0.956697
0.955752
0.955779
0.957092
0.958405
0.957864
0.957785
0.957533
0.957721
0.957295
0.957246
0.956905
0.958522
0.955723
0.955369
0.955876
0.956438
0.956615
0.956841
0.959173
0.95735
0.956199
0.955452
0.95847
0.956911
0.958014
0.956109
0.957637
0.957328
0.957786
0.958073
0.956038
0.956938
0.956849
0.956331
0.9575
0.956889
0.956046
0.957421
0.95777
0.955709
0.954514
0.955915
0.956232
0.956615
0.956471
0.956448
0.957058
0.957559
0.956584
0.956371
0.959841
0.956065
0.956275
0.958117
0.95882
0.957014
0.95577
0.956228
0.955285
0.956322
0.956311
0.957111
0.958018
0.956882
0.955704
0.957961
0.958037
0.9569
0.956353
0.957392
0.957588
0.954681
0.956465
0.959365
0.956864
0.955996
0.95631
0.957221
0.956561
0.958689
0.957042
0.956901
0.957167
0.956931
0.957836
0.956881
0.958147
0.956281
0.954876
0.957976
0.955214
0.958219
0.956292
0.95565
0.957356
0.95608
0.956723
0.957434
0.95698
0.956957
0.955027
0.958066
0.956942
0.956904
0.956194
0.957619
0.955434
0.95646
0.956432
0.956565
0.955886
0.958086
0.957703
0.957636
0.957119
0.958968
0.956405
0.956423
0.956707
0.957933
0.956375
0.956171
0.956607
0.957215
0.956339
0.955868
0.957387
0.957782
0.956738
0.957376
0.957059
0.95773
0.95661
0.959143
0.958091
0.958222
0.957597
0.957447
0.956233
0.955533
0.956259
0.957645
0.955349
0.956625
0.956474
0.956473
0.955207
0.955008
0.957663
0.957187
0.958038
0.957419
0.957751
0.956865
0.958171
0.957127
0.95749
0.957889
0.95727
0.956217
0.956649
0.957523
0.956844
0.954708
0.956295
0.957977
0.95624
0.956751
0.955605
0.955948
0.956846
0.957125
0.956604
0.956437
0.956787
0.956504
0.956464
0.956807
0.956468
0.957227
0.955701
0.955568
0.95736
0.956355
0.956954
0.95778
0.956606
0.956485
0.956883
0.957884
0.955641
0.957942
0.957329
0.955879
0.956766
0.956264
0.957642
0.954292
0.955582
0.955182
0.954198
0.957812
0.956161
0.956075
0.958588
0.957065
0.958193
0.957198
0.956197
0.957656
0.957641
0.957215
0.957472
0.956948
0.956175
0.955521
0.957543
0.957883
0.957573
0.957777
0.956324
0.957544
0.958457
0.956502
0.957513
0.955298
0.95614
0.955488
0.955293
0.955858
0.955964
0.957818
0.957093
0.955813
0.957332
0.955936
0.957074
0.955927
0.957888
0.956838
0.955713
0.95645
0.958094
0.956133
0.955639
0.956912
0.958062
0.95721
0.957385
0.958372
0.956132
0.957465
0.957288
0.956293
0.957735
0.957248
0.956898
0.955846
0.956802
0.957881
0.956813
0.956388
0.956622
0.956897
0.95562
0.956358
0.957072
0.956495
0.95619
0.955825
0.957917
0.956172
0.958084
0.956511
0.957796
0.95712
0.955705
0.957835
0.956921
0.958348
0.958729
0.956669
0.956032
0.956162
0.957887
0.957039
0.956143
0.956592
0.954834
0.958276
0.958543
0.955551
0.955305
0.957093
0.957755
0.956136
0.957615
0.955963
0.957287
0.95677
0.957569
0.955976
0.9558
0.956552
0.956155
0.959099
0.956406
0.958637
0.955783
0.957949
0.958805
0.956992
0.957106
0.956908
0.956482
0.955751
0.957067
0.956433
0.956311
0.956583
0.956532
0.95782
0.957998
0.956112
0.956593
0.955145
0.956835
0.956632
0.956025
0.957396
0.956862
0.957635
0.9564
0.956576
0.956642
0.957957
0.957954
0.956363
0.956629
0.956734
0.955517
0.957538
0.95733
0.957324
0.956492
0.956092
0.956576
0.954622
0.956395
0.956166
0.957437
0.957467
0.957698
0.955083
0.95791
0.955504
0.956999
0.95716
0.956128
0.956847
0.957765
0.957257
0.956608
0.95648
0.954953
0.955494
0.957836
0.955321
0.956699
0.955736
0.956936
0.957668
0.957192
0.954868
0.958398
0.956808
0.957551
0.956029
0.957471
0.955317
0.959002
0.955003
0.956823
0.957146
0.958573
0.956705
0.957403
0.957402
0.95698
0.956729
0.955769
0.956178
0.956835
0.956724
0.957854
0.954869
0.956493
0.957833
0.958017
0.956215
0.956071
0.955822
0.958407
0.956531
0.957431
0.958455
0.956602
0.956761
0.957532
0.957738
0.959065
0.956498
0.954609
0.956964
0.956887
0.957564
0.956377
0.955946
0.955976
0.955906
0.955063
0.95717
0.9566
0.957694
0.958441
0.955048
0.955688
0.957485
0.957735
0.955596
0.956219
0.956838
0.957858
0.956324
0.955948
0.957546
0.957976
0.957915
0.957776
0.957601
0.955582
0.956267
0.957515
0.956532
0.956901
0.955389
0.956541
0.957014
0.956428
0.955917
0.957198
0.956246
0.956573
0.957379
0.957982
0.955667
0.956648
0.957513
0.955296
0.956093
0.956239
0.956325
0.95682
0.957265
0.957175
0.955404
0.956343
0.955376
0.958638
0.956944
0.957505
0.956914
0.957857
0.956458
0.958073
0.957098
0.956044
0.957193
0.958464
0.956821
0.95793
0.956768
0.957007
0.956835
0.956521
0.957285
0.958173
0.957123
0.960036
0.954658
0.957212
0.956728
0.957159
0.956222
0.957199
0.957495
0.95658
0.95871
0.958076
0.955946
0.956336
0.957327
0.955812
0.957515
0.957761
0.956238
0.957474
0.957098
0.956766
0.958066
0.955736
0.957073
0.95607
0.957016
0.956541
0.955314
0.956709
0.955983
0.955806
0.9567
0.956862
0.956112
0.956358
0.95676
0.957032
0.954921
0.957564
0.95579
0.956434
0.956606
0.957527
0.956215
0.956284
0.956336
0.95555
0.955121
0.958854
0.957097
0.956445
0.958009
0.958647
0.957195
0.957412
0.955548
0.957155
0.95587
0.956169
0.956787
0.956633
0.958971
0.957459
0.957503
0.957218
0.957559
0.958659
0.955369
0.956529
0.95771
0.955649
0.955211
0.957364
0.958843
0.95869
0.956875
0.956977
0.956154
0.955674
0.955606
0.955972
0.958718
0.957368
0.958021
0.955577
0.957254
0.954023
0.955586
0.957122
0.957119
0.957099
0.957418
0.954531
0.956526
0.957289
0.957394
0.956962
0.957183
0.95768
0.956386
0.958055
0.956607
0.957167
0.957228
0.955848
0.955019
0.957103
0.956932
0.959163
0.958043
0.958343
0.957524
0.955964
0.957339
0.957183
0.957485
0.957306
0.957336
0.956984
0.956187
0.958674
0.957535
0.956413
0.956424
0.956561
0.957893
0.958363
0.958519
0.956425
0.956589
0.957827
0.956938
0.957622
0.95707
0.9563
0.95641
0.955069
0.956855
0.956626
0.954979
0.957987
0.957065
0.957779
0.958853
0.957777
0.95582
0.957866
0.957098
0.955645
0.958027
0.956586
0.956261
0.954514
0.958054
0.958441
0.95721
0.955613
0.95582
0.956984
0.957432
0.957096
0.957085
0.955893
0.955259
0.957247
0.956953
0.957033
0.956558
0.956421
0.957737
0.957844
0.956633
0.955622
0.956907
0.957535
0.957499
0.956318
0.957496
0.955654
0.956463
0.955607
0.957684
0.957904
0.957065
0.955857
0.957176
0.956563
0.958157
0.957364
0.956895
0.957453
0.957314
0.954732
0.956371
0.957661
0.956064
0.95516
0.956792
0.956075
0.95653
0.955946
0.958319
0.956578
0.958192
0.957032
0.95691
0.957392
0.954399
0.957013
0.957654
0.958798
0.958011
0.956188
0.956421
0.955658
0.958795
0.957648
0.956454
0.958253
0.958422
0.956022
0.957094
0.957899
0.955865
0.956495
0.956642
0.957992
0.955533
0.957127
0.955845
0.957963
0.955723
0.956058
0.957986
0.95624
0.956979
0.956583
0.956977
0.95792
0.956937
0.957468
0.958686
0.957028
0.957897
0.957446
0.957234
0.956566
0.958015
0.957728
0.957256
0.955404
0.956546
0.957559
0.956632
0.956041
0.957794
0.957233
0.956245
0.957591
0.957079
0.957333
0.956182
0.957308
0.955156
0.955888
0.95666
0.957739
0.956175
0.958171
0.955622
0.956114
0.957911
0.957747
0.957868
0.958099
0.957247
0.957844
0.956433
0.95698
0.956366
0.956268
0.955537
0.95656
0.95843
0.955806
0.955039
0.956507
0.957509
0.957769
0.957401
0.956297
0.955807
0.957494
0.957718
0.956589
0.956365
0.956255
0.956783
0.955842
0.958036
0.957635
0.956411
0.95739
0.956666
0.955888
0.956712
0.956088
0.955259
0.957509
0.95667
0.957652
0.955866
0.956037
0.9562
0.956928
0.955744
0.958585
0.956238
0.956658
0.956702
0.955442
0.956885
0.95611
0.95701
0.956011
0.958084
0.955713
0.955815
0.954993
0.957293
0.955826
0.956635
0.956835
0.957252
0.955025
0.957602
0.95446
0.956148
0.957109
0.957178
0.957045
0.956911
0.956486
0.956335
0.9577
0.955285
0.955963
0.957871
0.955607
0.957355
0.957068
0.956211
0.958891
0.957181
0.955456
0.95756
0.955881
0.956507
0.958389
0.956061
0.955862
0.957082
0.955795
0.956544
0.957968
0.957102
0.956769
0.954557
0.955555
0.957193
0.957674
0.955483
0.958155
0.958353
0.955925
0.95333
0.957533
0.956461
0.956645
0.956879
0.956998
0.957075
0.955732
0.95825
0.956078
0.957255
0.955958
0.955446
0.954682
0.955732
0.955608
0.957062
0.956237
0.956943
0.956398
0.95771
0.957234
0.956759
0.956602
0.955987
0.957603
0.956523
0.954902
0.956557
0.955791
0.95665
0.958945
0.956751
0.957241
0.956018
0.956387
0.95707
0.957756
0.955662
0.957841
0.957148
0.957204
0.958105
0.955888
0.956607
0.957146
0.95651
0.956971
0.956161
0.957439
0.955932
0.957006
0.956515
0.955706
0.957636
0.957874
0.957042
0.956666
0.95827
0.958426
0.958163
0.957299
0.956564
0.95676
0.957153
0.957329
0.956163
0.958176
0.956403
0.957336
0.957067
0.958102
0.957059
0.95707
0.957108
0.956773
0.955531
0.956627
0.956037
0.957606
0.956595
0.956197
0.958298
0.957023
0.955047
0.955934
0.956169
0.955116
0.958161
0.9555
0.954257
0.957736
0.95724
0.957944
0.958629
0.956115
0.958367
0.954604
0.957601
0.956432
0.957109
0.956538
0.95731
0.955276
0.957909
0.956897
0.95672
0.95572
0.9588
0.957271
0.956662
0.956814
0.957236
0.957069
0.955866
0.957109
0.955874
0.956409
0.957634
0.957721
0.957813
0.95514
0.954866
0.955262
0.956108
0.957049
0.95705
0.956036
0.956805
0.956485
0.956417
0.957717
0.956509
0.957751
0.957124
0.956207
0.957129
0.955072
0.956728
0.958043
0.957267
0.955551
0.957893
0.956951
0.957169
0.956007
0.957233
0.956941
0.95842
0.956709
0.958085
0.958157
0.957844
0.956099
0.955341
0.95713
0.957389
0.957455
0.956498
0.957662
0.957086
0.956513
0.957551
0.957684
0.958483
0.958031
0.956138
0.956702
0.955692
0.956395
0.957687
0.957617
0.957905
0.958624
0.95695
0.956753
0.957838
0.957858
0.95801
0.956706
0.955862
0.957647
0.956102
0.956577
0.957623
0.956063
0.955635
0.954782
0.956109
0.955959
0.957341
0.956645
0.957543
0.957136
0.955802
0.957522
0.9554
0.956496
0.956993
0.957551
0.955999
0.955135
0.957733
0.956386
0.956357
0.955945
0.956862
0.956283
0.955821
0.957858
0.956078
0.958927
0.956526
0.95625
0.956075
0.957328
0.957658
0.955936
0.957722
0.957465
0.957275
0.957419
0.95792
0.955571
0.956531
0.955573
0.958119
0.956887
0.95803
0.956028
0.957057
0.955822
0.956171
0.955014
0.957941
0.958814
0.956916
0.95753
0.957035
0.954873
0.957396
0.956589
0.957034
0.955952
0.956058
0.957379
0.956966
0.955953
0.957073
0.958199
0.957133
0.958815
0.95733
0.959632
0.956664
0.955486
0.957389
0.95726
0.956131
0.958143
0.956847
0.957442
0.957276
0.955979
0.959134
0.958154
0.957118
0.957425
0.957608
0.957723
0.957998
0.956784
0.956909
0.956949
0.957349
0.957305
0.956062
0.956176
0.956349
0.956749
0.956504
0.957472
0.956346
0.95646
0.957227
0.956194
0.955849
0.95939
0.957281
0.957784
0.95476
0.956728
0.957067
0.957301
0.956083
0.955089
0.957012
0.956806
0.95798
0.956942
0.956059
0.956343
0.956035
0.957136
0.956953
0.956303
0.955996
0.958589
0.956713
0.956843
0.95714
0.956297
0.957974
0.957028
0.958192
0.957277
0.957012
0.95767
0.956736
0.956252
0.957
0.956794
0.957941
0.954452
0.958162
0.956599
0.957853
0.955751
0.958387
0.958266
0.955322
0.956619
0.957426
0.958275
0.95704
0.958008
0.957925
0.95731
0.956908
0.957396
0.957743
0.956029
0.955447
0.958897
0.956518
0.95534
0.956129
0.957405
0.957131
0.956302
0.959703
0.955899
0.956472
0.957661
0.957359
0.955577
0.956059
0.956902
0.957867
0.957576
0.957574
0.956151
0.956305
0.95705
0.955647
0.956433
0.957798
0.956598
0.95665
0.956816
0.957421
0.957205
0.956281
0.956011
0.955934
0.957506
0.959717
0.957211
0.958284
0.955661
0.956145
0.958183
0.957456
0.958079
0.956269
0.956104
0.955821
0.956806
0.956824
0.956101
0.957558
0.956589
0.956179
0.95661
0.956834
0.956213
0.957179
0.956266
0.956962
0.958932
0.956673
0.956617
0.958305
0.957532
0.957233
0.957455
0.957451
0.957293
0.956678
0.956448
0.956967
0.954557
0.955907
0.95617
0.956253
0.95601
0.958315
0.956273
0.956981
0.956843
0.955831
0.955413
0.958477
0.9561
0.957274
0.958131
0.956464
0.956516
0.956215
0.957408
0.95704
0.956253
0.95558
0.957538
0.956352
0.956852
0.957939
0.957956
0.954923
0.956712
0.95523
0.958054
0.956175
0.957915
0.95798
0.955819
0.957661
0.956907
0.957759
0.95739
0.956912
0.958259
0.955746
0.956807
0.956873
0.955297
0.957241
0.955225
0.956822
0.955393
0.957115
0.957008
0.957161
0.957333
0.958346
0.95561
0.95701
0.957489
0.957714
0.958236
0.957261
0.956333
0.957086
0.9576
0.957043
0.956956
0.95739
0.957002
0.958241
0.955578
0.956904
0.956543
0.956608
0.955965
0.958276
0.956427
0.955955
0.957383
0.955141
0.957817
0.957886
0.956261
0.957494
0.957576
0.959797
0.957449
0.95718
0.956437
0.956888
0.955981
0.958315
0.955603
0.957476
0.956123
0.95676
0.957244
0.958236
0.956778
0.956576
0.958184
0.957571
0.957135
0.957177
0.95839
0.957128
0.955635
0.956759
0.956969
0.956403
0.955845
0.955089
0.958617
0.956986
0.957819
0.955902
0.956321
0.956216
0.95783
0.955897
0.956346
0.957876
0.956066
0.957168
0.957615
0.956717
0.956047
0.956915
0.955835
0.955639
0.957143
0.956525
0.956927
0.95601
0.956504
0.956521
0.957101
0.956864
0.957013
0.956461
0.957717
0.957662
0.956145
0.956697
0.957383
0.957454
0.957744
0.957914
0.956661
0.957821
0.957782
0.955329
0.956148
0.95648
0.955995
0.956867
0.957126
0.958075
0.956835
0.957081
0.957182
0.956452
0.958327
0.957384
0.958027
0.958049
0.958105
0.956982
0.956907
0.95654
0.9597
0.957193
0.957863
0.956987
0.955497
0.957958
0.956343
0.956862
0.957179
0.95613
0.957708
0.956801
0.955911
0.956797
0.957493
0.955754
0.956257
0.957375
0.955878
0.956607
0.9567
0.957006
0.955144
0.959066
0.957911
0.958429
0.955529
0.955901
0.958288
0.956546
0.956944
0.955394
0.957693
0.956654
0.958622
0.957845
0.956231
0.956661
0.957609
0.955601
0.958709
0.957007
0.958462
0.957654
0.956359
0.956708
0.957378
0.957022
0.959758
0.957541
0.957962
0.958923
0.955095
0.959538
0.955521
0.956133
0.958561
0.955651
0.958403
0.956233
0.957032
0.9559
0.956256
0.957749
0.95585
0.956589
0.955388
0.956942
0.957438
0.956931
0.955895
0.956052
0.956042
0.958716
0.955708
0.957285
0.957181
0.955327
0.957198
0.957257
0.955893
0.9561
0.957893
0.957304
0.956005
0.957371
0.957269
0.956904
0.95737
0.956279
0.95681
0.956808
0.955479
0.958149
0.958176
0.957529
0.955972
0.954107
0.956604
0.957043
0.957487
0.957552
0.95586
0.957038
0.956774
0.957078
0.956712
0.957931
0.956654
0.956069
0.955588
0.958184
0.956054
0.957103
0.956896
0.955513
0.955716
0.958345
0.956746
0.959065
0.955926
0.957816
0.956438
0.956043
0.956942
0.956741
0.956975
0.957869
0.956845
0.956397
0.959008
0.955654
0.957503
0.956797
0.956413
0.957408
0.956036
0.956923
0.957507
0.956484
0.957461
0.957984
0.955847
0.957686
0.956743
0.956201
0.956315
0.955966
0.956448
0.957045
0.956066
0.957675
0.956525
0.955399
0.958164
0.957783
0.955025
0.957902
0.957534
0.95688
0.957689
0.95779
0.956634
0.954925
0.956654
0.956056
0.955509
0.956102
0.956652
0.957158
0.956406
0.957736
0.957394
0.957264
0.956717
0.957572
0.957884
0.957102
0.956783
0.956649
0.956393
0.957978
0.956432
0.959079
0.957319
0.956883
0.957295
0.955667
0.955557
0.956084
0.956525
0.955992
0.956564
0.958223
0.956317
0.958252
0.957646
0.956997
0.957383
0.956012
0.956591
0.954915
0.9559
0.956901
0.956773
0.956481
0.957362
0.957067
0.956484
0.956931
0.954867
0.957731
0.956868
0.958053
0.956897
0.956534
0.957631
0.958535
0.957757
0.957385
0.957535
0.956877
0.957244
0.958242
0.956557
0.955818
0.955533
0.95712
0.95662
0.958363
0.956276
0.957676
0.956831
0.957869
0.95795
0.956143
0.957526
0.958591
0.957369
0.957303
0.957127
0.958127
0.955143
0.957494
0.955764
0.956232
0.957284
0.956904
0.955477
0.957106
0.956038
0.957139
0.957019
0.956199
0.957149
0.95806
0.958233
0.957163
0.956311
0.95825
0.957438
0.95736
0.955976
0.955899
0.957095
0.957877
0.957408
0.956701
0.956181
0.955939
0.95828
0.958268
0.956227
0.956175
0.956904
0.956888
0.95502
0.958817
0.957338
0.955684
0.956305
0.957911
0.956219
0.957895
0.956948
0.957002
0.956335
0.958173
0.956453
0.956232
0.956089
0.955616
0.956559
0.956771
0.956135
0.95661
0.956385
0.956997
0.958597
0.957871
0.953278
0.957805
0.956061
0.954855
0.956772
0.955153
0.954994
0.958232
0.956037
0.956835
0.957758
0.956262
0.955951
0.956348
0.957038
0.956419
0.956864
0.956162
0.958693
0.95732
0.956217
0.956559
0.95731
0.957737
0.95702
0.958078
0.957854
0.957203
0.959029
0.958156
0.956887
0.957487
0.955541
0.956796
0.957283
0.955835
0.957295
0.956188
0.957302
0.956809
0.954562
0.957018
0.956579
0.956525
0.957887
0.95796
0.957344
0.956513
0.957547
0.956035
0.957436
0.955147
0.955654
0.955169
0.956309
0.957148
0.956275
0.957566
0.956909
0.957149
0.957275
0.956526
0.956524
0.956032
0.957214
0.957465
0.956464
0.956352
0.954897
0.958604
0.957966
0.955357
0.955455
0.956692
0.955933
0.956816
0.957872
0.957173
0.957264
0.957044
0.956806
0.956287
0.957108
0.959062
0.956739
0.958521
0.956225
0.957259
0.957946
0.955422
0.954512
0.958012
0.957007
0.956394
0.957575
0.956885
0.958946
0.956972
0.954929
0.955763
0.957021
0.95787
0.956257
0.957391
0.957653
0.956834
0.956824
0.955603
0.957294
0.957906
0.957147
0.95514
0.958363
0.955261
0.955473
0.956038
0.957428
0.955608
0.955808
0.957115
0.95609
0.957023
0.957885
0.956545
0.955263
0.957013
0.957718
0.958145
0.956891
0.95538
0.956582
0.955467
0.955965
0.95655
0.956627
0.95782
0.957243
0.956357
0.958064
0.957693
0.955603
0.957819
0.957654
0.957526
0.956309
0.955353
0.956951
0.956436
0.957342
0.955445
0.955696
0.955953
0.957824
0.958954
0.957467
0.956321
0.956636
0.957223
0.955935
0.957499
0.957083
0.957483
0.958969
0.955984
0.956921
0.956858
0.955473
0.957392
0.954831
0.955793
0.957095
0.956871
0.957663
0.957924
0.956237
0.957253
0.956615
0.956796
0.957647
0.956333
0.955577
0.956388
0.958404
0.958743
0.956527
0.957661
0.955871
0.956165
0.953966
0.956315
0.957332
0.958197
0.956087
0.956042
0.955365
0.956771
0.956768
0.957545
0.95773
0.956687
0.957419
0.95687
0.95552
0.95656
0.95684
0.958069
0.954954
0.956442
0.958191
0.958066
0.95796
0.956502
0.956826
0.956351
0.957137
0.957356
0.959022
0.957014
0.956432
0.956312
0.955605
0.957474
0.957298
0.956466
0.95865
0.955005
0.956612
0.956173
0.957458
0.956112
0.955756
0.956725
0.957057
0.957274
0.957665
0.956426
0.956074
0.955988
0.957638
0.957026
0.957129
0.953819
0.956869
0.955119
0.955523
0.955627
0.954959
0.956394
0.956712
0.956497
0.957335
0.958343
0.956782
0.956033
0.958542
0.957029
0.957301
0.957695
0.955676
0.956487
0.957188
0.957072
0.958947
0.956673
0.954476
0.954596
0.957356
0.955966
0.955679
0.956295
0.956679
0.958532
0.959083
0.957643
0.956302
0.95535
0.956478
0.955332
0.955792
0.95599
0.956504
0.95625
0.95522
0.956897
0.957416
0.957009
0.956608
0.958595
0.957947
0.956071
0.957251
0.957429
0.956604
0.955479
0.95681
0.95699
0.957464
0.956846
0.955909
0.956855
0.956884
0.957658
0.956207
0.955678
0.956084
0.956971
0.95688
0.957894
0.956217
0.956298
0.957219
0.957463
0.955461
0.957092
0.957899
0.95794
0.957292
0.959266
0.95721
0.957325
0.958535
0.956188
0.957102
0.958377
0.956517
0.957489
0.958295
0.95561
0.956503
0.956162
0.95591
0.956785
0.956822
0.95628
0.956984
0.957494
0.958412
0.956609
0.955109
0.958179
0.956451
0.957386
0.957045
0.95551
0.955926
0.957661
0.957558
0.957112
0.956152
0.956694
0.957428
0.956933
0.958166
0.956654
0.956862
0.957921
0.95806
0.958119
0.956232
0.95571
0.956909
0.957629
0.957164
0.956235
0.957603
0.956918
0.956848
0.955121
0.956451
0.956951
0.95632
0.957011
0.956414
0.956106
0.956323
0.957485
0.95754
0.956207
0.956459
0.958089
0.95674
0.95655
0.956598
0.957196
0.957317
0.957414
0.957399
0.9575
0.957599
0.957187
0.957617
0.956053
0.956895
0.956232
0.956747
0.958883
0.956692
0.956519
0.956923
0.957502
0.955769
0.957162
0.957048
0.956043
0.957552
0.956789
0.95757
0.958783
0.954546
0.956337
0.956078
0.954999
0.955835
0.956772
0.957356
0.956721
0.956925
0.957683
0.957421
0.957364
0.955988
0.957913
0.9573
0.956487
0.957835
0.957519
0.956985
0.95838
0.954753
0.955226
0.956632
0.958259
0.958235
0.956404
0.95652
0.957946
0.955789
0.958753
0.956783
0.955876
0.956005
0.955194
0.956484
0.956394
0.956586
0.957081
0.956608
0.956924
0.956333
0.956542
0.955668
0.957851
0.956733
0.956836
0.95654
0.957363
0.955788
0.954966
0.95694
0.958078
0.956026
0.957845
0.957325
0.956771
0.955185
0.957365
0.957471
0.95591
0.956823
0.957986
0.956816
0.956838
0.957874
0.956683
0.957669
0.956381
0.956828
0.957824
0.957525
0.957783
0.95674
0.956697
0.956398
0.957304
0.957297
0.957316
0.957124
0.956613
0.955806
0.955933
0.956064
0.955627
0.956872
0.955622
0.956383
0.958022
0.957273
0.957269
0.957251
0.95699
0.957721
0.957033
0.957121
0.956317
0.957885
0.956784
0.957653
0.955662
0.957433
0.95594
0.956119
0.955844
0.957149
0.956257
0.955629
0.955967
0.957283
0.957727
0.955966
0.957049
0.95673
0.956161
0.955672
0.956032
0.955365
0.955636
0.956287
0.956033
0.956664
0.956953
0.95696
0.956751
0.956955
0.958283
0.95548
0.955099
0.956541
0.957034
0.956182
0.957666
0.95697
0.956164
0.958165
0.956751
0.95598
0.957929
0.957251
0.957492
0.955722
0.955524
0.956645
0.956432
0.957454
0.956692
0.957141
0.956081
0.956694
0.956649
0.956142
0.958642
0.959002
0.958202
0.957006
0.956934
0.957967
0.956545
0.957644
0.955994
0.958378
0.957279
0.956886
0.955824
0.956613
0.957756
0.957328
0.956216
0.957397
0.957703
0.95577
0.957987
0.956652
0.956567
0.958106
0.95669
0.956864
0.955475
0.956781
0.957119
0.955921
0.958114
0.957084
0.958225
0.955921
0.955982
0.957475
0.956105
0.955342
0.955837
0.95447
0.956027
0.958373
0.957903
0.957482
0.956534
0.957454
0.956078
0.956047
0.956655
0.95684
0.956437
0.957587
0.956491
0.957803
0.956692
0.957192
0.956905
0.955223
0.955809
0.956817
0.958583
0.956273
0.957428
0.955357
0.956311
0.957163
0.955527
0.956663
0.956726
0.95807
0.957574
0.956941
0.956461
0.958749
0.957683
0.957347
0.956523
0.958797
0.955933
0.955897
0.958707
0.956053
0.956132
0.957703
0.955809
0.955939
0.955839
0.956165
0.956048
0.957145
0.957888
0.95784
0.956675
0.955901
0.957814
0.955933
0.957701
0.955709
0.956942
0.957273
0.95622
0.95761
0.958003
0.956871
0.957177
0.957281
0.955539
0.956968
0.956854
0.957077
0.957195
0.95578
0.956536
0.956093
0.956439
0.955292
0.957446
0.957852
0.957735
0.957521
0.956344
0.958019
0.957371
0.957737
0.958663
0.95882
0.957158
0.955154
0.957233
0.957059
0.956289
0.957301
0.957338
0.955292
0.957274
0.957765
0.955202
0.957157
0.955435
0.955863
0.956055
0.955069
0.956853
0.957069
0.95565
0.954117
0.958135
0.956041
0.956214
0.957941
0.956209
0.955842
0.956188
0.954247
0.957225
0.955341
0.957099
0.957466
0.958279
0.95589
0.9555
0.956967
0.957855
0.955696
0.955532
0.958885
0.95698
0.958016
0.95775
0.957704
0.957255
0.957572
0.957945
0.958741
0.95709
0.956589
0.9574
0.955463
0.957397
0.957714
0.956641
0.957918
0.956209
0.957081
0.957693
0.957592
0.957945
0.956106
0.957695
0.955623
0.957868
0.957532
0.956139
0.958399
0.957193
0.9577
0.955436
0.957737
0.957528
0.955886
0.956909
0.958915
0.956177
0.955977
0.957797
0.956404
0.957393
0.955559
0.95776
0.956576
0.956082
0.956518
0.956321
0.957682
0.957058
0.959399
0.958412
0.957062
0.95714
0.956292
0.956967
0.956053
0.956852
0.955849
0.954596
0.956113
0.956832
0.956928
0.958738
0.956414
0.958096
0.958339
0.95718
0.957224
0.954936
0.956863
0.957719
0.95746
0.958424
0.958426
0.956974
0.956638
0.957274
0.957737
0.957577
0.957844
0.957968
0.957485
0.956367
0.956128
0.956563
0.957113
0.956863
0.956583
0.956895
0.957525
0.957777
0.956977
0.956917
0.957428
0.956788
0.954774
0.957538
0.956212
0.956392
0.958243
0.956641
0.956352
0.956249
0.956802
0.957168
0.955954
0.957394
0.956606
0.956276
0.956035
0.958001
0.957903
0.957232
0.955774
0.955818
0.957038
0.955941
0.957547
0.956883
0.95623
0.955527
0.956018
0.957525
0.955811
0.958713
0.957175
0.956913
0.957722
0.95678
0.954629
0.957125
0.957577
0.958946
0.957158
0.95676
0.956387
0.956823
0.958927
0.956746
0.956706
0.959455
0.957391
0.95555
0.958024
0.955967
0.957841
0.95632
0.956762
0.957987
0.955231
0.956244
0.956688
0.95716
0.956229
0.95612
0.958114
0.957659
0.957051
0.958104
0.955627
0.956271
0.958767
0.956187
0.956576
0.957253
0.955994
0.958473
0.955357
0.957742
0.957377
0.957558
0.956309
0.956832
0.956095
0.955574
0.957101
0.957646
0.955864
0.957333
0.95605
0.956575
0.956245
0.957655
0.956859
0.956867
0.955498
0.957092
0.956787
0.956034
0.955561
0.95629
0.957053
0.955884
0.956395
0.95572
0.956494
0.955986
0.956853
0.958081
0.955578
0.957825
0.956992
0.957979
0.958933
0.956838
0.957109
0.956067
0.957953
0.956856
0.956277
0.956823
0.957523
0.956832
0.956767
0.956754
0.95645
0.95596
0.956699
0.957482
0.957369
0.957044
0.95847
0.955925
0.955223
0.957093
0.95712
0.955183
0.957656
0.95755
0.956437
0.956698
0.958745
0.956531
0.957111
0.956777
0.955936
0.956886
0.956077
0.956854
0.957913
0.955812
0.955891
0.956492
0.956273
0.957195
0.958629
0.954691
0.957414
0.958417
0.956864
0.956831
0.956471
0.957091
0.956555
0.956866
0.95748
0.956029
0.95786
0.955249
0.955877
0.956169
0.956271
0.957288
0.957493
0.957931
0.956129
0.955828
0.95718
0.956236
0.95496
0.956453
0.954749
0.957858
0.9559
0.957511
0.957712
0.95653
0.957203
0.956354
0.956294
0.955694
0.955883
0.956364
0.957947
0.95765
0.957813
0.957006
0.956181
0.956616
0.955599
0.957584
0.957405
0.95628
0.957273
0.957606
0.9563
0.956941
0.95718
0.956756
0.956064
0.956008
0.957549
0.958351
0.955989
0.956774
0.956727
0.955854
0.958373
0.955843
0.956183
0.956003
0.957032
0.955998
0.957076
0.957426
0.958372
0.957907
0.956345
0.956121
0.956834
0.957372
0.956635
0.957794
0.957647
0.956395
0.959363
0.956349
0.957158
0.956663
0.955806
0.955421
0.95651
0.956409
0.955855
0.957513
0.957631
0.957443
0.955188
0.956888
0.955755
0.956727
0.960452
0.957202
0.95676
0.958169
0.957423
0.95626
0.957372
0.955683
0.959248
0.956937
0.955958
0.957119
0.956552
0.956672
0.95622
0.957638
0.956071
0.956453
0.957131
0.955049
0.959106
0.956727
0.957239
0.956868
0.957535
0.957815
0.956017
0.956068
0.957865
0.957297
0.955231
0.958327
0.956814
0.957218
0.957227
0.956782
0.956038
0.9559
0.957275
0.955329
0.956387
0.957598
0.958955
0.95704
0.95578
0.958931
0.956758
0.955009
0.954637
0.958124
0.958345
0.958671
0.956975
0.9579
0.958346
0.955435
0.957376
0.954835
0.955825
0.95611
0.957274
0.956589
0.957248
0.956773
0.958712
0.955349
0.957712
0.957098
0.957408
0.958415
0.958217
0.957111
0.955861
0.956327
0.957693
0.956206
0.957018
0.956876
0.957061
0.957359
0.956791
0.955471
0.95633
0.955895
0.958104
0.957428
0.956565
0.95443
0.957487
0.956564
0.959211
0.957731
0.957315
0.958117
0.958941
0.957566
0.958545
0.95809
0.95679
0.957122
0.95758
0.956
0.958556
0.956389
0.95712
0.958363
0.956898
0.958029
0.956553
0.956393
0.957445
0.95618
0.957609
0.956678
0.956525
0.957512
0.958328
0.956393
0.955636
0.955597
0.958246
0.955214
0.957688
0.957917
0.957908
0.957018
0.956391
0.955643
0.956713
0.957388
0.956675
0.956864
0.957705
0.957503
0.95735
0.956214
0.958012
0.957634
0.957283
0.958078
0.957053
0.95705
0.956039
0.956602
0.957546
0.954884
0.95668
0.954076
0.954683
0.956401
0.956423
0.955881
0.959036
0.955478
0.956753
0.956405
0.957412
0.958377
0.955491
0.957146
0.955657
0.955879
0.957948
0.958221
0.955758
0.958016
0.956163
0.958687
0.957637
0.957368
0.957832
0.956749
0.957292
0.95647
0.959453
0.957704
0.955651
0.957963
0.956198
0.956391
0.956214
0.957807
0.957258
0.956552
0.956773
0.957725
0.955571
0.958194
0.955514
0.95589
0.956636
0.958146
0.958994
0.956741
0.955831
0.955795
0.957802
0.955334
0.955903
0.958075
0.956845
0.956994
0.955684
0.957311
0.956941
0.955989
0.958814
0.957709
0.956161
0.957036
0.958575
0.956166
0.957547
0.956409
0.958002
0.958236
0.95785
0.957166
0.955251
0.955791
0.957706
0.957267
0.956744
0.956517
0.958551
0.957207
0.957863
0.955771
0.957199
0.957518
0.958038
0.957268
0.956948
0.957496
0.956833
0.95645
0.956173
0.955114
0.957616
0.956468
0.958826
0.956737
0.957839
0.956974
0.95731
0.957819
0.956859
0.95689
0.955647
0.957972
0.955461
0.955534
0.955973
0.956074
0.956444
0.95616
0.955571
0.95631
0.95665
0.956748
0.956471
0.956053
0.956343
0.956931
0.955679
0.956031
0.955736
0.955915
0.958187
0.957069
0.95709
0.956165
0.956718
0.95649
0.956339
0.956999
0.957668
0.95931
0.95818
0.955246
0.95577
0.957093
0.957248
0.957043
0.956719
0.957503
0.957976
0.956817
0.955576
0.957903
0.957521
0.956947
0.956493
0.956426
0.955895
0.956874
0.956728
0.957462
0.958612
0.955724
0.955815
0.955862
0.956832
0.957733
0.956797
0.956866
0.956659
0.956108
0.956833
0.958279
0.957458
0.956913
0.957335
0.957916
0.957483
0.95361
0.955842
0.957001
0.956771
0.957878
0.95839
0.956887
0.956923
0.957469
0.956794
0.957482
0.958447
0.956485
0.956289
0.955573
0.956706
0.957832
0.956968
0.957148
0.955474
0.958264
0.955728
0.957202
0.957165
0.956958
0.956288
0.957061
0.955143
0.956635
0.956671
0.958305
0.957008
0.955117
0.955462
0.95624
0.956122
0.956298
0.957964
0.956684
0.958205
0.957254
0.957629
0.958132
0.957159
0.955502
0.959374
0.956941
0.957057
0.955054
0.957414
0.956813
0.95694
0.956724
0.955947
0.95626
0.955854
0.956983
0.95709
0.957845
0.958029
0.957341
0.957356
0.957845
0.955009
0.95863
0.957419
0.957406
0.95716
0.955961
0.958099
0.95589
0.95752
0.955632
0.957297
0.957081
0.956789
0.955752
0.956615
0.956729
0.958674
0.956765
0.956538
0.956545
0.956142
0.95744
0.957138
0.957568
0.955412
0.956298
0.95803
0.955163
0.956262
0.956955
0.956675
0.959688
0.956506
0.956741
0.956405
0.957046
0.957107
0.955625
0.956964
0.957923
0.956737
0.957278
0.95767
0.95807
0.957824
0.95653
0.957308
0.956914
0.955997
0.957436
0.957151
0.958299
0.956786
0.95676
0.95504
0.956733
0.956785
0.955141
0.955994
0.957301
0.956938
0.958282
0.956
0.955925
0.95868
0.956175
0.955392
0.956858
0.957037
0.957959
0.956859
0.958451
0.958468
0.956894
0.958159
0.956295
0.95537
0.956982
0.957949
0.95733
0.958143
0.956209
0.956949
0.956506
0.956428
0.956878
0.956093
0.956711
0.956163
0.956732
0.956236
0.95682
0.956837
0.957462
0.956485
0.955709
0.9559
0.956846
0.957659
0.955308
0.956362
0.95739
0.956995
0.957255
0.957261
0.956025
0.95764
0.958815
0.956074
0.956824
0.956286
0.956143
0.95759
0.955576
0.955878
0.95744
0.956065
0.95633
0.958058
0.956159
0.955358
0.957245
0.957623
0.956877
0.9558
0.957311
0.956884
0.956885
0.956682
0.955879
0.95622
0.955064
0.956278
0.956827
0.955696
0.957091
0.956996
0.956786
0.956444
0.957202
0.956154
0.957776
0.956919
0.958555
0.957531
0.957213
0.956371
0.957492
0.957324
0.956533
0.95616
0.956576
0.956004
0.956742
0.956839
0.956139
0.95787
0.955855
0.957955
0.957976
0.954802
0.956698
0.958076
0.956784
0.958917
0.956566
0.955552
0.956155
0.956974
0.957186
0.956704
0.958405
0.95694
0.956393
0.957498
0.957758
0.957717
0.957185
0.956872
0.956686
0.953998
0.957783
0.957831
0.957811
0.9563
0.957018
0.957733
0.956403
0.959684
0.95625
0.955974
0.95476
0.95877
0.956139
0.957108
0.956407
0.955627
0.95591
0.957148
0.956092
0.958581
0.957136
0.958126
0.954578
0.956645
0.956369
0.957836
0.956186
0.957277
0.957089
0.956633
0.957636
0.957812
0.957649
0.956686
0.956414
0.957567
0.956607
0.95705
0.95496
0.956035
0.957073
0.957613
0.954391
0.956394
0.95652
0.956103
0.956074
0.958547
0.9578
0.956044
0.955775
0.954779
0.957153
0.956749
0.956508
0.957131
0.957477
0.956033
0.956885
0.958724
0.957198
0.957975
0.958073
0.958443
0.957492
0.957133
0.957065
0.955747
0.956809
0.957767
0.957148
0.956611
0.956257
0.956834
0.955292
0.958122
0.957941
0.954747
0.9577
0.955103
0.95696
0.956352
0.957442
0.956863
0.956896
0.956615
0.957393
0.957885
0.955506
0.956052
0.956152
0.957579
0.955745
0.958024
0.956386
0.956195
0.957866
0.956944
0.954849
0.955918
0.956791
0.955416
0.955955
0.956841
0.956066
0.957234
0.95774
0.956623
0.957589
0.9557
0.95734
0.957116
0.957271
0.956618
0.956474
0.956597
0.957668
0.957763
0.955694
0.956764
0.95666
0.958224
0.956878
0.957272
0.954946
0.957677
0.958782
0.957453
0.9556
0.956411
0.955265
0.957729
0.957579
0.956981
0.95571
0.957795
0.957304
0.954794
0.955755
0.956116
0.956793
0.956154
0.957584
0.957689
0.957683
0.956761
0.958105
0.955888
0.956092
0.957452
0.957325
0.955567
0.955474
0.955844
0.956836
0.956863
0.957267
0.957435
0.955735
0.957495
0.958234
0.956315
0.956052
0.955884
0.957392
0.95587
0.956578
0.958708
0.955598
0.958772
0.957677
0.957794
0.955813
0.955915
0.95833
0.955528
0.956749
0.956552
0.958921
0.957919
0.955795
0.95593
0.956998
0.955067
0.957769
0.957227
0.957181
0.957833
0.95577
0.957145
0.956565
0.957085
0.957728
0.958202
0.957303
0.95621
0.956188
0.956401
0.957422
0.956342
0.957577
0.957378
0.95646
0.958707
0.956893
0.955479
0.957883
0.956755
0.95671
0.957733
0.955124
0.955758
0.955618
0.95618
0.958047
0.957653
0.956775
0.956956
0.956772
0.956968
0.955533
0.95587
0.957208
0.956598
0.955717
0.956592
0.957167
0.955863
0.957928
0.956328
0.956306
0.955991
0.956903
0.958374
0.957867
0.956256
0.957066
0.957321
0.955672
0.956971
0.95718
0.956992
0.956405
0.956626
0.95721
0.956003
0.956601
0.956196
0.95786
0.956806
0.958244
0.957022
0.957519
0.957736
0.957028
0.957834
0.957505
0.957123
0.956893
0.956399
0.956259
0.958524
0.956186
0.956538
0.957399
0.95661
0.957286
0.957016
0.956107
0.956227
0.956726
0.956556
0.957161
0.957598
0.956816
0.957916
0.958024
0.956981
0.957891
0.95731
0.957253
0.955414
0.955456
0.958351
0.957713
0.955722
0.959595
0.957971
0.957803
0.957166
0.95879
0.957712
0.955674
0.956766
0.956209
0.95885
0.956075
0.956511
0.957321
0.957883
0.95766
0.956414
0.957786
0.956768
0.957942
0.956035
0.957226
0.956032
0.957037
0.956884
0.955216
0.958063
0.957734
0.956711
0.956502
0.956532
0.957089
0.956347
0.956225
0.956711
0.95645
0.956708
0.958072
0.957044
0.956397
0.956959
0.956131
0.95583
0.957908
0.956351
0.955296
0.955336
0.956487
0.957161
0.95535
0.956015
0.957224
0.957065
0.956303
0.95723
0.956964
0.956598
0.957159
0.958164
0.958055
0.957126
0.957306
0.957732
0.958313
0.956274
0.95706
0.958541
0.955657
0.956658
0.956179
0.956059
0.956506
0.955201
0.957778
0.956522
0.958342
0.95658
0.957725
0.95605
0.958943
0.958557
0.95814
0.955275
0.957003
0.957182
0.958262
0.957013
0.956442
0.95641
0.957197
0.955555
0.956873
0.957217
0.957992
0.956316
0.957333
0.957116
0.955903
0.956605
0.956014
0.956881
0.95626
0.956043
0.957121
0.958161
0.957607
0.957407
0.956883
0.956589
0.9563
0.957354
0.955774
0.955921
0.957094
0.955649
0.955977
0.95717
0.956207
0.95726
0.957265
0.956709
0.958795
0.957692
0.957095
0.956162
0.956318
0.958017
0.955261
0.958122
0.958428
0.957728
0.958735
0.956568
0.955989
0.957385
0.956607
0.957017
0.955108
0.95707
0.956937
0.959549
0.95735
0.956441
0.956462
0.956575
0.956816
0.956524
0.956598
0.958286
0.957762
0.955301
0.95832
0.956484
0.958414
0.957084
0.956913
0.956207
0.95632
0.95604
0.957097
0.95629
0.956313
0.957056
0.95731
0.955954
0.955972
0.956966
0.955734
0.956433
0.957139
0.955886
0.957823
0.954904
0.956374
0.956706
0.957512
0.957546
0.95755
0.956921
0.95756
0.958274
0.959269
0.956543
0.957579
0.95636
0.956888
0.955801
0.957439
0.957228
0.956152
0.956835
0.957487
0.957235
0.956731
0.955399
0.956378
0.958103
0.956099
0.95632
0.957101
0.956705
0.957402
0.957813
0.956845
0.957315
0.955856
0.955898
0.956518
0.956193
0.955333
0.957843
0.957203
0.957043
0.955672
0.95844
0.957368
0.956826
0.957552
0.956836
0.954963
0.95515
0.955497
0.95748
0.959467
0.957169
0.958607
0.957031
0.956872
0.955889
0.956359
0.958786
0.956841
0.956465
0.958554
0.958001
0.957102
0.956196
0.957799
0.956832
0.956923
0.957165
0.956958
0.956744
0.957862
0.956722
0.957138
0.95653
0.956286
0.956567
0.957142
0.957899
0.956925
0.955205
0.958409
0.956561
0.957596
0.95646
0.957953
0.956864
0.955984
0.956286
0.956908
0.956949
0.956049
0.955356
0.958
0.957384
0.957578
0.956774
0.95578
0.955685
0.957608
0.957398
0.957194
0.957523
0.956904
0.956646
0.956723
0.956104
0.957311
0.957402
0.957727
0.956299
0.957006
0.956673
0.956217
0.956515
0.956392
0.956238
0.955977
0.957595
0.956503
0.958133
0.955632
0.957307
0.955662
0.955365
0.9566
0.956548
0.955976
0.957805
0.955284
0.957589
0.957614
0.95818
0.957111
0.957471
0.956295
0.956855
0.957952
0.957553
0.957674
0.958124
0.955839
0.95676
0.957199
0.958546
0.955479
0.95682
0.957501
0.958717
0.956378
0.957149
0.957125
0.956367
0.95541
0.95479
0.957151
0.957296
0.9559
0.957543
0.956806
0.958194
0.957504
0.956468
0.95676
0.956465
0.957907
0.957461
0.957788
0.956943
0.958309
0.957105
0.956384
0.957037
0.957398
0.95848
0.956684
0.956772
0.956089
0.955835
0.956741
0.957476
0.95627
0.957441
0.955815
0.956888
0.957419
0.958807
0.957082
0.956154
0.955133
0.957939
0.955939
0.955807
0.955108
0.957019
0.956812
0.957403
0.957468
0.956177
0.956782
0.957684
0.957036
0.955076
0.956836
0.956805
0.955998
0.95667
0.956474
0.955712
0.956864
0.955843
0.957781
0.95825
0.956001
0.959055
0.955402
0.957149
0.958443
0.955716
0.956025
0.958307
0.95663
0.956128
0.958204
0.956649
0.956594
0.957621
0.957756
0.956219
0.957875
0.957484
0.956723
0.956667
0.955286
0.957004
0.956567
0.956154
0.956073
0.957918
0.957009
0.956868
0.956755
0.957157
0.957333
0.955302
0.955377
0.958626
0.955937
0.956417
0.957905
0.955911
0.957841
0.954308
0.955958
0.95892
0.955836
0.956718
0.956542
0.95721
0.956276
0.957928
0.956283
0.956229
0.956117
0.959112
0.955871
0.955728
0.957334
0.959669
0.955954
0.955528
0.957806
0.95618
0.957418
0.956118
0.957928
0.957042
0.956466
0.957122
0.957879
0.957866
0.956165
0.956544
0.956945
0.956857
0.957891
0.956357
0.956576
0.956093
0.958334
0.954819
0.955433
0.955962
0.956886
0.956403
0.957399
0.956722
0.955135
0.955846
0.956355
0.956611
0.957039
0.956009
0.955229
0.956634
0.957057
0.956209
0.957367
0.955761
0.957898
0.957156
0.956457
0.956643
0.957115
0.958139
0.955842
0.956266
0.956127
0.95655
0.957513
0.956902
0.957399
0.955058
0.955109
0.95599
0.957077
0.956545
0.9564
0.956063
0.956621
0.95887
0.956917
0.957158
0.956923
0.95807
0.957769
0.956946
0.957452
0.957948
0.956924
0.956176
0.957568
0.957046
0.95802
0.958269
0.956064
0.957111
0.957523
0.955177
0.956704
0.957088
0.958033
0.956826
0.956339
0.957989
0.956503
0.957411
0.95648
0.956944
0.956863
0.956291
0.957013
0.958497
0.95837
0.9557
0.957015
0.959483
0.95635
0.95686
0.957383
0.956443
0.956441
0.957092
0.956639
0.957245
0.957072
0.957644
0.957623
0.956783
0.957985
0.955602
0.957262
0.958194
0.957194
0.956553
0.958373
0.956872
0.956492
0.957426
0.95604
0.95626
0.956486
0.958203
0.956718
0.956611
0.955989
0.956274
0.956698
0.956423
0.955668
0.957735
0.955628
0.958659
0.957057
0.956204
0.956327
0.958295
0.956698
0.958777
0.956613
0.956963
0.957589
0.957589
0.955569
0.957398
0.957745
0.956961
0.956323
0.957059
0.957049
0.955662
0.957338
0.958993
0.95598
0.956591
0.955225
0.956026
0.957496
0.955893
0.95801
0.955955
0.956815
0.956455
0.957038
0.957245
0.956457
0.956456
0.956943
0.955978
0.957352
0.956462
0.956417
0.95629
0.956964
0.956577
0.955691
0.957419
0.957647
0.957524
0.956092
0.95671
0.956446
0.957716
0.95618
0.956857
0.956747
0.957514
0.956486
0.954816
0.956177
0.955655
0.958544
0.956741
0.95806
0.955798
0.957891
0.957278
0.956411
0.956427
0.956036
0.957245
0.95672
0.957748
0.956506
0.957319
0.955792
0.956027
0.956682
0.956636
0.955642
0.957017
0.958291
0.956492
0.956719
0.956532
0.955871
0.956275
0.955557
0.955538
0.956649
0.957285
0.958002
0.958178
0.956577
0.95732
0.955936
0.957424
0.956832
0.957514
0.955982
0.958398
0.955883
0.95688
0.958451
0.957491
0.958337
0.956583
0.955782
0.957622
0.958644
0.957372
0.957731
0.955215
0.95689
0.957921
0.955947
0.957052
0.957468
0.957679
0.957569
0.957555
0.955951
0.957637
0.955978
0.956155
0.95844
0.956365
0.957706
0.956046
0.956213
0.956573
0.957139
0.9569
0.956681
0.957222
0.958141
0.955601
0.956092
0.955949
0.957124
0.957814
0.957771
0.95578
0.95551
0.955811
0.956763
0.956817
0.957999
0.956031
0.95662
0.956898
0.956303
0.958439
0.956973
0.958026
0.95773
0.957592
0.955389
0.957519
0.955987
0.957811
0.956729
0.957237
0.958681
0.954715
0.957053
0.958087
0.956939
0.957474
0.957492
0.956836
0.95745
0.956617
0.956661
0.957089
0.958238
0.95655
0.956378
0.956471
0.956075
0.954799
0.957689
0.956965
0.956627
0.957652
0.957694
0.956181
0.957742
0.95719
0.957133
0.958466
0.956819
0.955668
0.958008
0.958008
0.95732
0.95642
0.957698
0.956981
0.956083
0.957485
0.956437
0.957619
0.95727
0.957306
0.956522
0.957403
0.956641
0.957092
0.95756
0.957035
0.95656
0.958536
0.957155
0.957424
0.957576
0.958603
0.957823
0.955406
0.95726
0.956828
0.958101
0.955667
0.957912
0.957629
0.957659
0.957395
0.95743
0.955205
0.955406
0.957294
0.956083
0.955155
0.956328
0.959089
0.958183
0.957827
0.956137
0.957857
0.957132
0.957899
0.957467
0.957138
0.956364
0.957557
0.955252
0.957528
0.957935
0.955075
0.957849
0.956375
0.955752
0.957906
0.956892
0.956693
0.955025
0.958073
0.956696
0.957484
0.957481
0.957534
0.958185
0.955888
0.956493
0.957458
0.955939
0.957749
0.953309
0.955663
0.957155
0.955691
0.955527
0.956448
0.95786
0.957283
0.956798
0.955387
0.956093
0.957075
0.956398
0.957817
0.956307
0.957316
0.957206
0.957573
0.957446
0.958647
0.955235
0.958408
0.957074
0.957465
0.956214
0.957078
0.956593
0.958818
0.956408
0.95737
0.956842
0.957133
0.958005
0.955904
0.956486
0.956073
0.958256
0.958631
0.956557
0.957118
0.956173
0.957028
0.957628
0.955971
0.957494
0.957423
0.955198
0.955551
0.959113
0.956676
0.957711
0.958543
0.957376
0.955958
0.956727
0.957165
0.95536
0.958455
0.955723
0.956436
0.956153
0.95707
0.957176
0.955274
0.956576
0.956959
0.957497
0.955673
0.955731
0.956304
0.957247
0.957349
0.955721
0.957741
0.957299
0.956371
0.956651
0.957257
0.958852
0.956341
0.954223
0.955374
0.956426
0.95542
0.956063
0.955402
0.956707
0.956677
0.956808
0.956441
0.956563
0.956908
0.956558
0.95695
0.956841
0.956849
0.956934
0.954978
0.958082
0.956868
0.958076
0.956881
0.957545
0.95613
0.956271
0.95735
0.957443
0.95807
0.956182
0.957483
0.956679
0.957957
0.956784
0.957231
0.956241
0.956815
0.956383
0.957544
0.957266
0.955827
0.957719
0.95737
0.956817
0.957581
0.956053
0.957384
0.955785
0.956169
0.956999
0.959029
0.956955
0.955388
0.956222
0.957066
0.956781
0.956779
0.955891
0.956617
0.956733
0.95472
0.955872
0.958992
0.956348
0.956784
0.955199
0.956759
0.956965
0.955813
0.955214
0.956215
0.958244
0.957303
0.957337
0.957165
0.958478
0.95667
0.957082
0.960419
0.956623
0.957599
0.957248
0.954217
0.956768
0.957916
0.958083
0.956448
0.955959
0.956756
0.956802
0.956929
0.956374
0.95664
0.957932
0.957248
0.957584
0.957969
0.956099
0.956022
0.958091
0.956804
0.955013
0.956074
0.957651
0.955687
0.955588
0.956124
0.957904
0.954964
0.956703
0.957335
0.956485
0.95506
0.956231
0.957887
0.957521
0.956971
0.95686
0.956457
0.958682
0.956893
0.955072
0.95486
0.958926
0.957471
0.956272
0.957333
0.957135
0.954993
0.957282
0.957844
0.956087
0.956122
0.957338
0.958255
0.955869
0.958974
0.957297
0.956597
0.958416
0.957599
0.954727
0.957478
0.956523
0.958307
0.957408
0.95497
0.956832
0.957666
0.955867
0.95576
0.957358
0.955686
0.957469
0.957912
0.958171
0.956603
0.956709
0.956456
0.956489
0.958023
0.957277
0.955916
0.954866
0.956494
0.957179
0.955355
0.956928
0.957432
0.956892
0.957545
0.958459
0.958159
0.95754
0.957056
0.95716
0.957138
0.956621
0.955727
0.958594
0.958375
0.958178
0.95691
0.957955
0.958999
0.955956
0.957042
0.956963
0.957902
0.958068
0.956572
0.956436
0.956628
0.956335
0.956176
0.958531
0.956553
0.957365
0.958329
0.957008
0.956509
0.958098
0.955573
0.957156
0.956768
0.956102
0.957223
0.956968
0.955908
0.956644
0.958877
0.957147
0.957847
0.956793
0.956442
0.956168
0.956023
0.956762
0.958455
0.956449
0.957575
0.955612
0.956514
0.957879
0.95572
0.95667
0.956861
0.954335
0.957069
0.956115
0.95661
0.957072
0.955199
0.957528
0.955603
0.957583
0.955658
0.957834
0.955473
0.9568
0.9564
0.959092
0.957641
0.959055
0.958302
0.957303
0.956921
0.958815
0.957161
0.955769
0.957589
0.957542
0.955806
0.958094
0.959053
0.955763
0.957443
0.956034
0.958109
0.957156
0.955713
0.956807
0.956751
0.957167
0.955828
0.958071
0.956697
0.957979
0.956473
0.955812
0.957695
0.956761
0.957978
0.956734
0.956902
0.956407
0.958529
0.957229
0.954277
0.957698
0.956604
0.957451
0.955152
0.956175
0.956216
0.956467
0.955257
0.956619
0.957349
0.956838
0.957012
0.958048
0.955698
0.956135
0.957185
0.956834
0.954747
0.95777
0.958188
0.958105
0.957763
0.956061
0.957366
0.95621
0.957933
0.958098
0.956145
0.954057
0.955446
0.956626
0.956632
0.957742
0.957506
0.956652
0.95788
0.956581
0.957594
0.956762
0.958805
0.955001
0.956088
0.957631
0.957559
0.957548
0.955918
0.956913
0.955792
0.957267
0.958251
0.956537
0.955626
0.956142
0.9583
0.956845
0.955186
0.957218
0.958401
0.956612
0.955661
0.957495
0.957105
0.958685
0.957726
0.955807
0.95663
0.956621
0.957436
0.956729
0.955519
0.95802
0.955763
0.955486
0.956832
0.956522
0.954336
0.95657
0.956735
0.956111
0.956129
0.955757
0.957972
0.956209
0.956378
0.956305
0.95588
0.957287
0.956226
0.95668
0.955916
0.955468
0.956208
0.955137
0.958589
0.957639
0.957497
0.957669
0.953574
0.955675
0.957413
0.955296
0.95727
0.957527
0.957437
0.956544
0.95537
0.957247
0.957676
0.958005
0.956212
0.956533
0.956143
0.957586
0.956655
0.957781
0.957553
0.958103
0.957001
0.957775
0.957297
0.956399
0.957789
0.957271
0.956748
0.956501
0.957651
0.95699
0.956231
0.956389
0.956785
0.955922
0.956319
0.957609
0.956515
0.955541
0.956304
0.958447
0.956011
0.9554
0.956897
0.958374
0.958447
0.958404
0.957982
0.957676
0.957086
0.956247
0.957361
0.95527
0.9561
0.957837
0.957444
0.95745
0.957285
0.957635
0.957711
0.95709
0.955784
0.956264
0.955687
0.956238
0.957116
0.957776
0.957005
0.957538
0.955609
0.956692
0.956741
0.958003
0.956064
0.957752
0.958876
0.95806
0.956632
0.956418
0.957151
0.957397
0.95749
0.958534
0.955964
0.957545
0.958067
0.956067
0.955855
0.957122
0.955911
0.957552
0.956755
0.956124
0.956019
0.955938
0.95699
0.955876
0.959232
0.956562
0.957629
0.957268
0.957497
0.955833
0.956131
0.956565
0.956279
0.958255
0.959704
0.95718
0.956499
0.956744
0.958267
0.955298
0.957057
0.956966
0.957008
0.959452
0.957509
0.957858
0.956773
0.956396
0.956914
0.956869
0.956921
0.956718
0.956173
0.956171
0.955397
0.957618
0.956878
0.955962
0.958887
0.956408
0.956048
0.955299
0.958129
0.955422
0.95649
0.957499
0.95733
0.957612
0.955173
0.956009
0.958228
0.955757
0.957085
0.956933
0.955344
0.955869
0.957724
0.955859
0.955711
0.957197
0.957508
0.957097
0.955465
0.957047
0.958724
0.956437
0.956316
0.956431
0.95698
0.957073
0.95628
0.956644
0.957435
0.956878
0.958749
0.956306
0.955127
0.957018
0.958507
0.956759
0.957365
0.958085
0.957363
0.957167
0.956611
0.958073
0.957337
0.955354
0.955328
0.956053
0.956433
0.957061
0.956965
0.955261
0.955419
0.957118
0.95807
0.956832
0.956824
0.958342
0.95842
0.957649
0.955278
0.957095
0.95574
0.955989
0.958056
0.956947
0.956409
0.958269
0.956471
0.956919
0.957301
0.95832
0.956995
0.957125
0.957734
0.956176
0.955769
0.957901
0.956322
0.958074
0.957576
0.956356
0.957244
0.957443
0.959131
0.956966
0.9575
0.959186
0.955921
0.955232
0.956543
0.958642
0.956327
0.957871
0.957786
0.957892
0.957698
0.957769
0.95787
0.958828
0.956171
0.95656
0.954388
0.957781
0.956222
0.954759
0.956836
0.955895
0.956877
0.956601
0.957193
0.957443
0.956234
0.95633
0.956959
0.956326
0.956628
0.957728
0.955599
0.958554
0.956032
0.95784
0.956351
0.956741
0.956411
0.95659
0.955775
0.955733
0.956048
0.958058
0.957091
0.95744
0.958325
0.957575
0.956846
0.956841
0.958225
0.958308
0.957957
0.95594
0.957103
0.956552
0.957841
0.958973
0.956723
0.955651
0.956842
0.955835
0.956067
0.956329
0.957591
0.955857
0.957181
0.955631
0.95666
0.958632
0.95437
0.956319
0.957252
0.956362
0.95514
0.955879
0.95606
0.956313
0.957699
0.957402
0.957357
0.956593
0.956006
0.958264
0.956675
0.956994
0.957533
0.956016
0.957354
0.957493
0.955964
0.95656
0.95758
0.956366
0.956195
0.957058
0.955533
0.956759
0.957622
0.957077
0.957532
0.95671
0.95515
0.957296
0.956418
0.956396
0.958427
0.958474
0.956863
0.957652
0.957204
0.957751
0.956788
0.957321
0.957306
0.956657
0.956318
0.955567
0.95808
0.956412
0.956131
0.955723
0.956535
0.955675
0.95518
0.956257
0.956742
0.956039
0.957316
0.955587
0.957692
0.957484
0.955642
0.957452
0.956976
0.957312
0.956468
0.95846
0.955851
0.957038
0.957355
0.956793
0.957196
0.957873
0.959038
0.956863
0.955765
0.955766
0.956441
0.956826
0.956488
0.957482
0.956516
0.955831
0.956293
0.956227
0.956623
0.957592
0.956506
0.958068
0.955845
0.957429
0.956497
0.955569
0.957358
0.955777
0.956816
0.95803
0.9566
0.956829
0.958136
0.957598
0.956175
0.956597
0.957955
0.957531
0.956157
0.956784
0.95888
0.957365
0.958987
0.956954
0.956834
0.958553
0.95708
0.959109
0.95777
0.958548
0.958154
0.95597
0.957515
0.957334
0.956156
0.956019
0.957227
0.957792
0.956912
0.957498
0.957405
0.955405
0.956083
0.955583
0.955622
0.957389
0.956274
0.956304
0.9562
0.957494
0.955839
0.956043
0.956487
0.95824
0.958299
0.957305
0.955739
0.955574
0.95616
0.956455
0.957179
0.956156
0.957901
0.957568
0.95787
0.957176
0.955688
0.955274
0.957073
0.957246
0.957901
0.956659
0.957199
0.957519
0.956513
0.956454
0.956211
0.956815
0.95674
0.957998
0.956666
0.957195
0.957583
0.956415
0.957086
0.956136
0.95623
0.956639
0.957771
0.957522
0.95683
0.956126
0.956278
0.956359
0.957246
0.956215
0.956965
0.956818
0.95609
0.956813
0.957277
0.957166
0.956427
0.957195
0.95817
0.957711
0.956806
0.957461
0.957521
0.95802
0.957998
0.956656
0.958
0.957675
0.956385
0.957815
0.954271
0.957897
0.956702
0.957436
0.956047
0.958037
0.956327
0.957304
0.955992
0.95874
0.957575
0.956574
0.956093
0.956451
0.957194
0.959467
0.955325
0.95748
0.956454
0.957311
0.957047
0.956551
0.958128
0.956019
0.955229
0.957289
0.956459
0.955966
0.957248
0.956958
0.956632
0.956196
0.956814
0.957167
0.95917
0.957047
0.956468
0.956667
0.95486
0.956883
0.955426
0.956797
0.958485
0.958346
0.956993
0.957545
0.956803
0.956024
0.956172
0.958266
0.958082
0.957703
0.955433
0.957701
0.957036
0.956878
0.959392
0.957713
0.956936
0.956901
0.957311
0.957181
0.958269
0.957055
0.955732
0.956319
0.957319
0.956411
0.956489
0.956406
0.956922
0.957567
0.956681
0.958395
0.957783
0.956463
0.956197
0.958497
0.957135
0.957535
0.957432
0.957714
0.957806
0.956006
0.956149
0.954545
0.957818
0.956477
0.957273
0.956446
0.956894
0.955649
0.956583
0.955713
0.95825
0.956702
0.957671
0.956989
0.957862
0.95613
0.958732
0.955846
0.955417
0.956266
0.957766
0.957752
0.957005
0.955221
0.956099
0.955054
0.957978
0.957447
0.957991
0.955347
0.957841
0.955864
0.956827
0.9567
0.957632
0.957333
0.956429
0.956153
0.956107
0.957088
0.957309
0.956462
0.958413
0.957472
0.956436
0.956789
0.957057
0.957103
0.957561
0.956086
0.957503
0.957401
0.955366
0.958301
0.956766
0.95785
0.956496
0.956815
0.956938
0.958431
0.955614
0.957654
0.955438
0.956664
0.956826
0.955518
0.95647
0.957434
0.957403
0.957947
0.956815
0.956479
0.9555
0.956577
0.956401
0.956173
0.955196
0.955254
0.956772
0.957223
0.958622
0.956798
0.957133
0.956998
0.957274
0.956898
0.957517
0.956752
0.957605
0.958544
0.95617
0.955373
0.95761
0.956901
0.956187
0.957069
0.956817
0.957327
0.958985
0.958108
0.955806
0.955974
0.958246
0.957763
0.95625
0.957472
0.9562
0.954784
0.956525
0.958195
0.955337
0.956291
0.955666
0.95517
0.955005
0.957226
0.956018
0.957844
0.956655
0.956452
0.957673
0.957876
0.957147
0.956359
0.955865
0.956355
0.955274
0.956948
0.957439
0.957161
0.957561
0.956803
0.958139
0.957115
0.955761
0.955739
0.955271
0.958425
0.956895
0.958288
0.956768
0.955143
0.957207
0.955654
0.957609
0.956869
0.956012
0.956324
0.955892
0.957809
0.957204
0.958802
0.956565
0.954779
0.956355
0.956123
0.956893
0.95531
0.957359
0.957039
0.956761
0.956442
0.957712
0.95743
0.955994
0.957481
0.95698
0.955011
0.956581
0.956961
0.957858
0.956786
0.958269
0.955978
0.957236
0.957952
0.956812
0.956777
0.956442
0.958192
0.957267
0.956866
0.956202
0.956393
0.957316
0.956908
0.957425
0.956607
0.958092
0.956696
0.957352
0.957103
0.957492
0.957646
0.957726
0.956737
0.957328
0.957312
0.957153
0.957334
0.957305
0.95585
0.956664
0.958254
0.956884
0.956994
0.956226
0.9568
0.957458
0.95525
0.956369
0.956809
0.956727
0.956594
0.957855
0.95797
0.957587
0.954415
0.956862
0.956392
0.955058
0.954997
0.956068
0.95789
0.957833
0.955005
0.958071
0.957715
0.956244
0.957448
0.957144
0.956967
0.955133
0.956702
0.956333
0.958569
0.958152
0.955874
0.957798
0.95849
0.956363
0.956155
0.957352
0.955679
0.957253
0.956873
0.957446
0.955683
0.956693
0.957838
0.957469
0.95739
0.958799
0.956451
0.957145
0.957873
0.956996
0.958175
0.955612
0.955713
0.955527
0.957143
0.955042
0.958102
0.955902
0.9561
0.958092
0.956401
0.958295
0.955924
0.957831
0.956197
0.957466
0.956382
0.956144
0.957496
0.954763
0.956958
0.957462
0.956538
0.957766
0.957512
0.957336
0.958244
0.95618
0.955148
0.956049
0.956578
0.955047
0.957088
0.957408
0.958094
0.958203
0.956808
0.956806
0.957773
0.956807
0.956876
0.957225
0.955728
0.957178
0.95864
0.957828
0.957858
0.958164
0.955526
0.956052
0.956036
0.957925
0.956977
0.955817
0.95791
0.955084
0.956694
0.956519
0.958606
0.956569
0.957023
0.955847
0.955591
0.957489
0.957728
0.957174
0.956582
0.957401
0.955934
0.955002
0.957048
0.956733
0.95893
0.956545
0.957503
0.957107
0.956102
0.956105
0.954502
0.955895
0.957349
0.956706
0.956768
0.95635
0.956537
0.957922
0.957508
0.954977
0.957113
0.956087
0.956931
0.958178
0.957588
0.956283
0.957079
0.955596
0.955778
0.95636
0.95604
0.959339
0.957834
0.957901
0.957263
0.957997
0.957752
0.957082
0.956199
0.958271
0.958516
0.957506
0.9569
0.956322
0.956972
0.957308
0.957551
0.956049
0.956057
0.957261
0.957853
0.957335
0.95701
0.956201
0.957717
0.957652
0.956453
0.95692
0.958138
0.956915
0.957429
0.956412
0.956734
0.957856
0.956672
0.958193
0.956484
0.955544
0.956249
0.958364
0.956183
0.956947
0.956245
0.955543
0.957017
0.957124
0.956366
0.95751
0.957682
0.956807
0.95529
0.956076
0.955872
0.955671
0.956581
0.95801
0.958429
0.959455
0.957511
0.956403
0.955171
0.957069
0.958833
0.956152
0.957368
0.957186
0.955434
0.957113
0.958337
0.956697
0.95579
0.956786
0.956886
0.956436
0.957031
0.957626
0.956591
0.958711
0.956518
0.959146
0.95545
0.957936
0.95601
0.958015
0.956524
0.956702
0.95598
0.957119
0.959415
0.954712
0.957853
0.95747
0.955978
0.956802
0.956055
0.956479
0.956012
0.956657
0.957117
0.956862
0.957546
0.954946
0.955351
0.957619
0.956421
0.955904
0.956447
0.955607
0.956403
0.957529
0.955697
0.957535
0.95607
0.956489
0.957506
0.95721
0.957549
0.957486
0.958026
0.955998
0.956243
0.955035
0.954706
0.957611
0.957842
0.957466
0.957125
0.955815
0.958565
0.957661
0.958119
0.955217
0.95692
0.956788
0.956789
0.957661
0.956308
0.957076
0.957798
0.956264
0.957251
0.95721
0.955857
0.955486
0.956019
0.956604
0.957191
0.956568
0.957607
0.95674
0.955747
0.955028
0.956739
0.956934
0.95687
0.957571
0.955958
0.957368
0.957232
0.957232
0.956796
0.957049
0.958662
0.956162
0.956608
0.957334
0.957171
0.954981
0.958574
0.956381
0.956562
0.958238
0.954802
0.955969
0.956887
0.957441
0.957792
0.957384
0.957622
0.958335
0.958531
0.957294
0.956013
0.956041
0.95569
0.956832
0.957881
0.95638
0.957106
0.954217
0.959203
0.95703
0.955931
0.956393
0.955473
0.9564
0.957636
0.95687
0.958344
0.954721
0.957535
0.955464
0.956726
0.9581
0.95594
0.957555
0.955335
0.958403
0.956923
0.955039
0.957256
0.956284
0.956367
0.957117
0.956702
0.956901
0.958094
0.958101
0.955971
0.955148
0.95618
0.956556
0.956789
0.957977
0.957877
0.956846
0.957641
0.955827
0.957977
0.956597
0.957159
0.957891
0.957062
0.958467
0.957093
0.956662
0.957384
0.956004
0.958453
0.95709
0.956852
0.956364
0.955335
0.958606
0.957183
0.956677
0.95657
0.958703
0.957181
0.957675
0.959007
0.955969
0.957457
0.956365
0.957701
0.957134
0.956632
0.956032
0.957148
0.95693
0.958069
0.958299
0.955747
0.958022
0.957518
0.957662
0.958316
0.955732
0.959792
0.955757
0.958099
0.95642
0.957232
0.956452
0.958159
0.956625
0.958497
0.957506
0.958028
0.955273
0.957325
0.956356
0.957773
0.956829
0.95641
0.958055
0.955608
0.955651
0.95753
0.957315
0.956353
0.955969
0.955672
0.956894
0.957985
0.956479
0.955815
0.956976
0.956022
0.956432
0.955755
0.957314
0.957975
0.957425
0.957673
0.956202
0.956225
0.95688
0.955672
0.957382
0.956134
0.958702
0.956626
0.956734
0.958298
0.958081
0.955887
0.957139
0.957484
0.955547
0.956508
0.955752
0.956848
0.957606
0.954641
0.956283
0.956958
0.956553
0.955984
0.957933
0.956316
0.956158
0.957705
0.957285
0.957057
0.955947
0.957066
0.956654
0.957401
0.956243
0.955521
0.955678
0.956835
0.957055
0.954183
0.956458
0.957125
0.956667
0.956495
0.957293
0.95767
0.955916
0.955718
0.956754
0.9552
0.957869
0.957628
0.95543
0.957001
0.956621
0.955894
0.956138
0.956901
0.95631
0.956994
0.957621
0.957303
0.957111
0.957557
0.956694
0.958112
0.957367
0.957868
0.956308
0.954999
0.957155
0.95493
0.95804
0.955504
0.956913
0.956865
0.957796
0.957329
0.956261
0.956365
0.956406
0.956798
0.957236
0.955447
0.95828
0.956721
0.956805
0.956547
0.957541
0.956628
0.957773
0.955421
0.957469
0.95814
0.95569
0.957151
0.957567
0.956255
0.956874
0.956132
0.95585
0.958
0.958674
0.955101
0.956779
0.957126
0.957601
0.955973
0.955093
0.957678
0.95701
0.958043
0.957651
0.955977
0.956564
0.959155
0.956584
0.956363
0.956886
0.956048
0.95764
0.956588
0.956113
0.958398
0.958329
0.957658
0.956519
0.957576
0.956877
0.956243
0.957387
0.957408
0.95547
0.956681
0.957025
0.957374
0.957957
0.957193
0.956253
0.955891
0.956329
0.957428
0.955676
0.956714
0.955083
0.957814
0.95745
0.956376
0.955799
0.957827
0.955769
0.955274
0.957384
0.955399
0.956871
0.95601
0.957426
0.957774
0.957198
0.957202
0.95705
0.956733
0.954787
0.958465
0.956884
0.95531
0.956764
0.957473
0.95835
0.955893
0.956246
0.955843
0.956581
0.9557
0.95711
0.957307
0.956641
0.957235
0.955428
0.957831
0.958388
0.957044
0.956399
0.956389
0.95716
0.956004
0.957223
0.956381
0.956858
0.957028
0.956528
0.957892
0.957237
0.957132
0.956747
0.958242
0.957984
0.958079
0.956656
0.956989
0.955997
0.958055
0.957164
0.957237
0.955568
0.957352
0.958065
0.958186
0.956268
0.954492
0.956095
0.956813
0.955753
0.956324
0.955288
0.956805
0.956778
0.956346
0.958371
0.956603
0.958344
0.956797
0.954263
0.955949
0.954776
0.957713
0.95789
0.959355
0.9568
0.957342
0.956298
0.955356
0.957387
0.956431
0.958649
0.957598
0.958343
0.95592
0.957085
0.957666
0.956698
0.956847
0.956238
0.95698
0.955581
0.957787
0.956597
0.956294
0.956053
0.95597
0.956595
0.95806
0.957079
0.956439
0.95583
0.955016
0.954416
0.957389
0.956583
0.954993
0.955714
0.957566
0.958516
0.957662
0.955943
0.956611
0.958052
0.959785
0.95659
0.954874
0.957223
0.957619
0.955759
0.956351
0.956922
0.956019
0.954646
0.958451
0.957569
0.95826
0.95665
0.957725
0.956001
0.95693
0.955897
0.955766
0.958382
0.95893
0.957147
0.956881
0.956171
0.958926
0.956871
0.956581
0.954677
0.956687
0.956779
0.957358
0.95648
0.956283
0.956733
0.956952
0.955619
0.95696
0.956249
0.95773
0.957288
0.958163
0.957436
0.955572
0.955983
0.957232
0.957536
0.957179
0.956995
0.956887
0.956819
0.957166
0.958078
0.958055
0.958642
0.958266
0.95669
0.95651
0.957156
0.956021
0.958933
0.957193
0.958562
0.956244
0.956887
0.958794
0.95733
0.956811
0.95534
0.957321
0.957133
0.956182
0.95701
0.955606
0.955549
0.957183
0.957192
0.956479
0.958716
0.957554
0.954867
0.957893
0.955797
0.957424
0.956609
0.956067
0.955932
0.956879
0.957267
0.958384
0.955706
0.956319
0.956163
0.957162
0.958025
0.958247
0.958442
0.957429
0.9585
0.957218
0.956953
0.95622
0.956925
0.957025
0.956492
0.956016
0.95709
0.956225
0.95723
0.95674
0.957205
0.958247
0.957063
0.956789
0.956226
0.956211
0.956796
0.958108
0.956799
0.956741
0.956821
0.95554
0.9567
0.959075
0.956247
0.956706
0.957177
0.95767
0.956249
0.957459
0.95673
0.956192
0.95798
0.956487
0.95811
0.956511
0.956257
0.95753
0.957059
0.957115
0.955354
0.957728
0.956915
0.957238
0.95683
0.956844
0.958798
0.954838
0.95673
0.956228
0.957152
0.956449
0.956775
0.958902
0.957072
0.957946
0.957103
0.956479
0.956383
0.956962
0.958172
0.956834
0.956526
0.955677
0.956275
0.956294
0.956303
0.956687
0.957637
0.956978
0.957547
0.958103
0.957126
0.957645
0.956014
0.956601
0.956757
0.95766
0.957435
0.958552
0.954701
0.955829
0.95712
0.955658
0.957079
0.956809
0.956253
0.956764
0.957665
0.955401
0.956623
0.957891
0.957227
0.955898
0.956428
0.955961
0.956736
0.958738
0.956418
0.956716
0.95632
0.956053
0.95797
0.955228
0.957126
0.957126
0.956392
0.957212
0.956503
0.957232
0.956496
0.95785
0.957442
0.958944
0.957532
0.956005
0.957451
0.956237
0.957573
0.955448
0.957187
0.955586
0.95554
0.958617
0.956745
0.957878
0.957302
0.956846
0.957271
0.95687
0.956542
0.957137
0.956914
0.956302
0.955442
0.956055
0.957161
0.956987
0.956324
0.95798
0.956811
0.959356
0.956233
0.956155
0.956377
0.959281
0.955965
0.956947
0.957784
0.957214
0.95831
0.956388
0.958324
0.956596
0.957445
0.95555
0.957495
0.957357
0.956531
0.95671
0.956046
0.957503
0.956478
0.957309
0.955659
0.958181
0.958889
0.95604
0.95768
0.958203
0.95594
0.95665
0.956612
0.957476
0.957816
0.955697
0.956617
0.956034
0.956136
0.958645
0.955388
0.955746
0.958357
0.956124
0.956019
0.956279
0.956818
0.956048
0.95689
0.958538
0.957791
0.95824
0.958215
0.958361
0.956622
0.956354
0.956145
0.957475
0.956306
0.957801
0.957144
0.954998
0.956975
0.957852
0.956569
0.957453
0.956409
0.956556
0.957613
0.956559
0.957083
0.956036
0.95768
0.95603
0.957169
0.956891
0.955564
0.956973
0.957101
0.95742
0.957979
0.956007
0.956061
0.955035
0.955572
0.956478
0.957472
0.956518
0.95645
0.955921
0.956393
0.95656
0.955508
0.957493
0.957109
0.956496
0.958086
0.956568
0.956895
0.956696
0.958907
0.956786
0.955994
0.956746
0.956496
0.9584
0.956627
0.955446
0.958228
0.957002
0.957027
0.957498
0.956588
0.956424
0.957537
0.957912
0.956958
0.95621
0.957077
0.957207
0.957488
0.958034
0.957294
0.957433
0.95675
0.956594
0.95542
0.95625
0.956384
0.958529
0.957808
0.958207
0.957478
0.959212
0.957076
0.957656
0.957494
0.95815
0.9584
0.957856
0.957498
0.957024
0.957576
0.956537
0.957267
0.956789
0.955499
0.957296
0.957631
0.955014
0.957292
0.956267
0.956084
0.95592
0.957372
0.955994
0.957451
0.956253
0.957583
0.956371
0.956242
0.958072
0.955927
0.957244
0.957558
0.956916
0.95834
0.95583
0.956408
0.956364
0.956627
0.956857
0.955003
0.958592
0.957208
0.957563
0.955832
0.956553
0.957262
0.956727
0.958549
0.95488
0.956879
0.955735
0.957152
0.957567
0.957173
0.958149
0.957184
0.95742
0.95866
0.958164
0.95839
0.956623
0.956193
0.957893
0.956499
0.957013
0.956146
0.956191
0.957672
0.956962
0.957192
0.956275
0.956405
0.956114
0.955461
0.957686
0.958599
0.957159
0.955795
0.957159
0.956301
0.958084
0.956691
0.956422
0.95655
0.955339
0.956505
0.956457
0.957818
0.95751
0.956006
0.955983
0.955565
0.956767
0.956308
0.955554
0.956258
0.957482
0.95416
0.957861
0.958372
0.957163
0.956122
0.957737
0.957677
0.956394
0.958238
0.957163
0.956771
0.957551
0.95709
0.956353
0.957679
0.955125
0.955657
0.956489
0.956903
0.958312
0.956443
0.955094
0.958141
0.957224
0.956726
0.957088
0.958026
0.95833
0.957259
0.955946
0.957335
0.95736
0.957303
0.956853
0.957678
0.956958
0.957412
0.958067
0.95513
0.956038
0.958039
0.957648
0.954214
0.956214
0.956748
0.956573
0.955361
0.956674
0.956123
0.956467
0.955701
0.956703
0.956681
0.956166
0.956781
0.956559
0.957759
0.956878
0.957305
0.957067
0.957318
0.956361
0.957964
0.956888
0.956618
0.957397
0.957551
0.956964
0.957482
0.957354
0.955925
0.956571
0.957264
0.957831
0.955933
0.954371
0.957515
0.95624
0.955979
0.955374
0.955934
0.955895
0.95636
0.958149
0.954246
0.958432
0.957312
0.955792
0.95572
0.957805
0.95844
0.957135
0.954865
0.955997
0.955806
0.955963
0.957751
0.957856
0.956791
0.957576
0.95656
0.956476
0.958088
0.95673
0.957615
0.95625
0.957221
0.95569
0.955416
0.956678
0.957467
0.956295
0.95579
0.957476
0.954714
0.957412
0.958835
0.956992
0.955419
0.95695
0.956597
0.954441
0.958481
0.955338
0.957464
0.95593
0.955493
0.956073
0.957204
0.95587
0.957167
0.958305
0.955841
0.956259
0.957182
0.956503
0.956392
0.956643
0.957111
0.957873
0.957295
0.957578
0.957562
0.955674
0.956952
0.956345
0.95618
0.956686
0.957111
0.956686
0.955194
0.956088
0.955628
0.957132
0.957789
0.955599
0.957687
0.959055
0.957202
0.957659
