0.972518
0.972512
0.97203
0.972319
0.971922
0.970197
0.971754
0.974131
0.972284
0.969737
0.9721
0.972376
0.972399
0.97175
0.971687
0.971292
0.971725
0.970754
0.971838
0.971587
0.972402
0.973153
0.969423
0.970728
0.971888
0.971715
0.973192
0.971807
0.971153
0.971307
0.971898
0.971038
0.971045
0.971265
0.971866
0.970767
0.9712
0.969839
0.969437
0.970533
0.9709
0.971243
0.971228
0.970534
0.970787
0.971092
0.972342
0.972001
0.971223
0.972222
0.972111
0.97229
0.971286
0.97095
0.973016
0.970639
0.968966
0.971569
0.971925
0.972427
0.970419
0.970934
0.972192
0.97196
0.970495
0.971513
0.971391
0.971786
0.970817
0.971255
0.972381
0.973135
0.971783
0.971949
0.969935
0.971372
0.970896
0.973183
0.97189
0.971294
0.970777
0.972266
0.970256
0.970896
0.970861
0.971189
0.97197
0.970664
0.971075
0.970606
0.970174
0.971894
0.972555
0.96928
0.970394
0.969942
0.970715
0.97105
0.970036
0.969624
0.972561
0.972182
0.970652
0.970684
0.971436
0.971288
0.972707
0.971729
0.972042
0.971233
0.971607
0.972248
0.971889
0.970031
0.972702
0.973098
0.971427
0.970922
0.971227
0.97122
0.970513
0.972714
0.970908
0.971266
0.972101
0.971991
0.972724
0.971617
0.970784
0.972214
0.971574
0.973487
0.972442
0.970047
0.9731
0.972094
0.969839
0.971136
0.970821
0.969996
0.969774
0.970591
0.970928
0.973302
0.972061
0.970328
0.971851
0.972478
0.971918
0.97071
0.9706
0.972033
0.970527
0.972774
0.973326
0.972325
0.970563
0.972669
0.972018
0.969989
0.971656
0.971871
0.972015
0.970446
0.970832
0.972315
0.97085
0.971448
0.972689
0.971171
0.970033
0.971941
0.972465
0.972711
0.971432
0.971855
0.971411
0.971209
0.970679
0.972175
0.971103
0.971848
0.971605
0.973075
0.972529
0.970398
0.971092
0.971477
0.973273
0.97106
0.97187
0.971086
0.972179
0.970754
0.970578
0.973231
0.973147
0.972235
0.970586
0.972404
0.971648
0.972949
0.969863
0.971222
0.970784
0.973577
0.971997
0.97206
0.971676
0.971395
0.970746
0.971596
0.972188
0.969124
0.971547
0.973415
0.972079
0.970408
0.971369
0.971108
0.973528
0.972106
0.971247
0.970682
0.971394
0.970773
0.972376
0.972087
0.971819
0.97104
0.971486
0.971444
0.971545
0.970574
0.972029
0.971226
0.97027
0.971594
0.97187
0.970936
0.970861
0.971358
0.97113
0.970232
0.97242
0.969859
0.971485
0.971154
0.969092
0.970908
0.971365
0.971311
0.970909
0.970706
0.970521
0.971943
0.971666
0.972644
0.973097
0.971608
0.971119
0.973917
0.97079
0.969911
0.971947
0.971325
0.971535
0.971672
0.971916
0.97168
0.971059
0.972592
0.97162
0.973312
0.971014
0.971167
0.970136
0.970755
0.971835
0.972253
0.970985
0.972967
0.971652
0.974767
0.971489
0.970952
0.970866
0.972103
0.970101
0.972306
0.97128
0.973515
0.971288
0.972428
0.969852
0.970574
0.969653
0.972123
0.970902
0.9711
0.971104
0.971839
0.970613
0.973554
0.972285
0.971256
0.973389
0.971572
0.970275
0.97151
0.97149
0.970531
0.971472
0.970452
0.972834
0.973233
0.971685
0.972474
0.972081
0.971003
0.972377
0.970141
0.970095
0.971682
0.972398
0.971561
0.9728
0.971199
0.973129
0.971159
0.971935
0.972116
0.971644
0.972471
0.972585
0.971357
0.971665
0.970008
0.973474
0.972439
0.97254
0.970475
0.970804
0.971765
0.971976
0.971868
0.971717
0.973025
0.971426
0.971378
0.970675
0.973943
0.971643
0.97088
0.971533
0.970801
0.972006
0.971713
0.969547
0.971801
0.972744
0.972251
0.971848
0.969819
0.971005
0.973153
0.971108
0.971189
0.972231
0.97203
0.971469
0.971388
0.973204
0.969746
0.969464
0.971585
0.971352
0.972424
0.970832
0.971564
0.970924
0.969997
0.973044
0.971152
0.970494
0.971036
0.969244
0.972146
0.971967
0.971592
0.97014
0.971529
0.972822
0.972391
0.971442
0.97196
0.971991
0.970002
0.973442
0.970507
0.969833
0.971529
0.9712
0.972498
0.97237
0.972803
0.973509
0.970555
0.969981
0.97137
0.97055
0.970805
0.972896
0.970609
0.9716
0.971016
0.971411
0.970193
0.970176
0.972961
0.97117
0.972026
0.971681
0.97023
0.971462
0.970739
0.969565
0.9708
0.971103
0.971766
0.971941
0.971912
0.970459
0.969165
0.969331
0.971381
0.97067
0.97073
0.972065
0.971366
0.971608
0.971673
0.973214
0.972268
0.969377
0.971313
0.973427
0.969438
0.970551
0.972558
0.970419
0.972989
0.971827
0.97184
0.973224
0.973328
0.970357
0.971615
0.971719
0.972814
0.97015
0.970474
0.971742
0.972719
0.971022
0.971217
0.970425
0.970883
0.97136
0.971257
0.97211
0.970668
0.972053
0.971752
0.970989
0.971676
0.971737
0.972744
0.971643
0.969812
0.971427
0.970349
0.971854
0.970406
0.971204
0.971384
0.969693
0.971271
0.971615
0.971137
0.971205
0.971978
0.97043
0.970217
0.972962
0.970717
0.971254
0.97274
0.972169
0.97151
0.971055
0.971384
0.970958
0.970562
0.971157
0.972573
0.971298
0.972225
0.971412
0.970955
0.97062
0.971518
0.970391
0.971264
0.973671
0.971041
0.973082
0.972517
0.971631
0.971802
0.973379
0.972364
0.971667
0.971971
0.970355
0.972061
0.97108
0.97053
0.970741
0.972552
0.971436
0.972022
0.973598
0.972558
0.9718
0.970863
0.970967
0.971257
0.973216
0.971147
0.97228
0.97206
0.971455
0.971619
0.970744
0.971956
0.971905
0.970086
0.972179
0.971315
0.971261
0.969351
0.972697
0.971723
0.971963
0.971291
0.970496
0.970984
0.972687
0.971622
0.970873
0.969372
0.97107
0.970912
0.971385
0.97147
0.972027
0.970853
0.97284
0.970946
0.972062
0.972803
0.971866
0.971133
0.970656
0.973393
0.970526
0.970926
0.971454
0.970353
0.971755
0.972757
0.972328
0.971358
0.970733
0.972664
0.970998
0.970938
0.970704
0.971854
0.971426
0.972309
0.969524
0.969291
0.971786
0.973026
0.970086
0.970914
0.97143
0.970566
0.971204
0.972309
0.972362
0.971723
0.970361
0.972063
0.971636
0.972045
0.969276
0.970439
0.971154
0.969952
0.970186
0.973167
0.972376
0.971651
0.972364
0.972078
0.971152
0.972059
0.971174
0.971797
0.970847
0.969797
0.971426
0.971898
0.973759
0.972832
0.971847
0.9708
0.973616
0.970828
0.971669
0.971097
0.970763
0.971914
0.97283
0.972827
0.971708
0.97142
0.971367
0.972599
0.971394
0.97132
0.971509
0.969828
0.970131
0.971122
0.970784
0.971234
0.97137
0.970809
0.97323
0.971609
0.972202
0.970591
0.973143
0.97318
0.971682
0.970916
0.971204
0.970708
0.969347
0.970605
0.971785
0.970315
0.970373
0.973514
0.970678
0.971539
0.971822
0.9732
0.969823
0.971768
0.970785
0.973366
0.972472
0.970101
0.97202
0.970975
0.972612
0.972451
0.972119
0.970782
0.971196
0.969737
0.971109
0.971636
0.971777
0.971137
0.972318
0.97225
0.970247
0.970954
0.970882
0.971722
0.972338
0.97121
0.971146
0.970988
0.970195
0.972296
0.971776
0.970827
0.972163
0.971224
0.970615
0.972525
0.972131
0.970717
0.970393
0.971869
0.970187
0.969841
0.971917
0.970944
0.96989
0.972403
0.972422
0.971394
0.970296
0.971605
0.969765
0.972723
0.971197
0.97155
0.970209
0.972152
0.971278
0.971144
0.973153
0.972702
0.972482
0.971083
0.970239
0.970244
0.971314
0.972473
0.971201
0.971625
0.970483
0.972878
0.970789
0.970434
0.971539
0.970626
0.973155
0.973354
0.969918
0.971491
0.97256
0.97163
0.971737
0.971319
0.973287
0.971431
0.971987
0.96922
0.971968
0.971467
0.972613
0.971166
0.969854
0.971463
0.97158
0.972285
0.969516
0.971821
0.970427
0.972731
0.970641
0.969263
0.971651
0.971571
0.973697
0.972347
0.973722
0.971563
0.970518
0.970504
0.972683
0.971723
0.969984
0.970656
0.972876
0.971786
0.97284
0.971077
0.971948
0.972621
0.970852
0.971527
0.971859
0.972025
0.969527
0.971843
0.969734
0.972616
0.969456
0.971051
0.970723
0.972366
0.972086
0.972604
0.970237
0.970178
0.971858
0.971899
0.97067
0.972152
0.970136
0.972825
0.971729
0.971663
0.971184
0.971375
0.96999
0.972254
0.971648
0.971935
0.972318
0.96949
0.972048
0.971062
0.971267
0.971472
0.971532
0.972625
0.970239
0.971102
0.971195
0.971063
0.971355
0.971094
0.97219
0.970844
0.971614
0.971618
0.972096
0.9714
0.973469
0.971604
0.970818
0.971288
0.971583
0.971669
0.97106
0.972012
0.971391
0.970669
0.972096
0.970367
0.970937
0.971975
0.97059
0.972037
0.973169
0.971444
0.971503
0.97222
0.973499
0.969706
0.972425
0.972435
0.971851
0.970736
0.970742
0.971637
0.972195
0.970754
0.972628
0.97126
0.970546
0.972496
0.970293
0.973244
0.972729
0.971365
0.971178
0.971806
0.97189
0.971476
0.97099
0.971533
0.970946
0.970277
0.971931
0.972379
0.971933
0.971527
0.970596
0.972482
0.971339
0.969959
0.972125
0.972206
0.972919
0.972805
0.972393
0.970981
0.972163
0.971886
0.973309
0.970911
0.972343
0.97246
0.970604
0.972256
0.97223
0.971398
0.972609
0.970992
0.971793
0.973137
0.971564
0.970711
0.971109
0.96998
0.97228
0.970329
0.972421
0.970635
0.97247
0.972597
0.971602
0.970384
0.972714
0.970387
0.971844
0.970932
0.971105
0.970581
0.970462
0.971145
0.972605
0.972311
0.97088
0.970373
0.970349
0.971272
0.971954
0.972993
0.970438
0.971667
0.971103
0.971172
0.971864
0.972221
0.970058
0.973214
0.972076
0.971517
0.97136
0.973213
0.971722
0.971138
0.971527
0.971455
0.972183
0.970976
0.971343
0.971926
0.973228
0.971845
0.971712
0.971678
0.971546
0.970416
0.971638
0.970503
0.972419
0.972487
0.971838
0.972384
0.971113
0.971721
0.971951
0.971065
0.969434
0.97164
0.971437
0.971743
0.970372
0.970613
0.970574
0.972984
0.971311
0.972501
0.969603
0.971824
0.97192
0.972269
0.971568
0.970854
0.972682
0.97352
0.971355
0.970451
0.970403
0.971459
0.972081
0.972446
0.972539
0.970742
0.97223
0.970966
0.970663
0.971532
0.971532
0.972888
0.97129
0.972929
0.97106
0.970169
0.970038
0.970589
0.971058
0.970925
0.972294
0.971937
0.97073
0.970793
0.971515
0.972144
0.972043
0.969918
0.971037
0.971365
0.971955
0.971226
0.969989
0.972873
0.971892
0.971098
0.972284
0.971988
0.970578
0.969947
0.972528
0.972668
0.97122
0.970029
0.971306
0.972668
0.971369
0.972461
0.972428
0.970669
0.970435
0.97109
0.970709
0.971733
0.969597
0.971591
0.973144
0.972731
0.970962
0.972058
0.973158
0.969922
0.97277
0.972135
0.971111
0.971792
0.972982
0.972265
0.97137
0.969416
0.971268
0.96939
0.971467
0.972136
0.973085
0.970122
0.97158
0.971529
0.973076
0.971983
0.970747
0.970251
0.971867
0.971167
0.971206
0.971709
0.971354
0.97112
0.971811
0.970833
0.973128
0.970326
0.9721
0.971628
0.972361
0.970095
0.970293
0.971085
0.973409
0.973235
0.971343
0.971946
0.971534
0.971976
0.972827
0.970421
0.970928
0.973174
0.972754
0.970183
0.973042
0.97127
0.971135
0.972666
0.971059
0.971804
0.970824
0.970294
0.973225
0.971791
0.972694
0.970693
0.970906
0.9717
0.971705
0.970521
0.97033
0.972066
0.971834
0.969791
0.971844
0.971549
0.970688
0.971313
0.972706
0.971233
0.971232
0.971531
0.972939
0.970271
0.97106
0.972005
0.973152
0.970146
0.969843
0.970867
0.97078
0.972843
0.971029
0.971614
0.970243
0.971023
0.972908
0.972327
0.970714
0.97112
0.973198
0.971719
0.97108
0.970897
0.970347
0.972474
0.971301
0.97145
0.972532
0.97003
0.972766
0.972689
0.972835
0.971924
0.97167
0.971201
0.970138
0.972153
0.970627
0.971875
0.972384
0.970634
0.972295
0.972216
0.971986
0.971812
0.972529
0.97286
0.971873
0.970999
0.971404
0.970935
0.972144
0.970602
0.972212
0.971825
0.971518
0.970065
0.971163
0.971218
0.971576
0.970233
0.97126
0.972246
0.97063
0.972212
0.970729
0.972691
0.97265
0.968781
0.972513
0.970178
0.971331
0.971392
0.971964
0.970615
0.970848
0.97054
0.972144
0.970404
0.972163
0.971734
0.970797
0.97144
0.971593
0.972741
0.973604
0.971521
0.971786
0.971489
0.971766
0.971787
0.971364
0.971808
0.971547
0.972505
0.970263
0.972055
0.971372
0.972577
0.970649
0.972313
0.971649
0.972946
0.972256
0.970196
0.97233
0.969511
0.970494
0.971227
0.971698
0.972262
0.972865
0.971961
0.97032
0.972579
0.972367
0.970908
0.970291
0.971178
0.972872
0.97293
0.971706
0.970772
0.970658
0.971196
0.970256
0.972533
0.97203
0.9722
0.971818
0.970854
0.971995
0.970546
0.970571
0.972627
0.969717
0.971843
0.9709
0.96942
0.971171
0.972286
0.969987
0.970995
0.972633
0.972496
0.971409
0.969628
0.972188
0.972873
0.971497
0.970602
0.972752
0.970949
0.970877
0.973012
0.969696
0.9705
0.972356
0.970765
0.970521
0.97128
0.971431
0.971769
0.972499
0.971724
0.971323
0.971454
0.970549
0.971867
0.971659
0.971779
0.971126
0.971896
0.972444
0.971537
0.970329
0.971987
0.973239
0.972366
0.971931
0.9702
0.972416
0.970318
0.971083
0.97153
0.971531
0.97258
0.972371
0.972583
0.970033
0.972201
0.972122
0.97061
0.9726
0.972021
0.971285
0.971569
0.969857
0.970625
0.97197
0.972192
0.974786
0.970588
0.971199
0.971602
0.971369
0.972633
0.969961
0.97121
0.972687
0.971492
0.970898
0.968185
0.972694
0.97113
0.970025
0.972685
0.970856
0.972344
0.971588
0.971909
0.970885
0.971253
0.970716
0.96893
0.969029
0.969963
0.973052
0.972144
0.972091
0.972198
0.971841
0.972044
0.971695
0.970961
0.97139
0.9712
0.971845
0.970396
0.973133
0.970693
0.971484
0.971721
0.971029
0.971187
0.972704
0.971536
0.97137
0.972898
0.971612
0.970704
0.971079
0.971378
0.971704
0.972679
0.969929
0.971542
0.972211
0.970486
0.971251
0.971482
0.970003
0.972226
0.971965
0.97164
0.972545
0.972465
0.972176
0.971472
0.970197
0.970245
0.971343
0.972683
0.971902
0.970166
0.971032
0.970661
0.969681
0.971829
0.970936
0.971631
0.971394
0.9726
0.971846
0.971147
0.972132
0.972006
0.97021
0.972508
0.970531
0.971917
0.971784
0.971071
0.971163
0.970751
0.970695
0.972015
0.969674
0.971874
0.969958
0.969374
0.972088
0.970108
0.972163
0.97219
0.971549
0.971837
0.970476
0.971103
0.971701
0.971032
0.971228
0.971275
0.971994
0.97043
0.973937
0.970705
0.971701
0.972162
0.97197
0.970665
0.971801
0.971192
0.973142
0.971099
0.972362
0.972764
0.973417
0.970349
0.970621
0.970699
0.970809
0.970451
0.97273
0.972434
0.972924
0.971415
0.970616
0.972245
0.970504
0.971527
0.971793
0.972502
0.972285
0.971727
0.970744
0.970715
0.970272
0.97198
0.971878
0.971118
0.972022
0.973522
0.970236
0.972005
0.972201
0.971566
0.97227
0.971725
0.971272
0.970936
0.971323
0.970288
0.971607
0.97243
0.971499
0.969867
0.972218
0.971076
0.971606
0.972666
0.971807
0.971421
0.972062
0.973269
0.970816
0.970926
0.970657
0.971166
0.971642
0.969686
0.973079
0.97289
0.971428
0.971021
0.971448
0.971108
0.971247
0.9702
0.973077
0.972288
0.972055
0.971607
0.971827
0.971807
0.971036
0.971269
0.970496
0.972377
0.970892
0.971669
0.970683
0.973243
0.971448
0.972628
0.971363
0.972068
0.971313
0.973382
0.971718
0.97428
0.970956
0.971227
0.970496
0.970417
0.970902
0.973337
0.973254
0.971999
0.971578
0.970344
0.972262
0.970621
0.972627
0.972326
0.971241
0.972272
0.970387
0.97128
0.971829
0.971484
0.970249
0.972172
0.970073
0.97072
0.972416
0.970238
0.972327
0.971465
0.970001
0.971163
0.970515
0.972083
0.972804
0.972034
0.971396
0.970249
0.971733
0.972592
0.972358
0.970811
0.970811
0.971766
0.972998
0.973181
0.971259
0.97188
0.971017
0.970559
0.96875
0.972048
0.97332
0.969942
0.970466
0.972368
0.972316
0.971339
0.972421
0.972784
0.971323
0.971489
0.97063
0.970102
0.969895
0.971496
0.971259
0.973301
0.970915
0.971666
0.972254
0.971744
0.97057
0.970532
0.971928
0.970932
0.970831
0.970717
0.971182
0.972648
0.972996
0.972025
0.971882
0.970877
0.972642
0.971455
0.972098
0.972332
0.972006
0.970639
0.972054
0.972042
0.972823
0.970959
0.971106
0.972012
0.969968
0.972376
0.971977
0.971846
0.972925
0.972656
0.971893
0.969824
0.970574
0.972347
0.970971
0.970304
0.970764
0.972696
0.971336
0.971345
0.969819
0.97189
0.971291
0.970069
0.970355
0.971272
0.972697
0.971321
0.971147
0.972588
0.971967
0.971663
0.971721
0.971538
0.97141
0.971725
0.970407
0.972723
0.971172
0.970853
0.970236
0.970936
0.971266
0.969496
0.971204
0.971846
0.971259
0.972625
0.970737
0.971077
0.97355
0.969139
0.970914
0.971852
0.972007
0.971339
0.971826
0.970423
0.971045
0.970217
0.969696
0.972426
0.970985
0.972305
0.972039
0.973605
0.970983
0.970858
0.971999
0.971957
0.970394
0.970803
0.97086
0.971225
0.971001
0.971222
0.970362
0.97165
0.971135
0.973305
0.97201
0.971984
0.970213
0.970925
0.971152
0.970378
0.971113
0.969911
0.972665
0.971374
0.972451
0.970663
0.971518
0.971639
0.971416
0.970994
0.969977
0.971763
0.972779
0.973609
0.970021
0.970348
0.97109
0.971792
0.970996
0.971713
0.972195
0.971367
0.972316
0.97006
0.970863
0.969658
0.972579
0.971789
0.971169
0.973182
0.972452
0.971621
0.971318
0.970669
0.972929
0.972815
0.971089
0.972302
0.971777
0.971216
0.972123
0.971864
0.969657
0.970307
0.971988
0.971839
0.97188
0.971234
0.971548
0.970931
0.972904
0.971562
0.970865
0.972332
0.971112
0.969639
0.969887
0.971953
0.97161
0.972075
0.970716
0.971498
0.97114
0.970604
0.972916
0.973407
0.972574
0.97007
0.972517
0.973475
0.970524
0.971766
0.972312
0.972503
0.971068
0.972169
0.971492
0.971239
0.972519
0.97061
0.970537
0.970636
0.971357
0.970811
0.969334
0.971342
0.970194
0.970536
0.971903
0.971432
0.969097
0.972888
0.970796
0.972479
0.969396
0.972714
0.972209
0.97109
0.972952
0.971392
0.971014
0.970255
0.972751
0.972373
0.970883
0.97092
0.970728
0.971242
0.971947
0.972098
0.971729
0.971964
0.972197
0.972101
0.973281
0.970635
0.971101
0.97226
0.971842
0.969749
0.970685
0.973033
0.971697
0.970347
0.972372
0.971454
0.970054
0.971246
0.972422
0.972044
0.970332
0.971787
0.972389
0.971214
0.970968
0.971802
0.973876
0.971866
0.970283
0.97269
0.970635
0.971292
0.970589
0.972352
0.971179
0.973124
0.971307
0.970123
0.972351
0.972517
0.971916
0.970371
0.972464
0.971011
0.973421
0.971395
0.969691
0.970689
0.971813
0.969444
0.972446
0.972606
0.972811
0.971363
0.971944
0.970596
0.972455
0.969792
0.971077
0.970596
0.972305
0.97106
0.971578
0.970049
0.97188
0.97165
0.970957
0.971258
0.97233
0.972032
0.972223
0.970879
0.972748
0.972483
0.971518
0.969777
0.970942
0.970551
0.971269
0.972311
0.970802
0.971829
0.971342
0.968976
0.971641
0.970975
0.972749
0.971363
0.972398
0.97095
0.971853
0.971004
0.970311
0.971269
0.970614
0.971338
0.970865
0.971941
0.970991
0.970516
0.969995
0.972133
0.971877
0.971159
0.96997
0.971179
0.972657
0.970926
0.971115
0.971925
0.969676
0.973625
0.971699
0.97108
0.970439
0.971003
0.971812
0.971671
0.972784
0.972154
0.972599
0.97217
0.970609
0.973233
0.971047
0.971748
0.97049
0.971058
0.972247
0.970508
0.970841
0.971276
0.969068
0.971748
0.97192
0.972319
0.971667
0.969925
0.9731
0.972674
0.971885
0.972275
0.969731
0.972018
0.971798
0.969362
0.969796
0.972274
0.972004
0.97197
0.971487
0.971298
0.972229
0.97223
0.972099
0.971472
0.971449
0.971446
0.971351
0.971351
0.972757
0.971567
0.972145
0.970209
0.970276
0.970959
0.970596
0.970303
0.970529
0.971434
0.971824
0.971766
0.970806
0.971371
0.971422
0.972755
0.970858
0.96981
0.971753
0.971108
0.969992
0.971354
0.971081
0.971627
0.972341
0.970662
0.969272
0.973127
0.971353
0.970803
0.973964
0.971661
0.971892
0.970213
0.97286
0.972168
0.97277
0.971435
0.971084
0.969882
0.969258
0.971328
0.973442
0.969833
0.971515
0.970059
0.969393
0.972206
0.971538
0.972397
0.97066
0.972385
0.970905
0.972633
0.970798
0.971508
0.971731
0.970587
0.972042
0.972546
0.97093
0.971028
0.969867
0.969796
0.970403
0.970428
0.969301
0.970269
0.971744
0.971086
0.972103
0.971519
0.971408
0.971996
0.970859
0.969757
0.969586
0.970849
0.971962
0.972154
0.970482
0.971526
0.970705
0.971064
0.970873
0.971831
0.971363
0.973851
0.971752
0.97309
0.972365
0.97131
0.970916
0.971627
0.971056
0.970201
0.972652
0.97042
0.969783
0.973159
0.972799
0.974332
0.972919
0.972242
0.97172
0.971392
0.973236
0.972428
0.97158
0.971914
0.97099
0.97048
0.97027
0.972115
0.971169
0.972326
0.971159
0.971189
0.973184
0.971255
0.971134
0.971957
0.972861
0.970572
0.971919
0.971679
0.971833
0.972871
0.971364
0.973176
0.970137
0.971675
0.971655
0.970442
0.972246
0.971162
0.971538
0.9706
0.97136
0.97297
0.972107
0.970764
0.972301
0.971525
0.970936
0.972107
0.969983
0.971152
0.970225
0.971979
0.972183
0.971117
0.971271
0.969998
0.970788
0.973304
0.970837
0.97268
0.970524
0.973328
0.971359
0.970903
0.969821
0.971498
0.970428
0.971689
0.971556
0.972793
0.972703
0.97116
0.970357
0.971431
0.971102
0.97119
0.972343
0.970817
0.972046
0.970919
0.972935
0.972566
0.972893
0.970867
0.972863
0.972668
0.970528
0.971013
0.970528
0.972069
0.970938
0.972439
0.970337
0.973171
0.971065
0.969619
0.970027
0.970902
0.972338
0.973724
0.971763
0.972336
0.972263
0.971545
0.970095
0.972262
0.970192
0.971285
0.970624
0.971179
0.972156
0.971342
0.970853
0.972554
0.972469
0.972581
0.971981
0.971537
0.971344
0.97217
0.972731
0.970869
0.971324
0.97067
0.972844
0.972234
0.972231
0.971489
0.972887
0.971701
0.972705
0.971484
0.971579
0.969149
0.970514
0.971422
0.970004
0.971942
0.973819
0.971417
0.971106
0.972952
0.970118
0.970026
0.971655
0.971635
0.971087
0.971895
0.971837
0.969737
0.970845
0.970231
0.971281
0.971279
0.971892
0.97163
0.971749
0.972321
0.971937
0.97094
0.971025
0.973041
0.971109
0.971344
0.971523
0.972169
0.972871
0.971672
0.971412
0.971201
0.969467
0.974076
0.971626
0.971451
0.971541
0.972485
0.970365
0.971089
0.970159
0.971836
0.970707
0.97152
0.971325
0.971148
0.971025
0.970234
0.972922
0.970553
0.973045
0.972642
0.97101
0.971467
0.970109
0.971369
0.971675
0.971653
0.970519
0.970813
0.971917
0.972533
0.972774
0.970729
0.972403
0.970318
0.970887
0.972254
0.97218
0.971639
0.972541
0.972441
0.971329
0.970557
0.971998
0.970923
0.969352
0.969936
0.971061
0.970134
0.971838
0.971618
0.970381
0.971366
0.971673
0.971756
0.971388
0.970532
0.971482
0.971242
0.972118
0.97106
0.970171
0.971653
0.971932
0.97146
0.971896
0.971142
0.971965
0.971607
0.972066
0.971144
0.971838
0.972878
0.971529
0.971156
0.97288
0.971933
0.973068
0.971387
0.970829
0.971029
0.971828
0.97231
0.972715
0.970155
0.970758
0.970374
0.971777
0.9722
0.973044
0.971845
0.971355
0.972612
0.972177
0.971256
0.969966
0.971815
0.970955
0.971027
0.973094
0.9714
0.972081
0.971853
0.973659
0.970321
0.971086
0.971209
0.970254
0.972605
0.972563
0.970375
0.971369
0.971706
0.97161
0.971059
0.970758
0.97214
0.972563
0.971485
0.971575
0.972267
0.972309
0.973082
0.971614
0.97181
0.973469
0.971307
0.970742
0.972598
0.970947
0.970361
0.970639
0.971985
0.972942
0.969383
0.972479
0.974223
0.972563
0.972751
0.970777
0.971684
0.972241
0.971686
0.971446
0.970974
0.970832
0.971377
0.971526
0.969921
0.972376
0.970196
0.970702
0.971493
0.973005
0.97103
0.973394
0.971855
0.971652
0.970541
0.971601
0.972487
0.971124
0.971566
0.971125
0.970914
0.970517
0.971721
0.971411
0.972394
0.971531
0.971494
0.971479
0.971507
0.970951
0.971101
0.971954
0.970978
0.970957
0.970907
0.97026
0.971687
0.973146
0.971921
0.973961
0.972277
0.97198
0.97249
0.972434
0.971162
0.970311
0.971761
0.970449
0.97097
0.9712
0.970482
0.971529
0.971231
0.970404
0.969811
0.971401
0.971966
0.972624
0.968369
0.96997
0.971157
0.971877
0.970457
0.970898
0.970737
0.972178
0.970878
0.971079
0.972145
0.971734
0.971235
0.969971
0.971182
0.970055
0.971974
0.972526
0.97244
0.97077
0.97409
0.970803
0.973033
0.971056
0.972317
0.971125
0.971465
0.971452
0.97222
0.971208
0.970083
0.971081
0.971727
0.969908
0.971592
0.972933
0.971298
0.972579
0.971811
0.969844
0.970167
0.970916
0.971365
0.97169
0.97223
0.972877
0.970755
0.97067
0.971324
0.971649
0.971786
0.97266
0.971763
0.97033
0.970503
0.972137
0.969951
0.970367
0.970955
0.969889
0.970703
0.973011
0.971989
0.971978
0.973045
0.97273
0.971369
0.971704
0.971379
0.970854
0.970822
0.970687
0.971906
0.971668
0.971853
0.971251
0.969907
0.971808
0.971917
0.97177
0.972285
0.971225
0.971235
0.97128
0.97241
0.970987
0.969513
0.970746
0.970504
0.972428
0.97128
0.972517
0.972728
0.971377
0.969302
0.97159
0.970802
0.972177
0.971384
0.971495
0.972261
0.969329
0.97021
0.97001
0.970347
0.970534
0.971756
0.971619
0.973354
0.971548
0.97168
0.971199
0.972555
0.970853
0.971652
0.970948
0.973578
0.97025
0.972061
0.972933
0.970281
0.971363
0.972584
0.970532
0.971825
0.970168
0.970858
0.971974
0.971864
0.97219
0.972689
0.97159
0.970413
0.968969
0.972722
0.972101
0.972841
0.970636
0.972398
0.972985
0.973015
0.971843
0.972621
0.97123
0.972522
0.970268
0.97132
0.972727
0.971231
0.972713
0.972082
0.972754
0.972488
0.972329
0.969461
0.972124
0.971284
0.971931
0.971845
0.971385
0.971316
0.971104
0.972167
0.971948
0.970396
0.971038
0.970385
0.97049
0.973096
0.972736
0.969835
0.971382
0.972158
0.973452
0.974173
0.969609
0.97194
0.97339
0.970511
0.971244
0.972009
0.971107
0.972054
0.971728
0.96981
0.969764
0.974055
0.9705
0.97144
0.971405
0.970754
0.972571
0.971038
0.972381
0.970271
0.971459
0.970289
0.972045
0.972307
0.972343
0.972582
0.972163
0.969128
0.972511
0.970873
0.973498
0.970345
0.971547
0.970707
0.970164
0.973029
0.970859
0.971877
0.971131
0.97186
0.972178
0.97217
0.971401
0.972612
0.972613
0.974223
0.971745
0.971755
0.971808
0.971367
0.97174
0.970565
0.971172
0.972615
0.972475
0.970922
0.971503
0.9705
0.972802
0.971378
0.971198
0.972084
0.972256
0.972162
0.971204
0.971855
0.971607
0.970404
0.970503
0.969849
0.971706
0.971239
0.973266
0.970323
0.971543
0.970901
0.972803
0.972057
0.972571
0.971609
0.971451
0.971917
0.972913
0.970805
0.972445
0.969802
0.971123
0.970881
0.972096
0.971913
0.972427
0.97138
0.971576
0.971396
0.970666
0.971407
0.971006
0.971891
0.971374
0.972946
0.971017
0.971233
0.970847
0.972779
0.970268
0.970353
0.971367
0.971502
0.971029
0.971167
0.972174
0.970768
0.971383
0.9722
0.970144
0.97198
0.972431
0.972065
0.970454
0.971336
0.973104
0.971483
0.972524
0.972413
0.96983
0.972587
0.971106
0.9715
0.971989
0.971235
0.972128
0.972479
0.971787
0.971361
0.970966
0.97213
0.972541
0.970227
0.970884
0.971585
0.970361
0.972285
0.973667
0.972008
0.971348
0.97072
0.970993
0.971306
0.973829
0.971378
0.971864
0.97082
0.971202
0.970364
0.97172
0.971919
0.972593
0.970449
0.972473
0.971229
0.971295
0.971387
0.970977
0.971934
0.971534
0.969803
0.972606
0.972099
0.97252
0.971681
0.970922
0.971899
0.972119
0.973151
0.972585
0.968861
0.972606
0.971337
0.973034
0.973518
0.972497
0.971341
0.972396
0.971223
0.971074
0.972171
0.97224
0.971629
0.972212
0.971868
0.971121
0.970681
0.970615
0.970534
0.972232
0.972175
0.97257
0.972312
0.971655
0.970498
0.972169
0.970973
0.970681
0.972355
0.971405
0.970404
0.971492
0.972436
0.970596
0.973312
0.973144
0.971797
0.971984
0.970987
0.970204
0.970273
0.972387
0.971973
0.972162
0.971629
0.971389
0.971158
0.970646
0.970981
0.971273
0.971565
0.970622
0.973415
0.97129
0.971356
0.972011
0.971423
0.971914
0.969744
0.971745
0.971951
0.972009
0.972198
0.971762
0.971258
0.970097
0.97151
0.971123
0.971916
0.970958
0.97255
0.970048
0.972576
0.971817
0.970279
0.971344
0.970196
0.97258
0.971776
0.970557
0.971654
0.971402
0.969844
0.970286
0.9704
0.973926
0.970537
0.970941
0.971421
0.972087
0.969776
0.97286
0.971421
0.971817
0.971083
0.972525
0.97125
0.971464
0.971527
0.971527
0.972598
0.971919
0.972107
0.971011
0.971149
0.971232
0.971151
0.972028
0.971595
0.972831
0.970382
0.970509
0.9718
0.971547
0.971642
0.971226
0.972453
0.971536
0.969792
0.969802
0.973141
0.972883
0.971103
0.971771
0.970993
0.972067
0.971659
0.970218
0.970813
0.973487
0.971172
0.971763
0.971367
0.97033
0.972907
0.969217
0.971557
0.970118
0.972179
0.971065
0.971571
0.972112
0.969954
0.972128
0.972558
0.971474
0.970938
0.972525
0.970953
0.971717
0.971311
0.971381
0.971177
0.971317
0.974096
0.971264
0.97065
0.970171
0.971624
0.970714
0.97211
0.971589
0.970055
0.970318
0.971794
0.972864
0.971113
0.97311
0.970439
0.970913
0.970997
0.969495
0.970233
0.971952
0.971351
0.972069
0.971127
0.969491
0.971482
0.970808
0.972691
0.970842
0.970832
0.970473
0.970587
0.972417
0.972588
0.972418
0.971546
0.971494
0.971451
0.971317
0.970412
0.970979
0.971931
0.970613
0.970692
0.973162
0.971731
0.972402
0.971418
0.97126
0.97053
0.971264
0.970371
0.971536
0.971527
0.972966
0.971591
0.971728
0.972289
0.970396
0.971017
0.971325
0.969928
0.972845
0.971986
0.97164
0.971671
0.970684
0.970736
0.970113
0.973957
0.972534
0.970187
0.972641
0.971677
0.970741
0.971966
0.971619
0.971433
0.971636
0.972452
0.971682
0.970103
0.972467
0.970057
0.971739
0.971126
0.970699
0.971648
0.971439
0.971282
0.972818
0.969172
0.972021
0.971915
0.971751
0.973545
0.970688
0.971484
0.968721
0.972433
0.973254
0.972437
0.972152
0.971967
0.97347
0.97069
0.972263
0.972047
0.970905
0.971596
0.97125
0.972109
0.970854
0.970029
0.971303
0.971848
0.970453
0.971519
0.971726
0.970906
0.9722
0.97147
0.970829
0.972256
0.972763
0.971287
0.972199
0.971273
0.973085
0.972689
0.97057
0.97173
0.970782
0.972055
0.971427
0.97103
0.970631
0.973343
0.973111
0.971427
0.968529
0.972211
0.972759
0.971881
0.971039
0.973004
0.972629
0.970341
0.973118
0.971572
0.970861
0.973045
0.972906
0.970573
0.972066
0.972886
0.972299
0.970384
0.970718
0.971374
0.972238
0.972334
0.972435
0.970717
0.971956
0.971256
0.97239
0.971374
0.972951
0.973071
0.971024
0.970495
0.971989
0.970511
0.973922
0.972734
0.970054
0.971774
0.971308
0.971965
0.97218
0.972356
0.969977
0.971849
0.971344
0.972497
0.971937
0.970895
0.970804
0.969774
0.970908
0.973052
0.971931
0.971275
0.971328
0.97131
0.970805
0.972518
0.972249
0.973115
0.97243
0.971289
0.972508
0.972093
0.971523
0.972096
0.971564
0.971734
0.971627
0.972553
0.971103
0.971419
0.971206
0.972229
0.97039
0.971638
0.972603
0.972541
0.970966
0.971698
0.972781
0.971912
0.971187
0.972748
0.972443
0.972464
0.971537
0.970945
0.971209
0.970787
0.97144
0.971079
0.97157
0.972852
0.970865
0.969132
0.971136
0.97212
0.971419
0.974458
0.972466
0.972114
0.972132
0.971353
0.971249
0.971426
0.972058
0.970083
0.971367
0.969367
0.970833
0.9705
0.971096
0.971246
0.971183
0.971995
0.969847
0.971595
0.971785
0.97031
0.970074
0.972313
0.972797
0.971951
0.972437
0.972531
0.97171
0.970955
0.97274
0.972725
0.970543
0.970284
0.969883
0.971386
0.971171
0.971756
0.97081
0.970068
0.972492
0.969121
0.972398
0.970498
0.971265
0.970887
0.971093
0.97145
0.972763
0.971014
0.972661
0.97264
0.972354
0.973987
0.972015
0.972843
0.969982
0.971994
0.971973
0.970954
0.971006
0.972389
0.973211
0.970719
0.970386
0.97141
0.97042
0.974864
0.970739
0.971649
0.970826
0.970941
0.971878
0.972324
0.970609
0.971553
0.971092
0.971603
0.971539
0.971785
0.971564
0.972136
0.972845
0.972548
0.969926
0.97113
0.971384
0.971951
0.972355
0.971714
0.969956
0.972361
0.970908
0.971831
0.973447
0.971374
0.969388
0.971385
0.9723
0.971405
0.97413
0.971532
0.970623
0.972946
0.972838
0.970683
0.968699
0.97182
0.971481
0.972716
0.970751
0.972023
0.970128
0.972007
0.971986
0.97098
0.970336
0.971836
0.972015
0.971421
0.97074
0.97082
0.971113
0.971185
0.971172
0.97121
0.973507
0.971982
0.972249
0.971723
0.973134
0.972024
0.973248
0.971766
0.971264
0.971122
0.971018
0.970464
0.970948
0.970706
0.970034
0.971625
0.970706
0.970271
0.971511
0.9714
0.972892
0.972466
0.969692
0.971295
0.971556
0.970997
0.973776
0.972923
0.970016
0.970921
0.972835
0.969042
0.970821
0.972811
0.971095
0.97078
0.970684
0.971757
0.971369
0.972827
0.972087
0.972366
0.970443
0.970765
0.969994
0.972516
0.971363
0.974049
0.971681
0.972098
0.972729
0.97052
0.971173
0.97199
0.972333
0.970313
0.972042
0.971531
0.970756
0.971456
0.972755
0.971418
0.971654
0.973855
0.97202
0.972539
0.971147
0.971229
0.972105
0.970611
0.971529
0.971499
0.972968
0.972075
0.972376
0.971787
0.974111
0.971352
0.970755
0.971158
0.970502
0.97141
0.972235
0.970432
0.971337
0.974274
0.973093
0.971454
0.972085
0.971427
0.97127
0.972176
0.970899
0.971679
0.971558
0.972269
0.971299
0.969289
0.973573
0.972715
0.970585
0.972127
0.971907
0.972178
0.972242
0.972279
0.971661
0.971622
0.973625
0.970039
0.971361
0.972228
0.971626
0.970103
0.972466
0.969908
0.971811
0.971534
0.972054
0.971194
0.972632
0.971211
0.973503
0.972199
0.972961
0.971685
0.97169
0.972003
0.973322
0.970531
0.970463
0.971398
0.969729
0.97212
0.972581
0.969927
0.971057
0.97018
0.97174
0.970924
0.971223
0.971884
0.971804
0.970601
0.971915
0.97147
0.971725
0.970621
0.971034
0.97155
0.970327
0.972091
0.969928
0.972997
0.97105
0.9729
0.971852
0.970869
0.971644
0.971299
0.972723
0.972042
0.973692
0.971882
0.972439
0.972809
0.973022
0.971594
0.971092
0.97135
0.972039
0.972967
0.97207
0.971702
0.971755
0.971208
0.971271
0.971757
0.971956
0.971137
0.972319
0.971945
0.971702
0.970734
0.971134
0.972157
0.970968
0.972217
0.971626
0.969875
0.971904
0.972292
0.970822
0.972533
0.973538
0.973223
0.97211
0.971124
0.971084
0.971266
0.97204
0.970501
0.969588
0.970562
0.971728
0.97049
0.97078
0.970271
0.972031
0.972932
0.971441
0.970576
0.972459
0.971779
0.971181
0.971438
0.97203
0.971522
0.971029
0.972662
0.971205
0.970144
0.971839
0.971539
0.972772
0.971959
0.972695
0.971861
0.970512
0.972643
0.972069
0.970759
0.971823
0.971024
0.970798
0.970737
0.971421
0.97222
0.972019
0.972132
0.971137
0.972646
0.971911
0.971323
0.970908
0.972079
0.972661
0.972445
0.970867
0.97225
0.97189
0.972238
0.971855
0.972784
0.972635
0.970998
0.972947
0.972265
0.971252
0.97146
0.972646
0.971219
0.971466
0.970472
0.969602
0.971159
0.971016
0.970952
0.971918
0.9711
0.971551
0.970692
0.971371
0.971043
0.970415
0.96986
0.973169
0.971106
0.971529
0.971984
0.970852
0.97314
0.970491
0.972471
0.972872
0.969863
0.973781
0.970752
0.973103
0.972441
0.972934
0.971932
0.971575
0.972798
0.972369
0.971923
0.971718
0.972249
0.973932
0.971916
0.970954
0.969497
0.970425
0.970996
0.972215
0.97293
0.972605
0.970436
0.971292
0.971399
0.971943
0.970613
0.971535
0.972603
0.969557
0.972489
0.97067
0.970078
0.969648
0.972326
0.970431
0.972429
0.971791
0.970981
0.971032
0.973096
0.973299
0.970986
0.96923
0.972699
0.971355
0.971169
0.971784
0.970653
0.971055
0.972005
0.971985
0.971536
0.97155
0.971627
0.970958
0.970723
0.972042
0.972462
0.970867
0.972763
0.972977
0.972237
0.970291
0.97278
0.973106
0.971188
0.972229
0.97204
0.97141
0.971347
0.970649
0.971626
0.971799
0.970926
0.971699
0.973294
0.971485
0.972323
0.970822
0.97348
0.97127
0.972419
0.96952
0.969493
0.970484
0.970548
0.971623
0.971444
0.970032
0.97172
0.970618
0.970413
0.971582
0.971643
0.970592
0.970152
0.970764
0.97196
0.971691
0.971741
0.971939
0.971211
0.973314
0.969953
0.971759
0.970721
0.970903
0.972619
0.972965
0.970215
0.970286
0.971032
0.973284
0.970968
0.970071
0.972494
0.971691
0.969166
0.971214
0.971685
0.970439
0.971221
0.971974
0.970018
0.972758
0.97027
0.971566
0.970217
0.970295
0.971492
0.97002
0.970798
0.972077
0.970889
0.970832
0.972505
0.969708
0.970659
0.970901
0.971219
0.970966
0.973066
0.972499
0.971795
0.973099
0.97007
0.972714
0.971039
0.973335
0.971577
0.971183
0.971835
0.97243
0.971936
0.970471
0.971008
0.970391
0.970636
0.970801
0.970811
0.970405
0.971849
0.972435
0.970814
0.969987
0.971947
0.971034
0.971611
0.970569
0.971822
0.969985
0.970949
0.969579
0.972807
0.97225
0.971841
0.971031
0.972888
0.970971
0.970985
0.97049
0.970303
0.972514
0.970855
0.97105
0.970689
0.970373
0.972023
0.971485
0.972523
0.97221
0.971948
0.972241
0.973018
0.972644
0.972692
0.971977
0.971506
0.970236
0.973152
0.970364
0.971993
0.972305
0.971996
0.97099
0.971673
0.971657
0.971673
0.972172
0.972318
0.970966
0.972285
0.970126
0.970241
0.972968
0.972367
0.970377
0.971884
0.971963
0.970912
0.972461
0.971008
0.971976
0.971513
0.971574
0.971251
0.972414
0.971692
0.971332
0.971461
0.973621
0.972003
0.971748
0.971134
0.970887
0.971602
0.973119
0.971788
0.970763
0.970022
0.971113
0.970913
0.972348
0.970627
0.971636
0.972723
0.971912
0.97219
0.971975
0.970023
0.970877
0.971304
0.970927
0.972765
0.971349
0.970996
0.96917
0.972096
0.970684
0.971
0.971365
0.971333
0.972081
0.971847
0.969914
0.971795
0.97311
0.970529
0.972544
0.971181
0.970655
0.972124
0.970365
0.969655
0.971459
0.970436
0.969682
0.973325
0.971682
0.971686
0.971404
0.972138
0.971825
0.971807
0.971592
0.971613
0.969977
0.970052
0.973309
0.972131
0.974058
0.970775
0.972061
0.972515
0.971942
0.971785
0.970437
0.972402
0.971198
0.968909
0.970819
0.971332
0.973538
0.971124
0.972409
0.971749
0.971746
0.971006
0.971401
0.971659
0.972017
0.970997
0.971338
0.972455
0.971479
0.972112
0.971105
0.971909
0.973085
0.97276
0.971258
0.971681
0.971255
0.971869
0.970536
0.971512
0.970998
0.972932
0.971692
0.972558
0.972041
0.972343
0.970946
0.970565
0.971716
0.969766
0.970988
0.970837
0.972441
0.971855
0.970464
0.971896
0.971159
0.971337
0.971476
0.969886
0.971911
0.971364
0.971083
0.97303
0.97257
0.971748
0.973299
0.97163
0.97023
0.969593
0.972926
0.970148
0.971903
0.972491
0.972327
0.970344
0.971889
0.970241
0.97194
0.971493
0.969163
0.972041
0.972194
0.971809
0.97293
0.972788
0.970178
0.972309
0.972977
0.970382
0.973249
0.9721
0.967837
0.971653
0.971022
0.971614
0.971526
0.97119
0.971489
0.973551
0.972008
0.972569
0.971279
0.97079
0.970496
0.972505
0.971268
0.973193
0.970286
0.970857
0.972355
0.971069
0.971405
0.970934
0.970455
0.970445
0.972401
0.972163
0.970862
0.97248
0.973076
0.970739
0.970964
0.972191
0.971156
0.971522
0.971566
0.97235
0.972071
0.971951
0.972145
0.969431
0.971023
0.971271
0.971164
0.971416
0.972019
0.971494
0.971297
0.970948
0.972559
0.969045
0.971441
0.972925
0.971534
0.971562
0.970752
0.970471
0.970856
0.971868
0.971301
0.97071
0.971956
0.972643
0.972294
0.972658
0.970845
0.972665
0.972144
0.971452
0.970187
0.972437
0.972506
0.972363
0.971555
0.972172
0.971207
0.9704
0.971308
0.973012
0.972113
0.970818
0.97255
0.973119
0.971682
0.970717
0.971552
0.972323
0.971404
0.972072
0.971611
0.971518
0.971301
0.971419
0.97203
0.971037
0.970614
0.972413
0.972869
0.973776
0.97357
0.973627
0.971878
0.971017
0.971501
0.972041
0.9726
0.971589
0.970498
0.971996
0.970394
0.971784
0.972476
0.971471
0.970474
0.972439
0.972148
0.972312
0.97155
0.970963
0.973274
0.970606
0.971668
0.972085
0.97171
0.971211
0.970848
0.97274
0.97397
0.968626
0.970605
0.970503
0.971144
0.971245
0.972511
0.971572
0.969959
0.972504
0.971138
0.971268
0.971008
0.969486
0.972047
0.972407
0.970827
0.971733
0.970477
0.971942
0.972015
0.97046
0.971679
0.971188
0.973146
0.970489
0.972087
0.972566
0.968301
0.971654
0.971746
0.970966
0.97078
0.971675
0.973005
0.971276
0.971457
0.971217
0.972213
0.971481
0.970954
0.969138
0.971563
0.971868
0.97073
0.972357
0.97186
0.971167
0.971791
0.972723
0.971158
0.970295
0.970244
0.97217
0.972236
0.971453
0.971213
0.971551
0.972202
0.972058
0.970317
0.970356
0.969942
0.969915
0.973658
0.969614
0.97218
0.971944
0.969525
0.972052
0.972608
0.97183
0.970399
0.972008
0.970301
0.971596
0.970533
0.971635
0.970836
0.970529
0.972701
0.970927
0.972142
0.972823
0.971674
0.971558
0.970019
0.97308
0.971846
0.971418
0.971981
0.969853
0.971741
0.971108
0.971196
0.97041
0.971531
0.970525
0.971175
0.973478
0.971994
0.972163
0.972427
0.97348
0.97084
0.968972
0.970854
0.970282
0.972498
0.97193
0.970706
0.972227
0.971576
0.970222
0.971767
0.972451
0.97056
0.971156
0.971207
0.97171
0.971171
0.971641
0.970222
0.970176
0.971381
0.970008
0.972152
0.971305
0.970483
0.973283
0.971611
0.971005
0.971198
0.972919
0.970969
0.969359
0.971896
0.971057
0.971731
0.969315
0.969985
0.970412
0.973231
0.970188
0.970636
0.969121
0.971458
0.970562
0.971199
0.970316
0.971534
0.97144
0.971274
0.973394
0.970249
0.972318
0.97225
0.97078
0.969748
0.971423
0.972205
0.972671
0.970361
0.97136
0.973131
0.971146
0.972192
0.97017
0.970225
0.969474
0.971053
0.9721
0.973114
0.971656
0.970108
0.971757
0.971332
0.971842
0.971268
0.973618
0.971149
0.969834
0.969629
0.97053
0.971677
0.969931
0.970535
0.972619
0.970747
0.97125
0.971442
0.971947
0.970698
0.971228
0.97043
0.970901
0.971176
0.972338
0.970637
0.972016
0.97052
0.970998
0.969461
0.971325
0.971083
0.969819
0.97057
0.96942
0.970212
0.971539
0.971646
0.973286
0.973408
0.971897
0.971865
0.97268
0.971694
0.973731
0.971641
0.971641
0.972261
0.970931
0.972284
0.971934
0.97279
0.969002
0.969823
0.972446
0.971537
0.973321
0.97161
0.972545
0.971747
0.972816
0.970768
0.972163
0.969807
0.971249
0.970243
0.971556
0.972278
0.970063
0.969855
0.972178
0.971834
0.971538
0.971373
0.970615
0.97163
0.971936
0.9723
0.972136
0.97059
0.971663
0.97198
0.971192
0.971656
0.971446
0.972011
0.97192
0.972371
0.969926
0.972895
0.972006
0.970385
0.971125
0.971159
0.971471
0.971855
0.973042
0.971327
0.972079
0.971004
0.971736
0.970457
0.971831
0.972259
0.971701
0.970039
0.9708
0.970265
0.971415
0.971056
0.972742
0.971511
0.971768
0.972413
0.97268
0.971155
0.969916
0.972519
0.969733
0.972717
0.969851
0.971696
0.971944
0.97303
0.97042
0.971542
0.972504
0.971555
0.971951
0.971792
0.972603
0.972697
0.972676
0.971078
0.969838
0.971774
0.97249
0.970838
0.971733
0.971024
0.972428
0.971149
0.971139
0.970832
0.971223
0.971733
0.971885
0.971743
0.970988
0.972395
0.971652
0.971283
0.970625
0.973514
0.968799
0.971724
0.971629
0.971259
0.971382
0.971928
0.972502
0.972442
0.973021
0.972394
0.972922
0.972889
0.971581
0.971674
0.970449
0.9712
0.971145
0.972364
0.973147
0.971951
0.973065
0.971808
0.970533
0.97073
0.972143
0.971785
0.971374
0.969956
0.972323
0.970829
0.972773
0.970462
0.973097
0.971875
0.971924
0.971267
0.973224
0.970209
0.971552
0.971631
0.970804
0.970007
0.970591
0.971412
0.972146
0.970061
0.971603
0.972145
0.971406
0.972197
0.972265
0.970609
0.971322
0.971465
0.973425
0.971975
0.971907
0.972366
0.969697
0.970619
0.972058
0.969965
0.971667
0.971421
0.971104
0.971109
0.970683
0.971167
0.971367
0.97121
0.971566
0.970328
0.970031
0.973101
0.971793
0.972694
0.970107
0.970227
0.972
0.972167
0.971122
0.971088
0.971689
0.972488
0.971554
0.9702
0.969308
0.972196
0.970917
0.972501
0.972956
0.970924
0.970131
0.969723
0.971591
0.972663
0.969439
0.970768
0.96958
0.97312
0.970893
0.970858
0.971096
0.970158
0.97176
0.971584
0.970561
0.970698
0.971667
0.972988
0.970905
0.969943
0.974024
0.970078
0.972069
0.972365
0.972081
0.971641
0.971802
0.971794
0.972199
0.9719
0.971578
0.970073
0.968676
0.972071
0.971519
0.972623
0.97086
0.970164
0.970177
0.972902
0.971151
0.972751
0.970432
0.971384
0.973264
0.97213
0.972757
0.972183
0.972298
0.970968
0.971562
0.970844
0.970339
0.971417
0.971121
0.972888
0.970442
0.971069
0.972749
0.970771
0.972981
0.970426
0.972134
0.973139
0.969756
0.971686
0.970308
0.970413
0.971489
0.972395
0.970742
0.972362
0.970479
0.970822
0.971793
0.971292
0.970361
0.972203
0.972253
0.971742
0.971472
0.971391
0.970526
0.970772
0.972315
0.971634
0.973198
0.973338
0.972507
0.972304
0.972054
0.971802
0.972695
0.972973
0.97214
0.972914
0.970776
0.970798
0.97205
0.971832
0.970692
0.971765
0.97338
0.972049
0.972433
0.972562
0.970152
0.972501
0.971365
0.971987
0.969899
0.970259
0.971529
0.97141
0.970937
0.970388
0.971146
0.972421
0.971633
0.971064
0.971437
0.971272
0.97088
0.972692
0.970775
0.971265
0.97115
0.971451
0.970968
0.971097
0.970974
0.970581
0.97244
0.969928
0.97204
0.971078
0.972049
0.971828
0.972163
0.971527
0.971224
0.970728
0.972075
0.972132
0.972582
0.971936
0.97273
0.971839
0.970852
0.970651
0.971925
0.970598
0.972232
0.970454
0.969848
0.970547
0.971776
0.97399
0.970833
0.971952
0.969583
0.971828
0.972005
0.971026
0.971263
0.971797
0.972604
0.971902
0.971894
0.969779
0.970405
0.969496
0.971501
0.970582
0.970322
0.971348
0.970888
0.970793
0.971652
0.97213
0.970127
0.971218
0.969609
0.971911
0.970774
0.973782
0.972301
0.970354
0.970518
0.97302
0.971112
0.969853
0.97165
0.970591
0.971303
0.970655
0.971552
0.971807
0.971361
0.971097
0.971811
0.971587
0.97038
0.971205
0.970974
0.971615
0.970382
0.97181
0.970304
0.970054
0.971664
0.97224
0.972274
0.972174
0.972742
0.970959
0.969777
0.973065
0.972084
0.971778
0.972689
0.972284
0.972722
0.972639
0.970544
0.971527
0.969861
0.96979
0.971166
0.970278
0.971606
0.971475
0.971331
0.973095
0.970622
0.971129
0.971393
0.971924
0.969813
0.970737
0.971662
0.971635
0.973137
0.97146
0.972455
0.973046
0.971252
0.971006
0.97341
0.971781
0.971533
0.970468
0.972812
0.972397
0.971124
0.971934
0.971986
0.970978
0.973035
0.970861
0.971292
0.971954
0.97269
0.972441
0.972613
0.969869
0.973708
0.971336
0.971804
0.97186
0.97168
0.971222
0.972514
0.970875
0.971339
0.972292
0.969728
0.97015
0.97213
0.971318
0.970647
0.971848
0.970704
0.972066
0.971403
0.970351
0.973505
0.972723
0.971471
0.972574
0.970762
0.970597
0.970975
0.971207
0.971763
0.971175
0.971561
0.971535
0.970304
0.972802
0.972688
0.971123
0.972726
0.971939
0.971271
0.971585
0.971738
0.969842
0.972463
0.971255
0.972469
0.970259
0.971285
0.972634
0.971355
0.971242
0.972864
0.972333
0.970048
0.970205
0.971349
0.972358
0.971322
0.97129
0.971783
0.973082
0.972899
0.972935
0.973012
0.971661
0.973404
0.971671
0.972194
0.971187
0.971158
0.971612
0.971976
0.97182
0.97048
0.970375
0.971811
0.971295
0.970677
0.971838
0.971153
0.971194
0.970214
0.972534
0.969936
0.970314
0.973044
0.971254
0.972668
0.9703
0.972366
0.973565
0.971882
0.972348
0.972258
0.9712
0.971882
0.9706
0.972386
0.972446
0.972013
0.970833
0.971367
0.972023
0.973534
0.970577
0.970793
0.969576
0.972032
0.973635
0.970427
0.972304
0.972299
0.972777
0.971731
0.970258
0.972134
0.97196
0.971325
0.971867
0.971757
0.97088
0.971779
0.971575
0.971102
0.972087
0.971339
0.97198
0.970289
0.97219
0.970892
0.97062
0.970098
0.971695
0.971672
0.969723
0.972694
0.971462
0.972143
0.969602
0.971249
0.972139
0.971571
0.971635
0.97209
0.971839
0.969639
0.97077
0.971981
0.970827
0.97088
0.970741
0.97171
0.970315
0.971694
0.972074
0.972903
0.972313
0.971018
0.971791
0.970097
0.970731
0.970174
0.971228
0.970339
0.971846
0.972508
0.972775
0.971699
0.971277
0.971004
0.971169
0.971542
0.971581
0.971248
0.972591
0.970953
0.9731
0.971678
0.971918
0.971278
0.971076
0.972517
0.971662
0.972081
0.971289
0.971976
0.973374
0.969992
0.970664
0.971467
0.970607
0.971958
0.96986
0.971155
0.970871
0.970365
0.970685
0.971957
0.972311
0.971332
0.971789
0.972458
0.972238
0.971738
0.969918
0.971626
0.973029
0.971606
0.971558
0.971639
0.972767
0.971433
0.972055
0.969911
0.972092
0.970884
0.973498
0.971787
0.971132
0.971092
0.971767
0.972016
0.971526
0.972073
0.971489
0.972803
0.971147
0.972845
0.971898
0.971678
0.970895
0.971876
0.971413
0.970805
0.9709
0.972347
0.969041
0.970696
0.971691
0.969702
0.972279
0.971811
0.972647
0.972399
0.970395
0.971131
0.97202
0.972264
0.972278
0.972722
0.973886
0.971462
0.971193
0.971425
0.972929
0.971882
0.972844
0.970798
0.969397
0.971445
0.970684
0.971094
0.970221
0.971221
0.972621
0.971697
0.97236
0.969993
0.972759
0.971628
0.972529
0.970646
0.972266
0.972515
0.969886
0.970928
0.969193
0.971633
0.972614
0.971938
0.971078
0.970272
0.97131
0.971648
0.971755
0.971521
0.972421
0.972003
0.972444
0.972401
0.971244
0.970943
0.97342
0.970413
0.972092
0.970972
0.971932
0.970324
0.973615
0.974639
0.972706
0.972681
0.972123
0.971973
0.971252
0.972383
0.971018
0.971078
0.971385
0.971218
0.971432
0.971287
0.971554
0.97289
0.972022
0.970147
0.971694
0.971508
0.971396
0.973158
0.973208
0.972084
0.97205
0.971679
0.969557
0.971562
0.970884
0.972369
0.971919
0.970358
0.971227
0.970623
0.970091
0.97106
0.970286
0.972442
0.971248
0.970062
0.971937
0.970616
0.972614
0.972209
0.973549
0.971398
0.971414
0.972061
0.971309
0.971053
0.971654
0.972192
0.970928
0.972109
0.97159
0.97234
0.973069
0.973042
0.971158
0.972438
0.970974
0.970823
0.971945
0.971279
0.972205
0.971359
0.969949
0.970999
0.96961
0.970355
0.972382
0.970833
0.970473
0.971733
0.969767
0.972031
0.972608
0.970352
0.97115
0.972086
0.97119
0.971671
0.971654
0.971601
0.972149
0.97021
0.970238
0.972784
0.969946
0.971501
0.971807
0.97135
0.972486
0.974149
0.971305
0.971901
0.970749
0.969796
0.968982
0.970727
0.971304
0.97002
0.971522
0.971256
0.970122
0.970379
0.97089
0.97047
0.969811
0.971028
0.97116
0.970694
0.971745
0.971403
0.971782
0.972015
0.971313
0.970607
0.971571
0.970349
0.971352
0.971309
0.970443
0.9719
0.972178
0.972948
0.973332
0.971777
0.972479
0.971204
0.971516
0.972453
0.972311
0.974029
0.971344
0.971204
0.970941
0.970637
0.971212
0.972467
0.972744
0.971747
0.970956
0.971251
0.97099
0.971142
0.970555
0.970412
0.972252
0.972602
0.973045
0.971961
0.97239
0.97065
0.971499
0.971698
0.970111
0.971898
0.972276
0.971185
0.972094
0.971918
0.9716
0.970489
0.970307
0.972005
0.97029
0.97082
0.971504
0.971378
0.970544
0.973316
0.970561
0.970101
0.971062
0.971253
0.97142
0.969492
0.970653
0.970418
0.972244
0.970935
0.972866
0.973368
0.971563
0.972422
0.972122
0.972231
0.972893
0.970245
0.97182
0.971729
0.971159
0.973837
0.972192
0.970903
0.971566
0.973822
0.971686
0.970469
0.972259
0.971446
0.973574
0.972641
0.972406
0.970179
0.970272
0.970543
0.970889
0.971051
0.971124
0.969854
0.972508
0.971857
0.971708
0.972687
0.970045
0.971563
0.972873
0.972404
0.970797
0.972164
0.971566
0.971954
0.969602
0.971971
0.972314
0.971999
0.971699
0.970053
0.971503
0.971585
0.970987
0.972032
0.970539
0.970534
0.971677
0.971142
0.971056
0.972222
0.970104
0.972952
0.971161
0.971715
0.970029
0.972711
0.971401
0.96956
0.970843
0.970754
0.971611
0.969841
0.970256
0.972175
0.970198
0.97276
0.971603
0.971002
0.971452
0.969705
0.972788
0.970328
0.972602
0.971536
0.972367
0.972595
0.971881
0.972078
0.97166
0.970469
0.971589
0.97172
0.970904
0.972325
0.971322
0.971646
0.97301
0.971961
0.970871
0.971276
0.970711
0.970624
0.970267
0.973201
0.971778
0.973009
0.972241
0.971123
0.971571
0.972436
0.970427
0.969847
0.971027
0.971395
0.972078
0.971227
0.972327
0.971351
0.971949
0.972472
0.972564
0.973013
0.972903
0.971395
0.971136
0.971305
0.970527
0.970082
0.970064
0.971346
0.969972
0.970957
0.97088
0.968559
0.971369
0.972922
0.970933
0.971812
0.971146
0.970885
0.971261
0.970778
0.971025
0.969751
0.971954
0.973408
0.971125
0.970988
0.971622
0.97273
0.971029
0.970895
0.973089
0.971301
0.971513
0.970969
0.969732
0.971072
0.971064
0.972038
0.970148
0.972265
0.972874
0.971587
0.972581
0.970653
0.971368
0.970796
0.971414
0.971464
0.970868
0.971688
0.971166
0.969428
0.969793
0.971753
0.9712
0.973757
0.970099
0.970501
0.970308
0.971904
0.970468
0.971684
0.971224
0.971957
0.972243
0.971317
0.971143
0.970533
0.971206
0.972146
0.972522
0.971543
0.971047
0.971147
0.970797
0.971964
0.97119
0.972784
0.973108
0.970499
0.97265
0.970733
0.971407
0.971518
0.971469
0.970138
0.96966
0.971475
0.971777
0.972206
0.973214
0.971601
0.971709
0.972299
0.970014
0.972189
0.972066
0.972093
0.971111
0.971755
0.96991
0.970899
0.972759
0.973273
0.970769
0.971472
0.972767
0.971752
0.972587
0.973371
0.972202
0.972291
0.971317
0.971838
0.970619
0.971477
0.970724
0.969511
0.970926
0.973515
0.971421
0.969115
0.972322
0.971921
0.96948
0.971059
0.972337
0.972119
0.973341
0.971976
0.972528
0.971549
0.969639
0.972486
0.972955
0.970268
0.970378
0.97035
0.970995
0.973281
0.971288
0.97269
0.973202
0.971755
0.971894
0.971894
0.969638
0.97175
0.970494
0.971448
0.970863
0.972116
0.97061
0.971965
0.970283
0.971247
0.973659
0.97078
0.970526
0.972518
0.971865
0.972519
0.970825
0.971161
0.972661
0.970622
0.971048
0.971262
0.971032
0.970054
0.969987
0.969656
0.972504
0.970354
0.97103
0.971262
0.972636
0.971071
0.972931
0.97024
0.970763
0.972488
0.972517
0.97105
0.97186
0.974153
0.97358
0.970279
0.972205
0.973705
0.971563
0.970198
0.972164
0.970923
0.972886
0.970559
0.970549
0.971209
0.970901
0.972149
0.97225
0.970043
0.971708
0.97228
0.972549
0.971382
0.971609
0.971972
0.970076
0.972628
0.971219
0.970921
0.971126
0.97109
0.972405
0.969525
0.971206
0.971234
0.971424
0.970737
0.970867
0.970293
0.972145
0.970416
0.970613
0.972195
0.973604
0.971645
0.972197
0.972292
0.970132
0.971321
0.969766
0.971305
0.973187
0.97132
0.971198
0.971849
0.970735
0.972319
0.972499
0.969675
0.970583
0.972476
0.971431
0.970808
0.970295
0.972016
0.972162
0.971933
0.969368
0.972041
0.97179
0.971046
0.970918
0.971315
0.972064
0.971786
0.970946
0.97261
0.971544
0.970773
0.970498
0.970121
0.971501
0.972364
0.972625
0.971665
0.972103
0.971207
0.970939
0.970965
0.971972
0.971375
0.971738
0.97099
0.972572
0.971063
0.971775
0.972442
0.971977
0.971937
0.971051
0.971221
0.971409
0.971528
0.971919
0.970843
0.969375
0.971378
0.969842
0.970829
0.970641
0.970864
0.972404
0.971178
0.972272
0.970899
0.970365
0.970765
0.970785
0.971255
0.973179
0.971054
0.971671
0.969684
0.970451
0.972233
0.974118
0.971533
0.970957
0.970692
0.972126
0.973429
0.973051
0.971857
0.970437
0.97108
0.97157
0.972061
0.971866
0.972121
0.972106
0.971622
0.972842
0.970678
0.972608
0.971924
0.971081
0.972068
0.970615
0.972456
0.97151
0.971343
0.970706
0.971629
0.971938
0.970936
0.969381
0.972238
0.970427
0.971902
0.969942
0.971085
0.971077
0.970357
0.970553
0.972453
0.969776
0.971455
0.972665
0.970752
0.972223
0.971616
0.972293
0.971808
0.970468
0.971814
0.971441
0.970337
0.972233
0.970462
0.971664
0.972622
0.971609
0.971758
0.97091
0.96968
0.971265
0.973048
0.972245
0.971951
0.971421
0.97133
0.972017
0.970398
0.970095
0.971987
0.969306
0.972486
0.971299
0.969609
0.97107
0.970591
0.971664
0.971483
0.970511
0.969196
0.971525
0.972075
0.970169
0.971112
0.970465
0.970706
0.972976
0.972252
0.971391
0.970721
0.970183
0.972488
0.970534
0.971384
0.972357
0.970966
0.97331
0.971952
0.971494
0.972919
0.972855
0.970091
0.969894
0.97262
0.971954
0.970947
0.971607
0.970328
0.971741
0.971744
0.970913
0.970191
0.972129
0.970536
0.972732
0.969866
0.971667
0.971864
0.969778
0.972044
0.970292
0.971678
0.972778
0.971316
0.971268
0.973337
0.973559
0.972861
0.971922
0.972098
0.971995
0.971416
0.971037
0.973455
0.96915
0.970595
0.972977
0.971009
0.972818
0.972573
0.971632
0.971094
0.971613
0.972516
0.970664
0.97265
0.972141
0.971644
0.971087
0.970957
0.971429
0.970274
0.970864
0.971598
0.971469
0.971082
0.971899
0.971206
0.972245
0.973241
0.970741
0.972492
0.970988
0.970313
0.971937
0.971941
0.972127
0.971191
0.971565
0.971958
0.972065
0.971754
0.971643
0.971957
0.971951
0.970949
0.971186
0.971993
0.97033
0.970623
0.972259
0.971637
0.972687
0.973077
0.971397
0.971267
0.970698
0.972236
0.971707
0.969163
0.972034
0.97202
0.971636
0.97161
0.970966
0.97187
0.971584
0.971328
0.969379
0.970711
0.971616
0.969372
0.970182
0.972901
0.972366
0.972911
0.971414
0.972712
0.970815
0.971986
0.972384
0.971553
0.970576
0.972137
0.969904
0.971733
0.972612
0.972526
0.971621
0.97145
0.971068
0.971733
0.969778
0.972024
0.971566
0.971415
0.97125
0.970468
0.971547
0.972354
0.971081
0.972027
0.971569
0.970263
0.971427
0.970102
0.97188
0.970444
0.971729
0.972342
0.972484
0.970801
0.972573
0.971399
0.973393
0.970637
0.972392
0.971287
0.971718
0.969692
0.971056
0.97042
0.971538
0.969908
0.971579
0.972648
0.971707
0.972228
0.971935
0.970869
0.970633
0.971153
0.970285
0.973016
0.972083
0.971253
0.971096
0.97026
0.971241
0.971864
0.972033
0.970047
0.972754
0.972348
0.972409
0.97143
0.97272
0.971078
0.97288
0.971411
0.970438
0.972464
0.972019
0.970667
0.97207
0.972661
0.971442
0.972204
0.971079
0.971763
0.973599
0.970756
0.972368
0.972476
0.970587
0.973778
0.971454
0.970786
0.97121
0.97306
0.969808
0.973002
0.970343
0.970783
0.971845
0.970862
0.970906
0.971654
0.970784
0.969486
0.969854
0.971055
0.971208
0.974304
0.971931
0.971025
0.970106
0.971008
0.971973
0.972641
0.969457
0.969996
0.971251
0.97246
0.970974
0.972301
0.972137
0.971554
0.972136
0.970447
0.970845
0.972468
0.969677
0.97037
0.971561
0.972184
0.969606
0.971527
0.969697
0.969916
0.97208
0.96936
0.97178
0.970683
0.972029
0.971201
0.971955
0.970589
0.971908
0.971357
0.971719
0.972441
0.97122
0.969654
0.971938
0.970232
0.970896
0.972119
0.970754
0.97268
0.972258
0.970014
0.970115
0.974789
0.971054
0.972263
0.971179
0.971754
0.971522
0.970796
0.970874
0.972125
0.972526
0.972447
0.970648
0.970318
0.973124
0.971325
0.970332
0.970918
0.97167
0.971735
0.972769
0.970915
0.971615
0.970957
0.972544
0.972205
0.969769
0.972075
0.972038
0.972186
0.970809
0.971036
0.971044
0.970445
0.972049
0.970759
0.972411
0.971607
0.969122
0.972884
0.971302
0.970979
0.973038
0.971206
0.971222
0.971545
0.972245
0.968642
0.970852
0.972025
0.97076
0.972401
0.971179
0.970467
0.969602
0.971164
0.971065
0.972711
0.971862
0.970304
0.971558
0.97287
0.972515
0.971512
0.970591
0.969438
0.9722
0.971668
0.972051
0.973437
0.97198
0.971968
0.972012
0.973621
0.972354
0.97074
0.971801
0.97102
0.970418
0.972259
0.971067
0.970634
0.97247
0.970965
0.970186
0.96944
0.971615
0.969427
0.972706
0.973161
0.971786
0.971875
0.973353
0.972286
0.972096
0.97197
0.970058
0.971134
0.971806
0.970775
0.970645
0.971292
0.972095
0.973467
0.972002
0.970779
0.970971
0.971577
0.971413
0.970883
0.971148
0.972339
0.971505
0.972753
0.971984
0.971556
0.972885
0.971375
0.970469
0.972146
0.970478
0.973623
0.968791
0.971754
0.971818
0.970515
0.970695
0.970545
0.970777
0.971683
0.972446
0.971117
0.972707
0.968295
0.972084
0.971644
0.97156
0.972206
0.971453
0.971091
0.972539
0.971876
0.971217
0.970839
0.971047
0.97285
0.970915
0.970175
0.972271
0.972209
0.970157
0.970948
0.970485
0.971797
0.97196
0.971509
0.970985
0.970628
0.971773
0.972037
0.971547
0.973532
0.971117
0.971469
0.973282
0.969457
0.970903
0.972325
0.970569
0.970306
0.972373
0.973178
0.972205
0.974298
0.971745
0.971423
0.969991
0.97028
0.972184
0.971262
0.972245
0.971704
0.970514
0.971405
0.971522
0.971274
0.972553
0.972202
0.970868
0.970721
0.973044
0.97191
0.972407
0.970206
0.971017
0.972229
0.972505
0.972087
0.970527
0.972494
0.970792
0.971228
0.970735
0.971685
0.970721
0.970931
0.974013
0.970215
0.972145
0.972153
0.971185
0.971276
0.969254
0.972995
0.97084
0.972251
0.971213
0.971444
0.971701
0.97192
0.972244
0.972163
0.971276
0.971651
0.971358
0.970732
0.97156
0.972603
0.970188
0.972488
0.972315
0.971932
0.970093
0.971284
0.97202
0.970317
0.9713
0.969293
0.971178
0.970561
0.972858
0.972113
0.973069
0.972071
0.973595
0.972409
0.970683
0.972022
0.97168
0.970367
0.971483
0.97198
0.970998
0.973308
0.972632
0.971083
0.971959
0.972373
0.972088
0.970414
0.973028
0.973472
0.971295
0.970951
0.969449
0.972029
0.970905
0.971273
0.970886
0.971079
0.971381
0.972229
0.972842
0.969834
0.970452
0.972246
0.971872
0.971232
0.970641
0.972682
0.972526
0.972409
0.971116
0.97107
0.969991
0.971744
0.970596
0.971982
0.971389
0.971733
0.971349
0.971633
0.971344
0.971915
0.970967
0.970173
0.974201
0.972844
0.971825
0.972059
0.972885
0.9728
0.970496
0.971121
0.973346
0.971275
0.970982
0.972623
0.96983
0.972358
0.971606
0.971472
0.971127
0.970992
0.97367
0.969835
0.973107
0.970139
0.971991
0.970901
0.969319
0.971326
0.969836
0.973067
0.970352
0.972248
0.972023
0.973592
0.970207
0.972668
0.971119
0.972222
0.970009
0.972536
0.970973
0.970301
0.971204
0.97081
0.970389
0.971556
0.971464
0.972317
0.971655
0.970855
0.970828
0.971335
0.971013
0.970447
0.971006
0.972531
0.971254
0.970486
0.972984
0.972889
0.970582
0.972438
0.972291
0.972748
0.971957
0.970608
0.97248
0.97116
0.972185
0.97133
0.971615
0.971094
0.971017
0.972396
0.971951
0.971138
0.971358
0.971693
0.970617
0.971026
0.972184
0.969579
0.970146
0.971643
0.970365
0.971212
0.971229
0.973117
0.971471
0.971114
0.971825
0.971735
0.970394
0.97279
0.97166
0.97075
0.971484
0.97174
0.970842
0.971507
0.972606
0.971571
0.972318
0.972599
0.972365
0.971121
0.972819
0.971828
0.972378
0.97328
0.972659
0.972316
0.972123
0.970116
0.971276
0.970334
0.972812
0.972236
0.970106
0.972846
0.971336
0.97223
0.972378
0.969895
0.971513
0.971988
0.971265
0.970004
0.971972
0.970652
0.971757
0.971636
0.970592
0.970403
0.971949
0.973023
0.972172
0.969671
0.971859
0.970856
0.973045
0.972402
0.972658
0.972354
0.972055
0.971414
0.97315
0.972655
0.972021
0.971725
0.972469
0.971557
0.971841
0.971753
0.972305
0.970917
0.970734
0.972257
0.971468
0.969226
0.97257
0.970614
0.970398
0.97128
0.970972
0.971923
0.969702
0.972324
0.971189
0.971277
0.972519
0.969765
0.973496
0.971438
0.971435
0.969798
0.972124
0.970481
0.969787
0.970199
0.971121
0.972096
0.970783
0.972181
0.971037
0.971272
0.972368
0.972627
0.972784
0.970889
0.970333
0.971112
0.970279
0.971125
0.972082
0.971467
0.973339
0.972588
0.972017
0.971197
0.971351
0.972757
0.970657
0.969709
0.973154
0.969741
0.969339
0.971317
0.971783
0.972237
0.971451
0.970329
0.972714
0.969933
0.970604
0.972286
0.971558
0.972528
0.969446
0.974573
0.971011
0.971852
0.972544
0.971416
0.97181
0.972751
0.972113
0.96995
0.970989
0.970108
0.971213
0.971685
0.971679
0.971507
0.970421
0.970593
0.972411
0.970709
0.97021
0.970969
0.971106
0.97178
0.972387
0.971526
0.973302
0.97032
0.9723
0.969548
0.97119
0.972144
0.970324
0.97091
0.971452
0.971987
0.971899
0.97331
0.97147
0.971154
0.973735
0.97081
0.969728
0.971137
0.97074
0.972135
0.971609
0.971538
0.972148
0.970958
0.969847
0.970816
0.970916
0.970861
0.972001
0.970218
0.971804
0.971633
0.972039
0.972256
0.97163
0.972105
0.972416
0.972139
0.970867
0.971514
0.970679
0.971312
0.96993
0.971396
0.970096
0.971039
0.97112
0.971551
0.971019
0.972121
0.970404
0.971136
0.973197
0.969806
0.972169
0.972328
0.971097
0.97031
0.970767
0.971314
0.970944
0.970577
0.971456
0.972015
0.971327
0.973035
0.97064
0.971685
0.970486
0.970689
0.970235
0.971336
0.971361
0.970868
0.973136
0.971803
0.970965
0.971041
0.97039
0.971348
0.971893
0.970588
0.971737
0.971578
0.97039
0.973495
0.970917
0.970141
0.971364
0.973362
0.971058
0.968882
0.971682
0.970902
0.972109
0.972392
0.97193
0.97145
0.970977
0.972515
0.971225
0.971302
0.972044
0.97078
0.970121
0.970609
0.972063
0.97059
0.972608
0.970013
0.972182
0.971319
0.972069
0.971354
0.971196
0.97183
0.970611
0.971597
0.97099
0.970483
0.973175
0.970446
0.973744
0.97124
0.970653
0.970828
0.972976
0.970344
0.972054
0.969878
0.970097
0.970743
0.973361
0.969653
0.971545
0.971632
0.974119
0.970753
0.97175
0.971646
0.971956
0.970826
0.971127
0.970294
0.972217
0.970729
0.971287
0.972033
0.970404
0.969706
0.971807
0.97276
0.972858
0.972167
0.970575
0.971026
0.97169
0.970688
0.972304
0.970455
0.972199
0.971596
0.971528
0.973175
0.971831
0.9722
0.972756
0.972065
0.972881
0.97147
0.970879
0.972752
0.973072
0.973605
0.971903
0.969343
0.971898
0.971933
0.972218
0.970315
0.971587
0.972016
0.96981
0.971919
0.971397
0.972103
0.972125
0.971686
0.971559
0.971276
0.970922
0.9734
0.971952
0.969779
0.971387
0.971993
0.970869
0.971835
0.97219
0.972565
0.972607
0.972982
0.972506
0.970561
0.972164
0.971194
0.971191
0.973644
0.972312
0.972971
0.97011
0.971564
0.971629
0.971237
0.97181
0.972924
0.972719
0.969894
0.970519
0.97174
0.971217
0.971582
0.972254
0.971769
0.972827
0.969749
0.971789
0.971813
0.972714
0.971164
0.970549
0.97095
0.970657
0.972262
0.972419
0.971068
0.971789
0.970199
0.970375
0.971201
0.97218
0.972446
0.971321
0.971207
0.970262
0.972256
0.971501
0.971898
0.97179
0.972192
0.971986
0.972125
0.970484
0.970246
0.97031
0.969428
0.971298
0.971117
0.97231
0.971807
0.9722
0.971345
0.971216
0.972938
0.971909
0.973065
0.971341
0.971897
0.969905
0.973406
0.97329
0.971774
0.970356
0.97137
0.970133
0.972224
0.970007
0.971992
0.97117
0.973264
0.972605
0.969919
0.970528
0.970529
0.971888
0.973312
0.972806
0.970068
0.971682
0.969936
0.972706
0.971085
0.970946
0.972146
0.970903
0.972276
0.969888
0.971019
0.971365
0.971515
0.970907
0.972208
0.971009
0.969892
0.971106
0.971384
0.970931
0.971126
0.971673
0.971398
0.970319
0.972386
0.971306
0.971935
0.970159
0.970852
0.971595
0.970906
0.973585
0.96991
0.971986
0.971844
0.974144
0.970866
0.971758
0.971048
0.972433
0.970218
0.971941
0.972537
0.972878
0.971768
0.972287
0.970356
0.971236
0.971754
0.972056
0.971339
0.971953
0.971635
0.97294
0.971515
0.97162
0.971592
0.972551
0.971474
0.972304
0.973216
0.971457
0.97365
0.970215
0.972082
0.973751
0.970746
0.973115
0.973637
0.971571
0.972117
0.97207
0.971072
0.97138
0.970305
0.969952
0.969785
0.971733
0.971182
0.971257
0.971882
0.96975
0.971433
0.971098
0.970239
0.970808
0.972867
0.971608
0.972775
0.971646
0.971616
0.971088
0.972024
0.971885
0.971824
0.972819
0.971459
0.971426
0.971382
0.971104
0.971303
0.972221
0.972055
0.971295
0.972111
0.970806
0.971823
0.971471
0.970123
0.971411
0.971367
0.971092
0.972374
0.972284
0.971735
0.97135
0.969835
0.971503
0.970597
0.972226
0.970764
0.971607
0.971255
0.972701
0.971134
0.971183
0.971134
0.97154
0.971899
0.972097
0.970693
0.970946
0.973372
0.971277
0.970875
0.971386
0.971451
0.972726
0.971991
0.972378
0.972515
0.971017
0.970253
0.96971
0.971829
0.971903
0.969951
0.969263
0.97254
0.972034
0.971867
0.971726
0.971394
0.971016
0.971716
0.971716
0.971802
0.971635
0.969632
0.97399
0.970917
0.970497
0.972198
0.97406
0.972901
0.970022
0.970932
0.971519
0.971695
0.971002
0.971302
0.971415
0.973657
0.974201
0.97238
0.969456
0.972179
0.970712
0.972706
0.971788
0.97098
0.969923
0.971689
0.970248
0.972323
0.971887
0.972075
0.971861
0.970914
0.971554
0.97077
0.973323
0.971569
0.971907
0.972118
0.97095
0.971271
0.972849
0.971635
0.971004
0.970987
0.971794
0.97034
0.971699
0.971778
0.971503
0.97
0.971012
0.969912
0.97179
0.971433
0.971441
0.973297
0.972661
0.972446
0.971063
0.972375
0.970974
0.971239
0.97107
0.972545
0.971968
0.972011
0.971322
0.970551
0.971007
0.971465
0.971247
0.972111
0.97135
0.971561
0.971375
0.972247
0.969875
0.971835
0.971366
0.97072
0.973094
0.971985
0.971768
0.971447
0.97114
0.972053
0.970097
0.970773
0.971294
0.970423
0.971067
0.972554
0.972762
0.972058
0.971784
0.97114
0.971177
0.971483
0.971625
0.971156
0.972739
0.970783
0.972678
0.971955
0.970753
0.972094
0.970781
0.971511
0.972322
0.971689
0.971214
0.972417
0.97152
0.971078
0.97202
0.971889
0.972515
0.971163
0.971895
0.970007
0.970117
0.972073
0.970882
0.970948
0.97227
0.971691
0.971529
0.969931
0.969356
0.971842
0.972721
0.971042
0.972874
0.971903
0.97113
0.971799
0.971733
0.972
0.970636
0.971317
0.970591
0.969985
0.972544
0.973721
0.970689
0.972701
0.971162
0.97091
0.971291
0.971672
0.96996
0.972676
0.971173
0.970745
0.973496
0.971739
0.971184
0.972672
0.971839
0.971825
0.970601
0.972106
0.972965
0.972689
0.972188
0.971245
0.971617
0.972078
0.973551
0.971964
0.969922
0.97063
0.971738
0.970111
0.971099
0.970409
0.970542
0.970589
0.970492
0.972661
0.970543
0.973057
0.970689
0.971426
0.972647
0.970576
0.971451
0.970887
0.970666
0.972592
0.970838
0.972207
0.971133
0.971065
0.971441
0.970629
0.972316
0.972758
0.971295
0.969066
0.970739
0.971578
0.970612
0.9711
0.971355
0.971454
0.97189
0.972197
0.968531
0.971597
0.969565
0.971176
0.969983
0.972023
0.971971
0.973718
0.971389
0.971198
0.970665
0.971142
0.971486
0.972292
0.972145
0.972988
0.970543
0.970467
0.971065
0.970894
0.973014
0.971024
0.970963
0.971113
0.971718
0.97116
0.970176
0.972546
0.972843
0.971491
0.972011
0.972438
0.971879
0.970846
0.970342
0.973295
0.970358
0.97216
0.970221
0.972972
0.971249
0.972237
0.972259
0.971751
0.9732
0.971891
0.970871
0.972612
0.973165
0.972087
0.971416
0.969114
0.972519
0.96858
0.969944
0.970208
0.971027
0.969333
0.972172
0.97275
0.971776
0.972053
0.971844
0.972103
0.969675
0.970646
0.969294
0.971567
0.973054
0.972217
0.97172
0.971394
0.971129
0.970711
0.972034
0.971442
0.971528
0.970519
0.971908
0.971363
0.971099
0.970259
0.971475
0.970403
0.971681
0.971034
0.972487
0.970354
0.973426
0.969698
0.970171
0.970879
0.971966
0.971874
0.971948
0.971894
0.972225
0.971188
0.972398
0.971272
0.970882
0.970868
0.970346
0.971768
0.971778
0.972577
0.971015
0.970118
0.970072
0.970625
0.972401
0.971696
0.970193
0.971399
0.970915
0.97077
0.970311
0.971841
0.971339
0.973808
0.971861
0.97086
0.972967
0.971549
0.971374
0.970986
0.970981
0.971849
0.971587
0.972207
0.969105
0.972441
0.97058
0.970209
0.972071
0.973139
0.971602
0.972299
0.969568
0.971953
0.971837
0.971826
0.971202
0.972112
0.968952
0.973235
0.970614
0.969749
0.971268
0.970715
0.971782
0.971613
0.97223
0.971503
0.971049
0.971016
0.9728
0.972147
0.970651
0.970724
0.97018
0.970855
0.971482
0.970798
0.972504
0.972212
0.972089
0.972011
0.970657
0.970672
0.972213
0.97068
0.970628
0.974318
0.97255
0.972057
0.970618
0.972654
0.970318
0.972047
0.971623
0.969247
0.971419
0.969843
0.971154
0.970786
0.97162
0.972055
0.971525
0.971773
0.970172
0.971747
0.971984
0.970888
0.970419
0.972686
0.971602
0.971686
0.970192
0.970296
0.973614
0.972361
0.970874
0.97106
0.970971
0.970473
0.9718
0.971616
0.971055
0.97093
0.973159
0.971671
0.97144
0.972569
0.970547
0.971237
0.970335
0.969771
0.970101
0.971842
0.970905
0.971579
0.972253
0.97211
0.971792
0.970815
0.97035
0.970433
0.972776
0.970465
0.971983
0.972322
0.969817
0.973209
0.971846
0.971515
0.970046
0.969812
0.97073
0.969692
0.971925
0.972114
0.974027
0.970136
0.971751
0.97166
0.971581
0.971214
0.970854
0.971395
0.971391
0.970056
0.973741
0.971858
0.96995
0.972022
0.970202
0.97138
0.970717
0.974637
0.970534
0.972249
0.972879
0.970113
0.972795
0.972072
0.97241
0.97159
0.971437
0.971392
0.968663
0.973659
0.970028
0.969687
0.971725
0.971786
0.971226
0.972346
0.968763
0.972511
0.972167
0.9725
0.96967
0.97096
0.972584
0.971605
0.972109
0.970056
0.972353
0.971648
0.973392
0.969506
0.97249
0.971589
0.971619
0.973141
0.972249
0.972097
0.971591
0.970099
0.970428
0.97116
0.971091
0.971787
0.971922
0.972858
0.97022
0.969641
0.972813
0.972102
0.970396
0.972519
0.971158
0.97152
0.970625
0.971842
0.972543
0.971069
0.971539
0.972936
0.972805
0.971013
0.97014
0.971292
0.971794
0.975065
0.972666
0.97159
0.970612
0.97094
0.970828
0.971866
0.97016
0.971113
0.972832
0.971696
0.971382
0.973292
0.971451
0.970936
0.970417
0.970359
0.9713
0.970926
0.971706
0.971717
0.972064
0.97316
0.970376
0.971344
0.969885
0.971419
0.971488
0.968871
0.971042
0.971368
0.971653
0.971219
0.97065
0.971497
0.972259
0.971134
0.971028
0.971082
0.971404
0.971987
0.971893
0.972246
0.973048
0.968392
0.970005
0.971109
0.972011
0.969554
0.970811
0.971637
0.971083
0.97054
0.969571
0.97197
0.970525
0.972298
0.971874
0.973661
0.971685
0.971342
0.97201
0.972379
0.970611
0.97127
0.971486
0.971844
0.971648
0.972654
0.970309
0.972435
0.970685
0.972067
0.972209
0.973846
0.97253
0.970891
0.972912
0.970374
0.970943
0.973297
0.969132
0.970465
0.97087
0.971768
0.969391
0.971137
0.972554
0.970537
0.97119
0.974332
0.971268
0.970563
0.971832
0.972541
0.972239
0.972981
0.970685
0.97035
0.971026
0.972404
0.97076
0.970242
0.971525
0.972806
0.972136
0.972999
0.970568
0.969485
0.972022
0.972291
0.970474
0.973492
0.971213
0.971481
0.973914
0.968859
0.972569
0.969729
0.970037
0.971212
0.972443
0.972483
0.971088
0.971737
0.972223
0.972803
0.971592
0.971774
0.970891
0.970611
0.971238
0.971218
0.969717
0.971392
0.972871
0.973315
0.971272
0.970938
0.971166
0.971987
0.972766
0.973125
0.97243
0.971063
0.970655
0.970746
0.972389
0.969895
0.970533
0.970366
0.971038
0.973234
0.972488
0.971823
0.971704
0.971007
0.970345
0.972888
0.972659
0.972417
0.97257
0.972264
0.970728
0.971075
0.97122
0.97226
0.972493
0.971371
0.970443
0.96909
0.972791
0.972712
0.97315
0.971836
0.971223
0.971925
0.969031
0.971299
0.970708
0.972333
0.972369
0.972104
0.971988
0.970572
0.972347
0.971768
0.97077
0.971519
0.973415
0.971208
0.972339
0.971219
0.970995
0.969963
0.972798
0.971473
0.971646
0.971816
0.971124
0.973469
0.970779
0.970822
0.970747
0.97182
0.97067
0.970657
0.971477
0.971729
0.971525
0.970681
0.972088
0.970513
0.972495
0.972071
0.97143
0.971847
0.970147
0.971435
0.970399
0.972185
0.970844
0.971539
0.971555
0.969695
0.970557
0.971861
0.970798
0.970911
0.972592
0.971357
0.971053
0.972212
0.972041
0.971417
0.970324
0.973347
0.970411
0.970307
0.970073
0.971092
0.970183
0.971989
0.971897
0.972513
0.972308
0.972762
0.971897
0.970989
0.972315
0.970545
0.969596
0.970157
0.970081
0.970681
0.972371
0.971381
0.970582
0.972685
0.970242
0.970412
0.971289
0.971777
0.971413
0.973506
0.972439
0.971567
0.969219
0.971398
0.973567
0.97117
0.972001
0.972646
0.969916
0.972691
0.972259
0.971205
0.96995
0.972532
0.971457
0.971757
0.970165
0.971726
0.972576
0.972714
0.971555
0.970706
0.971345
0.970756
0.971586
0.972537
0.971366
0.968762
0.971569
0.971639
0.970099
0.971636
0.97151
0.972814
0.972795
0.970704
0.971879
0.972783
0.972484
0.972508
0.972269
0.971456
0.971579
0.970183
0.971855
0.970931
0.970693
0.971077
0.970998
0.971745
0.970381
0.971479
0.972501
0.971364
0.969589
0.972559
0.972382
0.971299
0.971574
0.971225
0.97182
0.973258
0.972319
0.972091
0.972319
0.971446
0.97143
0.971325
0.970103
0.969874
0.970464
0.971366
0.970129
0.972086
0.971815
0.97048
0.971151
0.970212
0.971864
0.970452
0.970582
0.972
0.972905
0.973014
0.971651
0.971693
0.972616
0.970465
0.971287
0.971378
0.971187
0.971284
0.972155
0.970804
0.971354
0.971525
0.972415
0.971563
0.97065
0.970508
0.971869
0.973064
0.970517
0.972864
0.971379
0.970042
0.974706
0.972668
0.971714
0.971119
0.973128
0.970357
0.973001
0.972384
0.970786
0.972655
0.971773
0.970424
0.972199
0.972327
0.971063
0.972908
0.972093
0.972027
0.972202
0.971543
0.971598
0.970826
0.970631
0.973206
0.971331
0.97081
0.971507
0.970901
0.972894
0.970639
0.971009
0.970891
0.970022
0.971313
0.9709
0.969741
0.970441
0.971619
0.971996
0.971415
0.971523
0.97229
0.971462
0.971957
0.971625
0.971194
0.970197
0.97221
0.972085
0.972003
0.972149
0.971935
0.971937
0.970519
0.972532
0.9699
0.970988
0.974786
0.970134
0.971582
0.972678
0.97168
0.971448
0.971224
0.970672
0.970395
0.972839
0.971462
0.971601
0.972257
0.972891
0.970613
0.971924
0.972503
0.97081
0.97155
0.973627
0.971099
0.971187
0.971462
0.97265
0.973043
0.972112
0.971779
0.969798
0.97191
0.973842
0.968567
0.9732
0.972323
0.972183
0.970261
0.971344
0.971308
0.973308
0.969736
0.970729
0.971645
0.972731
0.970112
0.97133
0.97138
0.971289
0.971288
0.974225
0.972407
0.970465
0.971955
0.971551
0.971817
0.973149
0.970008
0.972017
0.972331
0.968985
0.972666
0.970823
0.971326
0.97129
0.970968
0.972966
0.972414
0.970874
0.971818
0.971415
0.971671
0.971609
0.972203
0.972191
0.972786
0.970313
0.971417
0.970535
0.972086
0.972542
0.971969
0.972812
0.972739
0.971641
0.97242
0.971767
0.970641
0.970661
0.970193
0.969601
0.971536
0.970723
0.971846
0.970025
0.971602
0.97193
0.971751
0.970842
0.971329
0.972595
0.972592
0.97133
0.970244
0.972845
0.971435
0.971683
0.971215
0.971408
0.971145
0.970737
0.971227
0.971661
0.971404
0.970422
0.969669
0.970078
0.970743
0.971055
0.970299
0.971504
0.971167
0.971844
0.970136
0.972417
0.971898
0.970272
0.970873
0.970124
0.972104
0.969893
0.972337
0.971533
0.971326
0.972666
0.970694
0.972609
0.972979
0.971936
0.972992
0.971122
0.970302
0.973757
0.97009
0.971503
0.971541
0.970714
0.971035
0.969852
0.96974
0.96987
0.971356
0.971839
0.970429
0.969845
0.970106
0.970923
0.971407
0.972659
0.971544
0.970444
0.971578
0.972512
0.970874
0.972491
0.971313
0.970447
0.971765
0.971916
0.972084
0.971646
0.971698
0.972746
0.97269
0.972616
0.971474
0.972031
0.971402
0.971598
0.971433
0.969707
0.970544
0.971546
0.971909
0.973673
0.971834
0.971654
0.971772
0.971784
0.97202
0.972061
0.97197
0.972492
0.972503
0.972492
0.972629
0.970582
0.972422
0.97126
0.971927
0.970513
0.971201
0.972331
0.970966
0.970837
0.971313
0.970794
0.972293
0.96964
0.970012
0.972179
0.970001
0.971891
0.970518
0.972215
0.972035
0.972637
0.971558
0.970491
0.972905
0.972267
0.971997
0.971435
0.973508
0.969955
0.972074
0.970246
0.972279
0.971522
0.970953
0.970248
0.972472
0.972058
0.971165
0.971385
0.971725
0.972062
0.972237
0.97201
0.971237
0.970965
0.972526
0.973978
0.971668
0.971834
0.97272
0.971913
0.97267
0.970524
0.971946
0.9707
0.970835
0.970654
0.972284
0.970205
0.970853
0.970341
0.971273
0.971408
0.971461
0.972217
0.971708
0.973039
0.972187
0.97269
0.971932
0.970793
0.97219
0.971906
0.972002
0.971753
0.969251
0.972644
0.971593
0.972277
0.971841
0.972615
0.972223
0.97095
0.972087
0.970522
0.97204
0.970645
0.971267
0.970948
0.971998
0.971003
0.970539
0.97102
0.972401
0.969808
0.97169
0.969566
0.971203
0.971359
0.972703
0.968974
0.971002
0.970593
0.971972
0.97227
0.970884
0.969445
0.971248
0.972524
0.972152
0.970683
0.970953
0.971538
0.969885
0.972048
0.972152
0.972644
0.971937
0.970665
0.970548
0.969917
0.971482
0.970749
0.970257
0.971003
0.970922
0.971881
0.970956
0.970816
0.972392
0.971038
0.973911
0.970221
0.971636
0.971986
0.971532
0.972801
0.972473
0.972175
0.971292
0.972304
0.971963
0.971393
0.971473
0.972215
0.970613
0.970884
0.97151
0.971547
0.973509
0.971987
0.97146
0.971629
0.972816
0.971455
0.971621
0.971233
0.972131
0.971121
0.971966
0.972271
0.970645
0.970667
0.971014
0.97222
0.971985
0.971343
0.972144
0.971393
0.971263
0.970576
0.971796
0.973385
0.972109
0.971058
0.970822
0.970168
0.972863
0.972435
0.970418
0.971738
0.972229
0.971292
0.970202
0.972379
0.972188
0.973205
0.971558
0.970676
0.970957
0.970736
0.970377
0.971163
0.970766
0.971465
0.971745
0.970995
0.97284
0.970435
0.972225
0.972334
0.970171
0.972479
0.971074
0.971368
0.970752
0.972217
0.971661
0.97254
0.971767
0.970897
0.969951
0.971071
0.972497
0.972038
0.972329
0.972102
0.972137
0.971079
0.971158
0.973089
0.972385
0.970592
0.97143
0.971666
0.971804
0.972865
0.971068
0.971477
0.971545
0.97101
0.970933
0.970916
0.970624
0.972254
0.970359
0.970534
0.971918
0.971593
0.9699
0.970631
0.972083
0.971441
0.971015
0.971014
0.971244
0.971151
0.97341
0.969812
0.970872
0.973435
0.971283
0.972106
0.97335
0.971145
0.97082
0.972331
0.972412
0.972528
0.971826
0.971733
0.971154
0.972424
0.970736
0.972057
0.971754
0.971945
0.970753
0.972449
0.971439
0.9718
0.971094
0.971206
0.971191
0.969631
0.970705
0.972502
0.971582
0.971898
0.971045
0.972232
0.97151
0.970841
0.971999
0.97219
0.971466
0.971877
0.971824
0.972279
0.972461
0.971485
0.971929
0.971039
0.969609
0.970676
0.970573
0.970307
0.972686
0.97242
0.971182
0.971585
0.971253
0.970719
0.9715
0.971558
0.970001
0.971706
0.972091
0.971339
0.971723
0.971769
0.969418
0.973795
0.971642
0.970885
0.97089
0.970252
0.972545
0.971398
0.96967
0.969986
0.972981
0.97248
0.971738
0.971299
0.972146
0.971627
0.97155
0.971967
0.971918
0.971864
0.971549
0.970448
0.970001
0.970695
0.972677
0.97063
0.972148
0.972152
0.971695
0.970451
0.971648
0.972199
0.97038
0.972317
0.970144
0.971192
0.971323
0.970594
0.971933
0.971102
0.970873
0.972789
0.971302
0.97093
0.971588
0.971854
0.970352
0.970873
0.971404
0.971996
0.97111
0.971723
0.971657
0.970646
0.971589
0.971403
0.971277
0.971664
0.971313
0.972936
0.973959
0.972748
0.972464
0.970508
0.971743
0.97142
0.971342
0.9704
0.972647
0.972088
0.971008
0.970228
0.972336
0.969678
0.971373
0.970694
0.970761
0.971325
0.97119
0.972215
0.970944
0.971534
0.972868
0.971042
0.970736
0.972195
0.972552
0.971136
0.972255
0.973089
0.972446
0.971399
0.972124
0.970431
0.973075
0.970808
0.970518
0.971563
0.969249
0.972353
0.971722
0.971556
0.970818
0.970938
0.972862
0.972241
0.971965
0.971229
0.972495
0.970449
0.971512
0.969929
0.970149
0.972049
0.972449
0.970874
0.970127
0.970937
0.971638
0.971983
0.970825
0.97074
0.971448
0.969953
0.972562
0.971418
0.973196
0.971782
0.972155
0.973009
0.971294
0.971988
0.971786
0.973273
0.971447
0.971297
0.970633
0.971637
0.97041
0.970805
0.971188
0.971365
0.970508
0.971302
0.97297
0.970154
0.971173
0.970967
0.971857
0.971335
0.972911
0.973714
0.971625
0.971035
0.971593
0.971789
0.971102
0.972025
0.97459
0.972153
0.971985
0.972472
0.971874
0.969895
0.970565
0.970474
0.970896
0.97003
0.970264
0.97293
0.97173
0.971354
0.970669
0.969469
0.972326
0.969369
0.971557
0.971089
0.972529
0.972831
0.971551
0.969725
0.97225
0.971241
0.971351
0.970203
0.971889
0.971
0.971933
0.971198
0.970642
0.972786
0.972005
0.972348
0.971718
0.971021
0.971135
0.970287
0.971506
0.972127
0.971292
0.970896
0.973266
0.972192
0.971942
0.97206
0.972596
0.971259
0.972546
0.970892
0.972097
0.970971
0.973711
0.972064
0.970694
0.970975
0.970932
0.971373
0.971595
0.971105
0.971547
0.97014
0.969623
0.969634
0.97112
0.972349
0.972244
0.971201
0.969778
0.970389
0.971981
0.972959
0.973599
0.971109
0.970018
0.970596
0.970396
0.970713
0.97277
0.972616
0.97173
0.97186
0.970394
0.970726
0.971622
0.972348
0.968909
0.971342
0.971378
0.973067
0.971924
0.970659
0.971569
0.971892
0.97174
0.971233
0.972342
0.971919
0.972793
0.972437
0.971517
0.971878
0.971959
0.971694
0.972892
0.970766
0.973198
0.970836
0.97059
0.972221
0.971607
0.970513
0.970219
0.97196
0.971758
0.97055
0.97137
0.970493
0.9706
0.969543
0.971272
0.972015
0.970492
0.969982
0.972053
0.972768
0.972273
0.970112
0.970525
0.97053
0.971259
0.971628
0.970511
0.97171
0.971631
0.971442
0.973422
0.969474
0.971518
0.971123
0.971755
0.971968
0.971073
0.971517
0.971283
0.971248
0.971421
0.972144
0.970729
0.971034
0.971524
0.972277
0.971998
0.971512
0.969656
0.970795
0.970938
0.971471
0.972069
0.972075
0.971439
0.972368
0.971546
0.973095
0.971327
0.97026
0.970622
0.972857
0.970668
0.97174
0.96971
0.973063
0.971485
0.970654
0.97131
0.972296
0.969961
0.970861
0.971922
0.972204
0.970963
0.969934
0.969086
0.971295
0.971518
0.97175
0.969997
0.969743
0.971934
0.970432
0.970919
0.97222
0.971146
0.970521
0.970884
0.971467
0.970748
0.970958
0.971709
0.971422
0.971721
0.971034
0.970369
0.971175
0.973336
0.970017
0.972016
0.970179
0.972288
0.970822
0.9706
0.971615
0.971103
0.971042
0.972284
0.970432
0.971235
0.972395
0.971157
0.971958
0.971138
0.971303
0.971932
0.970855
0.97064
0.97191
0.972084
0.971106
0.9711
0.970764
0.972253
0.970589
0.970613
0.972989
0.971361
0.971731
0.971759
0.972233
0.970963
0.971338
0.971208
0.970792
0.970594
0.97154
0.971101
0.971771
0.97085
0.972895
0.970967
0.97042
0.971215
0.97221
0.972718
0.972797
0.970361
0.969864
0.971527
0.970095
0.970879
0.97232
0.97156
0.972233
0.971752
0.971231
0.970574
0.973838
0.973165
0.972018
0.971318
0.972606
0.970631
0.971348
0.971012
0.971076
0.972179
0.972095
0.971331
0.972296
0.972173
0.970954
0.97065
0.971328
0.972221
0.971025
0.971623
0.970911
0.972799
0.971285
0.97107
0.97164
0.971611
0.971402
0.971515
0.971782
0.970747
0.970673
0.970264
0.971039
0.971602
0.971895
0.971011
0.972188
0.969495
0.971399
0.972244
0.970464
0.971362
0.971407
0.970424
0.971605
0.970033
0.970886
0.970861
0.971388
0.970128
0.971964
0.972481
0.970329
0.972014
0.97257
0.970865
0.972516
0.973898
0.970503
0.969824
0.971346
0.971909
0.971328
0.971571
0.971835
0.971426
0.972647
0.972046
0.971621
0.97283
0.971926
0.971447
0.970409
0.97274
0.972326
0.971286
0.972308
0.97252
0.969663
0.971756
0.970637
0.970904
0.971118
0.972988
0.971797
0.970421
0.970967
0.970407
0.971161
0.972559
0.971351
0.970433
0.972525
0.972219
0.972003
0.972737
0.971416
0.972901
0.970619
0.97077
0.972342
0.970542
0.971912
0.971196
0.973405
0.971696
0.970434
0.971328
0.970028
0.971498
0.970955
0.972891
0.972017
0.97172
0.972316
0.971773
0.972585
0.970885
0.970951
0.971106
0.971442
0.971061
0.971201
0.970464
0.970492
0.97303
0.973182
0.97101
0.971015
0.970581
0.972885
0.971418
0.9707
0.972206
0.97363
0.971266
0.970959
0.972701
0.97117
0.971944
0.971776
0.971807
0.971904
0.970689
0.969783
0.970513
0.970387
0.972276
0.97195
0.970362
0.973183
0.970094
0.970889
0.974124
0.971812
0.971021
0.970202
0.972139
0.971437
0.971404
0.970754
0.97254
0.972508
0.970702
0.969736
0.970307
0.971876
0.970209
0.971802
0.970774
0.972347
0.972248
0.970657
0.971134
0.972595
0.971898
0.969202
0.971485
0.969501
0.971247
0.972038
0.973161
0.972538
0.971054
0.971956
0.97198
0.970846
0.971199
0.971754
0.970513
0.970587
0.970627
0.973149
0.971524
0.971195
0.970255
0.971973
0.97031
0.972641
0.970988
0.972089
0.970893
0.971134
0.971897
0.971408
0.971433
0.972113
0.971265
0.971691
0.970731
0.971267
0.97181
0.972132
0.971547
0.971544
0.971769
0.97261
0.971653
0.973202
0.971625
0.972089
0.973189
0.970329
0.972519
0.971493
0.970563
0.96984
0.971506
0.97308
0.972804
0.971104
0.972275
0.970331
0.969558
0.972156
0.972084
0.97144
0.970292
0.970285
0.972316
0.971766
0.971084
0.971518
0.971739
0.972109
0.971874
0.970227
0.97288
0.97253
0.973098
0.971159
0.971615
0.969823
0.972575
0.970383
0.97084
0.969195
0.969822
0.971785
0.971394
0.972656
0.97188
0.970615
0.972416
0.970794
0.971117
0.972595
0.970338
0.972469
0.970997
0.972712
0.971349
0.971327
0.970233
0.971124
0.972177
0.972273
0.973296
0.971588
0.971743
0.971055
0.970861
0.972421
0.970011
0.972601
0.973534
0.970325
0.970953
0.972154
0.970012
0.972185
0.970461
0.970077
0.971518
0.97124
0.970926
0.972202
0.970307
0.972768
0.970825
0.971097
0.970529
0.972421
0.971465
0.971215
0.970931
0.972201
0.972307
0.970201
0.972079
0.971091
0.971659
0.97234
0.971378
0.969658
0.971109
0.971502
0.971479
0.972056
0.969936
0.970609
0.972254
0.970332
0.969204
0.971551
0.971009
0.971355
0.972385
0.971786
0.970847
0.971446
0.971937
0.97277
0.969748
0.972479
0.973534
0.971293
0.971768
0.971211
0.970636
0.972053
0.971504
0.972374
0.970936
0.972701
0.971656
0.971863
0.972096
0.971658
0.971577
0.970269
0.972695
0.971337
0.969216
0.97045
0.971268
0.972206
0.971404
0.971021
0.9703
0.971694
0.972158
0.970774
0.972316
0.969578
0.972114
0.970597
0.970896
0.971523
0.970696
0.971418
0.971408
0.970122
0.971114
0.971083
0.970165
0.972295
0.972192
0.972216
0.972348
0.970463
0.971922
0.972425
0.972482
0.969117
0.972375
0.972346
0.969346
0.971206
0.97197
0.97179
0.97157
0.972427
0.972949
0.972339
0.97117
0.972198
0.9705
0.970274
0.973485
0.970891
0.970856
0.971221
0.972739
0.970694
0.971777
0.970946
0.971126
0.972158
0.971628
0.972895
0.973916
0.971447
0.973599
0.972685
0.970328
0.974975
0.969804
0.971202
0.972097
0.972847
0.972262
0.971695
0.972419
0.9713
0.970504
0.971275
0.97312
0.971659
0.971868
0.972889
0.972348
0.971748
0.971571
0.972797
0.973939
0.972813
0.971082
0.971368
0.971524
0.969726
0.970593
0.97099
0.969362
0.971748
0.970638
0.971934
0.970474
0.97226
0.970621
0.973215
0.972272
0.97114
0.972001
0.97188
0.970385
0.970464
0.97002
0.970814
0.970525
0.971268
0.970963
0.972351
0.971986
0.971396
0.972127
0.971845
0.970483
0.972596
0.970149
0.970379
0.970665
0.972796
0.968995
0.971037
0.972261
0.971203
0.970515
0.972085
0.972794
0.969615
0.972628
0.971678
0.971237
0.969912
0.968967
0.971507
0.971914
0.972401
0.972192
0.971096
0.971441
0.97176
0.970772
0.972669
0.970055
0.971626
0.971226
0.972784
0.970686
0.970744
0.97103
0.971083
0.971831
0.970561
0.970323
0.971989
0.970657
0.972607
0.972347
0.971003
0.971441
0.972705
0.972832
0.970307
0.973203
0.971307
0.970624
0.971591
0.972054
0.97084
0.969791
0.970807
0.97262
0.970043
0.971585
0.970344
0.970766
0.971836
0.973477
0.971024
0.97039
0.969205
0.971867
0.970536
0.974073
0.973539
0.970234
0.97068
0.972607
0.971058
0.971764
0.971585
0.971172
0.972209
0.97095
0.972706
0.972731
0.970613
0.970282
0.970503
0.972054
0.971433
0.972381
0.972626
0.971015
0.971217
0.971719
0.972749
0.972975
0.972486
0.972012
0.970524
0.971557
0.971238
0.971731
0.970596
0.970713
0.971802
0.970337
0.971908
0.971679
0.971972
0.972869
0.970916
0.971161
0.971792
0.970981
0.971321
0.970815
0.972734
0.970876
0.971399
0.970853
0.97209
0.970908
0.971826
0.970969
0.971509
0.971096
0.971283
0.971215
0.97189
0.971842
0.969994
0.97279
0.970191
0.972331
0.969628
0.971449
0.971978
0.971081
0.971439
0.970302
0.973084
0.970153
0.969944
0.970832
0.97263
0.971796
0.973905
0.972223
0.971666
0.971083
0.969406
0.971771
0.96992
0.971301
0.972094
0.973286
0.971799
0.970859
0.970458
0.971665
0.971617
0.971252
0.970982
0.971286
0.971579
0.971711
0.971013
0.972878
0.971651
0.971046
0.97097
0.971998
0.971759
0.97214
0.970773
0.971451
0.971099
0.972929
0.972068
0.971329
0.971951
0.971834
0.970217
0.971106
0.969571
0.971127
0.973552
0.972171
0.972274
0.972132
0.969924
0.971038
0.970481
0.970847
0.970285
0.971959
0.971719
0.971401
0.970828
0.971846
0.971439
0.972094
0.97076
0.971075
0.971166
0.971779
0.972024
0.971493
0.970597
0.971571
0.972558
0.971466
0.971781
0.972834
0.971451
0.972333
0.970633
0.971597
0.97011
0.970962
0.970122
0.972548
0.972073
0.97155
0.972546
0.972081
0.971211
0.973407
0.971965
0.972768
0.972683
0.971399
0.972005
0.970254
0.971279
0.969987
0.972697
0.970494
0.971203
0.970971
0.972784
0.971585
0.971528
0.969925
0.970859
0.972651
0.973186
0.972096
0.972653
0.972112
0.969715
0.972616
0.970302
0.9702
0.970203
0.972667
0.971004
0.972424
0.972563
0.972343
0.972546
0.970478
0.972342
0.972053
0.970819
0.972305
0.970585
0.971279
0.970329
0.969101
0.970177
0.971311
0.971698
0.971302
0.970827
0.971431
0.973363
0.970077
0.970671
0.972635
0.971698
0.970543
0.970667
0.970281
0.970477
0.971793
0.971484
0.971267
0.970838
0.972202
0.970169
0.972352
0.970764
0.972051
0.969596
0.970848
0.974243
0.972527
0.971499
0.970295
0.971015
0.970931
0.971738
0.971465
0.970465
0.972483
0.971052
0.971384
0.970352
0.971831
0.971471
0.973242
0.972512
0.972147
0.971234
0.97146
0.973243
0.972239
0.970906
0.971737
0.972317
0.972072
0.971124
0.971708
0.969277
0.972248
0.971803
0.9718
0.97137
0.972187
0.970928
0.972728
0.972111
0.971733
0.970736
0.970431
0.972856
0.971786
0.970482
0.97285
0.971593
0.971589
0.970497
0.970821
0.971813
0.97142
0.973105
0.970733
0.971132
0.970542
0.97068
0.971803
0.971312
0.970575
0.97071
0.970451
0.971634
0.971834
0.972592
0.970404
0.970681
0.972258
0.971662
0.97138
0.971422
0.972251
0.972634
0.971423
0.972335
0.9719
0.97027
0.971929
0.970549
0.969653
0.973312
0.97116
0.971894
0.970877
0.971662
0.970041
0.972573
0.970159
0.970002
0.970997
0.970813
0.970079
0.971383
0.971626
0.972304
0.972726
0.970999
0.972046
0.972293
0.971565
0.974356
0.970991
0.970712
0.970839
0.972058
0.970962
0.971176
0.973119
0.971638
0.971484
0.971179
0.970883
0.973247
0.970943
0.973404
0.972741
0.971688
0.971357
0.970871
0.97222
0.973028
0.971562
0.971474
0.972185
0.969414
0.969977
0.97287
0.973596
0.972495
0.972006
0.973111
0.972896
0.970845
0.972314
0.97091
0.97228
0.971684
0.970348
0.970024
0.971919
0.970251
0.971438
0.971224
0.972866
0.971758
0.97022
0.971445
0.969693
0.97148
0.973165
0.971731
0.97081
0.971995
0.968809
0.972342
0.97135
0.972746
0.970334
0.972924
0.971073
0.971306
0.971048
0.970839
0.971607
0.971373
0.969786
0.971522
0.971284
0.970093
0.971781
0.97155
0.972077
0.969987
0.971513
0.971416
0.970752
0.97121
0.970724
0.97165
0.971314
0.970918
0.974303
0.971245
0.971752
0.973092
0.972108
0.971475
0.973661
0.972279
0.972068
0.972102
0.968488
0.970066
0.970605
0.973195
0.971963
0.970841
0.970125
0.972267
0.971373
0.971347
0.971288
0.972613
0.971229
0.970979
0.972023
0.969863
0.971481
0.970824
0.972678
0.971308
0.971438
0.970849
0.971424
0.970422
0.971959
0.969391
0.971457
0.96979
0.970948
0.973565
0.971873
0.970758
0.971995
0.972192
0.970444
0.970407
0.971659
0.971104
0.971265
0.972005
0.970747
0.970407
0.971914
0.970294
0.970692
0.97083
0.97213
0.970729
0.970287
0.971503
0.972496
0.973015
0.971898
0.971516
0.971501
0.972244
0.971947
0.969659
0.972477
0.969636
0.969382
0.970847
0.970097
0.970534
0.971119
0.973176
0.972523
0.970655
0.972494
0.971856
0.971381
0.973191
0.971175
0.972144
0.971228
0.971893
0.972042
0.973524
0.972344
0.971617
0.969725
0.971079
0.972465
0.970234
0.972256
0.97168
0.970497
0.970131
0.972781
0.97254
0.970504
0.970901
0.971005
0.97121
0.972678
0.972343
0.971759
0.970728
0.971292
0.969335
0.971509
0.972662
0.971394
0.971664
0.973244
0.969857
0.970581
