1.02694
1.02778
1.02506
1.02732
1.02677
1.02695
1.02716
1.02659
1.02767
1.02656
1.02464
1.02885
1.02723
1.02596
1.02629
1.0265
1.02557
1.02784
1.02755
1.02657
1.02691
1.0271
1.02763
1.0261
1.02678
1.02667
1.02933
1.02682
1.02749
1.0272
1.02766
1.02738
1.02603
1.02779
1.02726
1.02802
1.02695
1.0262
1.02554
1.02643
1.02664
1.02521
1.02989
1.02791
1.02644
1.02696
1.02786
1.02718
1.02662
1.02755
1.02673
1.02826
1.02471
1.02833
1.02731
1.02902
1.02625
1.02751
1.02686
1.02636
1.0272
1.02848
1.02619
1.02621
1.02622
1.02593
1.0263
1.02773
1.02703
1.02585
1.02838
1.02848
1.02553
1.02658
1.02562
1.02774
1.0268
1.02599
1.02542
1.02585
1.0278
1.02845
1.02578
1.0281
1.02725
1.02629
1.02561
1.02721
1.02654
1.02721
1.02635
1.02745
1.02779
1.02825
1.02935
1.02734
1.02713
1.02719
1.02709
1.02669
1.02526
1.02804
1.02822
1.02765
1.02843
1.02622
1.02834
1.0289
1.02908
1.02795
1.02786
1.02757
1.02691
1.02723
1.02637
1.02757
1.0271
1.02585
1.027
1.02604
1.0266
1.02617
1.02728
1.0269
1.02829
1.02716
1.02882
1.02686
1.02843
1.02544
1.02618
1.02625
1.02738
1.02555
1.02643
1.02636
1.02708
1.02613
1.02472
1.02565
1.02759
1.02802
1.02551
1.02824
1.02611
1.02721
1.02691
1.02694
1.02628
1.02821
1.02605
1.02572
1.0255
1.02833
1.0254
1.02757
1.02737
1.02824
1.02807
1.02637
1.02818
1.02749
1.02656
1.02816
1.02651
1.02716
1.02621
1.02541
1.02766
1.02658
1.02703
1.02707
1.02652
1.02801
1.02585
1.02705
1.026
1.02655
1.02722
1.02599
1.02764
1.02856
1.02689
1.02676
1.02465
1.02646
1.02685
1.02712
1.02908
1.02716
1.0256
1.02533
1.02505
1.02942
1.02687
1.02712
1.02634
1.0285
1.02713
1.02538
1.0272
1.02729
1.02654
1.02859
1.02687
1.0298
1.02687
1.02639
1.0273
1.02564
1.02511
1.02758
1.0255
1.02561
1.02702
1.02768
1.02812
1.02748
1.02758
1.02613
1.02817
1.02779
1.02762
1.02539
1.02758
1.02767
1.0277
1.02578
1.02871
1.0275
1.02691
1.02673
1.02537
1.02705
1.02791
1.02712
1.02653
1.02641
1.02611
1.02708
1.02708
1.02655
1.02775
1.02453
1.02741
1.0259
1.02633
1.02567
1.02789
1.02564
1.02699
1.02624
1.02612
1.02725
1.02829
1.02595
1.02648
1.02741
1.02616
1.02808
1.02653
1.02859
1.0266
1.02531
1.02601
1.02643
1.02852
1.02766
1.02779
1.02592
1.02668
1.02683
1.02582
1.02632
1.02778
1.02651
1.02703
1.02665
1.02741
1.02553
1.02783
1.02858
1.02602
1.02864
1.02866
1.02646
1.02696
1.02777
1.02513
1.02711
1.02925
1.02687
1.0264
1.0291
1.02954
1.02551
1.02792
1.02698
1.02774
1.02623
1.02653
1.02849
1.02694
1.0271
1.027
1.02921
1.02659
1.02902
1.02725
1.02779
1.02601
1.02594
1.0268
1.02685
1.02716
1.0246
1.02659
1.02625
1.02641
1.02619
1.02763
1.02713
1.02815
1.02709
1.02609
1.02523
1.02737
1.02565
1.02684
1.02787
1.02781
1.02491
1.02634
1.02648
1.02667
1.02709
1.02708
1.02583
1.0277
1.02654
1.02678
1.02822
1.02781
1.02639
1.02798
1.02866
1.02593
1.02642
1.02799
1.02661
1.02685
1.027
1.02724
1.02822
1.02684
1.02576
1.02397
1.02623
1.02791
1.02582
1.02706
1.02775
1.02699
1.0263
1.02687
1.0255
1.02804
1.02824
1.02699
1.02628
1.02624
1.02631
1.02596
1.02592
1.02619
1.0275
1.02464
1.02631
1.02768
1.02821
1.02837
1.02747
1.02591
1.02551
1.02697
1.0282
1.02657
1.02788
1.0261
1.02722
1.0275
1.02666
1.02503
1.02469
1.02733
1.02705
1.02507
1.02757
1.027
1.02867
1.02643
1.02676
1.02549
1.02666
1.0287
1.02621
1.02749
1.02491
1.02743
1.02888
1.02563
1.02832
1.02601
1.02731
1.02556
1.02783
1.02651
1.02677
1.02884
1.02828
1.02601
1.02762
1.02733
1.0272
1.02766
1.02708
1.02657
1.02735
1.02674
1.02821
1.02924
1.02681
1.02705
1.02733
1.02821
1.0268
1.02744
1.02766
1.02776
1.02727
1.02619
1.02617
1.02607
1.02693
1.02797
1.02531
1.02634
1.02715
1.02673
1.02777
1.02603
1.02436
1.02508
1.02887
1.02652
1.02741
1.0273
1.02602
1.02752
1.02767
1.02716
1.02702
1.02713
1.0285
1.02756
1.02908
1.02847
1.02677
1.02577
1.02668
1.02736
1.02759
1.02719
1.02671
1.02551
1.02619
1.02632
1.02636
1.02642
1.02612
1.0288
1.02585
1.02798
1.0271
1.02523
1.02766
1.02818
1.02678
1.02779
1.02406
1.02636
1.02638
1.02558
1.02699
1.02666
1.02637
1.02935
1.02646
1.02694
1.02712
1.02666
1.0264
1.02673
1.02799
1.02746
1.0269
1.02551
1.02705
1.02837
1.02782
1.02711
1.0247
1.02628
1.02606
1.02766
1.02798
1.02886
1.02791
1.02595
1.02662
1.02599
1.02749
1.0258
1.02593
1.02603
1.02649
1.02803
1.02673
1.02576
1.02809
1.02687
1.02798
1.02758
1.02806
1.02741
1.02698
1.0263
1.02676
1.02781
1.02561
1.02651
1.02691
1.02678
1.02616
1.02678
1.02759
1.02745
1.02664
1.02675
1.02713
1.02591
1.02625
1.02604
1.02661
1.02977
1.02872
1.02738
1.02811
1.02695
1.02728
1.02722
1.02774
1.02649
1.02966
1.0271
1.02784
1.02802
1.02723
1.02627
1.02804
1.02846
1.02575
1.02738
1.02923
1.02778
1.02658
1.02719
1.02927
1.02938
1.02761
1.02701
1.02599
1.02662
1.02713
1.02669
1.02748
1.02667
1.0262
1.02716
1.0272
1.02558
1.02561
1.02709
1.02725
1.02716
1.02664
1.02729
1.02749
1.02725
1.02484
1.02758
1.02793
1.02784
1.026
1.02509
1.02719
1.02682
1.02778
1.02625
1.02649
1.02679
1.02816
1.02791
1.02842
1.02771
1.0271
1.02658
1.02856
1.02908
1.02707
1.02837
1.02697
1.02842
1.02798
1.02729
1.02541
1.02827
1.0266
1.02722
1.02571
1.02532
1.02724
1.02658
1.02743
1.02787
1.02691
1.02944
1.02816
1.02599
1.02665
1.02652
1.02608
1.02683
1.02524
1.02837
1.02508
1.02608
1.02703
1.02615
1.02714
1.02614
1.02855
1.02928
1.02708
1.02836
1.02688
1.02822
1.02756
1.02609
1.02781
1.02672
1.02643
1.02528
1.02722
1.0257
1.02517
1.02613
1.02696
1.02841
1.02889
1.02666
1.02816
1.0271
1.02794
1.0258
1.02617
1.02663
1.02433
1.02766
1.02685
1.02632
1.02666
1.02627
1.02603
1.02444
1.02607
1.02601
1.02677
1.02738
1.02599
1.02656
1.02897
1.02752
1.02613
1.026
1.02658
1.02653
1.02744
1.02806
1.02941
1.02715
1.02713
1.02619
1.02591
1.02757
1.02633
1.02602
1.02637
1.02725
1.02678
1.0262
1.02869
1.02375
1.02769
1.02829
1.02899
1.02775
1.0283
1.0288
1.02787
1.0272
1.02836
1.0277
1.02848
1.02788
1.0254
1.02798
1.02836
1.02717
1.02578
1.0259
1.02513
1.02682
1.02705
1.02815
1.02744
1.02761
1.0265
1.02604
1.0283
1.02745
1.02759
1.0271
1.02709
1.02676
1.02739
1.0269
1.02531
1.02809
1.02758
1.02555
1.02683
1.02851
1.02724
1.02753
1.02661
1.02722
1.0262
1.02612
1.02724
1.02634
1.02915
1.02737
1.02576
1.02728
1.02739
1.02733
1.02713
1.02809
1.02683
1.02535
1.02877
1.02574
1.0277
1.02865
1.02641
1.02618
1.02803
1.02465
1.02887
1.02813
1.02699
1.02655
1.02819
1.02865
1.02709
1.02675
1.02654
1.02701
1.02852
1.02697
1.02751
1.02489
1.02452
1.02679
1.02717
1.02623
1.02765
1.02603
1.02812
1.0272
1.02642
1.02698
1.02802
1.02788
1.02687
1.02787
1.02823
1.02708
1.02697
1.02854
1.02545
1.02679
1.02528
1.02772
1.02582
1.02752
1.02632
1.02753
1.02742
1.02716
1.02815
1.02928
1.02713
1.02795
1.02729
1.02569
1.02698
1.02568
1.02623
1.02799
1.02627
1.02811
1.02811
1.02581
1.0264
1.02687
1.02786
1.02794
1.02679
1.02657
1.02737
1.02759
1.02786
1.02723
1.02726
1.02578
1.02508
1.02584
1.02586
1.02738
1.02695
1.02581
1.02701
1.02767
1.02615
1.02676
1.02668
1.02724
1.02653
1.02746
1.02786
1.02772
1.02623
1.02685
1.02724
1.0259
1.02801
1.02754
1.02603
1.02707
1.02731
1.02758
1.02683
1.02678
1.02632
1.02617
1.02806
1.02962
1.02777
1.02579
1.02685
1.02831
1.02759
1.02703
1.02343
1.02741
1.02667
1.02684
1.0279
1.02699
1.02685
1.02634
1.02693
1.02616
1.02701
1.02741
1.02665
1.02908
1.02755
1.02702
1.02903
1.02751
1.02776
1.02725
1.02555
1.02833
1.028
1.02702
1.02874
1.02774
1.02823
1.02799
1.02625
1.0269
1.0272
1.02685
1.02818
1.02951
1.02851
1.02691
1.02659
1.02787
1.02658
1.02599
1.02728
1.02663
1.02733
1.02791
1.02738
1.0266
1.02663
1.0262
1.02801
1.02758
1.02547
1.0268
1.02832
1.02662
1.02611
1.02846
1.02835
1.02796
1.02661
1.02553
1.02718
1.02614
1.02771
1.02545
1.02513
1.02908
1.02779
1.02656
1.02702
1.02798
1.02735
1.02778
1.02651
1.0269
1.02727
1.02694
1.02857
1.02716
1.02674
1.02601
1.02576
1.02819
1.02711
1.02729
1.02692
1.02701
1.0256
1.02583
1.02763
1.02643
1.02656
1.02686
1.02827
1.02571
1.02865
1.0259
1.02658
1.02592
1.02634
1.02595
1.02775
1.02629
1.02691
1.02874
1.02575
1.02618
1.02688
1.02734
1.02717
1.02691
1.02791
1.02526
1.02591
1.02515
1.02745
1.02619
1.02784
1.02793
1.02774
1.02518
1.0276
1.02724
1.0279
1.02641
1.02732
1.02889
1.02797
1.02804
1.0275
1.02585
1.02822
1.02715
1.02689
1.02631
1.02752
1.02848
1.0268
1.02695
1.02613
1.02849
1.02597
1.02711
1.02704
1.02609
1.02919
1.02726
1.02669
1.02786
1.0286
1.02693
1.02668
1.02545
1.02722
1.0247
1.02618
1.02695
1.02771
1.02799
1.02546
1.02796
1.02766
1.02685
1.02518
1.02821
1.02998
1.02747
1.02581
1.02733
1.02857
1.02556
1.02789
1.02735
1.02723
1.02719
1.02768
1.02872
1.02779
1.02704
1.02695
1.02692
1.02638
1.02723
1.02979
1.02897
1.02678
1.02661
1.0286
1.02635
1.02546
1.02678
1.02825
1.02581
1.02703
1.02769
1.02644
1.02675
1.0275
1.02692
1.02811
1.02555
1.02613
1.02541
1.02606
1.02727
1.02717
1.02608
1.02761
1.02626
1.02732
1.02867
1.0276
1.02765
1.028
1.02525
1.02863
1.02873
1.02819
1.02734
1.02664
1.02833
1.02805
1.02783
1.02856
1.02639
1.02645
1.02794
1.02813
1.02497
1.02697
1.0256
1.02762
1.02811
1.0286
1.02551
1.02547
1.02655
1.02826
1.02848
1.02631
1.02716
1.02715
1.02812
1.02717
1.02647
1.02651
1.02671
1.02817
1.02564
1.02836
1.02494
1.02648
1.02705
1.02726
1.03087
1.02816
1.0256
1.02678
1.02621
1.0272
1.02444
1.02533
1.02613
1.02629
1.02621
1.02595
1.02671
1.02737
1.02704
1.02775
1.02788
1.02871
1.02785
1.02616
1.02817
1.02507
1.02651
1.02713
1.02492
1.02473
1.02564
1.02689
1.02643
1.02825
1.02727
1.0252
1.02625
1.02528
1.02564
1.02896
1.02707
1.02747
1.029
1.02931
1.02765
1.02597
1.026
1.02708
1.02873
1.02628
1.02629
1.0272
1.02648
1.02704
1.02496
1.02818
1.02526
1.02717
1.02709
1.02697
1.02628
1.02549
1.02808
1.02727
1.0257
1.02717
1.02588
1.0263
1.02766
1.02806
1.02677
1.02569
1.02897
1.02764
1.02753
1.02753
1.03003
1.02608
1.02644
1.02761
1.02751
1.02626
1.02702
1.02631
1.02755
1.0273
1.02782
1.02777
1.02457
1.02849
1.02745
1.02699
1.02854
1.02947
1.02647
1.02817
1.02744
1.02593
1.02613
1.02529
1.02716
1.02798
1.02684
1.02647
1.02598
1.02845
1.02914
1.02801
1.0251
1.02672
1.02592
1.02712
1.0261
1.02753
1.02826
1.02612
1.02724
1.0275
1.02543
1.02685
1.02416
1.02803
1.02675
1.02582
1.02638
1.02685
1.02665
1.02646
1.02686
1.02639
1.02743
1.02694
1.028
1.02623
1.02825
1.0265
1.02846
1.02893
1.02552
1.02749
1.0268
1.02539
1.02861
1.02694
1.02745
1.02678
1.02714
1.02794
1.02696
1.02776
1.02795
1.02698
1.0274
1.0257
1.02742
1.02542
1.02771
1.02817
1.02788
1.02604
1.02652
1.02654
1.02604
1.02661
1.02758
1.02615
1.02608
1.02728
1.02608
1.02746
1.02577
1.02633
1.02731
1.02683
1.02821
1.02713
1.02679
1.02618
1.02768
1.0279
1.02767
1.02589
1.02706
1.02811
1.0262
1.02782
1.02877
1.0255
1.02671
1.0276
1.02588
1.02514
1.02696
1.02647
1.02807
1.02769
1.02577
1.02651
1.02743
1.02791
1.02633
1.02685
1.02711
1.02758
1.02796
1.02535
1.02622
1.02703
1.02782
1.0263
1.02781
1.02754
1.02602
1.02745
1.02626
1.02816
1.02771
1.02692
1.02773
1.0263
1.02641
1.02685
1.02715
1.02612
1.02624
1.02387
1.02551
1.02656
1.02993
1.0287
1.02586
1.0274
1.02677
1.02585
1.02686
1.02702
1.0257
1.02692
1.0292
1.02619
1.02751
1.02603
1.02771
1.02505
1.02794
1.028
1.02773
1.02755
1.02695
1.02662
1.0256
1.02693
1.02698
1.02771
1.02764
1.02682
1.02645
1.02514
1.0272
1.02787
1.02719
1.02689
1.02761
1.02683
1.02796
1.02883
1.02867
1.02914
1.027
1.02727
1.02879
1.02608
1.02772
1.02605
1.02741
1.02773
1.02538
1.02505
1.02753
1.02664
1.02841
1.02633
1.02759
1.0259
1.02634
1.02792
1.02683
1.02755
1.02821
1.02602
1.02833
1.02748
1.02753
1.02835
1.02876
1.0262
1.02498
1.02856
1.02679
1.02778
1.02623
1.02834
1.02633
1.02705
1.0267
1.02707
1.02594
1.02601
1.02637
1.02568
1.02785
1.02759
1.02656
1.02538
1.02616
1.02744
1.02668
1.02704
1.02581
1.02929
1.02683
1.02535
1.02682
1.02784
1.02514
1.02726
1.02679
1.02851
1.02608
1.02629
1.02705
1.02712
1.02575
1.026
1.02629
1.02595
1.0275
1.02776
1.02601
1.02539
1.02807
1.02462
1.02689
1.02731
1.02639
1.0278
1.0274
1.02768
1.02855
1.03035
1.02776
1.02672
1.0254
1.0275
1.0274
1.02788
1.02774
1.0276
1.0269
1.02708
1.02735
1.02697
1.02802
1.02566
1.02597
1.02647
1.02631
1.02632
1.02655
1.02791
1.02744
1.0272
1.02617
1.02808
1.02766
1.02687
1.02714
1.02601
1.0271
1.02749
1.02736
1.02737
1.02805
1.02736
1.02828
1.02853
1.02602
1.02758
1.02795
1.02592
1.02741
1.02739
1.02821
1.02707
1.02499
1.02724
1.02541
1.02777
1.0278
1.02675
1.02811
1.02633
1.02697
1.02781
1.02717
1.02807
1.02701
1.02766
1.0275
1.02795
1.02733
1.02745
1.02775
1.02676
1.02724
1.02823
1.02652
1.02651
1.02716
1.02844
1.02757
1.02756
1.02685
1.02764
1.02624
1.02659
1.02613
1.02496
1.02561
1.02627
1.02579
1.02689
1.02669
1.02612
1.0271
1.02575
1.0282
1.02625
1.02759
1.0275
1.026
1.02647
1.02786
1.02709
1.02793
1.02679
1.02645
1.02738
1.02642
1.02512
1.02793
1.02685
1.02852
1.02715
1.02738
1.02646
1.0277
1.02601
1.02807
1.02834
1.02574
1.02532
1.02598
1.02619
1.02778
1.02769
1.02755
1.02866
1.02785
1.026
1.02733
1.02677
1.02829
1.02755
1.02837
1.0266
1.02754
1.02448
1.02593
1.02682
1.02784
1.02652
1.02803
1.02683
1.02723
1.02625
1.02743
1.02733
1.02703
1.02669
1.02629
1.02628
1.02464
1.02585
1.02711
1.02822
1.02567
1.02783
1.02846
1.02838
1.02611
1.02728
1.02735
1.02614
1.02748
1.02504
1.02499
1.02699
1.02647
1.02762
1.02661
1.0271
1.02766
1.02529
1.02636
1.02663
1.02888
1.02573
1.02736
1.02795
1.02656
1.02517
1.02638
1.02623
1.02759
1.02675
1.02595
1.02778
1.02654
1.02747
1.02797
1.02651
1.02626
1.0286
1.02669
1.02766
1.02871
1.02691
1.02591
1.02696
1.02731
1.02739
1.02698
1.0261
1.02505
1.0274
1.02684
1.02591
1.02724
1.02555
1.02648
1.02678
1.02716
1.02666
1.02675
1.02745
1.02763
1.02564
1.02798
1.02687
1.02828
1.0267
1.0271
1.0262
1.0282
1.02674
1.0266
1.02823
1.02667
1.02672
1.02799
1.02563
1.02842
1.02625
1.02641
1.02828
1.02664
1.02742
1.02625
1.02847
1.02812
1.0266
1.02773
1.02707
1.02776
1.02814
1.02638
1.02621
1.02797
1.02713
1.02919
1.02728
1.02595
1.02703
1.02674
1.02705
1.02689
1.02667
1.02709
1.02629
1.027
1.02772
1.02878
1.02755
1.02888
1.02624
1.02697
1.02725
1.02643
1.0291
1.0267
1.02665
1.02728
1.02669
1.03035
1.02644
1.02627
1.02792
1.0282
1.02534
1.02728
1.02709
1.02688
1.02795
1.02806
1.0283
1.02682
1.02699
1.02589
1.02615
1.0257
1.02586
1.02796
1.02711
1.02716
1.02672
1.02774
1.02603
1.02828
1.02691
1.0258
1.02651
1.02653
1.02655
1.02646
1.02686
1.02981
1.02731
1.02597
1.02573
1.02834
1.02655
1.02553
1.02645
1.02637
1.02745
1.02937
1.02738
1.02751
1.02752
1.02763
1.0295
1.02817
1.02753
1.0262
1.02689
1.02642
1.02876
1.02689
1.0276
1.02771
1.02637
1.02688
1.02735
1.02718
1.02736
1.0276
1.02752
1.02818
1.02609
1.02736
1.02744
1.02624
1.02878
1.02841
1.02847
1.0284
1.02773
1.02665
1.0263
1.02882
1.02654
1.02725
1.02766
1.02725
1.02837
1.02817
1.02658
1.02498
1.02696
1.0258
1.02878
1.02901
1.0272
1.02715
1.02564
1.02667
1.02699
1.02593
1.02549
1.02835
1.02589
1.02443
1.02866
1.02852
1.02655
1.02909
1.02713
1.02452
1.02639
1.02514
1.02757
1.02651
1.02403
1.02727
1.02633
1.02611
1.02677
1.02807
1.02749
1.02619
1.02491
1.02675
1.02888
1.02645
1.02738
1.024
1.02607
1.02642
1.02612
1.02631
1.02712
1.02825
1.02774
1.02684
1.02791
1.02737
1.02752
1.02559
1.02645
1.02819
1.02674
1.0277
1.02681
1.02755
1.02614
1.02627
1.02726
1.02768
1.02643
1.02736
1.02757
1.02741
1.02628
1.02664
1.02819
1.02722
1.0282
1.02734
1.02657
1.02597
1.02692
1.02696
1.0275
1.02782
1.02919
1.02659
1.02612
1.02677
1.0249
1.02675
1.02799
1.02886
1.02617
1.02524
1.02613
1.02611
1.02743
1.02709
1.02748
1.02844
1.02699
1.02795
1.02657
1.02529
1.0284
1.02701
1.02884
1.02629
1.02495
1.02653
1.02836
1.02698
1.02795
1.02787
1.02567
1.02661
1.02599
1.02663
1.02729
1.02651
1.02665
1.02549
1.0269
1.02731
1.02737
1.02799
1.0278
1.02695
1.02561
1.02574
1.02736
1.02646
1.0269
1.02606
1.02828
1.02592
1.0277
1.02629
1.02604
1.02746
1.02709
1.02675
1.02769
1.0278
1.02744
1.02712
1.02687
1.02642
1.02759
1.02626
1.02622
1.02583
1.02723
1.02671
1.0284
1.0267
1.02646
1.02576
1.02562
1.02571
1.02911
1.02641
1.02596
1.02636
1.02707
1.02824
1.02774
1.02717
1.02779
1.02767
1.02746
1.02771
1.0261
1.02805
1.02972
1.02885
1.02684
1.02722
1.02789
1.02653
1.02517
1.02518
1.02584
1.02561
1.02823
1.02666
1.02618
1.02737
1.02558
1.0267
1.02837
1.02865
1.02794
1.02904
1.02651
1.02639
1.02671
1.02741
1.02729
1.02722
1.02738
1.02693
1.02831
1.02519
1.02741
1.02613
1.02714
1.02661
1.02774
1.02581
1.02685
1.02634
1.02469
1.02602
1.02631
1.02695
1.02897
1.02861
1.02649
1.02689
1.02525
1.02837
1.02442
1.02591
1.02779
1.02679
1.02718
1.02657
1.02627
1.02694
1.02752
1.02865
1.02707
1.02649
1.02573
1.02614
1.0281
1.02766
1.02852
1.02666
1.02581
1.0288
1.02747
1.02678
1.02667
1.02753
1.02711
1.02855
1.02688
1.0253
1.02736
1.02684
1.02793
1.02739
1.02519
1.02714
1.02689
1.02924
1.02765
1.02586
1.02677
1.02679
1.02729
1.02528
1.02699
1.02662
1.02572
1.02493
1.027
1.02626
1.02691
1.02651
1.02892
1.0277
1.0281
1.025
1.02727
1.02695
1.0276
1.02861
1.02641
1.0279
1.02664
1.02561
1.02711
1.028
1.02673
1.02719
1.0274
1.02564
1.02696
1.02606
1.02751
1.02717
1.0276
1.02678
1.02687
1.02645
1.02695
1.02823
1.02653
1.02838
1.02659
1.02774
1.0283
1.02585
1.02688
1.02777
1.02748
1.02752
1.0268
1.02805
1.02755
1.02464
1.02753
1.02587
1.0274
1.02716
1.02693
1.02705
1.02614
1.02922
1.02924
1.02843
1.02971
1.02693
1.02726
1.02686
1.02657
1.02859
1.02724
1.02675
1.02868
1.02735
1.02854
1.02911
1.02543
1.02786
1.02927
1.02679
1.02739
1.02771
1.0246
1.02677
1.0282
1.02738
1.02586
1.02605
1.02739
1.02571
1.02746
1.02769
1.02714
1.02464
1.02592
1.02628
1.02689
1.02641
1.0263
1.02662
1.02878
1.02666
1.02657
1.02719
1.02577
1.0267
1.02855
1.02772
1.02643
1.02816
1.02759
1.02646
1.02689
1.0273
1.02764
1.02773
1.028
1.02617
1.02773
1.02607
1.02707
1.02612
1.02475
1.02732
1.02655
1.02713
1.02583
1.02906
1.02583
1.02527
1.02652
1.02633
1.02655
1.02725
1.02709
1.02784
1.02784
1.02728
1.02732
1.0287
1.02793
1.02759
1.02703
1.02686
1.02892
1.02557
1.02641
1.02799
1.02616
1.02672
1.02723
1.02619
1.02646
1.02653
1.02552
1.02613
1.02503
1.02566
1.0261
1.02679
1.02752
1.02619
1.02706
1.02655
1.02682
1.02684
1.02468
1.0275
1.02563
1.02827
1.02787
1.02692
1.02823
1.02675
1.02662
1.02672
1.02769
1.02832
1.02913
1.02534
1.02649
1.02573
1.02441
1.029
1.02613
1.02613
1.02645
1.0255
1.02702
1.02661
1.02709
1.0286
1.0278
1.02897
1.02505
1.02782
1.0281
1.02946
1.02796
1.02535
1.02687
1.02703
1.02603
1.02696
1.0293
1.02616
1.02738
1.0272
1.02542
1.02842
1.02773
1.02737
1.02778
1.02492
1.02565
1.02852
1.02624
1.02636
1.0275
1.02639
1.02507
1.02523
1.02703
1.02581
1.02835
1.02976
1.02854
1.02738
1.02698
1.02671
1.026
1.02636
1.02753
1.02802
1.02668
1.02626
1.02806
1.02639
1.0271
1.02533
1.02638
1.02581
1.0292
1.02699
1.02659
1.02882
1.02638
1.02676
1.02593
1.02828
1.02692
1.02778
1.02652
1.02937
1.02895
1.02664
1.02722
1.02816
1.02698
1.02638
1.02688
1.02748
1.02536
1.02725
1.02673
1.02534
1.02811
1.02498
1.02699
1.02686
1.02703
1.028
1.02613
1.02674
1.02793
1.02794
1.0273
1.02788
1.02831
1.0285
1.02796
1.02667
1.02737
1.02617
1.02911
1.02679
1.02559
1.02616
1.02613
1.02575
1.02692
1.02826
1.02947
1.02577
1.02842
1.02577
1.0268
1.02723
1.02783
1.02758
1.02579
1.02805
1.02934
1.0273
1.02582
1.02788
1.0265
1.02677
1.02665
1.0272
1.02763
1.02759
1.0284
1.02732
1.02884
1.02438
1.0261
1.02767
1.02842
1.02675
1.02535
1.02672
1.02687
1.02599
1.02818
1.02578
1.02868
1.02618
1.02682
1.02601
1.02574
1.02926
1.02614
1.02507
1.02722
1.02542
1.0264
1.02682
1.02613
1.02902
1.02453
1.0277
1.0281
1.02619
1.02544
1.02722
1.02636
1.02662
1.02681
1.02851
1.02453
1.02582
1.02853
1.02576
1.0285
1.02732
1.02797
1.02698
1.02882
1.02752
1.02698
1.02728
1.02709
1.0275
1.02722
1.02719
1.0255
1.02798
1.02435
1.0264
1.02705
1.02869
1.02531
1.0265
1.02678
1.02584
1.02827
1.02817
1.02707
1.02672
1.02689
1.02764
1.02811
1.02679
1.028
1.02783
1.02736
1.02717
1.02721
1.02768
1.02884
1.02597
1.02886
1.02786
1.02688
1.02633
1.02834
1.02676
1.02822
1.0277
1.02639
1.02599
1.02707
1.02678
1.02728
1.02904
1.0291
1.02735
1.0274
1.02634
1.02658
1.0284
1.02796
1.02711
1.02869
1.02739
1.02847
1.0293
1.02593
1.02839
1.02609
1.02511
1.02666
1.02599
1.02509
1.02431
1.02982
1.02958
1.02621
1.02646
1.0267
1.02729
1.02783
1.02631
1.02744
1.02924
1.02561
1.02591
1.02607
1.02648
1.026
1.02738
1.02668
1.02902
1.02677
1.02731
1.02728
1.02441
1.02883
1.02645
1.02583
1.02771
1.02784
1.0276
1.02736
1.02811
1.02866
1.02573
1.02616
1.02702
1.02742
1.02557
1.02718
1.02583
1.02794
1.02596
1.02686
1.02627
1.02768
1.025
1.02823
1.02761
1.02674
1.02695
1.02548
1.02724
1.02612
1.02725
1.02726
1.02721
1.02789
1.0273
1.02782
1.02801
1.02581
1.02697
1.02608
1.02683
1.02605
1.02758
1.02662
1.02775
1.02858
1.02526
1.0245
1.02936
1.02758
1.02741
1.02807
1.02552
1.02633
1.02733
1.02636
1.02785
1.02701
1.02904
1.02591
1.02901
1.02675
1.02864
1.02873
1.02751
1.02805
1.02638
1.02733
1.02671
1.02606
1.02781
1.0277
1.02719
1.0259
1.02603
1.02693
1.02686
1.02736
1.02715
1.02831
1.0267
1.02806
1.02821
1.02717
1.02868
1.02638
1.02737
1.02801
1.02609
1.02711
1.02709
1.02707
1.02755
1.02618
1.02607
1.02737
1.02652
1.02722
1.02642
1.02943
1.02738
1.02483
1.02618
1.02675
1.02781
1.02762
1.02811
1.02933
1.02846
1.02823
1.02572
1.02688
1.02541
1.02633
1.02673
1.0282
1.0259
1.02666
1.02671
1.02721
1.0279
1.02719
1.02671
1.026
1.02708
1.0264
1.02554
1.02578
1.02683
1.02667
1.02547
1.02625
1.02943
1.02617
1.02716
1.02646
1.02932
1.02711
1.0275
1.02686
1.02805
1.02678
1.02625
1.02742
1.0265
1.02737
1.02647
1.02803
1.02668
1.02615
1.02589
1.02711
1.02757
1.02734
1.02614
1.028
1.02766
1.02684
1.02796
1.02826
1.02772
1.02756
1.02737
1.02876
1.02755
1.02735
1.02524
1.02817
1.02755
1.02664
1.02618
1.02644
1.02751
1.0267
1.02746
1.02842
1.02651
1.02751
1.02736
1.02605
1.02962
1.02709
1.02826
1.02684
1.02976
1.02669
1.02835
1.02662
1.02747
1.02756
1.02856
1.02707
1.02559
1.02731
1.02829
1.02515
1.02829
1.02791
1.02659
1.02795
1.02739
1.02769
1.0271
1.02824
1.02731
1.02821
1.02584
1.02763
1.02623
1.02756
1.02849
1.02646
1.02582
1.02711
1.02887
1.0252
1.02734
1.02653
1.02664
1.02473
1.02813
1.02733
1.02777
1.02741
1.02663
1.02683
1.0271
1.02617
1.0255
1.02754
1.02629
1.0288
1.02497
1.02602
1.02696
1.02763
1.02848
1.02651
1.02762
1.02761
1.02734
1.0287
1.02831
1.02752
1.0269
1.02656
1.02647
1.02686
1.02766
1.02957
1.02836
1.02525
1.0263
1.02689
1.02675
1.02681
1.02611
1.02706
1.02748
1.02694
1.02592
1.02695
1.0278
1.02699
1.0269
1.02753
1.02726
1.02607
1.02823
1.02602
1.02688
1.02624
1.02574
1.02524
1.02661
1.02733
1.02669
1.02921
1.02666
1.02887
1.02766
1.02715
1.02784
1.0277
1.02585
1.0274
1.02628
1.02587
1.02498
1.02765
1.02588
1.02705
1.02607
1.02536
1.02695
1.02811
1.02847
1.02523
1.02832
1.02762
1.0278
1.02666
1.02715
1.02738
1.02755
1.02879
1.02584
1.02622
1.02717
1.02703
1.02714
1.02642
1.02739
1.02973
1.02705
1.0272
1.02809
1.02688
1.02682
1.02685
1.02706
1.02718
1.02592
1.02787
1.02859
1.02836
1.0258
1.026
1.0248
1.02821
1.02595
1.02896
1.02572
1.02665
1.02629
1.02712
1.02572
1.02786
1.02783
1.02808
1.02744
1.0282
1.02655
1.02775
1.02684
1.02937
1.02738
1.02788
1.02758
1.02795
1.02711
1.02464
1.02865
1.02691
1.02782
1.02945
1.0276
1.02607
1.02594
1.02749
1.02727
1.02642
1.0269
1.0262
1.02605
1.0264
1.027
1.02744
1.02809
1.02791
1.02641
1.02549
1.02671
1.0269
1.0253
1.02766
1.02522
1.02723
1.02839
1.02923
1.02654
1.02642
1.02606
1.02731
1.02637
1.02586
1.02604
1.02972
1.02674
1.02792
1.02567
1.02807
1.02619
1.02874
1.02604
1.02776
1.02672
1.02777
1.02731
1.02774
1.02675
1.02756
1.02843
1.02722
1.0279
1.02775
1.02666
1.02759
1.02713
1.02742
1.02577
1.02629
1.02659
1.02627
1.02753
1.02569
1.02827
1.02721
1.02859
1.02913
1.02611
1.02732
1.02679
1.02816
1.02615
1.02644
1.0264
1.02682
1.02796
1.02744
1.02704
1.02726
1.0284
1.02668
1.02905
1.02599
1.02612
1.02687
1.02623
1.02639
1.02664
1.02646
1.02598
1.02812
1.02642
1.02824
1.02696
1.02558
1.02731
1.02623
1.02654
1.0274
1.02677
1.02725
1.02554
1.02811
1.02595
1.02724
1.02793
1.02784
1.02673
1.0259
1.0259
1.02754
1.02751
1.02558
1.02676
1.02542
1.02763
1.02735
1.02644
1.02717
1.02804
1.02833
1.02862
1.02694
1.02628
1.02788
1.02752
1.02678
1.02898
1.02619
1.029
1.02587
1.02588
1.02567
1.02855
1.02676
1.02796
1.02798
1.02541
1.02732
1.02797
1.02821
1.02619
1.02795
1.02612
1.02762
1.02453
1.02739
1.0273
1.02775
1.02584
1.02657
1.02603
1.02845
1.02616
1.02631
1.02717
1.02558
1.02819
1.02764
1.02603
1.02593
1.02693
1.02804
1.02797
1.02603
1.02577
1.02564
1.02674
1.02775
1.02986
1.02692
1.02578
1.02746
1.0257
1.0265
1.0273
1.02615
1.02803
1.02651
1.02618
1.0255
1.02868
1.02946
1.0282
1.0267
1.02819
1.02725
1.02674
1.02513
1.0275
1.02608
1.02757
1.02756
1.02656
1.0264
1.02707
1.02464
1.0263
1.02757
1.02596
1.02582
1.02617
1.02667
1.02718
1.02795
1.02842
1.02765
1.02686
1.02599
1.02648
1.02694
1.02714
1.02799
1.02808
1.02616
1.0281
1.02605
1.02509
1.02568
1.02464
1.02684
1.02727
1.02828
1.02618
1.0263
1.02951
1.02629
1.028
1.02794
1.02692
1.02604
1.02829
1.02679
1.02756
1.02652
1.02615
1.02541
1.02604
1.02658
1.0273
1.02655
1.02663
1.0283
1.02775
1.02705
1.02732
1.02802
1.02738
1.02737
1.02709
1.02571
1.02817
1.02802
1.02602
1.02686
1.02666
1.02594
1.02701
1.02816
1.02877
1.0263
1.02623
1.02724
1.02408
1.02717
1.02689
1.02912
1.02769
1.02533
1.02692
1.02683
1.02886
1.02542
1.02652
1.02717
1.02769
1.02716
1.0279
1.02875
1.02756
1.02733
1.02727
1.02802
1.02857
1.0261
1.02719
1.02735
1.0253
1.02516
1.02715
1.02681
1.02762
1.02923
1.02559
1.02573
1.02639
1.02859
1.02714
1.0272
1.02591
1.02716
1.02803
1.02726
1.0277
1.02626
1.02431
1.02725
1.02971
1.02864
1.02849
1.028
1.02862
1.02887
1.02661
1.02774
1.02566
1.02632
1.02576
1.02482
1.0257
1.02701
1.02569
1.02743
1.02565
1.02734
1.02838
1.02641
1.02586
1.0256
1.02664
1.02417
1.02637
1.02666
1.02762
1.02723
1.02748
1.02682
1.02879
1.02461
1.02608
1.02567
1.0259
1.02698
1.02697
1.02767
1.02756
1.02691
1.02612
1.02703
1.02808
1.02732
1.02747
1.02639
1.02669
1.0262
1.02659
1.02522
1.02815
1.02881
1.02814
1.02693
1.02766
1.02804
1.02551
1.02733
1.02744
1.02748
1.02752
1.02774
1.02764
1.02668
1.0254
1.02666
1.02694
1.02881
1.02873
1.02547
1.02733
1.02674
1.02564
1.02624
1.02627
1.02733
1.02722
1.02662
1.02741
1.02628
1.0271
1.02988
1.02687
1.02774
1.02694
1.02655
1.02689
1.02624
1.02694
1.02766
1.02843
1.02445
1.02617
1.02723
1.02856
1.02676
1.0249
1.02545
1.02611
1.02752
1.02673
1.02579
1.02889
1.02785
1.02678
1.02696
1.02822
1.02743
1.02791
1.02631
1.02794
1.02772
1.0273
1.02671
1.02646
1.02593
1.0279
1.02591
1.02765
1.02787
1.02468
1.02824
1.02791
1.02866
1.02567
1.02634
1.02419
1.02725
1.02587
1.02854
1.02612
1.02749
1.02663
1.02634
1.02427
1.02755
1.02632
1.02889
1.02804
1.02832
1.02825
1.02813
1.02799
1.02652
1.02581
1.0274
1.02732
1.0254
1.02807
1.02578
1.02637
1.02824
1.02745
1.02679
1.02624
1.027
1.02741
1.02716
1.02634
1.02813
1.02647
1.02718
1.02776
1.02729
1.02662
1.02734
1.02786
1.02744
1.028
1.02676
1.02589
1.02677
1.02624
1.02701
1.02772
1.02729
1.02649
1.02583
1.02824
1.02604
1.02689
1.0279
1.02855
1.02673
1.02721
1.0278
1.02835
1.02589
1.02796
1.02624
1.02663
1.02577
1.02657
1.02755
1.02695
1.02463
1.02688
1.02533
1.0265
1.02803
1.02732
1.02661
1.02765
1.02691
1.02722
1.02748
1.02808
1.02684
1.02652
1.02816
1.02678
1.02706
1.02817
1.02741
1.02776
1.02468
1.02702
1.02816
1.02736
1.02576
1.02722
1.02672
1.02612
1.02813
1.02774
1.0266
1.02674
1.02769
1.02666
1.02603
1.02618
1.02802
1.02878
1.02573
1.02834
1.02843
1.02557
1.0267
1.0268
1.02837
1.02676
1.02666
1.02727
1.02761
1.02508
1.02842
1.02732
1.02761
1.02681
1.02756
1.02762
1.02718
1.02668
1.02683
1.02727
1.02859
1.02725
1.02776
1.02696
1.02578
1.0277
1.02618
1.02605
1.02748
1.02816
1.02688
1.02821
1.02607
1.02563
1.02627
1.02867
1.02744
1.02681
1.02714
1.0281
1.02819
1.02835
1.02795
1.02716
1.02582
1.02719
1.02767
1.02777
1.02804
1.02776
1.02587
1.02758
1.02857
1.026
1.02646
1.02775
1.02708
1.02854
1.0262
1.02556
1.02579
1.02639
1.02469
1.02771
1.02768
1.02724
1.02692
1.02754
1.02566
1.02886
1.02781
1.02712
1.02792
1.02776
1.02566
1.02768
1.0264
1.02836
1.02618
1.02531
1.02743
1.02597
1.02858
1.02573
1.02792
1.02686
1.02899
1.0269
1.02753
1.0281
1.02672
1.02767
1.02851
1.02683
1.02599
1.02781
1.02742
1.02646
1.02636
1.02631
1.02645
1.02658
1.02727
1.0284
1.02644
1.0272
1.02593
1.02625
1.02693
1.0269
1.0258
1.02743
1.02618
1.02825
1.02642
1.02882
1.02662
1.02608
1.02775
1.02648
1.0234
1.02725
1.02736
1.02797
1.02734
1.02612
1.02809
1.02688
1.02687
1.0279
1.02742
1.02687
1.02691
1.02675
1.02655
1.02665
1.02688
1.02676
1.02627
1.02613
1.02754
1.0285
1.02593
1.0281
1.02762
1.02557
1.02675
1.02591
1.02769
1.02597
1.02812
1.02779
1.0273
1.0254
1.02874
1.02685
1.02793
1.0275
1.02739
1.02745
1.0279
1.02546
1.02794
1.02647
1.02627
1.02648
1.02789
1.02624
1.02572
1.02795
1.02531
1.02775
1.02815
1.02861
1.02589
1.02538
1.02819
1.02771
1.02695
1.02716
1.02798
1.02684
1.02739
1.02776
1.02832
1.02532
1.02637
1.02704
1.02633
1.02794
1.02767
1.02519
1.02626
1.02633
1.02598
1.02759
1.02774
1.02656
1.02697
1.02739
1.02845
1.02786
1.02622
1.02547
1.02791
1.02836
1.02687
1.02736
1.02695
1.02773
1.02939
1.02706
1.02798
1.02806
1.02835
1.02479
1.02778
1.02651
1.02557
1.0255
1.02564
1.02756
1.0281
1.02759
1.02509
1.02692
1.02633
1.02781
1.02791
1.02777
1.02709
1.02554
1.02799
1.02661
1.02705
1.02577
1.02644
1.02979
1.02976
1.02709
1.02716
1.02508
1.02543
1.02638
1.02821
1.0278
1.02693
1.02759
1.02694
1.02587
1.02754
1.02748
1.02801
1.02754
1.02655
1.02711
1.0272
1.02758
1.02772
1.02497
1.02805
1.02636
1.0259
1.02802
1.02757
1.02694
1.02727
1.02546
1.02792
1.02763
1.02568
1.027
1.0252
1.02629
1.02616
1.02693
1.02784
1.02492
1.02891
1.02579
1.02677
1.02779
1.02779
1.02816
1.02608
1.02666
1.02965
1.02701
1.02681
1.02777
1.02869
1.02521
1.0268
1.02632
1.02657
1.02586
1.02657
1.02765
1.02697
1.02634
1.02835
1.02657
1.02658
1.02751
1.02763
1.02709
1.02923
1.0255
1.02769
1.02741
1.02674
1.0274
1.02758
1.02541
1.02858
1.02792
1.02625
1.02897
1.02645
1.02577
1.02712
1.02734
1.02578
1.0285
1.02779
1.02675
1.02702
1.02752
1.02437
1.02815
1.02798
1.02558
1.02685
1.02581
1.02787
1.02616
1.02708
1.02641
1.02716
1.02803
1.02811
1.02905
1.02817
1.02755
1.02636
1.02573
1.02688
1.02705
1.02805
1.02623
1.02798
1.027
1.02686
1.02683
1.02648
1.02792
1.02636
1.02703
1.02721
1.02517
1.02618
1.02581
1.0267
1.02749
1.0261
1.02805
1.02591
1.02573
1.02656
1.02756
1.02772
1.02645
1.02744
1.02303
1.02835
1.02626
1.02789
1.02735
1.02743
1.02549
1.02705
1.0268
1.02826
1.02735
1.02667
1.02828
1.02652
1.02835
1.02817
1.02544
1.02603
1.02611
1.02499
1.02843
1.02686
1.02726
1.02558
1.02546
1.02788
1.02703
1.0242
1.02774
1.02412
1.02813
1.02708
1.02622
1.0268
1.02802
1.02485
1.02535
1.02758
1.02815
1.02705
1.0284
1.02819
1.02723
1.02611
1.02793
1.02549
1.02681
1.02802
1.02691
1.02598
1.02726
1.02952
1.02752
1.02623
1.02677
1.02669
1.02653
1.02635
1.02705
1.0272
1.02833
1.0272
1.02514
1.02861
1.02704
1.02684
1.02896
1.02565
1.02671
1.02838
1.02584
1.02736
1.0271
1.02684
1.02754
1.02957
1.02713
1.02746
1.0269
1.02758
1.02812
1.02725
1.02704
1.02672
1.02767
1.02628
1.02645
1.02673
1.0235
1.02752
1.02593
1.0266
1.02775
1.02546
1.02626
1.02753
1.02654
1.02605
1.02609
1.02807
1.02702
1.02695
1.02845
1.02639
1.02632
1.0265
1.02549
1.02772
1.02657
1.02658
1.02677
1.02371
1.02659
1.02727
1.02683
1.02718
1.02676
1.02773
1.0267
1.02544
1.02621
1.02744
1.02833
1.02618
1.02536
1.0275
1.02741
1.02692
1.02684
1.02713
1.02698
1.02698
1.02675
1.02733
1.02663
1.02567
1.02607
1.02808
1.02597
1.02733
1.02659
1.02699
1.02635
1.02827
1.02591
1.02864
1.02543
1.02864
1.02829
1.02769
1.02858
1.02634
1.02678
1.02673
1.02813
1.02731
1.0261
1.02515
1.02908
1.02741
1.02577
1.02718
1.02708
1.02747
1.02668
1.02736
1.02673
1.02568
1.02609
1.02717
1.02804
1.02573
1.02781
1.02783
1.02751
1.02739
1.02801
1.02783
1.02706
1.02818
1.02747
1.02616
1.02743
1.028
1.02574
1.02685
1.02697
1.02717
1.02794
1.0268
1.02669
1.02651
1.0269
1.02625
1.02681
1.0303
1.02773
1.02826
1.02835
1.02607
1.02699
1.02621
1.02755
1.02436
1.02686
1.02675
1.02711
1.02678
1.02731
1.02784
1.02794
1.02905
1.02697
1.02747
1.02641
1.02765
1.02536
1.02629
1.02514
1.0269
1.02717
1.02903
1.02736
1.02766
1.02789
1.02793
1.02772
1.02802
1.02605
1.02644
1.02532
1.02564
1.02866
1.02736
1.02814
1.02738
1.02799
1.02731
1.0279
1.02907
1.0253
1.0272
1.02749
1.02695
1.02672
1.02562
1.02865
1.02808
1.02667
1.02834
1.02559
1.02568
1.02638
1.02725
1.02794
1.02805
1.02727
1.02651
1.02648
1.02698
1.02701
1.02581
1.02532
1.02641
1.0255
1.02758
1.02748
1.02814
1.02703
1.02769
1.02354
1.02724
1.02573
1.02681
1.02471
1.02702
1.02926
1.02874
1.02518
1.02662
1.02691
1.0267
1.02792
1.02667
1.02776
1.02587
1.02651
1.02785
1.02692
1.02709
1.02658
1.02571
1.02721
1.02709
1.02859
1.02614
1.02835
1.02879
1.02691
1.02748
1.0282
1.02704
1.02528
1.02769
1.02547
1.02609
1.0263
1.02619
1.02605
1.02649
1.02574
1.0274
1.02637
1.02836
1.02807
1.02634
1.02697
1.02567
1.02674
1.02656
1.0273
1.027
1.02573
1.02924
1.02558
1.0265
1.02607
1.0286
1.0276
1.02668
1.02734
1.02715
1.02723
1.02721
1.02642
1.02696
1.02727
1.02797
1.02898
1.02653
1.02734
1.02713
1.02634
1.02729
1.02828
1.0251
1.02607
1.02713
1.02738
1.02745
1.02908
1.02647
1.02643
1.02771
1.02628
1.02721
1.02755
1.02667
1.02679
1.0263
1.02573
1.02573
1.03029
1.02829
1.02938
1.02536
1.02681
1.02695
1.02711
1.0269
1.02597
1.02792
1.02747
1.02821
1.02652
1.02737
1.0264
1.02667
1.02829
1.02698
1.0285
1.02613
1.02583
1.02841
1.02647
1.0279
1.02391
1.02757
1.0256
1.02534
1.02616
1.02732
1.02592
1.02577
1.0278
1.02781
1.0287
1.02689
1.02778
1.02751
1.02902
1.02693
1.02632
1.0286
1.02753
1.02872
1.02589
1.02685
1.0257
1.02535
1.02736
1.02783
1.02585
1.02637
1.02779
1.02629
1.02847
1.0251
1.02638
1.02647
1.02775
1.02869
1.02817
1.02483
1.02762
1.02834
1.02758
1.02837
1.02655
1.02448
1.02565
1.02626
1.02561
1.02481
1.02581
1.02818
1.02719
1.02513
1.02592
1.02643
1.02657
1.02658
1.02604
1.02861
1.02752
1.02788
1.02642
1.02714
1.02836
1.02687
1.02812
1.02654
1.02801
1.02691
1.02778
1.02708
1.02553
1.02806
1.02485
1.02562
1.02546
1.02872
1.02642
1.02631
1.02672
1.02847
1.02527
1.02764
1.02712
1.02676
1.02718
1.02747
1.02613
1.0262
1.02814
1.02842
1.02993
1.02721
1.02583
1.02791
1.02829
1.02666
1.02829
1.02947
1.02611
1.02691
1.02592
1.02814
1.02568
1.02656
1.02898
1.02644
1.02572
1.0279
1.02746
1.02692
1.02507
1.02631
1.02628
1.02618
1.02845
1.028
1.02503
1.02716
1.02626
1.02785
1.02777
1.02695
1.02685
1.02733
1.02587
1.02777
1.02643
1.02618
1.02802
1.02669
1.02904
1.02959
1.02629
1.02893
1.02739
1.02742
1.02535
1.02672
1.02826
1.0269
1.02838
1.02584
1.02627
1.02745
1.02773
1.0278
1.02632
1.02658
1.0267
1.02559
1.02584
1.02846
1.02641
1.02598
1.02463
1.02528
1.02728
1.02664
1.02712
1.02808
1.02696
1.02809
1.02625
1.02707
1.03
1.02758
1.02668
1.02485
1.02758
1.02658
1.02924
1.02762
1.02557
1.02474
1.02704
1.02754
1.02788
1.0267
1.02608
1.02724
1.02868
1.02851
1.02714
1.02716
1.02632
1.02631
1.02578
1.02697
1.02709
1.02877
1.02767
1.0275
1.02658
1.02767
1.02536
1.02689
1.02634
1.02695
1.02837
1.0263
1.02639
1.02704
1.02679
1.02734
1.02609
1.0285
1.0251
1.02614
1.02797
1.02707
1.02496
1.02564
1.02812
1.02715
1.02848
1.02748
1.02775
1.02702
1.02777
1.02595
1.02966
1.02632
1.02687
1.0261
1.02556
1.02679
1.02756
1.02679
1.02719
1.02723
1.02716
1.02846
1.02742
1.02678
1.02758
1.02701
1.02784
1.02686
1.02642
1.02653
1.02684
1.02704
1.02636
1.02596
1.02587
1.02747
1.02651
1.02635
1.02649
1.02648
1.02636
1.02777
1.02681
1.0268
1.02706
1.02758
1.02643
1.02791
1.02816
1.0291
1.02787
1.02617
1.02685
1.02669
1.02725
1.02749
1.02717
1.02837
1.02742
1.02918
1.02655
1.02703
1.02593
1.02676
1.02603
1.02458
1.02878
1.02879
1.02624
1.02865
1.02636
1.02772
1.02711
1.02722
1.02648
1.02682
1.02693
1.02682
1.02656
1.02495
1.02564
1.02727
1.02721
1.02861
1.02719
1.02897
1.02624
1.02556
1.02671
1.02835
1.026
1.02877
1.0268
1.02802
1.02724
1.0268
1.02665
1.02601
1.02554
1.02927
1.02735
1.0293
1.02705
1.02517
1.02765
1.02682
1.02556
1.02766
1.02566
1.02804
1.02602
1.02465
1.02874
1.02784
1.02638
1.02725
1.02619
1.02792
1.02681
1.02455
1.0274
1.02819
1.0255
1.02822
1.02563
1.02574
1.02682
1.02838
1.02856
1.02767
1.0264
1.02845
1.02393
1.02644
1.02752
1.02728
1.02664
1.02672
1.02746
1.02808
1.02555
1.02715
1.02706
1.02754
1.02535
1.0282
1.0298
1.02687
1.02627
1.02762
1.02752
1.02776
1.02533
1.02762
1.02656
1.02803
1.02707
1.02696
1.02834
1.02691
1.02781
1.02775
1.02877
1.02797
1.02776
1.02799
1.0258
1.02585
1.02612
1.02751
1.02724
1.02681
1.02768
1.02759
1.02523
1.0267
1.02734
1.02745
1.02822
1.02654
1.02829
1.02703
1.0286
1.027
1.02646
1.02796
1.02689
1.0275
1.02669
1.02697
1.02614
1.02622
1.0266
1.02432
1.02764
1.02658
1.02753
1.02576
1.02686
1.02761
1.02571
1.02653
1.02667
1.02487
1.02896
1.02562
1.02736
1.02712
1.02673
1.02735
1.0281
1.02574
1.0271
1.02642
1.02666
1.0273
1.02558
1.02591
1.02551
1.02759
1.02586
1.02742
1.02725
1.02652
1.02815
1.02689
1.02599
1.02584
1.02446
1.02874
1.02767
1.02583
1.02698
1.02685
1.0277
1.02649
1.02609
1.0266
1.02812
1.02786
1.02557
1.02645
1.02829
1.02601
1.02659
1.02538
1.02561
1.02756
1.0274
1.02902
1.02587
1.02583
1.02776
1.02549
1.02625
1.0279
1.02686
1.0273
1.02649
1.02628
1.02793
1.02548
1.02583
1.02738
1.02789
1.02382
1.02746
1.02797
1.02582
1.02598
1.02744
1.02564
1.0276
1.028
1.0275
1.02757
1.02657
1.02684
1.02651
1.02744
1.0278
1.02804
1.02671
1.02653
1.0256
1.02627
1.02831
1.02609
1.02757
1.02555
1.0275
1.02626
1.02462
1.02756
1.02801
1.02799
1.02743
1.02801
1.02733
1.02707
1.02797
1.02888
1.02647
1.02573
1.02577
1.02955
1.02757
1.02703
1.02636
1.02705
1.02756
1.02739
1.02658
1.02644
1.02761
1.02731
1.02704
1.02725
1.02702
1.02827
1.02958
1.02684
1.02707
1.02683
1.02657
1.02829
1.02681
1.02706
1.02522
1.02662
1.02657
1.02799
1.02851
1.0261
1.02685
1.02713
1.02502
1.02828
1.02726
1.02676
1.0253
1.02676
1.02763
1.02695
1.02669
1.02614
1.02734
1.02657
1.0284
1.02875
1.02772
1.02631
1.02875
1.0274
1.02608
1.02852
1.02885
1.02646
1.02842
1.02763
1.02802
1.02721
1.02563
1.02734
1.02616
1.02716
1.0267
1.02715
1.0269
1.02734
1.02616
1.02741
1.02889
1.02697
1.02897
1.02655
1.02699
1.02718
1.02838
1.02647
1.02704
1.02795
1.02758
1.02582
1.02552
1.02772
1.02486
1.02876
1.02811
1.0273
1.02562
1.0268
1.0257
1.02767
1.02788
1.02685
1.02711
1.02561
1.02565
1.0272
1.02728
1.0276
1.02712
1.02573
1.02706
1.02685
1.02677
1.02625
1.02687
1.02711
1.02677
1.02738
1.02431
1.02659
1.02845
1.02711
1.02817
1.02888
1.02844
1.02723
1.02754
1.0279
1.02809
1.02686
1.02684
1.02529
1.02564
1.02566
1.02774
1.02563
1.02882
1.02688
1.02786
1.02649
1.02635
1.02713
1.02821
1.02634
1.02708
1.02628
1.02632
1.02624
1.0263
1.02823
1.02593
1.02718
1.02671
1.02594
1.02728
1.02726
1.02946
1.02566
1.02985
1.02548
1.02663
1.0274
1.02614
1.02895
1.0285
1.02655
1.02546
1.02765
1.0287
1.02748
1.02837
1.02756
1.02904
1.02858
1.02855
1.02676
1.02548
1.02609
1.02728
1.02642
1.02716
1.02821
1.02706
1.02533
1.02656
1.02709
1.0252
1.0285
1.0276
1.026
1.02772
1.02533
1.02723
1.02531
1.02719
1.02641
1.02744
1.0257
1.02708
1.02678
1.02866
1.0245
1.02655
1.02639
1.02659
1.02662
1.02749
1.02704
1.02774
1.02786
1.02677
1.02678
1.02776
1.02603
1.02791
1.02771
1.0283
1.02615
1.02809
1.02689
1.02612
1.02774
1.02588
1.02712
1.02711
1.02767
1.02858
1.02472
1.02728
1.0258
1.02708
1.03023
1.02578
1.02903
1.02747
1.0268
1.02647
1.02711
1.02797
1.02811
1.02742
1.02729
1.02679
1.0262
1.0271
1.02783
1.0267
1.02788
1.02764
1.02855
1.02579
1.02727
1.0264
1.02702
1.02615
1.02865
1.02774
1.02704
1.02777
1.02773
1.02945
1.02708
1.02711
1.02661
1.02824
1.02708
1.02531
1.02717
1.02791
1.02887
1.02836
1.02871
1.02802
1.02638
1.02579
1.02808
1.02743
1.02865
1.02522
1.02619
1.0276
1.02743
1.02651
1.02693
1.02624
1.02788
1.02856
1.02761
1.02572
1.02704
1.02948
1.02553
1.02464
1.02676
1.02722
1.02814
1.02633
1.02778
1.02762
1.0274
1.02846
1.02728
1.02813
1.02839
1.02675
1.02665
1.02733
1.02779
1.02855
1.0291
1.02728
1.02655
1.02726
1.02734
1.02589
1.02762
1.02603
1.02652
1.02688
1.02774
1.02475
1.02706
1.02816
1.02796
1.02621
1.02519
1.02689
1.02702
1.02721
1.02653
1.02721
1.02607
1.02672
1.02627
1.02639
1.02612
1.02577
1.02532
1.02729
1.02702
1.02584
1.02706
1.02498
1.02577
1.02701
1.02784
1.02827
1.02799
1.02647
1.02766
1.02871
1.02707
1.02565
1.02655
1.02808
1.02787
1.0285
1.02712
1.02758
1.02641
1.0252
1.02784
1.02665
1.02841
1.02705
1.02677
1.02769
1.02685
1.02711
1.02724
1.02734
1.02702
1.02722
1.02617
1.02616
1.02737
1.02714
1.02715
1.02701
1.02902
1.02677
1.02686
1.02757
1.02582
1.02602
1.02735
1.02573
1.02685
1.02568
1.02697
1.02771
1.02594
1.02611
1.02607
1.02726
1.02697
1.02819
1.02816
1.02633
1.02707
1.02612
1.02517
1.0276
1.02705
1.02784
1.0274
1.02793
1.02499
1.02715
1.028
1.02516
1.02873
1.02825
1.02672
1.02651
1.02696
1.02741
1.02644
1.02689
1.02789
1.02712
1.0264
1.02865
1.0271
1.02613
1.02842
1.02691
1.02916
1.02621
1.02668
1.0271
1.02431
1.02882
1.02737
1.02665
1.02532
1.027
1.02775
1.02667
1.02727
1.02638
1.02573
1.02808
1.02805
1.02916
1.02789
1.02726
1.0267
1.02561
1.02656
1.02791
1.02899
1.02707
1.02804
1.02653
1.0261
1.02553
1.02649
1.02785
1.02721
1.02768
1.02564
1.02663
1.02778
1.02576
1.02665
1.02709
1.02805
1.02671
1.02675
1.02667
1.0261
1.02717
1.02881
1.0266
1.02737
1.02671
1.02756
1.02838
1.02979
1.02572
1.02694
1.02686
1.02551
1.02883
1.02879
1.02545
1.02414
1.02613
1.02851
1.02819
1.02833
1.02561
1.02923
1.02534
1.02674
1.02672
1.02775
1.02884
1.02638
1.02806
1.02727
1.02735
1.02606
1.02793
1.02716
1.02948
1.02568
1.02706
1.02828
1.02698
1.02656
1.02602
1.02873
1.02693
1.02662
1.02903
1.02788
1.02849
1.02815
1.02626
1.02691
1.02443
1.02588
1.02586
1.02633
1.02832
1.02561
1.02682
1.02874
1.02731
1.02813
1.02631
1.02801
1.02743
1.0268
1.02751
1.02661
1.02675
1.02793
1.02682
1.02862
1.02806
1.02598
1.02819
1.02678
1.02657
1.02754
1.02619
1.02894
1.02471
1.02566
1.02926
1.02541
1.02612
1.02556
1.02696
1.02668
1.02673
1.02692
1.0266
1.0255
1.02734
1.02657
1.02693
1.02727
1.02677
1.0296
1.02653
1.02746
1.02774
1.02651
1.02623
1.02595
1.02702
1.02538
1.02992
1.02675
1.02669
1.02734
1.02755
1.02896
1.02637
1.02583
1.02684
1.02638
1.02724
1.02717
1.02771
1.02732
1.02836
1.02585
1.02724
1.02692
1.02693
1.02705
1.02864
1.02606
1.02693
1.02661
1.02649
1.0265
1.02779
1.02699
1.02456
1.02666
1.02686
1.02717
1.02625
1.02793
1.02888
1.02518
1.02703
1.02648
1.02636
1.02808
1.02819
1.02817
1.0287
1.0274
1.02717
1.02651
1.02652
1.02755
1.02654
1.02625
1.028
1.02689
1.02567
1.02735
1.02784
1.02617
1.0286
1.02769
1.02815
1.02728
1.02791
1.02546
1.029
1.02619
1.02835
1.0279
1.02775
1.02726
1.02873
1.02835
1.02687
1.02804
1.02601
1.02836
1.0263
1.02791
1.02733
1.02596
1.0275
1.02658
1.02546
1.02587
1.02681
1.02694
1.02752
1.02665
1.02865
1.0279
1.0274
1.02526
1.02746
1.02789
1.02799
1.02638
1.02903
1.027
1.02663
1.0271
1.02664
1.02633
1.02803
1.02739
1.02665
1.02757
1.02697
1.0281
1.02618
1.02723
1.0267
1.02915
1.02655
1.02636
1.02797
1.02784
1.02548
1.02676
1.02894
1.02721
1.02766
1.02599
1.02689
1.02502
1.02807
1.02558
1.02633
1.02722
1.0272
1.02875
1.02749
1.02523
1.02688
1.02752
1.02674
1.02693
1.02797
1.02765
1.02768
1.02635
1.02654
1.02724
1.02585
1.02612
1.02837
1.02675
1.02653
1.02863
1.02644
1.02673
1.02676
1.02781
1.02793
1.02671
1.02736
1.02885
1.02682
1.02576
1.02813
1.02861
1.02946
1.02687
1.02683
1.02782
1.02572
1.02796
1.02857
1.02788
1.0269
1.02696
1.02691
1.02734
1.02736
1.02738
1.02561
1.02855
1.0271
1.02829
1.02727
1.02529
1.02564
1.02782
1.0259
1.0279
1.02799
1.0264
1.02591
1.02588
1.02861
1.02674
1.02587
1.02827
1.02628
1.02553
1.02566
1.02521
1.02683
1.02856
1.0266
1.0263
1.02595
1.02516
1.02737
1.0272
1.02589
1.0283
1.02811
1.02788
1.02648
1.02768
1.02755
1.02759
1.02619
1.02774
1.02549
1.02704
1.02668
1.02576
1.02578
1.02659
1.02778
1.02755
1.02727
1.02885
1.02858
1.02745
1.02707
1.02736
1.02573
1.02563
1.02601
1.02733
1.02579
1.027
1.02721
1.02854
1.02782
1.02564
1.02775
1.02599
1.02958
1.02747
1.02757
1.02354
1.02713
1.0269
1.02586
1.02506
1.02826
1.02713
1.02694
1.02775
1.02817
1.02658
1.02737
1.02632
1.02551
1.02584
1.02764
1.0278
1.02747
1.02693
1.02629
1.02558
1.02568
1.02709
1.02756
1.03018
1.02658
1.02588
1.02613
1.02868
1.02803
1.02693
1.02819
1.0271
1.02732
1.02507
1.0257
1.02433
1.0273
1.02723
1.02714
1.02822
1.02665
1.02834
1.02671
1.02701
1.02601
1.02825
1.02713
1.02543
1.02856
1.02661
1.02747
1.02692
1.02724
1.0277
1.02687
1.02861
1.02661
1.02608
1.02674
1.02726
1.02765
1.02595
1.02572
1.02625
1.02929
1.02773
1.02719
1.02607
1.02841
1.02758
1.02497
1.02652
1.0288
1.0266
1.0263
1.02735
1.02939
1.0278
1.02763
1.0289
1.02707
1.02487
1.02683
1.02944
1.02691
1.02556
1.02673
1.02777
1.02728
1.02748
1.02867
1.02559
1.02674
1.02785
1.02739
1.02636
1.02564
1.02659
1.02618
1.02604
1.0267
1.02784
1.02653
1.02742
1.02663
1.02702
1.02668
1.02602
1.02929
1.02662
1.02699
1.02599
1.02791
1.02692
1.02501
1.02726
1.02723
1.02874
1.02681
1.02648
1.0271
1.02678
1.02757
1.02761
1.02887
1.02544
1.02599
1.02756
1.02722
1.02513
1.02896
1.0282
1.02615
1.02895
1.02652
1.02755
1.02831
1.02869
1.02488
1.02744
1.02863
1.02593
1.02615
1.02745
1.02786
1.02597
1.02839
1.02697
1.02745
1.02689
1.02625
1.02665
1.02702
1.02832
1.02739
1.02796
1.02558
1.02491
1.02735
1.02769
1.02689
1.02799
1.02751
1.02688
1.02652
1.02803
1.02685
1.0286
1.02622
1.02754
1.02593
1.02787
1.02701
1.02769
1.0266
1.02836
1.02754
1.02767
1.02568
1.02772
1.02894
1.02852
1.02791
1.0249
1.02623
1.02596
1.02785
1.02755
1.02613
1.02851
1.02627
1.02592
1.02663
1.02663
1.02781
1.02611
1.02733
1.02629
1.02857
1.02654
1.02593
1.02885
1.02641
1.02683
1.02857
1.02647
1.02649
1.02562
1.0261
1.02766
1.02953
1.02611
1.02574
1.02783
1.02944
1.02754
1.02743
1.02829
1.02676
1.02538
1.02851
1.02875
1.02591
1.0248
1.02725
1.02644
1.02859
1.02687
1.0265
1.02732
1.02446
1.02713
1.02753
1.0266
1.02752
1.02788
1.02628
1.02743
1.02644
1.02662
1.02727
1.02862
1.02757
1.02687
1.02741
1.02976
1.02507
1.02788
1.02556
1.02673
1.02569
1.02776
1.02638
1.02715
1.02562
1.02754
1.02605
1.02656
1.02717
1.02583
1.02701
1.02637
1.02732
1.02602
1.02609
1.02716
1.02629
1.0271
1.02546
1.02594
1.0253
1.02702
1.02667
1.0284
1.02694
1.0271
1.02745
1.0268
1.02876
1.02738
1.02717
1.02733
1.02744
1.02766
1.02578
1.02799
1.02763
1.02659
1.0287
1.02584
1.02708
1.02645
1.02495
1.02592
1.02868
1.02667
1.025
1.02756
1.02581
1.02554
1.02746
1.02745
1.02623
1.0269
1.02745
1.02911
1.02739
1.02703
1.02864
1.02784
1.02651
1.02703
1.02759
1.02662
1.02749
1.02853
1.02704
1.0269
1.02702
1.02661
1.02708
1.02574
1.02705
1.02596
1.0268
1.02679
1.02868
1.02726
1.02837
1.02646
1.02703
1.02835
1.02675
1.02506
1.02767
1.02935
1.03002
1.02627
1.02679
1.0277
1.02805
1.02756
1.02666
1.02783
1.02697
1.02629
1.02622
1.02797
1.02717
1.02766
1.02935
1.02609
1.02787
1.02698
1.02521
1.02744
1.02692
1.02588
1.02644
1.02662
1.02707
1.02742
1.028
1.02738
1.02756
1.02887
1.02725
1.02666
1.02656
1.02831
1.02603
1.02662
1.02834
1.02631
1.02316
1.02742
1.02612
1.02697
1.02574
1.02949
1.02648
1.02969
1.0278
1.02778
1.02716
1.02786
1.02668
1.02683
1.02901
1.02817
1.02598
1.03065
1.02653
1.02721
1.02557
1.02766
1.02475
1.0279
1.02779
1.02764
1.02663
1.02733
1.02596
1.02803
1.02686
1.02668
1.02629
1.02671
1.02581
1.02613
1.02633
1.02571
1.02808
1.02684
1.02783
1.02753
1.02699
1.02655
1.02805
1.02792
1.02762
1.02791
1.02629
1.02593
1.0287
1.02691
1.0273
1.0282
1.0265
1.02679
1.02626
1.02622
1.02841
1.02664
1.02642
1.02694
1.02727
1.02714
1.02754
1.02714
1.02803
1.02648
1.02815
1.029
1.02641
1.02669
1.02924
1.02575
1.02645
1.02595
1.02971
1.02688
1.02888
1.02766
1.02593
1.02765
1.02755
1.02851
1.02825
1.02548
1.02897
1.02757
1.02799
1.029
1.02791
1.027
1.02705
1.02373
1.026
1.02738
1.02726
1.02716
1.02743
1.02742
1.02758
1.02689
1.02892
1.02599
1.02767
1.02698
1.02662
1.02787
1.02639
1.02649
1.0279
1.02612
1.02779
1.02612
1.02657
1.02898
1.02742
1.02703
1.02778
1.02674
1.02798
1.0272
1.02639
1.02609
1.02655
1.02872
1.02652
1.0269
1.02966
1.02629
1.0275
1.02621
1.02796
1.02676
1.02662
1.02659
1.02743
1.02756
1.02624
1.02626
1.0275
1.0282
1.02827
1.02614
1.02874
1.02694
1.02832
1.02757
1.02766
1.02785
1.02609
1.0269
1.02608
1.02733
1.02591
1.02783
1.02805
1.02769
1.02523
1.0263
1.02657
1.02708
1.02458
1.02683
1.02808
1.0271
1.02779
1.02744
1.02856
1.02538
1.02553
1.0261
1.02645
1.02529
1.0286
1.02696
1.02732
1.02712
1.02633
1.02615
1.02766
1.02709
1.02606
1.02755
1.02775
1.02453
1.02545
1.02578
1.02764
1.02696
1.02511
1.02745
1.02828
1.02815
1.02639
1.02677
1.02711
1.02598
1.02585
1.02524
1.02563
1.02682
1.0265
1.02664
1.02607
1.02709
1.02701
1.02722
1.02902
1.02722
1.02601
1.02738
1.02892
1.02486
1.02664
1.02844
1.02695
1.02564
1.02543
1.02799
1.02769
1.02699
1.02612
1.02722
1.02877
1.02687
1.02675
1.02529
1.02582
1.0266
1.02594
1.02626
1.02921
1.02753
1.0245
1.02663
1.02735
1.02593
1.02467
1.02807
1.02575
1.02739
1.02659
1.0256
1.02694
1.02576
1.02633
1.02516
1.02657
1.025
1.02876
1.02733
1.02632
1.02525
1.02699
1.02545
1.02799
1.0278
1.02703
1.0269
1.0276
1.0272
1.02755
1.02783
1.028
1.02869
1.02581
1.02916
1.02838
1.02826
1.02652
1.02702
1.02659
1.02585
1.02638
1.02585
1.02748
1.02854
1.02473
1.02778
1.02598
1.02684
1.02688
1.02582
1.02654
1.02818
1.02652
1.02734
1.02664
1.02734
1.02681
1.02654
1.02553
1.02668
1.02676
1.02716
1.02691
1.02626
1.02689
1.02719
1.02626
1.02849
1.02871
1.02757
1.02592
1.02499
1.02768
1.02573
1.02429
1.02779
1.02568
1.02903
1.02492
1.0271
1.0269
1.02812
1.027
1.02628
1.02782
1.02841
1.026
1.02706
1.02723
1.02724
1.02631
1.02768
1.02737
1.02722
1.02753
1.02687
1.02741
1.02602
1.02675
1.02606
1.03003
1.028
1.02654
1.02733
1.0258
1.02735
1.02739
1.02822
1.0264
1.02619
1.02792
1.02737
1.02705
1.02794
1.02735
1.02837
1.02614
1.02768
1.02732
1.0277
1.02743
1.0268
1.02761
1.02568
1.02644
1.02676
1.02901
1.02796
1.02642
1.02639
1.02679
1.02704
1.02834
1.02611
1.02465
1.0255
1.0263
1.02783
1.02759
1.0257
1.02674
1.02773
1.02625
1.02793
1.02817
1.02691
1.0267
1.02883
1.02736
1.02576
1.02686
1.02645
1.02693
1.02878
1.02906
1.02689
1.02595
1.02682
1.02739
1.02685
1.02647
1.02811
1.02757
1.02646
1.02546
1.02569
1.02782
1.02916
1.02594
1.028
1.02672
1.02809
1.0263
1.02744
1.0278
1.02636
1.02572
1.0291
1.02829
1.02562
1.02735
1.02772
1.02779
1.02617
1.02817
1.02635
1.02771
1.02843
1.02692
1.02771
1.02652
1.0277
1.02732
1.02781
1.02769
1.02709
1.02771
1.02745
1.02815
1.02744
1.02761
1.0263
1.02707
1.02802
1.02653
1.02584
1.02811
1.02643
1.02849
1.02744
1.02602
1.02645
1.02708
1.02612
1.02722
1.02625
1.02414
1.02777
1.02785
1.02658
1.02807
1.02703
1.0252
1.02812
1.02602
1.02491
1.02897
1.02583
1.02749
1.02728
1.02675
1.02634
1.02839
1.02685
1.02533
1.02803
1.0279
1.0272
1.02558
1.02602
1.02655
1.02842
1.02774
1.02708
1.02947
1.0262
1.0248
1.02662
1.02685
1.02842
1.0274
1.02762
1.02599
1.02765
1.02589
1.02712
1.0293
1.0276
1.02644
1.02686
1.02652
1.0259
1.02802
1.02669
1.02805
1.02791
1.02603
1.02884
1.02625
1.02596
1.02459
1.02593
1.02722
1.02943
1.02838
1.02632
1.02498
1.02644
1.02769
1.02528
1.02586
1.02721
1.02768
1.02749
1.0258
1.02723
1.02759
1.02721
1.02692
1.02665
1.02682
1.02522
1.02804
1.028
1.02642
1.02718
1.02706
1.02573
1.02626
1.02682
1.02759
1.02704
1.02608
1.02743
1.02837
1.02496
1.02754
1.02791
1.02675
1.02629
1.02681
1.02676
1.02765
1.02776
1.02824
1.02665
1.02719
1.02796
1.0268
1.02904
1.02577
1.02704
1.02814
1.0257
1.02704
1.0272
1.02625
1.02716
1.02613
1.02674
1.02655
1.02609
1.02616
1.02623
1.02501
1.02854
1.02587
1.02592
1.02732
1.02804
1.02791
1.02843
1.02666
1.02748
1.02648
1.02684
1.02611
1.02665
1.02743
1.02664
1.02627
1.02637
1.02748
1.02758
1.02931
1.02757
1.02628
1.02654
1.02649
1.02819
1.02799
1.02579
1.02767
1.02801
1.02824
1.02789
1.02792
1.02765
1.02661
1.02661
1.0256
1.02816
1.02644
1.02762
1.02843
1.0282
1.02608
1.02869
1.02889
1.02883
1.02636
1.02593
1.02557
1.02736
1.02812
1.02789
1.02658
1.0272
1.0255
1.02559
1.02765
1.02736
1.02809
1.02767
1.02595
1.02757
1.0261
1.0267
1.0267
1.02745
1.02708
1.02728
1.02798
1.02834
1.02576
1.0269
1.02667
1.02613
1.02668
1.02751
1.02674
1.02752
1.0292
1.02548
1.02525
1.02659
1.02636
1.02755
1.02472
1.02535
1.02807
1.02724
1.02518
1.02638
1.02639
1.02516
1.02531
1.0269
1.02699
1.0288
1.02691
1.02609
1.02841
1.02638
1.02546
1.02637
1.02636
1.0275
1.02684
1.02631
1.02612
1.0263
1.02737
1.02761
1.0273
1.02797
1.02663
1.02657
1.02733
1.02681
1.02711
1.02661
1.02665
1.02709
1.02727
1.02559
1.02749
1.02513
1.02671
1.028
1.02585
1.02607
1.02595
1.02836
1.02633
1.03014
1.02746
1.02663
1.02779
1.02686
1.02728
1.02734
1.02841
1.02628
1.02803
1.02792
1.02754
1.02864
1.02638
1.02656
1.02726
1.02685
1.0277
1.02859
1.02495
1.02746
1.02686
1.027
1.02673
1.02676
1.02726
1.02839
1.02792
1.02621
1.02581
1.02567
1.02713
1.02609
1.02701
1.0261
1.02748
1.02588
1.02807
1.02566
1.0276
1.02806
1.02704
1.02759
1.0289
1.02721
1.02773
1.02884
1.02765
1.02499
1.0274
1.02771
1.02797
1.0272
1.02917
1.02707
1.02738
1.02519
1.02585
1.02579
1.02606
1.02553
1.02786
1.02683
1.02697
1.02712
1.02664
1.02641
1.02661
1.02829
1.02508
1.02658
1.02738
1.02874
1.02679
1.02707
1.0256
1.02631
1.02603
1.02774
1.02629
1.0262
1.02474
1.02736
1.02667
1.02877
1.02765
1.02745
1.02689
1.02651
1.02705
1.02683
1.02715
1.02676
1.02714
1.02785
1.02806
1.02734
1.02772
1.02673
1.02549
1.02877
1.0282
1.02641
1.02816
1.02744
1.02439
1.02705
1.02675
1.02727
1.02792
1.02628
1.0264
1.02837
1.02627
1.02717
1.02609
1.02794
1.02552
1.02709
1.02669
1.02823
1.02777
1.0264
1.02706
1.02857
1.02764
1.02614
1.02722
1.02763
1.02523
1.02629
1.0273
1.02621
1.02739
1.02736
1.02622
1.02493
1.02716
1.02722
1.02551
1.0261
1.02607
1.0262
1.02746
1.02983
1.02625
1.02736
1.02716
1.02771
1.02916
1.02675
1.02573
1.02779
1.02813
1.02748
1.02594
1.02917
1.02746
1.0277
1.02865
1.02815
1.02601
1.02594
1.02737
1.0272
1.02649
1.02724
1.02521
1.02747
1.02818
1.02707
1.02831
1.02665
1.02719
1.02772
1.02705
1.02824
1.02571
1.02755
1.02787
1.02764
1.02767
1.02678
1.02645
1.02744
1.02757
1.02712
1.02635
1.02755
1.029
1.02664
1.02738
1.02817
1.02792
1.02642
1.02616
1.02653
1.02829
1.02761
1.02903
1.02687
1.02669
1.0295
1.02825
1.02762
1.02803
1.02632
1.02763
1.02753
1.02935
1.02598
1.02556
1.02886
1.0271
1.02907
1.02543
1.02638
1.02743
1.02643
1.02636
1.02799
1.02662
1.02671
1.02551
1.02699
1.0274
1.02939
1.02566
1.02624
1.02631
1.02695
1.02648
1.02687
1.02734
1.02813
1.0273
1.02641
1.02484
1.02852
1.03067
1.02735
1.02692
1.0269
1.02582
1.02821
1.02793
1.02676
1.02663
1.02896
1.02766
1.02615
1.02531
1.02624
1.0289
1.02554
1.02881
1.02712
1.02756
1.02783
1.02742
1.02616
1.02565
1.02686
1.02894
1.02826
1.02762
1.02721
1.02699
1.02866
1.0267
1.02679
1.02832
1.02705
1.02644
1.02884
1.02624
1.02647
1.02804
1.0266
1.02642
1.02921
1.02656
1.02554
1.02598
1.02766
1.02619
1.02444
1.02926
1.0279
1.02753
1.0281
1.02628
1.02736
1.02602
1.02694
1.02751
1.02713
1.02724
1.02657
1.02464
1.027
1.02571
1.02832
1.02647
1.02777
1.02624
1.02697
1.02803
1.0258
1.02686
1.02703
1.02853
1.0271
1.02698
1.02864
1.02817
1.02672
1.02759
1.02487
1.02638
1.0274
1.02868
1.02663
1.02767
1.02719
1.02638
1.02624
1.026
1.0251
1.02648
1.02652
1.02623
1.02646
1.02684
1.02758
1.02935
1.02558
1.02652
1.02592
1.02902
1.02811
1.02662
1.0272
1.02758
1.02699
1.02674
1.02845
1.02805
1.02803
1.02838
1.02581
1.02744
1.0293
1.02715
1.02643
1.02722
1.02726
1.02879
1.02669
1.02649
1.02514
1.02715
1.02841
1.02606
1.02719
1.02766
1.02829
1.02616
1.02578
1.02647
1.02691
1.02602
1.02676
1.02697
1.02789
1.0271
1.02744
1.02696
1.02521
1.0277
1.02593
1.0267
1.02833
1.02665
1.0274
1.02782
1.02797
1.02737
1.02628
1.0286
1.0269
1.02779
1.028
1.02833
1.028
1.02826
1.0266
1.02746
1.02698
1.02599
1.02797
1.02742
1.02737
1.02885
1.02708
1.02586
1.02766
1.02625
1.02745
1.02671
1.02511
1.027
1.02896
1.02739
1.02727
1.02855
1.02727
1.02719
1.02784
1.02753
1.02642
1.02749
1.02803
1.02529
1.02855
1.02627
1.02764
1.02659
1.02653
1.02725
1.02707
1.02833
1.02922
1.02711
1.02743
1.02624
1.02669
1.02572
1.02929
1.02664
1.02672
1.02664
1.02755
1.02784
1.02809
1.02567
1.02616
1.02722
1.0276
1.02678
1.0282
1.02577
1.02785
1.02796
1.02708
1.02669
1.02801
1.02489
1.02479
1.02842
1.02782
1.02941
1.02575
1.02763
1.0277
1.0258
1.02655
1.02586
1.02753
1.0261
1.02679
1.02774
1.02726
1.02663
1.02731
1.02721
1.02707
1.02418
1.027
1.02877
1.0253
1.02626
1.02621
1.02673
1.02884
1.02779
1.02766
1.02653
1.02634
1.02782
1.02582
1.02672
1.02631
1.02667
1.02588
1.02749
1.0287
1.02623
1.02605
1.02642
1.02661
1.02739
1.02611
1.02815
1.0273
1.02634
1.02661
1.02734
1.02598
1.02763
1.02763
1.02688
1.02693
1.02772
1.02671
1.0255
1.02676
1.02856
1.02665
1.02708
1.02824
1.02917
1.02772
1.02506
1.02671
1.02668
1.02776
1.02836
1.02742
1.02732
1.02766
1.02681
1.02692
1.0265
1.02683
1.02599
1.02538
1.02741
1.02735
1.02799
1.02882
1.02675
1.02547
1.02802
1.02665
1.02753
1.02538
1.02631
1.02628
1.02781
1.02419
1.02775
1.02586
1.02636
1.02642
1.02951
1.02751
1.02645
1.02772
1.02606
1.02568
1.02571
1.02747
1.02644
1.02624
1.02649
1.02789
1.0257
1.02739
1.02645
1.0289
1.02819
1.02631
1.02721
1.0253
1.02609
1.02765
1.02775
1.02659
1.02683
1.02708
1.02613
1.0269
1.02857
1.02636
1.02749
1.02626
1.02703
1.02687
1.02666
1.02884
1.02771
1.02688
1.02672
1.02721
1.02736
1.02746
1.02811
1.02816
1.02763
1.02596
1.02754
1.0276
1.029
1.02673
1.02842
1.0254
1.02548
1.02807
1.02857
1.02715
1.02671
1.02506
1.02721
1.02642
1.02729
1.02569
1.02705
1.02888
1.02593
1.02608
1.02748
1.02694
1.0274
1.02664
1.02853
1.02727
1.02785
1.02742
1.02734
1.02742
1.02563
1.02571
1.02579
1.0284
1.0265
1.02723
1.02754
1.02745
1.02559
1.0277
1.02839
1.02776
1.02781
1.02586
1.02801
1.02724
1.02646
1.02739
1.02775
1.02691
1.02913
1.02819
1.02724
1.02727
1.02966
1.02651
1.02846
1.0293
1.02616
1.02716
1.02627
1.02516
1.02732
1.02624
1.02858
1.02777
1.02709
1.02761
1.02511
1.02628
1.02603
1.0273
1.02852
1.02806
1.0275
1.02615
1.02809
1.027
1.02708
1.02922
1.02775
1.02881
1.0264
1.0255
1.02739
1.02527
1.02616
1.02727
1.02822
1.02609
1.02747
1.02836
1.02845
1.02691
1.02725
1.02611
1.02664
1.0268
1.02819
1.02601
1.02759
1.02738
1.02749
1.02555
1.02718
1.0263
1.02633
1.02632
1.02625
1.02632
1.02681
1.02794
1.02606
1.02691
1.02444
1.02625
1.02807
1.02754
1.0284
1.02683
1.02632
1.02468
1.0274
1.02992
1.02854
1.02713
1.02552
1.02616
1.02782
1.02719
1.02719
1.027
1.02717
1.02774
1.02509
1.02723
1.02667
1.02706
1.026
1.02913
1.0274
1.02746
1.02687
1.02736
1.02726
1.02524
1.02701
1.0276
1.02643
1.02715
1.02765
1.02537
1.02691
1.02616
1.026
1.02622
1.0271
1.02805
1.02741
1.02765
1.02726
1.02699
1.02648
1.02793
1.02557
1.02647
1.02732
1.02733
1.02566
1.02633
1.02726
1.02722
1.02574
1.02844
1.02504
1.02679
1.02725
1.02909
1.02726
1.0266
1.02485
1.02768
1.02742
1.02654
1.02721
1.02682
1.0276
1.02618
1.02744
1.02376
1.02515
1.02671
1.02647
1.02717
1.02578
1.0272
1.0279
1.02719
1.02836
1.02759
1.02779
1.02667
1.02697
1.02854
1.02573
1.02838
1.02702
1.02763
1.02731
1.02669
1.02824
1.02587
1.02818
1.02546
1.02682
1.02614
1.02891
1.02794
1.02904
1.02613
1.02753
1.02599
1.02689
1.02783
1.02938
1.02681
1.02926
1.0256
1.02567
1.02698
1.02708
1.02803
1.0299
1.02703
1.027
1.02647
1.02677
1.02722
1.02535
1.02788
1.02747
1.02924
1.02619
1.02745
1.02641
1.02672
1.0263
1.02878
1.02613
1.02689
1.02677
1.02613
1.02779
1.02662
1.02651
1.02749
1.02703
1.02865
1.02576
1.02798
1.02633
1.02782
1.02615
1.02733
1.0252
1.02847
1.0283
1.02673
1.02657
1.02792
1.02598
1.02773
1.02697
1.02621
1.02619
1.02707
1.02764
1.02691
1.02633
1.02829
1.02751
1.02508
1.02725
1.02703
1.02657
1.02841
1.02718
1.02693
1.0284
1.02704
1.02621
1.02612
1.02715
1.02736
1.02983
1.02701
1.02666
1.02489
1.02687
1.02835
1.02571
1.027
1.02636
1.02751
1.02921
1.02864
1.02718
1.02606
1.02833
1.02677
1.02598
1.02618
1.02713
1.02545
1.02705
1.02705
1.02708
1.02634
1.02901
1.02776
1.02792
1.02559
1.02699
1.02594
1.02867
1.02746
1.02632
1.02792
1.02484
1.02641
1.02834
1.02653
1.02853
1.02721
1.02856
1.02643
1.02597
1.0268
1.02773
1.02727
1.02703
1.02787
1.02689
1.0275
1.02827
1.02641
1.02548
1.02785
1.02621
1.02838
1.02706
1.02606
1.02828
1.02689
1.02846
1.02848
1.02657
1.02684
1.02598
1.02638
1.02645
1.02694
1.02606
1.02635
1.02841
1.02498
1.02805
1.02815
1.0275
1.02637
1.02695
1.02652
1.02625
1.02682
1.02726
1.02508
1.02601
1.02856
1.02647
1.02761
1.02536
1.02607
1.02663
1.02615
1.02664
1.02728
1.0252
1.02793
1.02755
1.02616
1.02606
1.02617
1.02785
1.02744
1.02611
1.02721
1.02603
1.02547
1.02783
1.02851
1.02803
1.02802
1.02645
1.02697
1.02797
1.02786
1.02715
1.02563
1.02729
1.02828
1.02586
1.02775
1.02675
1.02784
1.02677
1.02681
1.02666
1.02607
1.02735
1.02484
1.02698
1.02597
1.02849
1.02767
1.02734
1.02698
1.02484
1.02758
1.02701
1.0271
1.02556
1.02607
1.02538
1.02816
1.02451
1.02716
1.02612
1.02619
1.02782
1.02694
1.02779
1.02607
1.02704
1.02783
1.02778
1.02716
1.02774
1.02577
1.02646
1.02737
1.02433
1.02605
1.02683
1.02482
1.02673
1.02592
1.0276
1.02883
1.02749
1.029
1.02682
1.02793
1.02676
1.02688
1.02599
1.02829
1.02588
1.02662
1.02884
1.02617
1.02646
1.02674
1.02655
1.02993
1.02738
1.02848
1.02623
1.02723
1.02656
1.02716
1.02801
1.02564
1.02699
1.0268
1.02848
1.02596
1.02542
1.02925
1.02669
1.02824
1.02829
1.02606
1.02646
1.02763
1.02694
1.02736
1.02786
1.02711
1.0275
1.027
1.02767
1.02765
1.02679
1.02649
1.02777
1.02841
1.02719
1.02652
1.02742
1.02703
1.02923
1.02682
1.02686
1.02854
1.02791
1.02557
1.02721
1.025
1.0268
1.02618
1.02673
1.02519
1.02712
1.02842
1.02592
1.02706
1.02686
1.02615
1.02707
1.02825
1.02575
1.02678
1.02732
1.02804
1.02712
1.02656
1.02609
1.02751
1.02637
1.02728
1.02716
1.02737
1.02744
1.02766
1.02885
1.02792
1.02874
1.02851
1.02611
1.0256
1.0266
1.02677
1.02833
1.0267
1.02619
1.02642
1.02699
1.02764
1.02553
1.0277
1.0266
1.0287
1.02759
1.02696
1.02684
1.02877
1.0284
1.02878
1.02726
1.02591
1.02788
1.0273
1.02513
1.02779
1.02552
1.0272
1.02815
1.026
1.0258
1.02633
1.02751
1.02753
1.02481
1.02657
1.02639
1.02854
1.0264
1.02625
1.02712
1.02814
1.02666
1.02909
1.02707
1.02689
1.02735
1.02702
1.02744
1.0261
1.02942
1.02581
1.02728
1.02653
1.02685
1.02551
1.02554
1.02792
1.02703
1.02904
1.02563
1.0288
1.02561
1.02693
1.02719
1.02746
1.02671
1.02502
1.02628
1.02689
1.02875
1.0264
1.02928
1.02691
1.02539
1.02675
1.0261
1.02527
1.02729
1.02666
1.0267
1.02655
1.02652
1.02606
1.02661
1.02727
1.02647
1.02738
1.02722
1.02584
1.02727
1.02771
1.02569
1.02593
1.02803
1.026
1.0292
1.02771
1.02638
1.02761
1.02686
1.02822
1.02658
1.0263
1.02768
1.02774
1.02677
1.02767
1.02635
1.02768
1.02683
1.02741
1.02572
1.02766
1.02797
1.02973
1.02793
1.02556
1.02838
1.02732
1.02703
1.02699
1.0286
1.02579
1.02642
1.02597
1.02807
1.02623
1.02846
1.0261
1.02673
1.02666
1.02716
1.02633
1.0283
1.02652
1.02769
1.02904
1.02625
1.02566
1.0279
1.02721
1.02769
1.02833
1.02596
1.02722
1.02816
1.02627
1.02668
1.02795
1.02506
1.02708
1.02709
1.02718
1.02783
1.02596
1.02691
1.02747
1.02692
1.02622
1.02651
1.02676
1.02794
1.02748
1.02549
1.02628
1.02631
1.02444
1.02655
1.02792
1.02669
1.0255
1.02619
1.02782
1.02687
1.02661
1.02698
1.02673
1.02794
1.02549
1.0264
1.02732
1.02592
1.02785
1.02764
1.02832
1.02823
1.02711
1.02687
1.0274
1.02748
1.02691
1.02756
1.02685
1.02685
1.02614
1.02682
1.02778
1.02603
1.02759
1.02754
1.02838
1.02684
1.02731
1.02764
1.02699
1.02627
1.02625
1.02789
1.02522
1.02597
1.02872
1.02737
1.02672
1.02586
1.02765
1.02647
1.02719
1.02605
1.02704
1.02888
1.02812
1.02563
1.02716
1.02994
1.02857
1.02831
1.02751
1.0268
1.02881
1.02736
1.02623
1.02601
1.02778
1.02764
1.02603
1.02858
1.02697
1.02683
1.02521
1.0273
1.02743
1.02704
1.02615
1.02799
1.02633
1.0267
1.027
1.02677
1.02733
1.02741
1.02538
1.02889
1.02614
1.02526
1.02693
1.02826
1.02567
1.02612
1.02759
1.0255
1.02617
1.02588
1.02805
1.02795
1.02802
1.02829
1.02685
1.02813
1.02733
1.02638
1.02626
1.02794
1.02783
1.02819
1.02825
1.02535
1.0275
1.0277
1.02769
1.02799
1.02572
1.02596
1.02768
1.02685
1.02532
1.02726
1.02692
1.02829
1.02656
1.02608
1.02668
1.02738
1.02803
1.02768
1.0264
1.02874
1.02783
1.02738
1.02778
1.02733
1.0265
1.02585
1.02631
1.02726
1.02604
1.02737
1.02717
1.02823
1.02626
1.02633
1.02691
1.02709
1.02819
1.02892
1.02758
1.02553
1.0265
1.02639
1.02551
1.02825
1.02694
1.02628
1.0277
1.02911
1.02637
1.02588
1.02719
1.02759
1.02873
1.02704
1.0264
1.02707
1.02656
1.02606
1.02705
1.02707
1.02699
1.02847
1.0263
1.02701
1.02813
1.02662
1.02611
1.02473
1.02676
1.02741
1.027
1.02779
1.02603
1.02573
1.02475
1.02728
1.02937
1.02621
1.02581
1.02753
1.0269
1.02675
1.02716
1.02604
1.02721
1.02605
1.02904
1.02773
1.02745
1.02787
1.02723
1.02654
1.02803
1.02786
1.02667
1.02599
1.02678
1.02798
1.02539
1.02619
1.02765
1.02712
1.02633
1.02763
1.02595
1.026
1.02816
1.02972
1.0264
1.02603
1.02687
1.02674
1.02684
1.02776
1.02762
1.02712
1.02741
1.02778
1.02737
1.0272
1.02646
1.02534
1.02664
1.02931
1.02728
1.02743
1.02756
1.02693
1.02668
1.02657
1.0269
1.02478
1.0274
1.02821
1.02659
1.027
1.02614
1.02547
1.02493
1.02636
1.02567
1.02712
1.02878
1.02718
1.02682
1.02701
1.0273
1.02879
1.02583
1.02727
1.02668
1.02743
1.02671
1.02696
1.02687
1.02751
1.02676
1.02639
1.02705
1.0264
1.02725
1.02665
1.02567
1.02555
1.02726
1.02693
1.02722
1.02697
1.02744
1.02605
1.02862
1.02811
1.02667
1.02717
1.02804
1.02873
1.02725
1.02566
1.02931
1.0291
1.02891
1.02677
1.02543
1.02727
1.02786
1.02821
1.02664
1.02791
1.02657
1.02615
1.0274
1.02799
1.02577
1.02628
1.02494
1.02788
1.02754
1.02566
1.02469
1.02757
1.02836
1.02746
1.02818
1.0272
1.02703
1.02895
1.02853
1.02877
1.02686
1.02649
1.02767
1.02672
1.02843
1.02745
1.02702
1.0268
1.02646
1.02909
1.02434
1.02717
1.02885
1.02773
1.02522
1.02633
1.02751
1.02566
1.02739
1.02711
1.02661
1.02779
1.02689
1.02607
1.02694
1.02608
1.02935
1.02908
1.02507
1.02778
1.02658
1.02576
1.02666
1.02739
1.0285
1.0272
1.02737
1.02688
1.02606
1.02538
1.02865
1.02686
1.02675
1.02619
1.02636
1.02798
1.02754
1.02665
1.02853
1.02512
1.02538
1.02482
1.02718
1.02723
1.02665
1.02602
1.02531
1.02803
1.02848
1.02667
1.02672
1.02791
1.0276
1.02403
1.0267
1.02753
1.02707
1.02696
1.02742
1.02609
1.02721
1.02732
1.02511
1.02678
1.02643
1.02586
1.02609
1.02826
1.02644
1.0261
1.02545
1.02775
1.02621
1.02703
1.02724
1.02694
1.02718
1.0263
1.02564
1.0288
1.02718
1.02691
1.02705
1.02795
1.02728
1.02685
1.0273
1.02578
1.02568
1.02735
1.02724
1.02721
1.02641
1.02799
1.02592
1.02839
1.02711
1.02482
1.02594
1.02732
1.02755
1.02706
1.02795
1.02793
1.02813
1.02576
1.0268
1.0265
1.02643
1.02969
1.02762
1.02709
1.0253
1.02585
1.02453
1.02667
1.02835
1.0252
1.02669
1.0265
1.02593
1.02724
1.02831
1.02572
1.02765
1.02416
1.02908
1.02598
1.02781
1.02659
1.0299
1.02666
1.02665
1.02677
1.02433
1.02689
1.0277
1.02742
1.02592
1.02679
1.02778
1.02841
1.02632
1.02759
1.02807
1.02599
1.02822
1.02685
1.02947
1.0261
1.0261
1.02621
1.02814
1.0268
1.02619
1.02931
1.02935
1.02777
1.02849
1.02715
1.02561
1.02716
1.0292
1.02699
1.02574
1.02768
1.02666
1.02736
1.02635
1.02914
1.02908
1.0257
1.02645
1.02477
1.02766
1.02645
1.02859
1.02801
1.02426
1.02579
1.02605
1.02504
1.0253
1.02636
1.02884
1.02704
1.02738
1.02756
1.02775
1.02668
1.027
1.02608
1.0277
1.02598
1.02759
1.026
1.02785
1.02675
1.02686
1.02778
1.02839
1.02621
1.02753
1.02733
1.02609
1.02646
1.02598
1.02992
1.02668
1.02715
1.02524
1.02671
1.02733
1.02592
1.02763
1.02797
1.0257
1.027
1.02663
1.02749
1.02819
1.0259
1.0276
1.02389
1.02749
1.02724
1.02701
1.02755
1.02687
1.02625
1.02689
1.0266
1.02811
1.02715
1.02813
1.02753
1.02747
1.02682
1.02756
1.026
1.02617
1.02888
1.02709
1.02741
1.02573
1.02697
1.02707
1.0263
1.02611
1.02727
1.02847
1.02742
1.02683
1.02731
1.02552
1.02714
1.02758
1.02618
1.02685
1.02738
1.02752
1.02628
1.02515
1.02729
1.02572
1.02789
1.02699
1.02585
1.02808
1.02565
1.02647
1.02677
1.02628
1.0258
1.02756
1.02613
1.02704
1.02732
1.02905
1.02691
1.02857
1.0259
1.02532
1.02699
1.02591
1.02622
1.02741
1.0266
1.0279
1.02695
1.02903
1.02698
1.02779
1.02857
1.02695
1.02912
1.02723
1.02703
1.02781
1.02543
1.02813
1.02798
1.02637
1.02749
1.02591
1.02782
1.02721
1.02845
1.02665
1.02708
1.02703
1.02943
1.02771
1.02636
1.02665
1.02633
1.02683
1.02594
1.02684
1.02703
1.02614
1.02444
1.02675
1.02795
1.0277
1.0271
1.0264
1.02735
1.02789
1.02684
1.02768
1.02584
1.02513
1.02483
1.02687
1.02638
1.02742
1.02758
1.02852
1.02638
1.02691
1.0262
1.0272
1.02681
1.02598
1.0276
1.02811
1.02534
1.02783
1.02721
1.0259
1.02627
1.02623
1.02857
1.02536
1.02557
1.02566
1.02763
1.02818
1.02754
1.02801
1.02709
1.02717
1.02702
1.02727
1.02877
1.0269
1.02708
1.02789
1.02659
1.02642
1.02467
1.0268
1.02635
1.027
1.02788
1.02687
1.02713
1.02858
1.02768
1.02657
1.02894
1.02647
1.02523
1.02583
1.02941
1.02601
1.02784
1.02651
1.02758
1.02806
1.02553
1.02819
1.02561
1.02724
1.02794
1.02766
1.02795
1.02715
1.02723
1.02704
1.0273
1.02587
1.02605
1.02888
1.02947
1.02574
1.02549
1.02664
1.02556
1.02686
1.02712
1.02513
1.02833
1.02757
1.02798
1.02801
1.0287
1.02703
1.02784
1.02771
1.02604
1.02564
1.02693
1.02692
1.02793
1.02708
1.02702
1.02693
1.02684
1.02691
1.02916
1.02464
1.02694
1.02807
1.0258
1.02776
1.02826
1.02609
1.02591
1.02733
1.02714
1.02743
1.02767
1.02793
1.02813
1.02658
1.02657
1.02759
1.02785
1.02514
1.02657
1.02682
1.02747
1.02802
1.02727
1.02652
1.0264
1.02697
1.02743
1.0272
1.02735
1.02694
1.0256
1.02609
1.02756
1.02749
1.02771
1.02669
1.02705
1.02764
1.02519
1.02845
1.02639
1.02843
1.02691
1.02797
1.02621
1.02586
1.02659
1.02736
1.02593
1.02682
1.02651
1.02787
1.02711
1.02722
1.0276
1.02625
1.02632
1.02621
1.02774
1.02828
1.027
1.02704
1.02757
1.0281
1.02685
1.02731
1.02666
1.02491
1.02783
1.02808
1.02617
1.027
1.02708
1.02733
1.02891
1.02737
1.02653
1.0264
1.02663
1.02808
1.02635
1.02618
1.02775
1.02624
1.0274
1.02604
1.02547
1.02565
1.02804
1.02452
1.02745
1.02653
1.02804
1.02759
1.02809
1.02747
1.02554
1.0274
1.02714
1.02671
1.02801
1.02642
1.0274
1.02769
1.02792
1.0277
1.0278
1.0267
1.0264
1.02747
1.02526
1.02527
1.02682
1.0284
1.02861
1.02863
1.02719
1.02572
1.02661
1.02724
1.028
1.02552
1.02886
1.02733
1.027
1.02699
1.02559
1.02596
1.02672
1.02718
1.02627
1.02638
1.02852
1.02556
1.02758
1.02747
1.02775
1.02694
1.02911
1.02875
1.02607
1.0255
1.02672
1.02659
1.02687
1.02705
1.0275
1.02828
1.02645
1.02784
1.02569
1.0272
1.02958
1.02602
1.02688
1.02881
1.02548
1.02763
1.02568
1.02697
1.02767
1.02722
1.02699
1.02763
1.02703
1.02834
1.02638
1.02816
1.02721
1.02728
1.02853
1.02742
1.02744
1.02552
1.02665
1.02756
1.02915
1.02574
1.02824
1.02714
1.02645
1.02646
1.02701
1.02783
1.02795
1.02742
1.02763
1.02969
1.02791
1.02706
1.02665
1.02549
1.02754
1.02716
1.02866
1.02615
1.0272
1.02774
1.02632
1.02735
1.0276
1.02667
1.02728
1.02714
1.02743
1.02678
1.02747
1.02933
1.02637
1.02788
1.02672
1.02646
1.02382
1.02606
1.02638
1.0272
1.02692
1.02576
1.02823
1.02702
1.02697
1.02878
1.02697
1.0276
1.02627
1.02542
1.02713
1.02627
1.02547
1.02736
1.02836
1.02726
1.02687
1.02611
1.02838
1.028
1.02502
1.02759
1.02622
1.02646
1.02876
1.02611
1.02698
1.02655
1.02735
1.02949
1.02523
1.02654
1.02602
1.02997
1.02649
1.02513
1.02826
1.02702
1.02584
1.02629
1.0273
1.02782
1.02765
1.02701
1.02571
1.02667
1.02667
1.026
1.02643
1.02524
1.02546
1.02661
1.02527
1.02764
1.02699
1.02793
1.02576
1.02903
1.02764
1.02471
1.02823
1.02923
1.02741
1.02684
1.02616
1.02623
1.02537
1.0268
1.0279
1.02659
1.02714
1.02804
1.027
1.02637
1.02585
1.02717
1.02647
1.02542
1.02593
1.02724
1.02835
1.02678
1.0266
1.02703
1.02512
1.02805
1.02785
1.02881
1.02896
1.02727
1.02589
1.02695
1.02762
1.02632
1.02676
1.02688
1.02771
1.02628
1.02735
1.02769
1.02722
1.02588
1.02495
1.02652
1.02793
1.02655
1.02714
1.02596
1.02604
1.02654
1.02762
1.02693
1.02574
1.02728
1.02718
1.02872
1.02717
1.02718
1.02648
1.02702
1.02767
1.02661
1.02626
1.02605
1.02753
1.02738
1.02849
1.02752
1.02763
1.02748
1.02616
1.02672
1.02433
1.02725
1.02871
1.02692
1.02757
1.02668
1.02983
1.02925
1.02607
1.02581
1.02589
1.02746
1.02776
1.02683
1.02738
1.02727
1.0257
1.02764
1.02736
1.02734
1.02808
1.02624
1.02762
1.02723
1.02729
1.02825
1.02819
1.02644
1.02721
1.02635
1.02574
1.02716
1.02451
1.0263
1.02473
1.02764
1.02629
1.02645
1.02581
1.02766
1.02687
1.02788
1.02696
1.02721
1.02676
1.02669
1.02716
1.02759
1.02789
1.02813
1.02479
1.0278
1.02688
1.02861
1.02906
1.02706
1.02694
1.02656
1.02807
1.02701
1.02559
1.02747
1.02523
1.0276
1.02989
1.0263
1.02764
1.02937
1.02677
1.02834
1.0255
1.02625
1.02767
1.02811
1.02728
1.0301
1.02834
1.02698
1.0275
1.02857
1.02809
1.0267
1.02719
1.02682
1.02618
1.02561
1.02512
1.02729
1.02808
1.02863
1.02644
1.02667
1.02508
1.02617
1.02471
1.02768
1.02508
1.02714
1.02798
1.02812
1.02813
1.02643
1.02815
1.02793
1.02819
1.02696
1.02657
1.02707
1.02531
1.02641
1.02678
1.02661
1.02763
1.02604
1.02557
1.02577
1.02858
1.02787
1.02853
1.02746
1.02883
1.02812
1.02674
1.02695
1.02759
1.02745
1.02621
1.02478
1.02632
1.02702
1.02848
1.02797
1.02709
1.02778
1.02793
1.02643
1.02603
1.02802
1.02813
1.02687
1.02512
1.02626
1.02799
1.02732
1.02569
1.02906
1.02744
1.02629
1.0261
1.02646
1.02619
1.02749
1.02788
1.02706
1.02598
1.02472
1.02758
1.02749
1.02673
1.02696
1.02793
1.02768
1.02875
1.02692
1.02555
1.02793
1.02578
1.02695
1.02851
1.02631
1.0264
1.02765
1.026
1.02829
1.02676
1.02731
1.02794
1.02685
1.02938
1.02566
1.02595
1.025
1.02547
1.02689
1.02731
1.02715
1.02712
1.02594
1.02903
1.02735
1.0264
1.02716
1.02626
1.02643
1.02779
1.02866
1.02747
1.02738
1.02824
1.02629
1.02752
1.02563
1.0264
1.02634
1.02689
1.02576
1.02625
1.02882
1.02697
1.0281
1.02781
1.02773
1.028
1.02911
1.02693
1.0271
1.02748
1.0285
1.0268
1.02689
1.02612
1.02887
1.02596
1.02614
1.02733
1.02855
1.02673
1.0272
1.02536
1.02431
1.02623
1.02583
1.02598
1.02649
1.02704
1.02739
1.02618
1.02699
1.02454
1.02649
1.02702
1.0263
1.02685
1.02731
1.02731
1.02874
1.02558
1.02745
1.02654
1.02561
1.02688
1.02674
1.02877
1.02609
1.02656
1.02877
1.0275
1.0277
1.0289
1.02653
1.02833
1.02627
1.02847
1.02788
1.0276
1.02743
1.0279
1.02807
1.0292
1.02728
1.02774
1.02703
1.02651
1.02719
1.02813
1.02682
1.02623
1.02541
1.0264
1.02609
1.02767
1.02732
1.02623
1.02678
1.02612
1.02831
1.02722
1.02587
1.02657
1.02637
1.02872
1.02623
1.02744
1.02543
1.02615
1.02604
1.02648
1.02619
1.02702
1.02714
1.02819
1.02723
1.0263
1.0257
1.0262
1.02673
1.02822
1.02797
1.02824
1.02793
1.02706
1.02809
1.02692
1.0272
1.02712
1.02923
1.02541
1.02904
1.02636
1.02771
1.02723
1.02628
1.02745
1.02655
1.02511
1.02767
1.02657
1.02667
1.02694
1.02533
1.02665
1.0277
1.02697
1.0281
1.02729
1.02651
1.02756
1.02725
1.02602
1.02815
1.02575
1.02713
1.02757
1.02638
1.02917
1.02659
1.02665
1.0256
1.02824
1.02789
1.02743
1.0268
1.02707
1.02965
1.02667
1.02718
1.02698
1.026
1.02832
1.02736
1.02672
1.02562
1.02766
1.02828
1.02709
1.02816
1.02897
1.02695
1.02715
1.02833
1.02919
1.02716
1.02707
1.02667
1.02569
1.02689
1.02842
1.02576
1.02763
1.02677
1.0275
1.02594
1.0264
1.02715
1.02711
1.02507
1.02625
1.0274
1.0277
1.02496
1.02619
1.0274
1.02692
1.02666
1.02795
1.02786
1.02753
1.02708
1.02873
1.02707
1.02924
1.02841
1.02544
1.02779
1.02579
1.02608
1.02587
1.02638
1.02793
1.02735
1.02989
1.0258
1.02633
1.02852
1.02742
1.02669
1.02655
1.02811
1.02807
1.02674
1.02666
1.02862
1.02683
1.02706
1.02748
1.02667
1.02624
1.02823
1.02749
1.02855
1.02751
1.02775
1.02565
1.0262
1.02588
1.02637
1.02918
1.02553
1.02739
1.02659
1.02637
1.0293
1.02743
1.02704
1.02676
1.02658
1.02983
1.02674
1.02625
1.02847
1.02777
1.02669
1.02684
1.02811
1.02761
1.02698
1.02686
1.02737
1.02603
1.0283
1.02872
1.02608
1.02649
1.02594
1.0255
1.02623
1.02869
1.02662
1.02516
1.02827
1.02748
1.02665
1.02771
1.0276
1.02654
1.02688
1.02782
1.02596
1.02746
1.02629
1.02691
1.02647
1.02535
1.0267
1.02726
1.02725
1.02654
1.02642
1.02724
1.02855
1.02502
1.02808
1.02665
1.02821
1.02607
1.02615
1.02658
1.02765
1.02736
1.02775
1.02687
1.02653
1.02716
1.0281
1.02714
1.02644
1.02814
1.02704
1.02674
1.02655
1.02529
1.02579
1.02819
1.02648
1.02659
1.02607
1.02576
1.02531
1.02703
1.02654
1.02831
1.02706
1.02675
1.02749
1.02752
1.02756
1.02875
1.02794
1.0264
1.0262
1.02737
1.02774
1.02648
1.02627
1.02682
1.02765
1.02712
1.02701
1.02814
1.0259
1.02606
1.02606
1.02634
1.02706
1.0283
1.02679
1.02836
1.02651
1.02537
1.02536
1.02685
1.02854
1.02609
1.02563
1.02554
1.02779
1.02793
1.02786
1.02755
1.02714
1.02629
1.02858
1.02921
1.02873
1.02763
1.02783
1.02611
1.02725
1.02744
1.02588
1.02601
1.02701
1.02792
1.02714
1.02652
1.02844
1.02698
1.02716
1.02802
1.02579
1.02573
1.02729
1.02556
1.02788
1.02656
1.02742
1.02726
1.02767
1.02672
1.02742
1.02913
1.02667
1.02561
1.0276
1.02673
1.02711
1.02809
1.02812
1.02805
1.02833
1.02513
1.02895
1.0276
1.02684
1.02581
1.0262
1.0281
1.02707
1.02585
1.02605
1.02622
1.02724
1.02666
1.02713
1.02611
1.02633
1.02737
1.02705
1.02787
1.02736
1.02688
1.02625
1.02653
1.02635
1.02834
1.02648
1.02617
1.02689
1.02852
1.0284
1.02807
1.02493
1.02759
1.02854
1.02683
1.02791
1.02729
1.02756
1.02604
1.02811
1.02628
1.02673
1.026
1.02649
1.02738
1.02754
1.02514
1.02732
1.0273
1.02763
1.02687
1.02906
1.02878
1.02853
1.02804
1.02632
1.02703
1.02646
1.02791
1.02506
1.02876
1.02646
1.0269
1.02711
1.02674
1.02738
1.02549
1.0276
1.02481
1.02709
1.02635
1.02601
1.02744
1.02671
1.02703
1.0259
1.02678
1.02709
1.02526
1.02772
1.02943
1.02785
1.02714
1.02556
1.02856
1.02608
1.02539
1.02806
1.02659
1.02812
1.02848
1.02631
1.02752
1.02661
1.02649
1.02737
1.02687
1.02762
1.02844
1.02645
1.02752
1.02751
1.02748
1.02636
1.02741
1.02741
1.02681
1.02668
1.02691
1.02768
1.02688
1.0257
1.02494
1.02724
1.02568
1.0278
1.02842
1.02511
1.02829
1.02808
1.02739
1.02731
1.02616
1.02712
1.02587
1.0279
1.02762
1.02604
1.02551
1.02916
1.02587
1.02619
1.028
1.02874
1.02653
1.02736
1.02684
1.02655
1.02643
1.02569
1.02583
1.02897
1.02758
1.0261
1.02634
1.02587
1.02669
1.02407
1.02904
1.02626
1.02627
1.02767
1.02552
1.02618
1.028
1.02645
1.02591
1.02793
1.02885
1.02771
1.02997
1.02499
1.02651
1.02674
1.02559
1.0283
1.02827
1.02632
1.0286
1.0277
1.02728
1.02714
1.02564
1.02536
1.02709
1.02649
1.02633
1.0276
1.02794
1.02783
1.02567
1.02785
1.02787
1.02594
1.02694
1.02837
1.02506
1.02721
1.02794
1.02754
1.02632
1.02861
1.02762
1.02834
1.02823
1.02548
1.02545
1.02747
1.02827
1.02719
1.02854
1.02734
1.02636
1.02493
1.02847
1.0279
1.02446
1.02452
1.02851
1.02808
1.02698
1.02705
1.02787
1.02485
1.02659
1.0272
1.02741
1.02786
1.02739
1.02831
1.02729
1.02853
1.02902
1.02748
1.02648
1.02691
1.02748
1.02783
1.02777
1.02777
1.0256
1.02801
1.02709
1.02647
1.02589
1.02572
1.02741
1.02785
1.02708
1.02687
1.02585
1.02624
1.02689
1.02654
1.02881
1.02869
1.02707
1.02688
1.0276
1.02809
1.0271
1.0271
1.02681
1.02864
1.0272
1.02662
1.02555
1.02553
1.02671
1.02638
1.0275
1.027
1.0276
1.027
1.02623
1.02667
1.02856
1.0273
1.02616
1.02857
1.0268
1.02633
1.02671
1.02943
1.02627
1.02741
1.0264
1.02899
1.02631
1.02559
1.02787
1.027
1.02724
1.02767
1.02591
1.02669
1.02554
1.0286
1.02735
1.02593
1.02685
1.02796
1.02681
1.02582
1.02595
1.02749
1.02502
1.02642
1.02732
1.02897
1.02727
1.02586
1.0266
1.02697
1.02612
1.02745
1.02764
1.0272
1.02718
1.02499
1.0276
1.02681
1.02483
1.02552
1.02811
1.02548
1.02712
1.02714
1.02616
1.02662
1.02824
1.02728
1.02667
1.02591
1.02793
1.02698
1.02608
1.02937
1.02626
1.02727
1.02896
1.02741
1.02444
1.02615
1.02916
1.02671
1.02661
1.02635
1.02782
1.02775
1.02486
1.0274
1.02523
1.02863
1.02784
1.02853
1.02608
1.02939
1.02663
1.02775
1.02537
1.02552
1.02882
1.02951
1.02833
1.02531
1.02724
1.02765
1.02757
1.02809
1.02885
1.02777
1.0275
1.02693
1.02663
1.0268
1.02706
1.02665
1.02713
1.02818
1.02734
1.0267
1.02792
1.02673
1.02764
1.02604
1.02677
1.02646
1.02696
1.02774
1.02729
1.02722
1.0254
1.02558
1.02656
1.02765
1.03014
1.02833
1.0259
1.02753
1.02862
1.02941
1.02757
1.02664
