29
73.01 0.472874 1.00475 0.0023811
73.01 0.472876 1.00453 0.0021546
75.49 0.49076 1.00723 0.0022102
77.98 0.508292 1.00962 0.0023
80.49 0.525321 1.01011 0.0023093
83.02 0.542028 1.02578 0.0024197
85.51 0.557861 1.02191 0.0020266
88.01 0.573211 1.025 0.0021074
90.5 0.587905 1.02278 0.0140521
90.5 0.587898 1.03276 0.0021969
93 0.602155 1.0415 0.021918
93 0.602159 1.03636 0.0027995
95.48 0.615663 1.03509 0.0028912
98.01 0.628986 1.04982 0.0030505
100.5 0.641508 1.03872 0.00314
103 0.653562 1.04753 0.0032905
105.54 0.665249 1.04892 0.0028118
105.54 0.665238 1.05529 0.0093791
105.54 0.665258 1.05285 0.004542
105.54 0.665248 1.05232 0.0069968
105.54 0.665248 1.05691 0.0049105
108.04 0.676303 1.05731 0.0036169
108.04 0.676298 1.05599 0.0062148
108.04 0.676297 1.06036 0.005226
108.04 0.676302 1.06262 0.0071706
113.06 0.696913 1.06383 0.0039212
113.06 0.696937 1.06258 0.0115609
113.06 0.69691 1.07272 0.0058274
113.06 0.696912 1.07308 0.0055662
