104
19.5 0.011079 0.985838 0.0047108
19.99 0.011631 0.987336 0.0031122
19.99 0.01163 0.988068 0.0031096
20.5 0.012217 0.990461 0.0031599
20.5 0.012218 0.989977 0.0031786
21 0.012806 0.984419 0.0032711
21 0.012806 0.992655 0.0032839
21.5 0.013406 0.988955 0.0033329
21.5 0.013406 0.989922 0.0031433
21.5 0.013406 0.992306 0.0031581
22 0.014019 0.985024 0.0032126
22 0.014018 0.989004 0.0032348
22.5 0.014643 0.985992 0.003316
22.5 0.014643 0.987711 0.0033199
22.5 0.014642 0.990258 0.0031053
22.5 0.014643 0.990241 0.0031173
23 0.01528 0.991746 0.0032038
23 0.01528 0.991089 0.0032072
23.51 0.015941 0.989683 0.0032935
23.51 0.015941 0.990834 0.0032986
23.51 0.015941 0.986279 0.002953
23.51 0.015941 0.989537 0.0029565
24 0.016587 0.987 0.0030269
24 0.016588 0.98986 0.0029684
24 0.016587 0.989718 0.0029599
24 0.016588 0.987681 0.0030323
24.5 0.017259 0.982093 0.0031345
24.5 0.017259 0.984585 0.0031402
24.5 0.017259 0.984659 0.0026281
24.5 0.017259 0.983769 0.0026294
25.01 0.017956 0.983413 0.0030781
25.01 0.017956 0.987088 0.0030843
25.01 0.017957 0.985214 0.0034854
25.5 0.018635 0.988575 0.0030381
25.5 0.018636 0.987298 0.0029639
25.5 0.018636 0.986795 0.0030275
25.5 0.018636 0.983694 0.003059
26 0.019341 0.991732 0.0031174
26 0.019341 0.985811 0.0031384
26.51 0.020071 0.986051 0.003049
26.51 0.020071 0.987749 0.0030695
27 0.020783 0.988183 0.0033737
27.5 0.02152 0.987153 0.0031774
28 0.022268 0.987049 0.003299
28 0.022268 0.990888 0.0032964
28.5 0.023026 0.983726 0.0031851
28.5 0.023026 0.987822 0.0031957
29 0.023795 0.99216 0.0032847
29 0.023795 0.989372 0.0032849
29.5 0.024573 0.987636 0.0030549
29.5 0.024584 0.989904 0.0030786
30.01 0.025378 0.988723 0.0032802
30.5 0.026159 0.980954 0.0032663
30.5 0.026159 0.981086 0.003278
31 0.027001 0.975829 0.0032726
30.01 0.025378 0.973136 0.0029451
30.01 0.025377 0.977272 0.0030282
30.5 0.026161 0.980737 0.0031113
30.5 0.026171 0.984609 0.0030982
31 0.026968 0.983069 0.0031201
31 0.026979 0.982179 0.0031484
31.51 0.027813 0.979348 0.0031979
31.51 0.027814 0.983187 0.0031965
32 0.028612 0.980622 0.0026141
32 0.028645 0.986061 0.0032343
32 0.028622 0.981898 0.0031865
32.51 0.029477 0.981049 0.0025357
33.01 0.030321 0.98269 0.0024314
33.5 0.03118 0.979316 0.002618
33.5 0.03118 0.980155 0.0025966
34 0.032018 0.980421 0.0027021
34 0.032018 0.982639 0.0026749
35 0.033784 0.976141 0.0021853
35 0.033784 0.978648 0.0022054
35.51 0.034676 0.980611 0.0021372
35.51 0.034676 0.975891 0.0021432
36 0.03555 0.980143 0.0025338
36 0.03555 0.979578 0.0021666
36.5 0.036479 0.973931 0.0036851
37 0.037391 0.978024 0.0035
37 0.037391 0.975861 0.0034914
38.01 0.039253 0.978489 0.0025791
34.5 0.032913 0.975071 0.0021717
38.01 0.039253 0.979774 0.0025775
38.5 0.040169 0.983774 0.0023761
38.5 0.040168 0.979739 0.0023845
39 0.041082 0.975825 0.0022158
39 0.041109 0.976224 0.0022117
39.51 0.042074 0.980437 0.0021891
39.51 0.042076 0.978723 0.0021819
40 0.043011 0.981149 0.0021938
40 0.04301 0.977942 0.0021844
40.5 0.043972 0.973152 0.0020741
41.01 0.044957 0.97491 0.0020775
41.01 0.044957 0.976012 0.0020583
41.5 0.045912 0.97494 0.002087
41.5 0.045912 0.976662 0.0020511
42 0.046891 0.980328 0.0020667
42 0.046892 0.976832 0.0020836
42.5 0.047878 0.973422 0.0021094
42.5 0.047877 0.974901 0.0021227
43 0.048869 0.975221 0.0018312
43 0.048869 0.979036 0.0018316
43 0.048869 0.976933 0.0018488
